100.0 0.799034
200.0 1.735521
300.0 2.663143
400.0 3.55424
500.0 4.431963
600.0 5.315612
700.0 6.19214
710.0 6.27778
720.0 6.36282
730.0 6.447196
740.0 6.530843
750.0 6.613695
760.0 6.695689
770.0 6.776759
780.0 6.856841
790.0 6.935876
800.0 7.013802
820.0 7.166109
830.0 7.240388
840.0 7.313358
850.0 7.384978
860.0 7.455218
870.0 7.524052
880.0 7.591462
890.0 7.657439
900.0 7.721983
910.0 7.785106
920.0 7.846827
930.0 7.907182
940.0 7.966216
950.0 8.023991
960.0 8.08058
970.0 8.136076
980.0 8.190586
990.0 8.244236
1000.0 8.297172
1100.0 8.835098