-2.3651 0.0
3511.0 1.35
3538.6556 1.36061
3566.3111 1.3712
3593.9667 1.38176
3621.6222 1.39229
3649.2778 1.40279
3676.9333 1.41325
3704.5889 1.42369
3732.2444 1.43408
3759.9 1.44444
3787.5556 1.45476
3815.2111 1.46505
3842.8667 1.47529
3870.5222 1.48548
3898.1778 1.49564
3925.8333 1.50575
3953.4889 1.51581
3981.1444 1.52583
4008.8 1.5358
4036.4556 1.54571
4064.1111 1.55558
4091.7667 1.5654
4119.4222 1.57516
4147.0778 1.58486
4174.7333 1.59452
4202.3889 1.60411
4230.0444 1.61365
4257.7 1.62313
4285.3556 1.63255
4313.0111 1.64191
4340.6667 1.6512
4368.3222 1.66044
4395.9778 1.66961
4423.6333 1.67871
4451.2889 1.68775
4478.9444 1.69673
4506.6 1.70563
4534.2556 1.71447
4561.9111 1.72324
4589.5667 1.73194
4617.2222 1.74057
4644.8778 1.74912
4672.5333 1.75761
4700.1889 1.76602
4727.8444 1.77435
4755.5 1.78261
4783.1556 1.7908
4810.8111 1.79891
4838.4667 1.80694
4866.1222 1.81489
4893.7778 1.82276
4921.4333 1.83056
4949.0889 1.83827
4976.7444 1.8459
5004.4 1.85346
5032.0556 1.86092
5059.7111 1.86831
5087.3667 1.87561
5115.0222 1.88283
5142.6778 1.88996
5170.3333 1.89701
5197.9889 1.90397
5225.6444 1.91084
5253.3 1.91763
5280.9556 1.92432
5308.6111 1.93093
5336.2667 1.93745
5363.9222 1.94388
5391.5778 1.95022
5419.2333 1.95646
5446.8889 1.96262
5474.5444 1.96868
5502.2 1.97465
5529.8556 1.98053
5557.5111 1.98631
5585.1667 1.992
5612.8222 1.99759
5640.4778 2.00309
5668.1333 2.00849
5695.7889 2.01379
5723.4444 2.019
5751.1 2.02411
5778.7556 2.02912
5806.4111 2.03403
5834.0667 2.03885
5861.7222 2.04356
5889.3778 2.04817
5917.0333 2.05269
5944.6889 2.0571
5972.3444 2.06141
6006.72 2.06562