750.0 0.530137223992
850.0 0.600785980977
950.0 0.671454737456
1050.0 0.742135984369
1150.0 0.812825201985
1250.0 0.883519561948
1350.0 0.954217239206
1450.0 1.02491702716
1550.0 1.09561811265
1650.0 1.16631993943
1750.0 1.23702212268
1850.0 1.30772439399
1950.0 1.37842656506
2050.0 1.44912850339
2150.0 1.51983011548
2250.0 1.59053133526
2350.0 1.66123211578
2450.0 1.73193242331
2550.0 1.80263223304
2650.0 1.87333152588
2750.0 1.94403028608
2850.0 2.01472849939
2950.0 2.08542615166
3050.0 2.15612322769
3150.0 2.22681971038
3250.0 2.29751557986
3350.0 2.36821081296
3450.0 2.43890538252
3550.0 2.5095992569
3650.0 2.58029239949
3750.0 2.65098476818
3850.0 2.7216763149
3950.0 2.7923669851
4050.0 2.86305671729
4150.0 2.93374544246
4250.0 3.00443308357
4350.0 3.07511955496
4450.0 3.14580476173
4550.0 3.21648859911
4650.0 3.28717095176
4750.0 3.35785169306
4850.0 3.42853068432
4950.0 3.49920777395
5050.0 3.56988279665
5150.0 3.64055557239
5250.0 3.71122590554
5350.0 3.78189358374
5450.0 3.85255837687
5550.0 3.9232200359
5650.0 3.99387829163
5750.0 4.06453285343
5850.0 4.13518340795
5950.0 4.20582961761
6050.0 4.27647111922
6150.0 4.34710752239
6250.0 4.41773840793
6350.0 4.48836332618
6450.0 4.55898179526
6550.0 4.62959329929
6650.0 4.7001972865
6750.0 4.77079316731
6850.0 4.84138031237
6950.0 4.91195805051
7050.0 4.98252566668
7150.0 5.05308239981
7250.0 5.12362744071
7350.0 5.19415992985
7450.0 5.26467895522
7550.0 5.33518355009
7650.0 5.40567269092
7750.0 5.47614529511
7850.0 5.54660021896
7950.0 5.61703625559
8050.0 5.68745213297
8150.0 5.75784651203
8250.0 5.82821798493
8350.0 5.89856507345
8450.0 5.96888622756
8550.0 6.03917982421
8650.0 6.10944416638
8750.0 6.17967748241
8850.0 6.24987792561
8950.0 6.32004357436
9050.0 6.39017243251
9150.0 6.46026243035
9250.0 6.53031142605
9350.0 6.6003172078
9450.0 6.67027749648
9550.0 6.74018994925
9650.0 6.81005216378
9750.0 6.87986168353
9850.0 6.94961600392
9950.0 7.01931257965
10050.0 7.08894883305
10150.0 7.15852216383
10250.0 7.22802996005
10350.0 7.2974696105
10450.0 7.3668385186
10550.0 7.43613411774
10650.0 7.50535388825
10750.0 7.57449537588
10850.0 7.64355621188
10950.0 7.71253413452
11050.0 7.78142701207
11150.0 7.85023286704
11250.0 7.91894990142
11350.0 7.98757652288
11450.0 8.05611137132
11550.0 8.12455334565
11650.0 8.19290163024
11750.0 8.26115572048
11850.0 8.32931544705
11950.0 8.39738099809
12050.0 8.46535293883
12150.0 8.5332322279
12250.0 8.60102022973
12350.0 8.66871872243
12450.0 8.73632990064
12550.0 8.80385637288
12650.0 8.87130115304
12750.0 8.93866764596
12850.0 9.00595962689