750.0 0.529888058564
850.0 0.600547806729
950.0 0.671208934467
1050.0 0.741871229179
1150.0 0.81253453381
1250.0 0.883198728175
1350.0 0.953863717398
1450.0 1.02452942443
1550.0 1.09519578498
1650.0 1.16586274405
1750.0 1.23653025336
1850.0 1.3071982695
1950.0 1.37786675253
2050.0 1.44853566484
2150.0 1.5192049703
2250.0 1.58987463352
2350.0 1.66054461923
2450.0 1.73121489176
2550.0 1.80188541461
2650.0 1.87255614994
2750.0 1.94322705827
2850.0 2.01389809804
2950.0 2.08456922526
3050.0 2.1552403932
3150.0 2.22591155198
3250.0 2.29658264822
3350.0 2.36725362474
3450.0 2.43792442009
3550.0 2.50859496824
3650.0 2.57926519816
3750.0 2.64993503339
3850.0 2.72060439162
3950.0 2.79127318424
4050.0 2.86194131583
4150.0 2.93260868369
4250.0 3.00327517732
4350.0 3.07394067781
4450.0 3.1446050573
4550.0 3.21526817836
4650.0 3.2859298933
4750.0 3.35659004352
4850.0 3.42724845879
4950.0 3.49790495645
5050.0 3.56855934064
5150.0 3.63921140145
5250.0 3.70986091405
5350.0 3.78050763769
5450.0 3.85115131483
5550.0 3.92179167001
5650.0 3.99242840884
5750.0 4.06306121684
5850.0 4.13368975828
5950.0 4.20431367494
6050.0 4.27493258478
6150.0 4.34554608067
6250.0 4.41615372892
6350.0 4.48675506784
6450.0 4.55734960623
6550.0 4.62793682175
6650.0 4.69851615934
6750.0 4.76908702947
6850.0 4.83964880637
6950.0 4.91020082623
7050.0 4.9807423853
7150.0 5.0512727379
7250.0 5.12179109448
7350.0 5.19229661949
7450.0 5.26278842931
7550.0 5.33326559003
7650.0 5.40372711526
7750.0 5.47417196383
7850.0 5.54459903752
7950.0 5.61500717867
8050.0 5.68539516787
8150.0 5.7557617215
8250.0 5.82610548942
8350.0 5.8964250525
8450.0 5.96671892033
8550.0 6.03698552886
8650.0 6.10722323816
8750.0 6.17743033019
8850.0 6.24760500684
8950.0 6.31774538794
9050.0 6.38784950957
9150.0 6.45791532261
9250.0 6.52794069152
9350.0 6.59792339352
9450.0 6.66786111821
9550.0 6.73775146762
9650.0 6.80759195699
9750.0 6.87738001607
9850.0 6.94711299145
9950.0 7.01678814965
10050.0 7.08640268145
10150.0 7.15595370734
10250.0 7.22543828451
10350.0 7.29485341535
10450.0 7.36419605779
10550.0 7.4334631376
10650.0 7.50265156289
10750.0 7.571758241
10850.0 7.64078009795
10950.0 7.70971410062
11050.0 7.77855728185
11150.0 7.84730676838
11250.0 7.91595981197
11350.0 7.98451382326
11450.0 8.05296640857
11550.0 8.12131540922
11650.0 8.18955894299
11750.0 8.25769544721
11850.0 8.32572372281
11950.0 8.39364297842
12050.0 8.46145287357