-6000.0 -3.0856242091
-5975.0 -3.07467292503
-5950.0 -3.0637190193
-5925.0 -3.05276157587
-5900.0 -3.04179967545
-5875.0 -3.03083239673
-5850.0 -3.01985881762
-5825.0 -3.00887801652
-5800.0 -2.99788907356
-5775.0 -2.98689107191
-5750.0 -2.97588309902
-5725.0 -2.96486424793
-5700.0 -2.95383361848
-5675.0 -2.94279031866
-5650.0 -2.93173346584
-5625.0 -2.92066218804
-5600.0 -2.90957562525
-5575.0 -2.89847292387
-5550.0 -2.88735325662
-5525.0 -2.87621579268
-5500.0 -2.86505973
-5487.5 -2.85947447796
-5475.0 -2.85388428299
-5462.5 -2.84828904966
-5450.0 -2.84268868371
-5437.5 -2.83708309207
-5425.0 -2.83147218291
-5412.5 -2.82585586567
-5400.0 -2.82023405108
-5387.5 -2.81460665119
-5375.0 -2.80897357939
-5362.5 -2.80333475047
-5350.0 -2.79769008059
-5337.5 -2.79203948737
-5325.0 -2.78638288987
-5312.5 -2.78072020861
-5300.0 -2.77505136563
-5287.5 -2.76937628448
-5275.0 -2.76369489024
-5262.5 -2.75800710957
-5250.0 -2.75231287069
-5237.5 -2.74661210344
-5225.0 -2.74090473925
-5212.5 -2.73519071121
-5200.0 -2.72946995403
-5187.5 -2.72374240411
-5175.0 -2.71800799951
-5162.5 -2.71226667998
-5150.0 -2.70651838698
-5137.5 -2.70076306369
-5125.0 -2.695000655
-5112.5 -2.68923110756
-5100.0 -2.68345436973
-5087.5 -2.67767039166
-5075.0 -2.67187912524
-5062.5 -2.66608052412
-5050.0 -2.66027454375
-5037.5 -2.65446114135
-5025.0 -2.64864027589
-5012.5 -2.64281190818
-5000.0 -2.63697600077
-4987.5 -2.63113251804
-4975.0 -2.62528142612
-4962.5 -2.61942269297
-4950.0 -2.61355628831
-4937.5 -2.60768218368
-4925.0 -2.60180035237
-4912.5 -2.59591076948
-4900.0 -2.59001341188
-4887.5 -2.58410825823
-4875.0 -2.57819528892
-4862.5 -2.57227448616
-4850.0 -2.56634583386
-4837.5 -2.56040931773
-4825.0 -2.55446492517
-4812.5 -2.54851264536
-4800.0 -2.54255246917
-4787.5 -2.5365843892
-4775.0 -2.53060839972
-4762.5 -2.52462449673
-4750.0 -2.51863267788
-4737.5 -2.51263294249
-4725.0 -2.50662529153
-4712.5 -2.5006097276
-4700.0 -2.49458625492
-4687.5 -2.48855487932
-4675.0 -2.48251560821
-4662.5 -2.47646845059
-4650.0 -2.47041341699
-4637.5 -2.46435051949
-4625.0 -2.4582797717
-4612.5 -2.45220118869
-4600.0 -2.44611478706
-4587.5 -2.44002058483
-4575.0 -2.43391860149
-4562.5 -2.42780885792
-4550.0 -2.42169137643
-4537.5 -2.41556618069
-4525.0 -2.40943329573
-4512.5 -2.4032927479
-4500.0 -2.39714456488
-4487.5 -2.39098877563
-4475.0 -2.38482541036
-4462.5 -2.37865450055
-4450.0 -2.37247607886
-4437.5 -2.36629017919
-4425.0 -2.36009683656
-4412.5 -2.35389608716
-4400.0 -2.34768796829
-4387.5 -2.34147251836
-4375.0 -2.33524977682
-4362.5 -2.32901978419
-4350.0 -2.32278258199
-4337.5 -2.31653821273
-4325.0 -2.31028671991
-4312.5 -2.30402814793
-4300.0 -2.29776254214
-4287.5 -2.29148994876
-4275.0 -2.28521041488
-4262.5 -2.2789239884
-4250.0 -2.27263071806
-4237.5 -2.26633065337
-4225.0 -2.2600238446
-4212.5 -2.25371034273
-4200.0 -2.24739019946
-4187.5 -2.24106346717
-4175.0 -2.23473019889
-4162.5 -2.22839044825
-4150.0 -2.22204426952
-4137.5 -2.21569171751
-4125.0 -2.20933284758
-4112.5 -2.20296771563
-4100.0 -2.19659637803
-4087.5 -2.19021889164
-4075.0 -2.18383531376
-4062.5 -2.1774457021
-4050.0 -2.17105011477
-4037.5 -2.16464861025
-4025.0 -2.15824124738
-4012.5 -2.15182808528
-4000.0 -2.14540918342
-3987.5 -2.13898460149
-3975.0 -2.13255439948
-3962.5 -2.12611863756
-3950.0 -2.11967737613
-3937.5 -2.11323067577
-3925.0 -2.1067785972
-3912.5 -2.10032120129
-3900.0 -2.09385854902
-3887.5 -2.08739070146
-3875.0 -2.08091771975
-3862.5 -2.07443966508
-3850.0 -2.06795659866
-3837.5 -2.06146858172
-3825.0 -2.05497567548
-3812.5 -2.04847794111
-3800.0 -2.04197543976
-3787.5 -2.03546823246
-3775.0 -2.02895638021
-3762.5 -2.02243994387
-3750.0 -2.01591898417
-3737.5 -2.00939356171
-3725.0 -2.00286373693
-3712.5 -1.9963295701
-3700.0 -1.98979112127
-3687.5 -1.98324845032
-3675.0 -1.97670161688
-3662.5 -1.97015068034
-3650.0 -1.96359569985
-3637.5 -1.95703673427
-3625.0 -1.95047384221
-3612.5 -1.94390708194
-3600.0 -1.93733651146
-3575.0 -1.92418417015
-3550.0 -1.91101727545
-3525.0 -1.89783627878
-3500.0 -1.88464162547
-3475.0 -1.87143375439
-3450.0 -1.85821309767
-3425.0 -1.8449800804
-3400.0 -1.83173512037
-3375.0 -1.81847862785
-3350.0 -1.80521100537
-3325.0 -1.79193264748
-3300.0 -1.77864394065
-3275.0 -1.76534526309
-3250.0 -1.75203698462
-3225.0 -1.73871946656
-3200.0 -1.72539306164
-3175.0 -1.71205811394
-3150.0 -1.69871495886
-3125.0 -1.68536392303
-3100.0 -1.67200532434
-3075.0 -1.65863947192
-3050.0 -1.64526666617
-3025.0 -1.63188719876
-3000.0 -1.61850135271
-2975.0 -1.60510940241
-2950.0 -1.59171161373
-2925.0 -1.57830824405
-2900.0 -1.56489954239
-2875.0 -1.5514857495
-2850.0 -1.53806709796
-2825.0 -1.52464381231
-2800.0 -1.51121610918
-2775.0 -1.4977841974
-2750.0 -1.48434827817
-2725.0 -1.47090854521
-2700.0 -1.45746518487
-2675.0 -1.44401837633
-2650.0 -1.43056829174
-2625.0 -1.41711509639
-2600.0 -1.40365894888
-2575.0 -1.39020000128
-2550.0 -1.37673839932
-2525.0 -1.36327428252
-2500.0 -1.34980778443
-2475.0 -1.33633903276
-2450.0 -1.32286814955
-2425.0 -1.30939525137
-2400.0 -1.29592044949
-2375.0 -1.28244385003
-2350.0 -1.26896555416
-2325.0 -1.25548565824
-2300.0 -1.24200425403
-2275.0 -1.2285214288
-2250.0 -1.21503726556
-2225.0 -1.20155184316
-2200.0 -1.18806523648
-2175.0 -1.17457751659
-2150.0 -1.16108875087
-2125.0 -1.1475990032
-2100.0 -1.13410833407
-2075.0 -1.12061680075
-2050.0 -1.10712445741
-2025.0 -1.09363135527
-2000.0 -1.08013754271
-1975.0 -1.0666430654
-1950.0 -1.05314796647
-1925.0 -1.03965228654
-1900.0 -1.02615606394
-1875.0 -1.01265933474
-1850.0 -0.9991621329
-1825.0 -0.985664490351
-1800.0 -0.972166437123
-1775.0 -0.958668001419
-1750.0 -0.94516920972
-1725.0 -0.931670086871
-1700.0 -0.918170656167
-1675.0 -0.904670939436
-1650.0 -0.89117095712
-1625.0 -0.877670728351
-1600.0 -0.864170271019
-1575.0 -0.850669601848
-1550.0 -0.837168736458
-1525.0 -0.823667689431
-1500.0 -0.81016647437
-1475.0 -0.796665103954
-1450.0 -0.783163589999
-1425.0 -0.769661943505
-1400.0 -0.756160174707
-1375.0 -0.742658293123
-1350.0 -0.729156307596
-1325.0 -0.715654226338
-1300.0 -0.702152056973
-1275.0 -0.688649806568
-1250.0 -0.675147481673
-1225.0 -0.661645088357
-1200.0 -0.648142632236
-1175.0 -0.634640118503
-1150.0 -0.621137551959
-1125.0 -0.607634937039
-1100.0 -0.594132277837
-1075.0 -0.580629578128
-1050.0 -0.567126841392
-1025.0 -0.553624070837
-1000.0 -0.540121269412
-975.0 -0.526618439832
-950.0 -0.513115584592
-925.0 -0.499612705984
-900.0 -0.486109806112
-875.0 -0.472606886905
-850.0 -0.459103950131
-825.0 -0.445600997409
-800.0 -0.432098030222
-775.0 -0.418595049925
-750.0 -0.405092057756
-725.0 -0.391589054845
-700.0 -0.378086042225
-675.0 -0.364583020836
-650.0 -0.351079991534
-625.0 -0.337576955098
-600.0 -0.324073912239
-575.0 -0.310570863599
-550.0 -0.297067809763
-525.0 -0.283564751263
-500.0 -0.270061688578
-475.0 -0.256558622144
-450.0 -0.243055552355
-425.0 -0.229552479567
-400.0 -0.2160494041
-375.0 -0.202546326245
-350.0 -0.189043246263
350.0 0.189043246263
375.0 0.202546326245
400.0 0.2160494041
425.0 0.229552479567
450.0 0.243055552355
475.0 0.256558622144
500.0 0.270061688578
525.0 0.283564751263
550.0 0.297067809763
575.0 0.310570863599
600.0 0.324073912239
625.0 0.337576955098
650.0 0.351079991534
675.0 0.364583020836
700.0 0.378086042225
725.0 0.391589054845
750.0 0.405092057756
775.0 0.418595049925
800.0 0.432098030222
825.0 0.445600997409
850.0 0.459103950131
875.0 0.472606886905
900.0 0.486109806112
925.0 0.499612705984
950.0 0.513115584592
975.0 0.526618439832
1000.0 0.540121269412
1025.0 0.553624070837
1050.0 0.567126841392
1075.0 0.580629578128
1100.0 0.594132277837
1125.0 0.607634937039
1150.0 0.621137551959
1175.0 0.634640118503
1200.0 0.648142632236
1225.0 0.661645088357
1250.0 0.675147481673
1275.0 0.688649806568
1300.0 0.702152056973
1325.0 0.715654226338
1350.0 0.729156307596
1375.0 0.742658293123
1400.0 0.756160174707
1425.0 0.769661943505
1450.0 0.783163589999
1475.0 0.796665103954
1500.0 0.81016647437
1525.0 0.823667689431
1550.0 0.837168736458
1575.0 0.850669601848
1600.0 0.864170271019
1625.0 0.877670728351
1650.0 0.89117095712
1675.0 0.904670939436
1700.0 0.918170656167
1725.0 0.931670086871
1750.0 0.94516920972
1775.0 0.958668001419
1800.0 0.972166437123
1825.0 0.985664490351
1850.0 0.9991621329
1875.0 1.01265933474
1900.0 1.02615606394
1925.0 1.03965228654
1950.0 1.05314796647
1975.0 1.0666430654
2000.0 1.08013754271
2025.0 1.09363135527
2050.0 1.10712445741
2075.0 1.12061680075
2100.0 1.13410833407
2125.0 1.1475990032
2150.0 1.16108875087
2175.0 1.17457751659
2200.0 1.18806523648
2225.0 1.20155184316
2250.0 1.21503726556
2275.0 1.2285214288
2300.0 1.24200425403
2325.0 1.25548565824
2350.0 1.26896555416
2375.0 1.28244385003
2400.0 1.29592044949
2425.0 1.30939525137
2450.0 1.32286814955
2475.0 1.33633903276
2500.0 1.34980778443
2525.0 1.36327428252
2550.0 1.37673839932
2575.0 1.39020000128
2600.0 1.40365894888
2625.0 1.41711509639
2650.0 1.43056829174
2675.0 1.44401837633
2700.0 1.45746518487
2725.0 1.47090854521
2750.0 1.48434827817
2775.0 1.4977841974
2800.0 1.51121610918
2825.0 1.52464381231
2850.0 1.53806709796
2875.0 1.5514857495
2900.0 1.56489954239
2925.0 1.57830824405
2950.0 1.59171161373
2975.0 1.60510940241
3000.0 1.61850135271
3025.0 1.63188719876
3050.0 1.64526666617
3075.0 1.65863947192
3100.0 1.67200532434
3125.0 1.68536392303
3150.0 1.69871495886
3175.0 1.71205811394
3200.0 1.72539306164
3225.0 1.73871946656
3250.0 1.75203698462
3275.0 1.76534526309
3300.0 1.77864394065
3325.0 1.79193264748
3350.0 1.80521100537
3375.0 1.81847862785
3400.0 1.83173512037
3425.0 1.8449800804
3450.0 1.85821309767
3475.0 1.87143375439
3500.0 1.88464162547
3525.0 1.89783627878
3550.0 1.91101727545
3575.0 1.92418417015
3600.0 1.93733651146
3612.5 1.94390708194
3625.0 1.95047384221
3637.5 1.95703673427
3650.0 1.96359569985
3662.5 1.97015068034
3675.0 1.97670161688
3687.5 1.98324845032
3700.0 1.98979112127
3712.5 1.9963295701
3725.0 2.00286373693
3737.5 2.00939356171
3750.0 2.01591898417
3762.5 2.02243994387
3775.0 2.02895638021
3787.5 2.03546823246
3800.0 2.04197543976
3812.5 2.04847794111
3825.0 2.05497567548
3837.5 2.06146858172
3850.0 2.06795659866
3862.5 2.07443966508
3875.0 2.08091771975
3887.5 2.08739070146
3900.0 2.09385854902
3912.5 2.10032120129
3925.0 2.1067785972
3937.5 2.11323067577
3950.0 2.11967737613
3962.5 2.12611863756
3975.0 2.13255439948
3987.5 2.13898460149
4000.0 2.14540918342
4012.5 2.15182808528
4025.0 2.15824124738
4037.5 2.16464861025
4050.0 2.17105011477
4062.5 2.1774457021
4075.0 2.18383531376
4087.5 2.19021889164
4100.0 2.19659637803
4112.5 2.20296771563
4125.0 2.20933284758
4137.5 2.21569171751
4150.0 2.22204426952
4162.5 2.22839044825
4175.0 2.23473019889
4187.5 2.24106346717
4200.0 2.24739019946
4212.5 2.25371034273
4225.0 2.2600238446
4237.5 2.26633065337
4250.0 2.27263071806
4262.5 2.2789239884
4275.0 2.28521041488
4287.5 2.29148994876
4300.0 2.29776254214
4312.5 2.30402814793
4325.0 2.31028671991
4337.5 2.31653821273
4350.0 2.32278258199
4362.5 2.32901978419
4375.0 2.33524977682
4387.5 2.34147251836
4400.0 2.34768796829
4412.5 2.35389608716
4425.0 2.36009683656
4437.5 2.36629017919
4450.0 2.37247607886
4462.5 2.37865450055
4475.0 2.38482541036
4487.5 2.39098877563
4500.0 2.39714456488
4512.5 2.4032927479
4525.0 2.40943329573
4537.5 2.41556618069
4550.0 2.42169137643
4562.5 2.42780885792
4575.0 2.43391860149
4587.5 2.44002058483
4600.0 2.44611478706
4612.5 2.45220118869
4625.0 2.4582797717
4637.5 2.46435051949
4650.0 2.47041341699
4662.5 2.47646845059
4675.0 2.48251560821
4687.5 2.48855487932
4700.0 2.49458625492
4712.5 2.5006097276
4725.0 2.50662529153
4737.5 2.51263294249
4750.0 2.51863267788
4762.5 2.52462449673
4775.0 2.53060839972
4787.5 2.5365843892
4800.0 2.54255246917
4812.5 2.54851264536
4825.0 2.55446492517
4837.5 2.56040931773
4850.0 2.56634583386
4862.5 2.57227448616
4875.0 2.57819528892
4887.5 2.58410825823
4900.0 2.59001341188
4912.5 2.59591076948
4925.0 2.60180035237
4937.5 2.60768218368
4950.0 2.61355628831
4962.5 2.61942269297
4975.0 2.62528142612
4987.5 2.63113251804
5000.0 2.63697600077
5012.5 2.64281190818
5025.0 2.64864027589
5037.5 2.65446114135
5050.0 2.66027454375
5062.5 2.66608052412
5075.0 2.67187912524
5087.5 2.67767039166
5100.0 2.68345436973
5112.5 2.68923110756
5125.0 2.695000655
5137.5 2.70076306369
5150.0 2.70651838698
5162.5 2.71226667998
5175.0 2.71800799951
5187.5 2.72374240411
5200.0 2.72946995403
5212.5 2.73519071121
5225.0 2.74090473925
5237.5 2.74661210344
5250.0 2.75231287069
5262.5 2.75800710957
5275.0 2.76369489024
5287.5 2.76937628448
5300.0 2.77505136563
5312.5 2.78072020861
5325.0 2.78638288987
5337.5 2.79203948737
5350.0 2.79769008059
5362.5 2.80333475047
5375.0 2.80897357939
5387.5 2.81460665119
5400.0 2.82023405108
5412.5 2.82585586567
5425.0 2.83147218291
5437.5 2.83708309207
5450.0 2.84268868371
5462.5 2.84828904966
5475.0 2.85388428299
5487.5 2.85947447796
5500.0 2.86505973
5525.0 2.87621579268
5550.0 2.88735325662
5575.0 2.89847292387
5600.0 2.90957562525
5625.0 2.92066218804
5650.0 2.93173346584
5675.0 2.94279031866
5700.0 2.95383361848
5725.0 2.96486424793
5750.0 2.97588309902
5775.0 2.98689107191
5800.0 2.99788907356
5825.0 3.00887801652
5850.0 3.01985881762
5875.0 3.03083239673
5900.0 3.04179967545
5925.0 3.05276157587
5950.0 3.0637190193
5975.0 3.07467292503
6000.0 3.0856242091