0.0 0.0
310.0 0.267787142864
315.0 0.272044551358
320.0 0.276301641398
325.0 0.280558420105
330.0 0.284814894283
335.0 0.289071070436
340.0 0.293326954785
345.0 0.297582553278
350.0 0.301837871611
355.0 0.306092915236
360.0 0.310347689377
365.0 0.314602199037
370.0 0.318856449013
375.0 0.323110443904
380.0 0.327364188121
385.0 0.331617685893
390.0 0.335870941281
395.0 0.340123958181
400.0 0.344376740331
405.0 0.348629291323
410.0 0.352881614603
415.0 0.357133713483
420.0 0.361385591142
425.0 0.365637250633
430.0 0.36988869489
435.0 0.374139926732
440.0 0.378390948864
445.0 0.382641763887
450.0 0.386892374298
455.0 0.391142782496
460.0 0.395392990784
465.0 0.399643001374
470.0 0.403892816391
475.0 0.408142437872
480.0 0.412391867775
485.0 0.416641107976
490.0 0.420890160277
495.0 0.425139026403
500.0 0.429387708011
505.0 0.433636206686
510.0 0.437884523946
515.0 0.442132661246
520.0 0.446380619976
525.0 0.450628401468
530.0 0.45487600699
535.0 0.459123437757
540.0 0.463370694927
545.0 0.467617779602
550.0 0.471864692835
555.0 0.476111435623
560.0 0.480358008917
565.0 0.484604413619
570.0 0.488850650581
575.0 0.493096720613
580.0 0.497342624478
585.0 0.501588362894
590.0 0.50583393654
595.0 0.510079346049
600.0 0.514324592016
605.0 0.518569674996
610.0 0.522814595505
615.0 0.527059354021
620.0 0.531303950984
625.0 0.535548386799
630.0 0.539792661834
635.0 0.544036776422
640.0 0.548280730865
645.0 0.552524525427
650.0 0.556768160342
655.0 0.56101163581
660.0 0.565254952001
665.0 0.569498109053
670.0 0.573741107073
675.0 0.577983946139
680.0 0.582226626298
685.0 0.58646914757
690.0 0.590711509943
695.0 0.594953713382
700.0 0.599195757819
705.0 0.603437643161
710.0 0.607679369289
715.0 0.611920936057
720.0 0.61616234329
725.0 0.620403590791
730.0 0.624644678335
735.0 0.628885605673
740.0 0.633126372531
745.0 0.637366978611
750.0 0.641607423588
755.0 0.645847707116
760.0 0.650087828823
765.0 0.654327788316
770.0 0.658567585176
775.0 0.662807218964
780.0 0.667046689214
785.0 0.671285995441
790.0 0.675525137136
795.0 0.679764113769
800.0 0.684002924786
805.0 0.688241569613
810.0 0.692480047652
815.0 0.696718358287
820.0 0.700956500878
825.0 0.705194474764
830.0 0.709432279263
835.0 0.713669913673
840.0 0.717907377271
845.0 0.722144669312
850.0 0.726381789033
855.0 0.730618735646
860.0 0.734855508349
865.0 0.739092106314
870.0 0.743328528695
875.0 0.747564774628
880.0 0.751800843225
885.0 0.756036733582
890.0 0.760272444773
895.0 0.764507975852
900.0 0.768743325854
905.0 0.772978493795
910.0 0.777213478671
915.0 0.781448279459
920.0 0.785682895114
925.0 0.789917324575
930.0 0.79415156676
935.0 0.798385620569
940.0 0.80261948488
945.0 0.806853158554
950.0 0.811086640432
955.0 0.815319929338
960.0 0.819553024073
965.0 0.823785923422
970.0 0.828018626149
975.0 0.832251131001
980.0 0.836483436703
985.0 0.840715541965
990.0 0.844947445474
995.0 0.8491791459
1000.0 0.853410641894
1005.0 0.857641932088
1010.0 0.861873015094
1015.0 0.866103889506
1020.0 0.870334553899
1025.0 0.874565006829
1030.0 0.878795246831
1035.0 0.883025272424
1040.0 0.887255082107
1045.0 0.891484674359
1050.0 0.89571404764
1055.0 0.899943200393
1060.0 0.904172131039
1065.0 0.908400837982
1070.0 0.912629319606
1075.0 0.916857574276
1080.0 0.921085600338
1085.0 0.925313396119
1090.0 0.929540959926
1095.0 0.933768290048
1100.0 0.937995384754
1105.0 0.942222242292
1110.0 0.946448860894
1115.0 0.950675238771
1120.0 0.954901374114
1125.0 0.959127265096
1130.0 0.963352909868
1135.0 0.967578306565
1140.0 0.9718034533
1145.0 0.976028348167
1150.0 0.980252989241
1155.0 0.984477374577
1160.0 0.988701502209
1165.0 0.992925370154
1170.0 0.997148976406
1175.0 1.00137231894
1180.0 1.00559539572
1185.0 1.00981820467
1190.0 1.01404074371
1195.0 1.01826301074
1200.0 1.02248500364
1205.0 1.02670672025
1210.0 1.03092815842
1215.0 1.03514931597
1220.0 1.03937019068
1225.0 1.04359078033
1230.0 1.04781108267
1235.0 1.05203109545
1240.0 1.05625081637
1245.0 1.06047024313
1250.0 1.06468937341
1255.0 1.06890820484
1260.0 1.07312673507
1265.0 1.0773449617
1270.0 1.08156288233
1275.0 1.08578049453
1280.0 1.08999779584
1285.0 1.09421478378
1290.0 1.09843145588
1295.0 1.10264780961
1300.0 1.10686384243
1305.0 1.11107955179
1310.0 1.11529493512
1315.0 1.1195099898
1320.0 1.12372471323
1325.0 1.12793910275
1330.0 1.13215315571
1335.0 1.13636686943
1340.0 1.14058024118
1345.0 1.14479326825
1350.0 1.14900594789
1355.0 1.15321827731
1360.0 1.15743025374
1365.0 1.16164187435
1370.0 1.16585313631
1375.0 1.17006403676
1380.0 1.17427457281
1385.0 1.17848474157
1390.0 1.1826945401
1395.0 1.18690396547
1400.0 1.19111301469
1405.0 1.19532168478
1410.0 1.19952997272
1415.0 1.20373787548
1420.0 1.20794538999
1425.0 1.21215251317
1430.0 1.21635924193
1435.0 1.22056557312
1440.0 1.2247715036
1445.0 1.2289770302
1450.0 1.23318214971
1455.0 1.23738685893
1460.0 1.24159115461
1465.0 1.24579503348
1470.0 1.24999849226
1475.0 1.25420152764
1480.0 1.25840413627
1485.0 1.26260631481
1490.0 1.26680805987
1495.0 1.27100936805
1500.0 1.27521023591
1505.0 1.27941066002
1510.0 1.28361063689
1515.0 1.28781016303
1520.0 1.2920092349
1525.0 1.29620784898
1530.0 1.30040600169
1535.0 1.30460368943
1540.0 1.30880090858
1545.0 1.31299765552
1550.0 1.31719392656
1555.0 1.32138971803
1560.0 1.32558502621
1565.0 1.32977984737
1570.0 1.33397417773
1575.0 1.33816801352
1580.0 1.34236135093
1585.0 1.34655418612
1590.0 1.35074651523
1595.0 1.35493833438
1600.0 1.35912963967
1605.0 1.36332042716
1610.0 1.3675106929
1615.0 1.3717004329
1620.0 1.37588964316
1625.0 1.38007831965
1630.0 1.38426645831
1635.0 1.38845405507
1640.0 1.39264110582
1645.0 1.39682760643
1650.0 1.40101355275
1655.0 1.4051989406
1660.0 1.40938376577
1665.0 1.41356802404
1670.0 1.41775171115
1675.0 1.42193482282
1680.0 1.42611735475
1685.0 1.4302993026
1690.0 1.43448066204
1695.0 1.43866142866
1700.0 1.44284159808
1705.0 1.44702116586
1710.0 1.45120012754
1715.0 1.45537847864
1720.0 1.45955621466
1725.0 1.46373333107
1730.0 1.46790982331
1735.0 1.47208568679
1740.0 1.47626091691
1745.0 1.48043550904
1750.0 1.48460945851
1755.0 1.48878276064
1760.0 1.49295541073
1765.0 1.49712740403
1770.0 1.50129873578
1775.0 1.5054694012
1780.0 1.50963939548
1785.0 1.51380871378
1790.0 1.51797735123
1795.0 1.52214530294
1800.0 1.526312564
1805.0 1.53047912947
1810.0 1.53464499438
1815.0 1.53881015374
1820.0 1.54297460253
1825.0 1.5471383357
1830.0 1.55130134819
1835.0 1.5554636349
1840.0 1.55962519071
1845.0 1.56378601047
1850.0 1.56794608901
1855.0 1.57210542113
1860.0 1.57626400161
1865.0 1.58042182519
1870.0 1.5845788866
1875.0 1.58873518054
1880.0 1.59289070167
1885.0 1.59704544465
1890.0 1.6011994041
1895.0 1.60535257461
1900.0 1.60950495075
1905.0 1.61365652706
1910.0 1.61780729806
1915.0 1.62195725824
1920.0 1.62610640207
1925.0 1.63025472399
1930.0 1.63440221841
1935.0 1.63854887973
1940.0 1.6426947023
1945.0 1.64683968046
1950.0 1.65098380852
1955.0 1.65512708078
1960.0 1.65926949149
1965.0 1.66341103488
1970.0 1.66755170517
1975.0 1.67169149654
1980.0 1.67583040315
1985.0 1.67996841913
1990.0 1.68410553859
1995.0 1.68824175561
2000.0 1.69237706425
2005.0 1.69651145855
2010.0 1.7006449325
2015.0 1.70477748008
2020.0 1.70890909526
2025.0 1.71303977197
2030.0 1.7171695041
2035.0 1.72129828555
2040.0 1.72542611016
2045.0 1.72955297178
2050.0 1.73367886419
2055.0 1.73780378119
2060.0 1.74192771652
2065.0 1.74605066393
2070.0 1.75017261712
2075.0 1.75429356976
2080.0 1.75841351552
2085.0 1.76253244803
2090.0 1.7666503609
2095.0 1.77076724771
2100.0 1.77488310202
2105.0 1.77899791736
2110.0 1.78311168725
2115.0 1.78722440518
2120.0 1.7913360646
2125.0 1.79544665895
2130.0 1.79955618165
2135.0 1.8036646261
2140.0 1.80777198565
2145.0 1.81187825365
2150.0 1.81598342342
2155.0 1.82008748826
2160.0 1.82419044144
2165.0 1.8282922762
2170.0 1.83239298579
2175.0 1.83649256339
2180.0 1.84059100218
2185.0 1.84468829534
2190.0 1.84878443598
2195.0 1.85287941722
2200.0 1.85697323215
2205.0 1.86106587384
2210.0 1.86515733532
2215.0 1.86924760962
2220.0 1.87333668974
2225.0 1.87742456865
2230.0 1.88151123931
2235.0 1.88559669465
2240.0 1.88968092758
2245.0 1.89376393099
2250.0 1.89784569775
2255.0 1.9019262207
2260.0 1.90600549267
2265.0 1.91008350646
2270.0 1.91416025484
2275.0 1.91823573059
2280.0 1.92230992645
2285.0 1.92638283512
2290.0 1.93045444931
2295.0 1.9345247617
2300.0 1.93859376494
2305.0 1.94266145168
2310.0 1.94672781453
2315.0 1.95079284608
2320.0 1.95485653892
2325.0 1.9589188856
2330.0 1.96297987866
2335.0 1.96703951061
2340.0 1.97109777397
2345.0 1.97515466121
2350.0 1.97921016479
2355.0 1.98326427715
2360.0 1.98731699072
2365.0 1.9913682979
2370.0 1.99541819108
2375.0 1.99946666264
2380.0 2.00351370491
2385.0 2.00755931025
2390.0 2.01160347095
2395.0 2.01564617932
2400.0 2.01968742765
2405.0 2.02372720818
2410.0 2.02776551319
2415.0 2.03180233488
2420.0 2.03583766548
2425.0 2.03987149718
2430.0 2.04390382217
2435.0 2.0479346326
2440.0 2.05196392064
2445.0 2.05599167841
2450.0 2.06001789802
2455.0 2.06404257159
2460.0 2.0680656912
2465.0 2.07208724893
2470.0 2.07610723683
2475.0 2.08012564694
2480.0 2.08414247129
2485.0 2.08815770191
2490.0 2.09217133078
2495.0 2.09618334991
2500.0 2.10019375126
2505.0 2.10420252679
2510.0 2.10820966845
2515.0 2.11221516819
2520.0 2.11621901791
2525.0 2.12022120953
2530.0 2.12422173495
2535.0 2.12822058605
2540.0 2.13221775471
2545.0 2.13621323279
2550.0 2.14020701215
2555.0 2.14419908461
2560.0 2.14818944202
2565.0 2.1521780762
2570.0 2.15616497894
2575.0 2.16015014206
2580.0 2.16413355733
2585.0 2.16811521654
2590.0 2.17209511146
2595.0 2.17607323385
2600.0 2.18004957547
2605.0 2.18402412804
2610.0 2.18799688332
2615.0 2.19196783303
2620.0 2.19593696888
2625.0 2.19990428259
2630.0 2.20386976586
2635.0 2.20783341039
2640.0 2.21179520787
2645.0 2.21575514998
2650.0 2.21971322841
2655.0 2.22366943481
2660.0 2.22762376087
2665.0 2.23157619823
2670.0 2.23552673856
2675.0 2.2394753735
2680.0 2.2434220947
2685.0 2.2473668938
2690.0 2.25130976244
2695.0 2.25525069225
2700.0 2.25918967486
2705.0 2.26312670189
2710.0 2.26706176498
2715.0 2.27099485573
2720.0 2.27492596578
2725.0 2.27885508673
2730.0 2.2827822102
2735.0 2.28670732781
2740.0 2.29063043116
2745.0 2.29455151186
2750.0 2.29847056154
2755.0 2.30238757179
2760.0 2.30630253422
2765.0 2.31021544046
2770.0 2.3141262821
2775.0 2.31803505076
2780.0 2.32194173806
2785.0 2.3258463356
2790.0 2.32974883501
2795.0 2.33364922791
2800.0 2.3375475059
2805.0 2.34144366063
2810.0 2.34533768371
2815.0 2.34922956678
2820.0 2.35311930147
2825.0 2.35700687942
2830.0 2.36089229227
2835.0 2.36477553167
2840.0 2.36865658928
2845.0 2.37253545675
2850.0 2.37641212574
2855.0 2.38028658792
2860.0 2.38415883498
2865.0 2.38802885859
2870.0 2.39189665045
2875.0 2.39576220225
2880.0 2.39962550569
2885.0 2.4034865525
2890.0 2.40734533439
2895.0 2.41120184309
2900.0 2.41505607035
2905.0 2.41890800791
2910.0 2.42275764752
2915.0 2.42660498097
2920.0 2.43045000003
2925.0 2.43429269649
2930.0 2.43813306215
2935.0 2.44197108883
2940.0 2.44580676834
2945.0 2.44964009253
2950.0 2.45347105326
2955.0 2.45729964237
2960.0 2.46112585175
2965.0 2.46494967328
2970.0 2.46877109888
2975.0 2.47259012046
2980.0 2.47640672995
2985.0 2.4802209193
2990.0 2.48403268048
2995.0 2.48784200546
3000.0 2.49164888625
3005.0 2.49545331485
3010.0 2.49925528329
3015.0 2.50305478362
3020.0 2.50685180791
3025.0 2.51064634823
3030.0 2.5144383967
3035.0 2.51822794542
3040.0 2.52201498655
3045.0 2.52579951222
3050.0 2.52958151464
3055.0 2.53336098599
3060.0 2.5371379185
3065.0 2.5409123044
3070.0 2.54468413595
3075.0 2.54845340545
3080.0 2.5522201052
3085.0 2.55598422753
3090.0 2.55974576478
3095.0 2.56350470934
3100.0 2.5672610536
3105.0 2.57101478999
3110.0 2.57476591094
3115.0 2.57851440895
3120.0 2.5822602765
3125.0 2.58600350611
3130.0 2.58974409034
3135.0 2.59348202177
3140.0 2.59721729298
3145.0 2.60094989662
3150.0 2.60467982534
3155.0 2.60840707182
3160.0 2.61213162879
3165.0 2.61585348897
3170.0 2.61957264515
3175.0 2.62328909012
3180.0 2.62700281671
3185.0 2.63071381779
3190.0 2.63442208624
3195.0 2.63812761499
3200.0 2.641830397
3205.0 2.64553042524
3210.0 2.64922769274
3215.0 2.65292219254
3220.0 2.65661391773
3225.0 2.66030286143
3230.0 2.66398901679
3235.0 2.66767237698
3240.0 2.67135293524
3245.0 2.67503068481
3250.0 2.67870561899
3255.0 2.68237773109
3260.0 2.68604701449
3265.0 2.68971346257
3270.0 2.69337706877
3275.0 2.69703782657
3280.0 2.70069572947
3285.0 2.70435077101
3290.0 2.7080029448
3295.0 2.71165224444
3300.0 2.7152986636
3305.0 2.71894219599
3310.0 2.72258283535
3315.0 2.72622057545
3320.0 2.72985541013
3325.0 2.73348733325
3330.0 2.73711633872
3335.0 2.74074242048
3340.0 2.74436557252
3345.0 2.74798578888
3350.0 2.75160306363
3355.0 2.75521739089
3360.0 2.75882876482
3365.0 2.76243717963
3370.0 2.76604262958
3375.0 2.76964510895
3380.0 2.77324461209
3385.0 2.77684113338
3390.0 2.78043466726
3395.0 2.78402520821
3400.0 2.78761275075
3405.0 2.79119728946
3410.0 2.79477881895
3415.0 2.79835733389
3420.0 2.80193282901
3425.0 2.80550529905
3430.0 2.80907473885
3435.0 2.81264114325
3440.0 2.81620450718
3445.0 2.81976482559
3450.0 2.8233220935
3455.0 2.82687630597
3460.0 2.83042745811
3465.0 2.83397554509
3470.0 2.83752056213
3475.0 2.8410625045
3480.0 2.84460136752
3485.0 2.84813714657
3490.0 2.85166983706
3495.0 2.85519943449
3500.0 2.85872593439
3505.0 2.86224933235
3510.0 2.86576962401
3515.0 2.86928680508
3520.0 2.8728008713
3525.0 2.87631181849
3530.0 2.87981964251
3535.0 2.88332433928
3540.0 2.88682590479
3545.0 2.89032433506
3550.0 2.89381962619
3555.0 2.89731177434
3560.0 2.9008007757
3565.0 2.90428662655
3570.0 2.90776932321
3575.0 2.91124886206
3580.0 2.91472523955
3585.0 2.91819845218
3590.0 2.92166849651
3595.0 2.92513536916
3600.0 2.92859906682
3605.0 2.93205958623
3610.0 2.9355169242
3615.0 2.93897107758
3620.0 2.94242204331
3625.0 2.94586981838
3630.0 2.94931439984
3635.0 2.9527557848
3640.0 2.95619397044
3645.0 2.959628954
3650.0 2.96306073279
3655.0 2.96648930417
3660.0 2.96991466558
3665.0 2.9733368145
3670.0 2.97675574851
3675.0 2.98017146522
3680.0 2.98358396233
3685.0 2.98699323759
3690.0 2.99039928883
3695.0 2.99380211393
3700.0 2.99720171084
3705.0 3.00059807759
3710.0 3.00399121226
3715.0 3.00738111301
3720.0 3.01076777806
3725.0 3.0141512057
3730.0 3.01753139428
3735.0 3.02090834222
3740.0 3.02428204803
3745.0 3.02765251027
3750.0 3.03101972756
3755.0 3.0343836986
3760.0 3.03774442216
3765.0 3.04110189708
3770.0 3.04445612227
3775.0 3.0478070967
3780.0 3.05115481943
3785.0 3.05449928956
3790.0 3.0578405063
3795.0 3.06117846889
3800.0 3.06451317668
3805.0 3.06784462906
3810.0 3.0711728255
3815.0 3.07449776555
3820.0 3.07781944883
3825.0 3.08113787502
3830.0 3.08445304389
3835.0 3.08776495527
3840.0 3.09107360907
3845.0 3.09437900526
3850.0 3.0976811439
3855.0 3.10098002512
3860.0 3.1042756491
3865.0 3.10756801613
3870.0 3.11085712654
3875.0 3.11414298077
3880.0 3.1174255793
3885.0 3.1207049227
3890.0 3.12398101161
3895.0 3.12725384675
3900.0 3.13052342891
3905.0 3.13378975896
3910.0 3.13705283784
3915.0 3.14031266656
3920.0 3.14356924622
3925.0 3.14682257798
3930.0 3.15007266308
3935.0 3.15331950285
3940.0 3.15656309868
3945.0 3.15980345203
3950.0 3.16304056446
3955.0 3.16627443758
3960.0 3.16950507309
3965.0 3.17273247277
3970.0 3.17595663846
3975.0 3.1791775721
3980.0 3.18239527569
3985.0 3.18560975131
3990.0 3.18882100111
3995.0 3.19202902733
4000.0 3.19523383228
4005.0 3.19843541835
4010.0 3.20163378801
4015.0 3.20482894379
4020.0 3.20802088832
4025.0 3.2112096243
4030.0 3.21439515449
4035.0 3.21757748176
4040.0 3.22075660902
4045.0 3.2239325393
4050.0 3.22710527566
4055.0 3.23027482128
4060.0 3.23344117939
4065.0 3.23660435332
4070.0 3.23976434645
4075.0 3.24292116226
4080.0 3.2460748043
4085.0 3.2492252762
4090.0 3.25237258167
4095.0 3.25551672448
4100.0 3.25865770851
4105.0 3.2617955377
4110.0 3.26493021605
4115.0 3.26806174767
4120.0 3.27119013672
4125.0 3.27431538747
4130.0 3.27743750424
4135.0 3.28055649143
4140.0 3.28367235354
4145.0 3.28678509512
4150.0 3.28989472081
4155.0 3.29300123534
4160.0 3.29610464349
4165.0 3.29920495014
4170.0 3.30230216024
4175.0 3.30539627882
4180.0 3.30848731098
4185.0 3.31157526191
4190.0 3.31466013687
4195.0 3.31774194118
4200.0 3.32082068028
4205.0 3.32389635965
4210.0 3.32696898485
4215.0 3.33003856154
4220.0 3.33310509543
4225.0 3.33616859233
4230.0 3.3392290581
4235.0 3.34228649871
4240.0 3.34534092019
4245.0 3.34839232862
4250.0 3.35144073021
4255.0 3.3544861312
4260.0 3.35752853793
4265.0 3.36056795681
4270.0 3.36360439433
4275.0 3.36663785703
4280.0 3.36966835157
4285.0 3.37269588465
4290.0 3.37572046306
4295.0 3.37874209366
4300.0 3.38176078339
4305.0 3.38477653925
4310.0 3.38778936834
4315.0 3.39079927782
4320.0 3.39380627491
4325.0 3.39681036694
4330.0 3.39981156128
4335.0 3.40280986539
4340.0 3.40580528679
4345.0 3.4087978331
4350.0 3.41178751198
4355.0 3.4147743312
4360.0 3.41775829857
4365.0 3.42073942198
4370.0 3.4237177094
4375.0 3.42669316888
4380.0 3.42966580852
4385.0 3.43263563651
4390.0 3.43560266111
4395.0 3.43856689063
4400.0 3.44152833347
4405.0 3.44448699811
4410.0 3.44744289307
4415.0 3.45039602698
4420.0 3.4533464085
4425.0 3.45629404639
4430.0 3.45923894947
4435.0 3.46218112661
4440.0 3.46512058679
4445.0 3.46805733901
4450.0 3.47099139238
4455.0 3.47392275606
4460.0 3.47685143928
4465.0 3.47977745133
4470.0 3.48270080157
4475.0 3.48562149945
4480.0 3.48853955445
4485.0 3.49145497615
4490.0 3.49436777417
4495.0 3.4972779582
4500.0 3.50018553802
4505.0 3.50309052345
4510.0 3.50599292437
4515.0 3.50889275075
4520.0 3.51179001261
4525.0 3.51468472003
4530.0 3.51757688315
4535.0 3.5204665122
4540.0 3.52335361743
4545.0 3.52623820919
4550.0 3.52912029788
4555.0 3.53199989396
4560.0 3.53487700794
4565.0 3.53775165041
4570.0 3.540623832
4575.0 3.54349356343
4580.0 3.54636085546
4585.0 3.5492257189
4590.0 3.55208816463
4595.0 3.5549482036
4600.0 3.5578058468
4605.0 3.56066110529
4610.0 3.56351399018
4615.0 3.56636451263
4620.0 3.56921268387
4625.0 3.57205851519
4630.0 3.57490201792
4635.0 3.57774320344
4640.0 3.58058208322
4645.0 3.58341866874
4650.0 3.58625297156
4655.0 3.58908500329
4660.0 3.59191477559
4665.0 3.59474230016
4670.0 3.59756758879
4675.0 3.60039065327
4680.0 3.60321150547
4685.0 3.60603015732
4690.0 3.6088466435
4695.0 3.6116609322
4700.0 3.61447305795
4705.0 3.61728303286
4710.0 3.62009086912
4715.0 3.62289657896
4720.0 3.62570017465
4725.0 3.62850166853
4730.0 3.63130107298
4735.0 3.63409840042
4740.0 3.63689366334
4745.0 3.63968687426
4750.0 3.64247804577
4755.0 3.64526719048
4760.0 3.64805432106
4765.0 3.65083945023
4770.0 3.65362259075
4775.0 3.65640375544
4780.0 3.65918295714
4785.0 3.66196020875
4790.0 3.66473552321
4795.0 3.66750891351
4800.0 3.67028039267
4805.0 3.67304997376
4810.0 3.67581766991
4815.0 3.67858349425
4820.0 3.68134745998
4825.0 3.68410958034
4830.0 3.6868698686
4835.0 3.68962833807
4840.0 3.69238500211
4845.0 3.69513987411
4850.0 3.69789296748
4855.0 3.70064429571
4860.0 3.70339387228
4865.0 3.70614171075
4870.0 3.70888782467
4875.0 3.71163222766
4880.0 3.71437493337
4885.0 3.71711595546
4890.0 3.71985530765
4895.0 3.72259300369
4900.0 3.72532905734
4905.0 3.72806348242
4910.0 3.73079629276
4915.0 3.73352750224
4920.0 3.73625712475
4925.0 3.73898517423
4930.0 3.74171166463
4935.0 3.74443660994
4940.0 3.74716002418
4945.0 3.74988192139
4950.0 3.75260231565
4955.0 3.75532122104
4960.0 3.75803865169
4965.0 3.76075462176
4970.0 3.76346914541
4975.0 3.76618223684
4980.0 3.76889391027
4985.0 3.77160417996
4990.0 3.77431306016
4995.0 3.77702056516
5000.0 3.77972670929
5005.0 3.78243150686
5010.0 3.78513497224
5015.0 3.7878371198
5020.0 3.79053796393
5025.0 3.79323751904
5030.0 3.79593579956
5035.0 3.79863281994
5040.0 3.80132859465
5045.0 3.80402313816
5050.0 3.80671646498
5055.0 3.80940858961
5060.0 3.8120995266
5065.0 3.81478929047
5070.0 3.81747789579
5075.0 3.82016535713
5080.0 3.82285168908
5085.0 3.82553690622
5090.0 3.82822102316
5095.0 3.83090405453
5100.0 3.83358601496
5105.0 3.83626691907
5110.0 3.83894678153
5115.0 3.84162561699
5120.0 3.84430344012
5125.0 3.84698026559
5130.0 3.84965610808
5135.0 3.85233098229
5140.0 3.8550049029
5145.0 3.85767788463
5150.0 3.86034994216
5155.0 3.86302109022
5160.0 3.86569134352
5165.0 3.86836071678
5170.0 3.87102922471
5175.0 3.87369688205
5180.0 3.87636370351
5185.0 3.87902970382
5190.0 3.88169489772
5195.0 3.88435929992
5200.0 3.88702292515
5205.0 3.88968578815
5210.0 3.89234790362
5215.0 3.89500928631
5220.0 3.89766995093
5225.0 3.90032991219
5230.0 3.9029891848
5235.0 3.90564778349
5240.0 3.90830572295
5245.0 3.91096301788
5250.0 3.91361968297
5255.0 3.91627573292
5260.0 3.9189311824
5265.0 3.92158604609
5270.0 3.92424033864
5275.0 3.92689407473
5280.0 3.92954726898
5285.0 3.93219993605
5290.0 3.93485209057
5295.0 3.93750374713
5300.0 3.94015492037
5305.0 3.94280562486
5310.0 3.94545587519
5315.0 3.94810568593
5320.0 3.95075507164
5325.0 3.95340404685
5330.0 3.9560526261
5335.0 3.9587008239
5340.0 3.96134865475
5345.0 3.96399613313
5350.0 3.9666432735
5355.0 3.96929009032
5360.0 3.97193659801
5365.0 3.97458281099
5370.0 3.97722874365
5375.0 3.97987441038
5380.0 3.98251982551
5385.0 3.9851650034
5390.0 3.98780995836
5395.0 3.99045470468
5400.0 3.99309925663
5405.0 3.99574362847
5410.0 3.99838783443
5415.0 4.00103188871
5420.0 4.00367580549
5425.0 4.00631959894
5430.0 4.00896328318
5435.0 4.01160687233
5440.0 4.01425038047
5445.0 4.01689382165
5450.0 4.01953720991
5455.0 4.02218055925
5460.0 4.02482388365
5465.0 4.02746719706
5470.0 4.0301105134
5475.0 4.03275384655
5480.0 4.03539721039
5485.0 4.03804061874
5490.0 4.0406840854
5495.0 4.04332762416
5500.0 4.04597124874
5505.0 4.04861497286
5510.0 4.0512588102
5515.0 4.05390277439
5520.0 4.05654687905
5525.0 4.05919113776
5530.0 4.06183556406
5535.0 4.06448017147
5540.0 4.06712497344
5545.0 4.06976998344
5550.0 4.07241521485
5555.0 4.07506068104
5560.0 4.07770639536
5565.0 4.08035237109
5570.0 4.08299862148
5575.0 4.08564515976
5580.0 4.08829199912
5585.0 4.09093915268
5590.0 4.09358663355
5595.0 4.0962344548
5600.0 4.09888262945
5605.0 4.10153117048
5610.0 4.10418009084
5615.0 4.10682940342
5620.0 4.10947912109
5625.0 4.11212925667
5630.0 4.11477982292
5635.0 4.11743083258
5640.0 4.12008229835
5645.0 4.12273423286
5650.0 4.12538664872
5655.0 4.12803955849
5660.0 4.13069297467
5665.0 4.13334690975
5670.0 4.13600137613
5675.0 4.1386563862
5680.0 4.14131195229
5685.0 4.14396808668
5690.0 4.14662480161
5695.0 4.14928210926
5700.0 4.15194002179
5705.0 4.15459855128
5710.0 4.15725770978
5715.0 4.1599175093
5720.0 4.16257796176
5725.0 4.16523907909
5730.0 4.16790087312
5735.0 4.17056335565
5740.0 4.17322653844
5745.0 4.17589043318
5750.0 4.17855505152
5755.0 4.18122040505
5760.0 4.18388650533
5765.0 4.18655336384
5770.0 4.18922099202
5775.0 4.19188940126
5780.0 4.19455860289
5785.0 4.19722860821
5790.0 4.19989942843
5795.0 4.20257107472
5800.0 4.20524355822
5805.0 4.20791688999
5810.0 4.21059108103
5815.0 4.21326614231
5820.0 4.21594208472
5825.0 4.21861891912
5830.0 4.22129665628
5835.0 4.22397530696
5840.0 4.22665488182
5845.0 4.22933539148
5850.0 4.23201684651
5855.0 4.23469925743