350.0 0.221274073963
450.0 0.284550809998
550.0 0.347830667234
650.0 0.411112754368
750.0 0.474396524187
850.0 0.537681611362
950.0 0.600967756868
1050.0 0.664254768475
1150.0 0.727542498261
1250.0 0.790830828919
1350.0 0.854119664948
1450.0 0.917408926672
1550.0 0.980698545963
1650.0 1.04398846299
1750.0 1.10727862354
1850.0 1.17056897669
1950.0 1.23385947242
2050.0 1.29715005917
2150.0 1.36044068098
2250.0 1.42373127404
2350.0 1.48702176245
2450.0 1.55031205287
2550.0 1.61360202771
2650.0 1.67689153654
2750.0 1.7401803853
2850.0 1.80346832263
2950.0 1.86675502307
3050.0 1.93004006617
3150.0 1.99332291113
3250.0 2.05660286606
3350.0 2.11987905127
3450.0 2.18315035588
3550.0 2.24641538717
3650.0 2.30967241205
3750.0 2.37291929058
3850.0 2.43615340126
3950.0 2.49937155858
4050.0 2.56256992337
4150.0 2.62574390729
4250.0 2.68888807319
4350.0 2.75199603379
4450.0 2.81506035175
4550.0 2.87807244501
4650.0 2.94102250179
4750.0 3.00389941049
4850.0 3.06669071
4950.0 3.12938256642
5050.0 3.19195978235
5150.0 3.25440584459
5250.0 3.31670301591
5350.0 3.37883247554
5450.0 3.44077451196
5550.0 3.50250877001
5650.0 3.56401455264
5750.0 3.62527117508
5850.0 3.68625836725
5950.0 3.74695671741
6050.0 3.80734814763
6150.0 3.86741640907
6250.0 3.92714758327
6350.0 3.98653057338
6450.0 4.04555756844