0.0 0.0
100.0 0.203355881981
105.0 0.213523675991
110.0 0.223691469972
115.0 0.233859263917
120.0 0.244027057816
125.0 0.254194851659
130.0 0.264362645431
135.0 0.274530439116
140.0 0.284698232693
145.0 0.294866026135
150.0 0.305033819413
155.0 0.315201612487
160.0 0.32536940531
165.0 0.335537197827
170.0 0.345704989969
175.0 0.355872781651
180.0 0.366040572774
185.0 0.376208363214
190.0 0.386376152827
195.0 0.396543941434
200.0 0.406711728824
205.0 0.416879514743
210.0 0.427047298886
215.0 0.437215080889
220.0 0.447382860318
225.0 0.457550636656
230.0 0.46771840929
235.0 0.477886177489
240.0 0.488053940389
245.0 0.498221696969
250.0 0.508389446021
255.0 0.51855718612
260.0 0.528724915591
265.0 0.538892632464
270.0 0.549060334427
275.0 0.559228018773
280.0 0.569395682334
285.0 0.57956332141
290.0 0.589730931689
295.0 0.599898508152
300.0 0.610066044963
305.0 0.620233535352
310.0 0.630400971475
315.0 0.64056834426
320.0 0.650735643229
325.0 0.6609028563
330.0 0.671069969564
335.0 0.681236967034
340.0 0.69140383036
345.0 0.701570538521
350.0 0.711737067463
355.0 0.721903389715
360.0 0.732069473944
365.0 0.742235284477
370.0 0.752400780753
375.0 0.762565916736
380.0 0.772730640252
385.0 0.782894892263
390.0 0.793058606075
395.0 0.803221706456
400.0 0.813384108682
405.0 0.823545717488
410.0 0.833706425926
415.0 0.843866114123
420.0 0.854024647929
425.0 0.864181877461
430.0 0.874337635516
435.0 0.884491735874
440.0 0.894643971463
445.0 0.904794112396
450.0 0.914941903861
455.0 0.925087063883
460.0 0.935229280926
465.0 0.945368211355
470.0 0.955503476743
475.0 0.965634661034
480.0 0.975761307549
485.0 0.985882915845
490.0 0.995998938431
495.0 1.00610877734
500.0 1.01621178055
505.0 1.02630723835
510.0 1.03639437945
515.0 1.04647236713
520.0 1.05654029524
525.0 1.06659718409
530.0 1.07664197634
535.0 1.08667353284
540.0 1.09669062844
545.0 1.10669194786
550.0 1.11667608158
555.0 1.12664152178
560.0 1.13658665845
565.0 1.14650977564
570.0 1.15640904784
575.0 1.1662825367
580.0 1.17612818791
585.0 1.18594382848
590.0 1.19572716437
595.0 1.20547577854
600.0 1.21518712944
605.0 1.2248585501
610.0 1.23448724766
615.0 1.24407030367
620.0 1.25360467495
625.0 1.26308719525
630.0 1.27251457761
635.0 1.28188341759
640.0 1.29119019732
645.0 1.30043129048
650.0 1.3096029682
655.0 1.31870140588
660.0 1.32772269106
665.0 1.33666283224
670.0 1.34551776877
675.0 1.35428338167
680.0 1.36295550561
685.0 1.37152994173
690.0 1.38000247158
695.0 1.38836887195
700.0 1.39662493064
705.0 1.4047664631
710.0 1.41278932987
715.0 1.4206894548
720.0 1.42846284394
725.0 1.43610560495
730.0 1.44361396709
735.0 1.45098430157
740.0 1.45821314211
745.0 1.46529720576
750.0 1.47223341365
755.0 1.47901891173
760.0 1.48565109116
765.0 1.49212760837
770.0 1.49844640463
775.0 1.50460572483
780.0 1.51060413553
785.0 1.51644054199
790.0 1.52211420404
795.0 1.52762475078
800.0 1.53297219377
805.0 1.53815693877
810.0 1.54317979577