0.0 0.0
25.0 0.209319920942
26.0 0.217692713525
27.0 0.226065505561
28.0 0.234438297016
29.0 0.242811087853
30.0 0.251183878032
31.0 0.259556667513
32.0 0.267929456251
33.0 0.2763022442
34.0 0.284675031312
35.0 0.293047817535
36.0 0.301420602813
37.0 0.309793387091
38.0 0.318166170307
39.0 0.326538952398
40.0 0.334911733295
41.0 0.343284512928
42.0 0.351657291221
43.0 0.360030068096
44.0 0.368402843469
45.0 0.376775617252
46.0 0.385148389353
47.0 0.393521159674
48.0 0.401893928113
49.0 0.410266694562
50.0 0.418639458907
51.0 0.427012221029
52.0 0.435384980802
53.0 0.443757738093
54.0 0.452130492764
55.0 0.460503244668
56.0 0.468875993652
57.0 0.477248739554
58.0 0.485621482204
59.0 0.493994221424
60.0 0.502366957027
61.0 0.510739688816
62.0 0.519112416585
63.0 0.527485140117
64.0 0.535857859185
65.0 0.544230573551
66.0 0.552603282963
67.0 0.56097598716
68.0 0.569348685867
69.0 0.577721378794
70.0 0.58609406564
71.0 0.594466746088
72.0 0.602839419804
73.0 0.611212086442
74.0 0.619584745637
75.0 0.627957397008
76.0 0.636330040153
77.0 0.644702674656
78.0 0.653075300078
79.0 0.661447915962
80.0 0.669820521826
81.0 0.678193117171
82.0 0.68656570147
83.0 0.694938274177
84.0 0.703310834716
85.0 0.711683382488
86.0 0.720055916866
87.0 0.728428437196
88.0 0.736800942792
89.0 0.74517343294
90.0 0.753545906893
91.0 0.761918363872
92.0 0.770290803061
93.0 0.77866322361
94.0 0.787035624634
95.0 0.795408005204
96.0 0.803780364356
97.0 0.812152701081
98.0 0.820525014328
99.0 0.828897303
100.0 0.837269565954
101.0 0.845641801998
102.0 0.854014009889
103.0 0.862386188333
104.0 0.870758335979
105.0 0.879130451423
106.0 0.8875025332
107.0 0.895874579783
108.0 0.904246589585
109.0 0.912618560953
110.0 0.920990492163
111.0 0.929362381424
112.0 0.937734226872
113.0 0.946106026565
114.0 0.954477778486
115.0 0.962849480533
116.0 0.971221130523
117.0 0.979592726184
118.0 0.987964265157
119.0 0.996335744986
120.0 1.00470716312
121.0 1.01307851691
122.0 1.0214498036
123.0 1.02982102032
124.0 1.03819216412
125.0 1.04656323189
126.0 1.05493422043
127.0 1.06330512642
128.0 1.0716759464
129.0 1.08004667679
130.0 1.08841731387
131.0 1.09678785377
132.0 1.10515829249
133.0 1.11352862588
134.0 1.12189884962
135.0 1.13026895926
136.0 1.13863895016
137.0 1.14700881752
138.0 1.15537855637
139.0 1.16374816154
140.0 1.1721176277
141.0 1.18048694932
142.0 1.18885612065
143.0 1.19722513577
144.0 1.20559398853
145.0 1.21396267255
146.0 1.22233118126
147.0 1.23069950783
148.0 1.23906764521
149.0 1.2474355861
150.0 1.25580332293
151.0 1.26417084791
152.0 1.27253815295
153.0 1.28090522969
154.0 1.28927206949
155.0 1.29763866343
156.0 1.30600500227
157.0 1.31437107647
158.0 1.32273687618
159.0 1.33110239122
160.0 1.33946761106
161.0 1.34783252485
162.0 1.35619712136
163.0 1.36456138902
164.0 1.37292531586
165.0 1.38128888955
166.0 1.38965209735
167.0 1.39801492611
168.0 1.40637736228
169.0 1.41473939188
170.0 1.42310100046
171.0 1.43146217317
172.0 1.43982289465
173.0 1.44818314911
174.0 1.45654292023
175.0 1.46490219122
176.0 1.47326094477
177.0 1.48161916305
178.0 1.48997682769
179.0 1.49833391975
180.0 1.50669041977
181.0 1.51504630766
182.0 1.52340156278
183.0 1.53175616385
184.0 1.54011008901
185.0 1.54846331572
186.0 1.55681582082
187.0 1.56516758046
188.0 1.57351857014
189.0 1.58186876464
190.0 1.59021813803
191.0 1.59856666366
192.0 1.60691431413
193.0 1.61526106128
194.0 1.62360687616
195.0 1.63195172905
196.0 1.6402955894
197.0 1.64863842582
198.0 1.65698020611
199.0 1.66532089716
200.0 1.67366046501
201.0 1.68199887478
202.0 1.69033609069
203.0 1.698672076
204.0 1.70700679302
205.0 1.71534020309
206.0 1.72367226655
207.0 1.73200294273
208.0 1.74033218992
209.0 1.74865996537
210.0 1.75698622522
211.0 1.76531092457
212.0 1.77363401736
213.0 1.78195545642
214.0 1.79027519343
215.0 1.79859317887
216.0 1.80690936206
217.0 1.81522369106
218.0 1.82353611274
219.0 1.83184657268
220.0 1.8401550152
221.0 1.84846138329
222.0 1.85676561867
223.0 1.86506766166
224.0 1.87336745127
225.0 1.88166492508
226.0 1.88996001929
227.0 1.89825266867
228.0 1.90654280653
229.0 1.91483036473
230.0 1.92311527362
231.0 1.93139746204
232.0 1.9396768573
233.0 1.94795338517
234.0 1.95622696982
235.0 1.96449753383
236.0 1.97276499817
237.0 1.98102928217
238.0 1.98929030349
239.0 1.99754797814
240.0 2.00580222039
241.0 2.01405294282
242.0 2.02230005626
243.0 2.03054346979
244.0 2.03878309069
245.0 2.04701882447
246.0 2.0552505748
247.0 2.06347824354
248.0 2.07170173068
249.0 2.07992093433
250.0 2.08813575073
251.0 2.09634607421
252.0 2.10455179717
253.0 2.11275281008
254.0 2.12094900144
255.0 2.12914025781
256.0 2.13732646372
257.0 2.14550750174
258.0 2.1536832524
259.0 2.16185359421
260.0 2.17001840364
261.0 2.17817755512
262.0 2.18633092098
263.0 2.1944783715
264.0 2.20261977486
265.0 2.21075499717
266.0 2.21888390239
267.0 2.2270063524
268.0 2.23512220693
269.0 2.24323132361
270.0 2.25133355792
271.0 2.25942876318
272.0 2.26751679058
273.0 2.27559748918
274.0 2.28367070584
275.0 2.29173628531
276.0 2.29979407016
277.0 2.3078439008
278.0 2.31588561549
279.0 2.32391905034
280.0 2.3319440393
281.0 2.33996041418
282.0 2.34796800463
283.0 2.35596663819
284.0 2.36395614025
285.0 2.37193633407
286.0 2.37990704081
287.0 2.38786807952
288.0 2.39581926717
289.0 2.40376041863
290.0 2.41169134671
291.0 2.41961186219
292.0 2.42752177378
293.0 2.4354208882
294.0 2.44330901016
295.0 2.4511859424
296.0 2.45905148569
297.0 2.46690543887
298.0 2.47474759889
299.0 2.48257776078
300.0 2.49039571775
301.0 2.49820126114
302.0 2.50599418053
303.0 2.5137742637
304.0 2.52154129672
305.0 2.52929506392
306.0 2.53703534801
307.0 2.54476193003
308.0 2.55247458945
309.0 2.56017310418
310.0 2.56785725063
311.0 2.57552680372
312.0 2.58318153696
313.0 2.59082122248
314.0 2.59844563107
315.0 2.60605453227
316.0 2.61364769434
317.0 2.6212248844
318.0 2.62878586842
319.0 2.6363304113
320.0 2.64385827693
321.0 2.65136922825
322.0 2.65886302729
323.0 2.66633943523
324.0 2.6737982125
325.0 2.68123911881
326.0 2.68866191322
327.0 2.6960663542
328.0 2.70345219972
329.0 2.71081920732
330.0 2.71816713415
330.5 2.7218338663
331.0 2.72549573706
331.5 2.729152716
332.0 2.73280477269
332.5 2.73645187668
333.0 2.74009399753
333.5 2.74373110478
334.0 2.74736316798
334.5 2.75099015669
335.0 2.75461204046
335.5 2.75822878887
336.0 2.76184037148
336.5 2.76544675789
337.0 2.76904791769
337.5 2.77264382052
338.0 2.77623443602
338.5 2.77981973385
339.0 2.78339968371
339.5 2.78697425531
340.0 2.79054341841
340.5 2.7941071428
341.0 2.79766539829
341.5 2.80121815475
342.0 2.80476538208
342.5 2.80830705024
343.0 2.81184312922
343.5 2.81537358907
344.0 2.81889839988
344.5 2.82241753182
345.0 2.8259309551
345.5 2.82943864
346.0 2.83294055687
346.5 2.8364366761
347.0 2.83992696819
347.5 2.84341140369
348.0 2.84688995323
348.5 2.85036258752
349.0 2.85382927736
349.5 2.85728999362
350.0 2.86074470726
350.5 2.86419338936
351.0 2.86763601105
351.5 2.8710725436
352.0 2.87450295835
352.5 2.87792722675
353.0 2.88134532037
353.5 2.88475721089
354.0 2.88816287007
354.5 2.89156226983
355.0 2.89495538217
355.5 2.89834217925
356.0 2.90172263333
356.5 2.90509671681
357.0 2.9084644022
357.5 2.91182566218
358.0 2.91518046954
358.5 2.91852879722
359.0 2.9218706183
359.5 2.92520590603
360.0 2.92853463378
360.5 2.93185677508
361.0 2.93517230364
361.5 2.93848119331
362.0 2.9417834181
362.5 2.9450789522
363.0 2.94836776997
363.5 2.95164984593
364.0 2.95492515478
364.5 2.95819367141
365.0 2.96145537089
365.5 2.96471022847
366.0 2.96795821958
366.5 2.97119931988
367.0 2.97443350518
367.5 2.97766075151
368.0 2.98088103511
368.5 2.98409433241
369.0 2.98730062006
369.5 2.99049987492
370.0 2.99369207406
370.5 2.99687719476
371.0 3.00005521456
371.5 3.00322611117
372.0 3.00638986257
372.5 3.00954644695
373.0 3.01269584275
373.5 3.01583802863
374.0 3.0189729835
374.5 3.02210068653
375.0 3.0252211171
375.5 3.02833425486
376.0 3.03144007974
376.5 3.03453857187
377.0 3.03762971169
377.5 3.04071347988
378.0 3.04378985739
378.5 3.04685882544
379.0 3.04992036552
379.5 3.05297445939
380.0 3.0560210891
380.5 3.05906023697
381.0 3.06209188562
381.5 3.06511601795
382.0 3.06813261713
382.5 3.07114166667
383.0 3.07414315032
383.5 3.07713705217
384.0 3.08012335661
384.5 3.08310204831
385.0 3.08607311226
385.5 3.08903653379
386.0 3.09199229849
386.5 3.09494039231
387.0 3.09788080151
387.5 3.10081351266
388.0 3.10373851267
388.5 3.10665578876
389.0 3.1095653285
389.5 3.11246711979
390.0 3.11536115085
390.5 3.11824741026
391.0 3.12112588694
391.5 3.12399657013
392.0 3.12685944945
392.5 3.12971451485
393.0 3.13256175663
393.5 3.13540116546
394.0 3.13823273235
394.5 3.14105644868
395.0 3.14387230619
395.5 3.14668029699
396.0 3.14948041355
396.5 3.1522726487
397.0 3.15505699567
397.5 3.15783344804
398.0 3.16060199976
398.5 3.1633626452
399.0 3.16611537905
399.5 3.16886019645
400.0 3.17159709286
400.5 3.17432606418
401.0 3.17704710667
401.5 3.17976021699
402.0 3.18246539219
402.5 3.18516262972
403.0 3.18785192744
403.5 3.19053328357
404.0 3.19320669678
404.5 3.1958721661
405.0 3.19852969101
405.5 3.20117927135
406.0 3.2038209074
406.5 3.20645459984
407.0 3.20908034977
407.5 3.21169815868
408.0 3.21430802851
408.5 3.21690996159
409.0 3.21950396068
409.5 3.22209002895
410.0 3.22466817
410.5 3.22723838785
411.0 3.22980068695
411.5 3.23235507217
412.0 3.2349015488
412.5 3.23744012256
413.0 3.23997079962
413.5 3.24249358655
414.0 3.24500849036
414.5 3.24751551851
415.0 3.25001467887
415.5 3.25250597976
416.0 3.25498942992
416.5 3.25746503855
417.0 3.25993281525
417.5 3.26239277011
418.0 3.2648449136
418.5 3.26728925667
419.0 3.2697258107
419.5 3.27215458751
420.0 3.27457559935
420.5 3.27698885892
421.0 3.27939437936
421.5 3.28179217427
422.0 3.28418225766
422.5 3.28656464402
423.0 3.28893934824
423.5 3.29130638569
424.0 3.29366577217
424.5 3.29601752393
425.0 3.29836165765
425.5 3.30069819046
426.0 3.30302713996
426.5 3.30534852414
427.0 3.30766236149
427.5 3.30996867091
428.0 3.31226747175
428.5 3.3145587838
429.0 3.31684262731
429.5 3.31911902296
430.0 3.32138799187
430.5 3.3236495556
431.0 3.32590373616
431.5 3.32815055599
432.0 3.33039003799
432.5 3.33262220548
433.0 3.33484708223
433.5 3.33706469243
434.0 3.33927506072
434.5 3.34147821219
435.0 3.34367417234
435.5 3.34586296712
436.0 3.34804462291
436.5 3.35021916651
437.0 3.35238662518
437.5 3.35454702658
438.0 3.35670039881
438.5 3.3588467704
439.0 3.36098617032
439.5 3.36311862792
440.0 3.36524417303
440.5 3.36736283585
441.0 3.36947464705
441.5 3.37157963767
442.0 3.37367783921
442.5 3.37576928355
443.0 3.37785400302
443.5 3.37993203032
444.0 3.38200339859
444.5 3.38406814138
445.0 3.38612629262
445.5 3.38817788667
446.0 3.39022295829
446.5 3.39226154262
447.0 3.39429367521
447.5 3.39631939202
448.0 3.39833872939
448.5 3.40035172404
449.0 3.40235841309
449.5 3.40435883406
450.0 3.40635302484
450.5 3.4083410237
451.0 3.41032286929
451.5 3.41229860064
452.0 3.41426825716
452.5 3.41623187861
453.0 3.41818950515
453.5 3.42014117727
454.0 3.42208693586
454.5 3.42402682213
455.0 3.42596087769
455.5 3.42788914446
456.0 3.42981166475
456.5 3.43172848119
457.0 3.43363963677
457.5 3.43554517482
458.0 3.437445139
458.5 3.4393395733
459.0 3.44122852207
459.5 3.44311202995
460.0 3.44499014194
460.5 3.44686290334
461.0 3.44873035977
461.5 3.45059255716
462.0 3.45244954177
462.5 3.45430136015
463.0 3.45614805915
463.5 3.45798968593
464.0 3.45982628793
464.5 3.46165791291
465.0 3.46348460887
465.5 3.46530642415
466.0 3.46712340732
466.5 3.46893560725
467.0 3.47074307307
467.5 3.47254585419
468.0 3.47434400027
468.5 3.47613756122
469.0 3.47792658722
469.5 3.47971112868
470.0 3.48149123628
470.5 3.48326696091
471.0 3.48503835371
471.5 3.48680546605
472.0 3.4885683495
472.5 3.49032705589
473.0 3.49208166584
473.5 3.49383217843
474.0 3.49557867456
474.5 3.49732120694
475.0 3.49905982849
475.5 3.50079459235
476.0 3.5025255519
476.5 3.50425276068
477.0 3.50597627247
477.5 3.50769614124
478.0 3.50941242114
478.5 3.51112516651
479.0 3.51283443189
479.5 3.51454027198
480.0 3.51624274165
481.0 3.51963779011
482.0 3.52302001953
483.0 3.52638987465
484.0 3.52974780249
485.0 3.53309425217
486.0 3.53642967481
487.0 3.53975452334
488.0 3.54306925231
489.0 3.5463743178
490.0 3.54967017722
491.0 3.55295728915
492.0 3.5562361132
493.0 3.55950710986
494.0 3.5627707403
495.0 3.56602746626
496.0 3.56927774987
497.0 3.5725220535
498.0 3.57576083959
499.0 3.57899457054
500.0 3.58222370848
501.0 3.58544871519
502.0 3.58867005189
503.0 3.59188817912
504.0 3.59510355658
505.0 3.59831664298
506.0 3.60152789586
507.0 3.60473777149
508.0 3.60794672469
509.0 3.61115520868
510.0 3.61436367494
511.0 3.61757257309
512.0 3.62078235068
513.0 3.62399345313
514.0 3.62720632351
515.0 3.63042140247
516.0 3.63363912804
517.0 3.63685993556
518.0 3.64008425746
519.0 3.64331252321
520.0 3.64654515914
521.0 3.64978258832
522.0 3.65302523044
523.0 3.65627350169
524.0 3.65952781461
525.0 3.662788578
526.0 3.66605619678
527.0 3.66933107188
528.0 3.67261360013
529.0 3.67590417415
530.0 3.67920318222
531.0 3.68251100819
532.0 3.68582803139
533.0 3.68915462649
534.0 3.69249116344
535.0 3.69583800735
536.0 3.69919551839
537.0 3.70256405172
538.0 3.70594395738
539.0 3.70933558024
540.0 3.71273925988
541.0 3.7161553305
542.0 3.71958412091
543.0 3.72302595437
544.0 3.72648114858
545.0 3.7299500156
546.0 3.73343286175
547.0 3.73692998761
548.0 3.7404416879
549.0 3.74396825144
550.0 3.74750996113
551.0 3.75106709387
551.5 3.75285152876
552.0 3.7546399205
552.5 3.75643230201
553.0 3.7582287058
553.5 3.760029164
554.0 3.76183370839
554.5 3.76364237031
555.0 3.76545518076
555.5 3.76727217031
556.0 3.76909336917
556.5 3.77091880715
557.0 3.77274851367
557.5 3.77458251775
558.0 3.77642084804
558.5 3.77826353276
559.0 3.78011059976
559.5 3.7819620765
560.0 3.78381799003
560.5 3.78567836701
561.0 3.7875432337
561.5 3.78941261596
562.0 3.79128653927
562.5 3.79316502868
563.0 3.79504810888
563.5 3.79693580414
564.0 3.79882813832
564.5 3.80072513491
565.0 3.80262681699
565.5 3.80453320722
566.0 3.80644432788
566.5 3.80836020086
567.0 3.81028084764
567.5 3.81220628929
568.0 3.8141365465
568.5 3.81607163954
569.0 3.81801158831
569.5 3.81995641229
570.0 3.82190613057
570.5 3.82386076184
571.0 3.8258203244
571.5 3.82778483613
572.0 3.82975431455
572.5 3.83172877675
573.0 3.83370823945
573.5 3.83569271896
574.0 3.8376822312
574.5 3.83967679171
575.0 3.84167641561
575.5 3.84368111766
576.0 3.8456909122
576.5 3.8477058132
577.0 3.84972583424
577.5 3.85175098849
578.0 3.85378128876
578.5 3.85581674746
579.0 3.85785737662
579.5 3.85990318788
580.0 3.8619541925
580.5 3.86401040136
581.0 3.86607182496
581.5 3.86813847341
582.0 3.87021035646
582.5 3.87228748347
583.0 3.87436986342
583.5 3.87645750494
584.0 3.87855041626
584.5 3.88064860525
585.0 3.88275207941
585.5 3.88486084587
586.0 3.8869749114
586.5 3.8890942824
587.0 3.8912189649
587.5 3.89334896458
588.0 3.89548428675
588.5 3.89762493637
589.0 3.89977091803
589.5 3.90192223598
590.0 3.90407889411
590.5 3.90624089595
591.0 3.90840824469
591.5 3.91058094319
592.0 3.91275899392
592.5 3.91494239904
593.0 3.91713116036
593.5 3.91932527936
594.0 3.92152475715
594.5 3.92372959454
595.0 3.92593979199