200.0 0.141064243108
300.0 0.211753784775
400.0 0.282427402593
500.0 0.35309328397
600.0 0.423754593247
700.0 0.494412791313
800.0 0.565068583717
900.0 0.635722258957
1000.0 0.706373818264
1100.0 0.777023016808
1200.0 0.847669358393
1300.0 0.918312059634
1400.0 0.988949989455
1500.0 1.05958158547
1600.0 1.13020474682
1700.0 1.20081670238
1800.0 1.27141385293
1900.0 1.3419915866
2000.0 1.41254406744
2100.0 1.48306399853
2200.0 1.55354236236
2300.0 1.62396814368
2400.0 1.69432804202
2500.0 1.76460618397
2600.0 1.83478384801
2700.0 1.90483921732
2800.0 1.97474717856
2900.0 2.04447918661
3000.0 2.11400321641
3100.0 2.18328382338
3200.0 2.25228233277
3300.0 2.320957176
3400.0 2.3892643878
3500.0 2.45715827244
3600.0 2.5245922403
3700.0 2.59151980718
3800.0 2.65789573988
3900.0 2.72367732122
4000.0 2.7888256983
4100.0 2.85330726857
4200.0 2.91709505121
4300.0 2.98016998572
4400.0 3.04252209731
4500.0 3.10415146964
4600.0 3.16506896941
4700.0 3.22529667528
4800.0 3.28486797433
4900.0 3.34382730207
5000.0 3.40222951423
5100.0 3.4601388866
5200.0 3.51762783614
5300.0 3.57477540052
5400.0 3.6316652654
5500.0 3.68838392035
5600.0 3.74501858937
5700.0 3.80165517208
5800.0 3.8583762767
5900.0 3.91525941067
6000.0 3.97237539142
6100.0 4.02978702972