0.0 0.0
100.0 0.192444117503
105.0 0.202066323337
110.0 0.211688529156
115.0 0.221310734956
120.0 0.23093294073
125.0 0.240555146471
130.0 0.25017735217
135.0 0.259799557815
140.0 0.269421763392
145.0 0.27904396888
150.0 0.288666174257
155.0 0.298288379491
160.0 0.307910584546
165.0 0.317532789375
170.0 0.327154993917
175.0 0.336777198101
180.0 0.346399401835
185.0 0.356021605007
190.0 0.365643807477
195.0 0.375266009073
200.0 0.384888209584
205.0 0.39451040875
210.0 0.404132606252
215.0 0.413754801702
220.0 0.423376994625
225.0 0.432999184443
230.0 0.442621370455
235.0 0.452243551811
240.0 0.461865727483
245.0 0.47148789623
250.0 0.481110056561
255.0 0.490732206681
260.0 0.500354344441
265.0 0.509976467269
270.0 0.519598572096
275.0 0.529220655266
280.0 0.538842712435
285.0 0.548464738448
290.0 0.558086727208
295.0 0.567708671513
300.0 0.577330562874
305.0 0.586952391311
310.0 0.596574145112
315.0 0.606195810561
320.0 0.615817371633
325.0 0.625438809638
330.0 0.635060102834
335.0 0.644681225972
340.0 0.654302149799
345.0 0.663922840493
350.0 0.673543259031
355.0 0.683163360487
360.0 0.692783093248
365.0 0.702402398145
370.0 0.712021207494
375.0 0.72163944403
380.0 0.731257019749
385.0 0.740873834624
390.0 0.750489775208
395.0 0.760104713117
400.0 0.769718503372
405.0 0.779330982615
410.0 0.788941967177
415.0 0.79855125101
420.0 0.808158603466
425.0 0.817763766931
430.0 0.827366454315
435.0 0.83696634639
440.0 0.846563088992
445.0 0.856156290084
450.0 0.865745516695
455.0 0.875330291734
460.0 0.884910090712
465.0 0.894484338365
470.0 0.904052405218
475.0 0.913613604099
480.0 0.923167186633
485.0 0.932712339752
490.0 0.942248182239
495.0 0.951773761365
500.0 0.961288049626
505.0 0.970789941667
510.0 0.980278251393
515.0 0.989751709353
520.0 0.99920896043
525.0 1.0086485619
530.0 1.0180689819
535.0 1.02746859841
540.0 1.0368456987
545.0 1.04619847947
550.0 1.05552504758
555.0 1.06482342149
560.0 1.07409153348
565.0 1.0833272327
570.0 1.09252828905
575.0 1.10169239799
580.0 1.11081718625
585.0 1.11990021858
590.0 1.12893900536
595.0 1.13793101136
600.0 1.14687366542
605.0 1.15576437106
610.0 1.16460051821
615.0 1.17337949575
620.0 1.18209870498
625.0 1.19075557398
630.0 1.19934757264
635.0 1.20787222845
640.0 1.21632714285
645.0 1.22471000803
650.0 1.23301862417
655.0 1.24125091679
660.0 1.24940495428
665.0 1.25747896536
670.0 1.26547135624
675.0 1.27338072752
680.0 1.28120589041
685.0 1.28894588233
690.0 1.29659998157
695.0 1.30416772094
700.0 1.31164890009
705.0 1.31904359661
710.0 1.32635217547
715.0 1.33357529685
720.0 1.34071392218
725.0 1.34776931825
730.0 1.35474305935
735.0 1.36163702733
740.0 1.3684534095
745.0 1.37519469438
750.0 1.38186366526
755.0 1.38846339158
760.0 1.39499721806
765.0 1.40146875181
770.0 1.40788184716
775.0 1.41424058854
780.0 1.42054927121
785.0 1.42681237981
790.0 1.43303457
795.0 1.43922064667
800.0 1.44537555017
805.0 1.45150429716
810.0 1.45761197905