0.0 0.0
30.0 0.0901256498021
35.0 0.10514655839
40.0 0.120167454558
45.0 0.135188336934
50.0 0.150209204009
55.0 0.165230054126
60.0 0.180250885466
65.0 0.195271696038
70.0 0.210292483657
75.0 0.225313245928
80.0 0.240333980233
85.0 0.255354683705
90.0 0.27037535321
95.0 0.28539598532
100.0 0.300416576292
105.0 0.315437122036
110.0 0.330457618091
115.0 0.345478059587
120.0 0.360498441214
125.0 0.375518757184
130.0 0.390539001188
135.0 0.405559166358
140.0 0.420579245216
145.0 0.435599229619
150.0 0.450619110714
155.0 0.465638878871
160.0 0.480658523622
165.0 0.495678033594
170.0 0.510697396429
175.0 0.525716598712
180.0 0.54073562588
185.0 0.555754462128
190.0 0.570773090317
195.0 0.585791491858
200.0 0.600809646604
205.0 0.615827532717
210.0 0.630845126545
215.0 0.645862402475
220.0 0.660879332772
225.0 0.675895887424
230.0 0.690912033958
235.0 0.705927737252
240.0 0.720942959326
245.0 0.735957659128
250.0 0.750971792291
255.0 0.765985310887
260.0 0.780998163151
265.0 0.796010293189
270.0 0.811021640667
275.0 0.826032140485
280.0 0.841041722401
285.0 0.85605031066
290.0 0.871057823584
295.0 0.886064173118
300.0 0.901069264379
305.0 0.916072995133
310.0 0.931075255266
315.0 0.946075926205
320.0 0.961074880299
325.0 0.976071980161
330.0 0.991067077959
335.0 1.00606001467
340.0 1.02105061927
345.0 1.03603870786
350.0 1.05102408278
355.0 1.06600653159
360.0 1.08098582606
365.0 1.09596172102
370.0 1.1109339532
375.0 1.12590223991
380.0 1.14086627773
385.0 1.15582574107
390.0 1.17078028056
395.0 1.1857295215
400.0 1.20067306202
405.0 1.21561047129
410.0 1.23054128747
415.0 1.24546501566
420.0 1.26038112559
425.0 1.27528904925
430.0 1.29018817834
435.0 1.30507786155
437.5 1.31251894495
440.0 1.31995740167
442.5 1.32739313691
445.0 1.33482605255
447.5 1.34225604716
450.0 1.34968301579
452.5 1.35710684992
455.0 1.3645274373
457.5 1.37194466188
460.0 1.37935840361
462.5 1.38676853842
465.0 1.39417493796
467.5 1.40157746959
470.0 1.40897599613
472.5 1.41637037579
475.0 1.42376046199
477.5 1.43114610322
480.0 1.43852714288
482.5 1.44590341909
485.0 1.45327476456
487.5 1.46064100641
490.0 1.46800196597
492.5 1.47535745862
495.0 1.48270729358
497.5 1.49005127375
500.0 1.49738919547
502.5 1.50472084833
505.0 1.51204601498
507.5 1.51936447087
510.0 1.52667598407
512.5 1.53398031498
515.0 1.54127721615
517.5 1.54856643202
520.0 1.55584769863
522.5 1.5631207434
525.0 1.57038528486
527.5 1.57764103235
530.0 1.58488768576
532.5 1.59212493523
535.0 1.59935246083
537.5 1.60656993228
540.0 1.61377700864
542.5 1.62097333793
545.0 1.62815855685
547.5 1.63533229039
550.0 1.64249415152
552.5 1.64964374078
553.75 1.65321380514
555.0 1.65678064592
556.25 1.66034420953
557.5 1.66390444152
558.75 1.66746128659
560.0 1.67101468857
561.25 1.67456459038
562.5 1.67811093407
563.75 1.68165366076
565.0 1.68519271064
566.25 1.68872802297
567.5 1.69225953603
568.75 1.69578718716
570.0 1.6993109127
571.25 1.70283064799
572.5 1.70634632736
573.75 1.70985788411
575.0 1.7133652505
576.25 1.71686835774
577.5 1.72036713593
578.75 1.72386151411
580.0 1.72735142021
581.25 1.73083678102
582.5 1.73431752221
583.75 1.73779356827
585.0 1.74126484254
586.25 1.74473126715
587.5 1.74819276303
588.75 1.75164924988
590.0 1.75510064616
591.25 1.75854686905
592.5 1.76198783449
593.75 1.76542345707
595.0 1.76885365009
596.25 1.7722783255
597.5 1.77569739389
598.75 1.77911076448
600.0 1.7825183451
601.25 1.78592004214
602.5 1.78931576057
603.75 1.79270540388
605.0 1.79608887411
606.25 1.79946607174
607.5 1.8028368958
608.75 1.80620124372
610.0 1.80955901137