0.0 0.0
30.0 0.047117994363
35.0 0.0549709923058
40.0 0.0628239897219
45.0 0.0706769864977
50.0 0.0785299824975
55.0 0.0863829775604
60.0 0.0942359714953
65.0 0.102088964076
70.0 0.109941955037
75.0 0.117794944062
80.0 0.125647930784
85.0 0.133500914768
90.0 0.141353895509
95.0 0.149206872413
100.0 0.15705984479
105.0 0.164912811836
110.0 0.172765772617
115.0 0.180618726048
120.0 0.188471670875
125.0 0.196324605647
130.0 0.204177528691
135.0 0.212030438078
140.0 0.219883331589
145.0 0.227736206679
150.0 0.235589060426
155.0 0.243441889487
160.0 0.251294690041
165.0 0.259147457726
170.0 0.267000187574
175.0 0.27485287393
180.0 0.28270551037
185.0 0.290558089607
190.0 0.298410603387
195.0 0.306263042371
200.0 0.314115396013
205.0 0.321967652418
210.0 0.329819798189
215.0 0.337671818258
220.0 0.345523695705
225.0 0.353375411551
230.0 0.361226944542
235.0 0.369078270909
240.0 0.376929364104
245.0 0.384780194523
250.0 0.392630729189
255.0 0.40048093143
260.0 0.408330760513
265.0 0.416180171257
270.0 0.424029113621
275.0 0.431877532252
280.0 0.439725366004
285.0 0.447572547428
290.0 0.455419002221
295.0 0.463264648639
300.0 0.471109396879
305.0 0.478953148415
310.0 0.486795795296
315.0 0.494637219411
320.0 0.502477291705
325.0 0.510315871358
330.0 0.518152804921
335.0 0.525987925415
340.0 0.533821051384
345.0 0.541651985912
350.0 0.549480515601
355.0 0.557306409507
360.0 0.565129418047
365.0 0.572949271866
370.0 0.580765680677
375.0 0.588578332072
380.0 0.596386890308
385.0 0.604190995071
387.5 0.608091257777
390.0 0.611990260228
392.5 0.615887949917
395.0 0.619784272563
397.5 0.623679172075
400.0 0.627572590512
402.5 0.631464468041
405.0 0.6353547429
407.5 0.639243351358
410.0 0.643130227677
412.5 0.647015304073
415.0 0.650898510678
417.5 0.654779775505
420.0 0.658659024406
422.5 0.66253618104
425.0 0.666411166836
427.5 0.670283900958
430.0 0.674154300271
432.5 0.678022279309
435.0 0.681887750241
437.5 0.685750622842
440.0 0.689610804462
442.5 0.6934682
445.0 0.697322711871
447.5 0.701174239986
450.0 0.705022681728
452.5 0.708867931924
455.0 0.71270988283
457.5 0.716548424106
460.0 0.720383442808
462.5 0.724214823361
465.0 0.728042447555
467.5 0.731866194532
470.0 0.735685940775
472.5 0.739501560103
475.0 0.743312923669
477.5 0.747119899956
480.0 0.750922354779
482.5 0.754720151292
485.0 0.758513149991
487.5 0.762301208727
490.0 0.766084182717
492.5 0.76986192456
495.0 0.77363428426
497.5 0.777401109244
500.0 0.781162244389
502.5 0.784917532053
503.75 0.786792933135
505.0 0.788666812107
506.25 0.790539148569
507.5 0.792409921971
508.75 0.794279111616
510.0 0.796146696657
511.25 0.798012656099
512.5 0.799876968807
513.75 0.801739613497
515.0 0.803600568747
516.25 0.805459812993
517.5 0.807317324536
518.75 0.809173081535
520.0 0.81102706202
521.25 0.812879243885
522.5 0.814729604896
523.75 0.816578122687
525.0 0.81842477477
526.25 0.820269538529
527.5 0.822112391228
528.75 0.823953310013
530.0 0.825792271909
531.25 0.827629253831
532.5 0.829464232578
533.75 0.831297184842
535.0 0.833128087206
536.25 0.834956916152
537.5 0.836783648058
538.75 0.838608259204
540.0 0.840430725776
541.25 0.842251023866
542.5 0.844069129478
543.75 0.845885018527
545.0 0.847698666849
546.25 0.849510050196
547.5 0.851319144247
548.75 0.853125924606
550.0 0.854930366807
551.25 0.856732446319
552.5 0.858532138548
553.75 0.860329418841
555.0 0.862124262491
556.25 0.863916644737
557.5 0.865706540774
558.75 0.86749392575
560.0 0.869278774776
561.25 0.871061062926
562.5 0.872840765243
563.75 0.874617856743
565.0 0.876392312418
566.25 0.878164107242
567.5 0.879933216175
568.75 0.881699614165
570.0 0.883463276157
571.25 0.885224177093
572.5 0.88698229192
573.75 0.888737595592
575.0 0.890490063077
576.25 0.89223966936
577.5 0.893986389449
578.75 0.895730198378
580.0 0.897471071216
581.25 0.899208983065
582.5 0.900943909075
583.75 0.902675824437
585.0 0.9044047044
586.25 0.906130524268
587.5 0.907853259408
588.75 0.909572885255
590.0 0.911289377318
591.25 0.913002711186
592.5 0.914712862529
593.75 0.91641980711
595.0 0.918123520785
596.25 0.919823979512
597.5 0.921521159355
598.75 0.923215036489
600.0 0.924905587207
601.25 0.926592787927
602.5 0.928276615192
603.75 0.929957045684
605.0 0.931634056221
606.25 0.933307623771
607.5 0.934977725452
608.75 0.93664433854
610.0 0.938307440474
611.25 0.939967008866
612.5 0.941623021499
613.75 0.943275456341
615.0 0.944924291544
616.25 0.946569505457
617.5 0.948211076627
618.75 0.949848983805
620.0 0.951483205955
621.25 0.953113722257
622.5 0.954740512116
623.75 0.956363555165
625.0 0.957982831274
626.25 0.959598320552
627.5 0.961210003359
628.75 0.962817860304
630.0 0.964421872261
631.25 0.966022020364
632.5 0.967618286022
633.75 0.969210650922
635.0 0.970799097032
636.25 0.972383606611
637.5 0.973964162213
638.75 0.975540746694
640.0 0.977113343218
641.25 0.978681935259
642.5 0.980246506615
643.75 0.981807041404
645.0 0.983363524078
646.25 0.984915939425
647.5 0.986464272574
648.75 0.988008509002
650.0 0.989548634542
651.25 0.991084635384
652.5 0.992616498084
653.75 0.994144209567
655.0 0.995667757136
656.25 0.997187128475
657.5 0.998702311653
658.75 1.00021329513
660.0 1.00172006778
661.25 1.00322261884
662.5 1.00472093801
663.75 1.00621501535
665.0 1.00770484137
666.25 1.009190407
667.5 1.01067170359
668.75 1.01214872293
670.0 1.01362145723
671.25 1.01508989917
672.5 1.01655404186
673.75 1.01801387886
675.0 1.0194694042
676.25 1.02092061236
677.5 1.02236749828
678.75 1.02381005739
680.0 1.02524828556
681.25 1.02668217917
682.5 1.02811173506
683.75 1.02953695058
685.0 1.03095782353
686.25 1.03237435224
687.5 1.03378653552
688.75 1.03519437268
690.0 1.03659786354
691.25 1.03799700841
692.5 1.03939180813
693.75 1.04078226404
695.0 1.042168378
696.25 1.04355015239
697.5 1.04492759011
698.75 1.04630069458
700.0 1.04766946976
701.25 1.04903392012
702.5 1.05039405067
703.75 1.05174986696
705.0 1.05310137507
706.25 1.05444858162
707.5 1.05579149375
708.75 1.05713011917
710.0 1.05846446612
711.25 1.05979454338
712.5 1.06112036028
713.75 1.06244192669
715.0 1.06375925303
716.25 1.06507235029
717.5 1.06638122997
718.75 1.06768590414
720.0 1.06898638544
721.25 1.07028268701
722.5 1.07157482259
723.75 1.07286280645
725.0 1.0741466534
726.25 1.07542637883
727.5 1.07670199866
728.75 1.07797352936
730.0 1.07924098794
731.25 1.080504392
732.5 1.08176375963
733.75 1.08301910951
735.0 1.08427046085
736.25 1.08551783341
737.5 1.08676124748
738.75 1.0880007239
740.0 1.08923628405
741.25 1.09046794985
742.5 1.09169574375
743.75 1.09291968873
745.0 1.09413980832
746.25 1.09535612655
747.5 1.09656866799
748.75 1.09777745775
750.0 1.09898252143
751.25 1.10018388516
752.5 1.10138157561
753.75 1.10257561991
755.0 1.10376604574
756.25 1.10495288126
757.5 1.10613615515
758.75 1.10731589657
760.0 1.10849213517
761.25 1.1096649011
762.5 1.110834225
763.75 1.11200013796
765.0 1.11316267158
766.25 1.1143218579
767.5 1.11547772945
768.75 1.1166303192
770.0 1.11777966059
771.25 1.1189257875
772.5 1.12006873426
773.75 1.12120853564
775.0 1.12234522683
776.25 1.12347884346
777.5 1.12460942158
778.75 1.12573699765
780.0 1.12686160854
781.25 1.12798329153
782.5 1.12910208428
783.75 1.13021802486
785.0 1.1313311517
786.25 1.13244150361
787.5 1.13354911978
788.75 1.13465403976
790.0 1.13575630343
791.25 1.13685595104
792.5 1.13795302317
793.75 1.13904756072
795.0 1.14013960492
796.25 1.14122919732
797.5 1.14231637975
798.75 1.14340119436
800.0 1.14448368358
801.25 1.14556389011
802.5 1.14664186384
803.75 1.14771763593
805.0 1.14879125719
806.25 1.14986277141
807.5 1.15093222264
808.75 1.15199965522
810.0 1.1530651137