-60.0 -3.14425710565
-59.0 -3.09241590171
-58.0 -3.04071450111
-57.0 -2.98917316791
-56.0 -2.93781010082
-55.0 -2.88663975355
-54.0 -2.83567108173
-53.0 -2.78490587967
-52.0 -2.7343373926
-51.0 -2.68394939051
-50.0 -2.63371586458
-49.0 -2.58360145603
-48.0 -2.5335626545
-47.0 -2.48354971816
-46.0 -2.433509184
-45.0 -2.38338677401
-44.0 -2.33313037997
-43.0 -2.28269295781
-42.0 -2.23203495269
-41.0 -2.18112612283
-40.0 -2.12994660638
-39.0 -2.0784871734
-38.0 -2.0267487132
-37.0 -1.97474107516
-36.0 -1.92248143552
-35.0 -1.86999239038
-34.0 -1.81729997626
-33.0 -1.76443179538
-32.0 -1.71141538302
-31.0 -1.65827690445
-30.0 -1.60504021949
-29.0 -1.5517263084
-28.0 -1.49835301985
-27.0 -1.44493507991
-26.0 -1.39148429255
-25.0 -1.33800986246
-24.0 -1.28451877981
-23.0 -1.23101621841
-22.0 -1.17750591303
-21.0 -1.12399049433
-20.0 -1.07047177109
-19.0 -1.01695095771
-18.0 -0.963428850553
-17.0 -0.909905959716
-16.0 -0.856382604433
-15.0 -0.802858979886
-14.0 -0.749335202663
-13.0 -0.695811340798
-12.0 -0.642287433069
-11.0 -0.588763501062
-10.0 -0.535239556506
-9.0 -0.481715605621
-8.0 -0.428191651625
-7.0 -0.374667696139
-6.0 -0.32114373996
-5.0 -0.267619783467
-4.0 -0.214095826838
-3.0 -0.160571870151
-2.0 -0.107047913441
-1.0 -0.0535239567221
1.0 0.0535239567221
2.0 0.107047913441
3.0 0.160571870151
4.0 0.214095826838
5.0 0.267619783467
6.0 0.32114373996
7.0 0.374667696139
8.0 0.428191651625
9.0 0.481715605621
10.0 0.535239556506
11.0 0.588763501062
12.0 0.642287433069
13.0 0.695811340798
14.0 0.749335202663
15.0 0.802858979886
16.0 0.856382604433
17.0 0.909905959716
18.0 0.963428850553
19.0 1.01695095771
20.0 1.07047177109
21.0 1.12399049433
22.0 1.17750591303
23.0 1.23101621841
24.0 1.28451877981
25.0 1.33800986246
26.0 1.39148429255
27.0 1.44493507991
28.0 1.49835301985
29.0 1.5517263084
30.0 1.60504021949
31.0 1.65827690445
32.0 1.71141538302
33.0 1.76443179538
34.0 1.81729997626
35.0 1.86999239038
36.0 1.92248143552
37.0 1.97474107516
38.0 2.0267487132
39.0 2.0784871734
40.0 2.12994660638
41.0 2.18112612283
42.0 2.23203495269
43.0 2.28269295781
44.0 2.33313037997
45.0 2.38338677401
46.0 2.433509184
47.0 2.48354971816
48.0 2.5335626545
49.0 2.58360145603
50.0 2.63371586458
51.0 2.68394939051
52.0 2.7343373926
53.0 2.78490587967
54.0 2.83567108173
55.0 2.88663975355
56.0 2.93781010082
57.0 2.98917316791
58.0 3.04071450111
59.0 3.09241590171
60.0 3.14425710565