-600.0 -1445472.06963
-590.0 -1421380.86847
-580.0 -1397289.66731
-570.0 -1373198.46615
-560.0 -1349107.26498
-550.0 -1325016.06382
-540.0 -1300924.86266
-530.0 -1276833.6615
-520.0 -1252742.46034
-510.0 -1228651.25918
-500.0 -1204560.05802
-490.0 -1180468.85686
-480.0 -1156377.6557
-470.0 -1132286.45454
-460.0 -1108195.25338
-450.0 -1084104.05222
-440.0 -1060012.85106
-430.0 -1035921.6499
-420.0 -1011830.44874
-410.0 -987739.247578
-400.0 -963648.046418
-390.0 -939556.845257
-380.0 -915465.644097
-370.0 -891374.442936
-360.0 -867283.241776
-350.0 -843192.040615
-340.0 -819100.839455
-330.0 -795009.638295
-320.0 -770918.437134
-310.0 -746827.235974
-300.0 -722736.034813
-290.0 -698644.833653
-280.0 -674553.632492
-270.0 -650462.431332
-260.0 -626371.230171
-250.0 -602280.029011
-240.0 -578188.827851
-230.0 -554097.62669
-220.0 -530006.42553
-210.0 -505915.224369
-200.0 -481824.023209
-190.0 -457732.822048
-180.0 -433641.620888
-170.0 -409550.419728
-160.0 -385459.218567
-150.0 -361368.017407
-140.0 -337276.816246
-130.0 -313185.615086
-120.0 -289094.413925
-110.0 -265003.212765
-100.0 -240912.011604
-90.0 -216820.810444
-80.0 -192729.609284
-70.0 -168638.408123
-60.0 -144547.206963
-50.0 -120456.005802
-40.0 -96364.8046418
-30.0 -72273.6034813
-20.0 -48182.4023209
-10.0 -24091.2011604
1.0 2409.12011604
10.0 24091.2011604
20.0 48182.4023209
30.0 72273.6034813
40.0 96364.8046418
50.0 120456.005802
60.0 144547.206963
70.0 168638.408123
80.0 192729.609284
90.0 216820.810444
100.0 240912.011604
110.0 265003.212765
120.0 289094.413925
130.0 313185.615086
140.0 337276.816246
150.0 361368.017407
160.0 385459.218567
170.0 409550.419728
180.0 433641.620888
190.0 457732.822048
200.0 481824.023209
210.0 505915.224369
220.0 530006.42553
230.0 554097.62669
240.0 578188.827851
250.0 602280.029011
260.0 626371.230171
270.0 650462.431332
280.0 674553.632492
290.0 698644.833653
300.0 722736.034813
310.0 746827.235974
320.0 770918.437134
330.0 795009.638295
340.0 819100.839455
350.0 843192.040615
360.0 867283.241776
370.0 891374.442936
380.0 915465.644097
390.0 939556.845257
400.0 963648.046418
410.0 987739.247578
420.0 1011830.44874
430.0 1035921.6499
440.0 1060012.85106
450.0 1084104.05222
460.0 1108195.25338
470.0 1132286.45454
480.0 1156377.6557
490.0 1180468.85686
500.0 1204560.05802
510.0 1228651.25918
520.0 1252742.46034
530.0 1276833.6615
540.0 1300924.86266
550.0 1325016.06382
560.0 1349107.26498
570.0 1373198.46615
580.0 1397289.66731
590.0 1421380.86847
600.0 1445472.06963