-110.0 -9742.85908135
-108.0 -9565.71618896
-106.0 -9388.57329657
-104.0 -9211.43040418
-102.0 -9034.2875118
-100.0 -8857.14461941
-98.0 -8680.00172702
-96.0 -8502.85883463
-94.0 -8325.71594224
-92.0 -8148.57304986
-90.0 -7971.43015747
-88.0 -7794.28726508
-86.0 -7617.14437269
-84.0 -7440.0014803
-82.0 -7262.85858791
-80.0 -7085.71569553
-78.0 -6908.57280314
-76.0 -6731.42991075
-74.0 -6554.28701836
-72.0 -6377.14412597
-70.0 -6200.00123359
-68.0 -6022.8583412
-66.0 -5845.71544881
-64.0 -5668.57255642
-62.0 -5491.42966403
-60.0 -5314.28677164
-58.0 -5137.14387926
-56.0 -4960.00098687
-54.0 -4782.85809448
-52.0 -4605.71520209
-50.0 -4428.5723097
-48.0 -4251.42941732
-46.0 -4074.28652493
-44.0 -3897.14363254
-42.0 -3720.00074015
-40.0 -3542.85784776
-38.0 -3365.71495538
-36.0 -3188.57206299
-34.0 -3011.4291706
-32.0 -2834.28627821
-30.0 -2657.14338582
-28.0 -2480.00049343
-26.0 -2302.85760105
-24.0 -2125.71470866
-22.0 -1948.57181627
-20.0 -1771.42892388
-18.0 -1594.28603149
-16.0 -1417.14313911
-14.0 -1240.00024672
-12.0 -1062.85735433
-10.0 -885.714461941
-8.0 -708.571569553
-6.0 -531.428677164
-4.0 -354.285784776
-2.0 -177.142892388
1.0 88.5714461941
2.0 177.142892388
4.0 354.285784776
6.0 531.428677164
8.0 708.571569553
10.0 885.714461941
12.0 1062.85735433
14.0 1240.00024672
16.0 1417.14313911
18.0 1594.28603149
20.0 1771.42892388
22.0 1948.57181627
24.0 2125.71470866
26.0 2302.85760105
28.0 2480.00049343
30.0 2657.14338582
32.0 2834.28627821
34.0 3011.4291706
36.0 3188.57206299
38.0 3365.71495538
40.0 3542.85784776
42.0 3720.00074015
44.0 3897.14363254
46.0 4074.28652493
48.0 4251.42941732
50.0 4428.5723097
52.0 4605.71520209
54.0 4782.85809448
56.0 4960.00098687
58.0 5137.14387926
60.0 5314.28677164
62.0 5491.42966403
64.0 5668.57255642
66.0 5845.71544881
68.0 6022.8583412
70.0 6200.00123359
72.0 6377.14412597
74.0 6554.28701836
76.0 6731.42991075
78.0 6908.57280314
80.0 7085.71569553
82.0 7262.85858791
84.0 7440.0014803
86.0 7617.14437269
88.0 7794.28726508
90.0 7971.43015747
92.0 8148.57304986
94.0 8325.71594224
96.0 8502.85883463
98.0 8680.00172702
100.0 8857.14461941
102.0 9034.2875118
104.0 9211.43040418
106.0 9388.57329657
108.0 9565.71618896
110.0 9742.85908135