-110.0 -10534.459007
-108.0 -10342.9233887
-106.0 -10151.3877704
-104.0 -9959.85215208
-102.0 -9768.31653377
-100.0 -9576.78091547
-98.0 -9385.24529716
-96.0 -9193.70967885
-94.0 -9002.17406054
-92.0 -8810.63844223
-90.0 -8619.10282392
-88.0 -8427.56720561
-86.0 -8236.0315873
-84.0 -8044.49596899
-82.0 -7852.96035068
-80.0 -7661.42473237
-78.0 -7469.88911406
-76.0 -7278.35349575
-74.0 -7086.81787744
-72.0 -6895.28225914
-70.0 -6703.74664083
-68.0 -6512.21102252
-66.0 -6320.67540421
-64.0 -6129.1397859
-62.0 -5937.60416759
-60.0 -5746.06854928
-58.0 -5554.53293097
-56.0 -5362.99731266
-54.0 -5171.46169435
-52.0 -4979.92607604
-50.0 -4788.39045773
-48.0 -4596.85483942
-46.0 -4405.31922111
-44.0 -4213.7836028
-42.0 -4022.2479845
-40.0 -3830.71236619
-38.0 -3639.17674788
-36.0 -3447.64112957
-34.0 -3256.10551126
-32.0 -3064.56989295
-30.0 -2873.03427464
-28.0 -2681.49865633
-26.0 -2489.96303802
-24.0 -2298.42741971
-22.0 -2106.8918014
-20.0 -1915.35618309
-18.0 -1723.82056478
-16.0 -1532.28494647
-14.0 -1340.74932817
-12.0 -1149.21370986
-10.0 -957.678091547
-8.0 -766.142473237
-6.0 -574.606854928
-4.0 -383.071236619
-2.0 -191.535618309
1.0 95.7678091547
2.0 191.535618309
4.0 383.071236619
6.0 574.606854928
8.0 766.142473237
10.0 957.678091547
12.0 1149.21370986
14.0 1340.74932817
16.0 1532.28494647
18.0 1723.82056478
20.0 1915.35618309
22.0 2106.8918014
24.0 2298.42741971
26.0 2489.96303802
28.0 2681.49865633
30.0 2873.03427464
32.0 3064.56989295
34.0 3256.10551126
36.0 3447.64112957
38.0 3639.17674788
40.0 3830.71236619
42.0 4022.2479845
44.0 4213.7836028
46.0 4405.31922111
48.0 4596.85483942
50.0 4788.39045773
52.0 4979.92607604
54.0 5171.46169435
56.0 5362.99731266
58.0 5554.53293097
60.0 5746.06854928
62.0 5937.60416759
64.0 6129.1397859
66.0 6320.67540421
68.0 6512.21102252
70.0 6703.74664083
72.0 6895.28225914
74.0 7086.81787744
76.0 7278.35349575
78.0 7469.88911406
80.0 7661.42473237
82.0 7852.96035068
84.0 8044.49596899
86.0 8236.0315873
88.0 8427.56720561
90.0 8619.10282392
92.0 8810.63844223
94.0 9002.17406054
96.0 9193.70967885
98.0 9385.24529716
100.0 9576.78091547
102.0 9768.31653377
104.0 9959.85215208
106.0 10151.3877704
108.0 10342.9233887
110.0 10534.459007