-600.0 -1835.67159484
-595.0 -1820.37433155
-590.0 -1805.07706826
-585.0 -1789.77980497
-580.0 -1774.48254168
-575.0 -1759.18527839
-570.0 -1743.8880151
-565.0 -1728.59075181
-560.0 -1713.29348852
-555.0 -1697.99622523
-550.0 -1682.69896194
-545.0 -1667.40169865
-540.0 -1652.10443536
-535.0 -1636.80717207
-530.0 -1621.50990878
-525.0 -1606.21264549
-520.0 -1590.9153822
-515.0 -1575.61811891
-510.0 -1560.32085561
-505.0 -1545.02359232
-500.0 -1529.72632903
-495.0 -1514.42906574
-490.0 -1499.13180245
-485.0 -1483.83453916
-480.0 -1468.53727587
-475.0 -1453.24001258
-470.0 -1437.94274929
-465.0 -1422.645486
-460.0 -1407.34822271
-455.0 -1392.05095942
-450.0 -1376.75369613
-445.0 -1361.45643284
-440.0 -1346.15916955
-435.0 -1330.86190626
-430.0 -1315.56464297
-425.0 -1300.26737968
-420.0 -1284.97011639
-415.0 -1269.6728531
-410.0 -1254.37558981
-405.0 -1239.07832652
-400.0 -1223.78106323
-395.0 -1208.48379994
-390.0 -1193.18653665
-385.0 -1177.88927336
-380.0 -1162.59201007
-375.0 -1147.29474678
-370.0 -1131.99748349
-365.0 -1116.7002202
-360.0 -1101.4029569
-355.0 -1086.10569361
-350.0 -1070.80843032
-345.0 -1055.51116703
-340.0 -1040.21390374
-335.0 -1024.91664045
-330.0 -1009.61937716
-325.0 -994.322113872
-320.0 -979.024850582
-315.0 -963.727587292
-310.0 -948.430324001
-305.0 -933.133060711
0.0 -917.835797421
-295.0 -902.53853413
-290.0 -887.24127084
-285.0 -871.94400755
-280.0 -856.646744259
-275.0 -841.349480969
-270.0 -826.052217679
-265.0 -810.754954388
-260.0 -795.457691098
-255.0 -780.160427807
-250.0 -764.863164517
-245.0 -749.565901227
-240.0 -734.268637936
-235.0 -718.971374646
-230.0 -703.674111356
-225.0 -688.376848065
-220.0 -673.079584775
-215.0 -657.782321485
-210.0 -642.485058194
-205.0 -627.187794904
-200.0 -611.890531614
-195.0 -596.593268323
-190.0 -581.296005033
-185.0 -565.998741743
-180.0 -550.701478452
-175.0 -535.404215162
-170.0 -520.106951872
-165.0 -504.809688581
-160.0 -489.512425291
-155.0 -474.215162001
-150.0 -458.91789871
-145.0 -443.62063542
-140.0 -428.32337213
-135.0 -413.026108839
-130.0 -397.728845549
-125.0 -382.431582259
-120.0 -367.134318968
-115.0 -351.837055678
-110.0 -336.539792388
-105.0 -321.242529097
-100.0 -305.945265807
-95.0 -290.648002517
-90.0 -275.350739226
-85.0 -260.053475936
-80.0 -244.756212645
-75.0 -229.458949355
-70.0 -214.161686065
-65.0 -198.864422774
-60.0 -183.567159484
-55.0 -168.269896194
-50.0 -152.972632903
-45.0 -137.675369613
-40.0 -122.378106323
-35.0 -107.080843032
-30.0 -91.7835797421
-25.0 -76.4863164517
-20.0 -61.1890531614
-15.0 -45.891789871
-10.0 -30.5945265807
-5.0 -15.2972632903
5.0 15.2972632903
10.0 30.5945265807
15.0 45.891789871
20.0 61.1890531614
25.0 76.4863164517
30.0 91.7835797421
35.0 107.080843032
40.0 122.378106323
45.0 137.675369613
50.0 152.972632903
55.0 168.269896194
60.0 183.567159484
65.0 198.864422774
70.0 214.161686065
75.0 229.458949355
80.0 244.756212645
85.0 260.053475936
90.0 275.350739226
95.0 290.648002517
100.0 305.945265807
105.0 321.242529097
110.0 336.539792388
115.0 351.837055678
120.0 367.134318968
125.0 382.431582259
130.0 397.728845549
135.0 413.026108839
140.0 428.32337213
145.0 443.62063542
150.0 458.91789871
155.0 474.215162001
160.0 489.512425291
165.0 504.809688581
170.0 520.106951872
175.0 535.404215162
180.0 550.701478452
185.0 565.998741743
190.0 581.296005033
195.0 596.593268323
200.0 611.890531614
205.0 627.187794904
210.0 642.485058194
215.0 657.782321485
220.0 673.079584775
225.0 688.376848065
230.0 703.674111356
235.0 718.971374646
240.0 734.268637936
245.0 749.565901227
250.0 764.863164517
255.0 780.160427807
260.0 795.457691098
265.0 810.754954388
270.0 826.052217679
275.0 841.349480969
280.0 856.646744259
285.0 871.94400755
290.0 887.24127084
295.0 902.53853413
300.0 917.835797421
305.0 933.133060711
310.0 948.430324001
315.0 963.727587292
320.0 979.024850582
325.0 994.322113872
330.0 1009.61937716
335.0 1024.91664045
340.0 1040.21390374
345.0 1055.51116703
350.0 1070.80843032
355.0 1086.10569361
360.0 1101.4029569
365.0 1116.7002202
370.0 1131.99748349
375.0 1147.29474678
380.0 1162.59201007
385.0 1177.88927336
390.0 1193.18653665
395.0 1208.48379994
400.0 1223.78106323
405.0 1239.07832652
410.0 1254.37558981
415.0 1269.6728531
420.0 1284.97011639
425.0 1300.26737968
430.0 1315.56464297
435.0 1330.86190626
440.0 1346.15916955
445.0 1361.45643284
450.0 1376.75369613
455.0 1392.05095942
460.0 1407.34822271
465.0 1422.645486
470.0 1437.94274929
475.0 1453.24001258
480.0 1468.53727587
485.0 1483.83453916
490.0 1499.13180245
495.0 1514.42906574
500.0 1529.72632903
505.0 1545.02359232
510.0 1560.32085561
515.0 1575.61811891
520.0 1590.9153822
525.0 1606.21264549
530.0 1621.50990878
535.0 1636.80717207
540.0 1652.10443536
545.0 1667.40169865
550.0 1682.69896194
555.0 1697.99622523
560.0 1713.29348852
565.0 1728.59075181
570.0 1743.8880151
575.0 1759.18527839
580.0 1774.48254168
585.0 1789.77980497
590.0 1805.07706826
595.0 1820.37433155
600.0 1835.67159484