-110.0 -413.494809689
-108.0 -405.97672224
-106.0 -398.458634791
-104.0 -390.940547342
-102.0 -383.422459893
-100.0 -375.904372444
-98.0 -368.386284995
-96.0 -360.868197546
-94.0 -353.350110098
-92.0 -345.832022649
-90.0 -338.3139352
-88.0 -330.795847751
-86.0 -323.277760302
-84.0 -315.759672853
-82.0 -308.241585404
-80.0 -300.723497955
-78.0 -293.205410506
-76.0 -285.687323058
-74.0 -278.169235609
-72.0 -270.65114816
-70.0 -263.133060711
-68.0 -255.614973262
-66.0 -248.096885813
-64.0 -240.578798364
-62.0 -233.060710915
-60.0 -225.542623466
-58.0 -218.024536018
-56.0 -210.506448569
-54.0 -202.98836112
-52.0 -195.470273671
-50.0 -187.952186222
-48.0 -180.434098773
-46.0 -172.916011324
-44.0 -165.397923875
-42.0 -157.879836427
-40.0 -150.361748978
-38.0 -142.843661529
-36.0 -135.32557408
-34.0 -127.807486631
-32.0 -120.289399182
-30.0 -112.771311733
-28.0 -105.253224284
-26.0 -97.7351368355
-24.0 -90.2170493866
-22.0 -82.6989619377
-20.0 -75.1808744888
-18.0 -67.6627870399
-16.0 -60.1446995911
-14.0 -52.6266121422
-12.0 -45.1085246933
-10.0 -37.5904372444
-8.0 -30.0723497955
-6.0 -22.5542623466
-4.0 -15.0361748978
-2.0 -7.51808744888
1.0 3.75904372444
2.0 7.51808744888
4.0 15.0361748978
6.0 22.5542623466
8.0 30.0723497955
10.0 37.5904372444
12.0 45.1085246933
14.0 52.6266121422
16.0 60.1446995911
18.0 67.6627870399
20.0 75.1808744888
22.0 82.6989619377
24.0 90.2170493866
26.0 97.7351368355
28.0 105.253224284
30.0 112.771311733
32.0 120.289399182
34.0 127.807486631
36.0 135.32557408
38.0 142.843661529
40.0 150.361748978
42.0 157.879836427
44.0 165.397923875
46.0 172.916011324
48.0 180.434098773
50.0 187.952186222
52.0 195.470273671
54.0 202.98836112
56.0 210.506448569
58.0 218.024536018
60.0 225.542623466
62.0 233.060710915
64.0 240.578798364
66.0 248.096885813
68.0 255.614973262
70.0 263.133060711
72.0 270.65114816
74.0 278.169235609
76.0 285.687323058
78.0 293.205410506
80.0 300.723497955
82.0 308.241585404
84.0 315.759672853
86.0 323.277760302
88.0 330.795847751
90.0 338.3139352
92.0 345.832022649
94.0 353.350110098
96.0 360.868197546
98.0 368.386284995
100.0 375.904372444
102.0 383.422459893
104.0 390.940547342
106.0 398.458634791
108.0 405.97672224
110.0 413.494809689