-100.0 -101.042868128
-98.0 -99.0220107651
-96.0 -97.0011534025
-94.0 -94.98029604
-92.0 -92.9594386774
-90.0 -90.9385813149
-88.0 -88.9177239523
-86.0 -86.8968665898
-84.0 -84.8760092272
-82.0 -82.8551518647
-80.0 -80.8342945021
-78.0 -78.8134371396
-76.0 -76.792579777
-74.0 -74.7717224145
-72.0 -72.7508650519
-70.0 -70.7300076894
-68.0 -68.7091503268
-66.0 -66.6882929642
-64.0 -64.6674356017
-62.0 -62.6465782391
-60.0 -60.6257208766
-58.0 -58.604863514
-56.0 -56.5840061515
-54.0 -54.5631487889
-52.0 -52.5422914264
-50.0 -50.5214340638
-48.0 -48.5005767013
-46.0 -46.4797193387
-44.0 -44.4588619762
-42.0 -42.4380046136
-40.0 -40.4171472511
-38.0 -38.3962898885
-36.0 -36.375432526
-34.0 -34.3545751634
-32.0 -32.3337178008
-30.0 -30.3128604383
-28.0 -28.2920030757
-26.0 -26.2711457132
-24.0 -24.2502883506
-22.0 -22.2294309881
-20.0 -20.2085736255
-18.0 -18.187716263
-16.0 -16.1668589004
-14.0 -14.1460015379
-12.0 -12.1251441753
-10.0 -10.1042868128
-8.0 -8.08342945021
-6.0 -6.06257208766
-4.0 -4.04171472511
-2.0 -2.02085736255
1.0 1.01042868128
2.0 2.02085736255
4.0 4.04171472511
6.0 6.06257208766
8.0 8.08342945021
10.0 10.1042868128
12.0 12.1251441753
14.0 14.1460015379
16.0 16.1668589004
18.0 18.187716263
20.0 20.2085736255
22.0 22.2294309881
24.0 24.2502883506
26.0 26.2711457132
28.0 28.2920030757
30.0 30.3128604383
32.0 32.3337178008
34.0 34.3545751634
36.0 36.375432526
38.0 38.3962898885
40.0 40.4171472511
42.0 42.4380046136
44.0 44.4588619762
46.0 46.4797193387
48.0 48.5005767013
50.0 50.5214340638
52.0 52.5422914264
54.0 54.5631487889
56.0 56.5840061515
58.0 58.604863514
60.0 60.6257208766
62.0 62.6465782391
64.0 64.6674356017
66.0 66.6882929642
68.0 68.7091503268
70.0 70.7300076894
72.0 72.7508650519
74.0 74.7717224145
76.0 76.792579777
78.0 78.8134371396
80.0 80.8342945021
82.0 82.8551518647
84.0 84.8760092272
86.0 86.8968665898
88.0 88.9177239523
90.0 90.9385813149
92.0 92.9594386774
94.0 94.98029604
96.0 97.0011534025
98.0 99.0220107651
100.0 101.042868128