-86.0 -7755848.03396
-84.0 -7575479.47503
-82.0 -7395110.9161
-80.0 -7214742.35717
-78.0 -7034373.79824
-76.0 -6854005.23931
-74.0 -6673636.68038
-72.0 -6493268.12145
-70.0 -6312899.56252
-68.0 -6132531.00359
-66.0 -5952162.44467
-64.0 -5771793.88574
-62.0 -5591425.32681
-60.0 -5411056.76788
-58.0 -5230688.20895
-56.0 -5050319.65002
-54.0 -4869951.09109
-52.0 -4689582.53216
-50.0 -4509213.97323
-48.0 -4328845.4143
-46.0 -4148476.85537
-44.0 -3968108.29644
-42.0 -3787739.73751
-40.0 -3607371.17859
-38.0 -3427002.61966
-36.0 -3246634.06073
-34.0 -3066265.5018
-32.0 -2885896.94287
-30.0 -2705528.38394
-28.0 -2525159.82501
-26.0 -2344791.26608
-24.0 -2164422.70715
-22.0 -1984054.14822
-20.0 -1803685.58929
-18.0 -1623317.03036
-16.0 -1442948.47143
-14.0 -1262579.9125
-12.0 -1082211.35358
-10.0 -901842.794646
-8.0 -721474.235717
-6.0 -541105.676788
-4.0 -360737.117859
-2.0 -180368.558929
1.0 90184.2794646
2.0 180368.558929
4.0 360737.117859
6.0 541105.676788
8.0 721474.235717
10.0 901842.794646
12.0 1082211.35358
14.0 1262579.9125
16.0 1442948.47143
18.0 1623317.03036
20.0 1803685.58929
22.0 1984054.14822
24.0 2164422.70715
26.0 2344791.26608
28.0 2525159.82501
30.0 2705528.38394
32.0 2885896.94287
34.0 3066265.5018
36.0 3246634.06073
38.0 3427002.61966
40.0 3607371.17859
42.0 3787739.73751
44.0 3968108.29644
46.0 4148476.85537
48.0 4328845.4143
50.0 4509213.97323
52.0 4689582.53216
54.0 4869951.09109
56.0 5050319.65002
58.0 5230688.20895
60.0 5411056.76788
62.0 5591425.32681
64.0 5771793.88574
66.0 5952162.44467
68.0 6132531.00359
70.0 6312899.56252
72.0 6493268.12145
74.0 6673636.68038
76.0 6854005.23931
78.0 7034373.79824
80.0 7214742.35717
82.0 7395110.9161
84.0 7575479.47503
86.0 7755848.03396