-400.0 -1.370447
-393.7537 -1.353176
-387.5075 -1.3356
-381.2612 -1.317718
-375.015 -1.299529
-368.7687 -1.281035
-362.5225 -1.262235
-356.2762 -1.243129
-350.03 -1.223717
-343.7837 -1.204
-337.5375 -1.183976
-331.2912 -1.163647
-325.045 -1.143012
-318.7987 -1.12207
-312.5525 -1.100823
-306.3062 -1.07927
-300.06 -1.057411
0.0 0.0
300.06 1.057411
306.3062 1.07927
312.5525 1.100823
318.7987 1.12207
325.045 1.143012
331.2912 1.163647
337.5375 1.183976
343.7837 1.204
350.03 1.223717
356.2762 1.243129
362.5225 1.262235
368.7687 1.281035
375.015 1.299529
381.2612 1.317718
387.5075 1.3356
393.7537 1.353176
400.0 1.370447