-400.0 -1.641155
-389.23 -1.612774
-378.46 -1.583031
-367.69 -1.551927
-356.92 -1.519461
-346.15 -1.485633
-335.38 -1.450443
-324.61 -1.413891
-313.84 -1.375978
-303.07 -1.336703
-292.3 -1.296067
-281.53 -1.254068
-270.76 -1.210708
-259.99 -1.165986
-249.22 -1.119902
-238.45 -1.072457
-227.68 -1.023649
0.0 0.0
227.68 1.023649
238.45 1.072457
249.22 1.119902
259.99 1.165986
270.76 1.210708
281.53 1.254068
292.3 1.296067
303.07 1.336703
313.84 1.375978
324.61 1.413891
335.38 1.450443
346.15 1.485633
356.92 1.519461
367.69 1.551927
378.46 1.583031
389.23 1.612774
400.0 1.641155