-400.0 -0.845407
-389.145 -0.832668
-378.29 -0.81908
-367.435 -0.804644
-356.58 -0.78936
-345.725 -0.773227
-334.87 -0.756246
-324.015 -0.738416
-313.16 -0.719738
-302.305 -0.700212
-291.45 -0.679837
-280.595 -0.658614
-269.74 -0.636543
-258.885 -0.613623
-248.03 -0.589855
-237.175 -0.565238
-226.32 -0.539773
0.0 0.0
226.32 0.539773
237.175 0.565238
248.03 0.589855
258.885 0.613623
269.74 0.636543
280.595 0.658614
291.45 0.679837
302.305 0.700212
313.16 0.719738
324.015 0.738416
334.87 0.756246
345.725 0.773227
356.58 0.78936
367.435 0.804644
378.29 0.81908
389.145 0.832668
400.0 0.845407