-600.0 -69076.938734
-595.0 -68501.2975779
-590.0 -67925.6564217
-585.0 -67350.0152656
-580.0 -66774.3741095
-575.0 -66198.7329534
-570.0 -65623.0917973
-565.0 -65047.4506412
-560.0 -64471.809485
-555.0 -63896.1683289
-550.0 -63320.5271728
-545.0 -62744.8860167
-540.0 -62169.2448606
-535.0 -61593.6037045
-530.0 -61017.9625483
-525.0 -60442.3213922
-520.0 -59866.6802361
-515.0 -59291.03908
-510.0 -58715.3979239
-505.0 -58139.7567678
-500.0 -57564.1156116
-495.0 -56988.4744555
-490.0 -56412.8332994
-485.0 -55837.1921433
-480.0 -55261.5509872
-475.0 -54685.9098311
-470.0 -54110.2686749
-465.0 -53534.6275188
-460.0 -52958.9863627
-455.0 -52383.3452066
-450.0 -51807.7040505
-445.0 -51232.0628944
-440.0 -50656.4217382
-435.0 -50080.7805821
-430.0 -49505.139426
-425.0 -48929.4982699
-420.0 -48353.8571138
-415.0 -47778.2159577
-410.0 -47202.5748015
-405.0 -46626.9336454
-400.0 -46051.2924893
-395.0 -45475.6513332
-390.0 -44900.0101771
-385.0 -44324.369021
-380.0 -43748.7278648
-375.0 -43173.0867087
-370.0 -42597.4455526
-365.0 -42021.8043965
-360.0 -41446.1632404
-355.0 -40870.5220843
-350.0 -40294.8809281
-345.0 -39719.239772
-340.0 -39143.5986159
-335.0 -38567.9574598
-330.0 -37992.3163037
-325.0 -37416.6751476
-320.0 -36841.0339915
-315.0 -36265.3928353
-310.0 -35689.7516792
-305.0 -35114.1105231
-300.0 -34538.469367
-295.0 -33962.8282109
-290.0 -33387.1870548
-285.0 -32811.5458986
-280.0 -32235.9047425
-275.0 -31660.2635864
-270.0 -31084.6224303
-265.0 -30508.9812742
-260.0 -29933.3401181
-255.0 -29357.6989619
-250.0 -28782.0578058
-245.0 -28206.4166497
-240.0 -27630.7754936
-235.0 -27055.1343375
-230.0 -26479.4931814
-225.0 -25903.8520252
-220.0 -25328.2108691
-215.0 -24752.569713
-210.0 -24176.9285569
-205.0 -23601.2874008
-200.0 -23025.6462447
-195.0 -22450.0050885
-190.0 -21874.3639324
-185.0 -21298.7227763
-180.0 -20723.0816202
-175.0 -20147.4404641
-170.0 -19571.799308
-165.0 -18996.1581518
-160.0 -18420.5169957
-155.0 -17844.8758396
-150.0 -17269.2346835
-145.0 -16693.5935274
-140.0 -16117.9523713
-135.0 -15542.3112151
-130.0 -14966.670059
-125.0 -14391.0289029
-120.0 -13815.3877468
-115.0 -13239.7465907
-110.0 -12664.1054346
-105.0 -12088.4642784
-100.0 -11512.8231223
-95.0 -10937.1819662
-90.0 -10361.5408101
-85.0 -9785.89965398
-80.0 -9210.25849786
-75.0 -8634.61734175
-70.0 -8058.97618563
-65.0 -7483.33502951
-60.0 -6907.6938734
-55.0 -6332.05271728
-50.0 -5756.41156116
-45.0 -5180.77040505
-40.0 -4605.12924893
-35.0 -4029.48809281
-30.0 -3453.8469367
-25.0 -2878.20578058
-20.0 -2302.56462447
-15.0 -1726.92346835
-10.0 -1151.28231223
-5.0 -575.641156116
1.0 115.128231223
5.0 575.641156116
10.0 1151.28231223
15.0 1726.92346835
20.0 2302.56462447
25.0 2878.20578058
30.0 3453.8469367
35.0 4029.48809281
40.0 4605.12924893
45.0 5180.77040505
50.0 5756.41156116
55.0 6332.05271728
60.0 6907.6938734
65.0 7483.33502951
70.0 8058.97618563
75.0 8634.61734175
80.0 9210.25849786
85.0 9785.89965398
90.0 10361.5408101
95.0 10937.1819662
100.0 11512.8231223
105.0 12088.4642784
110.0 12664.1054346
115.0 13239.7465907
120.0 13815.3877468
125.0 14391.0289029
130.0 14966.670059
135.0 15542.3112151
140.0 16117.9523713
145.0 16693.5935274
150.0 17269.2346835
155.0 17844.8758396
160.0 18420.5169957
165.0 18996.1581518
170.0 19571.799308
175.0 20147.4404641
180.0 20723.0816202
185.0 21298.7227763
190.0 21874.3639324
195.0 22450.0050885
200.0 23025.6462447
205.0 23601.2874008
210.0 24176.9285569
215.0 24752.569713
220.0 25328.2108691
225.0 25903.8520252
230.0 26479.4931814
235.0 27055.1343375
240.0 27630.7754936
245.0 28206.4166497
250.0 28782.0578058
255.0 29357.6989619
260.0 29933.3401181
265.0 30508.9812742
270.0 31084.6224303
275.0 31660.2635864
280.0 32235.9047425
285.0 32811.5458986
290.0 33387.1870548
295.0 33962.8282109
300.0 34538.469367
305.0 35114.1105231
310.0 35689.7516792
315.0 36265.3928353
320.0 36841.0339915
325.0 37416.6751476
330.0 37992.3163037
335.0 38567.9574598
340.0 39143.5986159
345.0 39719.239772
350.0 40294.8809281
355.0 40870.5220843
360.0 41446.1632404
365.0 42021.8043965
370.0 42597.4455526
375.0 43173.0867087
380.0 43748.7278648
385.0 44324.369021
390.0 44900.0101771
395.0 45475.6513332
400.0 46051.2924893
405.0 46626.9336454
410.0 47202.5748015
415.0 47778.2159577
420.0 48353.8571138
425.0 48929.4982699
430.0 49505.139426
435.0 50080.7805821
440.0 50656.4217382
445.0 51232.0628944
450.0 51807.7040505
455.0 52383.3452066
460.0 52958.9863627
465.0 53534.6275188
470.0 54110.2686749
475.0 54685.9098311
480.0 55261.5509872
485.0 55837.1921433
490.0 56412.8332994
495.0 56988.4744555
500.0 57564.1156116
505.0 58139.7567678
510.0 58715.3979239
515.0 59291.03908
520.0 59866.6802361
525.0 60442.3213922
530.0 61017.9625483
535.0 61593.6037045
540.0 62169.2448606
545.0 62744.8860167
550.0 63320.5271728
555.0 63896.1683289
560.0 64471.809485
565.0 65047.4506412
570.0 65623.0917973
575.0 66198.7329534
580.0 66774.3741095
585.0 67350.0152656
590.0 67925.6564217
595.0 68501.2975779
600.0 69076.938734