-400.0 -0.648958
-388.9531 -0.63749
-377.9063 -0.625482
-366.8594 -0.612934
-355.8125 -0.599848
-344.7656 -0.586221
-333.7188 -0.572056
-322.6719 -0.557351
-311.625 -0.542106
-300.5781 -0.526323
-289.5313 -0.51
-278.4844 -0.493137
-267.4375 -0.475735
-256.3906 -0.457794
-245.3438 -0.439313
-234.2969 -0.420293
-223.25 -0.400734
0.0 0.0
223.25 0.400734
234.2969 0.420293
245.3438 0.439313
256.3906 0.457794
267.4375 0.475735
278.4844 0.493137
289.5313 0.51
300.5781 0.526323
311.625 0.542106
322.6719 0.557351
333.7188 0.572056
344.7656 0.586221
355.8125 0.599848
366.8594 0.612934
377.9063 0.625482
388.9531 0.63749
400.0 0.648958