-600.0 -86.3421278336
-595.0 -85.7032295231
-590.0 -85.0612168377
-585.0 -84.4160708431
-580.0 -83.7677810243
-575.0 -83.1163450931
-570.0 -82.4617687567
-565.0 -81.8040654499
-560.0 -81.1432560348
-555.0 -80.4793684696
-550.0 -79.8124374516
-545.0 -79.1425040359
-540.0 -78.4696152347
-535.0 -77.7938235999
-530.0 -77.115186793
-525.0 -76.4337671447
-520.0 -75.749631209
-515.0 -75.0628493141
-510.0 -74.3734951135
-505.0 -73.6816451405
-500.0 -72.9873783684
-495.0 -72.2907757801
-490.0 -71.591919948
-485.0 -70.8908946285
-480.0 -70.1877843706
-475.0 -69.482674143
-470.0 -68.7756489788
-465.0 -68.0667936416
-460.0 -67.3561923112
-455.0 -66.6439282926
-450.0 -65.9300837469
-445.0 -65.2147394453
-440.0 -64.4979745462
-435.0 -63.7798663956
-430.0 -63.0604903503
-425.0 -62.3399196236
-420.0 -61.6182251533
-415.0 -60.8954754905
-410.0 -60.1717367096
-405.0 -59.4470723374
-400.0 -58.7215433017
-395.0 -57.9952078961
-390.0 -57.2681217629
-385.0 -56.54033789
-380.0 -55.8119066228
-375.0 -55.0828756886
-370.0 -54.3532902322
-365.0 -53.6231928634
-360.0 -52.8926237118
-355.0 -52.1616204916
-350.0 -51.4302185719
-345.0 -50.6984510538
-340.0 -49.9663488521
-335.0 -49.2339407804
-330.0 -48.5012536398
-325.0 -47.7683123096
-320.0 -47.0351398388
-315.0 -46.3017575386
-310.0 -45.5681850749
-305.0 -44.8344405595
-300.0 -44.1005406408
-295.0 -43.3665005923
-290.0 -42.6323343993
-285.0 -41.8980548427
-280.0 -41.163673581
-275.0 -40.4292012281
-270.0 -39.6946474287
-265.0 -38.9600209305
-260.0 -38.2253296521
-255.0 -37.4905807488
-250.0 -36.7557806732
-245.0 -36.020935234
-240.0 -35.2860496501
-235.0 -34.5511286016
-230.0 -33.8161762776
-225.0 -33.0811964211
-220.0 -32.3461923694
-215.0 -31.6111670933
-210.0 -30.8761232319
-205.0 -30.1410631253
-200.0 -29.4059888445
-195.0 -28.6709022193
-190.0 -27.9358048625
-185.0 -27.2006981939
-180.0 -26.4655834601
-175.0 -25.7304617541
-170.0 -24.9953340322
-165.0 -24.2602011296
-160.0 -23.5250637739
-155.0 -22.7899225982
-150.0 -22.0547781522
-145.0 -21.3196309119
-140.0 -20.584481289
-135.0 -19.8493296387
-130.0 -19.1141762669
-125.0 -18.3790214365
-120.0 -17.6438653729
-115.0 -16.9087082689
-110.0 -16.1735502894
-105.0 -15.4383915746
-100.0 -14.7032322438
-95.0 -13.9680723982
-90.0 -13.2329121236
-85.0 -12.4977514922
-80.0 -11.762590565
-75.0 -11.0274293931
-70.0 -10.2922680194
-65.0 -9.55710647994
-60.0 -8.82194480452
-55.0 -8.08678301805
-50.0 -7.35162114118
-45.0 -6.61645919097
-40.0 -5.88129718151
-35.0 -5.14613512436
-30.0 -4.41097302901
-25.0 -3.67581090319
-20.0 -2.9406487532
-15.0 -2.20548658416
-10.0 -1.47032440018
-5.0 -0.735162204576
1.0 0.147032441525
5.0 0.735162204576
10.0 1.47032440018
15.0 2.20548658416
20.0 2.9406487532
25.0 3.67581090319
30.0 4.41097302901
35.0 5.14613512436
40.0 5.88129718151
45.0 6.61645919097
50.0 7.35162114118
55.0 8.08678301805
60.0 8.82194480452
65.0 9.55710647994
70.0 10.2922680194
75.0 11.0274293931
80.0 11.762590565
85.0 12.4977514922
90.0 13.2329121236
95.0 13.9680723982
100.0 14.7032322438
105.0 15.4383915746
110.0 16.1735502894
115.0 16.9087082689
120.0 17.6438653729
125.0 18.3790214365
130.0 19.1141762669
135.0 19.8493296387
140.0 20.584481289
145.0 21.3196309119
150.0 22.0547781522
155.0 22.7899225982
160.0 23.5250637739
165.0 24.2602011296
170.0 24.9953340322
175.0 25.7304617541
180.0 26.4655834601
185.0 27.2006981939
190.0 27.9358048625
195.0 28.6709022193
200.0 29.4059888445
205.0 30.1410631253
210.0 30.8761232319
215.0 31.6111670933
220.0 32.3461923694
225.0 33.0811964211
230.0 33.8161762776
235.0 34.5511286016
240.0 35.2860496501
245.0 36.020935234
250.0 36.7557806732
255.0 37.4905807488
260.0 38.2253296521
265.0 38.9600209305
270.0 39.6946474287
275.0 40.4292012281
280.0 41.163673581
285.0 41.8980548427
290.0 42.6323343993
295.0 43.3665005923
300.0 44.1005406408
305.0 44.8344405595
310.0 45.5681850749
315.0 46.3017575386
320.0 47.0351398388
325.0 47.7683123096
330.0 48.5012536398
335.0 49.2339407804
340.0 49.9663488521
345.0 50.6984510538
350.0 51.4302185719
355.0 52.1616204916
360.0 52.8926237118
365.0 53.6231928634
370.0 54.3532902322
375.0 55.0828756886
380.0 55.8119066228
385.0 56.54033789
390.0 57.2681217629
395.0 57.9952078961
400.0 58.7215433017
405.0 59.4470723374
410.0 60.1717367096
415.0 60.8954754905
420.0 61.6182251533
425.0 62.3399196236
430.0 63.0604903503
435.0 63.7798663956
440.0 64.4979745462
445.0 65.2147394453
450.0 65.9300837469
455.0 66.6439282926
460.0 67.3561923112
465.0 68.0667936416
470.0 68.7756489788
475.0 69.482674143
480.0 70.1877843706
485.0 70.8908946285
490.0 71.591919948
495.0 72.2907757801
500.0 72.9873783684
505.0 73.6816451405
510.0 74.3734951135
515.0 75.0628493141
520.0 75.749631209
525.0 76.4337671447
530.0 77.115186793
535.0 77.7938235999
540.0 78.4696152347
545.0 79.1425040359
550.0 79.8124374516
555.0 80.4793684696
560.0 81.1432560348
565.0 81.8040654499
570.0 82.4617687567
575.0 83.1163450931
580.0 83.7677810243
585.0 84.4160708431
590.0 85.0612168377
595.0 85.7032295231
600.0 86.3421278336