-600.0 -132.471372799
-595.0 -131.541968401
-590.0 -130.615811831
-585.0 -129.692620104
-580.0 -128.772087655
-575.0 -127.853887482
-570.0 -126.937672489
-565.0 -126.023077025
-560.0 -125.109718603
-555.0 -124.197199793
-550.0 -123.28511026
-545.0 -122.373028955
-540.0 -121.46052641
-535.0 -120.547167141
-530.0 -119.632512129
-525.0 -118.716121355
-520.0 -117.797556371
-515.0 -116.876382895
-510.0 -115.952173406
-505.0 -115.024509732
-500.0 -114.092985139
-495.0 -113.157206046
-490.0 -112.216795258
-485.0 -111.271394598
-480.0 -110.320665772
-475.0 -109.364292251
-470.0 -108.401980907
-465.0 -107.433463418
-460.0 -106.45849744
-455.0 -105.476867547
-450.0 -104.488385945
-445.0 -103.49289296
-440.0 -102.490257294
-435.0 -101.480376064
-430.0 -100.46317462
-425.0 -99.4386061585
-420.0 -98.4066511349
-415.0 -97.3673164885
-410.0 -96.3206346959
-405.0 -95.2666626646
-400.0 -94.2054804859
-395.0 -93.1371900615
-390.0 -92.0619136248
-385.0 -90.979792173
-380.0 -89.8909838311
-375.0 -88.7956621638
-370.0 -87.6940144558
-365.0 -86.5862399772
-360.0 -85.4725482519
-355.0 -84.3531573439
-350.0 -83.2282921779
-345.0 -82.0981829071
-340.0 -80.9630633408
-335.0 -79.8231694435
-330.0 -78.6787379135
-325.0 -77.5300048516
-320.0 -76.377204523
-315.0 -75.2205682206
-310.0 -74.0603232309
-305.0 -72.8966919063
-300.0 -71.7298908431
-295.0 -70.560130166
-290.0 -69.3876129161
-285.0 -68.2125345412
-280.0 -67.035082484
-275.0 -65.8554358635
-270.0 -64.6737652452
-265.0 -63.4902324944
-260.0 -62.3049907063
-255.0 -61.1181842066
-250.0 -59.9299486157
-245.0 -58.7404109713
-240.0 -57.5496899003
-235.0 -56.357895836
-230.0 -55.1651312723
-225.0 -53.9714910494
-220.0 -52.7770626655
-215.0 -51.5819266082
-210.0 -50.3861567008
-205.0 -49.1898204586
-200.0 -47.9929794511
-195.0 -46.7956896652
-190.0 -45.5980018678
-185.0 -44.3999619619
-180.0 -43.2016113363
-175.0 -42.0029872049
-170.0 -40.8041229342
-165.0 -39.6050483576
-160.0 -38.4057900749
-155.0 -37.2063717369
-150.0 -36.0068143134
-145.0 -34.8071363451
-140.0 -33.6073541793
-135.0 -32.4074821886
-130.0 -31.2075329739
-125.0 -30.0075175515
-120.0 -28.8074455247
-115.0 -27.6073252415
-110.0 -26.4071639372
-105.0 -25.2069678648
-100.0 -24.0067424121
-95.0 -22.8064922081
-90.0 -21.6062212175
-85.0 -20.4059328259
-80.0 -19.2056299152
-75.0 -18.0053149312
-70.0 -16.8049899428
-65.0 -15.6046566941
-60.0 -14.4043166509
-55.0 -13.2039710408
-50.0 -12.0036208882
-45.0 -10.8032670448
-40.0 -9.60291021632
-35.0 -8.4025509852
-30.0 -7.20218983013
-25.0 -6.00182714294
-20.0 -4.80146324301
-15.0 -3.60109838942
-10.0 -2.40073279134
-5.0 -1.2003666168
1.0 0.240073353272
5.0 1.2003666168
10.0 2.40073279134
15.0 3.60109838942
20.0 4.80146324301
25.0 6.00182714294
30.0 7.20218983013
35.0 8.4025509852
40.0 9.60291021632
45.0 10.8032670448
50.0 12.0036208882
55.0 13.2039710408
60.0 14.4043166509
65.0 15.6046566941
70.0 16.8049899428
75.0 18.0053149312
80.0 19.2056299152
85.0 20.4059328259
90.0 21.6062212175
95.0 22.8064922081
100.0 24.0067424121
105.0 25.2069678648
110.0 26.4071639372
115.0 27.6073252415
120.0 28.8074455247
125.0 30.0075175515
130.0 31.2075329739
135.0 32.4074821886
140.0 33.6073541793
145.0 34.8071363451
150.0 36.0068143134
155.0 37.2063717369
160.0 38.4057900749
165.0 39.6050483576
170.0 40.8041229342
175.0 42.0029872049
180.0 43.2016113363
185.0 44.3999619619
190.0 45.5980018678
195.0 46.7956896652
200.0 47.9929794511
205.0 49.1898204586
210.0 50.3861567008
215.0 51.5819266082
220.0 52.7770626655
225.0 53.9714910494
230.0 55.1651312723
235.0 56.357895836
240.0 57.5496899003
245.0 58.7404109713
250.0 59.9299486157
255.0 61.1181842066
260.0 62.3049907063
265.0 63.4902324944
270.0 64.6737652452
275.0 65.8554358635
280.0 67.035082484
285.0 68.2125345412
290.0 69.3876129161
295.0 70.560130166
300.0 71.7298908431
305.0 72.8966919063
310.0 74.0603232309
315.0 75.2205682206
320.0 76.377204523
325.0 77.5300048516
330.0 78.6787379135
335.0 79.8231694435
340.0 80.9630633408
345.0 82.0981829071
350.0 83.2282921779
355.0 84.3531573439
360.0 85.4725482519
365.0 86.5862399772
370.0 87.6940144558
375.0 88.7956621638
380.0 89.8909838311
385.0 90.979792173
390.0 92.0619136248
395.0 93.1371900615
400.0 94.2054804859
405.0 95.2666626646
410.0 96.3206346959
415.0 97.3673164885
420.0 98.4066511349
425.0 99.4386061585
430.0 100.46317462
435.0 101.480376064
440.0 102.490257294
445.0 103.49289296
450.0 104.488385945
455.0 105.476867547
460.0 106.45849744
465.0 107.433463418
470.0 108.401980907
475.0 109.364292251
480.0 110.320665772
485.0 111.271394598
490.0 112.216795258
495.0 113.157206046
500.0 114.092985139
505.0 115.024509732
510.0 115.952173406
515.0 116.876382895
520.0 117.797556371
525.0 118.716121355
530.0 119.632512129
535.0 120.547167141
540.0 121.46052641
545.0 122.373028955
550.0 123.28511026
555.0 124.197199793
560.0 125.109718603
565.0 126.023077025
570.0 126.937672489
575.0 127.853887482
580.0 128.772087655
585.0 129.692620104
590.0 130.615811831
595.0 131.541968401
600.0 132.471372799