-600.0 -139.270359983
-595.0 -138.272174103
-590.0 -137.278435043
-585.0 -136.288903669
-580.0 -135.303309746
-575.0 -134.321352589
-570.0 -133.342702024
-565.0 -132.366999643
-560.0 -131.393860352
-555.0 -130.422874216
-550.0 -129.453608561
-545.0 -128.485610345
-540.0 -127.518408764
-535.0 -126.55151806
-530.0 -125.584440521
-525.0 -124.616669639
-520.0 -123.647693381
-515.0 -122.676997561
-510.0 -121.704069268
-505.0 -120.728400336
-500.0 -119.749490812
-495.0 -118.766852439
-490.0 -117.780010834
-485.0 -116.788508927
-480.0 -115.791911278
-475.0 -114.789805904
-470.0 -113.781806483
-465.0 -112.767554708
-460.0 -111.746722319
-455.0 -110.719012797
-450.0 -109.684162744
-445.0 -108.641942929
-440.0 -107.592159013
-435.0 -106.534651952
-430.0 -105.469298085
-425.0 -104.396008903
-420.0 -103.314730535
-415.0 -102.225442946
-410.0 -101.128158865
-405.0 -100.022922485
-400.0 -98.9098079319
-395.0 -97.7889175425
-390.0 -96.6603799805
-385.0 -95.5243482079
-380.0 -94.3809973481
-375.0 -93.2305224664
-370.0 -92.0731362964
-365.0 -90.9090669393
-360.0 -89.7385555623
-355.0 -88.5618541216
-350.0 -87.3792231313
-345.0 -86.1909295011
-340.0 -84.9972444598
-335.0 -83.7984415821
-330.0 -82.5947949321
-325.0 -81.3865773354
-320.0 -80.1740587887
-315.0 -78.9575050132
-310.0 -77.7371761568
-305.0 -76.5133256463
-300.0 -75.2861991902
-295.0 -74.0560339302
-290.0 -72.8230577369
-285.0 -71.5874886453
-280.0 -70.3495344241
-275.0 -69.1093922692
-270.0 -67.867248615
-265.0 -66.6232790534
-260.0 -65.3776483504
-255.0 -64.1305105518
-250.0 -62.8820091658
-245.0 -61.6322774145
-240.0 -60.3814385437
-235.0 -59.1296061803
-230.0 -57.8768847309
-225.0 -56.6233698103
-220.0 -55.369148693
-215.0 -54.1143007809
-210.0 -52.8588980798
-205.0 -51.6030056781
-200.0 -50.3466822239
-195.0 -49.0899803944
-190.0 -47.8329473545
-185.0 -46.5756252006
-180.0 -45.318051388
-175.0 -44.0602591382
-170.0 -42.8022778254
-165.0 -41.5441333416
-160.0 -40.285848438
-155.0 -39.0274430438
-150.0 -37.7689345621
-145.0 -36.5103381424
-140.0 -35.2516669311
-135.0 -33.9929323007
-130.0 -32.7341440583
-125.0 -31.475310634
-120.0 -30.2164392513
-115.0 -28.9575360798
-110.0 -27.6986063723
-105.0 -26.4396545861
-100.0 -25.1806844912
-95.0 -23.9216992655
-90.0 -22.662701579
-85.0 -21.4036936673
-80.0 -20.1446773954
-75.0 -18.8856543143
-70.0 -17.6266257087
-65.0 -16.367592639
-60.0 -15.1085559772
-55.0 -13.8495164377
-50.0 -12.5904746033
-45.0 -11.3314309475
-40.0 -10.0723858537
-35.0 -8.81333963058
-30.0 -7.55429252582
-25.0 -6.29524473705
-20.0 -5.03619642127
-15.0 -3.77714770249
-10.0 -2.51809867814
-5.0 -1.2590494243
1.0 0.251809896145
5.0 1.2590494243
10.0 2.51809867814
15.0 3.77714770249
20.0 5.03619642127
25.0 6.29524473705
30.0 7.55429252582
35.0 8.81333963058
40.0 10.0723858537
45.0 11.3314309475
50.0 12.5904746033
55.0 13.8495164377
60.0 15.1085559772
65.0 16.367592639
70.0 17.6266257087
75.0 18.8856543143
80.0 20.1446773954
85.0 21.4036936673
90.0 22.662701579
95.0 23.9216992655
100.0 25.1806844912
105.0 26.4396545861
110.0 27.6986063723
115.0 28.9575360798
120.0 30.2164392513
125.0 31.475310634
130.0 32.7341440583
135.0 33.9929323007
140.0 35.2516669311
145.0 36.5103381424
150.0 37.7689345621
155.0 39.0274430438
160.0 40.285848438
165.0 41.5441333416
170.0 42.8022778254
175.0 44.0602591382
180.0 45.318051388
185.0 46.5756252006
190.0 47.8329473545
195.0 49.0899803944
200.0 50.3466822239
205.0 51.6030056781
210.0 52.8588980798
215.0 54.1143007809
220.0 55.369148693
225.0 56.6233698103
230.0 57.8768847309
235.0 59.1296061803
240.0 60.3814385437
245.0 61.6322774145
250.0 62.8820091658
255.0 64.1305105518
260.0 65.3776483504
265.0 66.6232790534
270.0 67.867248615
275.0 69.1093922692
280.0 70.3495344241
285.0 71.5874886453
290.0 72.8230577369
295.0 74.0560339302
300.0 75.2861991902
305.0 76.5133256463
310.0 77.7371761568
315.0 78.9575050132
320.0 80.1740587887
325.0 81.3865773354
330.0 82.5947949321
335.0 83.7984415821
340.0 84.9972444598
345.0 86.1909295011
350.0 87.3792231313
355.0 88.5618541216
360.0 89.7385555623
365.0 90.9090669393
370.0 92.0731362964
375.0 93.2305224664
380.0 94.3809973481
385.0 95.5243482079
390.0 96.6603799805
395.0 97.7889175425
400.0 98.9098079319
405.0 100.022922485
410.0 101.128158865
415.0 102.225442946
420.0 103.314730535
425.0 104.396008903
430.0 105.469298085
435.0 106.534651952
440.0 107.592159013
445.0 108.641942929
450.0 109.684162744
455.0 110.719012797
460.0 111.746722319
465.0 112.767554708
470.0 113.781806483
475.0 114.789805904
480.0 115.791911278
485.0 116.788508927
490.0 117.780010834
495.0 118.766852439
500.0 119.749490812
505.0 120.728400336
510.0 121.704069268
515.0 122.676997561
520.0 123.647693381
525.0 124.616669639
530.0 125.584440521
535.0 126.55151806
540.0 127.518408764
545.0 128.485610345
550.0 129.453608561
555.0 130.422874216
560.0 131.393860352
565.0 132.366999643
570.0 133.342702024
575.0 134.321352589
580.0 135.303309746
585.0 136.288903669
590.0 137.278435043
595.0 138.272174103
600.0 139.270359983