400.0 7.40304276498
420.0 7.77051267611
440.0 8.13795195763
460.0 8.50536247619
480.0 8.87274586542
500.0 9.24010356197
520.0 9.60743683482
540.0 9.97474680917
560.0 10.3420344863
580.0 10.7093007597
600.0 11.0765464294
620.0 11.443772213
640.0 11.8109787554
660.0 12.178166638
680.0 12.5453363846
700.0 12.9124884689
720.0 13.2796233187
740.0 13.6467413213
760.0 14.0138428269
780.0 14.3809281529
800.0 14.7479975862
820.0 15.1150513866
840.0 15.4820897886
860.0 15.8491130043
880.0 16.2161212244
900.0 16.5831146207
920.0 16.9500933473
940.0 17.3170575417
960.0 17.6840073268
980.0 18.0509428109
1000.0 18.4178640899
1020.0 18.7847712471
1040.0 19.1516643549
1060.0 19.5185434751
1080.0 19.8854086594
1100.0 20.2522599507
1120.0 20.619097383
1140.0 20.9859209821
1160.0 21.3527307664
1180.0 21.7195267468
1200.0 22.0863089276
1220.0 22.4530773065
1240.0 22.8198318751
1260.0 23.1865726194
1280.0 23.5532995196
1300.0 23.920012551
1320.0 24.2867116835
1340.0 24.6533968827
1360.0 25.0200681094
1380.0 25.3867253201
1400.0 25.7533684671
1420.0 26.119997499
1440.0 26.4866123604
1460.0 26.8532129921
1480.0 27.2197993317
1500.0 27.5863713133
1520.0 27.9529288678
1540.0 28.3194719227
1560.0 28.6860004029
1580.0 29.0525142302
1600.0 29.4190133236
1620.0 29.7854975992
1640.0 30.1519669709
1660.0 30.5184213496
1680.0 30.884860644
1700.0 31.2512847604
1720.0 31.6176936027
1740.0 31.9840870726
1760.0 32.3504650696
1780.0 32.716827491
1800.0 33.0831742322
1820.0 33.4495051864
1840.0 33.8158202449
1860.0 34.1821192972
1880.0 34.5484022309
1900.0 34.9146689315
1920.0 35.2809192833
1940.0 35.6471531682
1960.0 36.0133704671
1980.0 36.3795710586
2000.0 36.7457548202
2020.0 37.1119216275
2040.0 37.4780713547
2060.0 37.8442038746
2080.0 38.2103190583
2100.0 38.5764167755
2120.0 38.9424968947
2140.0 39.3085592827
2160.0 39.6746038053
2180.0 40.0406303268
2200.0 40.40663871
2220.0 40.7726288168
2240.0 41.1386005076
2260.0 41.5045536418
2280.0 41.8704880773
2300.0 42.2364036711
2320.0 42.602300279
2340.0 42.9681777556
2360.0 43.3340359544
2380.0 43.6998747278
2400.0 44.0656939273
2420.0 44.4314934033
2440.0 44.797273005
2460.0 45.1630325808
2480.0 45.5287719782
2500.0 45.8944910434
2520.0 46.2601896222
2540.0 46.6258675589
2560.0 46.9915246973
2580.0 47.3571608802
2600.0 47.7227759495
2620.0 48.0883697464
2640.0 48.4539421111
2660.0 48.8194928833
2680.0 49.1850219014
2700.0 49.5505290036
2720.0 49.9160140271
2740.0 50.2814768082
2760.0 50.6469171828
2780.0 51.0123349859
2800.0 51.3777300521
2820.0 51.7431022149
2840.0 52.1084513075
2860.0 52.4737771625
2880.0 52.8390796116
2900.0 53.2043584863
2920.0 53.5696136172
2940.0 53.9348448345
2960.0 54.3000519679
2980.0 54.6652348466
3000.0 55.0303932991
3020.0 55.3955271536
3040.0 55.7606362379
3060.0 56.1257203792
3080.0 56.4907794043
3100.0 56.8558131396
3120.0 57.2208214112
3140.0 57.5858040448
3160.0 57.9507608656
3180.0 58.3156916986
3200.0 58.6805963685
3220.0 59.0454746995
3240.0 59.4103265157
3260.0 59.775151641
3280.0 60.1399498989
3300.0 60.5047211126
3320.0 60.8694651053
3340.0 61.2341816998
3360.0 61.5988707189
3380.0 61.9635319852
3400.0 62.328165321
3420.0 62.6927705487
3440.0 63.0573474904
3460.0 63.4218959684
3480.0 63.7864158045
3500.0 64.1509068208
3520.0 64.5153688394
3540.0 64.879801682
3560.0 65.2442051707
3580.0 65.6085791275
3600.0 65.9729233744
3620.0 66.3372377336
3640.0 66.701522027
3660.0 67.0657760772
3680.0 67.4299997064
3700.0 67.7941927372
3720.0 68.1583549923
3740.0 68.5224862945
3760.0 68.886586467
3780.0 69.2506553331
3800.0 69.6146927161
3820.0 69.9786984401
3840.0 70.3426723289
3860.0 70.706614207
3880.0 71.070523899
3900.0 71.4344012298
3920.0 71.798246025
3940.0 72.1620581101
3960.0 72.5258373114
3980.0 72.8895834552
4000.0 73.2532963687
4020.0 73.6169758791
4040.0 73.9806218145
4060.0 74.3442340031
4080.0 74.7078122738
4100.0 75.0713564562
4120.0 75.4348663801
4140.0 75.798341876
4160.0 76.1617827752
4180.0 76.5251889094
4200.0 76.8885601109
4220.0 77.2518962129
4240.0 77.6151970489
4260.0 77.9784624534
4280.0 78.3416922616
4300.0 78.7048863092
4320.0 79.0680444328
4340.0 79.4311664699
4360.0 79.7942522586
4380.0 80.1573016379
4400.0 80.5203144476
4420.0 80.8832905283
4440.0 81.2462297217
4460.0 81.6091318701
4480.0 81.971996817
4500.0 82.3348244066
4520.0 82.6976144841
4540.0 83.0603668958
4560.0 83.4230814889
4580.0 83.7857581117
4600.0 84.1483966134
4620.0 84.5109968444
4640.0 84.8735586561
4660.0 85.2360819009
4680.0 85.5985664325
4700.0 85.9610121057
4720.0 86.3234187764
4740.0 86.6857863017
4760.0 87.0481145398
4780.0 87.4104033503
4800.0 87.7726525939
4820.0 88.1348621327
4840.0 88.4970318298
4860.0 88.8591615499
4880.0 89.2212511589
4900.0 89.583300524
4920.0 89.9453095137
4940.0 90.3072779979
4960.0 90.6692058482
4980.0 91.031092937
5000.0 91.3929391388
5020.0 91.754744329
5040.0 92.1165083848
5060.0 92.4782311848
5080.0 92.8399126091
5100.0 93.2015525392
5120.0 93.5631508583
5140.0 93.9247074512
5160.0 94.2862222041
5180.0 94.6476950049
5200.0 95.0091257432
5220.0 95.3705143101
5240.0 95.7318605983
5260.0 96.0931645024
5280.0 96.4544259185
5300.0 96.8156447444
5320.0 97.1768208798
5340.0 97.5379542259
5360.0 97.8990446859
5380.0 98.2600921645
5400.0 98.6210965684
5420.0 98.9820578061
5440.0 99.3429757878
5460.0 99.7038504256
5480.0 100.064681633
5500.0 100.425469327
5520.0 100.786213425
5540.0 101.146913846
5560.0 101.507570511
5580.0 101.868183345
5600.0 102.228752273
5620.0 102.589277221
5640.0 102.949758121
5660.0 103.310194902
5680.0 103.670587498
5700.0 104.030935845
5720.0 104.39123988
5740.0 104.751499543
5760.0 105.111714775
5780.0 105.471885519
5800.0 105.832011723
5820.0 106.192093332
5840.0 106.552130298
5860.0 106.912122572
5880.0 107.272070109
5900.0 107.631972865
5920.0 107.991830798
5940.0 108.35164387
5960.0 108.711412043
5980.0 109.071135283
6000.0 109.430813556
6020.0 109.790446832
6040.0 110.150035084
6060.0 110.509578285
6080.0 110.869076411
6100.0 111.228529441
6120.0 111.587937357
6140.0 111.94730014
6160.0 112.306617777
6180.0 112.665890256
6200.0 113.025117565
6220.0 113.384299699
6240.0 113.743436651
6260.0 114.102528419
6280.0 114.461575002
6300.0 114.820576402
6320.0 115.179532623
6340.0 115.538443671
6360.0 115.897309556
6380.0 116.256130288
6400.0 116.614905882
6420.0 116.973636353
6440.0 117.33232172
6460.0 117.690962004
6480.0 118.049557228
6500.0 118.408107417
6520.0 118.766612601
6540.0 119.125072809
6560.0 119.483488075
6580.0 119.841858433
6600.0 120.200183923
6620.0 120.558464584
6640.0 120.916700458
6660.0 121.274891592
6680.0 121.633038032
6700.0 121.99113983
6720.0 122.349197037
6740.0 122.707209708
6760.0 123.065177902
6780.0 123.423101678
6800.0 123.780981098
6820.0 124.138816228
6840.0 124.496607134
6860.0 124.854353887
6880.0 125.212056558
6900.0 125.569715223
6920.0 125.927329959
6940.0 126.284900845
6960.0 126.642427963
6980.0 126.999911399
7000.0 127.357351239
7020.0 127.714747572
7040.0 128.07210049
7060.0 128.429410089
7080.0 128.786676463
7100.0 129.143899714
7120.0 129.501079942
7140.0 129.858217252
7160.0 130.21531175
7180.0 130.572363544
7200.0 130.929372748
7220.0 131.286339473
7240.0 131.643263836
7260.0 132.000145957
7280.0 132.356985955
7300.0 132.713783954
7320.0 133.07054008
7340.0 133.427254461
7360.0 133.783927228
7380.0 134.140558512
7400.0 134.49714845
7420.0 134.853697178
7440.0 135.210204836
7460.0 135.566671567
7480.0 135.923097515
7500.0 136.279482827
7520.0 136.635827651
7540.0 136.992132139
7560.0 137.348396444
7580.0 137.704620723
7600.0 138.060805132
7620.0 138.416949832
7640.0 138.773054987
7660.0 139.129120759
7680.0 139.485147317
7700.0 139.841134829
7720.0 140.197083466
7740.0 140.552993401
7760.0 140.90886481
7780.0 141.264697871
7800.0 141.620492763
7820.0 141.976249668
7840.0 142.331968769
7860.0 142.687650252
7880.0 143.043294305
7900.0 143.398901119
7920.0 143.754470884
7940.0 144.110003795
7960.0 144.465500152
7980.0 144.820959958
8000.0 145.176383517
8020.0 145.531771032
8040.0 145.887122705
8060.0 146.242438744
8080.0 146.597719354
8100.0 146.952964747
8120.0 147.308175134
8140.0 147.663350727
8160.0 148.018491744
8180.0 148.373598399
8200.0 148.728670914
8220.0 149.083709507
8240.0 149.438714403
8260.0 149.793685825
8280.0 150.148623999
8300.0 150.503529153
8320.0 150.858401517
8340.0 151.213241322
8360.0 151.568048801
8380.0 151.922824187
8400.0 152.277567718
8420.0 152.632279631
8440.0 152.986960166
8460.0 153.341609562
8480.0 153.696228063
8500.0 154.050815912
8520.0 154.405373354
8540.0 154.759900637
8560.0 155.114398009
8580.0 155.468865719
8600.0 155.823304019
8620.0 156.177713161
8640.0 156.532093398
8660.0 156.886444986
8680.0 157.240768181
8700.0 157.59506324
8720.0 157.949330424
8740.0 158.303569992
8760.0 158.657782205
8780.0 159.011967326
8800.0 159.366125618
8820.0 159.720257347
8840.0 160.074362778
8860.0 160.428442179
8880.0 160.782495818
8900.0 161.136523963
8920.0 161.490526885
8940.0 161.844504855
8960.0 162.198458145
8980.0 162.552387029
9000.0 162.90629178
9020.0 163.260172672
9040.0 163.614029983
9060.0 163.967863987
9080.0 164.321674964
9100.0 164.67546319
9120.0 165.029228944
9140.0 165.382972508
9160.0 165.736694159
9180.0 166.090394181
9200.0 166.444072854
9220.0 166.79773046
9240.0 167.151367284
9260.0 167.504983607
9280.0 167.858579715
9300.0 168.212155891
9320.0 168.565712422
9340.0 168.919249592
9360.0 169.272767688
9380.0 169.626266995
9400.0 169.979747802
9420.0 170.333210395
9440.0 170.686655061
9460.0 171.040082089
9480.0 171.393491767
9500.0 171.746884384
9520.0 172.100260227
9540.0 172.453619586
9560.0 172.806962751
9580.0 173.160290009
9600.0 173.513601652
9620.0 173.866897968
9640.0 174.220179247
9660.0 174.573445779
9680.0 174.926697854
9700.0 175.27993576
9720.0 175.633159789
9740.0 175.986370229
9760.0 176.339567371
9780.0 176.692751504
9800.0 177.045922916
9820.0 177.399081899
9840.0 177.75222874
9860.0 178.105363729
9880.0 178.458487155
9900.0 178.811599305
9920.0 179.164700469
9940.0 179.517790933
9960.0 179.870870986
9980.0 180.223940915
10000.0 180.577001007
10020.0 180.930051549
10040.0 181.283092825
10060.0 181.636125123
10080.0 181.989148727
10100.0 182.342163922
10120.0 182.695170992
10140.0 183.048170221
10160.0 183.401161892
10180.0 183.754146288
10200.0 184.107123689
10220.0 184.460094379
10240.0 184.813058637
10260.0 185.166016743
10280.0 185.518968976
10300.0 185.871915616
10320.0 186.224856939
10340.0 186.577793223
10360.0 186.930724745
10380.0 187.283651779
10400.0 187.6365746
10420.0 187.989493482
10440.0 188.342408698
10460.0 188.695320519
10480.0 189.048229218
10500.0 189.401135063
10520.0 189.754038324
10540.0 190.10693927
10560.0 190.459838167
10580.0 190.812735281
10600.0 191.165630878
10620.0 191.518525221
10640.0 191.871418574
10660.0 192.224311199
10680.0 192.577203356
10700.0 192.930095304
10720.0 193.282987303
10740.0 193.635879608
10760.0 193.988772478
10780.0 194.341666165
10800.0 194.694560925
10820.0 195.047457008
10840.0 195.400354667
10860.0 195.75325415
10880.0 196.106155708
10900.0 196.459059585
10920.0 196.811966029
10940.0 197.164875284
10960.0 197.517787592
10980.0 197.870703196
11000.0 198.223622336
11020.0 198.576545251
11040.0 198.929472177
11060.0 199.282403352
11080.0 199.635339009
11100.0 199.988279381
11120.0 200.3412247
11140.0 200.694175196
11160.0 201.047131098
11180.0 201.400092631
11200.0 201.753060022
11220.0 202.106033495
11240.0 202.459013271
11260.0 202.811999571
11280.0 203.164992615
11300.0 203.517992619
11320.0 203.870999799
11340.0 204.224014369
11360.0 204.577036542
11380.0 204.930066529
11400.0 205.283104538