400.0 7.39740449251
420.0 7.7646035177
440.0 8.13177282587
460.0 8.49891429025
480.0 8.86602955124
500.0 9.23312005245
520.0 9.60018706997
540.0 9.96723173626
560.0 10.3342550599
580.0 10.701257942
600.0 11.0682411899
620.0 11.4352055288
640.0 11.8021516116
660.0 12.1690800269
680.0 12.5359913067
700.0 12.9028859323
720.0 13.2697643394
740.0 13.6366269231
760.0 14.0034740416
780.0 14.37030602
800.0 14.7371231533
820.0 15.1039257092
840.0 15.4707139302
860.0 15.837488036
880.0 16.2042482258
900.0 16.5709946789
920.0 16.9377275576
940.0 17.3044470073
960.0 17.6711531586
980.0 18.0378461281
1000.0 18.4045260192
1020.0 18.7711929235
1040.0 19.1378469211
1060.0 19.5044880815
1080.0 19.8711164646
1100.0 20.2377321208
1120.0 20.604335092
1140.0 20.9709254119
1160.0 21.3375031064
1180.0 21.7040681944
1200.0 22.0706206877
1220.0 22.4371605918
1240.0 22.8036879058
1260.0 23.1702026233
1280.0 23.5367047321
1300.0 23.903194215
1320.0 24.2696710494
1340.0 24.6361352083
1360.0 25.0025866598
1380.0 25.3690253679
1400.0 25.7354512922
1420.0 26.1018643885
1440.0 26.4682646085
1460.0 26.8346519004
1480.0 27.2010262087
1500.0 27.5673874747
1520.0 27.9337356361
1540.0 28.3000706275
1560.0 28.6663923807
1580.0 29.0327008242
1600.0 29.3989958838
1620.0 29.7652774825
1640.0 30.1315455405
1660.0 30.4977999755
1680.0 30.8640407027
1700.0 31.2302676348
1720.0 31.5964806821
1740.0 31.9626797525
1760.0 32.3288647518
1780.0 32.6950355835
1800.0 33.061192149
1820.0 33.4273343476
1840.0 33.7934620765
1860.0 34.159575231
1880.0 34.5256737044
1900.0 34.8917573882
1920.0 35.2578261719
1940.0 35.6238799433
1960.0 35.9899185884
1980.0 36.3559419915
2000.0 36.721950035
2020.0 37.0879426
2040.0 37.4539195656
2060.0 37.8198808096
2080.0 38.185826208
2100.0 38.5517556354
2120.0 38.9176689649
2140.0 39.2835660681
2160.0 39.649446815
2180.0 40.0153110744
2200.0 40.3811587137
2220.0 40.7469895987
2240.0 41.1128035941
2260.0 41.4786005631
2280.0 41.8443803677
2300.0 42.2101428686
2320.0 42.5758879253
2340.0 42.9416153959
2360.0 43.3073251375
2380.0 43.6730170058
2400.0 44.0386908555
2420.0 44.4043465401
2440.0 44.7699839119
2460.0 45.1356028222
2480.0 45.5012031212
2500.0 45.8667846579
2520.0 46.2323472804
2540.0 46.5978908357
2560.0 46.9634151697
2580.0 47.3289201275
2600.0 47.694405553
2620.0 48.0598712894
2640.0 48.4253171787
2660.0 48.7907430621
2680.0 49.1561487799
2700.0 49.5215341714
2720.0 49.8868990752
2740.0 50.2522433289
2760.0 50.6175667694
2780.0 50.9828692326
2800.0 51.3481505537
2820.0 51.7134105672
2840.0 52.0786491066
2860.0 52.4438660048
2880.0 52.8090610939
2900.0 53.1742342055
2920.0 53.5393851702
2940.0 53.9045138179
2960.0 54.2696199782
2980.0 54.6347034797
3000.0 54.9997641504
3020.0 55.3648018179
3040.0 55.7298163089
3060.0 56.0948074498
3080.0 56.4597750663
3100.0 56.8247189835
3120.0 57.189639026
3140.0 57.5545350179
3160.0 57.9194067829
3180.0 58.2842541441
3200.0 58.6490769241
3220.0 59.0138749452
3240.0 59.3786480291
3260.0 59.7433959972
3280.0 60.1081186706
3300.0 60.4728158698
3320.0 60.837487415
3340.0 61.2021331263
3360.0 61.5667528231
3380.0 61.9313463249
3400.0 62.2959134505
3420.0 62.6604540187
3440.0 63.0249678481
3460.0 63.3894547568
3480.0 63.753914563
3500.0 64.1183470844
3520.0 64.4827521388
3540.0 64.8471295437
3560.0 65.2114791164
3580.0 65.5758006743
3600.0 65.9400940345
3620.0 66.304359014
3640.0 66.66859543
3660.0 67.0328030994
3680.0 67.3969818392
3700.0 67.7611314663
3720.0 68.1252517978
3740.0 68.4893426505
3760.0 68.8534038417
3780.0 69.2174351884
3800.0 69.5814365079
3820.0 69.9454076175
3840.0 70.3093483347
3860.0 70.6732584773
3880.0 71.0371378629
3900.0 71.4009863097
3920.0 71.7648036358
3940.0 72.1285896597
3960.0 72.4923442002
3980.0 72.8560670763
4000.0 73.2197581072
4020.0 73.5834171126
4040.0 73.9470439124
4060.0 74.310638327
4080.0 74.6742001771
4100.0 75.0377292837
4120.0 75.4012254684
4140.0 75.7646885532
4160.0 76.1281183605
4180.0 76.4915147132
4200.0 76.8548774348
4220.0 77.2182063491
4240.0 77.5815012808
4260.0 77.9447620548
4280.0 78.307988497
4300.0 78.6711804334
4320.0 79.0343376912
4340.0 79.3974600977
4360.0 79.7605474814
4380.0 80.1235996711
4400.0 80.4866164966
4420.0 80.8495977882
4440.0 81.2125433771
4460.0 81.5754530953
4480.0 81.9383267756
4500.0 82.3011642516
4520.0 82.6639653577
4540.0 83.0267299293
4560.0 83.3894578027
4580.0 83.7521488148
4600.0 84.1148028039
4620.0 84.477419609
4640.0 84.83999907
4660.0 85.2025410281
4680.0 85.5650453253
4700.0 85.9275118046
4720.0 86.2899403103
4740.0 86.6523306875
4760.0 87.0146827827
4780.0 87.3769964434
4800.0 87.7392715182
4820.0 88.101507857
4840.0 88.4637053107
4860.0 88.8258637316
4880.0 89.1879829733
4900.0 89.5500628904
4920.0 89.912103339
4940.0 90.2741041765
4960.0 90.6360652615
4980.0 90.9979864539
5000.0 91.3598676153
5020.0 91.7217086083
5040.0 92.0835092972
5060.0 92.4452695474
5080.0 92.8069892262
5100.0 93.168668202
5120.0 93.5303063449
5140.0 93.8919035263
5160.0 94.2534596194
5180.0 94.6149744988
5200.0 94.9764480407
5220.0 95.3378801228
5240.0 95.6992706246
5260.0 96.0606194271
5280.0 96.4219264131
5300.0 96.7831914668
5320.0 97.1444144744
5340.0 97.5055953236
5360.0 97.8667339039
5380.0 98.2278301066
5400.0 98.5888838248
5420.0 98.9498949532
5440.0 99.3108633885
5460.0 99.6717890291
5480.0 100.032671775
5500.0 100.393511529
5520.0 100.754308195
5540.0 101.115061679
5560.0 101.475771888
5580.0 101.836438733
5600.0 102.197062125
5620.0 102.557641978
5640.0 102.918178208
5660.0 103.278670732
5680.0 103.63911947
5700.0 103.999524345
5720.0 104.359885279
5740.0 104.720202198
5760.0 105.080475032
5780.0 105.440703709
5800.0 105.800888162
5820.0 106.161028326
5840.0 106.521124136
5860.0 106.881175532
5880.0 107.241182455
5900.0 107.601144847
5920.0 107.961062654
5940.0 108.320935823
5960.0 108.680764304
5980.0 109.040548049
6000.0 109.400287012
6020.0 109.75998115
6040.0 110.119630421
6060.0 110.479234788
6080.0 110.838794212
6100.0 111.19830866
6120.0 111.5577781
6140.0 111.917202503
6160.0 112.276581841
6180.0 112.63591609
6200.0 112.995205226
6220.0 113.354449231
6240.0 113.713648087
6260.0 114.072801777
6280.0 114.431910291
6300.0 114.790973617
6320.0 115.149991747
6340.0 115.508964677
6360.0 115.867892403
6380.0 116.226774924
6400.0 116.585612244
6420.0 116.944404366
6440.0 117.303151297
6460.0 117.661853048
6480.0 118.020509629
6500.0 118.379121057
6520.0 118.737687347
6540.0 119.096208519
6560.0 119.454684596
6580.0 119.813115603
6600.0 120.171501566
6620.0 120.529842516
6640.0 120.888138486
6660.0 121.246389509
6680.0 121.604595624
6700.0 121.962756871
6720.0 122.320873292
6740.0 122.678944933
6760.0 123.036971842
6780.0 123.39495407
6800.0 123.752891668
6820.0 124.110784694
6840.0 124.468633205
6860.0 124.826437263
6880.0 125.18419693
6900.0 125.541912273
6920.0 125.899583361
6940.0 126.257210265
6960.0 126.614793058
6980.0 126.972331818
7000.0 127.329826622
7020.0 127.687277554
7040.0 128.044684697
7060.0 128.402048138
7080.0 128.759367967
7100.0 129.116644276
7120.0 129.473877159
7140.0 129.831066713
7160.0 130.188213039
7180.0 130.545316239
7200.0 130.902376417
7220.0 131.259393682
7240.0 131.616368143
7260.0 131.973299913
7280.0 132.330189107
7300.0 132.687035843
7320.0 133.043840241
7340.0 133.400602425
7360.0 133.757322519
7380.0 134.114000651
7400.0 134.470636952
7420.0 134.827231554
7440.0 135.183784593
7460.0 135.540296207
7480.0 135.896766536
7500.0 136.253195723
7520.0 136.609583913
7540.0 136.965931253
7560.0 137.322237895
7580.0 137.67850399
7600.0 138.034729694
7620.0 138.390915164
7640.0 138.747060559
7660.0 139.103166042
7680.0 139.459231777
7700.0 139.815257931
7720.0 140.171244674
7740.0 140.527192176
7760.0 140.883100612
7780.0 141.238970157
7800.0 141.594800991
7820.0 141.950593293
7840.0 142.306347247
7860.0 142.662063038
7880.0 143.017740852
7900.0 143.37338088
7920.0 143.728983313
7940.0 144.084548346
7960.0 144.440076173
7980.0 144.795566993
8000.0 145.151021007
8020.0 145.506438416
8040.0 145.861819426
8060.0 146.217164344
8080.0 146.572473189
8100.0 146.927746274
8120.0 147.282983813
8140.0 147.638186018
8160.0 147.993353108
8180.0 148.348485301
8200.0 148.703582818
8220.0 149.058645882
8240.0 149.413674717
8260.0 149.768669551
8280.0 150.123630611
8300.0 150.478558128
8320.0 150.833452335
8340.0 151.188313465
8360.0 151.543141756
8380.0 151.897937443
8400.0 152.252700768
8420.0 152.607431972
8440.0 152.962131297
8460.0 153.316798988
8480.0 153.671435293
8500.0 154.026040458
8520.0 154.380614734
8540.0 154.735158372
8560.0 155.089671624
8580.0 155.444154747
8600.0 155.798607995
8620.0 156.153031625
8640.0 156.507425899
8660.0 156.861791074
8680.0 157.216127415
8700.0 157.570435183
8720.0 157.924714644
8740.0 158.278966063
8760.0 158.633189709
8780.0 158.98738585
8800.0 159.341554756
8820.0 159.695696699
8840.0 160.04981195
8860.0 160.403900783
8880.0 160.757963474
8900.0 161.112000299
8920.0 161.466011534
8940.0 161.819997458
8960.0 162.173958351
8980.0 162.527894492
9000.0 162.881806163
9020.0 163.235693647
9040.0 163.589557227
9060.0 163.943397187
9080.0 164.297213813
9100.0 164.65100739
9120.0 165.004778205
9140.0 165.358526547
9160.0 165.712252704
9180.0 166.065956965
9200.0 166.41963962
9220.0 166.773300961
9240.0 167.126941277
9260.0 167.480560863
9280.0 167.83416001
9300.0 168.187739013
9320.0 168.541298164
9340.0 168.894837758
9360.0 169.248358092
9380.0 169.601859459
9400.0 169.955342156
9420.0 170.308806479
9440.0 170.662252726
9460.0 171.015681193
9480.0 171.369092178
9500.0 171.72248598
9520.0 172.075862895
9540.0 172.429223223
9560.0 172.782567262
9580.0 173.135895311
9600.0 173.489207669
9620.0 173.842504636
9640.0 174.19578651
9660.0 174.549053592
9680.0 174.90230618
9700.0 175.255544575
9720.0 175.608769075
9740.0 175.961979981
9760.0 176.315177592
9780.0 176.668362207
9800.0 177.021534126
9820.0 177.374693648
9840.0 177.727841071
9860.0 178.080976696
9880.0 178.43410082
9900.0 178.787213742
9920.0 179.14031576
9940.0 179.493407173
9960.0 179.846488277
9980.0 180.199559369
10000.0 180.552620748
10020.0 180.905672708
10040.0 181.258715547
10060.0 181.611749559
10080.0 181.96477504
10100.0 182.317792285
10120.0 182.670801587
10140.0 183.02380324
10160.0 183.376797537
10180.0 183.729784771
10200.0 184.082765232
10220.0 184.435739212
10240.0 184.788707002
10260.0 185.14166889
10280.0 185.494625167
10300.0 185.847576119
10320.0 186.200522035
10340.0 186.553463201
10360.0 186.906399902
10380.0 187.259332423
10400.0 187.61226105
10420.0 187.965186063
10440.0 188.318107747
10460.0 188.671026381
10480.0 189.023942246
10500.0 189.376855622
10520.0 189.729766786
10540.0 190.082676015
10560.0 190.435583587
10580.0 190.788489775
10600.0 191.141394853
10620.0 191.494299095
10640.0 191.847202772
10660.0 192.200106154
10680.0 192.553009511
10700.0 192.90591311
10720.0 193.258817218
10740.0 193.611722102
10760.0 193.964628024
10780.0 194.317535248
10800.0 194.670444036
10820.0 195.023354648
10840.0 195.376267342
10860.0 195.729182376
10880.0 196.082100007
10900.0 196.435020489
10920.0 196.787944075
10940.0 197.140871017
10960.0 197.493801566
10980.0 197.846735969
11000.0 198.199674476
11020.0 198.552617331
11040.0 198.905564779
11060.0 199.258517062
11080.0 199.611474421
11100.0 199.964437097
11120.0 200.317405327
11140.0 200.670379348
11160.0 201.023359393
11180.0 201.376345697
11200.0 201.729338491
11220.0 202.082338003
11240.0 202.435344463
11260.0 202.788358096
11280.0 203.141379128
11300.0 203.49440778
11320.0 203.847444275
11340.0 204.20048883
11360.0 204.553541665
11380.0 204.906602994
11400.0 205.259673031
11420.0 205.612751989
11440.0 205.965840078
11460.0 206.318937507