400.0 7.40783328253
420.0 7.77555850862
440.0 8.14325479727
460.0 8.5109240287
480.0 8.87856784989
500.0 9.24618771074
520.0 9.61378489327
540.0 9.98136053565
560.0 10.3489156519
580.0 10.7164511483
600.0 11.0839678372
620.0 11.4514664487
640.0 11.81894764
660.0 12.1864120045
680.0 12.5538600783
700.0 12.9212923466
720.0 13.2887092493
740.0 13.6561111849
760.0 14.0234985156
780.0 14.3908715697
800.0 14.7582306455
820.0 15.1255760138
840.0 15.4929079201
860.0 15.8602265871
880.0 16.2275322164
900.0 16.5948249901
920.0 16.9621050726
940.0 17.3293726117
960.0 17.6966277402
980.0 18.0638705764
1000.0 18.4311012256
1020.0 18.7983197809
1040.0 19.165526324
1060.0 19.5327209257
1080.0 19.8999036469
1100.0 20.2670745393
1120.0 20.6342336454
1140.0 21.0013809996
1160.0 21.3685166285
1180.0 21.7356405511
1200.0 22.1027527795
1220.0 22.4698533192
1240.0 22.8369421694
1260.0 23.204019323
1280.0 23.5710847676
1300.0 23.9381384851
1320.0 24.3051804524
1340.0 24.6722106412
1360.0 25.0392290186
1380.0 25.4062355472
1400.0 25.7732301851
1420.0 26.1402128862
1440.0 26.5071836005
1460.0 26.874142274
1480.0 27.241088849
1500.0 27.6080232643
1520.0 27.9749454549
1540.0 28.3418553528
1560.0 28.7087528865
1580.0 29.0756379814
1600.0 29.4425105598
1620.0 29.8093705412
1640.0 30.1762178419
1660.0 30.5430523757
1680.0 30.9098740534
1700.0 31.2766827835
1720.0 31.6434784715
1740.0 32.0102610206
1760.0 32.3770303316
1780.0 32.7437863027
1800.0 33.1105288299
1820.0 33.4772578068
1840.0 33.8439731248
1860.0 34.2106746731
1880.0 34.5773623389
1900.0 34.9440360069
1920.0 35.3106955602
1940.0 35.6773408795
1960.0 36.0439718437
1980.0 36.4105883297
2000.0 36.7771902126
2020.0 37.1437773654
2040.0 37.5103496594
2060.0 37.8769069641
2080.0 38.2434491471
2100.0 38.6099760744
2120.0 38.9764876101
2140.0 39.3429836167
2160.0 39.7094639551
2180.0 40.0759284844
2200.0 40.4423770622
2220.0 40.8088095445
2240.0 41.1752257856
2260.0 41.5416256384
2280.0 41.9080089543
2300.0 42.274375583
2320.0 42.6407253729
2340.0 43.007058171
2360.0 43.3733738227
2380.0 43.739672172
2400.0 44.1059530616
2420.0 44.4722163328
2440.0 44.8384618256
2460.0 45.2046893786
2480.0 45.5708988291
2500.0 45.9370900131
2520.0 46.3032627653
2540.0 46.6694169193
2560.0 47.0355523074
2580.0 47.4016687605
2600.0 47.7677661085
2620.0 48.1338441802
2640.0 48.499902803
2660.0 48.8659418034
2680.0 49.2319610067
2700.0 49.5979602369
2720.0 49.9639393172
2740.0 50.3298980696
2760.0 50.6958363152
2780.0 51.0617538739
2800.0 51.4276505645
2820.0 51.7935262052
2840.0 52.1593806129
2860.0 52.5252136036
2880.0 52.8910249925
2900.0 53.2568145937
2920.0 53.6225822207
2940.0 53.9883276857
2960.0 54.3540508004
2980.0 54.7197513756
3000.0 55.0854292211
3020.0 55.4510841461
3040.0 55.8167159589
3060.0 56.1823244671
3080.0 56.5479094776
3100.0 56.9134707965
3120.0 57.2790082291
3140.0 57.6445215804
3160.0 58.0100106543
3180.0 58.3754752543
3200.0 58.7409151832
3220.0 59.1063302433
3240.0 59.4717202362
3260.0 59.837084963
3280.0 60.2024242243
3300.0 60.5677378201
3320.0 60.93302555
3340.0 61.298287213
3360.0 61.6635226078
3380.0 62.0287315326
3400.0 62.3939137851
3420.0 62.7590691628
3440.0 63.1241974627
3460.0 63.4892984815
3480.0 63.8543720156
3500.0 64.219417861
3520.0 64.5844358137
3540.0 64.9494256691
3560.0 65.3143872226
3580.0 65.6793202693
3600.0 66.0442246041
3620.0 66.409100022
3640.0 66.7739463174
3660.0 67.1387632849
3680.0 67.5035507191
3700.0 67.8683084144
3720.0 68.2330361649
3740.0 68.5977337652
3760.0 68.9624010096
3780.0 69.3270376925
3800.0 69.6916436083
3820.0 70.0562185516
3840.0 70.4207623169
3860.0 70.7852746992
3880.0 71.1497554933
3900.0 71.5142044945
3920.0 71.8786214979
3940.0 72.2430062993
3960.0 72.6073586944
3980.0 72.9716784793
4000.0 73.3359654507
4020.0 73.7002194051
4040.0 74.0644401399
4060.0 74.4286274525
4080.0 74.7927811409
4100.0 75.1569010036
4120.0 75.5209868394
4140.0 75.8850384478
4160.0 76.2490556286
4180.0 76.6130381824
4200.0 76.9769859102
4220.0 77.3408986137
4240.0 77.7047760952
4260.0 78.0686181577
4280.0 78.4324246048
4300.0 78.7961952409
4320.0 79.1599298712
4340.0 79.5236283015
4360.0 79.8872903387
4380.0 80.2509157901
4400.0 80.6145044643
4420.0 80.9780561704
4440.0 81.3415707187
4460.0 81.7050479203
4480.0 82.0684875874
4500.0 82.4318895329
4520.0 82.7952535711
4540.0 83.1585795172
4560.0 83.5218671873
4580.0 83.8851163989
4600.0 84.2483269704
4620.0 84.6114987216
4640.0 84.9746314733
4660.0 85.3377250476
4680.0 85.7007792678
4700.0 86.0637939585
4720.0 86.4267689458
4740.0 86.7897040567
4760.0 87.1525991201
4780.0 87.5154539657
4800.0 87.8782684252
4820.0 88.2410423313
4840.0 88.6037755184
4860.0 88.9664678224
4880.0 89.3291190806
4900.0 89.691729132
4920.0 90.0542978171
4940.0 90.416824978
4960.0 90.7793104584
4980.0 91.1417541039
5000.0 91.5041557616
5020.0 91.8665152803
5040.0 92.2288325106
5060.0 92.5911073048
5080.0 92.9533395173
5100.0 93.3155290039
5120.0 93.6776756226
5140.0 94.0397792331
5160.0 94.401839697
5180.0 94.763856878
5200.0 95.1258306416
5220.0 95.4877608553
5240.0 95.8496473887
5260.0 96.2114901134
5280.0 96.573288903
5300.0 96.9350436332
5320.0 97.296754182
5340.0 97.6584204294
5360.0 98.0200422574
5380.0 98.3816195505
5400.0 98.7431521952
5420.0 99.1046400803
5440.0 99.4660830969
5460.0 99.8274811384
5480.0 100.1888341
5500.0 100.550141881
5520.0 100.91140438
5540.0 101.272621501
5560.0 101.633793148
5580.0 101.99491923
5600.0 102.355999656
5620.0 102.717034338
5640.0 103.078023192
5660.0 103.438966136
5680.0 103.799863088
5700.0 104.160713972
5720.0 104.521518713
5740.0 104.882277238
5760.0 105.242989478
5780.0 105.603655366
5800.0 105.964274837
5820.0 106.32484783
5840.0 106.685374286
5860.0 107.045854147
5880.0 107.406287362
5900.0 107.766673879
5920.0 108.127013649
5940.0 108.487306628
5960.0 108.847552773
5980.0 109.207752044
6000.0 109.567904405
6020.0 109.928009822
6040.0 110.288068262
6060.0 110.648079699
6080.0 111.008044107
6100.0 111.367961463
6120.0 111.727831748
6140.0 112.087654944
6160.0 112.44743104
6180.0 112.807160023
6200.0 113.166841886
6220.0 113.526476624
6240.0 113.886064236
6260.0 114.245604723
6280.0 114.605098088
6300.0 114.964544341
6320.0 115.32394349
6340.0 115.683295549
6360.0 116.042600535
6380.0 116.401858467
6400.0 116.761069367
6420.0 117.120233263
6440.0 117.479350181
6460.0 117.838420155
6480.0 118.197443219
6500.0 118.556419412
6520.0 118.915348774
6540.0 119.27423135
6560.0 119.633067188
6580.0 119.991856337
6600.0 120.350598853
6620.0 120.709294791
6640.0 121.067944213
6660.0 121.42654718
6680.0 121.78510376
6700.0 122.143614022
6720.0 122.502078039
6740.0 122.860495887
6760.0 123.218867644
6780.0 123.577193393
6800.0 123.93547322
6820.0 124.293707212
6840.0 124.651895461
6860.0 125.010038062
6880.0 125.368135114
6900.0 125.726186717
6920.0 126.084192976
6940.0 126.442153997
6960.0 126.800069892
6980.0 127.157940774
7000.0 127.515766761
7020.0 127.873547971
7040.0 128.231284528
7060.0 128.588976559
7080.0 128.946624192
7100.0 129.30422756
7120.0 129.661786799
7140.0 130.019302047
7160.0 130.376773445
7180.0 130.734201139
7200.0 131.091585276
7220.0 131.448926007
7240.0 131.806223486
7260.0 132.16347787
7280.0 132.520689319
7300.0 132.877857995
7320.0 133.234984064
7340.0 133.592067696
7360.0 133.949109062
7380.0 134.306108337
7400.0 134.663065698
7420.0 135.019981327
7440.0 135.376855406
7460.0 135.733688122
7480.0 136.090479664
7500.0 136.447230225
7520.0 136.803939999
7540.0 137.160609184
7560.0 137.517237981
7580.0 137.873826592
7600.0 138.230375224
7620.0 138.586884086
7640.0 138.943353389
7660.0 139.299783348
7680.0 139.656174178
7700.0 140.0125261
7720.0 140.368839335
7740.0 140.725114109
7760.0 141.081350648
7780.0 141.437549183
7800.0 141.793709945
7820.0 142.149833169
7840.0 142.505919093
7860.0 142.861968052
7880.0 143.217980112
7900.0 143.573955614
7920.0 143.929894805
7940.0 144.285797935
7960.0 144.641665256
7980.0 144.997497022
8000.0 145.35329349
8020.0 145.709054918
8040.0 146.064781569
8060.0 146.420473707
8080.0 146.776131597
8100.0 147.131755507
8120.0 147.487345707
8140.0 147.842902472
8160.0 148.198426074
8180.0 148.553916791
8200.0 148.909374901
8220.0 149.264800686
8240.0 149.620194429
8260.0 149.975556413
8280.0 150.330886927
8300.0 150.686186258
8320.0 151.041454697
8340.0 151.396692537
8360.0 151.751900072
8380.0 152.107077597
8400.0 152.462225411
8420.0 152.817343813
8440.0 153.172433104
8460.0 153.527493586
8480.0 153.882525565
8500.0 154.237529346
8520.0 154.592505236
8540.0 154.947453545
8560.0 155.302374583
8580.0 155.657268661
8600.0 156.012136094
8620.0 156.366977195
8640.0 156.721792281
8660.0 157.076581669
8680.0 157.431345678
8700.0 157.786084627
8720.0 158.140798837
8740.0 158.49548863
8760.0 158.85015433
8780.0 159.204796261
8800.0 159.559414748
8820.0 159.914010117
8840.0 160.268582696
8860.0 160.623132814
8880.0 160.977660798
8900.0 161.33216698
8920.0 161.68665169
8940.0 162.04111526
8960.0 162.395558022
8980.0 162.749980309
9000.0 163.104382455
9020.0 163.458764795
9040.0 163.813127663
9060.0 164.167471395
9080.0 164.521796328
9100.0 164.876102797
9120.0 165.23039114
9140.0 165.584661695
9160.0 165.938914799
9180.0 166.29315079
9200.0 166.647370007
9220.0 167.00157279
9240.0 167.355759476
9260.0 167.709930405
9280.0 168.064085917
9300.0 168.41822635
9320.0 168.772352046
9340.0 169.126463342
9360.0 169.48056058
9380.0 169.834644098
9400.0 170.188714236
9420.0 170.542771334
9440.0 170.896815731
9460.0 171.250847766
9480.0 171.604867778
9500.0 171.958876106
9520.0 172.312873088
9540.0 172.666859063
9560.0 173.020834368
9580.0 173.374799341
9600.0 173.728754318
9620.0 174.082699636
9640.0 174.436635632
9660.0 174.79056264
9680.0 175.144480995
9700.0 175.498391033
9720.0 175.852293086
9740.0 176.206187488
9760.0 176.560074571
9780.0 176.913954666
9800.0 177.267828105
9820.0 177.621695217
9840.0 177.975556332
9860.0 178.329411779
9880.0 178.683261883
9900.0 179.037106973
9920.0 179.390947373
9940.0 179.744783408
9960.0 180.098615401
9980.0 180.452443676
10000.0 180.806268553
10020.0 181.160090352
10040.0 181.513909393
10060.0 181.867725993
10080.0 182.221540469
10100.0 182.575353137
10120.0 182.929164311
10140.0 183.282974303
10160.0 183.636783425
10180.0 183.990591986
10200.0 184.344400297
10220.0 184.698208664
10240.0 185.052017392
10260.0 185.405826787
10280.0 185.759637151
10300.0 186.113448785
10320.0 186.467261989
10340.0 186.821077062
10360.0 187.174894299
10380.0 187.528713997
10400.0 187.882536447
10420.0 188.236361941
10440.0 188.590190771
10460.0 188.944023222
10480.0 189.297859582
10500.0 189.651700136
10520.0 190.005545165
10540.0 190.359394952
10560.0 190.713249774
10580.0 191.067109909
10600.0 191.420975632
10620.0 191.774847217
10640.0 192.128724935
10660.0 192.482609055
10680.0 192.836499845
10700.0 193.19039757
10720.0 193.544302493
10740.0 193.898214875
10760.0 194.252134977
10780.0 194.606063055
10800.0 194.959999363
10820.0 195.313944156
10840.0 195.667897684
10860.0 196.021860195
10880.0 196.375831935
10900.0 196.72981315
10920.0 197.083804081
10940.0 197.437804967
10960.0 197.791816047
10980.0 198.145837556
11000.0 198.499869727
11020.0 198.85391279
11040.0 199.207966974
11060.0 199.562032505
11080.0 199.916109608
11100.0 200.270198503
11120.0 200.624299409
11140.0 200.978412544
11160.0 201.332538122
11180.0 201.686676355
11200.0 202.040827452
11220.0 202.394991621
11240.0 202.749169067
11260.0 203.103359992
11280.0 203.457564596
11300.0 203.811783076
11320.0 204.166015629
11340.0 204.520262445
11360.0 204.874523716
11380.0 205.228799629
11400.0 205.58309037