400.0 7.40474648871
420.0 7.77233156007
440.0 8.13988903183
460.0 8.50742079873
480.0 8.87492852244
500.0 9.24241366769
520.0 9.60987753147
540.0 9.97732126701
560.0 10.3447459035
580.0 10.7121523625
600.0 11.0795414717
620.0 11.4469139766
640.0 11.8142705499
660.0 12.1816118004
680.0 12.5489382799
700.0 12.9162504892
720.0 13.2835488836
740.0 13.6508338776
760.0 14.0181058488
780.0 14.3853651415
800.0 14.7526120695
820.0 15.1198469193
840.0 15.4870699523
860.0 15.8542814069
880.0 16.2214815003
900.0 16.5886704304
920.0 16.9558483773
940.0 17.3230155046
960.0 17.6901719605
980.0 18.0573178792
1000.0 18.4244533816
1020.0 18.7915785763
1040.0 19.1586935604
1060.0 19.5257984205
1080.0 19.8928932329
1100.0 20.2599780645
1120.0 20.6270529733
1140.0 20.9941180092
1160.0 21.3611732137
1180.0 21.7282186212
1200.0 22.0952542589
1220.0 22.4622801474
1240.0 22.8292963005
1260.0 23.1963027265
1280.0 23.5632994276
1300.0 23.9302864003
1320.0 24.2972636363
1340.0 24.6642311217
1360.0 25.0311888382
1380.0 25.3981367625
1400.0 25.765074867
1420.0 26.1320031199
1440.0 26.498921485
1460.0 26.8658299222
1480.0 27.2327283876
1500.0 27.5996168335
1520.0 27.9664952086
1540.0 28.3333634581
1560.0 28.7002215237
1580.0 29.0670693439
1600.0 29.433906854
1620.0 29.8007339861
1640.0 30.1675506692
1660.0 30.5343568296
1680.0 30.9011523904
1700.0 31.267937272
1720.0 31.634711392
1740.0 32.0014746654
1760.0 32.3682270044
1780.0 32.7349683187
1800.0 33.1016985154
1820.0 33.4684174993
1840.0 33.8351251724
1860.0 34.2018214347
1880.0 34.5685061835
1900.0 34.935179314
1920.0 35.3018407189
1940.0 35.6684902889
1960.0 36.0351279124
1980.0 36.4017534755
2000.0 36.7683668624
2020.0 37.1349679548
2040.0 37.5015566328
2060.0 37.868132774
2080.0 38.2346962542
2100.0 38.6012469471
2120.0 38.9677847245
2140.0 39.3343094562
2160.0 39.7008210101
2180.0 40.067319252
2200.0 40.4338040461
2220.0 40.8002752545
2240.0 41.1667327375
2260.0 41.5331763537
2280.0 41.8996059598
2300.0 42.2660214106
2320.0 42.6324225592
2340.0 42.9988092571
2360.0 43.3651813539
2380.0 43.7315386974
2400.0 44.0978811339
2420.0 44.4642085079
2440.0 44.8305206623
2460.0 45.1968174383
2480.0 45.5630986754
2500.0 45.9293642116
2520.0 46.2956138833
2540.0 46.6618475252
2560.0 47.0280649705
2580.0 47.3942660508
2600.0 47.7604505962
2620.0 48.1266184354
2640.0 48.4927693953
2660.0 48.8589033016
2680.0 49.2250199783
2700.0 49.5911192481
2720.0 49.9572009322
2740.0 50.3232648504
2760.0 50.6893108209
2780.0 51.0553386608
2800.0 51.4213481857
2820.0 51.7873392097
2840.0 52.1533115457
2860.0 52.5192650053
2880.0 52.8851993987
2900.0 53.2511145347
2920.0 53.6170102211
2940.0 53.9828862642
2960.0 54.3487424692
2980.0 54.7145786398
3000.0 55.0803945789
3020.0 55.446190088
3040.0 55.8119649673
3060.0 56.1777190159
3080.0 56.543452032
3100.0 56.9091638124
3120.0 57.2748541529
3140.0 57.6405228483
3160.0 58.006169692
3180.0 58.3717944768
3200.0 58.7373969943
3220.0 59.1029770349
3240.0 59.4685343883
3260.0 59.8340688431
3280.0 60.1995801869
3300.0 60.5650682065
3320.0 60.9305326877
3340.0 61.2959734154
3360.0 61.6613901739
3380.0 62.0267827462
3400.0 62.3921509149
3420.0 62.7574944616
3440.0 63.1228131671
3460.0 63.4881068115
3480.0 63.8533751744
3500.0 64.2186180342
3520.0 64.5838351691
3540.0 64.9490263564
3560.0 65.3141913727
3580.0 65.6793299943
3600.0 66.0444419966
3620.0 66.4095271545
3640.0 66.7745852426
3660.0 67.1396160347
3680.0 67.5046193042
3700.0 67.8695948242
3720.0 68.2345423672
3740.0 68.5994617054
3760.0 68.9643526104
3780.0 69.3292148538
3800.0 69.6940482066
3820.0 70.0588524396
3840.0 70.4236273234
3860.0 70.7883726281
3880.0 71.153088124
3900.0 71.5177735809
3920.0 71.8824287685
3940.0 72.2470534565
3960.0 72.6116474143
3980.0 72.9762104115
4000.0 73.3407422173
4020.0 73.7052426013
4040.0 74.0697113328
4060.0 74.4341481814
4080.0 74.7985529165
4100.0 75.1629253079
4120.0 75.5272651253
4140.0 75.8915721388
4160.0 76.2558461186
4180.0 76.620086835
4200.0 76.9842940589
4220.0 77.3484675613
4240.0 77.7126071134
4260.0 78.076712487
4280.0 78.4407834543
4300.0 78.8048197877
4320.0 79.1688212604
4340.0 79.5327876457
4360.0 79.8967187179
4380.0 80.2606142514
4400.0 80.6244740215
4420.0 80.9882978041
4440.0 81.3520853758
4460.0 81.7158365136
4480.0 82.0795509956
4500.0 82.4432286005
4520.0 82.8068691078
4540.0 83.1704722979
4560.0 83.5340379522
4580.0 83.8975658526
4600.0 84.2610557824
4620.0 84.6245075256
4640.0 84.9879208673
4660.0 85.3512955937
4680.0 85.7146314919
4700.0 86.0779283505
4720.0 86.4411859588
4740.0 86.8044041075
4760.0 87.1675825887
4780.0 87.5307211954
4800.0 87.8938197222
4820.0 88.256877965
4840.0 88.6198957208
4860.0 88.9828727884
4880.0 89.3458089677
4900.0 89.7087040603
4920.0 90.0715578692
4940.0 90.4343701989
4960.0 90.7971408558
4980.0 91.1598696475
5000.0 91.5225563835
5020.0 91.8852008749
5040.0 92.2478029347
5060.0 92.6103623773
5080.0 92.9728790194
5100.0 93.335352679
5120.0 93.6977831764
5140.0 94.0601703336
5160.0 94.4225139746
5180.0 94.7848139253
5200.0 95.1470700137
5220.0 95.5092820698
5240.0 95.8714499257
5260.0 96.2335734155
5280.0 96.5956523757
5300.0 96.9576866448
5320.0 97.3196760636
5340.0 97.681620475
5360.0 98.0435197243
5380.0 98.4053736592
5400.0 98.7671821296
5420.0 99.1289449879
5440.0 99.4906620888
5460.0 99.8523332897
5480.0 100.21395845
5500.0 100.575537432
5520.0 100.937070101
5540.0 101.298556324
5560.0 101.659995971
5580.0 102.021388914
5600.0 102.38273503
5620.0 102.744034195
5640.0 103.105286291
5660.0 103.466491201
5680.0 103.827648812
5700.0 104.188759012
5720.0 104.549821694
5740.0 104.910836753
5760.0 105.271804086
5780.0 105.632723594
5800.0 105.993595181
5820.0 106.354418754
5840.0 106.715194223
5860.0 107.075921499
5880.0 107.4366005
5900.0 107.797231144
5920.0 108.157813354
5940.0 108.518347054
5960.0 108.878832174
5980.0 109.239268644
6000.0 109.599656401
6020.0 109.959995382
6040.0 110.320285529
6060.0 110.680526786
6080.0 111.040719102
6100.0 111.400862428
6120.0 111.760956719
6140.0 112.121001934
6160.0 112.480998034
6180.0 112.840944985
6200.0 113.200842754
6220.0 113.560691314
6240.0 113.920490641
6260.0 114.280240714
6280.0 114.639941515
6300.0 114.99959303
6320.0 115.35919525
6340.0 115.718748167
6360.0 116.078251779
6380.0 116.437706086
6400.0 116.797111093
6420.0 117.156466806
6440.0 117.515773238
6460.0 117.875030405
6480.0 118.234238324
6500.0 118.593397018
6520.0 118.952506513
6540.0 119.311566841
6560.0 119.670578033
6580.0 120.029540129
6600.0 120.388453168
6620.0 120.747317196
6640.0 121.106132262
6660.0 121.464898419
6680.0 121.823615721
6700.0 122.182284231
6720.0 122.540904011
6740.0 122.899475129
6760.0 123.257997657
6780.0 123.616471669
6800.0 123.974897246
6820.0 124.33327447
6840.0 124.691603428
6860.0 125.04988421
6880.0 125.408116911
6900.0 125.766301629
6920.0 126.124438466
6940.0 126.482527527
6960.0 126.840568923
6980.0 127.198562767
7000.0 127.556509176
7020.0 127.914408271
7040.0 128.272260178
7060.0 128.630065024
7080.0 128.987822942
7100.0 129.345534069
7120.0 129.703198544
7140.0 130.060816512
7160.0 130.418388119
7180.0 130.775913518
7200.0 131.133392863
7220.0 131.490826313
7240.0 131.84821403
7260.0 132.205556181
7280.0 132.562852936
7300.0 132.920104468
7320.0 133.277310954
7340.0 133.634472576
7360.0 133.991589518
7380.0 134.348661967
7400.0 134.705690117
7420.0 135.062674162
7440.0 135.4196143
7460.0 135.776510736
7480.0 136.133363674
7500.0 136.490173325
7520.0 136.846939901
7540.0 137.203663619
7560.0 137.560344698
7580.0 137.916983362
7600.0 138.273579839
7620.0 138.630134357
7640.0 138.986647151
7660.0 139.343118458
7680.0 139.699548517
7700.0 140.055937572
7720.0 140.412285869
7740.0 140.768593659
7760.0 141.124861195
7780.0 141.481088732
7800.0 141.83727653
7820.0 142.193424852
7840.0 142.549533962
7860.0 142.90560413
7880.0 143.261635626
7900.0 143.617628726
7920.0 143.973583706
7940.0 144.329500846
7960.0 144.685380522
7980.0 145.041222854
8000.0 145.397028222
8020.0 145.752796917
8040.0 146.108529235
8060.0 146.464225473
8080.0 146.819885931
8100.0 147.175510912
8120.0 147.531100722
8140.0 147.886655669
8160.0 148.242176064
8180.0 148.597662221
8200.0 148.953114455
8220.0 149.308533086
8240.0 149.663918433
8260.0 150.019270822
8280.0 150.374590577
8300.0 150.729878027
8320.0 151.085133502
8340.0 151.440357334
8360.0 151.795549859
8380.0 152.150711414
8400.0 152.505842338
8420.0 152.860942972
8440.0 153.216013659
8460.0 153.571054744
8480.0 153.926066576
8500.0 154.281049502
8520.0 154.636003873
8540.0 154.990930043
8560.0 155.345828366
8580.0 155.700699198
8600.0 156.055542897
8620.0 156.410359822
8640.0 156.765150334
8660.0 157.119914797
8680.0 157.474653574
8700.0 157.82936703
8720.0 158.184055533
8740.0 158.538719451
8760.0 158.893359153
8780.0 159.247975011
8800.0 159.602567395
8820.0 159.95713668
8840.0 160.31168324
8860.0 160.666207449
8880.0 161.020709685
8900.0 161.375190324
8920.0 161.729649746
8940.0 162.084088328
8960.0 162.438506451
8980.0 162.792904495
9000.0 163.147282842
9020.0 163.501641875
9040.0 163.855981975
9060.0 164.210303526
9080.0 164.564606912
9100.0 164.918892518
9120.0 165.273160727
9140.0 165.627411926
9160.0 165.981646499
9180.0 166.335864832
9200.0 166.690067312
9220.0 167.044254324
9240.0 167.398426256
9260.0 167.752583492
9280.0 168.106726421
9300.0 168.460855428
9320.0 168.814970899
9340.0 169.169073222
9360.0 169.523162782
9380.0 169.877239966
9400.0 170.231305159
9420.0 170.585358746
9440.0 170.939401113
9460.0 171.293432645
9480.0 171.647453727
9500.0 172.001464741
9520.0 172.355466071
9540.0 172.7094581
9560.0 173.063441211
9580.0 173.417415785
9600.0 173.771382203
9620.0 174.125340844
9640.0 174.479292089
9660.0 174.833236315
9680.0 175.1871739
9700.0 175.541105222
9720.0 175.895030655
9740.0 176.248950574
9760.0 176.602865354
9780.0 176.956775366
9800.0 177.310680981
9820.0 177.664582571
9840.0 178.018480504
9860.0 178.372375148
9880.0 178.726266868
9900.0 179.080156031
9920.0 179.434043
9940.0 179.787928137
9960.0 180.141811803
9980.0 180.495694357
10000.0 180.849576156
10020.0 181.203457557
10040.0 181.557338915
10060.0 181.911220582
10080.0 182.265102908
10100.0 182.618986244
10120.0 182.972870937
10140.0 183.326757333
10160.0 183.680645775
10180.0 184.034536606
10200.0 184.388430166
10220.0 184.742326792
10240.0 185.096226821
10260.0 185.450130587
10280.0 185.804038422
10300.0 186.157950655
10320.0 186.511867616
10340.0 186.865789628
10360.0 187.219717017
10380.0 187.573650102
10400.0 187.927589203
10420.0 188.281534637
10440.0 188.635486718
10460.0 188.989445758
10480.0 189.343412066
10500.0 189.697385951
10520.0 190.051367716
10540.0 190.405357664
10560.0 190.759356096
10580.0 191.113363308
10600.0 191.467379596
10620.0 191.821405251
10640.0 192.175440564
10660.0 192.529485821
10680.0 192.883541308
10700.0 193.237607305
10720.0 193.591684093
10740.0 193.945771948
10760.0 194.299871143
10780.0 194.65398195
10800.0 195.008104637
10820.0 195.362239469
10840.0 195.71638671
10860.0 196.070546618
10880.0 196.424719452
10900.0 196.778905466
10920.0 197.133104911
10940.0 197.487318035
10960.0 197.841545084
10980.0 198.195786302
11000.0 198.550041927
11020.0 198.904312196
11040.0 199.258597345
11060.0 199.612897603
11080.0 199.967213198
11100.0 200.321544356
11120.0 200.675891298
11140.0 201.030254244
11160.0 201.38463341
11180.0 201.739029008
11200.0 202.093441249
11220.0 202.447870339
11240.0 202.802316483
11260.0 203.156779881
11280.0 203.51126073
11300.0 203.865759226
11320.0 204.22027556
11340.0 204.574809921
11360.0 204.929362493
11380.0 205.283933461
11400.0 205.638523001
11420.0 205.993131292
11440.0 206.347758505
11460.0 206.702404812