400.0 7.39477464205
420.0 7.76186469281
440.0 8.12892718115
460.0 8.49596399925
480.0 8.86297680653
500.0 9.22996706576
520.0 9.59693607218
540.0 9.96388497747
560.0 10.3308148094
580.0 10.6977264884
600.0 11.0646208409
620.0 11.4314986114
640.0 11.7983604719
660.0 12.1652070302
680.0 12.5320388373
700.0 12.8988563934
720.0 13.2656601533
740.0 13.6324505309
760.0 13.9992279031
780.0 14.3659926139
800.0 14.7327449767
820.0 15.0994852776
840.0 15.4662137776
860.0 15.8329307147
880.0 16.1996363059
900.0 16.5663307489
920.0 16.9330142235
940.0 17.2996868931
960.0 17.6663489056
980.0 18.0330003951
1000.0 18.3996414823
1020.0 18.7662722757
1040.0 19.1328928723
1060.0 19.4995033585
1080.0 19.8661038105
1100.0 20.2326942952
1120.0 20.5992748705
1140.0 20.9658455861
1160.0 21.3324064836
1180.0 21.6989575973
1200.0 22.0654989543
1220.0 22.4320305752
1240.0 22.7985524739
1260.0 23.1650646586
1280.0 23.5315671314
1300.0 23.898059889
1320.0 24.2645429229
1340.0 24.6310162194
1360.0 24.9974797601
1380.0 25.3639335219
1400.0 25.7303774771
1420.0 26.0968115939
1440.0 26.4632358363
1460.0 26.8296501641
1480.0 27.1960545336
1500.0 27.562448897
1520.0 27.9288332032
1540.0 28.2952073974
1560.0 28.6615714215
1580.0 29.027925214
1600.0 29.3942687102
1620.0 29.7606018424
1640.0 30.1269245397
1660.0 30.4932367285
1680.0 30.8595383319
1700.0 31.2258292705
1720.0 31.592109462
1740.0 31.9583788215
1760.0 32.3246372613
1780.0 32.6908846913
1800.0 33.0571210187
1820.0 33.4233461484
1840.0 33.7895599825
1860.0 34.1557624211
1880.0 34.5219533618
1900.0 34.8881326997
1920.0 35.254300328
1940.0 35.6204561372
1960.0 35.986600016
1980.0 36.3527318507
2000.0 36.7188515255
2020.0 37.0849589225
2040.0 37.4510539217
2060.0 37.817136401
2080.0 38.1832062364
2100.0 38.5492633017
2120.0 38.9153074689
2140.0 39.2813386079
2160.0 39.6473565869
2180.0 40.0133612719
2200.0 40.3793525271
2220.0 40.7453302149
2240.0 41.1112941959
2260.0 41.4772443287
2280.0 41.8431804702
2300.0 42.2091024755
2320.0 42.5750101979
2340.0 42.940903489
2360.0 43.3067821987
2380.0 43.672646175
2400.0 44.0384952643
2420.0 44.4043293115
2440.0 44.7701481595
2460.0 45.1359516498
2480.0 45.5017396222
2500.0 45.8675119149
2520.0 46.2332683643
2540.0 46.5990088055
2560.0 46.964733072
2580.0 47.3304409955
2600.0 47.6961324064
2620.0 48.0618071335
2640.0 48.4274650042
2660.0 48.7931058441
2680.0 49.1587294777
2700.0 49.5243357278
2720.0 49.8899244159
2740.0 50.255495362
2760.0 50.6210483847
2780.0 50.9865833011
2800.0 51.3520999271
2820.0 51.7175980772
2840.0 52.0830775645
2860.0 52.4485382008
2880.0 52.8139797965
2900.0 53.1794021608
2920.0 53.5448051017
2940.0 53.9101884257
2960.0 54.2755519383
2980.0 54.6408954436
3000.0 55.0062187446
3020.0 55.371521643
3040.0 55.7368039394
3060.0 56.1020654333
3080.0 56.467305923
3100.0 56.8325252055
3120.0 57.197723077
3140.0 57.5628993325
3160.0 57.9280537659
3180.0 58.29318617
3200.0 58.6582963367
3220.0 59.0233840569
3240.0 59.3884491204
3260.0 59.7534913161
3280.0 60.118510432
3300.0 60.483506255
3320.0 60.8484785714
3340.0 61.2134271663
3360.0 61.5783518242
3380.0 61.9432523286
3400.0 62.3081284621
3420.0 62.6729800068
3440.0 63.0378067438
3460.0 63.4026084535
3480.0 63.7673849156
3500.0 64.1321359091
3520.0 64.4968612123
3540.0 64.8615606027
3560.0 65.2262338576
3580.0 65.5908807531
3600.0 65.9555010652
3620.0 66.3200945692
3640.0 66.6846610397
3660.0 67.049200251
3680.0 67.4137119769
3700.0 67.7781959905
3720.0 68.1426520649
3740.0 68.5070799723
3760.0 68.871479485
3780.0 69.2358503745
3800.0 69.6001924124
3820.0 69.9645053697
3840.0 70.3287890173
3860.0 70.6930431258
3880.0 71.0572674655
3900.0 71.4214618067
3920.0 71.7856259193
3940.0 72.1497595734
3960.0 72.5138625387
3980.0 72.8779345851
4000.0 73.2419754821
4020.0 73.6059849996
4040.0 73.9699629072
4060.0 74.3339089749
4080.0 74.6978229723
4100.0 75.0617046695
4120.0 75.4255538367
4140.0 75.7893702441
4160.0 76.1531536623
4180.0 76.516903862
4200.0 76.8806206142
4220.0 77.2443036902
4240.0 77.6079528618
4260.0 77.9715679008
4280.0 78.3351485799
4300.0 78.6986946718
4320.0 79.0622059498
4340.0 79.4256821878
4360.0 79.7891231601
4380.0 80.1525286417
4400.0 80.5158984081
4420.0 80.8792322353
4440.0 81.2425299004
4460.0 81.6057911807
4480.0 81.9690158546
4500.0 82.332203701
4520.0 82.6953544998
4540.0 83.0584680317
4560.0 83.4215440782
4580.0 83.7845824218
4600.0 84.1475828459
4620.0 84.5105451348
4640.0 84.8734690739
4660.0 85.2363544497
4680.0 85.5992010496
4700.0 85.9620086624
4720.0 86.3247770778
4740.0 86.6875060869
4760.0 87.0501954817
4780.0 87.4128450559
4800.0 87.775454604
4820.0 88.1380239224
4840.0 88.5005528084
4860.0 88.8630410609
4880.0 89.2254884802
4900.0 89.5878948681
4920.0 89.9502600279
4940.0 90.3125837644
4960.0 90.6748658842
4980.0 91.0371061952
5000.0 91.3993045071
5020.0 91.7614606313
5040.0 92.123574381
5060.0 92.485645571
5080.0 92.847674018
5100.0 93.2096595406
5120.0 93.571601959
5140.0 93.9335010955
5160.0 94.2953567745
5180.0 94.657168822
5200.0 95.0189370662
5220.0 95.3806613375
5240.0 95.742341468
5260.0 96.1039772923
5280.0 96.4655686469
5300.0 96.8271153706
5320.0 97.1886173043
5340.0 97.5500742913
5360.0 97.911486177
5380.0 98.2728528093
5400.0 98.6341740384
5420.0 98.9954497168
5440.0 99.3566796995
5460.0 99.7178638438
5480.0 100.07900201
5500.0 100.44009406
5520.0 100.801139859
5540.0 101.162139274
5560.0 101.523092176
5580.0 101.883998438
5600.0 102.244857935
5620.0 102.605670545
5640.0 102.966436148
5660.0 103.32715463
5680.0 103.687825876
5700.0 104.048449775
5720.0 104.40902622
5740.0 104.769555106
5760.0 105.130036331
5780.0 105.490469795
5800.0 105.850855402
5820.0 106.21119306
5840.0 106.571482678
5860.0 106.93172417
5880.0 107.29191745
5900.0 107.652062439
5920.0 108.012159059
5940.0 108.372207234
5960.0 108.732206895
5980.0 109.092157972
6000.0 109.4520604
6020.0 109.811914119
6040.0 110.171719069
6060.0 110.531475195
6080.0 110.891182446
6100.0 111.250840774
6120.0 111.610450132
6140.0 111.97001048
6160.0 112.32952178
6180.0 112.688983995
6200.0 113.048397096
6220.0 113.407761055
6240.0 113.767075846
6260.0 114.126341449
6280.0 114.485557847
6300.0 114.844725026
6320.0 115.203842976
6340.0 115.562911689
6360.0 115.921931164
6380.0 116.2809014
6400.0 116.639822401
6420.0 116.998694177
6440.0 117.357516737
6460.0 117.716290098
6480.0 118.075014278
6500.0 118.433689299
6520.0 118.792315188
6540.0 119.150891975
6560.0 119.509419693
6580.0 119.86789838
6600.0 120.226328077
6620.0 120.58470883
6640.0 120.943040686
6660.0 121.301323697
6680.0 121.659557922
6700.0 122.017743418
6720.0 122.375880251
6740.0 122.733968487
6760.0 123.092008199
6780.0 123.449999461
6800.0 123.807942352
6820.0 124.165836956
6840.0 124.523683358
6860.0 124.881481649
6880.0 125.239231924
6900.0 125.596934281
6920.0 125.954588821
6940.0 126.31219565
6960.0 126.669754878
6980.0 127.027266617
7000.0 127.384730986
7020.0 127.742148104
7040.0 128.099518098
7060.0 128.456841094
7080.0 128.814117226
7100.0 129.171346629
7120.0 129.528529444
7140.0 129.885665813
7160.0 130.242755885
7180.0 130.599799811
7200.0 130.956797744
7220.0 131.313749844
7240.0 131.670656274
7260.0 132.027517198
7280.0 132.384332787
7300.0 132.741103215
7320.0 133.097828657
7340.0 133.454509295
7360.0 133.811145314
7380.0 134.1677369
7400.0 134.524284246
7420.0 134.880787546
7440.0 135.237247
7460.0 135.593662809
7480.0 135.95003518
7500.0 136.306364321
7520.0 136.662650445
7540.0 137.018893769
7560.0 137.375094512
7580.0 137.731252897
7600.0 138.087369151
7620.0 138.443443504
7640.0 138.799476188
7660.0 139.155467441
7680.0 139.511417501
7700.0 139.867326613
7720.0 140.223195022
7740.0 140.579022979
7760.0 140.934810735
7780.0 141.290558546
7800.0 141.646266672
7820.0 142.001935375
7840.0 142.357564919
7860.0 142.713155573
7880.0 143.068707608
7900.0 143.424221298
7920.0 143.779696919
7940.0 144.135134752
7960.0 144.490535171
7980.0 144.845898296
8000.0 145.201224507
8020.0 145.556514094
8040.0 145.911767354
8060.0 146.266984582
8080.0 146.622166078
8100.0 146.977312145
8120.0 147.332423088
8140.0 147.687499215
8160.0 148.042540837
8180.0 148.397548266
8200.0 148.752521819
8220.0 149.107461813
8240.0 149.46236857
8260.0 149.817242411
8280.0 150.172083663
8300.0 150.526892653
8320.0 150.881669712
8340.0 151.23641517
8360.0 151.591129364
8380.0 151.945812629
8400.0 152.300465304
8420.0 152.655087729
8440.0 153.009680249
8460.0 153.364243206
8480.0 153.718776949
8500.0 154.073281826
8520.0 154.427758186
8540.0 154.782206383
8560.0 155.13662677
8580.0 155.491019704
8600.0 155.84538554
8620.0 156.19972464
8640.0 156.554037362
8660.0 156.908324069
8680.0 157.262585125
8700.0 157.616820895
8720.0 157.971031745
8740.0 158.325218043
8760.0 158.679380158
8780.0 159.03351846
8800.0 159.387633321
8820.0 159.741725114
8840.0 160.095794212
8860.0 160.449840989
8880.0 160.803865823
8900.0 161.157869089
8920.0 161.511851166
8940.0 161.865812431
8960.0 162.219753265
8980.0 162.573674048
9000.0 162.92757516
9020.0 163.281456983
9040.0 163.6353199
9060.0 163.989164292
9080.0 164.342990544
9100.0 164.696799039
9120.0 165.050590161
9140.0 165.404364296
9160.0 165.758121827
9180.0 166.111863141
9200.0 166.465588622
9220.0 166.819298657
9240.0 167.17299363
9260.0 167.52667393
9280.0 167.88033994
9300.0 168.233992047
9320.0 168.587630637
9340.0 168.941256097
9360.0 169.29486881
9380.0 169.648469164
9400.0 170.002057543
9420.0 170.355634333
9440.0 170.709199917
9460.0 171.062754681
9480.0 171.416299008
9500.0 171.769833282
9520.0 172.123357884
9540.0 172.476873199
9560.0 172.830379606
9580.0 173.183877489
9600.0 173.537367226
9620.0 173.890849197
9640.0 174.244323781
9660.0 174.597791357
9680.0 174.951252301
9700.0 175.304706989
9720.0 175.658155797
9740.0 176.011599098
9760.0 176.365037266
9780.0 176.718470674
9800.0 177.071899691
9820.0 177.425324687
9840.0 177.778746032
9860.0 178.132164091
9880.0 178.485579232
9900.0 178.838991819
9920.0 179.192402214
9940.0 179.54581078
9960.0 179.899217876
9980.0 180.252623863
10000.0 180.606029095
10020.0 180.959433931
10040.0 181.312838722
10060.0 181.666243822
10080.0 182.019649581
10100.0 182.373056349
10120.0 182.726464471
10140.0 183.079874294
10160.0 183.433286161
10180.0 183.786700413
10200.0 184.14011739
10220.0 184.49353743
10240.0 184.846960868
10260.0 185.200388037
10280.0 185.55381927
10300.0 185.907254897
10320.0 186.260695243
10340.0 186.614140635
10360.0 186.967591395
10380.0 187.321047845
10400.0 187.674510302
10420.0 188.027979084
10440.0 188.381454503
10460.0 188.734936872
10480.0 189.0884265
10500.0 189.441923694
10520.0 189.795428758
10540.0 190.148941995
10560.0 190.502463702
10580.0 190.855994179
10600.0 191.209533719
10620.0 191.563082614
10640.0 191.916641153
10660.0 192.270209624
10680.0 192.62378831
10700.0 192.977377493
10720.0 193.330977451
10740.0 193.684588462
10760.0 194.038210798
10780.0 194.39184473
10800.0 194.745490525
10820.0 195.09914845
10840.0 195.452818767
10860.0 195.806501734
10880.0 196.16019761
10900.0 196.513906647
10920.0 196.867629098
10940.0 197.221365209
10960.0 197.575115227
10980.0 197.928879393
11000.0 198.282657949
11020.0 198.636451128
11040.0 198.990259167
11060.0 199.344082295
11080.0 199.697920739
11100.0 200.051774725
11120.0 200.405644475
11140.0 200.759530206
11160.0 201.113432136
11180.0 201.467350475
11200.0 201.821285435
11220.0 202.175237222
11240.0 202.529206039
11260.0 202.883192086
11280.0 203.237195562
11300.0 203.591216661
11320.0 203.945255574
11340.0 204.299312489
11360.0 204.653387592
11380.0 205.007481065
11400.0 205.361593086