400.0 7.40517275222
420.0 7.77277350316
440.0 8.14034610123
460.0 8.50789243548
480.0 8.87541416191
500.0 9.24291273955
520.0 9.61038945968
540.0 9.97784546982
560.0 10.3452817934
580.0 10.7126993464
600.0 11.0800989507
620.0 11.4474813459
640.0 11.8148471994
660.0 12.182197114
680.0 12.5495316359
700.0 12.9168512604
720.0 13.284156437
740.0 13.6514475746
760.0 14.0187250453
780.0 14.3859891876
800.0 14.7532403101
820.0 15.1204786936
840.0 15.487704594
860.0 15.8549182443
880.0 16.2221198562
900.0 16.5893096225
920.0 16.9564877177
940.0 17.3236543002
960.0 17.6908095129
980.0 18.0579534849
1000.0 18.4250863318
1020.0 18.7922081573
1040.0 19.1593190533
1060.0 19.5264191014
1080.0 19.893508373
1100.0 20.2605869301
1120.0 20.6276548259
1140.0 20.9947121054
1160.0 21.3617588056
1180.0 21.7287949562
1200.0 22.0958205798
1220.0 22.4628356923
1240.0 22.8298403035
1260.0 23.196834417
1280.0 23.5638180308
1300.0 23.9307911374
1320.0 24.297753724
1340.0 24.664705773
1360.0 25.0316472619
1380.0 25.3985781637
1400.0 25.765498447
1420.0 26.1324080762
1440.0 26.4993070116
1460.0 26.8661952096
1480.0 27.2330726228
1500.0 27.5999392003
1520.0 27.9667948875
1540.0 28.3336396265
1560.0 28.7004733561
1580.0 29.0672960118
1600.0 29.4341075261
1620.0 29.8009078285
1640.0 30.1676968454
1660.0 30.5344745007
1680.0 30.901240715
1700.0 31.2679954067
1720.0 31.6347384913
1740.0 32.0014698817
1760.0 32.3681894883
1780.0 32.7348972191
1800.0 33.1015929797
1820.0 33.4682766733
1840.0 33.8349482007
1860.0 34.2016074606
1880.0 34.5682543493
1900.0 34.9348887611
1920.0 35.301510588
1940.0 35.66811972
1960.0 36.034716045
1980.0 36.4012994489
2000.0 36.7678698155
2020.0 37.1344270267
2040.0 37.5009709625
2060.0 37.8675015009
2080.0 38.2340185181
2100.0 38.6005218884
2120.0 38.9670114844
2140.0 39.3334871768
2160.0 39.6999488344
2180.0 40.0663963244
2200.0 40.4328295124
2220.0 40.799248262
2240.0 41.1656524353
2260.0 41.5320418928
2280.0 41.8984164931
2300.0 42.2647760936
2320.0 42.6311205496
2340.0 42.9974497153
2360.0 43.363763443
2380.0 43.7300615836
2400.0 44.0963439864
2420.0 44.4626104994
2440.0 44.8288609688
2460.0 45.1950952397
2480.0 45.5613131554
2500.0 45.927514558
2520.0 46.2936992881
2540.0 46.6598671849
2560.0 47.0260180863
2580.0 47.3921518287
2600.0 47.7582682472
2620.0 48.1243671757
2640.0 48.4904484466
2660.0 48.8565118911
2680.0 49.2225573391
2700.0 49.5885846193
2720.0 49.9545935591
2740.0 50.3205839846
2760.0 50.6865557208
2780.0 51.0525085914
2800.0 51.4184424191
2820.0 51.7843570251
2840.0 52.1502522299
2860.0 52.5161278525
2880.0 52.8819837109
2900.0 53.2478196221
2920.0 53.613635402
2940.0 53.9794308652
2960.0 54.3452058256
2980.0 54.7109600959
3000.0 55.0766934876
3020.0 55.4424058117
3040.0 55.8080968777
3060.0 56.1737664946
3080.0 56.53941447
3100.0 56.9050406109
3120.0 57.2706447234
3140.0 57.6362266125
3160.0 58.0017860825
3180.0 58.3673229369
3200.0 58.7328369782
3220.0 59.0983280081
3240.0 59.4637958278
3260.0 59.8292402373
3280.0 60.1946610362
3300.0 60.5600580232
3320.0 60.9254309963
3340.0 61.2907797529
3360.0 61.6561040895
3380.0 62.0214038023
3400.0 62.3866786865
3420.0 62.751928537
3440.0 63.117153148
3460.0 63.482352313
3480.0 63.8475258251
3500.0 64.212673477
3520.0 64.5777950605
3540.0 64.9428903673
3560.0 65.3079591886
3580.0 65.6730013148
3600.0 66.0380165365
3620.0 66.4030046433
3640.0 66.7679654248
3660.0 67.1328986701
3680.0 67.4978041682
3700.0 67.8626817075
3720.0 68.2275310763
3740.0 68.5923520626
3760.0 68.9571444542
3780.0 69.3219080388
3800.0 69.6866426037
3820.0 70.0513479362
3840.0 70.4160238234
3860.0 70.7806700524
3880.0 71.1452864102
3900.0 71.5098726836
3920.0 71.8744286595
3940.0 72.2389541249
3960.0 72.6034488666
3980.0 72.9679126717
4000.0 73.3323453271
4020.0 73.69674662
4040.0 74.0611163376
4060.0 74.4254542676
4080.0 74.7897601974
4100.0 75.1540339149
4120.0 75.5182752081
4140.0 75.8824838655
4160.0 76.2466596757
4180.0 76.6108024277
4200.0 76.9749119107
4220.0 77.3389879145
4240.0 77.7030302291
4260.0 78.0670386452
4280.0 78.4310129536
4300.0 78.794952946
4320.0 79.1588584143
4340.0 79.5227291511
4360.0 79.8865649496
4380.0 80.2503656034
4400.0 80.614130907
4420.0 80.9778606555
4440.0 81.3415546445
4460.0 81.7052126706
4480.0 82.068834531
4500.0 82.4324200237
4520.0 82.7959689476
4540.0 83.1594811022
4560.0 83.5229562882
4580.0 83.886394307
4600.0 84.249794961
4620.0 84.6131580534
4640.0 84.9764833888
4660.0 85.3397707723
4680.0 85.7030200104
4700.0 86.0662309106
4720.0 86.4294032815
4740.0 86.7925369329
4760.0 87.1556316757
4780.0 87.518687322
4800.0 87.8817036851
4820.0 88.2446805797
4840.0 88.6076178218
4860.0 88.9705152285
4880.0 89.3333726185
4900.0 89.6961898117
4920.0 90.0589666296
4940.0 90.421702895
4960.0 90.7843984322
4980.0 91.1470530672
5000.0 91.5096666271
5020.0 91.8722389411
5040.0 92.2347698396
5060.0 92.5972591547
5080.0 92.9597067204
5100.0 93.322112372
5120.0 93.684475947
5140.0 94.0467972841
5160.0 94.4090762241
5180.0 94.7713126097
5200.0 95.1335062852
5220.0 95.4956570968
5240.0 95.8577648927
5260.0 96.2198295229
5280.0 96.5818508395
5300.0 96.9438286965
5320.0 97.3057629498
5340.0 97.6676534576
5360.0 98.0295000798
5380.0 98.3913026788
5400.0 98.7530611189
5420.0 99.1147752664
5440.0 99.4764449902
5460.0 99.8380701609
5480.0 100.199650652
5500.0 100.561186338
5520.0 100.922677098
5540.0 101.28412281
5560.0 101.645523358
5580.0 102.006878626
5600.0 102.368188501
5620.0 102.729452872
5640.0 103.090671632
5660.0 103.451844675
5680.0 103.812971897
5700.0 104.174053199
5720.0 104.535088481
5740.0 104.896077649
5760.0 105.25702061
5780.0 105.617917273
5800.0 105.978767551
5820.0 106.339571358
5840.0 106.700328613
5860.0 107.061039236
5880.0 107.42170315
5900.0 107.782320281
5920.0 108.142890557
5940.0 108.50341391
5960.0 108.863890275
5980.0 109.224319588
6000.0 109.58470179
6020.0 109.945036823
6040.0 110.305324634
6060.0 110.66556517
6080.0 111.025758384
6100.0 111.385904229
6120.0 111.746002665
6140.0 112.10605365
6160.0 112.46605715
6180.0 112.82601313
6200.0 113.18592156
6220.0 113.545782412
6240.0 113.905595663
6260.0 114.265361292
6280.0 114.62507928
6300.0 114.984749612
6320.0 115.344372277
6340.0 115.703947267
6360.0 116.063474575
6380.0 116.422954199
6400.0 116.782386141
6420.0 117.141770405
6440.0 117.501106997
6460.0 117.860395929
6480.0 118.219637214
6500.0 118.57883087
6520.0 118.937976916
6540.0 119.297075377
6560.0 119.656126279
6580.0 120.015129652
6600.0 120.37408553
6620.0 120.73299395
6640.0 121.091854951
6660.0 121.450668578
6680.0 121.809434876
6700.0 122.168153896
6720.0 122.526825691
6740.0 122.885450318
6760.0 123.244027838
6780.0 123.602558312
6800.0 123.961041809
6820.0 124.319478398
6840.0 124.677868152
6860.0 125.036211149
6880.0 125.394507469
6900.0 125.752757195
6920.0 126.110960414
6940.0 126.469117217
6960.0 126.827227697
6980.0 127.185291951
7000.0 127.543310079
7020.0 127.901282185
7040.0 128.259208376
7060.0 128.617088763
7080.0 128.974923459
7100.0 129.332712582
7120.0 129.690456251
7140.0 130.048154591
7160.0 130.405807728
7180.0 130.763415793
7200.0 131.12097892
7220.0 131.478497245
7240.0 131.83597091
7260.0 132.193400057
7280.0 132.550784833
7300.0 132.908125389
7320.0 133.265421877
7340.0 133.622674456
7360.0 133.979883283
7380.0 134.337048523
7400.0 134.694170342
7420.0 135.051248909
7440.0 135.408284397
7460.0 135.765276982
7480.0 136.122226842
7500.0 136.479134161
7520.0 136.835999122
7540.0 137.192821915
7560.0 137.549602732
7580.0 137.906341765
7600.0 138.263039214
7620.0 138.619695279
7640.0 138.976310162
7660.0 139.332884072
7680.0 139.689417218
7700.0 140.045909811
7720.0 140.402362069
7740.0 140.758774208
7760.0 141.11514645
7780.0 141.47147902
7800.0 141.827772145
7820.0 142.184026053
7840.0 142.540240979
7860.0 142.896417156
7880.0 143.252554823
7900.0 143.608654222
7920.0 143.964715595
7940.0 144.320739188
7960.0 144.67672525
7980.0 145.032674032
8000.0 145.388585881
8020.0 145.744460877
8040.0 146.100299379
8060.0 146.456101648
8080.0 146.81186795
8100.0 147.167598551
8120.0 147.523293719
8140.0 147.878953727
8160.0 148.23457885
8180.0 148.590169363
8200.0 148.945725546
8220.0 149.30124768
8240.0 149.656736048
8260.0 150.012190938
8280.0 150.367612636
8300.0 150.723001434
8320.0 151.078357624
8340.0 151.4336815
8360.0 151.78897336
8380.0 152.144233503
8400.0 152.49946223
8420.0 152.854659843
8440.0 153.209826647
8460.0 153.56496295
8480.0 153.92006906
8500.0 154.275145288
8520.0 154.630191947
8540.0 154.98520935
8560.0 155.340197813
8580.0 155.695157655
8600.0 156.050089195
8620.0 156.404992754
8640.0 156.759868655
8660.0 157.114717221
8680.0 157.469538778
8700.0 157.824333655
8720.0 158.179102179
8740.0 158.53384468
8760.0 158.88856149
8780.0 159.243252943
8800.0 159.597919371
8820.0 159.95256111
8840.0 160.307178498
8860.0 160.661771871
8880.0 161.016341568
8900.0 161.37088793
8920.0 161.725411298
8940.0 162.079912013
8960.0 162.43439042
8980.0 162.788846861
9000.0 163.143281681
9020.0 163.497695227
9040.0 163.852087845
9060.0 164.206459882
9080.0 164.560811687
9100.0 164.915143608
9120.0 165.269455995
9140.0 165.623749198
9160.0 165.978023567
9180.0 166.332279454
9200.0 166.686517211
9220.0 167.040737188
9240.0 167.39493974
9260.0 167.749125219
9280.0 168.103293979
9300.0 168.457446372
9320.0 168.811582753
9340.0 169.165703476
9360.0 169.519808895
9380.0 169.873899364
9400.0 170.227975238
9420.0 170.582036871
9440.0 170.936084619
9460.0 171.290118834
9480.0 171.644139872
9500.0 171.998148088
9520.0 172.352143834
9540.0 172.706127466
9560.0 173.060099336
9580.0 173.414059799
9600.0 173.768009208
9620.0 174.121947915
9640.0 174.475876272
9660.0 174.829794633
9680.0 175.183703348
9700.0 175.537602769
9720.0 175.891493245
9740.0 176.245375128
9760.0 176.599248766
9780.0 176.953114508
9800.0 177.306972701
9820.0 177.660823694
9840.0 178.014667833
9860.0 178.368505463
9880.0 178.72233693
9900.0 179.076162576
9920.0 179.429982746
9940.0 179.783797782
9960.0 180.137608023
9980.0 180.491413812
10000.0 180.845215486
10020.0 181.199013384
10040.0 181.552807842
10060.0 181.906599197
10080.0 182.260387782
10100.0 182.61417393
10120.0 182.967957975
10140.0 183.321740246
10160.0 183.675521073
10180.0 184.029300784
10200.0 184.383079706
10220.0 184.736858163
10240.0 185.090636479
10260.0 185.444414977
10280.0 185.798193977
10300.0 186.151973798
10320.0 186.505754758
10340.0 186.859537173
10360.0 187.213321358
10380.0 187.567107624
10400.0 187.920896282
10420.0 188.274687643
10440.0 188.628482012
10460.0 188.982279697
10480.0 189.336081
10500.0 189.689886224
10520.0 190.043695669
10540.0 190.397509633
10560.0 190.751328412
10580.0 191.105152301
10600.0 191.458981591
10620.0 191.812816574
10640.0 192.166657538
10660.0 192.520504768
10680.0 192.87435855
10700.0 193.228219165
10720.0 193.582086893
10740.0 193.935962012
10760.0 194.289844798
10780.0 194.643735524
10800.0 194.997634462
10820.0 195.35154188
10840.0 195.705458046
10860.0 196.059383224
10880.0 196.413317676
10900.0 196.767261663
10920.0 197.121215441
10940.0 197.475179267
10960.0 197.829153393
10980.0 198.183138069
11000.0 198.537133544
11020.0 198.891140064
11040.0 199.245157872
11060.0 199.599187209
11080.0 199.953228313
11100.0 200.30728142
11120.0 200.661346764
11140.0 201.015424576
11160.0 201.369515083
11180.0 201.723618513
11200.0 202.077735088
11220.0 202.431865029
11240.0 202.786008555
11260.0 203.140165881
11280.0 203.494337221
11300.0 203.848522784
11320.0 204.202722779
11340.0 204.556937411
11360.0 204.911166883
11380.0 205.265411394
11400.0 205.619671143