400.0 7.40111905013
420.0 7.76852496507
440.0 8.13590339074
460.0 8.50325622258
480.0 8.87058512308
500.0 9.23789155791
520.0 9.60517682512
540.0 9.97244207905
560.0 10.3396883501
580.0 10.7069165612
600.0 11.0741275412
620.0 11.4413220371
640.0 11.8085007231
660.0 12.1756642095
680.0 12.5428130495
700.0 12.9099477457
720.0 13.2770687549
740.0 13.6441764933
760.0 14.0112713401
780.0 14.3783536414
800.0 14.7454237129
820.0 15.1124818428
840.0 15.4795282943
860.0 15.8465633075
880.0 16.2135871017
900.0 16.5805998767
920.0 16.9476018144
940.0 17.3145930803
960.0 17.6815738248
980.0 18.0485441839
1000.0 18.4155042805
1020.0 18.7824542253
1040.0 19.1493941176
1060.0 19.5163240459
1080.0 19.8832440885
1100.0 20.2501543147
1120.0 20.6170547845
1140.0 20.9839455498
1160.0 21.3508266545
1180.0 21.7176981351
1200.0 22.084560021
1220.0 22.4514123349
1240.0 22.8182550932
1260.0 23.185088306
1280.0 23.5519119779
1300.0 23.918726108
1320.0 24.2855306898
1340.0 24.6523257121
1360.0 25.0191111587
1380.0 25.3858870088
1400.0 25.7526532371
1420.0 26.119409814
1440.0 26.4861567059
1460.0 26.8528938751
1480.0 27.2196212799
1500.0 27.5863388752
1520.0 27.953046612
1540.0 28.319744438
1560.0 28.6864322974
1580.0 29.053110131
1600.0 29.4197778767
1620.0 29.786435469
1640.0 30.1530828396
1660.0 30.5197199169
1680.0 30.8863466268
1700.0 31.2529628922
1720.0 31.6195686331
1740.0 31.986163767
1760.0 32.3527482088
1780.0 32.7193218707
1800.0 33.0858846622
1820.0 33.4524364908
1840.0 33.818977261
1860.0 34.1855068753
1880.0 34.5520252336
1900.0 34.9185322337
1920.0 35.285027771
1940.0 35.6515117386
1960.0 36.0179840274
1980.0 36.3844445263
2000.0 36.7508931219
2020.0 37.1173296986
2040.0 37.483754139
2060.0 37.8501663233
2080.0 38.21656613
2100.0 38.5829534353
2120.0 38.9493281135
2140.0 39.315690037
2160.0 39.6820390764
2180.0 40.0483751
2200.0 40.4146979745
2220.0 40.7810075647
2240.0 41.1473037334
2260.0 41.5135863417
2280.0 41.8798552488
2300.0 42.2461103122
2320.0 42.6123513876
2340.0 42.9785783288
2360.0 43.344790988
2380.0 43.7109892156
2400.0 44.0771728603
2420.0 44.4433417692
2440.0 44.8094957877
2460.0 45.1756347592
2480.0 45.541758526
2500.0 45.9078669285
2520.0 46.2739598053
2540.0 46.6400369937
2560.0 47.0060983293
2580.0 47.3721436461
2600.0 47.7381727767
2620.0 48.1041855518
2640.0 48.4701818011
2660.0 48.8361613523
2680.0 49.2021240319
2700.0 49.5680696648
2720.0 49.9339980746
2740.0 50.2999090831
2760.0 50.6658025111
2780.0 51.0316781776
2800.0 51.3975359006
2820.0 51.7633754962
2840.0 52.1291967797
2860.0 52.4949995645
2880.0 52.8607836631
2900.0 53.2265488865
2920.0 53.5922950443
2940.0 53.9580219449
2960.0 54.3237293956
2980.0 54.689417202
3000.0 55.055085169
3020.0 55.4207330998
3040.0 55.7863607967
3060.0 56.1519680607
3080.0 56.5175546917
3100.0 56.8831204882
3120.0 57.2486652479
3140.0 57.6141887673
3160.0 57.9796908415
3180.0 58.345171265
3200.0 58.7106298308
3220.0 59.0760663311
3240.0 59.4414805571
3260.0 59.8068722989
3280.0 60.1722413455
3300.0 60.5375874852
3320.0 60.9029105053
3340.0 61.2682101919
3360.0 61.6334863306
3380.0 61.9987387058
3400.0 62.3639671011
3420.0 62.7291712995
3440.0 63.0943510829
3460.0 63.4595062325
3480.0 63.8246365288
3500.0 64.1897417515
3520.0 64.5548216794
3540.0 64.9198760909
3560.0 65.2849047636
3580.0 65.6499074743
3600.0 66.0148839993
3620.0 66.3798341144
3640.0 66.7447575946
3660.0 67.1096542144
3680.0 67.4745237478
3700.0 67.8393659684
3720.0 68.2041806491
3740.0 68.5689675625
3760.0 68.9337264807
3780.0 69.2984571753
3800.0 69.6631594178
3820.0 70.0278329791
3840.0 70.3924776298
3860.0 70.7570931403
3880.0 71.1216792807
3900.0 71.4862358208
3920.0 71.8507625302
3940.0 72.2152591784
3960.0 72.5797255347
3980.0 72.9441613682
4000.0 73.3085664479
4020.0 73.6729405429
4040.0 74.037283422
4060.0 74.4015948543
4080.0 74.7658746087
4100.0 75.1301224541
4120.0 75.4943381596
4140.0 75.8585214945
4160.0 76.2226722281
4180.0 76.5867901298
4200.0 76.9508749694
4220.0 77.3149265169
4240.0 77.6789445424
4260.0 78.0429288164
4280.0 78.4068791099
4300.0 78.770795194
4320.0 79.1346768403
4340.0 79.4985238208
4360.0 79.8623359081
4380.0 80.2261128752
4400.0 80.5898544956
4420.0 80.9535605433
4440.0 81.3172307931
4460.0 81.6808650203
4480.0 82.0444630008
4500.0 82.4080245114
4520.0 82.7715493294
4540.0 83.1350372331
4560.0 83.4984880013
4580.0 83.861901414
4600.0 84.2252772517
4620.0 84.5886152962
4640.0 84.9519153298
4660.0 85.3151771363
4680.0 85.6784004999
4700.0 86.0415852064
4720.0 86.4047310424
4740.0 86.7678377956
4760.0 87.1309052549
4780.0 87.4939332105
4800.0 87.8569214537
4820.0 88.219869777
4840.0 88.5827779744
4860.0 88.9456458411
4880.0 89.3084731736
4900.0 89.6712597699
4920.0 90.0340054295
4940.0 90.3967099532
4960.0 90.7593731434
4980.0 91.1219948042
5000.0 91.4845747409
5020.0 91.8471127609
5040.0 92.2096086728
5060.0 92.5720622872
5080.0 92.9344734162
5100.0 93.2968418739
5120.0 93.6591674761
5140.0 94.0214500402
5160.0 94.3836893859
5180.0 94.7458853344
5200.0 95.1080377091
5220.0 95.4701463352
5240.0 95.8322110401
5260.0 96.1942316531
5280.0 96.5562080056
5300.0 96.918139931
5320.0 97.2800272651
5340.0 97.6418698458
5360.0 98.003667513
5380.0 98.3654201092
5400.0 98.7271274789
5420.0 99.0887894689
5440.0 99.4504059287
5460.0 99.8119767099
5480.0 100.173501666
5500.0 100.534980655
5520.0 100.896413534
5540.0 101.257800166
5560.0 101.619140415
5580.0 101.980434147
5600.0 102.341681231
5620.0 102.70288154
5640.0 103.064034947
5660.0 103.425141331
5680.0 103.786200571
5700.0 104.147212551
5720.0 104.508177155
5740.0 104.869094272
5760.0 105.229963794
5780.0 105.590785615
5800.0 105.951559631
5820.0 106.312285744
5840.0 106.672963855
5860.0 107.033593871
5880.0 107.394175701
5900.0 107.754709257
5920.0 108.115194455
5940.0 108.475631212
5960.0 108.83601945
5980.0 109.196359094
6000.0 109.556650071
6020.0 109.916892313
6040.0 110.277085754
6060.0 110.637230331
6080.0 110.997325986
6100.0 111.357372661
6120.0 111.717370306
6140.0 112.07731887
6160.0 112.437218308
6180.0 112.797068577
6200.0 113.156869639
6220.0 113.516621457
6240.0 113.876324001
6260.0 114.23597724
6280.0 114.595581151
6300.0 114.955135711
6320.0 115.314640903
6340.0 115.674096712
6360.0 116.033503127
6380.0 116.392860141
6400.0 116.75216775
6420.0 117.111425954
6440.0 117.470634757
6460.0 117.829794165
6480.0 118.18890419
6500.0 118.547964847
6520.0 118.906976153
6540.0 119.26593813
6560.0 119.624850804
6580.0 119.983714205
6600.0 120.342528366
6620.0 120.701293323
6640.0 121.060009117
6660.0 121.418675792
6680.0 121.777293397
6700.0 122.135861984
6720.0 122.494381609
6740.0 122.85285233
6760.0 123.211274211
6780.0 123.56964732
6800.0 123.927971727
6820.0 124.286247507
6840.0 124.64447474
6860.0 125.002653506
6880.0 125.360783893
6900.0 125.71886599
6920.0 126.076899891
6940.0 126.434885695
6960.0 126.792823502
6980.0 127.150713419
7000.0 127.508555553
7020.0 127.866350019
7040.0 128.224096933
7060.0 128.581796416
7080.0 128.939448592
7100.0 129.297053589
7120.0 129.65461154
7140.0 130.012122581
7160.0 130.36958685
7180.0 130.727004492
7200.0 131.084375654
7220.0 131.441700487
7240.0 131.798979145
7260.0 132.156211787
7280.0 132.513398575
7300.0 132.870539675
7320.0 133.227635257
7340.0 133.584685494
7360.0 133.941690562
7380.0 134.298650644
7400.0 134.655565922
7420.0 135.012436586
7440.0 135.369262825
7460.0 135.726044837
7480.0 136.082782819
7500.0 136.439476974
7520.0 136.796127507
7540.0 137.152734629
7560.0 137.509298552
7580.0 137.865819492
7600.0 138.222297669
7620.0 138.578733307
7640.0 138.935126632
7660.0 139.291477874
7680.0 139.647787268
7700.0 140.004055049
7720.0 140.360281457
7740.0 140.716466738
7760.0 141.072611136
7780.0 141.428714901
7800.0 141.784778288
7820.0 142.140801552
7840.0 142.496784952
7860.0 142.852728751
7880.0 143.208633215
7900.0 143.564498613
7920.0 143.920325215
7940.0 144.276113296
7960.0 144.631863135
7980.0 144.98757501
8000.0 145.343249296
8020.0 145.698886108
8040.0 146.054485834
8060.0 146.410048764
8080.0 146.765575195
8100.0 147.121065424
8120.0 147.476519751
8140.0 147.83193848
8160.0 148.187321916
8180.0 148.542670369
8200.0 148.897984148
8220.0 149.25326357
8240.0 149.608508949
8260.0 149.963720604
8280.0 150.318898858
8300.0 150.674044034
8320.0 151.029156458
8340.0 151.384236458
8360.0 151.739284367
8380.0 152.094300516
8400.0 152.449285241
8420.0 152.80423888
8440.0 153.159161772
8460.0 153.51405426
8480.0 153.868916686
8500.0 154.223749397
8520.0 154.578552741
8540.0 154.933327067
8560.0 155.288072726
8580.0 155.642790073
8600.0 155.997479462
8620.0 156.35214125
8640.0 156.706775795
8660.0 157.061383458
8680.0 157.415964601
8700.0 157.770519587
8720.0 158.125048781
8740.0 158.479552548
8760.0 158.834031258
8780.0 159.188485278
8800.0 159.542914979
8820.0 159.897320733
8840.0 160.251702913
8860.0 160.606061892
8880.0 160.960398046
8900.0 161.314711751
8920.0 161.669003385
8940.0 162.023273325
8960.0 162.37752195
8980.0 162.731749641
9000.0 163.085956779
9020.0 163.440143745
9040.0 163.794310922
9060.0 164.148458692
9080.0 164.50258744
9100.0 164.85669755
9120.0 165.210789406
9140.0 165.564863395
9160.0 165.918919901
9180.0 166.272959312
9200.0 166.626982013
9220.0 166.980988391
9240.0 167.334978835
9260.0 167.68895373
9280.0 168.042913465
9300.0 168.396858428
9320.0 168.750789005
9340.0 169.104705584
9360.0 169.458608554
9380.0 169.812498301
9400.0 170.166375214
9420.0 170.520239679
9440.0 170.874092084
9460.0 171.227932814
9480.0 171.581762258
9500.0 171.9355808
9520.0 172.289388826
9540.0 172.643186722
9560.0 172.996974873
9580.0 173.350753662
9600.0 173.704523472
9620.0 174.058284688
9640.0 174.412037691
9660.0 174.765782862
9680.0 175.119520582
9700.0 175.473251232
9720.0 175.82697519
9740.0 176.180692833
9760.0 176.53440454
9780.0 176.888110687
9800.0 177.241811647
9820.0 177.595507796
9840.0 177.949199506
9860.0 178.302887149
9880.0 178.656571096
9900.0 179.010251714
9920.0 179.363929373
9940.0 179.717604439
9960.0 180.071277276
9980.0 180.424948249
10000.0 180.77861772
10020.0 181.132286049
10040.0 181.485953596
10060.0 181.839620719
10080.0 182.193287772
10100.0 182.546955112
10120.0 182.900623089
10140.0 183.254292055
10160.0 183.60796236
10180.0 183.961634349
10200.0 184.31530837
10220.0 184.668984764
10240.0 185.022663875
10260.0 185.376346041
10280.0 185.7300316
10300.0 186.083720888
10320.0 186.437414239
10340.0 186.791111983
10360.0 187.14481445
10380.0 187.498521968
10400.0 187.852234861
10420.0 188.205953452
10440.0 188.559678062
10460.0 188.913409009
10480.0 189.267146609
10500.0 189.620891175
10520.0 189.974643019
10540.0 190.328402449
10560.0 190.682169773
10580.0 191.035945293
10600.0 191.389729312
10620.0 191.743522128
10640.0 192.097324038
10660.0 192.451135335
10680.0 192.804956312
10700.0 193.158787256
10720.0 193.512628454
10740.0 193.866480189
10760.0 194.220342742
10780.0 194.574216391
10800.0 194.928101411
10820.0 195.281998075
10840.0 195.635906653
10860.0 195.989827412
10880.0 196.343760616
10900.0 196.697706527
10920.0 197.051665402
10940.0 197.405637499
10960.0 197.75962307
10980.0 198.113622364
11000.0 198.46763563
11020.0 198.821663111
11040.0 199.175705049
11060.0 199.529761681
11080.0 199.883833244
11100.0 200.23791997
11120.0 200.592022088
11140.0 200.946139825
11160.0 201.300273404
11180.0 201.654423045
11200.0 202.008588967
11220.0 202.362771383
11240.0 202.716970505
11260.0 203.071186541
11280.0 203.425419697
11300.0 203.779670174
11320.0 204.133938172
11340.0 204.488223886
11360.0 204.842527511
11380.0 205.196849234
11400.0 205.551189245