400.0 7.40149479958
420.0 7.76891845118
440.0 8.13631451531
460.0 8.50368488585
480.0 8.87103122378
500.0 9.23835499315
520.0 9.6056574904
540.0 9.97293986825
560.0 10.3402031554
580.0 10.7074482731
600.0 11.0746760487
620.0 11.4418872271
640.0 11.809082481
660.0 12.1762624188
680.0 12.5434275921
700.0 12.9105785014
720.0 13.277715602
740.0 13.644839308
760.0 14.011949997
780.0 14.3790480129
800.0 14.7461336696
820.0 15.1132072535
840.0 15.4802690258
860.0 15.8473192246
880.0 16.2143580673
900.0 16.5813857517
920.0 16.9484024576
940.0 17.3154083487
960.0 17.6824035731
980.0 18.0493882649
1000.0 18.4163625449
1020.0 18.7833265217
1040.0 19.1502802926
1060.0 19.5172239438
1080.0 19.8841575517
1100.0 20.2510811832
1120.0 20.6179948963
1140.0 20.9848987408
1160.0 21.3517927582
1180.0 21.718676983
1200.0 22.0855514422
1220.0 22.4524161564
1240.0 22.8192711397
1260.0 23.1861164
1280.0 23.5529519397
1300.0 23.9197777553
1320.0 24.2865938384
1340.0 24.6534001753
1360.0 25.0201967475
1380.0 25.3869835319
1400.0 25.7537605008
1420.0 26.1205276223
1440.0 26.4872848604
1460.0 26.854032175
1480.0 27.2207695222
1500.0 27.5874968542
1520.0 27.9542141199
1540.0 28.3209212644
1560.0 28.6876182295
1580.0 29.0543049537
1600.0 29.4209813723
1620.0 29.7876474175
1640.0 30.1543030183
1660.0 30.520948101
1680.0 30.8875825887
1700.0 31.2542064019
1720.0 31.6208194583
1740.0 31.9874216728
1760.0 32.3540129577
1780.0 32.7205932228
1800.0 33.0871623752
1820.0 33.4537203196
1840.0 33.8202669583
1860.0 34.1868021911
1880.0 34.5533259155
1900.0 34.9198380267
1920.0 35.2863384175
1940.0 35.6528269786
1960.0 36.0193035984
1980.0 36.3857681631
2000.0 36.7522205569
2020.0 37.1186606617
2040.0 37.4850883574
2060.0 37.8515035219
2080.0 38.217906031
2100.0 38.5842957584
2120.0 38.9506725759
2140.0 39.3170363535
2160.0 39.683386959
2180.0 40.0497242585
2200.0 40.416048116
2220.0 40.7823583937
2240.0 41.1486549522
2260.0 41.5149376499
2280.0 41.8812063436
2300.0 42.2474608883
2320.0 42.6137011371
2340.0 42.9799269414
2360.0 43.3461381511
2380.0 43.712334614
2400.0 44.0785161764
2420.0 44.444682683
2440.0 44.8108339766
2460.0 45.1769698986
2480.0 45.5430902885
2500.0 45.9091949844
2520.0 46.2752838228
2540.0 46.6413566383
2560.0 47.0074132644
2580.0 47.3734535327
2600.0 47.7394772735
2620.0 48.1054843152
2640.0 48.4714744851
2660.0 48.8374476089
2680.0 49.2034035107
2700.0 49.5693420132
2720.0 49.9352629378
2740.0 50.3011661042
2760.0 50.6670513308
2780.0 51.0329184348
2800.0 51.3987672318
2820.0 51.7645975361
2840.0 52.1304091605
2860.0 52.4962019169
2880.0 52.8619756153
2900.0 53.227730065
2920.0 53.5934650735
2940.0 53.9591804473
2960.0 54.3248759917
2980.0 54.6905515106
3000.0 55.0562068069
3020.0 55.421841682
3040.0 55.7874559365
3060.0 56.1530493694
3080.0 56.5186217791
3100.0 56.8841729623
3120.0 57.2497027151
3140.0 57.6152108322
3160.0 57.9806971074
3180.0 58.3461613333
3200.0 58.7116033016
3220.0 59.077022803
3240.0 59.442419627
3260.0 59.8077935625
3280.0 60.1731443972
3300.0 60.538471918
3320.0 60.9037759106
3340.0 61.2690561603
3360.0 61.6343124512
3380.0 61.9995445665
3400.0 62.364752289
3420.0 62.7299354002
3440.0 63.0950936812
3460.0 63.4602269122
3480.0 63.8253348726
3500.0 64.1904173412
3520.0 64.5554740962
3540.0 64.920504915
3560.0 65.2855095743
3580.0 65.6504878504
3600.0 66.015439519
3620.0 66.380364355
3640.0 66.745262133
3660.0 67.110132627
3680.0 67.4749756105
3700.0 67.8397908567
3720.0 68.2045781382
3740.0 68.5693372272
3760.0 68.9340678956
3780.0 69.2987699149
3800.0 69.6634430563
3820.0 70.0280870907
3840.0 70.3927017888
3860.0 70.7572869209
3880.0 71.1218422571
3900.0 71.4863675676
3920.0 71.850862622
3940.0 72.2153271903
3960.0 72.5797610419
3980.0 72.9441639463
4000.0 73.3085356732
4020.0 73.6728759921
4040.0 74.0371846723
4060.0 74.4014614836
4080.0 74.7657061956
4100.0 75.129918578
4120.0 75.4940984008
4140.0 75.858245434
4160.0 76.222359448
4180.0 76.5864402134
4200.0 76.9504875009
4220.0 77.3145010816
4240.0 77.678480727
4260.0 78.0424262089
4280.0 78.4063372996
4300.0 78.7702137716
4320.0 79.1340553982
4340.0 79.4978619529
4360.0 79.8616332099
4380.0 80.2253689439
4400.0 80.5890689302
4420.0 80.9527329448
4440.0 81.3163607642
4460.0 81.6799521659
4480.0 82.0435069278
4500.0 82.4070248289
4520.0 82.7705056487
4540.0 83.1339491677
4560.0 83.4973551672
4580.0 83.8607234295
4600.0 84.2240537379
4620.0 84.5873458764
4640.0 84.9505996303
4660.0 85.3138147858
4680.0 85.6769911303
4700.0 86.0401284522
4720.0 86.4032265411
4740.0 86.7662851877
4760.0 87.1293041842
4780.0 87.4922833238
4800.0 87.8552224011
4820.0 88.218121212
4840.0 88.5809795537
4860.0 88.9437972251
4880.0 89.3065740261
4900.0 89.6693097585
4920.0 90.0320042253
4940.0 90.3946572312
4960.0 90.7572685824
4980.0 91.1198380869
5000.0 91.4823655542
5020.0 91.8448507955
5040.0 92.2072936237
5060.0 92.5696938535
5080.0 92.9320513015
5100.0 93.294365786
5120.0 93.6566371273
5140.0 94.0188651473
5160.0 94.3810496702
5180.0 94.743190522
5200.0 95.1052875308
5220.0 95.4673405266
5240.0 95.8293493416
5260.0 96.1913138101
5280.0 96.5532337685
5300.0 96.9151090554
5320.0 97.2769395116
5340.0 97.6387249803
5360.0 98.0004653067
5380.0 98.3621603386
5400.0 98.7238099259
5420.0 99.0854139212
5440.0 99.4469721792
5460.0 99.8084845573
5480.0 100.169950915
5500.0 100.531371115
5520.0 100.892745022
5540.0 101.254072504
5560.0 101.615353429
5580.0 101.976587672
5600.0 102.337775108
5620.0 102.698915613
5640.0 103.060009071
5660.0 103.421055363
5680.0 103.782054376
5700.0 104.143006
5720.0 104.503910127
5740.0 104.864766651
5760.0 105.22557547
5780.0 105.586336486
5800.0 105.947049601
5820.0 106.307714724
5840.0 106.668331763
5860.0 107.028900631
5880.0 107.389421245
5900.0 107.749893523
5920.0 108.110317388
5940.0 108.470692765
5960.0 108.831019583
5980.0 109.191297773
6000.0 109.55152727
6020.0 109.911708014
6040.0 110.271839944
6060.0 110.631923006
6080.0 110.991957149
6100.0 111.351942323
6120.0 111.711878484
6140.0 112.071765591
6160.0 112.431603603
6180.0 112.791392488
6200.0 113.151132213
6220.0 113.510822751
6240.0 113.870464077
6260.0 114.230056171
6280.0 114.589599014
6300.0 114.949092594
6320.0 115.308536899
6340.0 115.667931924
6360.0 116.027277665
6380.0 116.386574123
6400.0 116.745821302
6420.0 117.10501921
6440.0 117.464167858
6460.0 117.823267261
6480.0 118.182317439
6500.0 118.541318414
6520.0 118.900270212
6540.0 119.259172863
6560.0 119.618026401
6580.0 119.976830863
6600.0 120.335586291
6620.0 120.694292729
6640.0 121.052950226
6660.0 121.411558836
6680.0 121.770118613
6700.0 122.128629618
6720.0 122.487091915
6740.0 122.845505572
6760.0 123.20387066
6780.0 123.562187254
6800.0 123.920455433
6820.0 124.278675281
6840.0 124.636846884
6860.0 124.994970332
6880.0 125.35304572
6900.0 125.711073146
6920.0 126.069052712
6940.0 126.426984524
6960.0 126.784868691
6980.0 127.142705327
7000.0 127.500494549
7020.0 127.858236478
7040.0 128.215931238
7060.0 128.57357896
7080.0 128.931179774
7100.0 129.288733817
7120.0 129.646241229
7140.0 130.003702154
7160.0 130.361116739
7180.0 130.718485135
7200.0 131.075807498
7220.0 131.433083986
7240.0 131.790314762
7260.0 132.147499991
7280.0 132.504639844
7300.0 132.861734494
7320.0 133.218784118
7340.0 133.575788897
7360.0 133.932749016
7380.0 134.289664663
7400.0 134.646536028
7420.0 135.003363309
7440.0 135.360146702
7460.0 135.716886412
7480.0 136.073582643
7500.0 136.430235606
7520.0 136.786845513
7540.0 137.143412581
7560.0 137.499937029
7580.0 137.85641908
7600.0 138.212858962
7620.0 138.569256905
7640.0 138.925613142
7660.0 139.281927909
7680.0 139.638201447
7700.0 139.994433998
7720.0 140.350625811
7740.0 140.706777133
7760.0 141.062888219
7780.0 141.418959324
7800.0 141.774990707
7820.0 142.130982631
7840.0 142.486935361
7860.0 142.842849166
7880.0 143.198724316
7900.0 143.554561086
7920.0 143.910359754
7940.0 144.266120598
7960.0 144.621843995
7980.0 144.977530063
8000.0 145.333179184
8020.0 145.688791649
8040.0 146.044367752
8060.0 146.399907791
8080.0 146.755412066
8100.0 147.110880879
8120.0 147.466314537
8140.0 147.821713347
8160.0 148.17707762
8180.0 148.53240767
8200.0 148.887703813
8220.0 149.242966366
8240.0 149.598195652
8260.0 149.953391992
8280.0 150.308555714
8300.0 150.663687144
8320.0 151.018786614
8340.0 151.373854455
8360.0 151.728891002
8380.0 152.083896593
8400.0 152.438871566
8420.0 152.793816262
8440.0 153.148731025
8460.0 153.503616199
8480.0 153.858472132
8500.0 154.213299172
8520.0 154.568097671
8540.0 154.92286798
8560.0 155.277610454
8580.0 155.63232545
8600.0 155.987013324
8620.0 156.341674436
8640.0 156.696309148
8660.0 157.050917821
8680.0 157.405500819
8700.0 157.760058508
8720.0 158.114591255
8740.0 158.469099427
8760.0 158.823583394
8780.0 159.178043527
8800.0 159.532480197
8820.0 159.886893778
8840.0 160.241284644
8860.0 160.595653169
8880.0 160.94999973
8900.0 161.304324704
8920.0 161.658628469
8940.0 162.012911405
8960.0 162.36717389
8980.0 162.721416306
9000.0 163.075639033
9020.0 163.429842454
9040.0 163.78402695
9060.0 164.138192906
9080.0 164.492340705
9100.0 164.846470731
9120.0 165.200583369
9140.0 165.554679003
9160.0 165.908758019
9180.0 166.262820802
9200.0 166.616867739
9220.0 166.970899215
9240.0 167.324915617
9260.0 167.67891733
9280.0 168.032904742
9300.0 168.386878238
9320.0 168.740838205
9340.0 169.094785029
9360.0 169.448719096
9380.0 169.802640791
9400.0 170.156550501
9420.0 170.510448611
9440.0 170.864335506
9460.0 171.21821157
9480.0 171.572077188
9500.0 171.925932743
9520.0 172.279778619
9540.0 172.633615198
9560.0 172.987442862
9580.0 173.341261993
9600.0 173.695072971
9620.0 174.048876176
9640.0 174.402671988
9660.0 174.756460785
9680.0 175.110242944
9700.0 175.464018841
9720.0 175.817788853
9740.0 176.171553354
9760.0 176.525312716
9780.0 176.879067314
9800.0 177.232817517
9820.0 177.586563696
9840.0 177.94030622
9860.0 178.294045455
9880.0 178.64778177
9900.0 179.001515527
9920.0 179.355247092
9940.0 179.708976825
9960.0 180.062705088
9980.0 180.416432239
10000.0 180.770158636
10020.0 181.123884636
10040.0 181.477610591
10060.0 181.831336856
10080.0 182.18506378
10100.0 182.538791713
10120.0 182.892521003
10140.0 183.246251994
10160.0 183.599985031
10180.0 183.953720456
10200.0 184.307458608
10220.0 184.661199826
10240.0 185.014944445
10260.0 185.368692799
10280.0 185.72244522
10300.0 186.076202038
10320.0 186.429963581
10340.0 186.783730174
10360.0 187.13750214
10380.0 187.491279801
10400.0 187.845063475
10420.0 188.198853478
10440.0 188.552650126
10460.0 188.90645373
10480.0 189.260264599
10500.0 189.614083041
10520.0 189.96790936
10540.0 190.321743859
10560.0 190.675586837
10580.0 191.029438592
10600.0 191.383299418
10620.0 191.737169608
10640.0 192.091049452
10660.0 192.444939235
10680.0 192.798839243
10700.0 193.152749758
10720.0 193.506671058
10740.0 193.86060342
10760.0 194.214547117
10780.0 194.568502422
10800.0 194.9224696
10820.0 195.276448919
10840.0 195.630440641
10860.0 195.984445026
10880.0 196.33846233
10900.0 196.692492808
10920.0 197.046536711
10940.0 197.400594287
10960.0 197.754665783
10980.0 198.10875144
11000.0 198.462851499
11020.0 198.816966196
11040.0 199.171095765
11060.0 199.525240437
11080.0 199.87940044
11100.0 200.233575998
11120.0 200.587767334
11140.0 200.941974667
11160.0 201.296198212
11180.0 201.650438182
11200.0 202.004694788
11220.0 202.358968236
11240.0 202.713258729
11260.0 203.067566469
11280.0 203.421891654
11300.0 203.776234477
11320.0 204.13059513
11340.0 204.484973802
11360.0 204.839370678
11380.0 205.19378594
11400.0 205.548219768
11420.0 205.902672337
11440.0 206.257143821
11460.0 206.61163439