-600.0 -4921.8559559
-595.0 -4887.28942472
-590.0 -4852.34530156
-585.0 -4817.04102381
-580.0 -4781.3932785
-575.0 -4745.41803207
-570.0 -4709.13055899
-565.0 -4672.54546947
-560.0 -4635.67673603
-555.0 -4598.53771923
-550.0 -4561.14119237
-545.0 -4523.49936535
-540.0 -4485.62390762
-535.0 -4447.52597026
-530.0 -4409.21620731
-525.0 -4370.7047962
-520.0 -4332.00145752
-515.0 -4293.11547401
-510.0 -4254.05570876
-505.0 -4214.83062281
-500.0 -4175.44829209
-495.0 -4135.91642357
-490.0 -4096.24237097
-485.0 -4056.43314975
-480.0 -4016.49545153
-475.0 -3976.43565795
-470.0 -3936.25985406
-465.0 -3895.97384104
-460.0 -3855.58314857
-455.0 -3815.09304657
-450.0 -3774.50855659
-445.0 -3733.83446268
-440.0 -3693.07532182
-435.0 -3652.23547393
-430.0 -3611.31905155
-425.0 -3570.32998898
-420.0 -3529.27203121
-415.0 -3488.14874233
-410.0 -3446.96351371
-405.0 -3405.7195718
-400.0 -3364.41998555
-395.0 -3323.06767365
-390.0 -3281.66541131
-385.0 -3240.21583689
-380.0 -3198.72145817
-375.0 -3157.18465837
-370.0 -3115.60770194
-365.0 -3073.99274005
-360.0 -3032.34181592
-355.0 -2990.65686984
-350.0 -2948.93974401
-345.0 -2907.19218718
-340.0 -2865.41585909
-335.0 -2823.61233467
-330.0 -2781.78310808
-325.0 -2739.92959663
-320.0 -2698.05314442
-315.0 -2656.15502589
-310.0 -2614.23644919
-305.0 -2572.29855941
-300.0 -2530.34244163
-295.0 -2488.36912389
-290.0 -2446.37957997
-285.0 -2404.37473207
-280.0 -2362.35545338
-275.0 -2320.32257047
-270.0 -2278.27686566
-265.0 -2236.21907922
-260.0 -2194.14991146
-255.0 -2152.07002479
-250.0 -2109.98004559
-245.0 -2067.88056607
-240.0 -2025.772146
-235.0 -1983.65531437
-230.0 -1941.53057097
-225.0 -1899.39838791
-220.0 -1857.25921104
-215.0 -1815.1134613
-210.0 -1772.96153604
-205.0 -1730.80381026
-200.0 -1688.64063776
-195.0 -1646.47235227
-190.0 -1604.29926852
-185.0 -1562.12168323
-180.0 -1519.93987609
-175.0 -1477.75411068
-170.0 -1435.56463529
-165.0 -1393.37168379
-160.0 -1351.1754764
-155.0 -1308.97622044
-150.0 -1266.77411099
-145.0 -1224.56933163
-140.0 -1182.36205502
-135.0 -1140.15244353
-130.0 -1097.94064979
-125.0 -1055.72681725
-120.0 -1013.51108069
-115.0 -971.293566704
-110.0 -929.074394162
-105.0 -886.853674648
-100.0 -844.631512871
-95.0 -802.408007063
-90.0 -760.183249348
-85.0 -717.957326093
-80.0 -675.73031824
-75.0 -633.502301623
-70.0 -591.273347266
-65.0 -549.043521664
-60.0 -506.812887048
-55.0 -464.58150164
-50.0 -422.349419888
-45.0 -380.116692695
-40.0 -337.883367626
-35.0 -295.649489113
-30.0 -253.415098643
-25.0 -211.180234938
-20.0 -168.944934121
-15.0 -126.70922988
-10.0 -84.4731536132
-5.0 -42.2367345729
1.0 8.447370914
5.0 42.2367345729
10.0 84.4731536132
15.0 126.70922988
20.0 168.944934121
25.0 211.180234938
30.0 253.415098643
35.0 295.649489113
40.0 337.883367626
45.0 380.116692695
50.0 422.349419888
55.0 464.58150164
60.0 506.812887048
65.0 549.043521664
70.0 591.273347266
75.0 633.502301623
80.0 675.73031824
85.0 717.957326093
90.0 760.183249348
95.0 802.408007063
100.0 844.631512871
105.0 886.853674648
110.0 929.074394162
115.0 971.293566704
120.0 1013.51108069
125.0 1055.72681725
130.0 1097.94064979
135.0 1140.15244353
140.0 1182.36205502
145.0 1224.56933163
150.0 1266.77411099
155.0 1308.97622044
160.0 1351.1754764
165.0 1393.37168379
170.0 1435.56463529
175.0 1477.75411068
180.0 1519.93987609
185.0 1562.12168323
190.0 1604.29926852
195.0 1646.47235227
200.0 1688.64063776
205.0 1730.80381026
210.0 1772.96153604
215.0 1815.1134613
220.0 1857.25921104
225.0 1899.39838791
230.0 1941.53057097
235.0 1983.65531437
240.0 2025.772146
245.0 2067.88056607
250.0 2109.98004559
255.0 2152.07002479
260.0 2194.14991146
265.0 2236.21907922
270.0 2278.27686566
275.0 2320.32257047
280.0 2362.35545338
285.0 2404.37473207
290.0 2446.37957997
295.0 2488.36912389
300.0 2530.34244163
305.0 2572.29855941
310.0 2614.23644919
315.0 2656.15502589
320.0 2698.05314442
325.0 2739.92959663
330.0 2781.78310808
335.0 2823.61233467
340.0 2865.41585909
345.0 2907.19218718
350.0 2948.93974401
355.0 2990.65686984
360.0 3032.34181592
365.0 3073.99274005
370.0 3115.60770194
375.0 3157.18465837
380.0 3198.72145817
385.0 3240.21583689
390.0 3281.66541131
395.0 3323.06767365
400.0 3364.41998555
405.0 3405.7195718
410.0 3446.96351371
415.0 3488.14874233
420.0 3529.27203121
425.0 3570.32998898
430.0 3611.31905155
435.0 3652.23547393
440.0 3693.07532182
445.0 3733.83446268
450.0 3774.50855659
455.0 3815.09304657
460.0 3855.58314857
465.0 3895.97384104
470.0 3936.25985406
475.0 3976.43565795
480.0 4016.49545153
485.0 4056.43314975
490.0 4096.24237097
495.0 4135.91642357
500.0 4175.44829209
505.0 4214.83062281
510.0 4254.05570876
515.0 4293.11547401
520.0 4332.00145752
525.0 4370.7047962
530.0 4409.21620731
535.0 4447.52597026
540.0 4485.62390762
545.0 4523.49936535
550.0 4561.14119237
555.0 4598.53771923
560.0 4635.67673603
565.0 4672.54546947
570.0 4709.13055899
575.0 4745.41803207
580.0 4781.3932785
585.0 4817.04102381
590.0 4852.34530156
595.0 4887.28942472
600.0 4921.8559559