-2000.0 -65.127243
-1953.2925 -64.199633
-1906.585 -63.224596
-1859.8775 -62.202131
-1813.17 -61.132238
-1766.4625 -60.014917
-1719.755 -58.850168
-1673.0475 -57.637992
-1626.34 -56.378387
-1579.6325 -55.071355
-1532.925 -53.716895
-1486.2175 -52.315008
-1439.5099 -50.865692
-1392.8024 -49.368949
-1346.0949 -47.824778
-1299.3874 -46.233179
-1252.6799 -44.594153
0.0 0.0
1252.6799 44.594153
1299.3874 46.233179
1346.0949 47.824778
1392.8024 49.368949
1439.5099 50.865692
1486.2175 52.315008
1532.925 53.716895
1579.6325 55.071355
1626.34 56.378387
1673.0475 57.637992
1719.755 58.850168
1766.4625 60.014917
1813.17 61.132238
1859.8775 62.202131
1906.585 63.224596
1953.2925 64.199633
2000.0 65.127243