-250.0 -6.660884
-244.39 -6.537914
-238.78 -6.412845
-233.17 -6.285678
-227.56 -6.156412
-221.95 -6.025047
-216.34 -5.891584
-210.73 -5.756022
-205.12 -5.618362
-199.51 -5.478603
-193.9 -5.336746
-188.29 -5.19279
-182.68 -5.046736
-177.07 -4.898583
-171.46 -4.748331
-165.85 -4.595981
-160.24 -4.441532
0.0 0.0
160.24 4.441532
165.85 4.595981
171.46 4.748331
177.07 4.898583
182.68 5.046736
188.29 5.19279
193.9 5.336746
199.51 5.478603
205.12 5.618362
210.73 5.756022
216.34 5.891584
221.95 6.025047
227.56 6.156412
233.17 6.285678
238.78 6.412845
244.39 6.537914
250.0 6.660884