-600.0 -80.783151
-577.0919 -80.741996
-554.1837 -80.414101
-531.2756 -79.799464
-508.3675 -78.898087
-485.4594 -77.709968
-462.5512 -76.235109
-439.6431 -74.473508
-416.735 -72.425167
-393.8269 -70.090084
-370.9187 -67.468261
-348.0106 -64.559696
-325.1025 -61.36439
-302.1944 -57.882344
-279.2862 -54.113556
-256.3781 -50.058028
-233.47 -45.715758
0.0 0.0
233.47 45.715758
256.3781 50.058028
279.2862 54.113556
302.1944 57.882344
325.1025 61.36439
348.0106 64.559696
370.9187 67.468261
393.8269 70.090084
416.735 72.425167
439.6431 74.473508
462.5512 76.235109
485.4594 77.709968
508.3675 78.898087
531.2756 79.799464
554.1837 80.414101
577.0919 80.741996
600.0 80.783151