-1.549 0.0
1257.02 14.5186
1269.7198 14.66445
1282.4196 14.80901
1295.1193 14.95229
1307.8191 15.09429
1320.5189 15.23502
1333.2187 15.37449
1345.9184 15.51271
1358.6182 15.64968
1371.318 15.78542
1384.0178 15.91993
1396.7176 16.05321
1409.4173 16.18528
1422.1171 16.31614
1434.8169 16.44579
1447.5167 16.57425
1460.2164 16.70152
1472.9162 16.8276
1485.616 16.9525
1498.3158 17.07623
1511.0156 17.19879
1523.7153 17.32019
1536.4151 17.44043
1549.1149 17.55952
1561.8147 17.67746
1574.5144 17.79426
1587.2142 17.90993
1599.914 18.02446
1612.6138 18.13786
1625.3136 18.25014
1638.0133 18.3613
1650.7131 18.47134
1663.4129 18.58027
1676.1127 18.6881
1688.8124 18.79482
1701.5122 18.90045
1714.212 19.00498
1726.9118 19.10842
1739.6116 19.21077
1752.3113 19.31203
1765.0111 19.41222
1777.7109 19.51133
1790.4107 19.60936
1803.1104 19.70632
1815.8102 19.80222
1828.51 19.89705
1841.2098 19.99083
1853.9096 20.08354
1866.6093 20.1752
1879.3091 20.2658
1892.0089 20.35536
1904.7087 20.44387
1917.4084 20.53134
1930.1082 20.61776
1942.808 20.70315
1955.5078 20.7875
1968.2076 20.87082
1980.9073 20.95311
1993.6071 21.03437
2006.3069 21.1146
2019.0067 21.19381
2031.7064 21.272
2044.4062 21.34917
2057.106 21.42532
2069.8058 21.50046
2082.5056 21.57459
2095.2053 21.6477
2107.9051 21.71981
2120.6049 21.79091
2133.3047 21.86101
2146.0044 21.9301
2158.7042 21.9982
2171.404 22.06529
2184.1038 22.13139
2196.8036 22.1965
2209.5033 22.26061
2222.2031 22.32373
2234.9029 22.38586
2247.6027 22.44701
2260.3024 22.50717
2273.0022 22.56634
2285.702 22.62453
2298.4018 22.68174
2311.1016 22.73797
2323.8013 22.79323
2336.5011 22.8475
2349.2009 22.90081
2361.9007 22.95314
2374.6004 23.00449
2387.3002 23.05488
2402.0 23.1043