750.0 0.530582756952
760.0 0.537651893118
770.0 0.544721234354
780.0 0.551790772332
790.0 0.55886049915
800.0 0.565930407308
810.0 0.573000489679
820.0 0.580070739488
830.0 0.587141150293
840.0 0.594211715962
850.0 0.601282430656
860.0 0.608353288814
870.0 0.615424285132
880.0 0.622495414555
890.0 0.629566672255
900.0 0.636638053625
910.0 0.643709554266
920.0 0.650781169972
930.0 0.657852896723
940.0 0.664924730671
950.0 0.671996668138
960.0 0.679068705599
970.0 0.686140839681
980.0 0.693213067149
990.0 0.700285384904
1000.0 0.707357789974
1010.0 0.714430279506
1020.0 0.721502850765
1030.0 0.728575501123
1040.0 0.735648228056
1050.0 0.74272102914
1060.0 0.749793902043
1070.0 0.756866844527
1080.0 0.763939854434
1090.0 0.771012929693
1100.0 0.778086068307
1110.0 0.785159268355
1120.0 0.792232527986
1130.0 0.799305845418
1140.0 0.806379218932
1150.0 0.813452646872
1160.0 0.820526127643
1170.0 0.827599659702
1180.0 0.834673241563
1190.0 0.841746871793
1200.0 0.848820549007
1210.0 0.855894271866
1220.0 0.86296803908
1230.0 0.870041849401
1240.0 0.877115701622
1250.0 0.884189594578
1260.0 0.89126352714
1270.0 0.898337498219
1280.0 0.90541150676
1290.0 0.912485551742
1300.0 0.919559632177
1310.0 0.926633747108
1320.0 0.933707895609
1330.0 0.940782076783
1340.0 0.947856289761
1350.0 0.9549305337
1360.0 0.962004807784
1370.0 0.969079111222
1380.0 0.976153443246
1390.0 0.983227803112
1400.0 0.990302190097
1410.0 0.997376603502
1420.0 1.00445104265
1430.0 1.01152550687
1440.0 1.01859999553
1450.0 1.02567450801
1460.0 1.0327490437
1470.0 1.03982360202
1480.0 1.04689818239
1490.0 1.05397278425
1500.0 1.06104740708
1510.0 1.06812205035
1520.0 1.07519671355
1530.0 1.08227139617
1540.0 1.08934609775
1550.0 1.09642081781
1560.0 1.10349555589
1570.0 1.11057031155
1580.0 1.11764508436
1590.0 1.1247198739
1600.0 1.13179467976
1610.0 1.13886950153
1620.0 1.14594433883
1630.0 1.15301919128
1640.0 1.16009405851
1650.0 1.16716894017
1660.0 1.17424383589
1670.0 1.18131874534
1680.0 1.18839366819
1690.0 1.1954686041
1700.0 1.20254355277
1710.0 1.20961851388
1720.0 1.21669348713
1730.0 1.22376847222
1740.0 1.23084346887
1750.0 1.2379184768
1760.0 1.24499349573
1770.0 1.25206852539
1780.0 1.25914356553
1790.0 1.26621861588
1800.0 1.2732936762
1810.0 1.28036874625
1820.0 1.28744382578
1830.0 1.29451891456
1840.0 1.30159401236
1850.0 1.30866911897
1860.0 1.31574423415
1870.0 1.32281935771
1880.0 1.32989448943
1890.0 1.3369696291
1900.0 1.34404477654
1910.0 1.35111993153
1920.0 1.35819509389
1930.0 1.36527026344
1940.0 1.37234543999
1950.0 1.37942062336
1960.0 1.38649581337
1970.0 1.39357100985
1980.0 1.40064621263
1990.0 1.40772142155
2000.0 1.41479663645
2010.0 1.42187185716
2020.0 1.42894708353
2030.0 1.43602231541
2040.0 1.44309755264
2050.0 1.45017279508
2060.0 1.45724804259
2070.0 1.46432329502
2080.0 1.47139855223
2090.0 1.47847381409
2100.0 1.48554908046
2110.0 1.49262435121
2120.0 1.49969962622
2130.0 1.50677490535
2140.0 1.51385018848
2150.0 1.52092547549
2160.0 1.52800076625
2170.0 1.53507606065
2180.0 1.54215135857
2190.0 1.54922665991
2200.0 1.55630196453
2210.0 1.56337727234
2220.0 1.57045258322
2230.0 1.57752789707
2240.0 1.58460321378
2250.0 1.59167853324
2260.0 1.59875385536
2270.0 1.60582918004
2280.0 1.61290450717
2290.0 1.61997983665
2300.0 1.62705516839
2310.0 1.6341305023
2320.0 1.64120583828
2330.0 1.64828117624
2340.0 1.65535651608
2350.0 1.66243185772
2360.0 1.66950720107
2370.0 1.67658254604
2380.0 1.68365789255
2390.0 1.6907332405
2400.0 1.69780858982
2410.0 1.70488394042
2420.0 1.71195929222
2430.0 1.71903464513
2440.0 1.72610999909
2450.0 1.733185354
2460.0 1.74026070979
2470.0 1.74733606639
2480.0 1.75441142371
2490.0 1.76148678168
2500.0 1.76856214023
2510.0 1.77563749928
2520.0 1.78271285875
2530.0 1.78978821858
2540.0 1.79686357869
2550.0 1.80393893901
2560.0 1.81101429947
2570.0 1.81808966
2580.0 1.82516502053
2590.0 1.832240381
2600.0 1.83931574132
2610.0 1.84639110144
2620.0 1.85346646129
2630.0 1.86054182081
2640.0 1.86761717991
2650.0 1.87469253855
2660.0 1.88176789665
2670.0 1.88884325415
2680.0 1.89591861098
2690.0 1.90299396709
2700.0 1.91006932241
2710.0 1.91714467687
2720.0 1.92422003041
2730.0 1.93129538297
2740.0 1.93837073449
2750.0 1.9454460849
2760.0 1.95252143415
2770.0 1.95959678217
2780.0 1.9666721289
2790.0 1.97374747429
2800.0 1.98082281826
2810.0 1.98789816077
2820.0 1.99497350175
2830.0 2.00204884114
2840.0 2.00912417888
2850.0 2.01619951492
2860.0 2.02327484919
2870.0 2.03035018163
2880.0 2.03742551219
2890.0 2.04450084081
2900.0 2.05157616743
2910.0 2.05865149199
2920.0 2.06572681443
2930.0 2.07280213469
2940.0 2.07987745272
2950.0 2.08695276846
2960.0 2.09402808185
2970.0 2.10110339283
2980.0 2.10817870134
2990.0 2.11525400733
3000.0 2.12232931074
3010.0 2.12940461151
3020.0 2.13647990959
3030.0 2.14355520491
3040.0 2.15063049741
3050.0 2.15770578705
3060.0 2.16478107376
3070.0 2.17185635748
3080.0 2.17893163815
3090.0 2.18600691573
3100.0 2.19308219014
3110.0 2.20015746134
3120.0 2.20723272925
3130.0 2.21430799384
3140.0 2.22138325502
3150.0 2.22845851276
3160.0 2.23553376699
3170.0 2.24260901764
3180.0 2.24968426467
3190.0 2.256759508
3200.0 2.26383474759
3210.0 2.27090998338
3220.0 2.27798521529
3230.0 2.28506044328
3240.0 2.29213566728
3250.0 2.29921088724
3260.0 2.30628610309
3270.0 2.31336131477
3280.0 2.32043652222
3290.0 2.32751172538
3300.0 2.33458692419
3310.0 2.34166211858
3320.0 2.34873730851
3330.0 2.35581249389
3340.0 2.36288767468
3350.0 2.3699628508
3360.0 2.3770380222
3370.0 2.38411318882
3380.0 2.39118835058
3390.0 2.39826350742
3400.0 2.40533865929
3410.0 2.41241380611
3420.0 2.41948894783
3430.0 2.42656408437
3440.0 2.43363921567
3450.0 2.44071434167
3460.0 2.4477894623
3470.0 2.45486457749
3480.0 2.46193968718
3490.0 2.46901479129
3500.0 2.47608988977
3510.0 2.48316498254
3520.0 2.49024006954
3530.0 2.49731515069
3540.0 2.50439022594
3550.0 2.51146529519
3560.0 2.5185403584
3570.0 2.52561541549
3580.0 2.53269046638
3590.0 2.539765511
3600.0 2.5468405493
3610.0 2.55391558118
3620.0 2.56099060658
3630.0 2.56806562543
3640.0 2.57514063765
3650.0 2.58221564317
3660.0 2.58929064191
3670.0 2.5963656338
3680.0 2.60344061876
3690.0 2.61051559673
3700.0 2.61759056761
3710.0 2.62466553134
3720.0 2.63174048783
3730.0 2.63881543702
3740.0 2.64589037881
3750.0 2.65296531313
3760.0 2.6600402399
3770.0 2.66711515905
3780.0 2.67419007048
3790.0 2.68126497412
3800.0 2.68833986989
3810.0 2.69541475771
3820.0 2.70248963748
3830.0 2.70956450913
3840.0 2.71663937257
3850.0 2.72371422772
3860.0 2.73078907449
3870.0 2.7378639128
3880.0 2.74493874256
3890.0 2.75201356368
3900.0 2.75908837607
3910.0 2.76616317964
3920.0 2.77323797432
3930.0 2.78031275999
3940.0 2.78738753658
3950.0 2.794462304
3960.0 2.80153706214
3970.0 2.80861181092
3980.0 2.81568655025
3990.0 2.82276128002
4000.0 2.82983600016
4010.0 2.83691071055
4020.0 2.8439854111
4030.0 2.85106010172
4040.0 2.85813478231
4050.0 2.86520945277
4060.0 2.87228411299
4070.0 2.87935876289
4080.0 2.88643340236
4090.0 2.89350803129
4100.0 2.90058264959
4110.0 2.90765725715
4120.0 2.91473185387
4130.0 2.92180643964
4140.0 2.92888101436
4150.0 2.93595557792
4160.0 2.94303013021
4170.0 2.95010467113
4180.0 2.95717920057
4190.0 2.96425371841
4200.0 2.97132822455
4210.0 2.97840271887
4220.0 2.98547720126
4230.0 2.99255167161
4240.0 2.99962612981
4250.0 3.00670057573
4260.0 3.01377500927
4270.0 3.02084943031
4280.0 3.02792383873
4290.0 3.0349982344
4300.0 3.04207261722
4310.0 3.04914698705
4320.0 3.05622134379
4330.0 3.0632956873
4340.0 3.07037001746
4350.0 3.07744433415
4360.0 3.08451863725
4370.0 3.09159292662
4380.0 3.09866720214
4390.0 3.10574146368
4400.0 3.11281571111
4410.0 3.11988994431
4420.0 3.12696416313
4430.0 3.13403836745
4440.0 3.14111255714
4450.0 3.14818673205
4460.0 3.15526089206
4470.0 3.16233503703
4480.0 3.16940916682
4490.0 3.17648328128
4500.0 3.18355738029
4510.0 3.1906314637
4520.0 3.19770553137
4530.0 3.20477958315
4540.0 3.21185361891
4550.0 3.21892763849
4560.0 3.22600164175
4570.0 3.23307562854
4580.0 3.24014959871
4590.0 3.24722355211
4600.0 3.2542974886
4610.0 3.26137140802
4620.0 3.26844531021
4630.0 3.27551919502
4640.0 3.2825930623
4650.0 3.28966691189
4660.0 3.29674074362
4670.0 3.30381455735
4680.0 3.3108883529
4690.0 3.31796213012
4700.0 3.32503588885
4710.0 3.33210962891
4720.0 3.33918335015
4730.0 3.34625705239
4740.0 3.35333073548
4750.0 3.36040439923
4760.0 3.36747804347
4770.0 3.37455166804
4780.0 3.38162527277
4790.0 3.38869885747
4800.0 3.39577242196
4810.0 3.40284596608
4820.0 3.40991948965
4830.0 3.41699299247
4840.0 3.42406647438
4850.0 3.43113993518
4860.0 3.43821337469
4870.0 3.44528679273
4880.0 3.45236018911
4890.0 3.45943356364
4900.0 3.46650691613
4910.0 3.47358024639
4920.0 3.48065355422
4930.0 3.48772683943
4940.0 3.49480010182
4950.0 3.5018733412
4960.0 3.50894655737
4970.0 3.51601975012
4980.0 3.52309291925
4990.0 3.53016606456
5000.0 3.53723918585
5010.0 3.54431228291
5020.0 3.55138535552
5030.0 3.55845840348
5040.0 3.56553142658
5050.0 3.57260442461
5060.0 3.57967739734
5070.0 3.58675034457
5080.0 3.59382326607
5090.0 3.60089616162
5100.0 3.60796903101
5110.0 3.61504187401
5120.0 3.62211469039
5130.0 3.62918747994
5140.0 3.63626024241
5150.0 3.64333297759
5160.0 3.65040568524
5170.0 3.65747836513
5180.0 3.66455101701
5190.0 3.67162364067
5200.0 3.67869623585
5210.0 3.68576880232
5220.0 3.69284133983
5230.0 3.69991384815
5240.0 3.70698632702
5250.0 3.7140587762
5260.0 3.72113119545
5270.0 3.7282035845
5280.0 3.7352759431
5290.0 3.74234827101
5300.0 3.74942056796
5310.0 3.7564928337
5320.0 3.76356506797
5330.0 3.7706372705
5340.0 3.77770944103
5350.0 3.7847815793
5360.0 3.79185368503
5370.0 3.79892575796
5380.0 3.80599779781
5390.0 3.81306980431
5400.0 3.82014177719
5410.0 3.82721371617
5420.0 3.83428562096
5430.0 3.84135749129
5440.0 3.84842932687
5450.0 3.85550112742
5460.0 3.86257289265
5470.0 3.86964462226
5480.0 3.87671631597
5490.0 3.88378797349
5500.0 3.89085959451
5510.0 3.89793117873
5520.0 3.90500272587
5530.0 3.9120742356
5540.0 3.91914570764
5550.0 3.92621714167
5560.0 3.93328853739
5570.0 3.94035989448
5580.0 3.94743121262
5590.0 3.95450249152
5600.0 3.96157373083
5610.0 3.96864493025
5620.0 3.97571608946
5630.0 3.98278720812
5640.0 3.98985828592
5650.0 3.99692932252
5660.0 4.00400031758
5670.0 4.01107127079
5680.0 4.0181421818
5690.0 4.02521305027
5700.0 4.03228387586
5710.0 4.03935465822
5720.0 4.04642539703
5730.0 4.05349609191
5740.0 4.06056674253
5750.0 4.06763734853
5760.0 4.07470790956
5770.0 4.08177842526
5780.0 4.08884889527
5790.0 4.09591931922
5800.0 4.10298969675
5810.0 4.11006002749
5820.0 4.11713031108
5830.0 4.12420054714
5840.0 4.13127073529
5850.0 4.13834087517
5860.0 4.14541096637
5870.0 4.15248100854
5880.0 4.15955100127
5890.0 4.16662094418
5900.0 4.17369083688
5910.0 4.18076067898
5920.0 4.18783047008
5930.0 4.19490020978
5940.0 4.20196989768
5950.0 4.20903953338
5960.0 4.21610911646
5970.0 4.22317864653
5980.0 4.23024812317
5990.0 4.23731754595
6000.0 4.24438691448
6010.0 4.25145622832
6020.0 4.25852548704
6030.0 4.26559469024
6040.0 4.27266383747
6050.0 4.2797329283
6060.0 4.28680196231
6070.0 4.29387093904
6080.0 4.30093985807
6090.0 4.30800871895
6100.0 4.31507752123
6110.0 4.32214626446
6120.0 4.3292149482
6130.0 4.33628357198
6140.0 4.34335213535
6150.0 4.35042063784
6160.0 4.357489079
6170.0 4.36455745835
6180.0 4.37162577543
6190.0 4.37869402977
6200.0 4.38576222088
6210.0 4.39283034829
6220.0 4.39989841151
6230.0 4.40696641007
6240.0 4.41403434346
6250.0 4.42110221121
6260.0 4.42817001281
6270.0 4.43523774776
6280.0 4.44230541558
6290.0 4.44937301574
6300.0 4.45644054775
6310.0 4.46350801109
6320.0 4.47057540525
6330.0 4.47764272971
6340.0 4.48470998395
6350.0 4.49177716745
6360.0 4.49884427968
6370.0 4.50591132011
6380.0 4.51297828821
6390.0 4.52004518343
6400.0 4.52711200525
6410.0 4.5341787531
6420.0 4.54124542645
6430.0 4.54831202475
6440.0 4.55537854744
6450.0 4.56244499396
6460.0 4.56951136376
6470.0 4.57657765627
6480.0 4.58364387091
6490.0 4.59071000712
6500.0 4.59777606433
6510.0 4.60484204195
6520.0 4.6119079394
6530.0 4.6189737561
6540.0 4.62603949146
6550.0 4.63310514488
6560.0 4.64017071577
6570.0 4.64723620353
6580.0 4.65430160754
6590.0 4.66136692722
6600.0 4.66843216194
6610.0 4.67549731108
6620.0 4.68256237404
6630.0 4.68962735019
6640.0 4.6966922389
6650.0 4.70375703954
6660.0 4.71082175147
6670.0 4.71788637407
6680.0 4.72495090669
6690.0 4.73201534868
6700.0 4.73907969939
6710.0 4.74614395818
6720.0 4.75320812438
6730.0 4.76027219733
6740.0 4.76733617638
6750.0 4.77440006084
6760.0 4.78146385005
6770.0 4.78852754333
6780.0 4.79559114001
6790.0 4.80265463939
6800.0 4.80971804078
6810.0 4.8167813435
6820.0 4.82384454685
6830.0 4.83090765013
6840.0 4.83797065263
6850.0 4.84503355364
6860.0 4.85209635246
6870.0 4.85915904835
6880.0 4.86622164061
6890.0 4.8732841285
6900.0 4.88034651131
6910.0 4.88740878828
6920.0 4.89447095869
6930.0 4.90153302179
6940.0 4.90859497684
6950.0 4.91565682308
6960.0 4.92271855976
6970.0 4.92978018612
6980.0 4.93684170139
6990.0 4.94390310482
7000.0 4.95096439561
7010.0 4.95802557301
7020.0 4.96508663623
7030.0 4.97214758447
7040.0 4.97920841696
7050.0 4.98626913289
7060.0 4.99332973147
7070.0 5.0003902119
7080.0 5.00745057336
7090.0 5.01451081504
7100.0 5.02157093613
7110.0 5.02863093581
7120.0 5.03569081324
7130.0 5.0427505676
7140.0 5.04981019806
7150.0 5.05686970376
7160.0 5.06392908388
7170.0 5.07098833755
7180.0 5.07804746393
7190.0 5.08510646215
7200.0 5.09216533136
7210.0 5.09922407069
7220.0 5.10628267925
7230.0 5.11334115618
7240.0 5.12039950059
7250.0 5.1274577116
7260.0 5.13451578832
7270.0 5.14157372984
7280.0 5.14863153526
7290.0 5.15568920369
7300.0 5.16274673421
7310.0 5.16980412589
7320.0 5.17686137783
7330.0 5.1839184891
7340.0 5.19097545876
7350.0 5.19803228588
7360.0 5.20508896951
7370.0 5.21214550872
7380.0 5.21920190256
7390.0 5.22625815006
7400.0 5.23331425026
7410.0 5.24037020221
7420.0 5.24742600492
7430.0 5.25448165743
7440.0 5.26153715875
7450.0 5.2685925079
7460.0 5.27564770388
7470.0 5.2827027457
7480.0 5.28975763235
7490.0 5.29681236284
7500.0 5.30386693615
7510.0 5.31092135125
7520.0 5.31797560714
7530.0 5.32502970277
7540.0 5.33208363713
7550.0 5.33913740916
7560.0 5.34619101783
7570.0 5.35324446209
7580.0 5.36029774088
7590.0 5.36735085315
7600.0 5.37440379782
7610.0 5.38145657384
7620.0 5.38850918012
7630.0 5.39556161558
7640.0 5.40261387913
7650.0 5.40966596969
7660.0 5.41671788616
7670.0 5.42376962743
7680.0 5.4308211924
7690.0 5.43787257995
7700.0 5.44492378897
7710.0 5.45197481832
7720.0 5.45902566687
7730.0 5.4660763335
7740.0 5.47312681706
7750.0 5.48017711641
7760.0 5.48722723038
7770.0 5.49427715783
7780.0 5.50132689758
7790.0 5.50837644847
7800.0 5.51542580932
7810.0 5.52247497896
7820.0 5.52952395619
7830.0 5.53657273982
7840.0 5.54362132866
7850.0 5.5506697215
7860.0 5.55771791712
7870.0 5.56476591433
7880.0 5.57181371188
7890.0 5.57886130857
7900.0 5.58590870315
7910.0 5.59295589438
7920.0 5.60000288102
7930.0 5.60704966183
7940.0 5.61409623554
7950.0 5.62114260088
7960.0 5.62818875661
7970.0 5.63523470143
7980.0 5.64228043407
7990.0 5.64932595324
8000.0 5.65637125766
8010.0 5.66341634602
8020.0 5.67046121701
8030.0 5.67750586934
8040.0 5.68455030168
8050.0 5.69159451271
8060.0 5.69863850111
8070.0 5.70568226553
8080.0 5.71272580465
8090.0 5.7197691171
8100.0 5.72681220155
8110.0 5.73385505663
8120.0 5.74089768098
8130.0 5.74794007322
8140.0 5.75498223198
8150.0 5.76202415588
8160.0 5.76906584353
8170.0 5.77610729352
8180.0 5.78314850447
8190.0 5.79018947496
8200.0 5.79723020358
8210.0 5.80427068891
8220.0 5.81131092951
8230.0 5.81835092397
8240.0 5.82539067083
8250.0 5.83243016866
8260.0 5.839469416
8270.0 5.84650841139
8280.0 5.85354715337
8290.0 5.86058564047
8300.0 5.86762387121
8310.0 5.87466184411
8320.0 5.88169955767
8330.0 5.88873701041
8340.0 5.89577420081
8350.0 5.90281112738
8360.0 5.90984778859
8370.0 5.91688418292
8380.0 5.92392030884
8390.0 5.93095616483
8400.0 5.93799174933
8410.0 5.9450270608
8420.0 5.95206209769
8430.0 5.95909685843
8440.0 5.96613134147
8450.0 5.97316554521
8460.0 5.98019946809
8470.0 5.98723310852
8480.0 5.9942664649
8490.0 6.00129953563
8500.0 6.00833231911
8510.0 6.01536481372
8520.0 6.02239701785
8530.0 6.02942892987
8540.0 6.03646054814
8550.0 6.04349187103
8560.0 6.05052289689
8570.0 6.05755362407
8580.0 6.0645840509
8590.0 6.07161417573
8600.0 6.07864399688
8610.0 6.08567351267
8620.0 6.09270272141
8630.0 6.09973162141
8640.0 6.10676021098
8650.0 6.1137884884
8660.0 6.12081645197
8670.0 6.12784409996
8680.0 6.13487143066
8690.0 6.14189844231
8700.0 6.1489251332
8710.0 6.15595150156
8720.0 6.16297754565
8730.0 6.17000326371
8740.0 6.17702865397
8750.0 6.18405371466
8760.0 6.191078444
8770.0 6.1981028402
8780.0 6.20512690146
8790.0 6.212150626
8800.0 6.21917401199
8810.0 6.22619705763
8820.0 6.2332197611
8830.0 6.24024212056
8840.0 6.24726413419
8850.0 6.25428580014
8860.0 6.26130711657
8870.0 6.26832808162
8880.0 6.27534869343
8890.0 6.28236895013
8900.0 6.28938884984
8910.0 6.29640839069
8920.0 6.30342757079
8930.0 6.31044638823
8940.0 6.31746484112
8950.0 6.32448292755
8960.0 6.3315006456
8970.0 6.33851799335
8980.0 6.34553496886
8990.0 6.35255157021
9000.0 6.35956779545
9010.0 6.36658364262
9020.0 6.37359910977
9030.0 6.38061419495
9040.0 6.38762889616
9050.0 6.39464321144
9060.0 6.40165713881
9070.0 6.40867067627
9080.0 6.41568382182
9090.0 6.42269657345
9100.0 6.42970892916
9110.0 6.43672088693
9120.0 6.44373244473
9130.0 6.45074360052
9140.0 6.45775435227
9150.0 6.46476469793
9160.0 6.47177463545
9170.0 6.47878416277
9180.0 6.48579327782
9190.0 6.49280197852
9200.0 6.4998102628
9210.0 6.50681812856
9220.0 6.51382557372
9230.0 6.52083259617
9240.0 6.52783919381
9250.0 6.53484536451
9260.0 6.54185110615
9270.0 6.54885641662
9280.0 6.55586129376
9290.0 6.56286573545
9300.0 6.56986973953
9310.0 6.57687330384
9320.0 6.58387642622
9330.0 6.5908791045
9340.0 6.5978813365
9350.0 6.60488312005
9360.0 6.61188445295
9370.0 6.618885333
9380.0 6.625885758
9390.0 6.63288572574
9400.0 6.63988523401
9410.0 6.64688428057
9420.0 6.6538828632
9430.0 6.66088097966
9440.0 6.6678786277
9450.0 6.67487580508
9460.0 6.68187250953
9470.0 6.6888687388
9480.0 6.6958644906
9490.0 6.70285976267
9500.0 6.70985455271
9510.0 6.71684885844
9520.0 6.72384267755
9530.0 6.73083600775
9540.0 6.73782884672
9550.0 6.74482119214
9560.0 6.75181304169
9570.0 6.75880439303
9580.0 6.76579524383
9590.0 6.77278559175
9600.0 6.77977543442
9610.0 6.7867647695
9620.0 6.79375359462
9630.0 6.8007419074
9640.0 6.80772970548
9650.0 6.81471698646
9660.0 6.82170374795
9670.0 6.82868998756
9680.0 6.83567570288
9690.0 6.84266089151
9700.0 6.84964555102
9710.0 6.85662967899
9720.0 6.86361327299
9730.0 6.87059633059
9740.0 6.87757884934
9750.0 6.88456082679
9760.0 6.89154226049
9770.0 6.89852314797
9780.0 6.90550348677
9790.0 6.91248327441
9800.0 6.91946250842
9810.0 6.92644118629
9820.0 6.93341930554
9830.0 6.94039686367
9840.0 6.94737385817
9850.0 6.95435028652
9860.0 6.96132614622
9870.0 6.96830143473
9880.0 6.97527614952
9890.0 6.98225028805
9900.0 6.98922384779
9910.0 6.99619682617
9920.0 7.00316922065
9930.0 7.01014102866
9940.0 7.01711224763
9950.0 7.02408287499
9960.0 7.03105290815
9970.0 7.03802234453
9980.0 7.04499118154
9990.0 7.05195941658
10000.0 7.05892704704
10010.0 7.06589407031
10020.0 7.07286048377
10030.0 7.07982628481
10040.0 7.08679147079
10050.0 7.09375603907
10060.0 7.10071998703
10070.0 7.107683312
10080.0 7.11464601134
10090.0 7.1216080824
10100.0 7.12856952249
10110.0 7.13553032897
10120.0 7.14249049915
10130.0 7.14945003035
10140.0 7.15640891988
10150.0 7.16336716505
10160.0 7.17032476317
10170.0 7.17728171152
10180.0 7.18423800741
10190.0 7.1911936481
10200.0 7.1981486309
10210.0 7.20510295306
10220.0 7.21205661186
10230.0 7.21900960457
10240.0 7.22596192842
10250.0 7.23291358069
10260.0 7.23986455862
10270.0 7.24681485945
10280.0 7.25376448041
10290.0 7.26071341874
10300.0 7.26766167166
10310.0 7.27460923639
10320.0 7.28155611015
10330.0 7.28850229015
10340.0 7.29544777359
10350.0 7.30239255767
10360.0 7.30933663959
10370.0 7.31628001654
10380.0 7.3232226857
10390.0 7.33016464425
10400.0 7.33710588936
10410.0 7.34404641822
10420.0 7.35098622797
10430.0 7.35792531578
10440.0 7.36486367881
10450.0 7.3718013142
10460.0 7.37873821911
10470.0 7.38567439067
10480.0 7.39260982602
10490.0 7.39954452228
10500.0 7.4064784766
10510.0 7.41341168609
10520.0 7.42034414786
10530.0 7.42727585903
10540.0 7.43420681671
10550.0 7.44113701801
10560.0 7.44806646002
10570.0 7.45499513984
10580.0 7.46192305456
10590.0 7.46885020127
10600.0 7.47577657704
10610.0 7.48270217897
10620.0 7.48962700411
10630.0 7.49655104955
10640.0 7.50347431235
10650.0 7.51039678957
10660.0 7.51731847826
10670.0 7.52423937549
10680.0 7.5311594783
10690.0 7.53807878373
10700.0 7.54499728884
10710.0 7.55191499065
10720.0 7.55883188621
10730.0 7.56574797253
10740.0 7.57266324666
10750.0 7.57957770561
10760.0 7.58649134641
10770.0 7.59340416606
10780.0 7.60031616159
10790.0 7.60722732999
10800.0 7.61413766829
10810.0 7.62104717347
10820.0 7.62795584254
10830.0 7.63486367249
10840.0 7.64177066031
10850.0 7.648676803
10860.0 7.65558209754
10870.0 7.66248654092
10880.0 7.6693901301
10890.0 7.67629286208
10900.0 7.68319473381
10910.0 7.69009574228
10920.0 7.69699588445
10930.0 7.70389515729
10940.0 7.71079355775
10950.0 7.7176910828
10960.0 7.72458772939
10970.0 7.73148349448
10980.0 7.73837837502
10990.0 7.74527236795
11000.0 7.75216547023
11010.0 7.75905767879
11020.0 7.76594899058
11030.0 7.77283940254
11040.0 7.7797289116
11050.0 7.7866175147
11060.0 7.79350520876
11070.0 7.80039199073
11080.0 7.80727785752
11090.0 7.81416280607
11100.0 7.82104683329
11110.0 7.82792993611
11120.0 7.83481211145
11130.0 7.84169335622
11140.0 7.84857366735
11150.0 7.85545304174
11160.0 7.86233147631
11170.0 7.86920896797
11180.0 7.87608551363
11190.0 7.88296111019
11200.0 7.88983575457
11210.0 7.89670944367
11220.0 7.90358217439
11230.0 7.91045394363
11240.0 7.9173247483
11250.0 7.92419458529
11260.0 7.93106345151
11270.0 7.93793134385
11280.0 7.94479825921
11290.0 7.95166419448
11300.0 7.95852914656
11310.0 7.96539311234
11320.0 7.97225608872
11330.0 7.97911807258
11340.0 7.98597906083
11350.0 7.99283905034
11360.0 7.99969803802
11370.0 8.00655602074
11380.0 8.01341299541
11390.0 8.02026895891
11400.0 8.02712390812
11410.0 8.03397783994
11420.0 8.04083075125
11430.0 8.04768263895
11440.0 8.05453349992
11450.0 8.06138333105
11460.0 8.06823212922
11470.0 8.07507989133
11480.0 8.08192661427
11490.0 8.08877229491
11500.0 8.09561693016
11510.0 8.1024605169
11520.0 8.10930305202
11530.0 8.11614453241
11540.0 8.12298495496
11550.0 8.12982431657
11560.0 8.13666261412
11570.0 8.1434998445
11580.0 8.15033600462
11590.0 8.15717109136
11600.0 8.16400510163
11610.0 8.17083803231
11620.0 8.1776698803
11630.0 8.18450064251
11640.0 8.19133031584
11650.0 8.19815889717
11660.0 8.20498638342
11670.0 8.2118127715
11680.0 8.21863805829
11690.0 8.22546224072
11700.0 8.23228531569
11710.0 8.23910728011
11720.0 8.2459281309
11730.0 8.25274786496
11740.0 8.25956647921
11750.0 8.26638397057
11760.0 8.27320033596
11770.0 8.28001557229
11780.0 8.2868296765
11790.0 8.29364264551
11800.0 8.30045447625
11810.0 8.30726516565
11820.0 8.31407471064
11830.0 8.32088310815
11840.0 8.32769035513
11850.0 8.33449644851
11860.0 8.34130138524
11870.0 8.34810516227
11880.0 8.35490777654
11890.0 8.36170922501
11900.0 8.36850950463
11910.0 8.37530861235
11920.0 8.38210654515
11930.0 8.38890329998
11940.0 8.39569887381
11950.0 8.40249326362
11960.0 8.40928646638
11970.0 8.41607847906
11980.0 8.42286929864
11990.0 8.42965892212
12000.0 8.43644734649
12010.0 8.44323456872
12020.0 8.45002058583
12030.0 8.45680539481
12040.0 8.46358899266
12050.0 8.4703713764
12060.0 8.47715254304
12070.0 8.4839324896
12080.0 8.49071121309
12090.0 8.49748871054
12100.0 8.50426497899
12110.0 8.51104001546
12120.0 8.517813817
12130.0 8.52458638066
12140.0 8.53135770347
12150.0 8.5381277825
12160.0 8.54489661481
12170.0 8.55166419745
12180.0 8.55843052749
12190.0 8.56519560202
12200.0 8.57195941811
12210.0 8.57872197284
12220.0 8.58548326331
12230.0 8.5922432866
12240.0 8.59900203983
12250.0 8.6057595201
12260.0 8.61251572451
12270.0 8.6192706502
12280.0 8.62602429428
12290.0 8.63277665387
12300.0 8.63952772613
12310.0 8.64627750819
12320.0 8.6530259972
12330.0 8.65977319031
12340.0 8.66651908468
12350.0 8.67326367749
12360.0 8.6800069659
12370.0 8.6867489471
12380.0 8.69348961826
12390.0 8.7002289766
12400.0 8.7069670193
12410.0 8.71370374358
12420.0 8.72043914664
12430.0 8.72717322571
12440.0 8.73390597802
12450.0 8.74063740081
12460.0 8.74736749131
12470.0 8.75409624678
12480.0 8.76082366447
12490.0 8.76754974165
12500.0 8.7742744756
12510.0 8.78099786359
12520.0 8.78771990291
12530.0 8.79444059086
12540.0 8.80115992474
12550.0 8.80787790186
12560.0 8.81459451955
12570.0 8.82130977513
12580.0 8.82802366594
12590.0 8.83473618933
12600.0 8.84144734264
12610.0 8.84815712324
12620.0 8.8548655285
12630.0 8.8615725558
12640.0 8.86827820252
12650.0 8.87498246607
12660.0 8.88168534384
12670.0 8.88838683326
12680.0 8.89508693174
12690.0 8.90178563672
12700.0 8.90848294564
12710.0 8.91517885595
12720.0 8.92187336511
12730.0 8.92856647059
12740.0 8.93525816987
12750.0 8.94194846044
12760.0 8.9486373398
12770.0 8.95532480546
12780.0 8.96201085493
12790.0 8.96869548574
12800.0 8.97537869544
12810.0 8.98206048156
12820.0 8.98874084167
12830.0 8.99541977334
12840.0 9.00209727415
12850.0 9.00877334168