750.0 0.530221236831
760.0 0.537285552728
770.0 0.544350073696
780.0 0.551414791405
790.0 0.558479697956
800.0 0.565544785845
810.0 0.572610047948
820.0 0.579675477488
830.0 0.586741068025
840.0 0.593806813426
850.0 0.600872707852
860.0 0.607938745741
870.0 0.615004921792
880.0 0.622071230945
890.0 0.629137668377
900.0 0.63620422948
910.0 0.643270909853
920.0 0.65033770529
930.0 0.657404611772
940.0 0.664471625452
950.0 0.671538742651
960.0 0.678605959844
970.0 0.685673273657
980.0 0.692740680857
990.0 0.699808178344
1000.0 0.706875763145
1010.0 0.71394343241
1020.0 0.7210111834
1030.0 0.72807901349
1040.0 0.735146920154
1050.0 0.74221490097
1060.0 0.749282953605
1070.0 0.75635107582
1080.0 0.76341926546
1090.0 0.77048752045
1100.0 0.777555838796
1110.0 0.784624218575
1120.0 0.791692657938
1130.0 0.798761155101
1140.0 0.805829708347
1150.0 0.81289831602
1160.0 0.819966976521
1170.0 0.827035688312
1180.0 0.834104449906
1190.0 0.841173259867
1200.0 0.848242116812
1210.0 0.855311019404
1220.0 0.86237996635
1230.0 0.869448956402
1240.0 0.876517988355
1250.0 0.883587061042
1260.0 0.890656173336
1270.0 0.897725324147
1280.0 0.90479451242
1290.0 0.911863737133
1300.0 0.9189329973
1310.0 0.926002291962
1320.0 0.933071620195
1330.0 0.940140981101
1340.0 0.94721037381
1350.0 0.954279797481
1360.0 0.961349251297
1370.0 0.968418734467
1380.0 0.975488246222
1390.0 0.98255778582
1400.0 0.989627352537
1410.0 0.996696945674
1420.0 1.00376656455
1430.0 1.01083620851
1440.0 1.0179058769
1450.0 1.02497556911
1460.0 1.03204528453
1470.0 1.03911502258
1480.0 1.04618478268
1490.0 1.05325456428
1500.0 1.06032436684
1510.0 1.06739418984
1520.0 1.07446403277
1530.0 1.08153389513
1540.0 1.08860377643
1550.0 1.09567367622
1560.0 1.10274359404
1570.0 1.10981352943
1580.0 1.11688348197
1590.0 1.12395345124
1600.0 1.13102343683
1610.0 1.13809343833
1620.0 1.14516345537
1630.0 1.15223348755
1640.0 1.15930353452
1650.0 1.1663735959
1660.0 1.17344367136
1670.0 1.18051376054
1680.0 1.18758386312
1690.0 1.19465397876
1700.0 1.20172410716
1710.0 1.208794248
1720.0 1.21586440098
1730.0 1.22293456581
1740.0 1.23000474219
1750.0 1.23707492985
1760.0 1.24414512851
1770.0 1.25121533791
1780.0 1.25828555777
1790.0 1.26535578786
1800.0 1.27242602791
1810.0 1.27949627769
1820.0 1.28656653695
1830.0 1.29363680546
1840.0 1.300707083
1850.0 1.30777736933
1860.0 1.31484766425
1870.0 1.32191796754
1880.0 1.32898827899
1890.0 1.3360585984
1900.0 1.34312892556
1910.0 1.35019926029
1920.0 1.35726960238
1930.0 1.36433995166
1940.0 1.37141030794
1950.0 1.37848067104
1960.0 1.38555104078
1970.0 1.392621417
1980.0 1.39969179951
1990.0 1.40676218816
2000.0 1.41383258279
2010.0 1.42090298323
2020.0 1.42797338934
2030.0 1.43504380094
2040.0 1.44211421791
2050.0 1.44918464008
2060.0 1.45625506732
2070.0 1.46332549948
2080.0 1.47039593642
2090.0 1.47746637802
2100.0 1.48453682412
2110.0 1.49160727461
2120.0 1.49867772934
2130.0 1.5057481882
2140.0 1.51281865107
2150.0 1.5198891178
2160.0 1.5269595883
2170.0 1.53403006243
2180.0 1.54110054009
2190.0 1.54817102115
2200.0 1.55524150551
2210.0 1.56231199305
2220.0 1.56938248366
2230.0 1.57645297724
2240.0 1.58352347368
2250.0 1.59059397288
2260.0 1.59766447473
2270.0 1.60473497914
2280.0 1.611805486
2290.0 1.61887599521
2300.0 1.62594650669
2310.0 1.63301702033
2320.0 1.64008753604
2330.0 1.64715805373
2340.0 1.6542285733
2350.0 1.66129909468
2360.0 1.66836961776
2370.0 1.67544014246
2380.0 1.6825106687
2390.0 1.68958119638
2400.0 1.69665172543
2410.0 1.70372225576
2420.0 1.71079278729
2430.0 1.71786331994
2440.0 1.72493385363
2450.0 1.73200438827
2460.0 1.7390749238
2470.0 1.74614546012
2480.0 1.75321599718
2490.0 1.76028653488
2500.0 1.76735707316
2510.0 1.77442761194
2520.0 1.78149815114
2530.0 1.7885686907
2540.0 1.79563923055
2550.0 1.8027097706
2560.0 1.80978031079
2570.0 1.81685085105
2580.0 1.82392139132
2590.0 1.83099193151
2600.0 1.83806247157
2610.0 1.84513301142
2620.0 1.852203551
2630.0 1.85927409025
2640.0 1.86634462909
2650.0 1.87341516745
2660.0 1.88048570529
2670.0 1.88755624252
2680.0 1.89462677908
2690.0 1.90169731492
2700.0 1.90876784997
2710.0 1.91583838416
2720.0 1.92290891743
2730.0 1.92997944973
2740.0 1.93704998098
2750.0 1.94412051112
2760.0 1.9511910401
2770.0 1.95826156785
2780.0 1.96533209432
2790.0 1.97240261944
2800.0 1.97947314314
2810.0 1.98654366538
2820.0 1.99361418609
2830.0 2.00068470522
2840.0 2.00775522269
2850.0 2.01482573846
2860.0 2.02189625246
2870.0 2.02896676464
2880.0 2.03603727493
2890.0 2.04310778328
2900.0 2.05017828963
2910.0 2.05724879392
2920.0 2.06431929609
2930.0 2.07138979608
2940.0 2.07846029385
2950.0 2.08553078932
2960.0 2.09260128244
2970.0 2.09967177315
2980.0 2.10674226139
2990.0 2.11381274712
3000.0 2.12088323026
3010.0 2.12795371076
3020.0 2.13502418857
3030.0 2.14209466362
3040.0 2.14916513585
3050.0 2.15623560522
3060.0 2.16330607166
3070.0 2.17037653511
3080.0 2.17744699552
3090.0 2.18451745283
3100.0 2.19158790697
3110.0 2.1986583579
3120.0 2.20572880555
3130.0 2.21279924986
3140.0 2.21986969078
3150.0 2.22694012825
3160.0 2.23401056221
3170.0 2.24108099259
3180.0 2.24815141935
3190.0 2.25522184242
3200.0 2.26229226174
3210.0 2.26936267726
3220.0 2.2764330889
3230.0 2.28350349662
3240.0 2.29057390036
3250.0 2.29764430004
3260.0 2.30471469562
3270.0 2.31178508704
3280.0 2.31885547422
3290.0 2.32592585711
3300.0 2.33299623565
3310.0 2.34006660978
3320.0 2.34713697944
3330.0 2.35420734455
3340.0 2.36127770507
3350.0 2.36834806093
3360.0 2.37541841206
3370.0 2.3824887584
3380.0 2.3895590999
3390.0 2.39662943647
3400.0 2.40369976807
3410.0 2.41077009463
3420.0 2.41784041607
3430.0 2.42491073235
3440.0 2.43198104338
3450.0 2.43905134911
3460.0 2.44612164947
3470.0 2.4531919444
3480.0 2.46026223381
3490.0 2.46733251766
3500.0 2.47440279587
3510.0 2.48147306838
3520.0 2.4885433351
3530.0 2.49561359599
3540.0 2.50268385096
3550.0 2.50975409995
3560.0 2.51682434289
3570.0 2.52389457971
3580.0 2.53096481033
3590.0 2.53803503469
3600.0 2.54510525271
3610.0 2.55217546433
3620.0 2.55924566946
3630.0 2.56631586804
3640.0 2.57338605999
3650.0 2.58045624524
3660.0 2.58752642372
3670.0 2.59459659534
3680.0 2.60166676004
3690.0 2.60873691773
3700.0 2.61580706835
3710.0 2.62287721181
3720.0 2.62994734803
3730.0 2.63701747694
3740.0 2.64408759847
3750.0 2.65115771252
3760.0 2.65822781903
3770.0 2.6652979179
3780.0 2.67236800907
3790.0 2.67943809244
3800.0 2.68650816794
3810.0 2.69357823549
3820.0 2.70064829499
3830.0 2.70771834638
3840.0 2.71478838955
3850.0 2.72185842443
3860.0 2.72892845094
3870.0 2.73599846898
3880.0 2.74306847846
3890.0 2.75013847931
3900.0 2.75720847144
3910.0 2.76427845475
3920.0 2.77134842915
3930.0 2.77841839456
3940.0 2.78548835088
3950.0 2.79255829802
3960.0 2.7996282359
3970.0 2.80669816441
3980.0 2.81376808347
3990.0 2.82083799298
4000.0 2.82790789284
4010.0 2.83497778296
4020.0 2.84204766325
4030.0 2.8491175336
4040.0 2.85618739392
4050.0 2.86325724411
4060.0 2.87032708407
4070.0 2.8773969137
4080.0 2.8844667329
4090.0 2.89153654156
4100.0 2.8986063396
4110.0 2.90567612689
4120.0 2.91274590334
4130.0 2.91981566884
4140.0 2.92688542329
4150.0 2.93395516658
4160.0 2.94102489861
4170.0 2.94809461926
4180.0 2.95516432842
4190.0 2.962234026
4200.0 2.96930371187
4210.0 2.97637338592
4220.0 2.98344304804
4230.0 2.99051269813
4240.0 2.99758233606
4250.0 3.00465196171
4260.0 3.01172157498
4270.0 3.01879117575
4280.0 3.0258607639
4290.0 3.03293033931
4300.0 3.03999990185
4310.0 3.04706945142
4320.0 3.05413898789
4330.0 3.06120851113
4340.0 3.06827802102
4350.0 3.07534751745
4360.0 3.08241700027
4370.0 3.08948646938
4380.0 3.09655592463
4390.0 3.1036253659
4400.0 3.11069479307
4410.0 3.11776420599
4420.0 3.12483360455
4430.0 3.1319029886
4440.0 3.13897235802
4450.0 3.14604171267
4460.0 3.15311105241
4470.0 3.1601803771
4480.0 3.16724968662
4490.0 3.17431898082
4500.0 3.18138825956
4510.0 3.18845752271
4520.0 3.19552677011
4530.0 3.20259600162
4540.0 3.20966521711
4550.0 3.21673441642
4560.0 3.22380359941
4570.0 3.23087276593
4580.0 3.23794191583
4590.0 3.24501104897
4600.0 3.25208016519
4610.0 3.25914926434
4620.0 3.26621834626
4630.0 3.27328741081
4640.0 3.28035645782
4650.0 3.28742548713
4660.0 3.2944944986
4670.0 3.30156349206
4680.0 3.30863246734
4690.0 3.3157014243
4700.0 3.32277036275
4710.0 3.32983928255
4720.0 3.33690818352
4730.0 3.3439770655
4740.0 3.35104592831
4750.0 3.35811477179
4760.0 3.36518359577
4770.0 3.37225240007
4780.0 3.37932118453
4790.0 3.38638994896
4800.0 3.39345869319
4810.0 3.40052741704
4820.0 3.40759612033
4830.0 3.41466480289
4840.0 3.42173346453
4850.0 3.42880210506
4860.0 3.43587072431
4870.0 3.44293932208
4880.0 3.45000789819
4890.0 3.45707645245
4900.0 3.46414498467
4910.0 3.47121349466
4920.0 3.47828198222
4930.0 3.48535044716
4940.0 3.49241888929
4950.0 3.4994873084
4960.0 3.5065557043
4970.0 3.51362407678
4980.0 3.52069242565
4990.0 3.52776075069
5000.0 3.53482905171
5010.0 3.5418973285
5020.0 3.54896558084
5030.0 3.55603380854
5040.0 3.56310201137
5050.0 3.57017018912
5060.0 3.57723834159
5070.0 3.58430646855
5080.0 3.59137456978
5090.0 3.59844264506
5100.0 3.60551069418
5110.0 3.61257871691
5120.0 3.61964671303
5130.0 3.62671468231
5140.0 3.63378262452
5150.0 3.64085053942
5160.0 3.64791842681
5170.0 3.65498628642
5180.0 3.66205411804
5190.0 3.66912192143
5200.0 3.67618969634
5210.0 3.68325744254
5220.0 3.69032515979
5230.0 3.69739284784
5240.0 3.70446050644
5250.0 3.71152813536
5260.0 3.71859573433
5270.0 3.72566330311
5280.0 3.73273084145
5290.0 3.73979834909
5300.0 3.74686582577
5310.0 3.75393327125
5320.0 3.76100068524
5330.0 3.76806806751
5340.0 3.77513541777
5350.0 3.78220273577
5360.0 3.78927002123
5370.0 3.79633727389
5380.0 3.80340449347
5390.0 3.81047167971
5400.0 3.81753883232
5410.0 3.82460595103
5420.0 3.83167303555
5430.0 3.83874008561
5440.0 3.84580710093
5450.0 3.85287408121
5460.0 3.85994102616
5470.0 3.86700793551
5480.0 3.87407480895
5490.0 3.8811416462
5500.0 3.88820844695
5510.0 3.89527521091
5520.0 3.90234193777
5530.0 3.90940862724
5540.0 3.91647527901
5550.0 3.92354189278
5560.0 3.93060846822
5570.0 3.93767500504
5580.0 3.94474150292
5590.0 3.95180796154
5600.0 3.95887438059
5610.0 3.96594075975
5620.0 3.97300709868
5630.0 3.98007339708
5640.0 3.98713965461
5650.0 3.99420587094
5660.0 4.00127204574
5670.0 4.00833817867
5680.0 4.01540426941
5690.0 4.02247031761
5700.0 4.02953632293
5710.0 4.03660228503
5720.0 4.04366820357
5730.0 4.05073407818
5740.0 4.05779990854
5750.0 4.06486569427
5760.0 4.07193143503
5770.0 4.07899713046
5780.0 4.0860627802
5790.0 4.09312838388
5800.0 4.10019394114
5810.0 4.10725945162
5820.0 4.11432491494
5830.0 4.12139033073
5840.0 4.12845569862
5850.0 4.13552101822
5860.0 4.14258628916
5870.0 4.14965151105
5880.0 4.15671668352
5890.0 4.16378180616
5900.0 4.17084687859
5910.0 4.17791190042
5920.0 4.18497687125
5930.0 4.19204179069
5940.0 4.19910665832
5950.0 4.20617147375
5960.0 4.21323623657
5970.0 4.22030094637
5980.0 4.22736560273
5990.0 4.23443020525
6000.0 4.24149475351
6010.0 4.24855924708
6020.0 4.25562368554
6030.0 4.26268806846
6040.0 4.26975239542
6050.0 4.27681666599
6060.0 4.28388087973
6070.0 4.2909450362
6080.0 4.29800913496
6090.0 4.30507317557
6100.0 4.31213715758
6110.0 4.31920108054
6120.0 4.32626494401
6130.0 4.33332874752
6140.0 4.34039249062
6150.0 4.34745617285
6160.0 4.35451979374
6170.0 4.36158335282
6180.0 4.36864684963
6190.0 4.3757102837
6200.0 4.38277365454
6210.0 4.38983696168
6220.0 4.39690020464
6230.0 4.40396338292
6240.0 4.41102649605
6250.0 4.41808954353
6260.0 4.42515252486
6270.0 4.43221543955
6280.0 4.43927828709
6290.0 4.44634106699
6300.0 4.45340377873
6310.0 4.4604664218
6320.0 4.46752899569
6330.0 4.47459149989
6340.0 4.48165393386
6350.0 4.48871629709
6360.0 4.49577858906
6370.0 4.50284080922
6380.0 4.50990295704
6390.0 4.516965032
6400.0 4.52402703354
6410.0 4.53108896113
6420.0 4.53815081421
6430.0 4.54521259224
6440.0 4.55227429467
6450.0 4.55933592092
6460.0 4.56639747045
6470.0 4.57345894268
6480.0 4.58052033706
6490.0 4.58758165301
6500.0 4.59464288994
6510.0 4.6017040473
6520.0 4.60876512448
6530.0 4.61582612091
6540.0 4.622887036
6550.0 4.62994786915
6560.0 4.63700861977
6570.0 4.64406928726
6580.0 4.65112987101
6590.0 4.65819037042
6600.0 4.66525078487
6610.0 4.67231111375
6620.0 4.67937135644
6630.0 4.68643151232
6640.0 4.69349158076
6650.0 4.70055156113
6660.0 4.7076114528
6670.0 4.71467125513
6680.0 4.72173096747
6690.0 4.7287905892
6700.0 4.73585011964
6710.0 4.74290955816
6720.0 4.74996890409
6730.0 4.75702815678
6740.0 4.76408731555
6750.0 4.77114637975
6760.0 4.77820534869
6770.0 4.78526422171
6780.0 4.79232299811
6790.0 4.79938167722
6800.0 4.80644025835
6810.0 4.8134987408
6820.0 4.82055712388
6830.0 4.82761540689
6840.0 4.83467358912
6850.0 4.84173166987
6860.0 4.84878964841
6870.0 4.85584752404
6880.0 4.86290529603
6890.0 4.86996296366
6900.0 4.87702052619
6910.0 4.8840779829
6920.0 4.89113533304
6930.0 4.89819257587
6940.0 4.90524971065
6950.0 4.91230673662
6960.0 4.91936365303
6970.0 4.92642045912
6980.0 4.93347715413
6990.0 4.94053373728
7000.0 4.94759020782
7010.0 4.95464656494
7020.0 4.96170280789
7030.0 4.96875893587
7040.0 4.97581494809
7050.0 4.98287084375
7060.0 4.98992662206
7070.0 4.99698228222
7080.0 5.00403782341
7090.0 5.01109324483
7100.0 5.01814854565
7110.0 5.02520372506
7120.0 5.03225878222
7130.0 5.03931371631
7140.0 5.0463685265
7150.0 5.05342321194
7160.0 5.06047777179
7170.0 5.06753220519
7180.0 5.0745865113
7190.0 5.08164068926
7200.0 5.0886947382
7210.0 5.09574865725
7220.0 5.10280244555
7230.0 5.10985610221
7240.0 5.11690962636
7250.0 5.1239630171
7260.0 5.13101627354
7270.0 5.1380693948
7280.0 5.14512237995
7290.0 5.15217522811
7300.0 5.15922793836
7310.0 5.16628050978
7320.0 5.17333294145
7330.0 5.18038523244
7340.0 5.18743738184
7350.0 5.19448938869
7360.0 5.20154125206
7370.0 5.208592971
7380.0 5.21564454456
7390.0 5.22269597179
7400.0 5.22974725173
7410.0 5.23679838341
7420.0 5.24384936585
7430.0 5.25090019809
7440.0 5.25795087915
7450.0 5.26500140802
7460.0 5.27205178374
7470.0 5.27910200529
7480.0 5.28615207168
7490.0 5.29320198189
7500.0 5.30025173493
7510.0 5.30730132977
7520.0 5.31435076539
7530.0 5.32140004075
7540.0 5.32844915484
7550.0 5.33549810661
7560.0 5.34254689501
7570.0 5.349595519
7580.0 5.35664397752
7590.0 5.36369226952
7600.0 5.37074039393
7610.0 5.37778834967
7620.0 5.38483613568
7630.0 5.39188375088
7640.0 5.39893119416
7650.0 5.40597846446
7660.0 5.41302556066
7670.0 5.42007248166
7680.0 5.42711922636
7690.0 5.43416579364
7700.0 5.44121218239
7710.0 5.44825839147
7720.0 5.45530441976
7730.0 5.46235026612
7740.0 5.46939592941
7750.0 5.47644140849
7760.0 5.48348670219
7770.0 5.49053180937
7780.0 5.49757672885
7790.0 5.50462145947
7800.0 5.51166600006
7810.0 5.51871034943
7820.0 5.52575450639
7830.0 5.53279846975
7840.0 5.53984223832
7850.0 5.54688581089
7860.0 5.55392918625
7870.0 5.56097236319
7880.0 5.56801534048
7890.0 5.57505811689
7900.0 5.5821006912
7910.0 5.58914306217
7920.0 5.59618522854
7930.0 5.60322718908
7940.0 5.61026894252
7950.0 5.6173104876
7960.0 5.62435182305
7970.0 5.63139294761
7980.0 5.63843385998
7990.0 5.64547455888
8000.0 5.65251504303
8010.0 5.65955531112
8020.0 5.66659536185
8030.0 5.67363519391
8040.0 5.68067480598
8050.0 5.68771419674
8060.0 5.69475336487
8070.0 5.70179230903
8080.0 5.70883102787
8090.0 5.71586952006
8100.0 5.72290778424
8110.0 5.72994581905
8120.0 5.73698362313
8130.0 5.7440211951
8140.0 5.7510585336
8150.0 5.75809563723
8160.0 5.76513250461
8170.0 5.77216913434
8180.0 5.77920552502
8190.0 5.78624167524
8200.0 5.79327758359
8210.0 5.80031324864
8220.0 5.80734866898
8230.0 5.81438384317
8240.0 5.82141876976
8250.0 5.82845344732
8260.0 5.83548787439
8270.0 5.84252204952
8280.0 5.84955597123
8290.0 5.85658963806
8300.0 5.86362304853
8310.0 5.87065620116
8320.0 5.87768909446
8330.0 5.88472172693
8340.0 5.89175409706
8350.0 5.89878620336
8360.0 5.9058180443
8370.0 5.91284961836
8380.0 5.91988092402
8390.0 5.92691195974
8400.0 5.93394272397
8410.0 5.94097321518
8420.0 5.9480034318
8430.0 5.95503337227
8440.0 5.96206303503
8450.0 5.96909241851
8460.0 5.97612152112
8470.0 5.98315034128
8480.0 5.99017887739
8490.0 5.99720712785
8500.0 6.00423509107
8510.0 6.01126276541
8520.0 6.01829014927
8530.0 6.02531724102
8540.0 6.03234403903
8550.0 6.03937054165
8560.0 6.04639674724
8570.0 6.05342265415
8580.0 6.06044826072
8590.0 6.06747356528
8600.0 6.07449856615
8610.0 6.08152326167
8620.0 6.08854765015
8630.0 6.09557172988
8640.0 6.10259549918
8650.0 6.10961895634
8660.0 6.11664209964
8670.0 6.12366492736
8680.0 6.13068743778
8690.0 6.13770962917
8700.0 6.14473149979
8710.0 6.15175304789
8720.0 6.15877427171
8730.0 6.1657951695
8740.0 6.17281573949
8750.0 6.17983597991
8760.0 6.18685588898
8770.0 6.19387546491
8780.0 6.20089470591
8790.0 6.20791361017
8800.0 6.2149321759
8810.0 6.22195040127
8820.0 6.22896828447
8830.0 6.23598582367
8840.0 6.24300301703
8850.0 6.25001986271
8860.0 6.25703635887
8870.0 6.26405250365
8880.0 6.27106829519
8890.0 6.27808373162
8900.0 6.28509881107
8910.0 6.29211353165
8920.0 6.29912789148
8930.0 6.30614188865
8940.0 6.31315552127
8950.0 6.32016878743
8960.0 6.32718168522
8970.0 6.33419421269
8980.0 6.34120636794
8990.0 6.34821814902
9000.0 6.35522955399
9010.0 6.3622405809
9020.0 6.36925122778
9030.0 6.37626149268
9040.0 6.38327137363
9050.0 6.39028086865
9060.0 6.39728997574
9070.0 6.40429869293
9080.0 6.41130701821
9090.0 6.41831494958
9100.0 6.42532248502
9110.0 6.43232962252
9120.0 6.43933636005
9130.0 6.44634269558
9140.0 6.45334862706
9150.0 6.46035415245
9160.0 6.4673592697
9170.0 6.47436397675
9180.0 6.48136827153
9190.0 6.48837215197
9200.0 6.49537561598
9210.0 6.50237866147
9220.0 6.50938128636
9230.0 6.51638348855
9240.0 6.52338526591
9250.0 6.53038661634
9260.0 6.53738753772
9270.0 6.54438802792
9280.0 6.5513880848
9290.0 6.55838770621
9300.0 6.56538689002
9310.0 6.57238563406
9320.0 6.57938393617
9330.0 6.58638179419
9340.0 6.59337920593
9350.0 6.6003761692
9360.0 6.60737268183
9370.0 6.61436874162
9380.0 6.62136434635
9390.0 6.62835949383
9400.0 6.63535418182
9410.0 6.64234840811
9420.0 6.64934217047
9430.0 6.65633546666
9440.0 6.66332829444
9450.0 6.67032065155
9460.0 6.67731253573
9470.0 6.68430394473
9480.0 6.69129487627
9490.0 6.69828532806
9500.0 6.70527529784
9510.0 6.7122647833
9520.0 6.71925378215
9530.0 6.72624229207
9540.0 6.73323031077
9550.0 6.74021783593
9560.0 6.74720486521
9570.0 6.75419139628
9580.0 6.76117742682
9590.0 6.76816295446
9600.0 6.77514797687
9610.0 6.78213249168
9620.0 6.78911649653
9630.0 6.79609998905
9640.0 6.80308296685
9650.0 6.81006542756
9660.0 6.81704736879
9670.0 6.82402878813
9680.0 6.83100968318
9690.0 6.83799005154
9700.0 6.84496989078
9710.0 6.85194919849
9720.0 6.85892797222
9730.0 6.86590620955
9740.0 6.87288390803
9750.0 6.87986106521
9760.0 6.88683767864
9770.0 6.89381374586
9780.0 6.90078926439
9790.0 6.90776423176
9800.0 6.9147386455
9810.0 6.9217125031
9820.0 6.92868580208
9830.0 6.93565853994
9840.0 6.94263071417
9850.0 6.94960232226
9860.0 6.95657336169
9870.0 6.96354382993
9880.0 6.97051372445
9890.0 6.97748304272
9900.0 6.98445178219
9910.0 6.9914199403
9920.0 6.99838751451
9930.0 7.00535450225
9940.0 7.01232090096
9950.0 7.01928670804
9960.0 7.02625192094
9970.0 7.03321653705
9980.0 7.0401805538
9990.0 7.04714396856
10000.0 7.05410677875
10010.0 7.06106898176
10020.0 7.06803057495
10030.0 7.07499155572
10040.0 7.08195192143
10050.0 7.08891166945
10060.0 7.09587079713
10070.0 7.10282930184
10080.0 7.10978718091
10090.0 7.1167444317
10100.0 7.12370105153
10110.0 7.13065703773
10120.0 7.13761238764
10130.0 7.14456709857
10140.0 7.15152116784
10150.0 7.15847459274
10160.0 7.16542737059
10170.0 7.17237949867
10180.0 7.17933097429
10190.0 7.18628179472
10200.0 7.19323195725
10210.0 7.20018145914
10220.0 7.20713029768
10230.0 7.21407847011
10240.0 7.2210259737
10250.0 7.2279728057
10260.0 7.23491896336
10270.0 7.24186444392
10280.0 7.24880924461
10290.0 7.25575336267
10300.0 7.26269679533
10310.0 7.26963953979
10320.0 7.27658159328
10330.0 7.28352295301
10340.0 7.29046361618
10350.0 7.29740358
10360.0 7.30434284165
10370.0 7.31128139833
10380.0 7.31821924722
10390.0 7.3251563855
10400.0 7.33209281035
10410.0 7.33902851893
10420.0 7.34596350841
10430.0 7.35289777596
10440.0 7.35983131872
10450.0 7.36676413385
10460.0 7.37369621848
10470.0 7.38062756977
10480.0 7.38755818485
10490.0 7.39448806085
10500.0 7.4014171949
10510.0 7.40834558412
10520.0 7.41527322562
10530.0 7.42220011653
10540.0 7.42912625394
10550.0 7.43605163497
10560.0 7.44297625671
10570.0 7.44990011626
10580.0 7.45682321071
10590.0 7.46374553715
10600.0 7.47066709266
10610.0 7.47758787432
10620.0 7.48450787919
10630.0 7.49142710436
10640.0 7.49834554689
10650.0 7.50526320384
10660.0 7.51218007227
10670.0 7.51909614923
10680.0 7.52601143177
10690.0 7.53292591694
10700.0 7.53983960177
10710.0 7.54675248332
10720.0 7.55366455861
10730.0 7.56057582467
10740.0 7.56748627853
10750.0 7.57439591721
10760.0 7.58130473774
10770.0 7.58821273712
10780.0 7.59511991238
10790.0 7.60202626052
10800.0 7.60893177854
10810.0 7.61583646345
10820.0 7.62274031225
10830.0 7.62964332193
10840.0 7.63654548949
10850.0 7.64344681191
10860.0 7.65034728619
10870.0 7.65724690929
10880.0 7.66414567821
10890.0 7.67104358991
10900.0 7.67794064138
10910.0 7.68483682958
10920.0 7.69173215148
10930.0 7.69862660405
10940.0 7.70552018425
10950.0 7.71241288903
10960.0 7.71930471535
10970.0 7.72619566017
10980.0 7.73308572044
10990.0 7.73997489311
11000.0 7.74686317511
11010.0 7.75375056341
11020.0 7.76063705493
11030.0 7.76752264662
11040.0 7.77440733541
11050.0 7.78129111824
11060.0 7.78817399204
11070.0 7.79505595374
11080.0 7.80193700027
11090.0 7.80881712854
11100.0 7.8156963355
11110.0 7.82257461805
11120.0 7.82945197312
11130.0 7.83632839762
11140.0 7.84320388848
11150.0 7.8500784426
11160.0 7.8569520569
11170.0 7.86382472829
11180.0 7.87069645368
11190.0 7.87756722998
11200.0 7.88443705409
11210.0 7.89130592292
11220.0 7.89817383337
11230.0 7.90504078235
11240.0 7.91190676675
11250.0 7.91877178347
11260.0 7.92563582942
11270.0 7.93249890149
11280.0 7.93936099658
11290.0 7.94622211159
11300.0 7.9530822434
11310.0 7.95994138891
11320.0 7.96679954502
11330.0 7.97365670862
11340.0 7.98051287659
11350.0 7.98736804584
11360.0 7.99422221325
11370.0 8.0010753757
11380.0 8.0079275301
11390.0 8.01477867333
11400.0 8.02162880227
11410.0 8.02847791383
11420.0 8.03532600487
11430.0 8.0421730723
11440.0 8.049019113
11450.0 8.05586412386
11460.0 8.06270810177
11470.0 8.06955104361
11480.0 8.07639294628
11490.0 8.08323380666
11500.0 8.09007362164
11510.0 8.09691238811
11520.0 8.10375010296
11530.0 8.11058676308
11540.0 8.11742236536
11550.0 8.1242569067
11560.0 8.13109038398
11570.0 8.1379227941
11580.0 8.14475413395
11590.0 8.15158440042
11600.0 8.15841359042
11610.0 8.16524170083
11620.0 8.17206872856
11630.0 8.1788946705
11640.0 8.18571952355
11650.0 8.19254328462
11660.0 8.1993659506
11670.0 8.20618751841
11680.0 8.21300798494
11690.0 8.2198273471
11700.0 8.2266456018
11710.0 8.23346274595
11720.0 8.24027877647
11730.0 8.24709369026
11740.0 8.25390748424
11750.0 8.26072015533
11760.0 8.26753170045
11770.0 8.27434211652
11780.0 8.28115140046
11790.0 8.28795954921
11800.0 8.29476655968
11810.0 8.3015724288
11820.0 8.30837715352
11830.0 8.31518073077
11840.0 8.32198315748
11850.0 8.32878443059
11860.0 8.33558454706
11870.0 8.34238350382
11880.0 8.34918129782
11890.0 8.35597792602
11900.0 8.36277338537
11910.0 8.36956767283
11920.0 8.37636078535
11930.0 8.38315271992
11940.0 8.38994347348
11950.0 8.39673304302
11960.0 8.40352142551
11970.0 8.41030861792
11980.0 8.41709461724
11990.0 8.42387942045
12000.0 8.43066302454
12010.0 8.43744542651
12020.0 8.44422662335
12030.0 8.45100661206
12040.0 8.45778538965
12050.0 8.46456295312
12060.0 8.47133929949
12070.0 8.47811442578
12080.0 8.484888329
12090.0 8.49166100619
12100.0 8.49843245436
12110.0 8.50520267057
12120.0 8.51197165184
12130.0 8.51873939523
12140.0 8.52550589778
12150.0 8.53227115654
12160.0 8.53903516857
12170.0 8.54579793094
12180.0 8.55255944072
12190.0 8.55931969498
12200.0 8.5660786908
12210.0 8.57283642527
12220.0 8.57959289546
12230.0 8.58634809849
12240.0 8.59310203145
12250.0 8.59985469145
12260.0 8.6066060756
12270.0 8.61335618101
12280.0 8.62010500482
12290.0 8.62685254415
12300.0 8.63359879614
12310.0 8.64034375793
12320.0 8.64708742667
12330.0 8.65382979951
12340.0 8.66057087362
12350.0 8.66731064616
12360.0 8.6740491143
12370.0 8.68078627523
12380.0 8.68752212613
12390.0 8.69425666419
12400.0 8.70098988663
12410.0 8.70772179063
12420.0 8.71445237343
12430.0 8.72118163223
12440.0 8.72790956428
12450.0 8.73463616679
12460.0 8.74136143703
12470.0 8.74808537223
12480.0 8.75480796965
12490.0 8.76152922657
12500.0 8.76824914024
12510.0 8.77496770796
12520.0 8.78168492702
12530.0 8.7884007947
12540.0 8.79511530831
12550.0 8.80182846517
12560.0 8.80854026259
12570.0 8.8152506979
12580.0 8.82195976844
12590.0 8.82866747156
12600.0 8.8353738046
12610.0 8.84207876493
12620.0 8.84878234992
12630.0 8.85548455695
12640.0 8.86218538341
12650.0 8.86888482669
12660.0 8.87558288419
12670.0 8.88227955334
12680.0 8.88897483155
12690.0 8.89566871626
12700.0 8.90236120491
12710.0 8.90905229496
12720.0 8.91574198385
12730.0 8.92243026906
12740.0 8.92911714808
12750.0 8.93580261838
12760.0 8.94248667747
12770.0 8.94916932286
12780.0 8.95585055206
12790.0 8.96253036261
12800.0 8.96920875203
12810.0 8.97588571789
12820.0 8.98256125773
12830.0 8.98923536913
12840.0 8.99590804967
12850.0 9.00257929693