750.0 0.530235508114
760.0 0.537300014295
770.0 0.544364725546
780.0 0.55142963354
790.0 0.558494730374
800.0 0.565560008547
810.0 0.572625460933
820.0 0.579691080758
830.0 0.586756861578
840.0 0.593822797263
850.0 0.600888881973
860.0 0.607955110146
870.0 0.61502147648
880.0 0.622087975917
890.0 0.629154603633
900.0 0.636221355019
910.0 0.643288225676
920.0 0.650355211397
930.0 0.657422308163
940.0 0.664489512127
950.0 0.671556819609
960.0 0.678624227086
970.0 0.685691731183
980.0 0.692759328667
990.0 0.699827016437
1000.0 0.706894791522
1010.0 0.713962651071
1020.0 0.721030592345
1030.0 0.728098612718
1040.0 0.735166709667
1050.0 0.742234880766
1060.0 0.749303123685
1070.0 0.756371436184
1080.0 0.763439816107
1090.0 0.770508261381
1100.0 0.777576770011
1110.0 0.784645340074
1120.0 0.791713969721
1130.0 0.798782657168
1140.0 0.805851400697
1150.0 0.812920198654
1160.0 0.819989049439
1170.0 0.827057951514
1180.0 0.834126903391
1190.0 0.841195903636
1200.0 0.848264950865
1210.0 0.85533404374
1220.0 0.86240318097
1230.0 0.869472361306
1240.0 0.876541583543
1250.0 0.883610846514
1260.0 0.890680149092
1270.0 0.897749490186
1280.0 0.904818868743
1290.0 0.91188828374
1300.0 0.91895773419
1310.0 0.926027219137
1320.0 0.933096737653
1330.0 0.940166288843
1340.0 0.947235871836
1350.0 0.95430548579
1360.0 0.96137512989
1370.0 0.968444803343
1380.0 0.975514505383
1390.0 0.982584235264
1400.0 0.989653992266
1410.0 0.996723775686
1420.0 1.00379358485
1430.0 1.01086341908
1440.0 1.01793327776
1450.0 1.02500316026
1460.0 1.03207306596
1470.0 1.03914299429
1480.0 1.04621294468
1490.0 1.05328291656
1500.0 1.06035290941
1510.0 1.06742292269
1520.0 1.0744929559
1530.0 1.08156300854
1540.0 1.08863308013
1550.0 1.09570317021
1560.0 1.10277327831
1570.0 1.10984340398
1580.0 1.11691354681
1590.0 1.12398370636
1600.0 1.13105388223
1610.0 1.13812407402
1620.0 1.14519428134
1630.0 1.15226450381
1640.0 1.15933474105
1650.0 1.16640499272
1660.0 1.17347525846
1670.0 1.18054553793
1680.0 1.18761583079
1690.0 1.19468613672
1700.0 1.2017564554
1710.0 1.20882678653
1720.0 1.21589712979
1730.0 1.2229674849
1740.0 1.23003785157
1750.0 1.23710822951
1760.0 1.24417861845
1770.0 1.25124901813
1780.0 1.25831942829
1790.0 1.26538984865
1800.0 1.27246027899
1810.0 1.27953071905
1820.0 1.28660116859
1830.0 1.29367162739
1840.0 1.30074209521
1850.0 1.30781257183
1860.0 1.31488305703
1870.0 1.32195355061
1880.0 1.32902405234
1890.0 1.33609456203
1900.0 1.34316507948
1910.0 1.35023560449
1920.0 1.35730613687
1930.0 1.36437667643
1940.0 1.37144722299
1950.0 1.37851777638
1960.0 1.3855883364
1970.0 1.3926589029
1980.0 1.3997294757
1990.0 1.40680005464
2000.0 1.41387063955
2010.0 1.42094123027
2020.0 1.42801182666
2030.0 1.43508242855
2040.0 1.4421530358
2050.0 1.44922364826
2060.0 1.45629426578
2070.0 1.46336488822
2080.0 1.47043551545
2090.0 1.47750614732
2100.0 1.48457678371
2110.0 1.49164742448
2120.0 1.4987180695
2130.0 1.50578871865
2140.0 1.51285937179
2150.0 1.51993002882
2160.0 1.52700068959
2170.0 1.53407135401
2180.0 1.54114202195
2190.0 1.5482126933
2200.0 1.55528336794
2210.0 1.56235404576
2220.0 1.56942472666
2230.0 1.57649541052
2240.0 1.58356609725
2250.0 1.59063678673
2260.0 1.59770747886
2270.0 1.60477817355
2280.0 1.6118488707
2290.0 1.6189195702
2300.0 1.62599027196
2310.0 1.63306097588
2320.0 1.64013168187
2330.0 1.64720238985
2340.0 1.65427309971
2350.0 1.66134381136
2360.0 1.66841452473
2370.0 1.67548523971
2380.0 1.68255595623
2390.0 1.6896266742
2400.0 1.69669739354
2410.0 1.70376811415
2420.0 1.71083883596
2430.0 1.7179095589
2440.0 1.72498028287
2450.0 1.7320510078
2460.0 1.7391217336
2470.0 1.74619246022
2480.0 1.75326318755
2490.0 1.76033391554
2500.0 1.7674046441
2510.0 1.77447537316
2520.0 1.78154610265
2530.0 1.7886168325
2540.0 1.79568756262
2550.0 1.80275829296
2560.0 1.80982902344
2570.0 1.81689975398
2580.0 1.82397048453
2590.0 1.83104121501
2600.0 1.83811194535
2610.0 1.84518267549
2620.0 1.85225340535
2630.0 1.85932413488
2640.0 1.866394864
2650.0 1.87346559265
2660.0 1.88053632077
2670.0 1.88760704828
2680.0 1.89467777514
2690.0 1.90174850126
2700.0 1.90881922659
2710.0 1.91588995106
2720.0 1.92296067462
2730.0 1.9300313972
2740.0 1.93710211873
2750.0 1.94417283916
2760.0 1.95124355842
2770.0 1.95831427646
2780.0 1.96538499321
2790.0 1.97245570861
2800.0 1.9795264226
2810.0 1.98659713512
2820.0 1.99366784612
2830.0 2.00073855552
2840.0 2.00780926328
2850.0 2.01487996933
2860.0 2.02195067362
2870.0 2.02902137608
2880.0 2.03609207665
2890.0 2.04316277529
2900.0 2.05023347192
2910.0 2.05730416649
2920.0 2.06437485895
2930.0 2.07144554923
2940.0 2.07851623727
2950.0 2.08558692303
2960.0 2.09265760643
2970.0 2.09972828743
2980.0 2.10679896596
2990.0 2.11386964197
3000.0 2.12094031539
3010.0 2.12801098618
3020.0 2.13508165427
3030.0 2.1421523196
3040.0 2.14922298212
3050.0 2.15629364177
3060.0 2.16336429849
3070.0 2.17043495223
3080.0 2.17750560292
3090.0 2.18457625051
3100.0 2.19164689494
3110.0 2.19871753615
3120.0 2.20578817409
3130.0 2.21285880868
3140.0 2.21992943989
3150.0 2.22700006764
3160.0 2.23407069188
3170.0 2.24114131255
3180.0 2.24821192959
3190.0 2.25528254294
3200.0 2.26235315255
3210.0 2.26942375835
3220.0 2.27649436028
3230.0 2.28356495828
3240.0 2.2906355523
3250.0 2.29770614227
3260.0 2.30477672813
3270.0 2.31184730983
3280.0 2.3189178873
3290.0 2.32598846047
3300.0 2.3330590293
3310.0 2.34012959371
3320.0 2.34720015365
3330.0 2.35427070905
3340.0 2.36134125985
3350.0 2.36841180599
3360.0 2.37548234741
3370.0 2.38255288403
3380.0 2.38962341581
3390.0 2.39669394267
3400.0 2.40376446456
3410.0 2.41083498139
3420.0 2.41790549312
3430.0 2.42497599968
3440.0 2.432046501
3450.0 2.43911699701
3460.0 2.44618748766
3470.0 2.45325797286
3480.0 2.46032845257
3490.0 2.4673989267
3500.0 2.47446939519
3510.0 2.48153985798
3520.0 2.48861031499
3530.0 2.49568076616
3540.0 2.50275121142
3550.0 2.50982165069
3560.0 2.51689208392
3570.0 2.52396251102
3580.0 2.53103293192
3590.0 2.53810334656
3600.0 2.54517375487
3610.0 2.55224415677
3620.0 2.55931455219
3630.0 2.56638494105
3640.0 2.57345532328
3650.0 2.58052569882
3660.0 2.58759606758
3670.0 2.59466642948
3680.0 2.60173678446
3690.0 2.60880713244
3700.0 2.61587747334
3710.0 2.62294780708
3720.0 2.63001813359
3730.0 2.63708845279
3740.0 2.6441587646
3750.0 2.65122906894
3760.0 2.65829936573
3770.0 2.66536965489
3780.0 2.67243993634
3790.0 2.67951020999
3800.0 2.68658047578
3810.0 2.69365073361
3820.0 2.70072098339
3830.0 2.70779122506
3840.0 2.71486145852
3850.0 2.72193168368
3860.0 2.72900190047
3870.0 2.7360721088
3880.0 2.74314230857
3890.0 2.7502124997
3900.0 2.75728268211
3910.0 2.7643528557
3920.0 2.77142302039
3930.0 2.77849317608
3940.0 2.78556332269
3950.0 2.79263346011
3960.0 2.79970358827
3970.0 2.80677370707
3980.0 2.81384381641
3990.0 2.8209139162
4000.0 2.82798400635
4010.0 2.83505408676
4020.0 2.84212415733
4030.0 2.84919421796
4040.0 2.85626426857
4050.0 2.86333430904
4060.0 2.87040433928
4070.0 2.8774743592
4080.0 2.88454436868
4090.0 2.89161436763
4100.0 2.89868435594
4110.0 2.90575433352
4120.0 2.91282430025
4130.0 2.91989425604
4140.0 2.92696420077
4150.0 2.93403413435
4160.0 2.94110405666
4170.0 2.94817396759
4180.0 2.95524386704
4190.0 2.9623137549
4200.0 2.96938363105
4210.0 2.97645349539
4220.0 2.9835233478
4230.0 2.99059318816
4240.0 2.99766301638
4250.0 3.00473283232
4260.0 3.01180263587
4270.0 3.01887242692
4280.0 3.02594220535
4290.0 3.03301197104
4300.0 3.04008172388
4310.0 3.04715146373
4320.0 3.05422119048
4330.0 3.061290904
4340.0 3.06836060418
4350.0 3.07543029089
4360.0 3.082499964
4370.0 3.08956962338
4380.0 3.09663926892
4390.0 3.10370890048
4400.0 3.11077851793
4410.0 3.11784812114
4420.0 3.12491770997
4430.0 3.13198728431
4440.0 3.13905684401
4450.0 3.14612638894
4460.0 3.15319591897
4470.0 3.16026543395
4480.0 3.16733493375
4490.0 3.17440441824
4500.0 3.18147388726
4510.0 3.18854334069
4520.0 3.19561277837
4530.0 3.20268220017
4540.0 3.20975160594
4550.0 3.21682099553
4560.0 3.22389036881
4570.0 3.23095972561
4580.0 3.2380290658
4590.0 3.24509838922
4600.0 3.25216769573
4610.0 3.25923698516
4620.0 3.26630625736
4630.0 3.27337551219
4640.0 3.28044474949
4650.0 3.28751396909
4660.0 3.29458317084
4670.0 3.30165235458
4680.0 3.30872152015
4690.0 3.31579066739
4700.0 3.32285979613
4710.0 3.32992890621
4720.0 3.33699799746
4730.0 3.34406706972
4740.0 3.35113612282
4750.0 3.35820515658
4760.0 3.36527417085
4770.0 3.37234316543
4780.0 3.37941214017
4790.0 3.38648109488
4800.0 3.3935500294
4810.0 3.40061894353
4820.0 3.40768783711
4830.0 3.41475670995
4840.0 3.42182556187
4850.0 3.42889439269
4860.0 3.43596320222
4870.0 3.44303199028
4880.0 3.45010075667
4890.0 3.45716950121
4900.0 3.46423822372
4910.0 3.47130692399
4920.0 3.47837560184
4930.0 3.48544425706
4940.0 3.49251288947
4950.0 3.49958149887
4960.0 3.50665008505
4970.0 3.51371864781
4980.0 3.52078718696
4990.0 3.52785570229
5000.0 3.5349241936
5010.0 3.54199266067
5020.0 3.5490611033
5030.0 3.55612952127
5040.0 3.56319791439
5050.0 3.57026628243
5060.0 3.57733462518
5070.0 3.58440294242
5080.0 3.59147123393
5090.0 3.5985394995
5100.0 3.60560773891
5110.0 3.61267595192
5120.0 3.61974413832
5130.0 3.62681229788
5140.0 3.63388043037
5150.0 3.64094853557
5160.0 3.64801661323
5170.0 3.65508466313
5180.0 3.66215268504
5190.0 3.66922067871
5200.0 3.6762886439
5210.0 3.68335658039
5220.0 3.69042448792
5230.0 3.69749236625
5240.0 3.70456021514
5250.0 3.71162803434
5260.0 3.71869582359
5270.0 3.72576358266
5280.0 3.73283131128
5290.0 3.7398990092
5300.0 3.74696667617
5310.0 3.75403431193
5320.0 3.76110191621
5330.0 3.76816948876
5340.0 3.7752370293
5350.0 3.78230453758
5360.0 3.78937201333
5370.0 3.79643945628
5380.0 3.80350686614
5390.0 3.81057424266
5400.0 3.81764158556
5410.0 3.82470889455
5420.0 3.83177616936
5430.0 3.8388434097
5440.0 3.8459106153
5450.0 3.85297778586
5460.0 3.8600449211
5470.0 3.86711202073
5480.0 3.87417908446
5490.0 3.88124611199
5500.0 3.88831310302
5510.0 3.89538005727
5520.0 3.90244697441
5530.0 3.90951385417
5540.0 3.91658069622
5550.0 3.92364750027
5560.0 3.930714266
5570.0 3.9377809931
5580.0 3.94484768127
5590.0 3.95191433017
5600.0 3.95898093951
5610.0 3.96604750894
5620.0 3.97311403816
5630.0 3.98018052684
5640.0 3.98724697465
5650.0 3.99431338127
5660.0 4.00137974635
5670.0 4.00844606957
5680.0 4.01551235059
5690.0 4.02257858908
5700.0 4.02964478468
5710.0 4.03671093707
5720.0 4.04377704588
5730.0 4.05084311079
5740.0 4.05790913142
5750.0 4.06497510744
5760.0 4.07204103848
5770.0 4.0791069242
5780.0 4.08617276422
5790.0 4.09323855818
5800.0 4.10030430573
5810.0 4.10737000649
5820.0 4.1144356601
5830.0 4.12150126617
5840.0 4.12856682434
5850.0 4.13563233423
5860.0 4.14269779545
5870.0 4.14976320763
5880.0 4.15682857038
5890.0 4.1638938833
5900.0 4.17095914602
5910.0 4.17802435813
5920.0 4.18508951925
5930.0 4.19215462896
5940.0 4.19921968688
5950.0 4.20628469259
5960.0 4.2133496457
5970.0 4.22041454578
5980.0 4.22747939243
5990.0 4.23454418523
6000.0 4.24160892377
6010.0 4.24867360762
6020.0 4.25573823637
6030.0 4.26280280958
6040.0 4.26986732682
6050.0 4.27693178767
6060.0 4.28399619169
6070.0 4.29106053845
6080.0 4.29812482749
6090.0 4.30518905838
6100.0 4.31225323068
6110.0 4.31931734393
6120.0 4.32638139768
6130.0 4.33344539147
6140.0 4.34050932485
6150.0 4.34757319737
6160.0 4.35463700854
6170.0 4.36170075791
6180.0 4.36876444501
6190.0 4.37582806936
6200.0 4.38289163048
6210.0 4.38995512791
6220.0 4.39701856114
6230.0 4.40408192971
6240.0 4.41114523312
6250.0 4.41820847089
6260.0 4.4252716425
6270.0 4.43233474747
6280.0 4.4393977853
6290.0 4.44646075548
6300.0 4.45352365751
6310.0 4.46058649086
6320.0 4.46764925504
6330.0 4.47471194952
6340.0 4.48177457377
6350.0 4.48883712729
6360.0 4.49589960954
6370.0 4.50296201998
6380.0 4.51002435809
6390.0 4.51708662333
6400.0 4.52414881516
6410.0 4.53121093303
6420.0 4.5382729764
6430.0 4.54533494471
6440.0 4.55239683742
6450.0 4.55945865395
6460.0 4.56652039377
6470.0 4.57358205629
6480.0 4.58064364095
6490.0 4.58770514717
6500.0 4.5947665744
6510.0 4.60182792203
6520.0 4.6088891895
6530.0 4.61595037622
6540.0 4.62301148159
6550.0 4.63007250503
6560.0 4.63713344593
6570.0 4.6441943037
6580.0 4.65125507773
6590.0 4.65831576742
6600.0 4.66537637216
6610.0 4.67243689132
6620.0 4.6794973243
6630.0 4.68655767046
6640.0 4.69361792918
6650.0 4.70067809984
6660.0 4.70773818179
6670.0 4.7147981744
6680.0 4.72185807703
6690.0 4.72891788904
6700.0 4.73597760977
6710.0 4.74303723857
6720.0 4.75009677479
6730.0 4.75715621776
6740.0 4.76421556682
6750.0 4.77127482129
6760.0 4.77833398052
6770.0 4.78539304382
6780.0 4.79245201051
6790.0 4.7995108799
6800.0 4.80656965131
6810.0 4.81362832405
6820.0 4.82068689742
6830.0 4.82774537071
6840.0 4.83480374322
6850.0 4.84186201425
6860.0 4.84892018308
6870.0 4.85597824899
6880.0 4.86303621127
6890.0 4.87009406918
6900.0 4.87715182199
6910.0 4.88420946898
6920.0 4.89126700941
6930.0 4.89832444252
6940.0 4.90538176758
6950.0 4.91243898384
6960.0 4.91949609054
6970.0 4.92655308691
6980.0 4.9336099722
6990.0 4.94066674564
7000.0 4.94772340646
7010.0 4.95477995387
7020.0 4.9618363871
7030.0 4.96889270536
7040.0 4.97594890786
7050.0 4.98300499381
7060.0 4.99006096241
7070.0 4.99711681285
7080.0 5.00417254432
7090.0 5.01122815602
7100.0 5.01828364713
7110.0 5.02533901682
7120.0 5.03239426427
7130.0 5.03944938864
7140.0 5.04650438911
7150.0 5.05355926484
7160.0 5.06061401497
7170.0 5.06766863866
7180.0 5.07472313505
7190.0 5.08177750329
7200.0 5.08883174251
7210.0 5.09588585185
7220.0 5.10293983043
7230.0 5.10999367738
7240.0 5.11704739181
7250.0 5.12410097283
7260.0 5.13115441956
7270.0 5.1382077311
7280.0 5.14526090654
7290.0 5.15231394498
7300.0 5.15936684551
7310.0 5.16641960721
7320.0 5.17347222917
7330.0 5.18052471045
7340.0 5.18757705012
7350.0 5.19462924726
7360.0 5.20168130091
7370.0 5.20873321014
7380.0 5.21578497399
7390.0 5.2228365915
7400.0 5.22988806172
7410.0 5.23693938368
7420.0 5.24399055641
7430.0 5.25104157894
7440.0 5.25809245027
7450.0 5.26514316943
7460.0 5.27219373543
7470.0 5.27924414727
7480.0 5.28629440394
7490.0 5.29334450444
7500.0 5.30039444776
7510.0 5.30744423288
7520.0 5.31449385878
7530.0 5.32154332443
7540.0 5.3285926288
7550.0 5.33564177085
7560.0 5.34269074954
7570.0 5.34973956381
7580.0 5.35678821262
7590.0 5.3638366949
7600.0 5.37088500959
7610.0 5.37793315562
7620.0 5.38498113192
7630.0 5.39202893739
7640.0 5.39907657097
7650.0 5.40612403154
7660.0 5.41317131803
7670.0 5.42021842931
7680.0 5.4272653643
7690.0 5.43431212186
7700.0 5.44135870089
7710.0 5.44840510026
7720.0 5.45545131883
7730.0 5.46249735548
7740.0 5.46954320905
7750.0 5.47658887841
7760.0 5.4836343624
7770.0 5.49067965986
7780.0 5.49772476963
7790.0 5.50476969053
7800.0 5.5118144214
7810.0 5.51885896105
7820.0 5.5259033083
7830.0 5.53294746195
7840.0 5.5399914208
7850.0 5.54703518365
7860.0 5.5540787493
7870.0 5.56112211652
7880.0 5.56816528409
7890.0 5.57520825079
7900.0 5.58225101538
7910.0 5.58929357663
7920.0 5.59633593329
7930.0 5.60337808411
7940.0 5.61042002783
7950.0 5.6174617632
7960.0 5.62450328894
7970.0 5.63154460377
7980.0 5.63858570643
7990.0 5.64562659562
8000.0 5.65266727005
8010.0 5.65970772842
8020.0 5.66674796943
8030.0 5.67378799178
8040.0 5.68082779413
8050.0 5.68786737518
8060.0 5.69490673359
8070.0 5.70194586803
8080.0 5.70898477716
8090.0 5.71602345963
8100.0 5.7230619141
8110.0 5.73010013919
8120.0 5.73713813355
8130.0 5.74417589581
8140.0 5.75121342459
8150.0 5.7582507185
8160.0 5.76528777616
8170.0 5.77232459618
8180.0 5.77936117714
8190.0 5.78639751765
8200.0 5.79343361628
8210.0 5.80046947162
8220.0 5.80750508224
8230.0 5.81454044671
8240.0 5.82157556359
8250.0 5.82861043143
8260.0 5.83564504879
8270.0 5.8426794142
8280.0 5.84971352619
8290.0 5.85674738331
8300.0 5.86378098406
8310.0 5.87081432698
8320.0 5.87784741056
8330.0 5.88488023331
8340.0 5.89191279373
8350.0 5.89894509031
8360.0 5.90597712153
8370.0 5.91300888588
8380.0 5.92004038182
8390.0 5.92707160782
8400.0 5.93410256234
8410.0 5.94113324383
8420.0 5.94816365073
8430.0 5.95519378149
8440.0 5.96222363454
8450.0 5.9692532083
8460.0 5.97628250119
8470.0 5.98331151163
8480.0 5.99034023803
8490.0 5.99736867878
8500.0 6.00439683227
8510.0 6.0114246969
8520.0 6.01845227105
8530.0 6.02547955308
8540.0 6.03250654137
8550.0 6.03953323428
8560.0 6.04655963015
8570.0 6.05358572734
8580.0 6.06061152419
8590.0 6.06763701904
8600.0 6.0746622102
8610.0 6.081687096
8620.0 6.08871167476
8630.0 6.09573594478
8640.0 6.10275990436
8650.0 6.1097835518
8660.0 6.11680688538
8670.0 6.12382990339
8680.0 6.1308526041
8690.0 6.13787498577
8700.0 6.14489704667
8710.0 6.15191878505
8720.0 6.15894019916
8730.0 6.16596128723
8740.0 6.17298204751
8750.0 6.18000247821
8760.0 6.18702257757
8770.0 6.19404234378
8780.0 6.20106177506
8790.0 6.20808086961
8800.0 6.21509962562
8810.0 6.22211804127
8820.0 6.22913611476
8830.0 6.23615384424
8840.0 6.24317122788
8850.0 6.25018826385
8860.0 6.25720495029
8870.0 6.26422128536
8880.0 6.27123726718
8890.0 6.2782528939
8900.0 6.28526816363
8910.0 6.29228307449
8920.0 6.2992976246
8930.0 6.30631181206
8940.0 6.31332563497
8950.0 6.32033909141
8960.0 6.32735217948
8970.0 6.33436489724
8980.0 6.34137724277
8990.0 6.34838921413
9000.0 6.35540080939
9010.0 6.36241202657
9020.0 6.36942286374
9030.0 6.37643331893
9040.0 6.38344339016
9050.0 6.39045307546
9060.0 6.39746237284
9070.0 6.40447128031
9080.0 6.41147979588
9090.0 6.41848791753
9100.0 6.42549564326
9110.0 6.43250297104
9120.0 6.43950989885
9130.0 6.44651642466
9140.0 6.45352254643
9150.0 6.46052826211
9160.0 6.46753356964
9170.0 6.47453846697
9180.0 6.48154295204
9190.0 6.48854702275
9200.0 6.49555067705
9210.0 6.50255391283
9220.0 6.509556728
9230.0 6.51655912047
9240.0 6.52356108812
9250.0 6.53056262883
9260.0 6.5375637405
9270.0 6.54456442098
9280.0 6.55156466814
9290.0 6.55856447984
9300.0 6.56556385393
9310.0 6.57256278826
9320.0 6.57956128065
9330.0 6.58655932895
9340.0 6.59355693097
9350.0 6.60055408453
9360.0 6.60755078745
9370.0 6.61454703751
9380.0 6.62154283253
9390.0 6.62853817029
9400.0 6.63553304857
9410.0 6.64252746514
9420.0 6.64952141779
9430.0 6.65651490426
9440.0 6.66350792232
9450.0 6.67050046971
9460.0 6.67749254418
9470.0 6.68448414346
9480.0 6.69147526528
9490.0 6.69846590736
9500.0 6.70545606742
9510.0 6.71244574317
9520.0 6.7194349323
9530.0 6.72642363251
9540.0 6.73341184149
9550.0 6.74039955693
9560.0 6.74738677649
9570.0 6.75437349785
9580.0 6.76135971867
9590.0 6.7683454366
9600.0 6.77533064929
9610.0 6.78231535438
9620.0 6.78929954952
9630.0 6.79628323232
9640.0 6.80326640041
9650.0 6.8102490514
9660.0 6.81723118291
9670.0 6.82421279254
9680.0 6.83119387788
9690.0 6.83817443652
9700.0 6.84515446604
9710.0 6.85213396403
9720.0 6.85911292805
9730.0 6.86609135566
9740.0 6.87306924442
9750.0 6.88004659189
9760.0 6.88702339561
9770.0 6.89399965311
9780.0 6.90097536192
9790.0 6.90795051958
9800.0 6.91492512359
9810.0 6.92189917148
9820.0 6.92887266075
9830.0 6.93584558889
9840.0 6.94281795341
9850.0 6.94978975178
9860.0 6.95676098149
9870.0 6.96373164001
9880.0 6.97070172482
9890.0 6.97767123337
9900.0 6.98464016312
9910.0 6.99160851152
9920.0 6.99857627602
9930.0 7.00554345404
9940.0 7.01251004303
9950.0 7.0194760404
9960.0 7.02644144358
9970.0 7.03340624998
9980.0 7.040370457
9990.0 7.04733406205
10000.0 7.05429706253
10010.0 7.06125945581
10020.0 7.06822123929
10030.0 7.07518241034
10040.0 7.08214296634
10050.0 7.08910290464
10060.0 7.09606222261
10070.0 7.1030209176
10080.0 7.10997898695
10090.0 7.11693642802
10100.0 7.12389323814
10110.0 7.13084941463
10120.0 7.13780495482
10130.0 7.14475985604
10140.0 7.15171411558
10150.0 7.15866773077
10160.0 7.1656206989
10170.0 7.17257301727
10180.0 7.17952468317
10190.0 7.18647569389
10200.0 7.1934260467
10210.0 7.20037573888
10220.0 7.20732476769
10230.0 7.21427313041
10240.0 7.22122082428
10250.0 7.22816784657
10260.0 7.23511419451
10270.0 7.24205986535
10280.0 7.24900485633
10290.0 7.25594916468
10300.0 7.26289278761
10310.0 7.26983572236
10320.0 7.27677796613
10330.0 7.28371951615
10340.0 7.2906603696
10350.0 7.2976005237
10360.0 7.30453997564
10370.0 7.3114787226
10380.0 7.31841676177
10390.0 7.32535409034
10400.0 7.33229070547
10410.0 7.33922660434
10420.0 7.34616178411
10430.0 7.35309624193
10440.0 7.36002997498
10450.0 7.36696298039
10460.0 7.37389525531
10470.0 7.38082679688
10480.0 7.38775760225
10490.0 7.39468766853
10500.0 7.40161699286
10510.0 7.40854557236
10520.0 7.41547340415
10530.0 7.42240048534
10540.0 7.42932681304
10550.0 7.43625238435
10560.0 7.44317719638
10570.0 7.45010124621
10580.0 7.45702453095
10590.0 7.46394704767
10600.0 7.47086879346
10610.0 7.4777897654
10620.0 7.48470996056
10630.0 7.49162937602
10640.0 7.49854800883
10650.0 7.50546585606
10660.0 7.51238291477
10670.0 7.51929918201
10680.0 7.52621465484
10690.0 7.53312933029
10700.0 7.54004320541
10710.0 7.54695627724
10720.0 7.55386854281
10730.0 7.56077999915
10740.0 7.5676906433
10750.0 7.57460047226
10760.0 7.58150948307
10770.0 7.58841767274
10780.0 7.59532503828
10790.0 7.60223157671
10800.0 7.60913728501
10810.0 7.61604216021
10820.0 7.62294619929
10830.0 7.62984939926
10840.0 7.6367517571
10850.0 7.64365326981
10860.0 7.65055393436
10870.0 7.65745374775
10880.0 7.66435270695
10890.0 7.67125080894
10900.0 7.67814805069
10910.0 7.68504442918
10920.0 7.69193994136
10930.0 7.69883458421
10940.0 7.70572835469
10950.0 7.71262124976
10960.0 7.71951326637
10970.0 7.72640440147
10980.0 7.73329465202
10990.0 7.74018401497
11000.0 7.74707248726
11010.0 7.75396006584
11020.0 7.76084674765
11030.0 7.76773252962
11040.0 7.7746174087
11050.0 7.78150138181
11060.0 7.78838444589
11070.0 7.79526659788
11080.0 7.80214783469
11090.0 7.80902815325
11100.0 7.81590755048
11110.0 7.82278602332
11120.0 7.82966356867
11130.0 7.83654018346
11140.0 7.8434158646
11150.0 7.85029060901
11160.0 7.85716441359
11170.0 7.86403727527
11180.0 7.87090919094
11190.0 7.87778015752
11200.0 7.88465017192
11210.0 7.89151923103
11220.0 7.89838733176
11230.0 7.90525447102
11240.0 7.91212064571
11250.0 7.91898585272
11260.0 7.92585008895
11270.0 7.9327133513
11280.0 7.93957563668
11290.0 7.94643694196
11300.0 7.95329726406
11310.0 7.96015659986
11320.0 7.96701494625
11330.0 7.97387230013
11340.0 7.98072865839
11350.0 7.98758401792
11360.0 7.99443837561
11370.0 8.00129172835
11380.0 8.00814407303
11390.0 8.01499540655
11400.0 8.02184572577
11410.0 8.02869502761
11420.0 8.03554330894
11430.0 8.04239056665
11440.0 8.04923679764
11450.0 8.05608199878
11460.0 8.06292616697
11470.0 8.0697692991
11480.0 8.07661139205
11490.0 8.08345244271
11500.0 8.09029244797
11510.0 8.09713140473
11520.0 8.10396930986
11530.0 8.11080616027
11540.0 8.11764195284
11550.0 8.12447668446
11560.0 8.13131035202
11570.0 8.13814295242
11580.0 8.14497448256
11590.0 8.15180493931
11600.0 8.15863431959
11610.0 8.16546262029
11620.0 8.1722898383
11630.0 8.17911597053
11640.0 8.18594101386
11650.0 8.19276496521
11660.0 8.19958782148
11670.0 8.20640957957
11680.0 8.21323023638
11690.0 8.22004978883
11700.0 8.22686823381
11710.0 8.23368556825
11720.0 8.24050178905
11730.0 8.24731689312
11740.0 8.25413087739
11750.0 8.26094373877
11760.0 8.26775547417
11770.0 8.27456608052
11780.0 8.28137555475
11790.0 8.28818389377
11800.0 8.29499109453
11810.0 8.30179715394
11820.0 8.30860206894
11830.0 8.31540583647
11840.0 8.32220845347
11850.0 8.32900991687
11860.0 8.33581022361
11870.0 8.34260937066
11880.0 8.34940735494
11890.0 8.35620417342
11900.0 8.36299982306
11910.0 8.3697943008
11920.0 8.37658760361
11930.0 8.38337972846
11940.0 8.39017067231
11950.0 8.39696043213
11960.0 8.4037490049
11970.0 8.41053638759
11980.0 8.4173225772
11990.0 8.42410757069
12000.0 8.43089136507
12010.0 8.43767395732
12020.0 8.44445534445
12030.0 8.45123552344
12040.0 8.45801449131
12050.0 8.46479224507
12060.0 8.47156878172
12070.0 8.47834409829
12080.0 8.4851181918
12090.0 8.49189105927
12100.0 8.49866269773
12110.0 8.50543310422
12120.0 8.51220227578
12130.0 8.51897020945
12140.0 8.52573690228
12150.0 8.53250235132
12160.0 8.53926655364
12170.0 8.5460295063
12180.0 8.55279120636
12190.0 8.5595516509
12200.0 8.566310837
12210.0 8.57306876175
12220.0 8.57982542223
12230.0 8.58658081555
12240.0 8.59333493879
12250.0 8.60008778907
12260.0 8.6068393635
12270.0 8.6135896592
12280.0 8.62033867329
12290.0 8.62708640291
12300.0 8.63383284518
12310.0 8.64057799726
12320.0 8.64732185628
12330.0 8.6540644194
12340.0 8.66080568379
12350.0 8.66754564662
12360.0 8.67428430504
12370.0 8.68102165625
12380.0 8.68775769744
12390.0 8.69449242579
12400.0 8.70122583851
12410.0 8.7079579328
12420.0 8.71468870588
12430.0 8.72141815496
12440.0 8.72814627729
12450.0 8.73487307009
12460.0 8.74159853061
12470.0 8.74832265609
12480.0 8.7550454438
12490.0 8.761766891
12500.0 8.76848699496
12510.0 8.77520575296
12520.0 8.7819231623
12530.0 8.78863922026
12540.0 8.79535392416
12550.0 8.8020672713
12560.0 8.80877925901
12570.0 8.8154898846
12580.0 8.82219914543
12590.0 8.82890703883
12600.0 8.83561356215
12610.0 8.84231871277
12620.0 8.84902248805
12630.0 8.85572488536
12640.0 8.8624259021
12650.0 8.86912553566
12660.0 8.87582378345
12670.0 8.88252064288
12680.0 8.88921611138
12690.0 8.89591018637
12700.0 8.90260286531
12710.0 8.90929414563
12720.0 8.91598402481
12730.0 8.9226725003
12740.0 8.9293595696
12750.0 8.93604523019
12760.0 8.94272947956
12770.0 8.94941231524
12780.0 8.95609373472
12790.0 8.96277373555
12800.0 8.96945231526
12810.0 8.9761294714
12820.0 8.98280520153
12830.0 8.98947950321
12840.0 8.99615237403
12850.0 9.00282381158