750.0 0.530600311148
760.0 0.53766968137
770.0 0.544739256661
780.0 0.551809028695
790.0 0.55887898957
800.0 0.565949131784
810.0 0.57301944821
820.0 0.580089932075
830.0 0.587160576936
840.0 0.594231376661
850.0 0.601302325411
860.0 0.608373417625
870.0 0.615444648
880.0 0.622516011478
890.0 0.629587503234
900.0 0.63665911866
910.0 0.643730853357
920.0 0.650802703119
930.0 0.657874663925
940.0 0.66494673193
950.0 0.672018903453
960.0 0.67909117497
970.0 0.686163543107
980.0 0.693236004631
990.0 0.700308556442
1000.0 0.707381195568
1010.0 0.714453919157
1020.0 0.721526724472
1030.0 0.728599608885
1040.0 0.735672569874
1050.0 0.742745605014
1060.0 0.749818711973
1070.0 0.756891888513
1080.0 0.763965132476
1090.0 0.771038441791
1100.0 0.778111814461
1110.0 0.785185248565
1120.0 0.792258742252
1130.0 0.799332293739
1140.0 0.806405901309
1150.0 0.813479563306
1160.0 0.820553278132
1170.0 0.827627044247
1180.0 0.834700860165
1190.0 0.841774724451
1200.0 0.84884863572
1210.0 0.855922592635
1220.0 0.862996593906
1230.0 0.870070638282
1240.0 0.877144724559
1250.0 0.884218851571
1260.0 0.891293018189
1270.0 0.898367223324
1280.0 0.905441465921
1290.0 0.912515744959
1300.0 0.919590059449
1310.0 0.926664408436
1320.0 0.933738790993
1330.0 0.940813206223
1340.0 0.947887653257
1350.0 0.954962131252
1360.0 0.962036639392
1370.0 0.969111176886
1380.0 0.976185742966
1390.0 0.983260336888
1400.0 0.990334957929
1410.0 0.99740960539
1420.0 1.00448427859
1430.0 1.01155897687
1440.0 1.01863369959
1450.0 1.02570844612
1460.0 1.03278321587
1470.0 1.03985800824
1480.0 1.04693282267
1490.0 1.05400765859
1500.0 1.06108251548
1510.0 1.0681573928
1520.0 1.07523229005
1530.0 1.08230720673
1540.0 1.08938214236
1550.0 1.09645709648
1560.0 1.10353206862
1570.0 1.11060705833
1580.0 1.1176820652
1590.0 1.1247570888
1600.0 1.13183212871
1610.0 1.13890718454
1620.0 1.14598225589
1630.0 1.1530573424
1640.0 1.16013244369
1650.0 1.1672075594
1660.0 1.17428268918
1670.0 1.18135783269
1680.0 1.18843298959
1690.0 1.19550815956
1700.0 1.20258334228
1710.0 1.20965853744
1720.0 1.21673374475
1730.0 1.2238089639
1740.0 1.23088419461
1750.0 1.23795943659
1760.0 1.24503468957
1770.0 1.25210995329
1780.0 1.25918522749
1790.0 1.2662605119
1800.0 1.27333580627
1810.0 1.28041111037
1820.0 1.28748642396
1830.0 1.29456174679
1840.0 1.30163707865
1850.0 1.30871241932
1860.0 1.31578776856
1870.0 1.32286312617
1880.0 1.32993849195
1890.0 1.33701386568
1900.0 1.34408924717
1910.0 1.35116463622
1920.0 1.35824003264
1930.0 1.36531543624
1940.0 1.37239084684
1950.0 1.37946626426
1960.0 1.38654168833
1970.0 1.39361711887
1980.0 1.40069255571
1990.0 1.40776799869
2000.0 1.41484344764
2010.0 1.4219189024
2020.0 1.42899436283
2030.0 1.43606982876
2040.0 1.44314530005
2050.0 1.45022077655
2060.0 1.45729625811
2070.0 1.4643717446
2080.0 1.47144723586
2090.0 1.47852273178
2100.0 1.48559823221
2110.0 1.49267373702
2120.0 1.49974924608
2130.0 1.50682475926
2140.0 1.51390027645
2150.0 1.52097579751
2160.0 1.52805132233
2170.0 1.53512685079
2180.0 1.54220238277
2190.0 1.54927791816
2200.0 1.55635345684
2210.0 1.5634289987
2220.0 1.57050454364
2230.0 1.57758009154
2240.0 1.58465564231
2250.0 1.59173119583
2260.0 1.59880675201
2270.0 1.60588231074
2280.0 1.61295787192
2290.0 1.62003343546
2300.0 1.62710900126
2310.0 1.63418456922
2320.0 1.64126013926
2330.0 1.64833571127
2340.0 1.65541128517
2350.0 1.66248686087
2360.0 1.66956243828
2370.0 1.6766380173
2380.0 1.68371359786
2390.0 1.69078917987
2400.0 1.69786476325
2410.0 1.7049403479
2420.0 1.71201593376
2430.0 1.71909152073
2440.0 1.72616710874
2450.0 1.73324269771
2460.0 1.74031828756
2470.0 1.74739387821
2480.0 1.75446946959
2490.0 1.76154506161
2500.0 1.76862065422
2510.0 1.77569624732
2520.0 1.78277184085
2530.0 1.78984743473
2540.0 1.7969230289
2550.0 1.80399862328
2560.0 1.81107421779
2570.0 1.81814981238
2580.0 1.82522540697
2590.0 1.83230100149
2600.0 1.83937659587
2610.0 1.84645219005
2620.0 1.85352778395
2630.0 1.86060337752
2640.0 1.86767897068
2650.0 1.87475456337
2660.0 1.88183015553
2670.0 1.88890574709
2680.0 1.89598133798
2690.0 1.90305692814
2700.0 1.91013251751
2710.0 1.91720810603
2720.0 1.92428369362
2730.0 1.93135928024
2740.0 1.93843486581
2750.0 1.94551045028
2760.0 1.95258603359
2770.0 1.95966161567
2780.0 1.96673719645
2790.0 1.9738127759
2800.0 1.98088835393
2810.0 1.98796393049
2820.0 1.99503950553
2830.0 2.00211507897
2840.0 2.00919065077
2850.0 2.01626622086
2860.0 2.02334178919
2870.0 2.03041735569
2880.0 2.03749292031
2890.0 2.04456848298
2900.0 2.05164404365
2910.0 2.05871960227
2920.0 2.06579515876
2930.0 2.07287071308
2940.0 2.07994626517
2950.0 2.08702181496
2960.0 2.09409736241
2970.0 2.10117290744
2980.0 2.10824845001
2990.0 2.11532399006
3000.0 2.12239952753
3010.0 2.12947506235
3020.0 2.13655059448
3030.0 2.14362612386
3040.0 2.15070165042
3050.0 2.15777717411
3060.0 2.16485269487
3070.0 2.17192821265
3080.0 2.17900372738
3090.0 2.18607923901
3100.0 2.19315474748
3110.0 2.20023025273
3120.0 2.20730575471
3130.0 2.21438125335
3140.0 2.22145674859
3150.0 2.22853224038
3160.0 2.23560772866
3170.0 2.24268321337
3180.0 2.24975869446
3190.0 2.25683417185
3200.0 2.26390964549
3210.0 2.27098511533
3220.0 2.2780605813
3230.0 2.28513604335
3240.0 2.29221150141
3250.0 2.29928695542
3260.0 2.30636240532
3270.0 2.31343785106
3280.0 2.32051329257
3290.0 2.32758872978
3300.0 2.33466416265
3310.0 2.3417395911
3320.0 2.34881501508
3330.0 2.35589043452
3340.0 2.36296584936
3350.0 2.37004125954
3360.0 2.377116665
3370.0 2.38419206567
3380.0 2.39126746149
3390.0 2.39834285239
3400.0 2.40541823831
3410.0 2.41249361919
3420.0 2.41956899496
3430.0 2.42664436556
3440.0 2.43371973092
3450.0 2.44079509097
3460.0 2.44787044566
3470.0 2.4549457949
3480.0 2.46202113865
3490.0 2.46909647682
3500.0 2.47617180935
3510.0 2.48324713618
3520.0 2.49032245723
3530.0 2.49739777244
3540.0 2.50447308174
3550.0 2.51154838505
3560.0 2.51862368232
3570.0 2.52569897346
3580.0 2.53277425841
3590.0 2.53984953709
3600.0 2.54692480944
3610.0 2.55400007537
3620.0 2.56107533483
3630.0 2.56815058773
3640.0 2.57522583401
3650.0 2.58230107359
3660.0 2.58937630638
3670.0 2.59645153233
3680.0 2.60352675135
3690.0 2.61060196337
3700.0 2.61767716831
3710.0 2.62475236609
3720.0 2.63182755664
3730.0 2.63890273988
3740.0 2.64597791573
3750.0 2.65305308411
3760.0 2.66012824494
3770.0 2.66720339814
3780.0 2.67427854363
3790.0 2.68135368133
3800.0 2.68842881115
3810.0 2.69550393302
3820.0 2.70257904685
3830.0 2.70965415256
3840.0 2.71672925005
3850.0 2.72380433926
3860.0 2.73087942009
3870.0 2.73795449245
3880.0 2.74502955626
3890.0 2.75210461144
3900.0 2.75917965789
3910.0 2.76625469552
3920.0 2.77332972425
3930.0 2.78040474398
3940.0 2.78747975462
3950.0 2.79455475609
3960.0 2.80162974829
3970.0 2.80870473113
3980.0 2.81577970451
3990.0 2.82285466835
4000.0 2.82992962253
4010.0 2.83700456698
4020.0 2.84407950159
4030.0 2.85115442627
4040.0 2.85822934091
4050.0 2.86530424542
4060.0 2.87237913971
4070.0 2.87945402366
4080.0 2.88652889718
4090.0 2.89360376017
4100.0 2.90067861253
4110.0 2.90775345415
4120.0 2.91482828492
4130.0 2.92190310475
4140.0 2.92897791352
4150.0 2.93605271114
4160.0 2.94312749749
4170.0 2.95020227246
4180.0 2.95727703595
4190.0 2.96435178785
4200.0 2.97142652804
4210.0 2.97850125642
4220.0 2.98557597287
4230.0 2.99265067728
4240.0 2.99972536953
4250.0 3.00680004951
4260.0 3.01387471711
4270.0 3.0209493722
4280.0 3.02802401467
4290.0 3.0350986444
4300.0 3.04217326127
4310.0 3.04924786516
4320.0 3.05632245595
4330.0 3.06339703352
4340.0 3.07047159774
4350.0 3.07754614849
4360.0 3.08462068564
4370.0 3.09169520906
4380.0 3.09876971864
4390.0 3.10584421424
4400.0 3.11291869573
4410.0 3.11999316298
4420.0 3.12706761586
4430.0 3.13414205423
4440.0 3.14121647798
4450.0 3.14829088695
4460.0 3.15536528101
4470.0 3.16243966004
4480.0 3.16951402388
4490.0 3.1765883724
4500.0 3.18366270547
4510.0 3.19073702293
4520.0 3.19781132466
4530.0 3.2048856105
4540.0 3.21195988031
4550.0 3.21903413394
4560.0 3.22610837126
4570.0 3.2331825921
4580.0 3.24025679633
4590.0 3.24733098379
4600.0 3.25440515434
4610.0 3.26147930781
4620.0 3.26855344406
4630.0 3.27562756292
4640.0 3.28270166426
4650.0 3.2897757479
4660.0 3.29684981369
4670.0 3.30392386147
4680.0 3.31099789108
4690.0 3.31807190236
4700.0 3.32514589514
4710.0 3.33221986926
4720.0 3.33929382456
4730.0 3.34636776086
4740.0 3.35344167799
4750.0 3.3605155758
4760.0 3.3675894541
4770.0 3.37466331273
4780.0 3.38173715151
4790.0 3.38881097026
4800.0 3.39588476882
4810.0 3.40295854699
4820.0 3.41003230461
4830.0 3.41710604149
4840.0 3.42417975745
4850.0 3.43125345231
4860.0 3.43832712588
4870.0 3.44540077798
4880.0 3.45247440841
4890.0 3.459548017
4900.0 3.46662160354
4910.0 3.47369516786
4920.0 3.48076870974
4930.0 3.48784222901
4940.0 3.49491572546
4950.0 3.50198919889
4960.0 3.50906264911
4970.0 3.51613607592
4980.0 3.52320947911
4990.0 3.53028285848
5000.0 3.53735621382
5010.0 3.54442954494
5020.0 3.55150285161
5030.0 3.55857613362
5040.0 3.56564939078
5050.0 3.57272262286
5060.0 3.57979582965
5070.0 3.58686901093
5080.0 3.59394216648
5090.0 3.6010152961
5100.0 3.60808839954
5110.0 3.6151614766
5120.0 3.62223452704
5130.0 3.62930755064
5140.0 3.63638054717
5150.0 3.6434535164
5160.0 3.65052645811
5170.0 3.65759937205
5180.0 3.66467225799
5190.0 3.6717451157
5200.0 3.67881794494
5210.0 3.68589074547
5220.0 3.69296351704
5230.0 3.70003625941
5240.0 3.70710897234
5250.0 3.71418165558
5260.0 3.72125430887
5270.0 3.72832693198
5280.0 3.73539952464
5290.0 3.74247208661
5300.0 3.74954461762
5310.0 3.75661711741
5320.0 3.76368958573
5330.0 3.77076202232
5340.0 3.77783442691
5350.0 3.78490679923
5360.0 3.79197913902
5370.0 3.799051446
5380.0 3.80612371991
5390.0 3.81319596047
5400.0 3.8202681674
5410.0 3.82734034043
5420.0 3.83441247928
5430.0 3.84148458367
5440.0 3.84855665331
5450.0 3.85562868791
5460.0 3.86270068719
5470.0 3.86977265086
5480.0 3.87684457863
5490.0 3.8839164702
5500.0 3.89098832527
5510.0 3.89806014356
5520.0 3.90513192475
5530.0 3.91220366854
5540.0 3.91927537464
5550.0 3.92634704272
5560.0 3.93341867249
5570.0 3.94049026364
5580.0 3.94756181584
5590.0 3.95463332879
5600.0 3.96170480216
5610.0 3.96877623564
5620.0 3.9758476289
5630.0 3.98291898162
5640.0 3.98999029347
5650.0 3.99706156412
5660.0 4.00413279325
5670.0 4.01120398051
5680.0 4.01827512557
5690.0 4.0253462281
5700.0 4.03241728774
5710.0 4.03948830417
5720.0 4.04655927703
5730.0 4.05363020597
5740.0 4.06070109064
5750.0 4.0677719307
5760.0 4.07484272579
5770.0 4.08191347554
5780.0 4.0889841796
5790.0 4.09605483761
5800.0 4.1031254492
5810.0 4.110196014
5820.0 4.11726653164
5830.0 4.12433700176
5840.0 4.13140742397
5850.0 4.13847779789
5860.0 4.14554812316
5870.0 4.15261839938
5880.0 4.15968862616
5890.0 4.16675880313
5900.0 4.17382892989
5910.0 4.18089900604
5920.0 4.1879690312
5930.0 4.19503900495
5940.0 4.20210892691
5950.0 4.20917879666
5960.0 4.21624861381
5970.0 4.22331837793
5980.0 4.23038808862
5990.0 4.23745774547
6000.0 4.24452734804
6010.0 4.25159689594
6020.0 4.25866638872
6030.0 4.26573582597
6040.0 4.27280520726
6050.0 4.27987453215
6060.0 4.28694380021
6070.0 4.294013011
6080.0 4.30108216409
6090.0 4.30815125902
6100.0 4.31522029536
6110.0 4.32228927264
6120.0 4.32935819043
6130.0 4.33642704827
6140.0 4.34349584569
6150.0 4.35056458225
6160.0 4.35763325746
6170.0 4.36470187087
6180.0 4.37177042201
6190.0 4.3788389104
6200.0 4.38590733556
6210.0 4.39297569703
6220.0 4.40004399431
6230.0 4.40711222692
6240.0 4.41418039437
6250.0 4.42124849617
6260.0 4.42831653183
6270.0 4.43538450084
6280.0 4.44245240271
6290.0 4.44952023693
6300.0 4.45658800299
6310.0 4.46365570039
6320.0 4.47072332861
6330.0 4.47779088712
6340.0 4.48485837542
6350.0 4.49192579298
6360.0 4.49899313927
6370.0 4.50606041375
6380.0 4.5131276159
6390.0 4.52019474518
6400.0 4.52726180105
6410.0 4.53432878296
6420.0 4.54139569037
6430.0 4.54846252272
6440.0 4.55552927947
6450.0 4.56259596005
6460.0 4.5696625639
6470.0 4.57672909046
6480.0 4.58379553916
6490.0 4.59086190943
6500.0 4.59792820069
6510.0 4.60499441237
6520.0 4.61206054388
6530.0 4.61912659463
6540.0 4.62619256405
6550.0 4.63325845152
6560.0 4.64032425647
6570.0 4.64738997828
6580.0 4.65445561636
6590.0 4.66152117009
6600.0 4.66858663886
6610.0 4.67565202206
6620.0 4.68271731908
6630.0 4.68978252928
6640.0 4.69684765204
6650.0 4.70391268674
6660.0 4.71097763273
6670.0 4.71804248939
6680.0 4.72510725606
6690.0 4.73217193211
6700.0 4.73923651688
6710.0 4.74630100972
6720.0 4.75336540997
6730.0 4.76042971698
6740.0 4.76749393008
6750.0 4.7745580486
6760.0 4.78162207187
6770.0 4.78868599921
6780.0 4.79574982994
6790.0 4.80281356337
6800.0 4.80987719882
6810.0 4.8169407356
6820.0 4.82400417301
6830.0 4.83106751034
6840.0 4.8381307469
6850.0 4.84519388196
6860.0 4.85225691483
6870.0 4.85931984479
6880.0 4.8663826711
6890.0 4.87344539305
6900.0 4.88050800991
6910.0 4.88757052094
6920.0 4.8946329254
6930.0 4.90169522256
6940.0 4.90875741166
6950.0 4.91581949196
6960.0 4.92288146269
6970.0 4.92994332311
6980.0 4.93700507244
6990.0 4.94406670992
7000.0 4.95112823478
7010.0 4.95818964623
7020.0 4.9652509435
7030.0 4.9723121258
7040.0 4.97937319234
7050.0 4.98643414233
7060.0 4.99349497497
7070.0 5.00055568945
7080.0 5.00761628497
7090.0 5.01467676071
7100.0 5.02173711585
7110.0 5.02879734958
7120.0 5.03585746107
7130.0 5.04291744949
7140.0 5.049977314
7150.0 5.05703705376
7160.0 5.06409666793
7170.0 5.07115615566
7180.0 5.0782155161
7190.0 5.08527474838
7200.0 5.09233385164
7210.0 5.09939282502
7220.0 5.10645166764
7230.0 5.11351037863
7240.0 5.1205689571
7250.0 5.12762740216
7260.0 5.13468571293
7270.0 5.14174388851
7280.0 5.14880192799
7290.0 5.15585983047
7300.0 5.16291759505
7310.0 5.16997522079
7320.0 5.17703270678
7330.0 5.1840900521
7340.0 5.19114725582
7350.0 5.19820431699
7360.0 5.20526123469
7370.0 5.21231800795
7380.0 5.21937463584
7390.0 5.2264311174
7400.0 5.23348745166
7410.0 5.24054363766
7420.0 5.24759967443
7430.0 5.254655561
7440.0 5.26171129637
7450.0 5.26876687957
7460.0 5.27582230961
7470.0 5.28287758549
7480.0 5.2899327062
7490.0 5.29698767074
7500.0 5.3040424781
7510.0 5.31109712727
7520.0 5.31815161721
7530.0 5.3252059469
7540.0 5.33226011531
7550.0 5.3393141214
7560.0 5.34636796413
7570.0 5.35342164244
7580.0 5.36047515529
7590.0 5.36752850161
7600.0 5.37458168034
7610.0 5.38163469041
7620.0 5.38868753075
7630.0 5.39574020026
7640.0 5.40279269788
7650.0 5.40984502249
7660.0 5.41689717302
7670.0 5.42394914834
7680.0 5.43100094737
7690.0 5.43805256897
7700.0 5.44510401204
7710.0 5.45215527545
7720.0 5.45920635806
7730.0 5.46625725875
7740.0 5.47330797637
7750.0 5.48035850976
7760.0 5.48740885779
7770.0 5.49445901929
7780.0 5.5015089931
7790.0 5.50855877805
7800.0 5.51560837296
7810.0 5.52265777665
7820.0 5.52970698794
7830.0 5.53675600563
7840.0 5.54380482852
7850.0 5.55085345541
7860.0 5.5579018851
7870.0 5.56495011636
7880.0 5.57199814797
7890.0 5.57904597871
7900.0 5.58609360734
7910.0 5.59314103263
7920.0 5.60018825333
7930.0 5.60723526819
7940.0 5.61428207596
7950.0 5.62132867536
7960.0 5.62837506514
7970.0 5.63542124402
7980.0 5.64246721071
7990.0 5.64951296394
8000.0 5.65655850241
8010.0 5.66360382483
8020.0 5.67064892988
8030.0 5.67769381626
8040.0 5.68473848266
8050.0 5.69178292775
8060.0 5.6988271502
8070.0 5.70587114868
8080.0 5.71291492185
8090.0 5.71995846836
8100.0 5.72700178687
8110.0 5.734044876
8120.0 5.7410877344
8130.0 5.7481303607
8140.0 5.75517275352
8150.0 5.76221491147
8160.0 5.76925683318
8170.0 5.77629851723
8180.0 5.78333996223
8190.0 5.79038116678
8200.0 5.79742212945
8210.0 5.80446284884
8220.0 5.8115033235
8230.0 5.81854355201
8240.0 5.82558353293
8250.0 5.83262326481
8260.0 5.83966274621
8270.0 5.84670197565
8280.0 5.85374095169
8290.0 5.86077967284
8300.0 5.86781813764
8310.0 5.87485634459
8320.0 5.88189429222
8330.0 5.88893197901
8340.0 5.89596940347
8350.0 5.90300656409
8360.0 5.91004345936
8370.0 5.91708008774
8380.0 5.92411644773
8390.0 5.93115253777
8400.0 5.93818835632
8410.0 5.94522390185
8420.0 5.9522591728
8430.0 5.9592941676
8440.0 5.96632888468
8450.0 5.97336332248
8460.0 5.98039747942
8470.0 5.9874313539
8480.0 5.99446494434
8490.0 6.00149824912
8500.0 6.00853126666
8510.0 6.01556399533
8520.0 6.02259643352
8530.0 6.02962857959
8540.0 6.03666043192
8550.0 6.04369198887
8560.0 6.05072324878
8570.0 6.05775421001
8580.0 6.0647848709
8590.0 6.07181522979
8600.0 6.07884528499
8610.0 6.08587503483
8620.0 6.09290447763
8630.0 6.09993361169
8640.0 6.10696243532
8650.0 6.1139909468
8660.0 6.12101914442
8670.0 6.12804702647
8680.0 6.13507459122
8690.0 6.14210183693
8700.0 6.14912876187
8710.0 6.15615536429
8720.0 6.16318164244
8730.0 6.17020759455
8740.0 6.17723321887
8750.0 6.18425851361
8760.0 6.19128347701
8770.0 6.19830810726
8780.0 6.20533240258
8790.0 6.21235636117
8800.0 6.21937998122
8810.0 6.22640326092
8820.0 6.23342619844
8830.0 6.24044879196
8840.0 6.24747103965
8850.0 6.25449293965
8860.0 6.26151449014
8870.0 6.26853568924
8880.0 6.27555653511
8890.0 6.28257702586
8900.0 6.28959715963
8910.0 6.29661693454
8920.0 6.30363634869
8930.0 6.31065540019
8940.0 6.31767408714
8950.0 6.32469240762
8960.0 6.33171035972
8970.0 6.33872794153
8980.0 6.3457451511
8990.0 6.3527619865
9000.0 6.3597784458
9010.0 6.36679452703
9020.0 6.37381022824
9030.0 6.38082554746
9040.0 6.38784048273
9050.0 6.39485503207
9060.0 6.40186919349
9070.0 6.40888296501
9080.0 6.41589634461
9090.0 6.4229093303
9100.0 6.42992192007
9110.0 6.43693411189
9120.0 6.44394590375
9130.0 6.4509572936
9140.0 6.4579682794
9150.0 6.46497885912
9160.0 6.4719890307
9170.0 6.47899879207
9180.0 6.48600814117
9190.0 6.49301707593
9200.0 6.50002559427
9210.0 6.50703369409
9220.0 6.5140413733
9230.0 6.52104862981
9240.0 6.5280554615
9250.0 6.53506186625
9260.0 6.54206784196
9270.0 6.54907338648
9280.0 6.55607849768
9290.0 6.56308317342
9300.0 6.57008741155
9310.0 6.57709120992
9320.0 6.58409456636
9330.0 6.59109747869
9340.0 6.59809994476
9350.0 6.60510196236
9360.0 6.61210352931
9370.0 6.61910464342
9380.0 6.62610530248
9390.0 6.63310550428
9400.0 6.6401052466
9410.0 6.64710452721
9420.0 6.6541033439
9430.0 6.66110169441
9440.0 6.66809957651
9450.0 6.67509698795
9460.0 6.68209392645
9470.0 6.68909038977
9480.0 6.69608637563
9490.0 6.70308188176
9500.0 6.71007690586
9510.0 6.71707144564
9520.0 6.72406549881
9530.0 6.73105906306
9540.0 6.73805213609
9550.0 6.74504471557
9560.0 6.75203679917
9570.0 6.75902838457
9580.0 6.76601946943
9590.0 6.7730100514
9600.0 6.78000012813
9610.0 6.78698969726
9620.0 6.79397875644
9630.0 6.80096730328
9640.0 6.80795533541
9650.0 6.81494285044
9660.0 6.82192984599
9670.0 6.82891631966
9680.0 6.83590226904
9690.0 6.84288769172
9700.0 6.84987258528
9710.0 6.85685694731
9720.0 6.86384077537
9730.0 6.87082406702
9740.0 6.87780681983
9750.0 6.88478903134
9760.0 6.89177069909
9770.0 6.89875182063
9780.0 6.90573239349
9790.0 6.91271241518
9800.0 6.91969188324
9810.0 6.92667079517
9820.0 6.93364914848
9830.0 6.94062694066
9840.0 6.94760416921
9850.0 6.95458083163
9860.0 6.96155692538
9870.0 6.96853244794
9880.0 6.97550739679
9890.0 6.98248176938
9900.0 6.98945556317
9910.0 6.99642877561
9920.0 7.00340140415
9930.0 7.01037344621
9940.0 7.01734489924
9950.0 7.02431576065
9960.0 7.03128602787
9970.0 7.03825569831
9980.0 7.04522476938
9990.0 7.05219323847
10000.0 7.05916110298
10010.0 7.06612836031
10020.0 7.07309500783
10030.0 7.08006104292
10040.0 7.08702646295
10050.0 7.0939912653
10060.0 7.10095544731
10070.0 7.10791900634
10080.0 7.11488193973
10090.0 7.12184424484
10100.0 7.128805919
10110.0 7.13576695953
10120.0 7.14272736376
10130.0 7.14968712902
10140.0 7.1566462526
10150.0 7.16360473183
10160.0 7.170562564
10170.0 7.17751974642
10180.0 7.18447627636
10190.0 7.19143215111
10200.0 7.19838736796
10210.0 7.20534192418
10220.0 7.21229581704
10230.0 7.2192490438
10240.0 7.22620160171
10250.0 7.23315348804
10260.0 7.24010470002
10270.0 7.2470552349
10280.0 7.25400508992
10290.0 7.26095426231
10300.0 7.26790274928
10310.0 7.27485054807
10320.0 7.28179765589
10330.0 7.28874406994
10340.0 7.29568978744
10350.0 7.30263480557
10360.0 7.30957912155
10370.0 7.31652273255
10380.0 7.32346563577
10390.0 7.33040782837
10400.0 7.33734930755
10410.0 7.34429007045
10420.0 7.35123011426
10430.0 7.35816943613
10440.0 7.36510803321
10450.0 7.37204590266
10460.0 7.37898304163
10470.0 7.38591944724
10480.0 7.39285511665
10490.0 7.39979004697
10500.0 7.40672423534
10510.0 7.41365767888
10520.0 7.42059037471
10530.0 7.42752231994
10540.0 7.43445351168
10550.0 7.44138394703
10560.0 7.4483136231
10570.0 7.45524253697
10580.0 7.46217068575
10590.0 7.46909806651
10600.0 7.47602467634
10610.0 7.48295051232
10620.0 7.48987557153
10630.0 7.49679985102
10640.0 7.50372334787
10650.0 7.51064605915
10660.0 7.5175679819
10670.0 7.52448911318
10680.0 7.53140945004
10690.0 7.53832898954
10700.0 7.5452477287
10710.0 7.55216566457
10720.0 7.55908279418
10730.0 7.56599911456
10740.0 7.57291462275
10750.0 7.57982931575
10760.0 7.58674319061
10770.0 7.59365624431
10780.0 7.6005684739
10790.0 7.60747987636
10800.0 7.61439044871
10810.0 7.62130018794
10820.0 7.62820909107
10830.0 7.63511715507
10840.0 7.64202437696
10850.0 7.6489307537
10860.0 7.6558362823
10870.0 7.66274095973
10880.0 7.66964478297
10890.0 7.676547749
10900.0 7.68344985479
10910.0 7.69035109732
10920.0 7.69725147354
10930.0 7.70415098043
10940.0 7.71104961495
10950.0 7.71794737406
10960.0 7.72484425471
10970.0 7.73174025385
10980.0 7.73863536844
10990.0 7.74552959543
11000.0 7.75242293177
11010.0 7.75931537439
11020.0 7.76620692023
11030.0 7.77309756625
11040.0 7.77998730936
11050.0 7.78687614652
11060.0 7.79376407464
11070.0 7.80065109066
11080.0 7.80753719151
11090.0 7.81442237411
11100.0 7.82130663539
11110.0 7.82818997227
11120.0 7.83507238166
11130.0 7.84195386049
11140.0 7.84883440567
11150.0 7.85571401412
11160.0 7.86259268274
11170.0 7.86947040846
11180.0 7.87634718817
11190.0 7.88322301879
11200.0 7.89009789723
11210.0 7.89697182038
11220.0 7.90384478516
11230.0 7.91071678845
11240.0 7.91758782718
11250.0 7.92445789823
11260.0 7.9313269985
11270.0 7.9381951249
11280.0 7.94506227431
11290.0 7.95192844364
11300.0 7.95879362978
11310.0 7.96565782961
11320.0 7.97252104005
11330.0 7.97938325797
11340.0 7.98624448027
11350.0 7.99310470384
11360.0 7.99996392557
11370.0 8.00682214235
11380.0 8.01367935107
11390.0 8.02053554863
11400.0 8.02739073189
11410.0 8.03424489777
11420.0 8.04109804314
11430.0 8.04795016489
11440.0 8.05480125992
11450.0 8.0616513251
11460.0 8.06850035733
11470.0 8.0753483535
11480.0 8.08219531049
11490.0 8.08904122519
11500.0 8.0958860945
11510.0 8.10272991529
11520.0 8.10957268447
11530.0 8.11641439892
11540.0 8.12325505552
11550.0 8.13009465118
11560.0 8.13693318279
11570.0 8.14377064723
11580.0 8.1506070414
11590.0 8.1574423622
11600.0 8.16427660652
11610.0 8.17110977126
11620.0 8.17794185331
11630.0 8.18477284958
11640.0 8.19160275695
11650.0 8.19843157235
11660.0 8.20525929265
11670.0 8.21208591478
11680.0 8.21891143564
11690.0 8.22573585212
11700.0 8.23255916115
11710.0 8.23938135962
11720.0 8.24620244446
11730.0 8.25302241258
11740.0 8.25984126089
11750.0 8.2666589863
11760.0 8.27347558575
11770.0 8.28029105614
11780.0 8.28710539441
11790.0 8.29391859747
11800.0 8.30073066227
11810.0 8.30754158572
11820.0 8.31435136476
11830.0 8.32115999633
11840.0 8.32796747737
11850.0 8.33477380481
11860.0 8.34157897559
11870.0 8.34838298668
11880.0 8.355185835
11890.0 8.36198751753
11900.0 8.3687880312
11910.0 8.37558737298
11920.0 8.38238553984
11930.0 8.38918252872
11940.0 8.39597833661
11950.0 8.40277296047
11960.0 8.40956639728
11970.0 8.41635864402
11980.0 8.42314969766
11990.0 8.4299395552
12000.0 8.43672821362
12010.0 8.44351566991
12020.0 8.45030192107
12030.0 8.45708696411
12040.0 8.46387079602
12050.0 8.47065341382
12060.0 8.47743481451
12070.0 8.48421499512
12080.0 8.49099395267
12090.0 8.49777168418
12100.0 8.50454818668
12110.0 8.51132345721
12120.0 8.51809749281
12130.0 8.52487029052
12140.0 8.53164184739
12150.0 8.53841216048
12160.0 8.54518122683
12170.0 8.55194904353
12180.0 8.55871560763
12190.0 8.56548091622
12200.0 8.57224496636
12210.0 8.57900775515
12220.0 8.58576927967
12230.0 8.59252953702
12240.0 8.59928852431
12250.0 8.60604623863
12260.0 8.6128026771
12270.0 8.61955783684
12280.0 8.62631171497
12290.0 8.63306430863
12300.0 8.63981561494
12310.0 8.64656563106
12320.0 8.65331435412
12330.0 8.66006178129
12340.0 8.66680790972
12350.0 8.67355273658
12360.0 8.68029625905
12370.0 8.6870384743
12380.0 8.69377937952
12390.0 8.70051897191
12400.0 8.70725724867
12410.0 8.713994207
12420.0 8.72072984412
12430.0 8.72746415725
12440.0 8.73419714362
12450.0 8.74092880046
12460.0 8.74765912502
12470.0 8.75438811454
12480.0 8.76111576629
12490.0 8.76784207753
12500.0 8.77456704553
12510.0 8.78129066757
12520.0 8.78801294095
12530.0 8.79473386296
12540.0 8.80145343089
12550.0 8.80817164207
12560.0 8.81488849382
12570.0 8.82160398346
12580.0 8.82831810832
12590.0 8.83503086576
12600.0 8.84174225313
12610.0 8.84845226779
12620.0 8.8551609071
12630.0 8.86186816845
12640.0 8.86857404923
12650.0 8.87527854684
12660.0 8.88198165867
12670.0 8.88868338214
12680.0 8.89538371467
12690.0 8.90208265371
12700.0 8.90878019669
12710.0 8.91547634105
12720.0 8.92217108427
12730.0 8.92886442381
12740.0 8.93555635714
12750.0 8.94224688177
12760.0 8.94893599519
12770.0 8.9556236949
12780.0 8.96230997842
12790.0 8.96899484329
12800.0 8.97567828704
12810.0 8.98236030723
12820.0 8.98904090139
12830.0 8.99572006712
12840.0 9.00239780198
12850.0 9.00907410357