750.0 0.530477502586
760.0 0.537545235359
770.0 0.544613173204
780.0 0.55168130779
790.0 0.558749631217
800.0 0.565818135983
810.0 0.572886814962
820.0 0.57995566138
830.0 0.587024668793
840.0 0.594093831071
850.0 0.601163142374
860.0 0.60823259714
870.0 0.615302190067
880.0 0.622371916097
890.0 0.629441770406
900.0 0.636511748385
910.0 0.643581845635
920.0 0.650652057949
930.0 0.657722381308
940.0 0.664792811865
950.0 0.67186334594
960.0 0.67893398001
970.0 0.6860047107
980.0 0.693075534776
990.0 0.70014644914
1000.0 0.707217450818
1010.0 0.714288536959
1020.0 0.721359704826
1030.0 0.728430951792
1040.0 0.735502275334
1050.0 0.742573673026
1060.0 0.749645142538
1070.0 0.75671668163
1080.0 0.763788288146
1090.0 0.770859960013
1100.0 0.777931695236
1110.0 0.785003491892
1120.0 0.792075348131
1130.0 0.799147262171
1140.0 0.806219232294
1150.0 0.813291256843
1160.0 0.820363334222
1170.0 0.827435462889
1180.0 0.834507641359
1190.0 0.841579868198
1200.0 0.84865214202
1210.0 0.855724461488
1220.0 0.86279682531
1230.0 0.869869232239
1240.0 0.876941681069
1250.0 0.884014170633
1260.0 0.891086699804
1270.0 0.898159267491
1280.0 0.905231872641
1290.0 0.912304514231
1300.0 0.919377191274
1310.0 0.926449902813
1320.0 0.933522647923
1330.0 0.940595425705
1340.0 0.947668235292
1350.0 0.954741075839
1360.0 0.961813946532
1370.0 0.968886846578
1380.0 0.975959775211
1390.0 0.983032731685
1400.0 0.990105715279
1410.0 0.997178725292
1420.0 1.00425176105
1430.0 1.01132482188
1440.0 1.01839790715
1450.0 1.02547101623
1460.0 1.03254414853
1470.0 1.03961730346
1480.0 1.04669048043
1490.0 1.05376367891
1500.0 1.06083689835
1510.0 1.06791013823
1520.0 1.07498339803
1530.0 1.08205667726
1540.0 1.08912997545
1550.0 1.09620329212
1560.0 1.10327662681
1570.0 1.11034997908
1580.0 1.1174233485
1590.0 1.12449673464
1600.0 1.13157013711
1610.0 1.13864355549
1620.0 1.1457169894
1630.0 1.15279043846
1640.0 1.1598639023
1650.0 1.16693738056
1660.0 1.17401087289
1670.0 1.18108437895
1680.0 1.18815789841
1690.0 1.19523143093
1700.0 1.2023049762
1710.0 1.20937853392
1720.0 1.21645210378
1730.0 1.22352568548
1740.0 1.23059927874
1750.0 1.23767288328
1760.0 1.24474649881
1770.0 1.25182012509
1780.0 1.25889376183
1790.0 1.26596740879
1800.0 1.27304106572
1810.0 1.28011473238
1820.0 1.28718840851
1830.0 1.2942620939
1840.0 1.30133578831
1850.0 1.30840949153
1860.0 1.31548320332
1870.0 1.32255692349
1880.0 1.32963065182
1890.0 1.3367043881
1900.0 1.34377813214
1910.0 1.35085188374
1920.0 1.35792564272
1930.0 1.36499940887
1940.0 1.37207318203
1950.0 1.379146962
1960.0 1.38622074862
1970.0 1.39329454171
1980.0 1.4003683411
1990.0 1.40744214663
2000.0 1.41451595814
2010.0 1.42158977546
2020.0 1.42866359843
2030.0 1.43573742692
2040.0 1.44281126076
2050.0 1.44988509981
2060.0 1.45695894393
2070.0 1.46403279296
2080.0 1.47110664678
2090.0 1.47818050525
2100.0 1.48525436823
2110.0 1.49232823559
2120.0 1.49940210721
2130.0 1.50647598295
2140.0 1.51354986269
2150.0 1.5206237463
2160.0 1.52769763367
2170.0 1.53477152468
2180.0 1.54184541921
2190.0 1.54891931715
2200.0 1.55599321839
2210.0 1.5630671228
2220.0 1.57014103029
2230.0 1.57721494075
2240.0 1.58428885407
2250.0 1.59136277014
2260.0 1.59843668887
2270.0 1.60551061015
2280.0 1.61258453389
2290.0 1.61965845998
2300.0 1.62673238833
2310.0 1.63380631885
2320.0 1.64088025144
2330.0 1.647954186
2340.0 1.65502812246
2350.0 1.66210206071
2360.0 1.66917600066
2370.0 1.67624994224
2380.0 1.68332388536
2390.0 1.69039782992
2400.0 1.69747177584
2410.0 1.70454572305
2420.0 1.71161967146
2430.0 1.71869362098
2440.0 1.72576757155
2450.0 1.73284152307
2460.0 1.73991547547
2470.0 1.74698942868
2480.0 1.75406338261
2490.0 1.76113733719
2500.0 1.76821129234
2510.0 1.775285248
2520.0 1.78235920408
2530.0 1.78943316051
2540.0 1.79650711723
2550.0 1.80358107416
2560.0 1.81065503123
2570.0 1.81772898837
2580.0 1.82480294551
2590.0 1.83187690258
2600.0 1.83895085952
2610.0 1.84602481625
2620.0 1.85309877271
2630.0 1.86017272883
2640.0 1.86724668454
2650.0 1.87432063979
2660.0 1.88139459449
2670.0 1.8884685486
2680.0 1.89554250205
2690.0 1.90261645476
2700.0 1.90969040668
2710.0 1.91676435775
2720.0 1.9238383079
2730.0 1.93091225707
2740.0 1.9379862052
2750.0 1.94506015222
2760.0 1.95213409808
2770.0 1.95920804271
2780.0 1.96628198605
2790.0 1.97335592804
2800.0 1.98042986863
2810.0 1.98750380774
2820.0 1.99457774533
2830.0 2.00165168133
2840.0 2.00872561568
2850.0 2.01579954832
2860.0 2.0228734792
2870.0 2.02994740826
2880.0 2.03702133542
2890.0 2.04409526065
2900.0 2.05116918388
2910.0 2.05824310504
2920.0 2.06531702409
2930.0 2.07239094096
2940.0 2.0794648556
2950.0 2.08653876795
2960.0 2.09361267795
2970.0 2.10068658554
2980.0 2.10776049066
2990.0 2.11483439326
3000.0 2.12190829328
3010.0 2.12898219066
3020.0 2.13605608534
3030.0 2.14312997726
3040.0 2.15020386638
3050.0 2.15727775262
3060.0 2.16435163594
3070.0 2.17142551627
3080.0 2.17849939355
3090.0 2.18557326774
3100.0 2.19264713876
3110.0 2.19972100656
3120.0 2.20679487109
3130.0 2.21386873228
3140.0 2.22094259008
3150.0 2.22801644442
3160.0 2.23509029525
3170.0 2.24216414252
3180.0 2.24923798615
3190.0 2.2563118261
3200.0 2.26338566229
3210.0 2.27045949468
3220.0 2.27753332321
3230.0 2.28460714781
3240.0 2.29168096842
3250.0 2.29875478498
3260.0 2.30582859744
3270.0 2.31290240573
3280.0 2.31997620978
3290.0 2.32705000955
3300.0 2.33412380497
3310.0 2.34119759598
3320.0 2.34827138251
3330.0 2.3553451645
3340.0 2.3624189419
3350.0 2.36949271463
3360.0 2.37656648264
3370.0 2.38364024586
3380.0 2.39071400423
3390.0 2.39778775768
3400.0 2.40486150616
3410.0 2.41193524959
3420.0 2.41900898791
3430.0 2.42608272106
3440.0 2.43315644898
3450.0 2.44023017158
3460.0 2.44730388882
3470.0 2.45437760062
3480.0 2.46145130691
3490.0 2.46852500764
3500.0 2.47559870273
3510.0 2.48267239211
3520.0 2.48974607571
3530.0 2.49681975347
3540.0 2.50389342532
3550.0 2.51096709119
3560.0 2.51804075101
3570.0 2.5251144047
3580.0 2.5321880522
3590.0 2.53926169343
3600.0 2.54633532833
3610.0 2.55340895682
3620.0 2.56048257883
3630.0 2.56755619429
3640.0 2.57462980312
3650.0 2.58170340525
3660.0 2.5887770006
3670.0 2.5958505891
3680.0 2.60292417067
3690.0 2.60999774524
3700.0 2.61707131273
3710.0 2.62414487307
3720.0 2.63121842617
3730.0 2.63829197196
3740.0 2.64536551036
3750.0 2.6524390413
3760.0 2.65951256468
3770.0 2.66658608043
3780.0 2.67365958847
3790.0 2.68073308872
3800.0 2.6878065811
3810.0 2.69488006552
3820.0 2.7019535419
3830.0 2.70902701016
3840.0 2.71610047021
3850.0 2.72317392197
3860.0 2.73024736535
3870.0 2.73732080027
3880.0 2.74439422663
3890.0 2.75146764436
3900.0 2.75854105336
3910.0 2.76561445355
3920.0 2.77268784482
3930.0 2.77976122711
3940.0 2.78683460031
3950.0 2.79390796433
3960.0 2.80098131908
3970.0 2.80805466447
3980.0 2.81512800041
3990.0 2.82220132679
4000.0 2.82927464353
4010.0 2.83634795053
4020.0 2.84342124769
4030.0 2.85049453492
4040.0 2.85756781212
4050.0 2.86464107919
4060.0 2.87171433602
4070.0 2.87878758253
4080.0 2.8858608186
4090.0 2.89293404415
4100.0 2.90000725905
4110.0 2.90708046322
4120.0 2.91415365655
4130.0 2.92122683893
4140.0 2.92830001026
4150.0 2.93537317042
4160.0 2.94244631933
4170.0 2.94951945685
4180.0 2.9565925829
4190.0 2.96366569735
4200.0 2.97073880009
4210.0 2.97781189102
4220.0 2.98488497002
4230.0 2.99195803698
4240.0 2.99903109179
4250.0 3.00610413432
4260.0 3.01317716447
4270.0 3.02025018211
4280.0 3.02732318714
4290.0 3.03439617942
4300.0 3.04146915885
4310.0 3.04854212529
4320.0 3.05561507863
4330.0 3.06268801875
4340.0 3.06976094552
4350.0 3.07683385882
4360.0 3.08390675853
4370.0 3.09097964451
4380.0 3.09805251663
4390.0 3.10512537478
4400.0 3.11219821882
4410.0 3.11927104863
4420.0 3.12634386406
4430.0 3.13341666499
4440.0 3.14048945128
4450.0 3.14756222281
4460.0 3.15463497943
4470.0 3.161707721
4480.0 3.1687804474
4490.0 3.17585315847
4500.0 3.18292585409
4510.0 3.18999853411
4520.0 3.19707119839
4530.0 3.20414384678
4540.0 3.21121647914
4550.0 3.21828909533
4560.0 3.22536169519
4570.0 3.23243427859
4580.0 3.23950684537
4590.0 3.24657939539
4600.0 3.25365192848
4610.0 3.26072444451
4620.0 3.26779694331
4630.0 3.27486942473
4640.0 3.28194188862
4650.0 3.28901433481
4660.0 3.29608676315
4670.0 3.30315917349
4680.0 3.31023156565
4690.0 3.31730393948
4700.0 3.32437629481
4710.0 3.33144863149
4720.0 3.33852094933
4730.0 3.34559324819
4740.0 3.35266552788
4750.0 3.35973778824
4760.0 3.36681002909
4770.0 3.37388225027
4780.0 3.3809544516
4790.0 3.38802663291
4800.0 3.39509879402
4810.0 3.40217093474
4820.0 3.40924305491
4830.0 3.41631515435
4840.0 3.42338723286
4850.0 3.43045929027
4860.0 3.43753132639
4870.0 3.44460334104
4880.0 3.45167533403
4890.0 3.45874730517
4900.0 3.46581925427
4910.0 3.47289118113
4920.0 3.47996308557
4930.0 3.48703496739
4940.0 3.49410682639
4950.0 3.50117866238
4960.0 3.50825047515
4970.0 3.51532226451
4980.0 3.52239403025
4990.0 3.52946577218
5000.0 3.53653749007
5010.0 3.54360918374
5020.0 3.55068085296
5030.0 3.55775249753
5040.0 3.56482411724
5050.0 3.57189571187
5060.0 3.57896728121
5070.0 3.58603882505
5080.0 3.59311034315
5090.0 3.60018183532
5100.0 3.60725330131
5110.0 3.61432474092
5120.0 3.62139615391
5130.0 3.62846754007
5140.0 3.63553889915
5150.0 3.64261023094
5160.0 3.6496815352
5170.0 3.65675281169
5180.0 3.66382406019
5190.0 3.67089528045
5200.0 3.67796647224
5210.0 3.68503763532
5220.0 3.69210876944
5230.0 3.69917987437
5240.0 3.70625094985
5250.0 3.71332199564
5260.0 3.72039301149
5270.0 3.72746399715
5280.0 3.73453495236
5290.0 3.74160587688
5300.0 3.74867677044
5310.0 3.75574763279
5320.0 3.76281846366
5330.0 3.7698892628
5340.0 3.77696002994
5350.0 3.78403076481
5360.0 3.79110146715
5370.0 3.79817213669
5380.0 3.80524277315
5390.0 3.81231337626
5400.0 3.81938394575
5410.0 3.82645448134
5420.0 3.83352498274
5430.0 3.84059544968
5440.0 3.84766588187
5450.0 3.85473627902
5460.0 3.86180664086
5470.0 3.86887696708
5480.0 3.8759472574
5490.0 3.88301751152
5500.0 3.89008772915
5510.0 3.89715790998
5520.0 3.90422805373
5530.0 3.91129816007
5540.0 3.91836822872
5550.0 3.92543825936
5560.0 3.93250825168
5570.0 3.93957820538
5580.0 3.94664812014
5590.0 3.95371799563
5600.0 3.96078783156
5610.0 3.96785762759
5620.0 3.9749273834
5630.0 3.98199709868
5640.0 3.98906677308
5650.0 3.99613640629
5660.0 4.00320599796
5670.0 4.01027554778
5680.0 4.01734505539
5690.0 4.02441452047
5700.0 4.03148394267
5710.0 4.03855332164
5720.0 4.04562265705
5730.0 4.05269194855
5740.0 4.05976119578
5750.0 4.06683039839
5760.0 4.07389955602
5770.0 4.08096866833
5780.0 4.08803773494
5790.0 4.0951067555
5800.0 4.10217572964
5810.0 4.109244657
5820.0 4.11631353719
5830.0 4.12338236986
5840.0 4.13045115462
5850.0 4.1375198911
5860.0 4.14458857892
5870.0 4.15165721769
5880.0 4.15872580703
5890.0 4.16579434655
5900.0 4.17286283586
5910.0 4.17993127457
5920.0 4.18699966228
5930.0 4.19406799859
5940.0 4.20113628309
5950.0 4.2082045154
5960.0 4.2152726951
5970.0 4.22234082177
5980.0 4.22940889501
5990.0 4.23647691441
6000.0 4.24354487954
6010.0 4.25061278999
6020.0 4.25768064533
6030.0 4.26474844513
6040.0 4.27181618897
6050.0 4.27888387641
6060.0 4.28595150702
6070.0 4.29301908037
6080.0 4.30008659601
6090.0 4.30715405349
6100.0 4.31422145238
6110.0 4.32128879222
6120.0 4.32835607256
6130.0 4.33542329295
6140.0 4.34249045293
6150.0 4.34955755203
6160.0 4.3566245898
6170.0 4.36369156576
6180.0 4.37075847945
6190.0 4.37782533039
6200.0 4.38489211811
6210.0 4.39195884213
6220.0 4.39902550196
6230.0 4.40609209712
6240.0 4.41315862713
6250.0 4.42022509148
6260.0 4.42729148969
6270.0 4.43435782126
6280.0 4.44142408568
6290.0 4.44849028245
6300.0 4.45555641107
6310.0 4.46262247102
6320.0 4.46968846178
6330.0 4.47675438285
6340.0 4.48382023371
6350.0 4.49088601381
6360.0 4.49795172265
6370.0 4.50501735969
6380.0 4.5120829244
6390.0 4.51914841623
6400.0 4.52621383465
6410.0 4.53327917911
6420.0 4.54034444907
6430.0 4.54740964398
6440.0 4.55447476328
6450.0 4.56153980641
6460.0 4.56860477281
6470.0 4.57566966193
6480.0 4.58273447318
6490.0 4.589799206
6500.0 4.59686385982
6510.0 4.60392843404
6520.0 4.61099292811
6530.0 4.61805734141
6540.0 4.62512167338
6550.0 4.63218592341
6560.0 4.63925009091
6570.0 4.64631417527
6580.0 4.6533781759
6590.0 4.66044209218
6600.0 4.66750592351
6610.0 4.67456966926
6620.0 4.68163332883
6630.0 4.68869690159
6640.0 4.6957603869
6650.0 4.70282378415
6660.0 4.7098870927
6670.0 4.7169503119
6680.0 4.72401344113
6690.0 4.73107647973
6700.0 4.73813942705
6710.0 4.74520228244
6720.0 4.75226504525
6730.0 4.75932771481
6740.0 4.76639029047
6750.0 4.77345277154
6760.0 4.78051515736
6770.0 4.78757744725
6780.0 4.79463964053
6790.0 4.80170173652
6800.0 4.80876373452
6810.0 4.81582563385
6820.0 4.82288743381
6830.0 4.8299491337
6840.0 4.8370107328
6850.0 4.84407223042
6860.0 4.85113362585
6870.0 4.85819491835
6880.0 4.86525610722
6890.0 4.87231719172
6900.0 4.87937817113
6910.0 4.88643904471
6920.0 4.89349981173
6930.0 4.90056047144
6940.0 4.90762102309
6950.0 4.91468146594
6960.0 4.92174179923
6970.0 4.9288020222
6980.0 4.93586213408
6990.0 4.94292213412
7000.0 4.94998202152
7010.0 4.95704179553
7020.0 4.96410145535
7030.0 4.97116100021
7040.0 4.9782204293
7050.0 4.98527974184
7060.0 4.99233893703
7070.0 4.99939801406
7080.0 5.00645697213
7090.0 5.01351581043
7100.0 5.02057452812
7110.0 5.02763312441
7120.0 5.03469159845
7130.0 5.04174994942
7140.0 5.04880817648
7150.0 5.0558662788
7160.0 5.06292425552
7170.0 5.0699821058
7180.0 5.07703982879
7190.0 5.08409742362
7200.0 5.09115488944
7210.0 5.09821222537
7220.0 5.10526943055
7230.0 5.11232650408
7240.0 5.11938344511
7250.0 5.12644025272
7260.0 5.13349692605
7270.0 5.14055346417
7280.0 5.14760986621
7290.0 5.15466613124
7300.0 5.16172225837
7310.0 5.16877824666
7320.0 5.17583409521
7330.0 5.18288980308
7340.0 5.18994536935
7350.0 5.19700079308
7360.0 5.20405607333
7370.0 5.21111120915
7380.0 5.21816619959
7390.0 5.22522104369
7400.0 5.23227574051
7410.0 5.23933028906
7420.0 5.24638468838
7430.0 5.2534389375
7440.0 5.26049303543
7450.0 5.26754698118
7460.0 5.27460077377
7470.0 5.2816544122
7480.0 5.28870789547
7490.0 5.29576122256
7500.0 5.30281439248
7510.0 5.30986740419
7520.0 5.31692025668
7530.0 5.32397294893
7540.0 5.33102547989
7550.0 5.33807784853
7560.0 5.34513005381
7570.0 5.35218209468
7580.0 5.35923397008
7590.0 5.36628567896
7600.0 5.37333722024
7610.0 5.38038859286
7620.0 5.38743979575
7630.0 5.39449082782
7640.0 5.40154168798
7650.0 5.40859237515
7660.0 5.41564288823
7670.0 5.42269322611
7680.0 5.42974338769
7690.0 5.43679337184
7700.0 5.44384317747
7710.0 5.45089280342
7720.0 5.45794224859
7730.0 5.46499151183
7740.0 5.472040592
7750.0 5.47908948795
7760.0 5.48613819853
7770.0 5.49318672258
7780.0 5.50023505894
7790.0 5.50728320644
7800.0 5.51433116391
7810.0 5.52137893015
7820.0 5.52842650399
7830.0 5.53547388423
7840.0 5.54252106968
7850.0 5.54956805912
7860.0 5.55661485136
7870.0 5.56366144517
7880.0 5.57070783934
7890.0 5.57775403263
7900.0 5.58480002382
7910.0 5.59184581166
7920.0 5.59889139491
7930.0 5.60593677232
7940.0 5.61298194264
7950.0 5.6200269046
7960.0 5.62707165693
7970.0 5.63411619836
7980.0 5.64116052761
7990.0 5.64820464339
8000.0 5.65524854441
8010.0 5.66229222938
8020.0 5.66933569698
8030.0 5.67637894592
8040.0 5.68342197487
8050.0 5.69046478251
8060.0 5.69750736751
8070.0 5.70454972855
8080.0 5.71159186427
8090.0 5.71863377333
8100.0 5.72567545439
8110.0 5.73271690608
8120.0 5.73975812703
8130.0 5.74679911588
8140.0 5.75383987125
8150.0 5.76088039176
8160.0 5.76792067601
8170.0 5.77496072262
8180.0 5.78200053018
8190.0 5.78904009728
8200.0 5.7960794225
8210.0 5.80311850444
8220.0 5.81015734165
8230.0 5.81719593271
8240.0 5.82423427619
8250.0 5.83127237062
8260.0 5.83831021457
8270.0 5.84534780657
8280.0 5.85238514516
8290.0 5.85942222886
8300.0 5.86645905621
8310.0 5.87349562572
8320.0 5.88053193589
8330.0 5.88756798524
8340.0 5.89460377225
8350.0 5.90163929543
8360.0 5.90867455324
8370.0 5.91570954418
8380.0 5.92274426672
8390.0 5.92977871931
8400.0 5.93681290042
8410.0 5.9438468085
8420.0 5.950880442
8430.0 5.95791379935
8440.0 5.96494687899
8450.0 5.97197967934
8460.0 5.97901219883
8470.0 5.98604443587
8480.0 5.99307638885
8490.0 6.00010805619
8500.0 6.00713943628
8510.0 6.01417052751
8520.0 6.02120132824
8530.0 6.02823183687
8540.0 6.03526205175
8550.0 6.04229197125
8560.0 6.04932159372
8570.0 6.0563509175
8580.0 6.06337994095
8590.0 6.07040866238
8600.0 6.07743708014
8610.0 6.08446519253
8620.0 6.09149299789
8630.0 6.0985204945
8640.0 6.10554768067
8650.0 6.11257455471
8660.0 6.11960111488
8670.0 6.12662735948
8680.0 6.13365328678
8690.0 6.14067889505
8700.0 6.14770418254
8710.0 6.15472914751
8720.0 6.16175378821
8730.0 6.16877810288
8740.0 6.17580208975
8750.0 6.18282574705
8760.0 6.18984907299
8770.0 6.1968720658
8780.0 6.20389472367
8790.0 6.21091704482
8800.0 6.21793902742
8810.0 6.22496066967
8820.0 6.23198196974
8830.0 6.23900292582
8840.0 6.24602353605
8850.0 6.25304379861
8860.0 6.26006371165
8870.0 6.26708327331
8880.0 6.27410248173
8890.0 6.28112133503
8900.0 6.28813983136
8910.0 6.29515796881
8920.0 6.30217574552
8930.0 6.30919315957
8940.0 6.31621020907
8950.0 6.3232268921
8960.0 6.33024320676
8970.0 6.33725915112
8980.0 6.34427472324
8990.0 6.3512899212
9000.0 6.35830474304
9010.0 6.36531918683
9020.0 6.37233325059
9030.0 6.37934693237
9040.0 6.38636023019
9050.0 6.39337314208
9060.0 6.40038566606
9070.0 6.40739780012
9080.0 6.41440954228
9090.0 6.42142089052
9100.0 6.42843184284
9110.0 6.43544239722
9120.0 6.44245255162
9130.0 6.44946230403
9140.0 6.45647165239
9150.0 6.46348059466
9160.0 6.47048912879
9170.0 6.47749725271
9180.0 6.48450496437
9190.0 6.49151226168
9200.0 6.49851914256
9210.0 6.50552560494
9220.0 6.5125316467
9230.0 6.51953726576
9240.0 6.52654246
9250.0 6.53354722731
9260.0 6.54055156557
9270.0 6.54755547264
9280.0 6.5545589464
9290.0 6.56156198469
9300.0 6.56856458538
9310.0 6.57556674629
9320.0 6.58256846528
9330.0 6.58956974017
9340.0 6.59657056879
9350.0 6.60357094894
9360.0 6.61057087845
9370.0 6.61757035511
9380.0 6.62456937672
9390.0 6.63156794107
9400.0 6.63856604594
9410.0 6.64556368911
9420.0 6.65256086835
9430.0 6.65955758142
9440.0 6.66655382607
9450.0 6.67354960005
9460.0 6.68054490112
9470.0 6.68753972699
9480.0 6.6945340754
9490.0 6.70152794408
9500.0 6.70852133073
9510.0 6.71551423306
9520.0 6.72250664879
9530.0 6.72949857559
9540.0 6.73649001117
9550.0 6.7434809532
9560.0 6.75047139936
9570.0 6.75746134731
9580.0 6.76445079472
9590.0 6.77143973924
9600.0 6.77842817853
9610.0 6.78541611021
9620.0 6.79240353194
9630.0 6.79939044133
9640.0 6.80637683602
9650.0 6.8133627136
9660.0 6.82034807171
9670.0 6.82733290792
9680.0 6.83431721985
9690.0 6.84130100509
9700.0 6.84828426121
9710.0 6.85526698579
9720.0 6.8622491764
9730.0 6.8692308306
9740.0 6.87621194596
9750.0 6.88319252002
9760.0 6.89017255033
9770.0 6.89715203442
9780.0 6.90413096983
9790.0 6.91110935408
9800.0 6.91808718469
9810.0 6.92506445917
9820.0 6.93204117503
9830.0 6.93901732976
9840.0 6.94599292087
9850.0 6.95296794584
9860.0 6.95994240214
9870.0 6.96691628726
9880.0 6.97388959866
9890.0 6.9808623338
9900.0 6.98783449015
9910.0 6.99480606514
9920.0 7.00177705623
9930.0 7.00874746084
9940.0 7.01571727642
9950.0 7.02268650039
9960.0 7.02965513016
9970.0 7.03662316315
9980.0 7.04359059677
9990.0 7.05055742841
10000.0 7.05752365548
10010.0 7.06448927536
10020.0 7.07145428543
10030.0 7.07841868308
10040.0 7.08538246566
10050.0 7.09234563056
10060.0 7.09930817512
10070.0 7.1062700967
10080.0 7.11323139265
10090.0 7.12019206031
10100.0 7.12715209702
10110.0 7.1341115001
10120.0 7.14107026689
10130.0 7.1480283947
10140.0 7.15498588084
10150.0 7.16194272262
10160.0 7.16889891734
10170.0 7.1758544623
10180.0 7.1828093548
10190.0 7.18976359211
10200.0 7.19671717151
10210.0 7.20367009028
10220.0 7.21062234569
10230.0 7.217573935
10240.0 7.22452485547
10250.0 7.23147510435
10260.0 7.23842467888
10270.0 7.24537357632
10280.0 7.25232179389
10290.0 7.25926932882
10300.0 7.26621617835
10310.0 7.27316233969
10320.0 7.28010781006
10330.0 7.28705258667
10340.0 7.29399666672
10350.0 7.30094004741
10360.0 7.30788272594
10370.0 7.31482469949
10380.0 7.32176596526
10390.0 7.32870652042
10400.0 7.33564636214
10410.0 7.3425854876
10420.0 7.34952389396
10430.0 7.35646157838
10440.0 7.36339853802
10450.0 7.37033477002
10460.0 7.37727027154
10470.0 7.38420503971
10480.0 7.39113907166
10490.0 7.39807236454
10500.0 7.40500491546
10510.0 7.41193672156
10520.0 7.41886777994
10530.0 7.42579808772
10540.0 7.43272764201
10550.0 7.43965643992
10560.0 7.44658447853
10570.0 7.45351175496
10580.0 7.46043826629
10590.0 7.4673640096
10600.0 7.47428898199
10610.0 7.48121318052
10620.0 7.48813660228
10630.0 7.49505924432
10640.0 7.50198110373
10650.0 7.50890217756
10660.0 7.51582246286
10670.0 7.52274195669
10680.0 7.52966065611
10690.0 7.53657855816
10700.0 7.54349565987
10710.0 7.55041195829
10720.0 7.55732745046
10730.0 7.56424213339
10740.0 7.57115600413
10750.0 7.57806905969
10760.0 7.58498129709
10770.0 7.59189271335
10780.0 7.59880330549
10790.0 7.6057130705
10800.0 7.6126220054
10810.0 7.61953010719
10820.0 7.62643737287
10830.0 7.63334379943
10840.0 7.64024938386
10850.0 7.64715412316
10860.0 7.65405801431
10870.0 7.66096105429
10880.0 7.66786324009
10890.0 7.67476456867
10900.0 7.68166503701
10910.0 7.68856464209
10920.0 7.69546338087
10930.0 7.70236125031
10940.0 7.70925824738
10950.0 7.71615436904
10960.0 7.72304961224
10970.0 7.72994397394
10980.0 7.73683745109
10990.0 7.74373004063
11000.0 7.75062173951
11010.0 7.75751254468
11020.0 7.76440245308
11030.0 7.77129146165
11040.0 7.77817956732
11050.0 7.78506676703
11060.0 7.7919530577
11070.0 7.79883843628
11080.0 7.80572289968
11090.0 7.81260644483
11100.0 7.81948906866
11110.0 7.82637076809
11120.0 7.83325154004
11130.0 7.84013138142
11140.0 7.84701028915
11150.0 7.85388826015
11160.0 7.86076529133
11170.0 7.8676413796
11180.0 7.87451652186
11190.0 7.88139071504
11200.0 7.88826395602
11210.0 7.89513624173
11220.0 7.90200756906
11230.0 7.90887793491
11240.0 7.91574733619
11250.0 7.92261576979
11260.0 7.92948323261
11270.0 7.93634972156
11280.0 7.94321523353
11290.0 7.95007976541
11300.0 7.9569433141
11310.0 7.96380587649
11320.0 7.97066744947
11330.0 7.97752802995
11340.0 7.9843876148
11350.0 7.99124620092
11360.0 7.99810378521
11370.0 8.00496036454
11380.0 8.01181593582
11390.0 8.01867049592
11400.0 8.02552404174
11410.0 8.03237657017
11420.0 8.03922807809
11430.0 8.0460785624
11440.0 8.05292801998
11450.0 8.05977644771
11460.0 8.0666238425
11470.0 8.07347020121
11480.0 8.08031552076
11490.0 8.08715979801
11500.0 8.09400302987
11510.0 8.10084521322
11520.0 8.10768634495
11530.0 8.11452642195
11540.0 8.12136544111
11550.0 8.12820339932
11560.0 8.13504029348
11570.0 8.14187612047
11580.0 8.1487108772
11590.0 8.15554456055
11600.0 8.16237716742
11610.0 8.16920869471
11620.0 8.17603913931
11630.0 8.18286849813
11640.0 8.18969676806
11650.0 8.196523946
11660.0 8.20335002887
11670.0 8.21017501355
11680.0 8.21699889695
11690.0 8.22382167599
11700.0 8.23064334757
11710.0 8.2374639086
11720.0 8.24428335599
11730.0 8.25110168666
11740.0 8.25791889752
11750.0 8.26473498549
11760.0 8.27154994748
11770.0 8.27836378043
11780.0 8.28517648125
11790.0 8.29198804687
11800.0 8.29879847421
11810.0 8.30560776022
11820.0 8.31241590181
11830.0 8.31922289594
11840.0 8.32602873952
11850.0 8.33283342951
11860.0 8.33963696286
11870.0 8.34643933649
11880.0 8.35324054737
11890.0 8.36004059245
11900.0 8.36683946867
11910.0 8.37363717301
11920.0 8.38043370241
11930.0 8.38722905385
11940.0 8.39402322429
11950.0 8.40081621071
11960.0 8.40760801007
11970.0 8.41439861936
11980.0 8.42118803556
11990.0 8.42797625564
12000.0 8.43476327661
12010.0 8.44154909546
12020.0 8.44833370918
12030.0 8.45511711476
12040.0 8.46189930923
12050.0 8.46868028958
12060.0 8.47546005282
12070.0 8.48223859599
12080.0 8.48901591609
12090.0 8.49579201015
12100.0 8.5025668752
12110.0 8.50934050828
12120.0 8.51611290644
12130.0 8.5228840667
12140.0 8.52965398612
12150.0 8.53642266176
12160.0 8.54319009067
12170.0 8.54995626992
12180.0 8.55672119658
12190.0 8.56348486771
12200.0 8.57024728041
12210.0 8.57700843175
12220.0 8.58376831882
12230.0 8.59052693873
12240.0 8.59728428856
12250.0 8.60404036544
12260.0 8.61079516646
12270.0 8.61754868876
12280.0 8.62430092944
12290.0 8.63105188565
12300.0 8.63780155451
12310.0 8.64454993318
12320.0 8.6512970188
12330.0 8.65804280852
12340.0 8.6647872995
12350.0 8.67153048891
12360.0 8.67827237393
12370.0 8.68501295174
12380.0 8.69175221951
12390.0 8.69849017446
12400.0 8.70522681377
12410.0 8.71196213465
12420.0 8.71869613432
12430.0 8.72542881
12440.0 8.73216015892
12450.0 8.73889017832
12460.0 8.74561886543
12470.0 8.7523462175
12480.0 8.75907223181
12490.0 8.7657969056
12500.0 8.77252023615
12510.0 8.77924222075
12520.0 8.78596285668
12530.0 8.79268214124
12540.0 8.79940007172
12550.0 8.80611664546
12560.0 8.81283185975
12570.0 8.81954571194
12580.0 8.82625819936
12590.0 8.83296931936
12600.0 8.83967906928
12610.0 8.84638744648
12620.0 8.85309444835
12630.0 8.85980007226
12640.0 8.86650431559
12650.0 8.87320717575
12660.0 8.87990865013
12670.0 8.88660873615
12680.0 8.89330743124
12690.0 8.90000473283
12700.0 8.90670063836
12710.0 8.91339514527
12720.0 8.92008825104
12730.0 8.92677995313
12740.0 8.93347024902
12750.0 8.9401591362
12760.0 8.94684661217
12770.0 8.95353267444
12780.0 8.96021732052
12790.0 8.96690054794
12800.0 8.97358235424
12810.0 8.98026273697
12820.0 8.9869416937
12830.0 8.99361922197
12840.0 9.00029531939
12850.0 9.00696998353