750.0 0.53026987106
760.0 0.537334835413
770.0 0.544400004837
780.0 0.551465371003
790.0 0.55853092601
800.0 0.565596662356
810.0 0.572662572915
820.0 0.579728650912
830.0 0.586794889905
840.0 0.593861283762
850.0 0.600927826645
860.0 0.60799451299
870.0 0.615061337497
880.0 0.622128295107
890.0 0.629195380995
900.0 0.636262590554
910.0 0.643329919383
920.0 0.650397363277
930.0 0.657464918216
940.0 0.664532580352
950.0 0.671600346007
960.0 0.678668211657
970.0 0.685736173926
980.0 0.692804229583
990.0 0.699872375526
1000.0 0.706940608784
1010.0 0.714008926504
1020.0 0.721077325951
1030.0 0.728145804497
1040.0 0.735214359618
1050.0 0.74228298889
1060.0 0.749351689982
1070.0 0.756420460653
1080.0 0.763489298749
1090.0 0.770558202196
1100.0 0.777627168998
1110.0 0.784696197234
1120.0 0.791765285053
1130.0 0.798834430673
1140.0 0.805903632375
1150.0 0.812972888504
1160.0 0.820042197462
1170.0 0.827111557709
1180.0 0.834180967759
1190.0 0.841250426177
1200.0 0.848319931578
1210.0 0.855389482626
1220.0 0.862459078028
1230.0 0.869528716537
1240.0 0.876598396946
1250.0 0.88366811809
1260.0 0.890737878841
1270.0 0.897807678108
1280.0 0.904877514837
1290.0 0.911947388007
1300.0 0.919017296629
1310.0 0.926087239749
1320.0 0.933157216438
1330.0 0.9402272258
1340.0 0.947297266966
1350.0 0.954367339093
1360.0 0.961437441365
1370.0 0.968507572991
1380.0 0.975577733203
1390.0 0.982647921257
1400.0 0.989718136431
1410.0 0.996788378024
1420.0 1.00385864536
1430.0 1.01092893777
1440.0 1.01799925462
1450.0 1.02506959528
1460.0 1.03213995916
1470.0 1.03921034567
1480.0 1.04628075422
1490.0 1.05335118428
1500.0 1.0604216353
1510.0 1.06749210675
1520.0 1.07456259814
1530.0 1.08163310895
1540.0 1.08870363872
1550.0 1.09577418696
1560.0 1.10284475323
1570.0 1.10991533708
1580.0 1.11698593808
1590.0 1.12405655581
1600.0 1.13112718985
1610.0 1.13819783981
1620.0 1.1452685053
1630.0 1.15233918594
1640.0 1.15940988136
1650.0 1.1664805912
1660.0 1.17355131512
1670.0 1.18062205276
1680.0 1.18769280379
1690.0 1.19476356789
1700.0 1.20183434475
1710.0 1.20890513404
1720.0 1.21597593548
1730.0 1.22304674876
1740.0 1.2301175736
1750.0 1.23718840972
1760.0 1.24425925683
1770.0 1.25133011469
1780.0 1.25840098301
1790.0 1.26547186155
1800.0 1.27254275006
1810.0 1.27961364829
1820.0 1.28668455601
1830.0 1.29375547298
1840.0 1.30082639897
1850.0 1.30789733376
1860.0 1.31496827714
1870.0 1.32203922889
1880.0 1.32911018879
1890.0 1.33618115665
1900.0 1.34325213228
1910.0 1.35032311546
1920.0 1.35739410601
1930.0 1.36446510375
1940.0 1.37153610848
1950.0 1.37860712003
1960.0 1.38567813823
1970.0 1.3927491629
1980.0 1.39982019388
1990.0 1.40689123098
2000.0 1.41396227407
2010.0 1.42103332297
2020.0 1.42810437753
2030.0 1.43517543759
2040.0 1.44224650301
2050.0 1.44931757364
2060.0 1.45638864933
2070.0 1.46345972995
2080.0 1.47053081535
2090.0 1.4776019054
2100.0 1.48467299996
2110.0 1.4917440989
2120.0 1.4988152021
2130.0 1.50588630941
2140.0 1.51295742073
2150.0 1.52002853593
2160.0 1.52709965488
2170.0 1.53417077747
2180.0 1.54124190358
2190.0 1.5483130331
2200.0 1.55538416591
2210.0 1.56245530191
2220.0 1.56952644098
2230.0 1.57659758301
2240.0 1.58366872791
2250.0 1.59073987556
2260.0 1.59781102587
2270.0 1.60488217874
2280.0 1.61195333405
2290.0 1.61902449172
2300.0 1.62609565166
2310.0 1.63316681375
2320.0 1.64023797792
2330.0 1.64730914406
2340.0 1.6543803121
2350.0 1.66145148193
2360.0 1.66852265346
2370.0 1.67559382662
2380.0 1.68266500131
2390.0 1.68973617746
2400.0 1.69680735496
2410.0 1.70387853375
2420.0 1.71094971374
2430.0 1.71802089484
2440.0 1.72509207698
2450.0 1.73216326009
2460.0 1.73923444407
2470.0 1.74630562885
2480.0 1.75337681436
2490.0 1.76044800052
2500.0 1.76751918725
2510.0 1.77459037449
2520.0 1.78166156215
2530.0 1.78873275017
2540.0 1.79580393847
2550.0 1.80287512698
2560.0 1.80994631563
2570.0 1.81701750434
2580.0 1.82408869306
2590.0 1.83115988171
2600.0 1.83823107023
2610.0 1.84530225854
2620.0 1.85237344658
2630.0 1.85944463428
2640.0 1.86651582157
2650.0 1.87358700839
2660.0 1.88065819468
2670.0 1.88772938037
2680.0 1.89480056539
2690.0 1.90187174969
2700.0 1.90894293319
2710.0 1.91601411584
2720.0 1.92308529757
2730.0 1.93015647832
2740.0 1.93722765802
2750.0 1.94429883663
2760.0 1.95137001406
2770.0 1.95844119027
2780.0 1.96551236519
2790.0 1.97258353877
2800.0 1.97965471093
2810.0 1.98672588163
2820.0 1.99379705079
2830.0 2.00086821837
2840.0 2.0079393843
2850.0 2.01501054853
2860.0 2.02208171098
2870.0 2.02915287162
2880.0 2.03622403037
2890.0 2.04329518717
2900.0 2.05036634198
2910.0 2.05743749472
2920.0 2.06450864535
2930.0 2.0715797938
2940.0 2.07865094002
2950.0 2.08572208395
2960.0 2.09279322553
2970.0 2.09986436469
2980.0 2.1069355014
2990.0 2.11400663558
3000.0 2.12107776717
3010.0 2.12814889613
3020.0 2.13522002239
3030.0 2.1422911459
3040.0 2.14936226659
3050.0 2.15643338442
3060.0 2.16350449931
3070.0 2.17057561122
3080.0 2.17764672009
3090.0 2.18471782585
3100.0 2.19178892845
3110.0 2.19886002783
3120.0 2.20593112394
3130.0 2.21300221671
3140.0 2.22007330609
3150.0 2.22714439201
3160.0 2.23421547442
3170.0 2.24128655327
3180.0 2.24835762848
3190.0 2.25542870001
3200.0 2.26249976778
3210.0 2.26957083175
3220.0 2.27664189186
3230.0 2.28371294804
3240.0 2.29078400023
3250.0 2.29785504837
3260.0 2.30492609241
3270.0 2.31199713227
3280.0 2.31906816791
3290.0 2.32613919926
3300.0 2.33321022626
3310.0 2.34028124884
3320.0 2.34735226696
3330.0 2.35442328053
3340.0 2.3614942895
3350.0 2.36856529382
3360.0 2.3756362934
3370.0 2.3827072882
3380.0 2.38977827815
3390.0 2.39684926319
3400.0 2.40392024324
3410.0 2.41099121825
3420.0 2.41806218816
3430.0 2.42513315289
3440.0 2.43220411238
3450.0 2.43927506656
3460.0 2.44634601538
3470.0 2.45341695876
3480.0 2.46048789664
3490.0 2.46755882894
3500.0 2.47462975561
3510.0 2.48170067657
3520.0 2.48877159175
3530.0 2.49584250109
3540.0 2.50291340452
3550.0 2.50998430197
3560.0 2.51705519336
3570.0 2.52412607864
3580.0 2.53119695772
3590.0 2.53826783053
3600.0 2.54533869701
3610.0 2.55240955708
3620.0 2.55948041067
3630.0 2.56655125771
3640.0 2.57362209811
3650.0 2.58069293182
3660.0 2.58776375875
3670.0 2.59483457883
3680.0 2.60190539199
3690.0 2.60897619814
3700.0 2.61604699721
3710.0 2.62311778912
3720.0 2.63018857381
3730.0 2.63725935118
3740.0 2.64433012116
3750.0 2.65140088367
3760.0 2.65847163863
3770.0 2.66554238596
3780.0 2.67261312558
3790.0 2.67968385741
3800.0 2.68675458137
3810.0 2.69382529737
3820.0 2.70089600533
3830.0 2.70796670517
3840.0 2.7150373968
3850.0 2.72210808014
3860.0 2.7291787551
3870.0 2.7362494216
3880.0 2.74332007954
3890.0 2.75039072885
3900.0 2.75746136943
3910.0 2.76453200119
3920.0 2.77160262405
3930.0 2.77867323792
3940.0 2.78574384269
3950.0 2.7928144383
3960.0 2.79988502463
3970.0 2.8069556016
3980.0 2.81402616911
3990.0 2.82109672708
4000.0 2.8281672754
4010.0 2.83523781397
4020.0 2.84230834272
4030.0 2.84937886152
4040.0 2.8564493703
4050.0 2.86351986895
4060.0 2.87059035736
4070.0 2.87766083545
4080.0 2.8847313031
4090.0 2.89180176023
4100.0 2.89887220671
4110.0 2.90594264246
4120.0 2.91301306737
4130.0 2.92008348133
4140.0 2.92715388423
4150.0 2.93422427598
4160.0 2.94129465646
4170.0 2.94836502557
4180.0 2.95543538319
4190.0 2.96250572922
4200.0 2.96957606355
4210.0 2.97664638606
4220.0 2.98371669664
4230.0 2.99078699518
4240.0 2.99785728156
4250.0 3.00492755568
4260.0 3.0119978174
4270.0 3.01906806663
4280.0 3.02613830323
4290.0 3.03320852709
4300.0 3.0402787381
4310.0 3.04734893612
4320.0 3.05441912105
4330.0 3.06148929274
4340.0 3.06855945109
4350.0 3.07562959597
4360.0 3.08269972726
4370.0 3.08976984482
4380.0 3.09683994852
4390.0 3.10391003825
4400.0 3.11098011387
4410.0 3.11805017526
4420.0 3.12512022227
4430.0 3.13219025478
4440.0 3.13926027265
4450.0 3.14633027576
4460.0 3.15340026395
4470.0 3.16047023711
4480.0 3.16754019508
4490.0 3.17461013774
4500.0 3.18168006494
4510.0 3.18874997653
4520.0 3.19581987239
4530.0 3.20288975236
4540.0 3.2099596163
4550.0 3.21702946407
4560.0 3.22409929552
4570.0 3.2311691105
4580.0 3.23823890886
4590.0 3.24530869045
4600.0 3.25237845513
4610.0 3.25944820273
4620.0 3.26651793311
4630.0 3.27358764611
4640.0 3.28065734158
4650.0 3.28772701935
4660.0 3.29479667927
4670.0 3.30186632119
4680.0 3.30893594493
4690.0 3.31600555034
4700.0 3.32307513725
4710.0 3.33014470551
4720.0 3.33721425493
4730.0 3.34428378536
4740.0 3.35135329663
4750.0 3.35842278857
4760.0 3.36549226101
4770.0 3.37256171377
4780.0 3.37963114668
4790.0 3.38670055957
4800.0 3.39376995225
4810.0 3.40083932456
4820.0 3.40790867631
4830.0 3.41497800732
4840.0 3.42204731742
4850.0 3.42911660641
4860.0 3.43618587411
4870.0 3.44325512034
4880.0 3.4503243449
4890.0 3.45739354762
4900.0 3.4644627283
4910.0 3.47153188674
4920.0 3.47860102276
4930.0 3.48567013616
4940.0 3.49273922674
4950.0 3.49980829431
4960.0 3.50687733866
4970.0 3.5139463596
4980.0 3.52101535692
4990.0 3.52808433043
5000.0 3.5351532799
5010.0 3.54222220514
5020.0 3.54929110595
5030.0 3.5563599821
5040.0 3.56342883339
5050.0 3.5704976596
5060.0 3.57756646052
5070.0 3.58463523593
5080.0 3.59170398562
5090.0 3.59877270936
5100.0 3.60584140694
5110.0 3.61291007813
5120.0 3.6199787227
5130.0 3.62704734043
5140.0 3.6341159311
5150.0 3.64118449446
5160.0 3.6482530303
5170.0 3.65532153837
5180.0 3.66239001845
5190.0 3.66945847029
5200.0 3.67652689366
5210.0 3.68359528832
5220.0 3.69066365402
5230.0 3.69773199053
5240.0 3.70480029759
5250.0 3.71186857496
5260.0 3.71893682239
5270.0 3.72600503962
5280.0 3.73307322642
5290.0 3.74014138252
5300.0 3.74720950766
5310.0 3.75427760159
5320.0 3.76134566404
5330.0 3.76841369476
5340.0 3.77548169348
5350.0 3.78254965993
5360.0 3.78961759385
5370.0 3.79668549497
5380.0 3.80375336301
5390.0 3.8108211977
5400.0 3.81788899877
5410.0 3.82495676593
5420.0 3.83202449891
5430.0 3.83909219743
5440.0 3.8461598612
5450.0 3.85322748994
5460.0 3.86029508335
5470.0 3.86736264115
5480.0 3.87443016305
5490.0 3.88149764875
5500.0 3.88856509796
5510.0 3.89563251037
5520.0 3.9026998857
5530.0 3.90976722362
5540.0 3.91683452385
5550.0 3.92390178607
5560.0 3.93096900997
5570.0 3.93803619525
5580.0 3.94510334158
5590.0 3.95217044866
5600.0 3.95923751617
5610.0 3.96630454378
5620.0 3.97337153117
5630.0 3.98043847802
5640.0 3.98750538401
5650.0 3.99457224879
5660.0 4.00163907205
5670.0 4.00870585344
5680.0 4.01577259264
5690.0 4.02283928929
5700.0 4.02990594307
5710.0 4.03697255363
5720.0 4.04403912062
5730.0 4.05110564369
5740.0 4.0581721225
5750.0 4.06523855669
5760.0 4.07230494591
5770.0 4.07937128979
5780.0 4.08643758799
5790.0 4.09350384013
5800.0 4.10057004585
5810.0 4.10763620478
5820.0 4.11470231656
5830.0 4.1217683808
5840.0 4.12883439714
5850.0 4.1359003652
5860.0 4.1429662846
5870.0 4.15003215495
5880.0 4.15709797587
5890.0 4.16416374697
5900.0 4.17122946786
5910.0 4.17829513815
5920.0 4.18536075743
5930.0 4.19242632532
5940.0 4.19949184141
5950.0 4.2065573053
5960.0 4.21362271657
5970.0 4.22068807483
5980.0 4.22775337965
5990.0 4.23481863063
6000.0 4.24188382734
6010.0 4.24894896936
6020.0 4.25601405628
6030.0 4.26307908766
6040.0 4.27014406308
6050.0 4.2772089821
6060.0 4.2842738443
6070.0 4.29133864922
6080.0 4.29840339644
6090.0 4.3054680855
6100.0 4.31253271597
6110.0 4.31959728739
6120.0 4.32666179931
6130.0 4.33372625128
6140.0 4.34079064284
6150.0 4.34785497352
6160.0 4.35491924287
6170.0 4.36198345041
6180.0 4.36904759568
6190.0 4.3761116782
6200.0 4.3831756975
6210.0 4.3902396531
6220.0 4.39730354451
6230.0 4.40436737125
6240.0 4.41143113283
6250.0 4.41849482877
6260.0 4.42555845856
6270.0 4.4326220217
6280.0 4.4396855177
6290.0 4.44674894605
6300.0 4.45381230625
6310.0 4.46087559778
6320.0 4.46793882013
6330.0 4.47500197278
6340.0 4.48206505521
6350.0 4.4891280669
6360.0 4.49619100732
6370.0 4.50325387593
6380.0 4.51031667222
6390.0 4.51737939563
6400.0 4.52444204563
6410.0 4.53150462167
6420.0 4.53856712321
6430.0 4.5456295497
6440.0 4.55269190058
6450.0 4.55975417529
6460.0 4.56681637327
6470.0 4.57387849396
6480.0 4.5809405368
6490.0 4.5880025012
6500.0 4.59506438659
6510.0 4.6021261924
6520.0 4.60918791804
6530.0 4.61624956293
6540.0 4.62331112648
6550.0 4.63037260809
6560.0 4.63743400716
6570.0 4.64449532311
6580.0 4.65155655531
6590.0 4.65861770318
6600.0 4.66567876608
6610.0 4.67273974342
6620.0 4.67980063456
6630.0 4.6868614389
6640.0 4.69392215579
6650.0 4.70098278462
6660.0 4.70804332475
6670.0 4.71510377553
6680.0 4.72216413634
6690.0 4.72922440652
6700.0 4.73628458542
6710.0 4.74334467239
6720.0 4.75040466678
6730.0 4.75746456792
6740.0 4.76452437516
6750.0 4.77158408781
6760.0 4.77864370521
6770.0 4.78570322668
6780.0 4.79276265154
6790.0 4.79982197911
6800.0 4.80688120869
6810.0 4.8139403396
6820.0 4.82099937114
6830.0 4.8280583026
6840.0 4.83511713329
6850.0 4.84217586249
6860.0 4.84923448949
6870.0 4.85629301358
6880.0 4.86335143402
6890.0 4.8704097501
6900.0 4.87746796109
6910.0 4.88452606626
6920.0 4.89158406485
6930.0 4.89864195614
6940.0 4.90569973938
6950.0 4.9127574138
6960.0 4.91981497867
6970.0 4.92687243322
6980.0 4.93392977668
6990.0 4.9409870083
7000.0 4.94804412728
7010.0 4.95510113287
7020.0 4.96215802427
7030.0 4.9692148007
7040.0 4.97627146138
7050.0 4.9833280055
7060.0 4.99038443227
7070.0 4.99744074088
7080.0 5.00449693053
7090.0 5.0115530004
7100.0 5.01860894968
7110.0 5.02566477754
7120.0 5.03272048317
7130.0 5.03977606572
7140.0 5.04683152436
7150.0 5.05388685825
7160.0 5.06094206656
7170.0 5.06799714842
7180.0 5.07505210298
7190.0 5.0821069294
7200.0 5.08916162679
7210.0 5.0962161943
7220.0 5.10327063106
7230.0 5.11032493618
7240.0 5.11737910878
7250.0 5.12443314798
7260.0 5.13148705288
7270.0 5.13854082259
7280.0 5.1455944562
7290.0 5.15264795281
7300.0 5.15970131152
7310.0 5.16675453139
7320.0 5.17380761152
7330.0 5.18086055097
7340.0 5.18791334882
7350.0 5.19496600413
7360.0 5.20201851595
7370.0 5.20907088335
7380.0 5.21612310537
7390.0 5.22317518106
7400.0 5.23022710945
7410.0 5.23727888959
7420.0 5.24433052049
7430.0 5.25138200119
7440.0 5.25843333069
7450.0 5.26548450803
7460.0 5.2725355322
7470.0 5.27958640221
7480.0 5.28663711705
7490.0 5.29368767573
7500.0 5.30073807722
7510.0 5.30778832051
7520.0 5.31483840459
7530.0 5.32188832841
7540.0 5.32893809095
7550.0 5.33598769118
7560.0 5.34303712803
7570.0 5.35008640048
7580.0 5.35713550746
7590.0 5.36418444792
7600.0 5.37123322078
7610.0 5.37828182498
7620.0 5.38533025945
7630.0 5.3923785231
7640.0 5.39942661484
7650.0 5.40647453359
7660.0 5.41352227825
7670.0 5.42056984771
7680.0 5.42761724086
7690.0 5.4346644566
7700.0 5.4417114938
7710.0 5.44875835134
7720.0 5.45580502809
7730.0 5.4628515229
7740.0 5.46989783465
7750.0 5.47694396218
7760.0 5.48398990434
7770.0 5.49103565998
7780.0 5.49808122792
7790.0 5.505126607
7800.0 5.51217179604
7810.0 5.51921679386
7820.0 5.52626159928
7830.0 5.5333062111
7840.0 5.54035062813
7850.0 5.54739484915
7860.0 5.55443887297
7870.0 5.56148269836
7880.0 5.56852632411
7890.0 5.57556974898
7900.0 5.58261297175
7910.0 5.58965599117
7920.0 5.596698806
7930.0 5.60374141499
7940.0 5.61078381689
7950.0 5.61782601042
7960.0 5.62486799433
7970.0 5.63190976734
7980.0 5.63895132817
7990.0 5.64599267553
8000.0 5.65303380814
8010.0 5.66007472468
8020.0 5.66711542387
8030.0 5.67415590438
8040.0 5.68119616491
8050.0 5.68823620413
8060.0 5.69527602072
8070.0 5.70231561333
8080.0 5.70935498063
8090.0 5.71639412128
8100.0 5.72343303391
8110.0 5.73047171718
8120.0 5.73751016971
8130.0 5.74454839014
8140.0 5.75158637709
8150.0 5.75862412918
8160.0 5.76566164501
8170.0 5.7726989232
8180.0 5.77973596234
8190.0 5.78677276101
8200.0 5.79380931782
8210.0 5.80084563133
8220.0 5.80788170013
8230.0 5.81491752277
8240.0 5.82195309782
8250.0 5.82898842384
8260.0 5.83602349936
8270.0 5.84305832294
8280.0 5.85009289311
8290.0 5.8571272084
8300.0 5.86416126733
8310.0 5.87119506841
8320.0 5.87822861017
8330.0 5.88526189109
8340.0 5.89229490969
8350.0 5.89932766444
8360.0 5.90636015384
8370.0 5.91339237636
8380.0 5.92042433047
8390.0 5.92745601464
8400.0 5.93448742733
8410.0 5.94151856699
8420.0 5.94854943207
8430.0 5.955580021
8440.0 5.96261033222
8450.0 5.96964036415
8460.0 5.97667011522
8470.0 5.98369958384
8480.0 5.9907287684
8490.0 5.99775766732
8500.0 6.00478627899
8510.0 6.0118146018
8520.0 6.01884263411
8530.0 6.02587037432
8540.0 6.03289782078
8550.0 6.03992497186
8560.0 6.0469518259
8570.0 6.05397838127
8580.0 6.06100463629
8590.0 6.06803058931
8600.0 6.07505623864
8610.0 6.08208158262
8620.0 6.08910661955
8630.0 6.09613134774
8640.0 6.1031557655
8650.0 6.11017987111
8660.0 6.11720366286
8670.0 6.12422713905
8680.0 6.13125029793
8690.0 6.13827313777
8700.0 6.14529565684
8710.0 6.1523178534
8720.0 6.15933972567
8730.0 6.16636127192
8740.0 6.17338249037
8750.0 6.18040337925
8760.0 6.18742393677
8770.0 6.19444416116
8780.0 6.20146405061
8790.0 6.20848360333
8800.0 6.21550281752
8810.0 6.22252169134
8820.0 6.229540223
8830.0 6.23655841065
8840.0 6.24357625247
8850.0 6.25059374661
8860.0 6.25761089123
8870.0 6.26462768446
8880.0 6.27164412446
8890.0 6.27866020935
8900.0 6.28567593725
8910.0 6.29269130629
8920.0 6.29970631457
8930.0 6.3067209602
8940.0 6.31373524128
8950.0 6.3207491559
8960.0 6.32776270213
8970.0 6.33477587807
8980.0 6.34178868177
8990.0 6.34880111131
9000.0 6.35581316474
9010.0 6.3628248401
9020.0 6.36983613544
9030.0 6.3768470488
9040.0 6.3838575782
9050.0 6.39086772167
9060.0 6.39787747723
9070.0 6.40488684287
9080.0 6.41189581661
9090.0 6.41890439643
9100.0 6.42591258033
9110.0 6.43292036629
9120.0 6.43992775227
9130.0 6.44693473625
9140.0 6.45394131619
9150.0 6.46094749004
9160.0 6.46795325575
9170.0 6.47495861126
9180.0 6.48196355449
9190.0 6.48896808338
9200.0 6.49597219585
9210.0 6.5029758898
9220.0 6.50997916315
9230.0 6.51698201379
9240.0 6.52398443961
9250.0 6.5309864385
9260.0 6.53798800833
9270.0 6.54498914699
9280.0 6.55198985232
9290.0 6.55899012219
9300.0 6.56598995446
9310.0 6.57298934696
9320.0 6.57998829752
9330.0 6.58698680399
9340.0 6.59398486419
9350.0 6.60098247592
9360.0 6.60797963701
9370.0 6.61497634525
9380.0 6.62197259844
9390.0 6.62896839437
9400.0 6.63596373082
9410.0 6.64295860557
9420.0 6.64995301639
9430.0 6.65694696103
9440.0 6.66394043727
9450.0 6.67093344283
9460.0 6.67792597547
9470.0 6.68491803292
9480.0 6.69190961292
9490.0 6.69890071317
9500.0 6.7058913314
9510.0 6.71288146532
9520.0 6.71987111262
9530.0 6.72686027101
9540.0 6.73384893816
9550.0 6.74083711177
9560.0 6.74782478951
9570.0 6.75481196904
9580.0 6.76179864803
9590.0 6.76878482413
9600.0 6.775770495
9610.0 6.78275565826
9620.0 6.78974031157
9630.0 6.79672445254
9640.0 6.8037080788
9650.0 6.81069118797
9660.0 6.81767377765
9670.0 6.82465584545
9680.0 6.83163738896
9690.0 6.83861840578
9700.0 6.84559889347
9710.0 6.85257884963
9720.0 6.85955827182
9730.0 6.86653715761
9740.0 6.87351550455
9750.0 6.88049331019
9760.0 6.88747057207
9770.0 6.89444728775
9780.0 6.90142345473
9790.0 6.90839907056
9800.0 6.91537413275
9810.0 6.92234863881
9820.0 6.92932258625
9830.0 6.93629597257
9840.0 6.94326879525
9850.0 6.9502410518
9860.0 6.95721273968
9870.0 6.96418385638
9880.0 6.97115439936
9890.0 6.97812436608
9900.0 6.98509375401
9910.0 6.99206256058
9920.0 6.99903078325
9930.0 7.00599841944
9940.0 7.0129654666
9950.0 7.01993192215
9960.0 7.0268977835
9970.0 7.03386304807
9980.0 7.04082771327
9990.0 7.04779177649
10000.0 7.05475523514
10010.0 7.0617180866
10020.0 7.06868032825
10030.0 7.07564195747
10040.0 7.08260297164
10050.0 7.08956336811
10060.0 7.09652314425
10070.0 7.10348229742
10080.0 7.11044082495
10090.0 7.11739872419
10100.0 7.12435599247
10110.0 7.13131262714
10120.0 7.1382686255
10130.0 7.14522398489
10140.0 7.15217870261
10150.0 7.15913277597
10160.0 7.16608620227
10170.0 7.17303897882
10180.0 7.17999110289
10190.0 7.18694257178
10200.0 7.19389338276
10210.0 7.20084353311
10220.0 7.2077930201
10230.0 7.21474184099
10240.0 7.22168999304
10250.0 7.2286374735
10260.0 7.23558427961
10270.0 7.24253040863
10280.0 7.24947585778
10290.0 7.25642062429
10300.0 7.2633647054
10310.0 7.27030809832
10320.0 7.27725080027
10330.0 7.28419280845
10340.0 7.29113412008
10350.0 7.29807473235
10360.0 7.30501464246
10370.0 7.3119538476
10380.0 7.31889234494
10390.0 7.32583013168
10400.0 7.33276720499
10410.0 7.33970356203
10420.0 7.34663919997
10430.0 7.35357411597
10440.0 7.36050830718
10450.0 7.36744177077
10460.0 7.37437450386
10470.0 7.38130650361
10480.0 7.38823776714
10490.0 7.3951682916
10500.0 7.4020980741
10510.0 7.40902711178
10520.0 7.41595540174
10530.0 7.4228829411
10540.0 7.42980972697
10550.0 7.43673575645
10560.0 7.44366102665
10570.0 7.45058553466
10580.0 7.45750927757
10590.0 7.46443225246
10600.0 7.47135445643
10610.0 7.47827588654
10620.0 7.48519653987
10630.0 7.4921164135
10640.0 7.49903550449
10650.0 7.50595380989
10660.0 7.51287132677
10670.0 7.51978805219
10680.0 7.52670398319
10690.0 7.53361911681
10700.0 7.5405334501
10710.0 7.5474469801
10720.0 7.55435970385
10730.0 7.56127161836
10740.0 7.56818272068
10750.0 7.57509300782
10760.0 7.5820024768
10770.0 7.58891112465
10780.0 7.59581894836
10790.0 7.60272594495
10800.0 7.60963211143
10810.0 7.6165374448
10820.0 7.62344194206
10830.0 7.6303456002
10840.0 7.63724841621
10850.0 7.64415038709
10860.0 7.65105150982
10870.0 7.65795178138
10880.0 7.66485119875
10890.0 7.67174975892
10900.0 7.67864745884
10910.0 7.6855442955
10920.0 7.69244026586
10930.0 7.69933536688
10940.0 7.70622959553
10950.0 7.71312294877
10960.0 7.72001542355
10970.0 7.72690701682
10980.0 7.73379772555
10990.0 7.74068754667
11000.0 7.74757647714
11010.0 7.75446451389
11020.0 7.76135165387
11030.0 7.76823789401
11040.0 7.77512323126
11050.0 7.78200766255
11060.0 7.7888911848
11070.0 7.79577379496
11080.0 7.80265548994
11090.0 7.80953626667
11100.0 7.81641612208
11110.0 7.82329505309
11120.0 7.83017305662
11130.0 7.83705012958
11140.0 7.84392626889
11150.0 7.85080147147
11160.0 7.85767573423
11170.0 7.86454905407
11180.0 7.87142142792
11190.0 7.87829285267
11200.0 7.88516332524
11210.0 7.89203284253
11220.0 7.89890140143
11230.0 7.90576899886
11240.0 7.91263563172
11250.0 7.9195012969
11260.0 7.92636599131
11270.0 7.93322971184
11280.0 7.94009245538
11290.0 7.94695421884
11300.0 7.95381499911
11310.0 7.96067479308
11320.0 7.96753359765
11330.0 7.9743914097
11340.0 7.98124822613
11350.0 7.98810404383
11360.0 7.9949588597
11370.0 8.00181267061
11380.0 8.00866547347
11390.0 8.01551726515
11400.0 8.02236804255
11410.0 8.02921780256
11420.0 8.03606654206
11430.0 8.04291425795
11440.0 8.0497609471
11450.0 8.05660660642
11460.0 8.06345123278
11470.0 8.07029482308
11480.0 8.0771373742
11490.0 8.08397888304
11500.0 8.09081934648
11510.0 8.0976587614
11520.0 8.10449712471
11530.0 8.11133443329
11540.0 8.11817068403
11550.0 8.12500587382
11560.0 8.13183999956
11570.0 8.13867305813
11580.0 8.14550504644
11590.0 8.15233596137
11600.0 8.15916579982
11610.0 8.16599455869
11620.0 8.17282223488
11630.0 8.17964882527
11640.0 8.18647432678
11650.0 8.19329873631
11660.0 8.20012205075
11670.0 8.20694426701
11680.0 8.21376538199
11690.0 8.22058539261
11700.0 8.22740429577
11710.0 8.23422208838
11720.0 8.24103876735
11730.0 8.2478543296
11740.0 8.25466877204
11750.0 8.26148209158
11760.0 8.26829428516
11770.0 8.27510534968
11780.0 8.28191528208
11790.0 8.28872407928
11800.0 8.29553173821
11810.0 8.30233825579
11820.0 8.30914362897
11830.0 8.31594785467
11840.0 8.32275092984
11850.0 8.32955285141
11860.0 8.33635361633
11870.0 8.34315322154
11880.0 8.349951664
11890.0 8.35674894066
11900.0 8.36354504846
11910.0 8.37033998438
11920.0 8.37713374536
11930.0 8.38392632838
11940.0 8.3907177304
11950.0 8.3975079484
11960.0 8.40429697934
11970.0 8.41108482021
11980.0 8.41787146798
11990.0 8.42465691965
12000.0 8.4314411722
12010.0 8.43822422263
12020.0 8.44500606792
12030.0 8.45178670509
12040.0 8.45856613113
12050.0 8.46534434306
12060.0 8.47212133789
12070.0 8.47889711263
12080.0 8.48567166431
12090.0 8.49244498995
12100.0 8.49921708659
12110.0 8.50598795125
12120.0 8.51275758098
12130.0 8.51952597282
12140.0 8.52629312383
12150.0 8.53305903104
12160.0 8.53982369153
12170.0 8.54658710236
12180.0 8.5533492606
12190.0 8.56011016331
12200.0 8.56686980759
12210.0 8.57362819051
12220.0 8.58038530916
12230.0 8.58714116065
12240.0 8.59389574206
12250.0 8.60064905052
12260.0 8.60740108312
12270.0 8.61415183699
12280.0 8.62090130926
12290.0 8.62764949705
12300.0 8.63439639749
12310.0 8.64114200774
12320.0 8.64788632493
12330.0 8.65462934623
12340.0 8.6613710688
12350.0 8.66811148979
12360.0 8.67485060639
12370.0 8.68158841577
12380.0 8.68832491513
12390.0 8.69506010165
12400.0 8.70179397254
12410.0 8.70852652501
12420.0 8.71525775626
12430.0 8.72198766352
12440.0 8.72871624402
12450.0 8.73544349499
12460.0 8.74216941368
12470.0 8.74889399734
12480.0 8.75561724322
12490.0 8.76233914859
12500.0 8.76905971072
12510.0 8.7757789269
12520.0 8.78249679441
12530.0 8.78921331055
12540.0 8.79592847261
12550.0 8.80264227793
12560.0 8.8093547238
12570.0 8.81606580757
12580.0 8.82277552657
12590.0 8.82948387814
12600.0 8.83619085964
12610.0 8.84289646843
12620.0 8.84960070188
12630.0 8.85630355737
12640.0 8.86300503228
12650.0 8.86970512401
12660.0 8.87640382997
12670.0 8.88310114758
12680.0 8.88979707425
12690.0 8.89649160741
12700.0 8.90318474452
12710.0 8.90987648302
12720.0 8.91656682037
12730.0 8.92325575404
12740.0 8.92994328151
12750.0 8.93662940027
12760.0 8.94331410782
12770.0 8.94999740166
12780.0 8.95667927932
12790.0 8.96335973832
12800.0 8.9700387762
12810.0 8.97671639052
12820.0 8.98339257882
12830.0 8.99006733867
12840.0 8.99674066767
12850.0 9.00341256339