750.0 0.530448410071
760.0 0.537515754945
770.0 0.544583304889
780.0 0.551651051575
790.0 0.558718987102
800.0 0.565787103968
810.0 0.572855395047
820.0 0.579923853564
830.0 0.586992473077
840.0 0.594061247454
850.0 0.601130170857
860.0 0.608199237723
870.0 0.61526844275
880.0 0.62233778088
890.0 0.629407247289
900.0 0.636476837368
910.0 0.643546546717
920.0 0.650616371131
930.0 0.65768630659
940.0 0.664756349246
950.0 0.671826495421
960.0 0.678896741591
970.0 0.685967084381
980.0 0.693037520557
990.0 0.70010804702
1000.0 0.707178660798
1010.0 0.714249359039
1020.0 0.721320139006
1030.0 0.728390998072
1040.0 0.735461933714
1050.0 0.742532943506
1060.0 0.749604025118
1070.0 0.756675176309
1080.0 0.763746394925
1090.0 0.770817678892
1100.0 0.777889026214
1110.0 0.78496043497
1120.0 0.79203190331
1130.0 0.799103429449
1140.0 0.806175011672
1150.0 0.813246648321
1160.0 0.820318337799
1170.0 0.827390078566
1180.0 0.834461869136
1190.0 0.841533708075
1200.0 0.848605593996
1210.0 0.855677525564
1220.0 0.862749501487
1230.0 0.869821520515
1240.0 0.876893581445
1250.0 0.883965683109
1260.0 0.891037824379
1270.0 0.898110004167
1280.0 0.905182221416
1290.0 0.912254475106
1300.0 0.919326764249
1310.0 0.926399087888
1320.0 0.933471445097
1330.0 0.94054383498
1340.0 0.947616256666
1350.0 0.954688709313
1360.0 0.961761192105
1370.0 0.968833704252
1380.0 0.975906244984
1390.0 0.982978813558
1400.0 0.990051409252
1410.0 0.997124031365
1420.0 1.00419667922
1430.0 1.01126935215
1440.0 1.01834204952
1450.0 1.02541477071
1460.0 1.03248751511
1470.0 1.03956028213
1480.0 1.04663307121
1490.0 1.05370588178
1500.0 1.06077871332
1510.0 1.0678515653
1520.0 1.0749244372
1530.0 1.08199732853
1540.0 1.08907023882
1550.0 1.09614316759
1560.0 1.10321611438
1570.0 1.11028907875
1580.0 1.11736206027
1590.0 1.12443505851
1600.0 1.13150807307
1610.0 1.13858110356
1620.0 1.14565414957
1630.0 1.15272721073
1640.0 1.15980028667
1650.0 1.16687337703
1660.0 1.17394648146
1670.0 1.18101959962
1680.0 1.18809273117
1690.0 1.1951658758
1700.0 1.20223903317
1710.0 1.20931220299
1720.0 1.21638538494
1730.0 1.22345857875
1740.0 1.23053178411
1750.0 1.23760500074
1760.0 1.24467822838
1770.0 1.25175146675
1780.0 1.2588247156
1790.0 1.26589797466
1800.0 1.27297124369
1810.0 1.28004452244
1820.0 1.28711781068
1830.0 1.29419110817
1840.0 1.30126441468
1850.0 1.30833772999
1860.0 1.31541105389
1870.0 1.32248438615
1880.0 1.32955772658
1890.0 1.33663107496
1900.0 1.3437044311
1910.0 1.35077779481
1920.0 1.35785116588
1930.0 1.36492454413
1940.0 1.37199792939
1950.0 1.37907132146
1960.0 1.38614472018
1970.0 1.39321812537
1980.0 1.40029153687
1990.0 1.40736495449
2000.0 1.4144383781
2010.0 1.42151180752
2020.0 1.4285852426
2030.0 1.43565868318
2040.0 1.44273212912
2050.0 1.44980558027
2060.0 1.45687903649
2070.0 1.46395249762
2080.0 1.47102596354
2090.0 1.47809943411
2100.0 1.48517290919
2110.0 1.49224638865
2120.0 1.49931987237
2130.0 1.50639336021
2140.0 1.51346685204
2150.0 1.52054034776
2160.0 1.52761384723
2170.0 1.53468735034
2180.0 1.54176085697
2190.0 1.54883436701
2200.0 1.55590788034
2210.0 1.56298139686
2220.0 1.57005491645
2230.0 1.57712843901
2240.0 1.58420196442
2250.0 1.5912754926
2260.0 1.59834902343
2270.0 1.60542255681
2280.0 1.61249609265
2290.0 1.61956963084
2300.0 1.62664317129
2310.0 1.63371671391
2320.0 1.64079025859
2330.0 1.64786380526
2340.0 1.65493735381
2350.0 1.66201090416
2360.0 1.66908445622
2370.0 1.6761580099
2380.0 1.68323156511
2390.0 1.69030512177
2400.0 1.6973786798
2410.0 1.70445223911
2420.0 1.71152579961
2430.0 1.71859936124
2440.0 1.7256729239
2450.0 1.73274648752
2460.0 1.73982005202
2470.0 1.74689361733
2480.0 1.75396718336
2490.0 1.76104075004
2500.0 1.76811431729
2510.0 1.77518788505
2520.0 1.78226145323
2530.0 1.78933502177
2540.0 1.79640859058
2550.0 1.80348215961
2560.0 1.81055572878
2570.0 1.81762929802
2580.0 1.82470286726
2590.0 1.83177643643
2600.0 1.83885000547
2610.0 1.8459235743
2620.0 1.85299714286
2630.0 1.86007071107
2640.0 1.86714427889
2650.0 1.87421784623
2660.0 1.88129141304
2670.0 1.88836497925
2680.0 1.89543854479
2690.0 1.90251210961
2700.0 1.90958567363
2710.0 1.9166592368
2720.0 1.92373279905
2730.0 1.93080636032
2740.0 1.93787992055
2750.0 1.94495347967
2760.0 1.95202703762
2770.0 1.95910059435
2780.0 1.96617414979
2790.0 1.97324770389
2800.0 1.98032125657
2810.0 1.98739480779
2820.0 1.99446835748
2830.0 2.00154190557
2840.0 2.00861545203
2850.0 2.01568899677
2860.0 2.02276253975
2870.0 2.0298360809
2880.0 2.03690962017
2890.0 2.0439831575
2900.0 2.05105669282
2910.0 2.05813022609
2920.0 2.06520375724
2930.0 2.07227728621
2940.0 2.07935081295
2950.0 2.08642433739
2960.0 2.09349785949
2970.0 2.10057137918
2980.0 2.1076448964
2990.0 2.1147184111
3000.0 2.12179192322
3010.0 2.1288654327
3020.0 2.13593893948
3030.0 2.14301244351
3040.0 2.15008594472
3050.0 2.15715944306
3060.0 2.16423293848
3070.0 2.17130643091
3080.0 2.17837992029
3090.0 2.18545340658
3100.0 2.1925268897
3110.0 2.1996003696
3120.0 2.20667384623
3130.0 2.21374731952
3140.0 2.22082078941
3150.0 2.22789425586
3160.0 2.23496771879
3170.0 2.24204117815
3180.0 2.24911463389
3190.0 2.25618808593
3200.0 2.26326153423
3210.0 2.27033497872
3220.0 2.27740841935
3230.0 2.28448185604
3240.0 2.29155528875
3250.0 2.29862871742
3260.0 2.30570214197
3270.0 2.31277556236
3280.0 2.31984897852
3290.0 2.32692239039
3300.0 2.33399579791
3310.0 2.34106920101
3320.0 2.34814259964
3330.0 2.35521599374
3340.0 2.36228938323
3350.0 2.36936276807
3360.0 2.37643614817
3370.0 2.38350952349
3380.0 2.39058289396
3390.0 2.39765625952
3400.0 2.40472962009
3410.0 2.41180297562
3420.0 2.41887632605
3430.0 2.4259496713
3440.0 2.43302301131
3450.0 2.44009634602
3460.0 2.44716967535
3470.0 2.45424299925
3480.0 2.46131631765
3490.0 2.46838963047
3500.0 2.47546293766
3510.0 2.48253623914
3520.0 2.48960953484
3530.0 2.49668282471
3540.0 2.50375610866
3550.0 2.51082938662
3560.0 2.51790265854
3570.0 2.52497592433
3580.0 2.53204918393
3590.0 2.53912243727
3600.0 2.54619568426
3610.0 2.55326892485
3620.0 2.56034215896
3630.0 2.56741538652
3640.0 2.57448860745
3650.0 2.58156182168
3660.0 2.58863502913
3670.0 2.59570822973
3680.0 2.6027814234
3690.0 2.60985461007
3700.0 2.61692778966
3710.0 2.6240009621
3720.0 2.6310741273
3730.0 2.63814728519
3740.0 2.64522043569
3750.0 2.65229357872
3760.0 2.6593667142
3770.0 2.66643984206
3780.0 2.6735129622
3790.0 2.68058607455
3800.0 2.68765917903
3810.0 2.69473227555
3820.0 2.70180536403
3830.0 2.70887844439
3840.0 2.71595151654
3850.0 2.7230245804
3860.0 2.73009763588
3870.0 2.73717068289
3880.0 2.74424372136
3890.0 2.75131675118
3900.0 2.75838977228
3910.0 2.76546278457
3920.0 2.77253578795
3930.0 2.77960878233
3940.0 2.78668176763
3950.0 2.79375474375
3960.0 2.80082771061
3970.0 2.8079006681
3980.0 2.81497361613
3990.0 2.82204655462
4000.0 2.82911948346
4010.0 2.83619240255
4020.0 2.84326531182
4030.0 2.85033821114
4040.0 2.85741110044
4050.0 2.86448397961
4060.0 2.87155684854
4070.0 2.87862970715
4080.0 2.88570255532
4090.0 2.89277539297
4100.0 2.89984821997
4110.0 2.90692103624
4120.0 2.91399384167
4130.0 2.92106663615
4140.0 2.92813941958
4150.0 2.93521219184
4160.0 2.94228495285
4170.0 2.94935770247
4180.0 2.95643044061
4190.0 2.96350316716
4200.0 2.97057588201
4210.0 2.97764858504
4220.0 2.98472127614
4230.0 2.9917939552
4240.0 2.99886662211
4250.0 3.00593927674
4260.0 3.01301191899
4270.0 3.02008454873
4280.0 3.02715716586
4290.0 3.03422977024
4300.0 3.04130236176
4310.0 3.04837494031
4320.0 3.05544750575
4330.0 3.06252005797
4340.0 3.06959259684
4350.0 3.07666512224
4360.0 3.08373763404
4370.0 3.09081013212
4380.0 3.09788261635
4390.0 3.1049550866
4400.0 3.11202754274
4410.0 3.11909998464
4420.0 3.12617241217
4430.0 3.1332448252
4440.0 3.1403172236
4450.0 3.14738960722
4460.0 3.15446197594
4470.0 3.16153432961
4480.0 3.16860666811
4490.0 3.17567899129
4500.0 3.182751299
4510.0 3.18982359112
4520.0 3.1968958675
4530.0 3.20396812799
4540.0 3.21104037245
4550.0 3.21811260074
4560.0 3.22518481271
4570.0 3.2322570082
4580.0 3.23932918709
4590.0 3.2464013492
4600.0 3.25347349439
4610.0 3.26054562252
4620.0 3.26761773342
4630.0 3.27468982694
4640.0 3.28176190293
4650.0 3.28883396122
4660.0 3.29590600166
4670.0 3.3029780241
4680.0 3.31005002836
4690.0 3.31712201429
4700.0 3.32419398172
4710.0 3.3312659305
4720.0 3.33833786044
4730.0 3.34540977139
4740.0 3.35248166319
4750.0 3.35955353564
4760.0 3.3666253886
4770.0 3.37369722188
4780.0 3.38076903531
4790.0 3.38784082872
4800.0 3.39491260192
4810.0 3.40198435475
4820.0 3.40905608702
4830.0 3.41612779855
4840.0 3.42319948917
4850.0 3.43027115868
4860.0 3.4373428069
4870.0 3.44441443365
4880.0 3.45148603874
4890.0 3.45855762197
4900.0 3.46562918317
4910.0 3.47270072214
4920.0 3.47977223867
4930.0 3.48684373259
4940.0 3.4939152037
4950.0 3.50098665178
4960.0 3.50805807666
4970.0 3.51512947812
4980.0 3.52220085596
4990.0 3.52927220998
5000.0 3.53634353998
5010.0 3.54341484574
5020.0 3.55048612706
5030.0 3.55755738373
5040.0 3.56462861554
5050.0 3.57169982227
5060.0 3.57877100371
5070.0 3.58584215965
5080.0 3.59291328985
5090.0 3.59998439412
5100.0 3.60705547221
5110.0 3.61412652392
5120.0 3.62119754902
5130.0 3.62826854727
5140.0 3.63533951845
5150.0 3.64241046234
5160.0 3.6494813787
5170.0 3.65655226729
5180.0 3.66362312789
5190.0 3.67069396025
5200.0 3.67776476414
5210.0 3.68483553932
5220.0 3.69190628554
5230.0 3.69897700256
5240.0 3.70604769014
5250.0 3.71311834803
5260.0 3.72018897598
5270.0 3.72725957374
5280.0 3.73433014106
5290.0 3.74140067767
5300.0 3.74847118334
5310.0 3.75554165778
5320.0 3.76261210076
5330.0 3.769682512
5340.0 3.77675289124
5350.0 3.78382323821
5360.0 3.79089355265
5370.0 3.79796383429
5380.0 3.80503408285
5390.0 3.81210429806
5400.0 3.81917447965
5410.0 3.82624462733
5420.0 3.83331474083
5430.0 3.84038481987
5440.0 3.84745486416
5450.0 3.85452487342
5460.0 3.86159484735
5470.0 3.86866478567
5480.0 3.87573468809
5490.0 3.88280455431
5500.0 3.88987438404
5510.0 3.89694417698
5520.0 3.90401393282
5530.0 3.91108365126
5540.0 3.91815333201
5550.0 3.92522297475
5560.0 3.93229257917
5570.0 3.93936214497
5580.0 3.94643167183
5590.0 3.95350115943
5600.0 3.96057060745
5610.0 3.96764001558
5620.0 3.97470938349
5630.0 3.98177871087
5640.0 3.98884799737
5650.0 3.99591724268
5660.0 4.00298644645
5670.0 4.01005560837
5680.0 4.01712472808
5690.0 4.02419380526
5700.0 4.03126283956
5710.0 4.03833183063
5720.0 4.04540077814
5730.0 4.05246968174
5740.0 4.05953854107
5750.0 4.06660735578
5760.0 4.07367612551
5770.0 4.08074484992
5780.0 4.08781352863
5790.0 4.09488216129
5800.0 4.10195074753
5810.0 4.10901928699
5820.0 4.11608777928
5830.0 4.12315622405
5840.0 4.13022462091
5850.0 4.13729296949
5860.0 4.14436126941
5870.0 4.15142952028
5880.0 4.15849772172
5890.0 4.16556587334
5900.0 4.17263397475
5910.0 4.17970202555
5920.0 4.18677002536
5930.0 4.19383797377
5940.0 4.20090587038
5950.0 4.20797371478
5960.0 4.21504150658
5970.0 4.22210924536
5980.0 4.2291769307
5990.0 4.23624456219
6000.0 4.24331213943
6010.0 4.25037966197
6020.0 4.25744712941
6030.0 4.26451454131
6040.0 4.27158189725
6050.0 4.27864919679
6060.0 4.28571643951
6070.0 4.29278362495
6080.0 4.29985075269
6090.0 4.30691782227
6100.0 4.31398483326
6110.0 4.3210517852
6120.0 4.32811867764
6130.0 4.33518551013
6140.0 4.34225228221
6150.0 4.34931899341
6160.0 4.35638564328
6170.0 4.36345223134
6180.0 4.37051875713
6190.0 4.37758522017
6200.0 4.38465161999
6210.0 4.39171795611
6220.0 4.39878422804
6230.0 4.4058504353
6240.0 4.41291657741
6250.0 4.41998265386
6260.0 4.42704866417
6270.0 4.43411460783
6280.0 4.44118048435
6290.0 4.44824629323
6300.0 4.45531203394
6310.0 4.46237770599
6320.0 4.46944330886
6330.0 4.47650884203
6340.0 4.48357430498
6350.0 4.49063969719
6360.0 4.49770501813
6370.0 4.50477026727
6380.0 4.51183544407
6390.0 4.518900548
6400.0 4.52596557852
6410.0 4.53303053509
6420.0 4.54009541715
6430.0 4.54716022415
6440.0 4.55422495555
6450.0 4.56128961078
6460.0 4.56835418929
6470.0 4.5754186905
6480.0 4.58248311385
6490.0 4.58954745877
6500.0 4.59661172469
6510.0 4.60367591102
6520.0 4.61074001718
6530.0 4.61780404259
6540.0 4.62486798665
6550.0 4.63193184878
6560.0 4.63899562838
6570.0 4.64605932484
6580.0 4.65312293757
6590.0 4.66018646595
6600.0 4.66724990938
6610.0 4.67431326724
6620.0 4.6813765389
6630.0 4.68843972376
6640.0 4.69550282117
6650.0 4.70256583052
6660.0 4.70962875117
6670.0 4.71669158247
6680.0 4.7237543238
6690.0 4.7308169745
6700.0 4.73787953392
6710.0 4.74494200141
6720.0 4.75200437632
6730.0 4.75906665798
6740.0 4.76612884574
6750.0 4.77319093891
6760.0 4.78025293683
6770.0 4.78731483882
6780.0 4.7943766442
6790.0 4.80143835229
6800.0 4.80849996239
6810.0 4.81556147382
6820.0 4.82262288588
6830.0 4.82968419786
6840.0 4.83674540907
6850.0 4.84380651879
6860.0 4.85086752631
6870.0 4.85792843092
6880.0 4.86498923188
6890.0 4.87204992849
6900.0 4.87911052
6910.0 4.88617100568
6920.0 4.8932313848
6930.0 4.9002916566
6940.0 4.90735182036
6950.0 4.91441187531
6960.0 4.9214718207
6970.0 4.92853165576
6980.0 4.93559137975
6990.0 4.94265099188
7000.0 4.94971049139
7010.0 4.95676987749
7020.0 4.96382914942
7030.0 4.97088830637
7040.0 4.97794734756
7050.0 4.98500627221
7060.0 4.99206507949
7070.0 4.99912376863
7080.0 5.0061823388
7090.0 5.01324078919
7100.0 5.02029911899
7110.0 5.02735732737
7120.0 5.03441541351
7130.0 5.04147337658
7140.0 5.04853121574
7150.0 5.05558893016
7160.0 5.06264651898
7170.0 5.06970398136
7180.0 5.07676131645
7190.0 5.08381852338
7200.0 5.0908756013
7210.0 5.09793254933
7220.0 5.10498936661
7230.0 5.11204605224
7240.0 5.11910260537
7250.0 5.12615902508
7260.0 5.1332153105
7270.0 5.14027146073
7280.0 5.14732747487
7290.0 5.154383352
7300.0 5.16143909123
7310.0 5.16849469162
7320.0 5.17555015227
7330.0 5.18260547224
7340.0 5.18966065061
7350.0 5.19671568644
7360.0 5.20377057878
7370.0 5.2108253267
7380.0 5.21787992924
7390.0 5.22493438545
7400.0 5.23198869436
7410.0 5.23904285502
7420.0 5.24609686644
7430.0 5.25315072766
7440.0 5.26020443768
7450.0 5.26725799554
7460.0 5.27431140023
7470.0 5.28136465076
7480.0 5.28841774612
7490.0 5.29547068532
7500.0 5.30252346733
7510.0 5.30957609115
7520.0 5.31662855574
7530.0 5.32368086008
7540.0 5.33073300315
7550.0 5.33778498389
7560.0 5.34483680127
7570.0 5.35188845423
7580.0 5.35893994173
7590.0 5.36599126271
7600.0 5.37304241609
7610.0 5.38009340081
7620.0 5.3871442158
7630.0 5.39419485997
7640.0 5.40124533223
7650.0 5.4082956315
7660.0 5.41534575668
7670.0 5.42239570666
7680.0 5.42944548034
7690.0 5.43649507659
7700.0 5.44354449432
7710.0 5.45059373237
7720.0 5.45764278964
7730.0 5.46469166498
7740.0 5.47174035725
7750.0 5.4787888653
7760.0 5.48583718798
7770.0 5.49288532413
7780.0 5.49993327259
7790.0 5.50698103219
7800.0 5.51402860175
7810.0 5.5210759801
7820.0 5.52812316604
7830.0 5.53517015838
7840.0 5.54221695592
7850.0 5.54926355747
7860.0 5.55630996181
7870.0 5.56335616772
7880.0 5.57040217398
7890.0 5.57744797938
7900.0 5.58449358266
7910.0 5.5915389826
7920.0 5.59858417796
7930.0 5.60562916747
7940.0 5.61267394988
7950.0 5.61971852394
7960.0 5.62676288837
7970.0 5.6338070419
7980.0 5.64085098325
7990.0 5.64789471113
8000.0 5.65493822426
8010.0 5.66198152132
8020.0 5.66902460103
8030.0 5.67606746206
8040.0 5.68311010311
8050.0 5.69015252285
8060.0 5.69719471996
8070.0 5.70423669309
8080.0 5.71127844091
8090.0 5.71831996208
8100.0 5.72536125523
8110.0 5.73240231902
8120.0 5.73944315207
8130.0 5.74648375302
8140.0 5.75352412049
8150.0 5.7605642531
8160.0 5.76760414946
8170.0 5.77464380816
8180.0 5.78168322782
8190.0 5.78872240702
8200.0 5.79576134434
8210.0 5.80280003838
8220.0 5.80983848769
8230.0 5.81687669085
8240.0 5.82391464643
8250.0 5.83095235296
8260.0 5.83798980901
8270.0 5.84502701311
8280.0 5.8520639638
8290.0 5.8591006596
8300.0 5.86613709905
8310.0 5.87317328066
8320.0 5.88020920293
8330.0 5.88724486438
8340.0 5.89428026349
8350.0 5.90131539876
8360.0 5.90835026868
8370.0 5.91538487172
8380.0 5.92241920636
8390.0 5.92945327105
8400.0 5.93648706426
8410.0 5.94352058444
8420.0 5.95055383004
8430.0 5.95758679949
8440.0 5.96461949123
8450.0 5.97165190368
8460.0 5.97868403527
8470.0 5.9857158844
8480.0 5.99274744949
8490.0 5.99977872893
8500.0 6.00680972112
8510.0 6.01384042444
8520.0 6.02087083728
8530.0 6.02790095801
8540.0 6.03493078499
8550.0 6.04196031658
8560.0 6.04898955115
8570.0 6.05601848704
8580.0 6.06304712258
8590.0 6.07007545612
8600.0 6.07710348597
8610.0 6.08413121047
8620.0 6.09115862792
8630.0 6.09818573663
8640.0 6.10521253491
8650.0 6.11223902104
8660.0 6.11926519331
8670.0 6.12629105001
8680.0 6.13331658941
8690.0 6.14034180978
8700.0 6.14736670937
8710.0 6.15439128644
8720.0 6.16141553924
8730.0 6.16843946601
8740.0 6.17546306498
8750.0 6.18248633438
8760.0 6.18950927242
8770.0 6.19653187733
8780.0 6.2035541473
8790.0 6.21057608054
8800.0 6.21759767525
8810.0 6.2246189296
8820.0 6.23163984177
8830.0 6.23866040994
8840.0 6.24568063228
8850.0 6.25270050694
8860.0 6.25972003208
8870.0 6.26673920584
8880.0 6.27375802635
8890.0 6.28077649176
8900.0 6.28779460018
8910.0 6.29481234974
8920.0 6.30182973854
8930.0 6.3088467647
8940.0 6.31586342629
8950.0 6.32287972143
8960.0 6.32989564819
8970.0 6.33691120464
8980.0 6.34392638887
8990.0 6.35094119892
9000.0 6.35795563287
9010.0 6.36496968875
9020.0 6.37198336461
9030.0 6.37899665849
9040.0 6.38600956842
9050.0 6.39302209241
9060.0 6.40003422848
9070.0 6.40704597465
9080.0 6.4140573289
9090.0 6.42106828925
9100.0 6.42807885367
9110.0 6.43508902014
9120.0 6.44209878665
9130.0 6.44910815115
9140.0 6.45611711161
9150.0 6.46312566598
9160.0 6.47013381221
9170.0 6.47714154823
9180.0 6.48414887199
9190.0 6.4911557814
9200.0 6.49816227439
9210.0 6.50516834886
9220.0 6.51217400273
9230.0 6.51917923388
9240.0 6.52618404023
9250.0 6.53318841963
9260.0 6.54019236999
9270.0 6.54719588916
9280.0 6.55419897502
9290.0 6.56120162541
9300.0 6.5682038382
9310.0 6.57520561121
9320.0 6.5822069423
9330.0 6.58920782929
9340.0 6.59620827001
9350.0 6.60320826226
9360.0 6.61020780387
9370.0 6.61720689263
9380.0 6.62420552634
9390.0 6.63120370279
9400.0 6.63820141976
9410.0 6.64519867503
9420.0 6.65219546637
9430.0 6.65919179153
9440.0 6.66618764829
9450.0 6.67318303437
9460.0 6.68017794753
9470.0 6.68717238551
9480.0 6.69416634602
9490.0 6.70115982679
9500.0 6.70815282554
9510.0 6.71514533998
9520.0 6.7221373678
9530.0 6.72912890671
9540.0 6.73611995439
9550.0 6.74311050851
9560.0 6.75010056677
9570.0 6.75709012682
9580.0 6.76407918633
9590.0 6.77106774296
9600.0 6.77805579434
9610.0 6.78504333813
9620.0 6.79203037195
9630.0 6.79901689345
9640.0 6.80600290023
9650.0 6.81298838992
9660.0 6.81997336012
9670.0 6.82695780844
9680.0 6.83394173247
9690.0 6.8409251298
9700.0 6.84790799802
9710.0 6.8548903347
9720.0 6.86187213741
9730.0 6.86885340371
9740.0 6.87583413117
9750.0 6.88281431733
9760.0 6.88979395974
9770.0 6.89677305593
9780.0 6.90375160344
9790.0 6.91072959979
9800.0 6.9177070425
9810.0 6.92468392908
9820.0 6.93166025704
9830.0 6.93863602387
9840.0 6.94561122708
9850.0 6.95258586415
9860.0 6.95955993255
9870.0 6.96653342977
9880.0 6.97350635327
9890.0 6.98047870051
9900.0 6.98745046895
9910.0 6.99442165605
9920.0 7.00139225923
9930.0 7.00836227595
9940.0 7.01533170363
9950.0 7.02230053969
9960.0 7.02926878157
9970.0 7.03623642666
9980.0 7.04320347237
9990.0 7.05016991612
10000.0 7.05713575529
10010.0 7.06410098726
10020.0 7.07106560944
10030.0 7.07802961918
10040.0 7.08499301387
10050.0 7.09195579086
10060.0 7.09891794752
10070.0 7.1058794812
10080.0 7.11284038926
10090.0 7.11980066902
10100.0 7.12676031782
10110.0 7.13371933301
10120.0 7.14067771189
10130.0 7.1476354518
10140.0 7.15459255004
10150.0 7.16154900392
10160.0 7.16850481074
10170.0 7.17545996781
10180.0 7.1824144724
10190.0 7.18936832181
10200.0 7.19632151331
10210.0 7.20327404418
10220.0 7.21022591169
10230.0 7.2171771131
10240.0 7.22412764567
10250.0 7.23107750665
10260.0 7.23802669328
10270.0 7.24497520282
10280.0 7.25192303249
10290.0 7.25887017953
10300.0 7.26581664115
10310.0 7.27276241459
10320.0 7.27970749706
10330.0 7.28665188577
10340.0 7.29359557792
10350.0 7.30053857071
10360.0 7.30748086134
10370.0 7.31442244699
10380.0 7.32136332486
10390.0 7.32830349212
10400.0 7.33524294594
10410.0 7.3421816835
10420.0 7.34911970196
10430.0 7.35605699848
10440.0 7.36299357022
10450.0 7.36992941432
10460.0 7.37686452794
10470.0 7.3837989082
10480.0 7.39073255226
10490.0 7.39766545724
10500.0 7.40459762026
10510.0 7.41152903845
10520.0 7.41845970893
10530.0 7.42538962882
10540.0 7.43231879521
10550.0 7.43924720521
10560.0 7.44617485593
10570.0 7.45310174446
10580.0 7.46002786788
10590.0 7.4669532233
10600.0 7.47387780778
10610.0 7.48080161842
10620.0 7.48772465227
10630.0 7.49464690642
10640.0 7.50156837792
10650.0 7.50848906385
10660.0 7.51540896125
10670.0 7.52232806719
10680.0 7.5292463787
10690.0 7.53616389285
10700.0 7.54308060666
10710.0 7.54999651718
10720.0 7.55691162145
10730.0 7.56382591648
10740.0 7.57073939932
10750.0 7.57765206698
10760.0 7.58456391648
10770.0 7.59147494485
10780.0 7.59838514908
10790.0 7.60529452619
10800.0 7.61220307319
10810.0 7.61911078708
10820.0 7.62601766486
10830.0 7.63292370352
10840.0 7.63982890005
10850.0 7.64673325145
10860.0 7.6536367547
10870.0 7.66053940678
10880.0 7.66744120468
10890.0 7.67434214536
10900.0 7.6812422258
10910.0 7.68814144298
10920.0 7.69503979386
10930.0 7.7019372754
10940.0 7.70883388457
10950.0 7.71572961833
10960.0 7.72262447363
10970.0 7.72951844743
10980.0 7.73641153667
10990.0 7.74330373831
11000.0 7.7501950493
11010.0 7.75708546657
11020.0 7.76397498707
11030.0 7.77086360774
11040.0 7.7777513255
11050.0 7.78463813731
11060.0 7.79152404009
11070.0 7.79840903076
11080.0 7.80529310626
11090.0 7.81217626352
11100.0 7.81905849945
11110.0 7.82593981097
11120.0 7.83282019502
11130.0 7.8396996485
11140.0 7.84657816834
11150.0 7.85345575143
11160.0 7.86033239471
11170.0 7.86720809508
11180.0 7.87408284945
11190.0 7.88095665472
11200.0 7.88782950781
11210.0 7.89470140561
11220.0 7.90157234504
11230.0 7.90844232299
11240.0 7.91531133637
11250.0 7.92217938207
11260.0 7.929046457
11270.0 7.93591255804
11280.0 7.94277768211
11290.0 7.94964182609
11300.0 7.95650498688
11310.0 7.96336716137
11320.0 7.97022834645
11330.0 7.97708853903
11340.0 7.98394773598
11350.0 7.9908059342
11360.0 7.99766313059
11370.0 8.00451932202
11380.0 8.01137450539
11390.0 8.0182286776
11400.0 8.02508183552
11410.0 8.03193397605
11420.0 8.03878509607
11430.0 8.04563519248
11440.0 8.05248426215
11450.0 8.05933230199
11460.0 8.06617930887
11470.0 8.07302527969
11480.0 8.07987021134
11490.0 8.08671410069
11500.0 8.09355694465
11510.0 8.10039874009
11520.0 8.10723948392
11530.0 8.11407917302
11540.0 8.12091780428
11550.0 8.12775537459
11560.0 8.13459188085
11570.0 8.14142731995
11580.0 8.14826168877
11590.0 8.15509498422
11600.0 8.16192720319
11610.0 8.16875834258
11620.0 8.17558839929
11630.0 8.1824173702
11640.0 8.18924525223
11650.0 8.19607204228
11660.0 8.20289773724
11670.0 8.20972233402
11680.0 8.21654582953
11690.0 8.22336822066
11700.0 8.23018950434
11710.0 8.23700967747
11720.0 8.24382873696
11730.0 8.25064667973
11740.0 8.25746350269
11750.0 8.26427920276
11760.0 8.27109377685
11770.0 8.2779072219
11780.0 8.28471953482
11790.0 8.29153071254
11800.0 8.29834075198
11810.0 8.30514965009
11820.0 8.31195740378
11830.0 8.31876401001
11840.0 8.32556946569
11850.0 8.33237376778
11860.0 8.33917691323
11870.0 8.34597889896
11880.0 8.35277972194
11890.0 8.35957937911
11900.0 8.36637786744
11910.0 8.37317518388
11920.0 8.37997132538
11930.0 8.38676628892
11940.0 8.39356007146
11950.0 8.40035266998
11960.0 8.40714408144
11970.0 8.41393430283
11980.0 8.42072333112
11990.0 8.42751116331
12000.0 8.43429779638
12010.0 8.44108322733
12020.0 8.44786745314
12030.0 8.45465047083
12040.0 8.46143227739
12050.0 8.46821286984
12060.0 8.47499224519
12070.0 8.48177040045
12080.0 8.48854733265
12090.0 8.49532303881
12100.0 8.50209751597
12110.0 8.50887076115
12120.0 8.5156427714
12130.0 8.52241354376
12140.0 8.52918307529
12150.0 8.53595136302
12160.0 8.54271840403
12170.0 8.54948419538
12180.0 8.55624873414
12190.0 8.56301201737
12200.0 8.56977404217
12210.0 8.57653480561
12220.0 8.58329430479
12230.0 8.59005253679
12240.0 8.59680949873
12250.0 8.6035651877
12260.0 8.61031960082
12270.0 8.61707273522
12280.0 8.623824588
12290.0 8.63057515631
12300.0 8.63732443728
12310.0 8.64407242804
12320.0 8.65081912576
12330.0 8.65756452758
12340.0 8.66430863066
12350.0 8.67105143217
12360.0 8.67779292929
12370.0 8.6845331192
12380.0 8.69127199907
12390.0 8.69800956612
12400.0 8.70474581753
12410.0 8.71148075051
12420.0 8.71821436228
12430.0 8.72494665006
12440.0 8.73167761108
12450.0 8.73840724258
12460.0 8.74513554179
12470.0 8.75186250596
12480.0 8.75858813236
12490.0 8.76531241825
12500.0 8.77203536091
12510.0 8.77875695761
12520.0 8.78547720564
12530.0 8.79219610229
12540.0 8.79891364488
12550.0 8.80562983071
12560.0 8.81234465711
12570.0 8.8190581214
12580.0 8.82577022092
12590.0 8.83248095301
12600.0 8.83919031503
12610.0 8.84589830434
12620.0 8.85260491831
12630.0 8.85931015431
12640.0 8.86601400975
12650.0 8.872716482
12660.0 8.87941756848
12670.0 8.88611726661
12680.0 8.8928155738
12690.0 8.89951248748
12700.0 8.90620800511
12710.0 8.91290212413
12720.0 8.919594842
12730.0 8.92628615619
12740.0 8.93297606418
12750.0 8.93966456346
12760.0 8.94635165152
12770.0 8.95303732589
12780.0 8.95972158407
12790.0 8.96640442359
12800.0 8.97308584199
12810.0 8.97976583683
12820.0 8.98644440565
12830.0 8.99312154602
12840.0 8.99979725554
12850.0 9.00647153178