750.0 0.530384304864
760.0 0.537450795002
770.0 0.544517490209
780.0 0.55158438216
790.0 0.55865146295
800.0 0.56571872508
810.0 0.572786161423
820.0 0.579853765204
830.0 0.586921529981
840.0 0.593989449623
850.0 0.601057518289
860.0 0.608125730419
870.0 0.61519408071
880.0 0.622262564104
890.0 0.629331175776
900.0 0.636399911119
910.0 0.643468765732
920.0 0.650537735411
930.0 0.657606816133
940.0 0.664676004054
950.0 0.671745295493
960.0 0.678814686926
970.0 0.68588417498
980.0 0.69295375642
990.0 0.700023428147
1000.0 0.707093187189
1010.0 0.714163030694
1020.0 0.721232955925
1030.0 0.728302960255
1040.0 0.73537304116
1050.0 0.742443196216
1060.0 0.749513423092
1070.0 0.756583719547
1080.0 0.763654083427
1090.0 0.770724512658
1100.0 0.777795005244
1110.0 0.784865559264
1120.0 0.791936172867
1130.0 0.799006844271
1140.0 0.806077571757
1150.0 0.81314835367
1160.0 0.820219188412
1170.0 0.827290074444
1180.0 0.834361010277
1190.0 0.84143199448
1200.0 0.848503025665
1210.0 0.855574102497
1220.0 0.862645223683
1230.0 0.869716387976
1240.0 0.876787594169
1250.0 0.883858841097
1260.0 0.890930127632
1270.0 0.898001452683
1280.0 0.905072815196
1290.0 0.91214421415
1300.0 0.919215648557
1310.0 0.92628711746
1320.0 0.933358619933
1330.0 0.940430155079
1340.0 0.947501722029
1350.0 0.95457331994
1360.0 0.961644947997
1370.0 0.968716605407
1380.0 0.975788291403
1390.0 0.982860005241
1400.0 0.989931746199
1410.0 0.997003513576
1420.0 1.00407530669
1430.0 1.01114712489
1440.0 1.01821896752
1450.0 1.02529083397
1460.0 1.03236272364
1470.0 1.03943463592
1480.0 1.04650657026
1490.0 1.05357852611
1500.0 1.06065050291
1510.0 1.06772250015
1520.0 1.07479451731
1530.0 1.08186655391
1540.0 1.08893860946
1550.0 1.09601068349
1560.0 1.10308277555
1570.0 1.11015488518
1580.0 1.11722701196
1590.0 1.12429915547
1600.0 1.1313713153
1610.0 1.13844349105
1620.0 1.14551568232
1630.0 1.15258788874
1640.0 1.15966010995
1650.0 1.16673234557
1660.0 1.17380459527
1670.0 1.18087685869
1680.0 1.18794913551
1690.0 1.1950214254
1700.0 1.20209372804
1710.0 1.20916604312
1720.0 1.21623837034
1730.0 1.2233107094
1740.0 1.23038306003
1750.0 1.23745542193
1760.0 1.24452779483
1770.0 1.25160017846
1780.0 1.25867257257
1790.0 1.2657449769
1800.0 1.27281739119
1810.0 1.27988981521
1820.0 1.28696224871
1830.0 1.29403469146
1840.0 1.30110714324
1850.0 1.30817960381
1860.0 1.31525207297
1870.0 1.3223245505
1880.0 1.32939703619
1890.0 1.33646952984
1900.0 1.34354203125
1910.0 1.35061454021
1920.0 1.35768705655
1930.0 1.36475958007
1940.0 1.37183211059
1950.0 1.37890464793
1960.0 1.38597719191
1970.0 1.39304974236
1980.0 1.40012229912
1990.0 1.40719486201
2000.0 1.41426743088
2010.0 1.42134000556
2020.0 1.4284125859
2030.0 1.43548517175
2040.0 1.44255776296
2050.0 1.44963035937
2060.0 1.45670296085
2070.0 1.46377556725
2080.0 1.47084817844
2090.0 1.47792079427
2100.0 1.48499341461
2110.0 1.49206603934
2120.0 1.49913866832
2130.0 1.50621130142
2140.0 1.51328393852
2150.0 1.5203565795
2160.0 1.52742922423
2170.0 1.53450187261
2180.0 1.5415745245
2190.0 1.54864717981
2200.0 1.5557198384
2210.0 1.56279250018
2220.0 1.56986516504
2230.0 1.57693783286
2240.0 1.58401050354
2250.0 1.59108317698
2260.0 1.59815585307
2270.0 1.60522853172
2280.0 1.61230121282
2290.0 1.61937389627
2300.0 1.62644658199
2310.0 1.63351926987
2320.0 1.64059195982
2330.0 1.64766465175
2340.0 1.65473734557
2350.0 1.66181004118
2360.0 1.6688827385
2370.0 1.67595543744
2380.0 1.68302813792
2390.0 1.69010083985
2400.0 1.69717354314
2410.0 1.70424624771
2420.0 1.71131895348
2430.0 1.71839166037
2440.0 1.72546436829
2450.0 1.73253707718
2460.0 1.73960978694
2470.0 1.74668249751
2480.0 1.75375520881
2490.0 1.76082792075
2500.0 1.76790063327
2510.0 1.77497334629
2520.0 1.78204605973
2530.0 1.78911877353
2540.0 1.79619148762
2550.0 1.80326420191
2560.0 1.81033691634
2570.0 1.81740963085
2580.0 1.82448234535
2590.0 1.83155505979
2600.0 1.83862777408
2610.0 1.84570048818
2620.0 1.852773202
2630.0 1.85984591548
2640.0 1.86691862856
2650.0 1.87399134117
2660.0 1.88106405324
2670.0 1.88813676471
2680.0 1.89520947552
2690.0 1.9022821856
2700.0 1.90935489489
2710.0 1.91642760332
2720.0 1.92350031083
2730.0 1.93057301737
2740.0 1.93764572286
2750.0 1.94471842724
2760.0 1.95179113046
2770.0 1.95886383246
2780.0 1.96593653316
2790.0 1.97300923252
2800.0 1.98008193047
2810.0 1.98715462695
2820.0 1.9942273219
2830.0 2.00130001526
2840.0 2.00837270698
2850.0 2.01544539698
2860.0 2.02251808522
2870.0 2.02959077164
2880.0 2.03666345617
2890.0 2.04373613876
2900.0 2.05080881935
2910.0 2.05788149788
2920.0 2.0649541743
2930.0 2.07202684853
2940.0 2.07909952053
2950.0 2.08617219025
2960.0 2.09324485761
2970.0 2.10031752256
2980.0 2.10739018505
2990.0 2.11446284501
3000.0 2.12153550239
3010.0 2.12860815713
3020.0 2.13568080918
3030.0 2.14275345847
3040.0 2.14982610495
3050.0 2.15689874856
3060.0 2.16397138923
3070.0 2.17104402693
3080.0 2.17811666158
3090.0 2.18518929312
3100.0 2.19226192151
3110.0 2.19933454668
3120.0 2.20640716857
3130.0 2.21347978712
3140.0 2.22055240228
3150.0 2.22762501399
3160.0 2.23469762219
3170.0 2.24177022681
3180.0 2.24884282781
3190.0 2.25591542512
3200.0 2.26298801868
3210.0 2.27006060844
3220.0 2.27713319432
3230.0 2.28420577629
3240.0 2.29127835426
3250.0 2.29835092819
3260.0 2.30542349801
3270.0 2.31249606366
3280.0 2.31956862508
3290.0 2.32664118222
3300.0 2.333713735
3310.0 2.34078628337
3320.0 2.34785882726
3330.0 2.35493136662
3340.0 2.36200390138
3350.0 2.36907643147
3360.0 2.37614895685
3370.0 2.38322147743
3380.0 2.39029399316
3390.0 2.39736650398
3400.0 2.40443900982
3410.0 2.41151151062
3420.0 2.4185840063
3430.0 2.42565649682
3440.0 2.43272898209
3450.0 2.43980146206
3460.0 2.44687393666
3470.0 2.45394640583
3480.0 2.46101886949
3490.0 2.46809132758
3500.0 2.47516378003
3510.0 2.48223622677
3520.0 2.48930866774
3530.0 2.49638110286
3540.0 2.50345353208
3550.0 2.51052595531
3560.0 2.51759837249
3570.0 2.52467078355
3580.0 2.53174318841
3590.0 2.53881558701
3600.0 2.54588797927
3610.0 2.55296036513
3620.0 2.5600327445
3630.0 2.56710511732
3640.0 2.57417748351
3650.0 2.581249843
3660.0 2.58832219572
3670.0 2.59539454158
3680.0 2.60246688052
3690.0 2.60953921245
3700.0 2.61661153731
3710.0 2.62368385501
3720.0 2.63075616547
3730.0 2.63782846863
3740.0 2.64490076439
3750.0 2.65197305269
3760.0 2.65904533343
3770.0 2.66611760655
3780.0 2.67318987196
3790.0 2.68026212957
3800.0 2.68733437931
3810.0 2.6944066211
3820.0 2.70147885484
3830.0 2.70855108046
3840.0 2.71562329788
3850.0 2.722695507
3860.0 2.72976770775
3870.0 2.73683990003
3880.0 2.74391208375
3890.0 2.75098425884
3900.0 2.75805642521
3910.0 2.76512858276
3920.0 2.7722007314
3930.0 2.77927287105
3940.0 2.78634500161
3950.0 2.793417123
3960.0 2.80048923511
3970.0 2.80756133787
3980.0 2.81463343117
3990.0 2.82170551491
4000.0 2.82877758902
4010.0 2.83584965338
4020.0 2.84292170791
4030.0 2.8499937525
4040.0 2.85706578706
4050.0 2.86413781149
4060.0 2.87120982569
4070.0 2.87828182956
4080.0 2.885353823
4090.0 2.8924258059
4100.0 2.89949777818
4110.0 2.90656973971
4120.0 2.9136416904
4130.0 2.92071363014
4140.0 2.92778555883
4150.0 2.93485747637
4160.0 2.94192938263
4170.0 2.94900127752
4180.0 2.95607316093
4190.0 2.96314503274
4200.0 2.97021689285
4210.0 2.97728874114
4220.0 2.98436057751
4230.0 2.99143240183
4240.0 2.998504214
4250.0 3.0055760139
4260.0 3.01264780141
4270.0 3.01971957642
4280.0 3.02679133881
4290.0 3.03386308845
4300.0 3.04093482524
4310.0 3.04800654905
4320.0 3.05507825976
4330.0 3.06214995724
4340.0 3.06922164137
4350.0 3.07629331204
4360.0 3.08336496911
4370.0 3.09043661245
4380.0 3.09750824194
4390.0 3.10457985745
4400.0 3.11165145886
4410.0 3.11872304603
4420.0 3.12579461882
4430.0 3.13286617712
4440.0 3.13993772077
4450.0 3.14700924966
4460.0 3.15408076364
4470.0 3.16115226258
4480.0 3.16822374634
4490.0 3.17529521478
4500.0 3.18236666776
4510.0 3.18943810514
4520.0 3.19650952678
4530.0 3.20358093254
4540.0 3.21065232227
4550.0 3.21772369582
4560.0 3.22479505305
4570.0 3.23186639381
4580.0 3.23893771796
4590.0 3.24600902533
4600.0 3.25308031579
4610.0 3.26015158918
4620.0 3.26722284534
4630.0 3.27429408413
4640.0 3.28136530538
4650.0 3.28843650894
4660.0 3.29550769464
4670.0 3.30257886234
4680.0 3.30965001187
4690.0 3.31672114306
4700.0 3.32379225576
4710.0 3.3308633498
4720.0 3.33793442501
4730.0 3.34500548122
4740.0 3.35207651828
4750.0 3.359147536
4760.0 3.36621853422
4770.0 3.37328951276
4780.0 3.38036047146
4790.0 3.38743141013
4800.0 3.3945023286
4810.0 3.40157322669
4820.0 3.40864410422
4830.0 3.41571496102
4840.0 3.4227857969
4850.0 3.42985661167
4860.0 3.43692740516
4870.0 3.44399817717
4880.0 3.45106892752
4890.0 3.45813965602
4900.0 3.46521036249
4910.0 3.47228104671
4920.0 3.47935170852
4930.0 3.4864223477
4940.0 3.49349296407
4950.0 3.50056355742
4960.0 3.50763412755
4970.0 3.51470467428
4980.0 3.52177519738
4990.0 3.52884569667
5000.0 3.53591617193
5010.0 3.54298662296
5020.0 3.55005704954
5030.0 3.55712745148
5040.0 3.56419782855
5050.0 3.57126818055
5060.0 3.57833850725
5070.0 3.58540880845
5080.0 3.59247908392
5090.0 3.59954933345
5100.0 3.60661955681
5110.0 3.61368975378
5120.0 3.62075992414
5130.0 3.62783006765
5140.0 3.6349001841
5150.0 3.64197027325
5160.0 3.64904033487
5170.0 3.65611036873
5180.0 3.66318037459
5190.0 3.67025035222
5200.0 3.67732030137
5210.0 3.68439022181
5220.0 3.6914601133
5230.0 3.69852997559
5240.0 3.70559980843
5250.0 3.71266961159
5260.0 3.7197393848
5270.0 3.72680912782
5280.0 3.7338788404
5290.0 3.74094852228
5300.0 3.74801817321
5310.0 3.75508779292
5320.0 3.76215738116
5330.0 3.76922693766
5340.0 3.77629646216
5350.0 3.7833659544
5360.0 3.7904354141
5370.0 3.797504841
5380.0 3.80457423483
5390.0 3.81164359531
5400.0 3.81871292216
5410.0 3.8257822151
5420.0 3.83285147387
5430.0 3.83992069817
5440.0 3.84698988773
5450.0 3.85405904225
5460.0 3.86112816144
5470.0 3.86819724503
5480.0 3.87526629271
5490.0 3.8823353042
5500.0 3.88940427919
5510.0 3.89647321739
5520.0 3.90354211849
5530.0 3.91061098221
5540.0 3.91767980822
5550.0 3.92474859622
5560.0 3.93181734591
5570.0 3.93888605697
5580.0 3.94595472909
5590.0 3.95302336195
5600.0 3.96009195524
5610.0 3.96716050863
5620.0 3.97422902181
5630.0 3.98129749445
5640.0 3.98836592621
5650.0 3.99543431678
5660.0 4.00250266582
5670.0 4.009570973
5680.0 4.01663923798
5690.0 4.02370746042
5700.0 4.03077563998
5710.0 4.03784377632
5720.0 4.0449118691
5730.0 4.05197991796
5740.0 4.05904792255
5750.0 4.06611588252
5760.0 4.07318379752
5770.0 4.08025166719
5780.0 4.08731949117
5790.0 4.09438726909
5800.0 4.1014550006
5810.0 4.10852268532
5820.0 4.11559032288
5830.0 4.12265791291
5840.0 4.12972545503
5850.0 4.13679294888
5860.0 4.14386039406
5870.0 4.15092779019
5880.0 4.15799513689
5890.0 4.16506243378
5900.0 4.17212968045
5910.0 4.17919687652
5920.0 4.18626402159
5930.0 4.19333111527
5940.0 4.20039815714
5950.0 4.20746514681
5960.0 4.21453208387
5970.0 4.22159896791
5980.0 4.22866579852
5990.0 4.23573257528
6000.0 4.24279929777
6010.0 4.24986596558
6020.0 4.25693257828
6030.0 4.26399913545
6040.0 4.27106563665
6050.0 4.27813208146
6060.0 4.28519846943
6070.0 4.29226480014
6080.0 4.29933107314
6090.0 4.30639728799
6100.0 4.31346344424
6110.0 4.32052954145
6120.0 4.32759557916
6130.0 4.33466155691
6140.0 4.34172747425
6150.0 4.34879333072
6160.0 4.35585912585
6170.0 4.36292485917
6180.0 4.36999053023
6190.0 4.37705613853
6200.0 4.38412168361
6210.0 4.391187165
6220.0 4.39825258219
6230.0 4.40531793472
6240.0 4.41238322208
6250.0 4.4194484438
6260.0 4.42651359937
6270.0 4.4335786883
6280.0 4.44064371009
6290.0 4.44770866422
6300.0 4.45477355021
6310.0 4.46183836752
6320.0 4.46890311565
6330.0 4.47596779409
6340.0 4.4830324023
6350.0 4.49009693977
6360.0 4.49716140597
6370.0 4.50422580038
6380.0 4.51129012244
6390.0 4.51835437164
6400.0 4.52541854742
6410.0 4.53248264925
6420.0 4.53954667658
6430.0 4.54661062885
6440.0 4.55367450551
6450.0 4.560738306
6460.0 4.56780202977
6470.0 4.57486567625
6480.0 4.58192924487
6490.0 4.58899273505
6500.0 4.59605614623
6510.0 4.60311947782
6520.0 4.61018272925
6530.0 4.61724589992
6540.0 4.62430898925
6550.0 4.63137199664
6560.0 4.6384349215
6570.0 4.64549776323
6580.0 4.65256052122
6590.0 4.65962319487
6600.0 4.66668578356
6610.0 4.67374828668
6620.0 4.68081070361
6630.0 4.68787303373
6640.0 4.69493527641
6650.0 4.70199743102
6660.0 4.70905949693
6670.0 4.7161214735
6680.0 4.72318336009
6690.0 4.73024515605
6700.0 4.73730686074
6710.0 4.74436847349
6720.0 4.75142999367
6730.0 4.75849142059
6740.0 4.76555275361
6750.0 4.77261399204
6760.0 4.77967513523
6770.0 4.78673618248
6780.0 4.79379713313
6790.0 4.80085798648
6800.0 4.80791874185
6810.0 4.81497939854
6820.0 4.82203995586
6830.0 4.82910041311
6840.0 4.83616076958
6850.0 4.84322102457
6860.0 4.85028117735
6870.0 4.85734122722
6880.0 4.86440117345
6890.0 4.87146101532
6900.0 4.87852075209
6910.0 4.88558038304
6920.0 4.89263990742
6930.0 4.89969932449
6940.0 4.90675863351
6950.0 4.91381783372
6960.0 4.92087692438
6970.0 4.92793590471
6980.0 4.93499477396
6990.0 4.94205353135
7000.0 4.94911217612
7010.0 4.95617070749
7020.0 4.96322912468
7030.0 4.9702874269
7040.0 4.97734561335
7050.0 4.98440368326
7060.0 4.99146163581
7070.0 4.99851947021
7080.0 5.00557718564
7090.0 5.0126347813
7100.0 5.01969225636
7110.0 5.02674961001
7120.0 5.03380684141
7130.0 5.04086394975
7140.0 5.04792093417
7150.0 5.05497779385
7160.0 5.06203452794
7170.0 5.06909113559
7180.0 5.07614761594
7190.0 5.08320396813
7200.0 5.09026019131
7210.0 5.09731628461
7220.0 5.10437224715
7230.0 5.11142807805
7240.0 5.11848377643
7250.0 5.12553934142
7260.0 5.1325947721
7270.0 5.13965006759
7280.0 5.14670522699
7290.0 5.15376024939
7300.0 5.16081513388
7310.0 5.16786987954
7320.0 5.17492448545
7330.0 5.18197895069
7340.0 5.18903327432
7350.0 5.19608745541
7360.0 5.20314149302
7370.0 5.2101953862
7380.0 5.21724913401
7390.0 5.22430273548
7400.0 5.23135618966
7410.0 5.23840949557
7420.0 5.24546265226
7430.0 5.25251565874
7440.0 5.25956851403
7450.0 5.26662121715
7460.0 5.2736737671
7470.0 5.2807261629
7480.0 5.28777840352
7490.0 5.29483048798
7500.0 5.30188241526
7510.0 5.30893418434
7520.0 5.3159857942
7530.0 5.3230372438
7540.0 5.33008853213
7550.0 5.33713965814
7560.0 5.34419062078
7570.0 5.35124141901
7580.0 5.35829205178
7590.0 5.36534251801
7600.0 5.37239281666
7610.0 5.37944294665
7620.0 5.3864929069
7630.0 5.39354269633
7640.0 5.40059231386
7650.0 5.40764175839
7660.0 5.41469102883
7670.0 5.42174012408
7680.0 5.42878904302
7690.0 5.43583778454
7700.0 5.44288634752
7710.0 5.44993473085
7720.0 5.45698293338
7730.0 5.46403095398
7740.0 5.47107879151
7750.0 5.47812644483
7760.0 5.48517391277
7770.0 5.49222119419
7780.0 5.49926828791
7790.0 5.50631519278
7800.0 5.5133619076
7810.0 5.52040843121
7820.0 5.52745476241
7830.0 5.53450090002
7840.0 5.54154684283
7850.0 5.54859258964
7860.0 5.55563813924
7870.0 5.56268349041
7880.0 5.56972864194
7890.0 5.5767735926
7900.0 5.58381834115
7910.0 5.59086288635
7920.0 5.59790722697
7930.0 5.60495136175
7940.0 5.61199528943
7950.0 5.61903900875
7960.0 5.62608251844
7970.0 5.63312581724
7980.0 5.64016890385
7990.0 5.64721177699
8000.0 5.65425443538
8010.0 5.66129687771
8020.0 5.66833910268
8030.0 5.67538110898
8040.0 5.68242289529
8050.0 5.6894644603
8060.0 5.69650580266
8070.0 5.70354692106
8080.0 5.71058781415
8090.0 5.71762848058
8100.0 5.724668919
8110.0 5.73170912805
8120.0 5.73874910637
8130.0 5.74578885258
8140.0 5.75282836531
8150.0 5.75986764319
8160.0 5.7669066848
8170.0 5.77394548877
8180.0 5.78098405369
8190.0 5.78802237816
8200.0 5.79506046075
8210.0 5.80209830004
8220.0 5.80913589462
8230.0 5.81617324305
8240.0 5.82321034389
8250.0 5.83024719568
8260.0 5.837283797
8270.0 5.84432014636
8280.0 5.85135624231
8290.0 5.85839208338
8300.0 5.8654276681
8310.0 5.87246299497
8320.0 5.8794980625
8330.0 5.88653286921
8340.0 5.89356741359
8350.0 5.90060169413
8360.0 5.90763570931
8370.0 5.91466945761
8380.0 5.92170293751
8390.0 5.92873614747
8400.0 5.93576908594
8410.0 5.94280175139
8420.0 5.94983414225
8430.0 5.95686625696
8440.0 5.96389809396
8450.0 5.97092965168
8460.0 5.97796092853
8470.0 5.98499192293
8480.0 5.99202263328
8490.0 5.99905305799
8500.0 6.00608319544
8510.0 6.01311304403
8520.0 6.02014260213
8530.0 6.02717186812
8540.0 6.03420084036
8550.0 6.04122951722
8560.0 6.04825789706
8570.0 6.05528597821
8580.0 6.06231375901
8590.0 6.06934123781
8600.0 6.07636841293
8610.0 6.08339528269
8620.0 6.09042184541
8630.0 6.09744809938
8640.0 6.10447404292
8650.0 6.11149967432
8660.0 6.11852499186
8670.0 6.12554999382
8680.0 6.13257467849
8690.0 6.13959904412
8700.0 6.14662308897
8710.0 6.15364681131
8720.0 6.16067020937
8730.0 6.1676932814
8740.0 6.17471602564
8750.0 6.1817384403
8760.0 6.18876052361
8770.0 6.19578227378
8780.0 6.20280368901
8790.0 6.20982476752
8800.0 6.21684550749
8810.0 6.2238659071
8820.0 6.23088596454
8830.0 6.23790567797
8840.0 6.24492504558
8850.0 6.2519440655
8860.0 6.2589627359
8870.0 6.26598105492
8880.0 6.2729990207
8890.0 6.28001663137
8900.0 6.28703388506
8910.0 6.29405077988
8920.0 6.30106731395
8930.0 6.30808348536
8940.0 6.31509929223
8950.0 6.32211473263
8960.0 6.32912980465
8970.0 6.33614450637
8980.0 6.34315883586
8990.0 6.35017279118
9000.0 6.35718637039
9010.0 6.36419957153
9020.0 6.37121239266
9030.0 6.3782248318
9040.0 6.38523688699
9050.0 6.39224855624
9060.0 6.39925983758
9070.0 6.40627072901
9080.0 6.41328122853
9090.0 6.42029133414
9100.0 6.42730104382
9110.0 6.43431035556
9120.0 6.44131926733
9130.0 6.4483277771
9140.0 6.45533588282
9150.0 6.46234358246
9160.0 6.46935087395
9170.0 6.47635775524
9180.0 6.48336422425
9190.0 6.49037027893
9200.0 6.49737591718
9210.0 6.50438113692
9220.0 6.51138593605
9230.0 6.51839031247
9240.0 6.52539426408
9250.0 6.53239778875
9260.0 6.53940088437
9270.0 6.54640354881
9280.0 6.55340577992
9290.0 6.56040757558
9300.0 6.56740893363
9310.0 6.57440985191
9320.0 6.58141032826
9330.0 6.58841036052
9340.0 6.5954099465
9350.0 6.60240908402
9360.0 6.60940777089
9370.0 6.61640600491
9380.0 6.62340378388
9390.0 6.6304011056
9400.0 6.63739796783
9410.0 6.64439436837
9420.0 6.65139030497
9430.0 6.6583857754
9440.0 6.66538077741
9450.0 6.67237530876
9460.0 6.67936936719
9470.0 6.68636295043
9480.0 6.6933560562
9490.0 6.70034868224
9500.0 6.70734082626
9510.0 6.71433248596
9520.0 6.72132365904
9530.0 6.72831434321
9540.0 6.73530453615
9550.0 6.74229423555
9560.0 6.74928343907
9570.0 6.75627214438
9580.0 6.76326034916
9590.0 6.77024805104
9600.0 6.77723524769
9610.0 6.78422193674
9620.0 6.79120811583
9630.0 6.79819378259
9640.0 6.80517893463
9650.0 6.81216356959
9660.0 6.81914768505
9670.0 6.82613127863
9680.0 6.83311434793
9690.0 6.84009689053
9700.0 6.84707890401
9710.0 6.85406038595
9720.0 6.86104133393
9730.0 6.8680217455
9740.0 6.87500161822
9750.0 6.88198094964
9760.0 6.88895973731
9770.0 6.89593797877
9780.0 6.90291567154
9790.0 6.90989281315
9800.0 6.91686940113
9810.0 6.92384543297
9820.0 6.93082090619
9830.0 6.93779581829
9840.0 6.94477016676
9850.0 6.95174394909
9860.0 6.95871716276
9870.0 6.96568980524
9880.0 6.97266187401
9890.0 6.97963336652
9900.0 6.98660428022
9910.0 6.99357461258
9920.0 7.00054436103
9930.0 7.00751352301
9940.0 7.01448209595
9950.0 7.02145007728
9960.0 7.02841746442
9970.0 7.03538425477
9980.0 7.04235044575
9990.0 7.04931603476
10000.0 7.05628101919
10010.0 7.06324539644
10020.0 7.07020916387
10030.0 7.07717231888
10040.0 7.08413485883
10050.0 7.09109678109
10060.0 7.09805808301
10070.0 7.10501876196
10080.0 7.11197881527
10090.0 7.1189382403
10100.0 7.12589703437
10110.0 7.13285519482
10120.0 7.13981271897
10130.0 7.14676960414
10140.0 7.15372584764
10150.0 7.16068144679
10160.0 7.16763639887
10170.0 7.1745907012
10180.0 7.18154435106
10190.0 7.18849734573
10200.0 7.1954496825
10210.0 7.20240135863
10220.0 7.20935237141
10230.0 7.21630271808
10240.0 7.22325239591
10250.0 7.23020140215
10260.0 7.23714973405
10270.0 7.24409738885
10280.0 7.25104436379
10290.0 7.25799065609
10300.0 7.26493626298
10310.0 7.27188118168
10320.0 7.27882540941
10330.0 7.28576894338
10340.0 7.2927117808
10350.0 7.29965391885
10360.0 7.30659535474
10370.0 7.31353608566
10380.0 7.32047610879
10390.0 7.32741542132
10400.0 7.3343540204
10410.0 7.34129190323
10420.0 7.34822906695
10430.0 7.35516550874
10440.0 7.36210122574
10450.0 7.3690362151
10460.0 7.37597047398
10470.0 7.38290399951
10480.0 7.38983678883
10490.0 7.39676883907
10500.0 7.40370014736
10510.0 7.41063071082
10520.0 7.41756052656
10530.0 7.42448959171
10540.0 7.43141790336
10550.0 7.43834545863
10560.0 7.44527225462
10570.0 7.45219828841
10580.0 7.4591235571
10590.0 7.46604805778
10600.0 7.47297178753
10610.0 7.47989474342
10620.0 7.48681692254
10630.0 7.49373832195
10640.0 7.50065893872
10650.0 7.50757876991
10660.0 7.51449781258
10670.0 7.52141606378
10680.0 7.52833352056
10690.0 7.53525017996
10700.0 7.54216603904
10710.0 7.54908109483
10720.0 7.55599534436
10730.0 7.56290878466
10740.0 7.56982141276
10750.0 7.57673322568
10760.0 7.58364422045
10770.0 7.59055439407
10780.0 7.59746374357
10790.0 7.60437226595
10800.0 7.61127995821
10810.0 7.61818681737
10820.0 7.62509284041
10830.0 7.63199802433
10840.0 7.63890236613
10850.0 7.64580586279
10860.0 7.6527085113
10870.0 7.65961030865
10880.0 7.66651125181
10890.0 7.67341133775
10900.0 7.68031056346
10910.0 7.6872089259
10920.0 7.69410642204
10930.0 7.70100304885
10940.0 7.70789880329
10950.0 7.71479368231
10960.0 7.72168768287
10970.0 7.72858080193
10980.0 7.73547303644
10990.0 7.74236438335
11000.0 7.7492548396
11010.0 7.75614440213
11020.0 7.7630330679
11030.0 7.76992083383
11040.0 7.77680769686
11050.0 7.78369365393
11060.0 7.79057870197
11070.0 7.79746283791
11080.0 7.80434605867
11090.0 7.81122836119
11100.0 7.81810974238
11110.0 7.82499019918
11120.0 7.83186972849
11130.0 7.83874832723
11140.0 7.84562599233
11150.0 7.85250272069
11160.0 7.85937850923
11170.0 7.86625335486
11180.0 7.87312725449
11190.0 7.88000020503
11200.0 7.88687220338
11210.0 7.89374324645
11220.0 7.90061333114
11230.0 7.90748245436
11240.0 7.914350613
11250.0 7.92121780397
11260.0 7.92808402416
11270.0 7.93494927047
11280.0 7.9418135398
11290.0 7.94867682904
11300.0 7.95553913509
11310.0 7.96240045485
11320.0 7.9692607852
11330.0 7.97612012303
11340.0 7.98297846525
11350.0 7.98983580874
11360.0 7.99669215038
11370.0 8.00354748708
11380.0 8.01040181572
11390.0 8.01725513319
11400.0 8.02410743637
11410.0 8.03095872217
11420.0 8.03780898745
11430.0 8.04465822912
11440.0 8.05150644406
11450.0 8.05835362916
11460.0 8.06519978131
11470.0 8.07204489739
11480.0 8.0788889743
11490.0 8.08573200892
11500.0 8.09257399814
11510.0 8.09941493885
11520.0 8.10625482794
11530.0 8.11309366231
11540.0 8.11993143883
11550.0 8.12676815441
11560.0 8.13360380593
11570.0 8.14043839029
11580.0 8.14727190438
11590.0 8.15410434509
11600.0 8.16093570933
11610.0 8.16776599398
11620.0 8.17459519595
11630.0 8.18142331213
11640.0 8.18825033942
11650.0 8.19507627473
11660.0 8.20190111495
11670.0 8.208724857
11680.0 8.21554749777
11690.0 8.22236903417
11700.0 8.22918946311
11710.0 8.23600878151
11720.0 8.24282698626
11730.0 8.24964407429
11740.0 8.25646004252
11750.0 8.26327488785
11760.0 8.27008860721
11770.0 8.27690119752
11780.0 8.2837126557
11790.0 8.29052297868
11800.0 8.2973321634
11810.0 8.30414020676
11820.0 8.31094710572
11830.0 8.31775285721
11840.0 8.32455745816
11850.0 8.33136090551
11860.0 8.33816319622
11870.0 8.34496432722
11880.0 8.35176429546
11890.0 8.3585630979
11900.0 8.36536073149
11910.0 8.37215719319
11920.0 8.37895247996
11930.0 8.38574658876
11940.0 8.39253951657
11950.0 8.39933126035
11960.0 8.40612181707
11970.0 8.41291118372
11980.0 8.41969935728
11990.0 8.42648633474
12000.0 8.43327211307
12010.0 8.44005668928
12020.0 8.44684006036
12030.0 8.45362222331
12040.0 8.46040317514
12050.0 8.46718291285
12060.0 8.47396143346
12070.0 8.48073873399
12080.0 8.48751481145
12090.0 8.49428966288
12100.0 8.5010632853
12110.0 8.50783567574
12120.0 8.51460683126
12130.0 8.52137674888
12140.0 8.52814542567
12150.0 8.53491285867
12160.0 8.54167904495
12170.0 8.54844398156
12180.0 8.55520766558
12190.0 8.56197009408
12200.0 8.56873126414
12210.0 8.57549117284
12220.0 8.58224981728
12230.0 8.58900719455
12240.0 8.59576330175
12250.0 8.60251813599
12260.0 8.60927169437
12270.0 8.61602397403
12280.0 8.62277497208
12290.0 8.62952468565
12300.0 8.63627311188
12310.0 8.64302024791
12320.0 8.64976609089
12330.0 8.65651063797
12340.0 8.66325388632
12350.0 8.6699958331
12360.0 8.67673647548
12370.0 8.68347581065
12380.0 8.69021383579
12390.0 8.6969505481
12400.0 8.70368594477
12410.0 8.71042002302
12420.0 8.71715278006
12430.0 8.7238842131
12440.0 8.73061431938
12450.0 8.73734309614
12460.0 8.74407054061
12470.0 8.75079665005
12480.0 8.75752142172
12490.0 8.76424485287
12500.0 8.77096694079
12510.0 8.77768768275
12520.0 8.78440707605
12530.0 8.79112511797
12540.0 8.79784180582
12550.0 8.80455713692
12560.0 8.81127110858
12570.0 8.81798371813
12580.0 8.82469496291
12590.0 8.83140484027
12600.0 8.83811334755
12610.0 8.84482048213
12620.0 8.85152624136
12630.0 8.85823062263
12640.0 8.86493362332
12650.0 8.87163524084
12660.0 8.87833547259
12670.0 8.88503431598
12680.0 8.89173176843
12690.0 8.89842782738
12700.0 8.90512249027
12710.0 8.91181575455
12720.0 8.91850761769
12730.0 8.92519807714
12740.0 8.9318871304
12750.0 8.93857477494
12760.0 8.94526100827
12770.0 8.9519458279
12780.0 8.95862923134
12790.0 8.96531121613
12800.0 8.97199177979
12810.0 8.97867091989
12820.0 8.98534863398
12830.0 8.99202491962
12840.0 8.99869977439
12850.0 9.0053731959