750.0 0.530431013756
760.0 0.537498126679
770.0 0.544565444672
780.0 0.551632959407
790.0 0.558700662984
800.0 0.565768547899
810.0 0.572836607027
820.0 0.579904833593
830.0 0.586973221155
840.0 0.594041763582
850.0 0.601110455034
860.0 0.608179289949
870.0 0.615248263025
880.0 0.622317369204
890.0 0.629386603662
900.0 0.63645596179
910.0 0.643525439188
920.0 0.650595031652
930.0 0.657664735159
940.0 0.664734545865
950.0 0.671804460089
960.0 0.678874474308
970.0 0.685944585147
980.0 0.693014789372
990.0 0.700085083885
1000.0 0.707155465712
1010.0 0.714225932002
1020.0 0.721296480018
1030.0 0.728367107133
1040.0 0.735437810824
1050.0 0.742508588665
1060.0 0.749579438326
1070.0 0.756650357567
1080.0 0.763721344232
1090.0 0.770792396248
1100.0 0.777863511619
1110.0 0.784934688424
1120.0 0.792005924813
1130.0 0.799077219002
1140.0 0.806148569273
1150.0 0.813219973972
1160.0 0.820291431499
1170.0 0.827362940315
1180.0 0.834434498934
1190.0 0.841506105922
1200.0 0.848577759893
1210.0 0.85564945951
1220.0 0.862721203481
1230.0 0.869792990559
1240.0 0.876864819538
1250.0 0.883936689251
1260.0 0.89100859857
1270.0 0.898080546407
1280.0 0.905152531705
1290.0 0.912224553444
1300.0 0.919296610636
1310.0 0.926368702325
1320.0 0.933440827583
1330.0 0.940512985515
1340.0 0.94758517525
1350.0 0.954657395946
1360.0 0.961729646788
1370.0 0.968801926983
1380.0 0.975874235765
1390.0 0.982946572388
1400.0 0.990018936131
1410.0 0.997091326293
1420.0 1.00416374219
1430.0 1.01123618318
1440.0 1.0183086486
1450.0 1.02538113783
1460.0 1.03245365028
1470.0 1.03952618535
1480.0 1.04659874248
1490.0 1.0536713211
1500.0 1.06074392069
1510.0 1.06781654072
1520.0 1.07488918067
1530.0 1.08196184005
1540.0 1.08903451839
1550.0 1.0961072152
1560.0 1.10317993004
1570.0 1.11025266246
1580.0 1.11732541203
1590.0 1.12439817832
1600.0 1.13147096094
1610.0 1.13854375947
1620.0 1.14561657353
1630.0 1.15268940274
1640.0 1.15976224673
1650.0 1.16683510514
1660.0 1.17390797762
1670.0 1.18098086383
1680.0 1.18805376343
1690.0 1.1951266761
1700.0 1.20219960152
1710.0 1.20927253939
1720.0 1.2163454894
1730.0 1.22341845125
1740.0 1.23049142466
1750.0 1.23756440934
1760.0 1.24463740503
1770.0 1.25171041145
1780.0 1.25878342834
1790.0 1.26585645545
1800.0 1.27292949253
1810.0 1.28000253933
1820.0 1.28707559562
1830.0 1.29414866116
1840.0 1.30122173572
1850.0 1.30829481908
1860.0 1.31536791103
1870.0 1.32244101134
1880.0 1.32951411982
1890.0 1.33658723625
1900.0 1.34366036044
1910.0 1.35073349219
1920.0 1.35780663131
1930.0 1.36487977762
1940.0 1.37195293092
1950.0 1.37902609105
1960.0 1.38609925781
1970.0 1.39317243105
1980.0 1.40024561059
1990.0 1.40731879627
2000.0 1.41439198793
2010.0 1.42146518539
2020.0 1.42853838852
2030.0 1.43561159715
2040.0 1.44268481114
2050.0 1.44975803034
2060.0 1.45683125461
2070.0 1.46390448379
2080.0 1.47097771776
2090.0 1.47805095638
2100.0 1.48512419951
2110.0 1.49219744702
2120.0 1.49927069878
2130.0 1.50634395467
2140.0 1.51341721456
2150.0 1.52049047832
2160.0 1.52756374584
2170.0 1.534637017
2180.0 1.54171029168
2190.0 1.54878356977
2200.0 1.55585685115
2210.0 1.56293013572
2220.0 1.57000342336
2230.0 1.57707671396
2240.0 1.58415000743
2250.0 1.59122330365
2260.0 1.59829660253
2270.0 1.60536990396
2280.0 1.61244320785
2290.0 1.61951651409
2300.0 1.62658982259
2310.0 1.63366313326
2320.0 1.64073644599
2330.0 1.64780976071
2340.0 1.65488307731
2350.0 1.66195639571
2360.0 1.66902971581
2370.0 1.67610303754
2380.0 1.6831763608
2390.0 1.69024968552
2400.0 1.69732301159
2410.0 1.70439633895
2420.0 1.7114696675
2430.0 1.71854299718
2440.0 1.72561632789
2450.0 1.73268965956
2460.0 1.73976299211
2470.0 1.74683632546
2480.0 1.75390965954
2490.0 1.76098299427
2500.0 1.76805632958
2510.0 1.77512966538
2520.0 1.78220300161
2530.0 1.7892763382
2540.0 1.79634967506
2550.0 1.80342301214
2560.0 1.81049634936
2570.0 1.81756968665
2580.0 1.82464302394
2590.0 1.83171636116
2600.0 1.83878969824
2610.0 1.84586303512
2620.0 1.85293637173
2630.0 1.860009708
2640.0 1.86708304386
2650.0 1.87415637925
2660.0 1.88122971411
2670.0 1.88830304837
2680.0 1.89537638196
2690.0 1.90244971483
2700.0 1.9095230469
2710.0 1.91659637812
2720.0 1.92366970841
2730.0 1.93074303773
2740.0 1.93781636601
2750.0 1.94488969318
2760.0 1.95196301919
2770.0 1.95903634396
2780.0 1.96610966745
2790.0 1.9731829896
2800.0 1.98025631033
2810.0 1.9873296296
2820.0 1.99440294733
2830.0 2.00147626348
2840.0 2.00854957798
2850.0 2.01562289077
2860.0 2.0226962018
2870.0 2.029769511
2880.0 2.03684281832
2890.0 2.0439161237
2900.0 2.05098942707
2910.0 2.05806272839
2920.0 2.06513602758
2930.0 2.0722093246
2940.0 2.07928261939
2950.0 2.08635591189
2960.0 2.09342920203
2970.0 2.10050248977
2980.0 2.10757577504
2990.0 2.11464905779
3000.0 2.12172233796
3010.0 2.12879561549
3020.0 2.13586889032
3030.0 2.14294216239
3040.0 2.15001543166
3050.0 2.15708869805
3060.0 2.16416196151
3070.0 2.17123522199
3080.0 2.17830847943
3090.0 2.18538173376
3100.0 2.19245498493
3110.0 2.19952823288
3120.0 2.20660147756
3130.0 2.2136747189
3140.0 2.22074795684
3150.0 2.22782119134
3160.0 2.23489442232
3170.0 2.24196764973
3180.0 2.24904087351
3190.0 2.25611409361
3200.0 2.26318730996
3210.0 2.2702605225
3220.0 2.27733373117
3230.0 2.28440693591
3240.0 2.29148013667
3250.0 2.29855333339
3260.0 2.30562652599
3270.0 2.31269971443
3280.0 2.31977289864
3290.0 2.32684607856
3300.0 2.33391925412
3310.0 2.34099242528
3320.0 2.34806559196
3330.0 2.3551387541
3340.0 2.36221191164
3350.0 2.36928506453
3360.0 2.37635821268
3370.0 2.38343135605
3380.0 2.39050449457
3390.0 2.39757762818
3400.0 2.4046507568
3410.0 2.41172388038
3420.0 2.41879699885
3430.0 2.42587011215
3440.0 2.43294322021
3450.0 2.44001632297
3460.0 2.44708942035
3470.0 2.4541625123
3480.0 2.46123559875
3490.0 2.46830867962
3500.0 2.47538175486
3510.0 2.48245482439
3520.0 2.48952788814
3530.0 2.49660094605
3540.0 2.50367399805
3550.0 2.51074704407
3560.0 2.51782008403
3570.0 2.52489311787
3580.0 2.53196614552
3590.0 2.5390391669
3600.0 2.54611218195
3610.0 2.55318519059
3620.0 2.56025819275
3630.0 2.56733118836
3640.0 2.57440417733
3650.0 2.58147715961
3660.0 2.58855013511
3670.0 2.59562310376
3680.0 2.60269606548
3690.0 2.6097690202
3700.0 2.61684196784
3710.0 2.62391490833
3720.0 2.63098784158
3730.0 2.63806076752
3740.0 2.64513368607
3750.0 2.65220659715
3760.0 2.65927950068
3770.0 2.66635239658
3780.0 2.67342528477
3790.0 2.68049816517
3800.0 2.6875710377
3810.0 2.69464390227
3820.0 2.7017167588
3830.0 2.70878960721
3840.0 2.71586244741
3850.0 2.72293527931
3860.0 2.73000810284
3870.0 2.73708091791
3880.0 2.74415372442
3890.0 2.7512265223
3900.0 2.75829931145
3910.0 2.76537209178
3920.0 2.77244486321
3930.0 2.77951762564
3940.0 2.78659037899
3950.0 2.79366312316
3960.0 2.80073585806
3970.0 2.8078085836
3980.0 2.81488129969
3990.0 2.82195400622
4000.0 2.82902670311
4010.0 2.83609939026
4020.0 2.84317206757
4030.0 2.85024473495
4040.0 2.85731739229
4050.0 2.86439003951
4060.0 2.87146267649
4070.0 2.87853530315
4080.0 2.88560791937
4090.0 2.89268052506
4100.0 2.89975312012
4110.0 2.90682570444
4120.0 2.91389827791
4130.0 2.92097084044
4140.0 2.92804339192
4150.0 2.93511593224
4160.0 2.94218846129
4170.0 2.94926097896
4180.0 2.95633348515
4190.0 2.96340597975
4200.0 2.97047846265
4210.0 2.97755093373
4220.0 2.98462339288
4230.0 2.99169583999
4240.0 2.99876827494
4250.0 3.00584069762
4260.0 3.01291310792
4270.0 3.01998550571
4280.0 3.02705789089
4290.0 3.03413026332
4300.0 3.04120262289
4310.0 3.04827496948
4320.0 3.05534730298
4330.0 3.06241962324
4340.0 3.06949193016
4350.0 3.07656422361
4360.0 3.08363650346
4370.0 3.09070876959
4380.0 3.09778102187
4390.0 3.10485326017
4400.0 3.11192548436
4410.0 3.11899769431
4420.0 3.12606988989
4430.0 3.13314207097
4440.0 3.14021423741
4450.0 3.14728638909
4460.0 3.15435852585
4470.0 3.16143064758
4480.0 3.16850275412
4490.0 3.17557484535
4500.0 3.18264692111
4510.0 3.18971898128
4520.0 3.19679102571
4530.0 3.20386305425
4540.0 3.21093506676
4550.0 3.2180070631
4560.0 3.22507904311
4570.0 3.23215100666
4580.0 3.23922295359
4590.0 3.24629488375
4600.0 3.253366797
4610.0 3.26043869317
4620.0 3.26751057212
4630.0 3.27458243369
4640.0 3.28165427773
4650.0 3.28872610407
4660.0 3.29579791256
4670.0 3.30286970304
4680.0 3.30994147536
4690.0 3.31701322933
4700.0 3.32408496482
4710.0 3.33115668164
4720.0 3.33822837963
4730.0 3.34530005864
4740.0 3.35237171848
4750.0 3.35944335898
4760.0 3.36651497999
4770.0 3.37358658132
4780.0 3.3806581628
4790.0 3.38772972425
4800.0 3.39480126551
4810.0 3.40187278638
4820.0 3.4089442867
4830.0 3.41601576629
4840.0 3.42308722495
4850.0 3.43015866251
4860.0 3.43723007878
4870.0 3.44430147358
4880.0 3.45137284672
4890.0 3.458444198
4900.0 3.46551552725
4910.0 3.47258683426
4920.0 3.47965811885
4930.0 3.48672938082
4940.0 3.49380061997
4950.0 3.5008718361
4960.0 3.50794302903
4970.0 3.51501419854
4980.0 3.52208534443
4990.0 3.5291564665
5000.0 3.53622756454
5010.0 3.54329863836
5020.0 3.55036968773
5030.0 3.55744071245
5040.0 3.5645117123
5050.0 3.57158268709
5060.0 3.57865363658
5070.0 3.58572456056
5080.0 3.59279545882
5090.0 3.59986633113
5100.0 3.60693717727
5110.0 3.61400799703
5120.0 3.62107879017
5130.0 3.62814955647
5140.0 3.63522029571
5150.0 3.64229100764
5160.0 3.64936169205
5170.0 3.65643234869
5180.0 3.66350297734
5190.0 3.67057357775
5200.0 3.67764414969
5210.0 3.68471469292
5220.0 3.69178520719
5230.0 3.69885569226
5240.0 3.70592614789
5250.0 3.71299657383
5260.0 3.72006696983
5270.0 3.72713733564
5280.0 3.734207671
5290.0 3.74127797567
5300.0 3.74834824938
5310.0 3.75541849188
5320.0 3.7624887029
5330.0 3.76955888219
5340.0 3.77662902948
5350.0 3.7836991445
5360.0 3.79076922699
5370.0 3.79783927667
5380.0 3.80490929328
5390.0 3.81197927654
5400.0 3.81904922618
5410.0 3.82611914191
5420.0 3.83318902346
5430.0 3.84025887055
5440.0 3.84732868289
5450.0 3.8543984602
5460.0 3.86146820218
5470.0 3.86853790855
5480.0 3.87560757902
5490.0 3.88267721329
5500.0 3.88974681107
5510.0 3.89681637205
5520.0 3.90388589594
5530.0 3.91095538244
5540.0 3.91802483123
5550.0 3.92509424202
5560.0 3.93216361449
5570.0 3.93923294834
5580.0 3.94630224324
5590.0 3.95337149889
5600.0 3.96044071497
5610.0 3.96750989115
5620.0 3.97457902711
5630.0 3.98164812253
5640.0 3.98871717708
5650.0 3.99578619044
5660.0 4.00285516226
5670.0 4.00992409223
5680.0 4.01699297999
5690.0 4.02406182522
5700.0 4.03113062756
5710.0 4.03819938669
5720.0 4.04526810225
5730.0 4.05233677389
5740.0 4.05940540127
5750.0 4.06647398403
5760.0 4.07354252182
5770.0 4.08061101427
5780.0 4.08767946103
5790.0 4.09474786174
5800.0 4.10181621603
5810.0 4.10888452353
5820.0 4.11595278388
5830.0 4.1230209967
5840.0 4.13008916161
5850.0 4.13715727824
5860.0 4.1442253462
5870.0 4.15129336512
5880.0 4.15836133461
5890.0 4.16542925428
5900.0 4.17249712374
5910.0 4.17956494259
5920.0 4.18663271045
5930.0 4.19370042691
5940.0 4.20076809157
5950.0 4.20783570402
5960.0 4.21490326387
5970.0 4.22197077069
5980.0 4.22903822408
5990.0 4.23610562363
6000.0 4.24317296891
6010.0 4.2502402595
6020.0 4.25730749499
6030.0 4.26437467494
6040.0 4.27144179893
6050.0 4.27850886652
6060.0 4.28557587728
6070.0 4.29264283078
6080.0 4.29970972656
6090.0 4.3067765642
6100.0 4.31384334323
6110.0 4.32091006322
6120.0 4.32797672372
6130.0 4.33504332425
6140.0 4.34210986438
6150.0 4.34917634363
6160.0 4.35624276155
6170.0 4.36330911766
6180.0 4.3703754115
6190.0 4.37744164259
6200.0 4.38450781046
6210.0 4.39157391462
6220.0 4.3986399546
6230.0 4.40570592991
6240.0 4.41277184007
6250.0 4.41983768457
6260.0 4.42690346293
6270.0 4.43396917464
6280.0 4.44103481921
6290.0 4.44810039613
6300.0 4.4551659049
6310.0 4.462231345
6320.0 4.46929671592
6330.0 4.47636201713
6340.0 4.48342724814
6350.0 4.49049240839
6360.0 4.49755749738
6370.0 4.50462251457
6380.0 4.51168745942
6390.0 4.5187523314
6400.0 4.52581712997
6410.0 4.53288185458
6420.0 4.53994650469
6430.0 4.54701107975
6440.0 4.5540755792
6450.0 4.56114000248
6460.0 4.56820434903
6470.0 4.57526861829
6480.0 4.58233280969
6490.0 4.58939692266
6500.0 4.59646095663
6510.0 4.60352491101
6520.0 4.61058878522
6530.0 4.61765257867
6540.0 4.62471629079
6550.0 4.63177992097
6560.0 4.63884346861
6570.0 4.64590693313
6580.0 4.6529703139
6590.0 4.66003361033
6600.0 4.66709682181
6610.0 4.67415994771
6620.0 4.68122298743
6630.0 4.68828594033
6640.0 4.6953488058
6650.0 4.7024115832
6660.0 4.70947427189
6670.0 4.71653687125
6680.0 4.72359938062
6690.0 4.73066179937
6700.0 4.73772412684
6710.0 4.74478636238
6720.0 4.75184850534
6730.0 4.75891055505
6740.0 4.76597251085
6750.0 4.77303437207
6760.0 4.78009613804
6770.0 4.78715780808
6780.0 4.79421938151
6790.0 4.80128085765
6800.0 4.8083422358
6810.0 4.81540351528
6820.0 4.82246469539
6830.0 4.82952577542
6840.0 4.83658675468
6850.0 4.84364763245
6860.0 4.85070840802
6870.0 4.85776908067
6880.0 4.86482964969
6890.0 4.87189011434
6900.0 4.8789504739
6910.0 4.88601072763
6920.0 4.8930708748
6930.0 4.90013091466
6940.0 4.90719084646
6950.0 4.91425066946
6960.0 4.9213103829
6970.0 4.92836998601
6980.0 4.93542947805
6990.0 4.94248885823
7000.0 4.94954812578
7010.0 4.95660727994
7020.0 4.96366631991
7030.0 4.97072524491
7040.0 4.97778405416
7050.0 4.98484274685
7060.0 4.99190132218
7070.0 4.99895977937
7080.0 5.00601811758
7090.0 5.01307633603
7100.0 5.02013443387
7110.0 5.02719241031
7120.0 5.0342502645
7130.0 5.04130799562
7140.0 5.04836560283
7150.0 5.05542308529
7160.0 5.06248044216
7170.0 5.06953767259
7180.0 5.07659477573
7190.0 5.08365175071
7200.0 5.09070859668
7210.0 5.09776531276
7220.0 5.10482189808
7230.0 5.11187835177
7240.0 5.11893467294
7250.0 5.12599086071
7260.0 5.13304691418
7270.0 5.14010283246
7280.0 5.14715861464
7290.0 5.15421425982
7300.0 5.1612697671
7310.0 5.16832513554
7320.0 5.17538036424
7330.0 5.18243545226
7340.0 5.18949039868
7350.0 5.19654520255
7360.0 5.20359986295
7370.0 5.21065437892
7380.0 5.21770874951
7390.0 5.22476297376
7400.0 5.23181705072
7410.0 5.23887097943
7420.0 5.2459247589
7430.0 5.25297838816
7440.0 5.26003186624
7450.0 5.26708519215
7460.0 5.27413836488
7470.0 5.28119138346
7480.0 5.28824424688
7490.0 5.29529695412
7500.0 5.30234950418
7510.0 5.30940189605
7520.0 5.31645412869
7530.0 5.32350620108
7540.0 5.33055811219
7550.0 5.33760986099
7560.0 5.34466144641
7570.0 5.35171286743
7580.0 5.35876412298
7590.0 5.365815212
7600.0 5.37286613343
7610.0 5.37991688621
7620.0 5.38696746924
7630.0 5.39401788146
7640.0 5.40106812177
7650.0 5.40811818909
7660.0 5.41516808232
7670.0 5.42221780035
7680.0 5.42926734207
7690.0 5.43631670638
7700.0 5.44336589215
7710.0 5.45041489826
7720.0 5.45746372357
7730.0 5.46451236696
7740.0 5.47156082728
7750.0 5.47860910338
7760.0 5.48565719411
7770.0 5.49270509831
7780.0 5.49975281482
7790.0 5.50680034247
7800.0 5.51384768008
7810.0 5.52089482647
7820.0 5.52794178046
7830.0 5.53498854085
7840.0 5.54203510645
7850.0 5.54908147604
7860.0 5.55612764843
7870.0 5.56317362239
7880.0 5.5702193967
7890.0 5.57726497014
7900.0 5.58431034148
7910.0 5.59135550947
7920.0 5.59840047287
7930.0 5.60544523043
7940.0 5.6124897809
7950.0 5.619534123
7960.0 5.62657825548
7970.0 5.63362217706
7980.0 5.64066588646
7990.0 5.64770938239
8000.0 5.65475266356
8010.0 5.66179572868
8020.0 5.66883857643
8030.0 5.67588120552
8040.0 5.68292361462
8050.0 5.68996580241
8060.0 5.69700776756
8070.0 5.70404950874
8080.0 5.71109102461
8090.0 5.71813231383
8100.0 5.72517337503
8110.0 5.73221420687
8120.0 5.73925480797
8130.0 5.74629517697
8140.0 5.75333531249
8150.0 5.76037521315
8160.0 5.76741487755
8170.0 5.77445430431
8180.0 5.78149349201
8190.0 5.78853243926
8200.0 5.79557114463
8210.0 5.80260960672
8220.0 5.80964782408
8230.0 5.81668579529
8240.0 5.82372351891
8250.0 5.8307609935
8260.0 5.83779821759
8270.0 5.84483518974
8280.0 5.85187190848
8290.0 5.85890837234
8300.0 5.86594457984
8310.0 5.87298052949
8320.0 5.88001621981
8330.0 5.88705164931
8340.0 5.89408681647
8350.0 5.90112171979
8360.0 5.90815635776
8370.0 5.91519072885
8380.0 5.92222483153
8390.0 5.92925866427
8400.0 5.93629222553
8410.0 5.94332551376
8420.0 5.95035852741
8430.0 5.95739126491
8440.0 5.9644237247
8450.0 5.9714559052
8460.0 5.97848780484
8470.0 5.98551942202
8480.0 5.99255075516
8490.0 5.99958180265
8500.0 6.00661256288
8510.0 6.01364303426
8520.0 6.02067321514
8530.0 6.02770310392
8540.0 6.03473269895
8550.0 6.0417619986
8560.0 6.04879100121
8570.0 6.05581970515
8580.0 6.06284810874
8590.0 6.06987621032
8600.0 6.07690400823
8610.0 6.08393150077
8620.0 6.09095868627
8630.0 6.09798556303
8640.0 6.10501212936
8650.0 6.11203838354
8660.0 6.11906432387
8670.0 6.12608994862
8680.0 6.13311525606
8690.0 6.14014024448
8700.0 6.14716491212
8710.0 6.15418925724
8720.0 6.16121327809
8730.0 6.16823697291
8740.0 6.17526033993
8750.0 6.18228337737
8760.0 6.18930608347
8770.0 6.19632845642
8780.0 6.20335049444
8790.0 6.21037219574
8800.0 6.21739355849
8810.0 6.22441458088
8820.0 6.23143526111
8830.0 6.23845559733
8840.0 6.24547558772
8850.0 6.25249523043
8860.0 6.25951452361
8870.0 6.26653346542
8880.0 6.27355205399
8890.0 6.28057028744
8900.0 6.28758816392
8910.0 6.29460568152
8920.0 6.30162283837
8930.0 6.30863963257
8940.0 6.31565606222
8950.0 6.32267212541
8960.0 6.32968782021
8970.0 6.33670314472
8980.0 6.34371809699
8990.0 6.3507326751
9000.0 6.35774687709
9010.0 6.36476070102
9020.0 6.37177414493
9030.0 6.37878720686
9040.0 6.38579988484
9050.0 6.39281217688
9060.0 6.399824081
9070.0 6.40683559521
9080.0 6.41384671752
9090.0 6.42085744591
9100.0 6.42786777838
9110.0 6.43487771291
9120.0 6.44188724746
9130.0 6.44889638001
9140.0 6.45590510852
9150.0 6.46291343094
9160.0 6.46992134522
9170.0 6.47692884929
9180.0 6.48393594109
9190.0 6.49094261856
9200.0 6.49794887959
9210.0 6.50495472211
9220.0 6.51196014403
9230.0 6.51896514324
9240.0 6.52596971763
9250.0 6.53297386509
9260.0 6.53997758349
9270.0 6.54698087071
9280.0 6.55398372462
9290.0 6.56098614306
9300.0 6.56798812389
9310.0 6.57498966496
9320.0 6.5819907641
9330.0 6.58899141914
9340.0 6.5959916279
9350.0 6.6029913882
9360.0 6.60999069786
9370.0 6.61698955467
9380.0 6.62398795643
9390.0 6.63098590093
9400.0 6.63798338595
9410.0 6.64498040927
9420.0 6.65197696865
9430.0 6.65897306187
9440.0 6.66596868667
9450.0 6.6729638408
9460.0 6.67995852202
9470.0 6.68695272804
9480.0 6.6939464566
9490.0 6.70093970542
9500.0 6.70793247222
9510.0 6.71492475471
9520.0 6.72191655058
9530.0 6.72890785754
9540.0 6.73589867326
9550.0 6.74288899544
9560.0 6.74987882174
9570.0 6.75686814985
9580.0 6.76385697741
9590.0 6.77084530208
9600.0 6.77783312151
9610.0 6.78482043335
9620.0 6.79180723522
9630.0 6.79879352476
9640.0 6.8057792996
9650.0 6.81276455733
9660.0 6.81974929558
9670.0 6.82673351195
9680.0 6.83371720403
9690.0 6.84070036941
9700.0 6.84768300568
9710.0 6.85466511041
9720.0 6.86164668117
9730.0 6.86862771552
9740.0 6.87560821103
9750.0 6.88258816524
9760.0 6.8895675757
9770.0 6.89654643994
9780.0 6.90352475549
9790.0 6.91050251989
9800.0 6.91747973065
9810.0 6.92445638528
9820.0 6.93143248129
9830.0 6.93840801617
9840.0 6.94538298743
9850.0 6.95235739254
9860.0 6.959331229
9870.0 6.96630449426
9880.0 6.97327718581
9890.0 6.98024930111
9900.0 6.9872208376
9910.0 6.99419179274
9920.0 7.00116216398
9930.0 7.00813194874
9940.0 7.01510114447
9950.0 7.02206974858
9960.0 7.02903775851
9970.0 7.03600517165
9980.0 7.04297198541
9990.0 7.04993819721
10000.0 7.05690380442
10010.0 7.06386880445
10020.0 7.07083319467
10030.0 7.07779697246
10040.0 7.0847601352
10050.0 7.09172268024
10060.0 7.09868460495
10070.0 7.10564590668
10080.0 7.11260658278
10090.0 7.11956663059
10100.0 7.12652604745
10110.0 7.13348483068
10120.0 7.14044297762
10130.0 7.14740048557
10140.0 7.15435735186
10150.0 7.16131357379
10160.0 7.16826914867
10170.0 7.17522407378
10180.0 7.18217834642
10190.0 7.18913196388
10200.0 7.19608492343
10210.0 7.20303722235
10220.0 7.20998885791
10230.0 7.21693982737
10240.0 7.22389012798
10250.0 7.23083975701
10260.0 7.2377887117
10270.0 7.24473698928
10280.0 7.251684587
10290.0 7.25863150209
10300.0 7.26557773176
10310.0 7.27252327325
10320.0 7.27946812377
10330.0 7.28641228053
10340.0 7.29335574072
10350.0 7.30029850156
10360.0 7.30724056024
10370.0 7.31418191395
10380.0 7.32112255986
10390.0 7.32806249517
10400.0 7.33500171704
10410.0 7.34194022265
10420.0 7.34887800916
10430.0 7.35581507373
10440.0 7.36275141352
10450.0 7.36968702567
10460.0 7.37662190733
10470.0 7.38355605565
10480.0 7.39048946775
10490.0 7.39742214078
10500.0 7.40435407185
10510.0 7.41128525809
10520.0 7.41821569662
10530.0 7.42514538456
10540.0 7.432074319
10550.0 7.43900249705
10560.0 7.44592991582
10570.0 7.45285657239
10580.0 7.45978246387
10590.0 7.46670758733
10600.0 7.47363193987
10610.0 7.48055551855
10620.0 7.48747832045
10630.0 7.49440034265
10640.0 7.5013215822
10650.0 7.50824203618
10660.0 7.51516170163
10670.0 7.52208057562
10680.0 7.52899865518
10690.0 7.53591593737
10700.0 7.54283241924
10710.0 7.54974809781
10720.0 7.55666297012
10730.0 7.56357703321
10740.0 7.57049028409
10750.0 7.5774027198
10760.0 7.58431433735
10770.0 7.59122513376
10780.0 7.59813510605
10790.0 7.60504425121
10800.0 7.61195256626
10810.0 7.6188600482
10820.0 7.62576669402
10830.0 7.63267250073
10840.0 7.63957746532
10850.0 7.64648158476
10860.0 7.65338485606
10870.0 7.66028727619
10880.0 7.66718884214
10890.0 7.67408955087
10900.0 7.68098939936
10910.0 7.68788838459
10920.0 7.69478650351
10930.0 7.70168375311
10940.0 7.70858013033
10950.0 7.71547563213
10960.0 7.72237025548
10970.0 7.72926399733
10980.0 7.73615685462
10990.0 7.74304882431
11000.0 7.74993990335
11010.0 7.75683008867
11020.0 7.76371937722
11030.0 7.77060776593
11040.0 7.77749525175
11050.0 7.78438183161
11060.0 7.79126750243
11070.0 7.79815226115
11080.0 7.8050361047
11090.0 7.81191903001
11100.0 7.81880103399
11110.0 7.82568211356
11120.0 7.83256226566
11130.0 7.83944148719
11140.0 7.84631977507
11150.0 7.85319712622
11160.0 7.86007353755
11170.0 7.86694900596
11180.0 7.87382352838
11190.0 7.8806971017
11200.0 7.88756972284
11210.0 7.89444138869
11220.0 7.90131209617
11230.0 7.90818184217
11240.0 7.9150506236
11250.0 7.92191843735
11260.0 7.92878528032
11270.0 7.93565114942
11280.0 7.94251604154
11290.0 7.94937995356
11300.0 7.9562428824
11310.0 7.96310482494
11320.0 7.96996577808
11330.0 7.9768257387
11340.0 7.9836847037
11350.0 7.99054266997
11360.0 7.9973996344
11370.0 8.00425559389
11380.0 8.01111054531
11390.0 8.01796448556
11400.0 8.02481741153
11410.0 8.03166932011
11420.0 8.03852020818
11430.0 8.04537007264
11440.0 8.05221891037
11450.0 8.05906671825
11460.0 8.06591349318
11470.0 8.07275923205
11480.0 8.07960393174
11490.0 8.08644758915
11500.0 8.09329020115
11510.0 8.10013176465
11520.0 8.10697227653
11530.0 8.11381173368
11540.0 8.12065013298
11550.0 8.12748747135
11560.0 8.13432374565
11570.0 8.1411589528
11580.0 8.14799308967
11590.0 8.15482615317
11600.0 8.16165814019
11610.0 8.16848904763
11620.0 8.17531887238
11630.0 8.18214761135
11640.0 8.18897526143
11650.0 8.19580181952
11660.0 8.20262728253
11670.0 8.20945164736
11680.0 8.21627491092
11690.0 8.2230970701
11700.0 8.22991812183
11710.0 8.23673806301
11720.0 8.24355689055
11730.0 8.25037460137
11740.0 8.25719119238
11750.0 8.26400666049
11760.0 8.27082100264
11770.0 8.27763421573
11780.0 8.2844462967
11790.0 8.29125724247
11800.0 8.29806704996
11810.0 8.30487571612
11820.0 8.31168323786
11830.0 8.31848961213
11840.0 8.32529483587
11850.0 8.33209890601
11860.0 8.3389018195
11870.0 8.34570357328
11880.0 8.35250416431
11890.0 8.35930358954
11900.0 8.36610184591
11910.0 8.3728989304
11920.0 8.37969483995
11930.0 8.38648957154
11940.0 8.39328312213
11950.0 8.40007548869
11960.0 8.40686666821
11970.0 8.41365665764
11980.0 8.42044545399
11990.0 8.42723305423
12000.0 8.43401945534
12010.0 8.44080465434
12020.0 8.4475886482
12030.0 8.45437143394
12040.0 8.46115300855
12050.0 8.46793336905
12060.0 8.47471251245
12070.0 8.48149043576
12080.0 8.48826713601
12090.0 8.49504261022
12100.0 8.50181685542
12110.0 8.50858986865
12120.0 8.51536164695
12130.0 8.52213218736
12140.0 8.52890148694
12150.0 8.53566954272
12160.0 8.54243635178
12170.0 8.54920191118
12180.0 8.55596621799
12190.0 8.56272926927
12200.0 8.56949106212
12210.0 8.57625159361
12220.0 8.58301086083
12230.0 8.58976886088
12240.0 8.59652559087
12250.0 8.60328104789
12260.0 8.61003522907
12270.0 8.61678813151
12280.0 8.62353975234
12290.0 8.6302900887
12300.0 8.63703913771
12310.0 8.64378689653
12320.0 8.65053336229
12330.0 8.65727853216
12340.0 8.66402240329
12350.0 8.67076497286
12360.0 8.67750623802
12370.0 8.68424619598
12380.0 8.6909848439
12390.0 8.697722179
12400.0 8.70445819846
12410.0 8.71119289949
12420.0 8.71792627931
12430.0 8.72465833514
12440.0 8.73138906421
12450.0 8.73811846375
12460.0 8.74484653101
12470.0 8.75157326323
12480.0 8.75829865768
12490.0 8.76502271163
12500.0 8.77174542233
12510.0 8.77846678707
12520.0 8.78518680315
12530.0 8.79190546786
12540.0 8.7986227785
12550.0 8.80533873238
12560.0 8.81205332683
12570.0 8.81876655916
12580.0 8.82547842673
12590.0 8.83218892687
12600.0 8.83889805694
12610.0 8.8456058143
12620.0 8.85231219632
12630.0 8.85901720037
12640.0 8.86572082385
12650.0 8.87242306416
12660.0 8.87912391869
12670.0 8.88582338486
12680.0 8.8925214601
12690.0 8.89921814184
12700.0 8.90591342751
12710.0 8.91260731458
12720.0 8.9192998005
12730.0 8.92599088274
12740.0 8.93268055878
12750.0 8.93936882611
12760.0 8.94605568222
12770.0 8.95274112464
12780.0 8.95942515086
12790.0 8.96610775843
12800.0 8.97278894489
12810.0 8.97946870777
12820.0 8.98614704464
12830.0 8.99282395307
12840.0 8.99949943063
12850.0 9.00617347492