750.0 0.530500891954
760.0 0.537568936587
770.0 0.544637186289
780.0 0.551705632734
790.0 0.558774268019
800.0 0.565843084644
810.0 0.572912075481
820.0 0.579981233757
830.0 0.587050553028
840.0 0.594120027164
850.0 0.601189650325
860.0 0.60825941695
870.0 0.615329321735
880.0 0.622399359624
890.0 0.62946952579
900.0 0.636539815628
910.0 0.643610224736
920.0 0.650680748908
930.0 0.657751384125
940.0 0.66482212654
950.0 0.671892972474
960.0 0.678963918402
970.0 0.68603496095
980.0 0.693106096885
990.0 0.700177323107
1000.0 0.707248636643
1010.0 0.714320034642
1020.0 0.721391514368
1030.0 0.728463073192
1040.0 0.735534708592
1050.0 0.742606418142
1060.0 0.749678199513
1070.0 0.756750050463
1080.0 0.763821968837
1090.0 0.770893952563
1100.0 0.777965999643
1110.0 0.785038108158
1120.0 0.792110276256
1130.0 0.799182502154
1140.0 0.806254784135
1150.0 0.813327120542
1160.0 0.820399509779
1170.0 0.827471950305
1180.0 0.834544440633
1190.0 0.84161697933
1200.0 0.84868956501
1210.0 0.855762196336
1220.0 0.862834872017
1230.0 0.869907590804
1240.0 0.876980351492
1250.0 0.884053152914
1260.0 0.891125993944
1270.0 0.898198873489
1280.0 0.905271790497
1290.0 0.912344743945
1300.0 0.919417732847
1310.0 0.926490756245
1320.0 0.933563813212
1330.0 0.940636902853
1340.0 0.947710024297
1350.0 0.954783176703
1360.0 0.961856359254
1370.0 0.968929571159
1380.0 0.976002811649
1390.0 0.983076079982
1400.0 0.990149375434
1410.0 0.997222697306
1420.0 1.00429604492
1430.0 1.01136941761
1440.0 1.01844281474
1450.0 1.02551623568
1460.0 1.03258967984
1470.0 1.03966314662
1480.0 1.04673663546
1490.0 1.05381014579
1500.0 1.06088367709
1510.0 1.06795722882
1520.0 1.07503080048
1530.0 1.08210439158
1540.0 1.08917800162
1550.0 1.09625163014
1560.0 1.10332527669
1570.0 1.11039894082
1580.0 1.1174726221
1590.0 1.1245463201
1600.0 1.13162003443
1610.0 1.13869376467
1620.0 1.14576751043
1630.0 1.15284127135
1640.0 1.15991504705
1650.0 1.16698883717
1660.0 1.17406264136
1670.0 1.18113645928
1680.0 1.18821029059
1690.0 1.19528413497
1700.0 1.20235799211
1710.0 1.20943186168
1720.0 1.2165057434
1730.0 1.22357963696
1740.0 1.23065354208
1750.0 1.23772745847
1760.0 1.24480138587
1770.0 1.251875324
1780.0 1.2589492726
1790.0 1.26602323142
1800.0 1.27309720021
1810.0 1.28017117872
1820.0 1.28724516671
1830.0 1.29431916396
1840.0 1.30139317023
1850.0 1.3084671853
1860.0 1.31554120896
1870.0 1.32261524098
1880.0 1.32968928117
1890.0 1.33676332931
1900.0 1.34383738521
1910.0 1.35091144867
1920.0 1.3579855195
1930.0 1.36505959751
1940.0 1.37213368253
1950.0 1.37920777436
1960.0 1.38628187284
1970.0 1.39335597779
1980.0 1.40043008904
1990.0 1.40750420643
2000.0 1.41457832979
2010.0 1.42165245896
2020.0 1.4287265938
2030.0 1.43580073414
2040.0 1.44287487984
2050.0 1.44994903075
2060.0 1.45702318673
2070.0 1.46409734762
2080.0 1.4711715133
2090.0 1.47824568363
2100.0 1.48531985847
2110.0 1.49239403769
2120.0 1.49946822116
2130.0 1.50654240875
2140.0 1.51361660035
2150.0 1.52069079582
2160.0 1.52776499506
2170.0 1.53483919792
2180.0 1.54191340431
2190.0 1.54898761411
2200.0 1.5560618272
2210.0 1.56313604348
2220.0 1.57021026282
2230.0 1.57728448514
2240.0 1.58435871032
2250.0 1.59143293825
2260.0 1.59850716884
2270.0 1.60558140198
2280.0 1.61265563757
2290.0 1.61972987552
2300.0 1.62680411573
2310.0 1.63387835811
2320.0 1.64095260255
2330.0 1.64802684898
2340.0 1.65510109729
2350.0 1.6621753474
2360.0 1.66924959921
2370.0 1.67632385265
2380.0 1.68339810762
2390.0 1.69047236404
2400.0 1.69754662182
2410.0 1.70462088089
2420.0 1.71169514116
2430.0 1.71876940254
2440.0 1.72584366496
2450.0 1.73291792834
2460.0 1.7399921926
2470.0 1.74706645766
2480.0 1.75414072345
2490.0 1.76121498989
2500.0 1.7682892569
2510.0 1.77536352442
2520.0 1.78243779236
2530.0 1.78951206065
2540.0 1.79658632923
2550.0 1.80366059802
2560.0 1.81073486695
2570.0 1.81780913594
2580.0 1.82488340494
2590.0 1.83195767387
2600.0 1.83903194266
2610.0 1.84610621125
2620.0 1.85318047957
2630.0 1.86025474755
2640.0 1.86732901512
2650.0 1.87440328222
2660.0 1.88147754879
2670.0 1.88855181476
2680.0 1.89562608006
2690.0 1.90270034463
2700.0 1.90977460841
2710.0 1.91684887134
2720.0 1.92392313335
2730.0 1.93099739437
2740.0 1.93807165436
2750.0 1.94514591324
2760.0 1.95222017095
2770.0 1.95929442744
2780.0 1.96636868264
2790.0 1.97344293649
2800.0 1.98051718894
2810.0 1.98759143991
2820.0 1.99466568936
2830.0 2.00173993721
2840.0 2.00881418342
2850.0 2.01588842793
2860.0 2.02296267066
2870.0 2.03003691157
2880.0 2.0371111506
2890.0 2.04418538769
2900.0 2.05125962277
2910.0 2.05833385579
2920.0 2.0654080867
2930.0 2.07248231543
2940.0 2.07955654193
2950.0 2.08663076613
2960.0 2.09370498799
2970.0 2.10077920744
2980.0 2.10785342442
2990.0 2.11492763888
3000.0 2.12200185075
3010.0 2.12907605999
3020.0 2.13615026653
3030.0 2.14322447031
3040.0 2.15029867129
3050.0 2.15737286939
3060.0 2.16444706456
3070.0 2.17152125675
3080.0 2.17859544589
3090.0 2.18566963194
3100.0 2.19274381482
3110.0 2.19981799448
3120.0 2.20689217086
3130.0 2.21396634391
3140.0 2.22104051357
3150.0 2.22811467977
3160.0 2.23518884246
3170.0 2.24226300158
3180.0 2.24933715707
3190.0 2.25641130888
3200.0 2.26348545693
3210.0 2.27055960118
3220.0 2.27763374157
3230.0 2.28470787802
3240.0 2.29178201049
3250.0 2.29885613891
3260.0 2.30593026323
3270.0 2.31300438337
3280.0 2.32007849929
3290.0 2.32715261092
3300.0 2.3342267182
3310.0 2.34130082106
3320.0 2.34837491945
3330.0 2.3554490133
3340.0 2.36252310255
3350.0 2.36959718715
3360.0 2.37667126701
3370.0 2.38374534209
3380.0 2.39081941232
3390.0 2.39789347763
3400.0 2.40496753796
3410.0 2.41204159325
3420.0 2.41911564344
3430.0 2.42618968844
3440.0 2.43326372821
3450.0 2.44033776268
3460.0 2.44741179177
3470.0 2.45448581543
3480.0 2.46155983359
3490.0 2.46863384617
3500.0 2.47570785311
3510.0 2.48278185435
3520.0 2.48985584982
3530.0 2.49692983944
3540.0 2.50400382314
3550.0 2.51107780087
3560.0 2.51815177254
3570.0 2.5252257381
3580.0 2.53229969745
3590.0 2.53937365055
3600.0 2.5464475973
3610.0 2.55352153765
3620.0 2.56059547152
3630.0 2.56766939884
3640.0 2.57474331952
3650.0 2.58181723351
3660.0 2.58889114072
3670.0 2.59596504108
3680.0 2.60303893451
3690.0 2.61011282094
3700.0 2.61718670029
3710.0 2.62426057248
3720.0 2.63133443744
3730.0 2.63840829509
3740.0 2.64548214535
3750.0 2.65255598814
3760.0 2.65962982338
3770.0 2.66670365099
3780.0 2.67377747089
3790.0 2.680851283
3800.0 2.68792508724
3810.0 2.69499888352
3820.0 2.70207267176
3830.0 2.70914645187
3840.0 2.71622022378
3850.0 2.7232939874
3860.0 2.73036774264
3870.0 2.73744148941
3880.0 2.74451522764
3890.0 2.75158895722
3900.0 2.75866267808
3910.0 2.76573639012
3920.0 2.77281009326
3930.0 2.7798837874
3940.0 2.78695747246
3950.0 2.79403114834
3960.0 2.80110481495
3970.0 2.8081784722
3980.0 2.81525211999
3990.0 2.82232575824
4000.0 2.82939938683
4010.0 2.83647300569
4020.0 2.84354661471
4030.0 2.8506202138
4040.0 2.85769380285
4050.0 2.86476738178
4060.0 2.87184095047
4070.0 2.87891450884
4080.0 2.88598805677
4090.0 2.89306159417
4100.0 2.90013512094
4110.0 2.90720863696
4120.0 2.91428214215
4130.0 2.92135563639
4140.0 2.92842911957
4150.0 2.9355025916
4160.0 2.94257605236
4170.0 2.94964950174
4180.0 2.95672293965
4190.0 2.96379636595
4200.0 2.97086978056
4210.0 2.97794318334
4220.0 2.9850165742
4230.0 2.99208995302
4240.0 2.99916331969
4250.0 3.00623667408
4260.0 3.01331001609
4270.0 3.02038334559
4280.0 3.02745666247
4290.0 3.03452996661
4300.0 3.04160325789
4310.0 3.0486765362
4320.0 3.0557498014
4330.0 3.06282305338
4340.0 3.069896292
4350.0 3.07696951716
4360.0 3.08404272872
4370.0 3.09111592656
4380.0 3.09818911055
4390.0 3.10526228056
4400.0 3.11233543646
4410.0 3.11940857812
4420.0 3.12648170541
4430.0 3.1335548182
4440.0 3.14062791635
4450.0 3.14770099973
4460.0 3.15477406821
4470.0 3.16184712164
4480.0 3.16892015989
4490.0 3.17599318283
4500.0 3.1830661903
4510.0 3.19013918218
4520.0 3.19721215832
4530.0 3.20428511856
4540.0 3.21135806279
4550.0 3.21843099083
4560.0 3.22550390256
4570.0 3.23257679781
4580.0 3.23964967645
4590.0 3.24672253833
4600.0 3.25379538328
4610.0 3.26086821116
4620.0 3.26794102182
4630.0 3.2750138151
4640.0 3.28208659085
4650.0 3.2891593489
4660.0 3.2962320891
4670.0 3.30330481129
4680.0 3.31037751531
4690.0 3.317450201
4700.0 3.32452286819
4710.0 3.33159551672
4720.0 3.33866814643
4730.0 3.34574075714
4740.0 3.35281334869
4750.0 3.35988592091
4760.0 3.36695847362
4770.0 3.37403100666
4780.0 3.38110351985
4790.0 3.38817601301
4800.0 3.39524848598
4810.0 3.40232093856
4820.0 3.40939337059
4830.0 3.41646578188
4840.0 3.42353817226
4850.0 3.43061054152
4860.0 3.4376828895
4870.0 3.44475521601
4880.0 3.45182752086
4890.0 3.45889980385
4900.0 3.46597206481
4910.0 3.47304430353
4920.0 3.48011651983
4930.0 3.48718871351
4940.0 3.49426088437
4950.0 3.50133303221
4960.0 3.50840515685
4970.0 3.51547725806
4980.0 3.52254933566
4990.0 3.52962138944
5000.0 3.5366934192
5010.0 3.54376542472
5020.0 3.5508374058
5030.0 3.55790936223
5040.0 3.5649812938
5050.0 3.57205320029
5060.0 3.57912508149
5070.0 3.58619693718
5080.0 3.59326876715
5090.0 3.60034057117
5100.0 3.60741234902
5110.0 3.61448410049
5120.0 3.62155582534
5130.0 3.62862752335
5140.0 3.63569919429
5150.0 3.64277083794
5160.0 3.64984245405
5170.0 3.65691404241
5180.0 3.66398560276
5190.0 3.67105713488
5200.0 3.67812863853
5210.0 3.68520011347
5220.0 3.69227155945
5230.0 3.69934297623
5240.0 3.70641436357
5250.0 3.71348572122
5260.0 3.72055704893
5270.0 3.72762834644
5280.0 3.73469961352
5290.0 3.74177084989
5300.0 3.74884205531
5310.0 3.75591322952
5320.0 3.76298437225
5330.0 3.77005548325
5340.0 3.77712656225
5350.0 3.78419760898
5360.0 3.79126862318
5370.0 3.79833960457
5380.0 3.80541055289
5390.0 3.81248146786
5400.0 3.81955234921
5410.0 3.82662319665
5420.0 3.83369400991
5430.0 3.84076478871
5440.0 3.84783553276
5450.0 3.85490624177
5460.0 3.86197691546
5470.0 3.86904755354
5480.0 3.87611815572
5490.0 3.8831887217
5500.0 3.89025925119
5510.0 3.89732974388
5520.0 3.90440019948
5530.0 3.91147061769
5540.0 3.91854099819
5550.0 3.92561134069
5560.0 3.93268164487
5570.0 3.93975191043
5580.0 3.94682213704
5590.0 3.9538923244
5600.0 3.96096247218
5610.0 3.96803258007
5620.0 3.97510264774
5630.0 3.98217267487
5640.0 3.98924266113
5650.0 3.9963126062
5660.0 4.00338250973
5670.0 4.0104523714
5680.0 4.01752219088
5690.0 4.02459196781
5700.0 4.03166170187
5710.0 4.03873139271
5720.0 4.04580103997
5730.0 4.05287064333
5740.0 4.05994020241
5750.0 4.06700971688
5760.0 4.07407918638
5770.0 4.08114861054
5780.0 4.08821798901
5790.0 4.09528732143
5800.0 4.10235660743
5810.0 4.10942584664
5820.0 4.1164950387
5830.0 4.12356418322
5840.0 4.13063327984
5850.0 4.13770232818
5860.0 4.14477132786
5870.0 4.15184027849
5880.0 4.15890917968
5890.0 4.16597803106
5900.0 4.17304683223
5910.0 4.1801155828
5920.0 4.18718428236
5930.0 4.19425293053
5940.0 4.2013215269
5950.0 4.20839007106
5960.0 4.21545856261
5970.0 4.22252700115
5980.0 4.22959538625
5990.0 4.2366637175
6000.0 4.24373199449
6010.0 4.2508002168
6020.0 4.25786838399
6030.0 4.26493649565
6040.0 4.27200455135
6050.0 4.27907255065
6060.0 4.28614049312
6070.0 4.29320837833
6080.0 4.30027620582
6090.0 4.30734397517
6100.0 4.31441168591
6110.0 4.32147933761
6120.0 4.32854692981
6130.0 4.33561446206
6140.0 4.34268193389
6150.0 4.34974934486
6160.0 4.35681669448
6170.0 4.3638839823
6180.0 4.37095120785
6190.0 4.37801837065
6200.0 4.38508547023
6210.0 4.3921525061
6220.0 4.39921947779
6230.0 4.40628638481
6240.0 4.41335322668
6250.0 4.42042000289
6260.0 4.42748671296
6270.0 4.43455335638
6280.0 4.44161993266
6290.0 4.44868644129
6300.0 4.45575288176
6310.0 4.46281925357
6320.0 4.4698855562
6330.0 4.47695178913
6340.0 4.48401795184
6350.0 4.4910840438
6360.0 4.4981500645
6370.0 4.5052160134
6380.0 4.51228188996
6390.0 4.51934769365
6400.0 4.52641342393
6410.0 4.53347908025
6420.0 4.54054466207
6430.0 4.54761016884
6440.0 4.55467559999
6450.0 4.56174095498
6460.0 4.56880623324
6470.0 4.57587143422
6480.0 4.58293655733
6490.0 4.59000160201
6500.0 4.59706656768
6510.0 4.60413145377
6520.0 4.61119625969
6530.0 4.61826098485
6540.0 4.62532562868
6550.0 4.63239019056
6560.0 4.63945466992
6570.0 4.64651906614
6580.0 4.65358337863
6590.0 4.66064760677
6600.0 4.66771174995
6610.0 4.67477580757
6620.0 4.68183977899
6630.0 4.68890366361
6640.0 4.69596746078
6650.0 4.70303116989
6660.0 4.71009479029
6670.0 4.71715832136
6680.0 4.72422176244
6690.0 4.7312851129
6700.0 4.73834837208
6710.0 4.74541153933
6720.0 4.752474614
6730.0 4.75953759542
6740.0 4.76660048293
6750.0 4.77366327586
6760.0 4.78072597354
6770.0 4.78778857529
6780.0 4.79485108043
6790.0 4.80191348827
6800.0 4.80897579813
6810.0 4.81603800932
6820.0 4.82310012114
6830.0 4.83016213288
6840.0 4.83722404385
6850.0 4.84428585333
6860.0 4.85134756061
6870.0 4.85840916497
6880.0 4.8654706657
6890.0 4.87253206206
6900.0 4.87959335332
6910.0 4.88665453877
6920.0 4.89371561764
6930.0 4.90077658921
6940.0 4.90783745272
6950.0 4.91489820743
6960.0 4.92195885257
6970.0 4.9290193874
6980.0 4.93607981114
6990.0 4.94314012303
7000.0 4.9502003223
7010.0 4.95726040816
7020.0 4.96432037984
7030.0 4.97138023656
7040.0 4.97843997751
7050.0 4.98549960191
7060.0 4.99255910896
7070.0 4.99961849785
7080.0 5.00667776778
7090.0 5.01373691793
7100.0 5.02079594748
7110.0 5.02785485562
7120.0 5.03491364153
7130.0 5.04197230435
7140.0 5.04903084327
7150.0 5.05608925745
7160.0 5.06314754603
7170.0 5.07020570817
7180.0 5.07726374301
7190.0 5.08432164971
7200.0 5.09137942738
7210.0 5.09843707517
7220.0 5.1054945922
7230.0 5.1125519776
7240.0 5.11960923048
7250.0 5.12666634996
7260.0 5.13372333514
7270.0 5.14078018512
7280.0 5.14783689902
7290.0 5.15489347591
7300.0 5.16194991489
7310.0 5.16900621505
7320.0 5.17606237545
7330.0 5.18311839518
7340.0 5.19017427331
7350.0 5.1972300089
7360.0 5.204285601
7370.0 5.21134104868
7380.0 5.21839635098
7390.0 5.22545150694
7400.0 5.23250651561
7410.0 5.23956137603
7420.0 5.24661608721
7430.0 5.25367064818
7440.0 5.26072505797
7450.0 5.26777931558
7460.0 5.27483342003
7470.0 5.28188737032
7480.0 5.28894116544
7490.0 5.29599480439
7500.0 5.30304828617
7510.0 5.31010160974
7520.0 5.31715477409
7530.0 5.32420777819
7540.0 5.33126062101
7550.0 5.33831330151
7560.0 5.34536581865
7570.0 5.35241817138
7580.0 5.35947035864
7590.0 5.36652237937
7600.0 5.37357423251
7610.0 5.38062591699
7620.0 5.38767743174
7630.0 5.39472877566
7640.0 5.40177994769
7650.0 5.40883094672
7660.0 5.41588177165
7670.0 5.42293242139
7680.0 5.42998289482
7690.0 5.43703319084
7700.0 5.44408330832
7710.0 5.45113324614
7720.0 5.45818300316
7730.0 5.46523257826
7740.0 5.47228197028
7750.0 5.47933117809
7760.0 5.48638020053
7770.0 5.49342903645
7780.0 5.50047768467
7790.0 5.50752614402
7800.0 5.51457441334
7810.0 5.52162249144
7820.0 5.52867037714
7830.0 5.53571806924
7840.0 5.54276556655
7850.0 5.54981286785
7860.0 5.55685997194
7870.0 5.56390687761
7880.0 5.57095358364
7890.0 5.57800008879
7900.0 5.58504639183
7910.0 5.59209249153
7920.0 5.59913838665
7930.0 5.60618407592
7940.0 5.61322955809
7950.0 5.62027483191
7960.0 5.62731989609
7970.0 5.63436474938
7980.0 5.64140939049
7990.0 5.64845381813
8000.0 5.65549803101
8010.0 5.66254202784
8020.0 5.6695858073
8030.0 5.6766293681
8040.0 5.6836727089
8050.0 5.6907158284
8060.0 5.69775872526
8070.0 5.70480139815
8080.0 5.71184384573
8090.0 5.71888606666
8100.0 5.72592805957
8110.0 5.73296982312
8120.0 5.74001135593
8130.0 5.74705265664
8140.0 5.75409372387
8150.0 5.76113455623
8160.0 5.76817515235
8170.0 5.77521551081
8180.0 5.78225563023
8190.0 5.78929550918
8200.0 5.79633514627
8210.0 5.80337454006
8220.0 5.81041368913
8230.0 5.81745259206
8240.0 5.82449124739
8250.0 5.83152965368
8260.0 5.83856780948
8270.0 5.84560571334
8280.0 5.85264336379
8290.0 5.85968075936
8300.0 5.86671789856
8310.0 5.87375477993
8320.0 5.88079140196
8330.0 5.88782776316
8340.0 5.89486386203
8350.0 5.90189969707
8360.0 5.90893526674
8370.0 5.91597056954
8380.0 5.92300560393
8390.0 5.93004036838
8400.0 5.93707486135
8410.0 5.94410908129
8420.0 5.95114302665
8430.0 5.95817669586
8440.0 5.96521008735
8450.0 5.97224319957
8460.0 5.97927603091
8470.0 5.9863085798
8480.0 5.99334084465
8490.0 6.00037282385
8500.0 6.0074045158
8510.0 6.01443591888
8520.0 6.02146703148
8530.0 6.02849785196
8540.0 6.0355283787
8550.0 6.04255861006
8560.0 6.04958854438
8570.0 6.05661818003
8580.0 6.06364751533
8590.0 6.07067654862
8600.0 6.07770527824
8610.0 6.08473370249
8620.0 6.0917618197
8630.0 6.09878962817
8640.0 6.1058171262
8650.0 6.11284431209
8660.0 6.11987118413
8670.0 6.12689774059
8680.0 6.13392397975
8690.0 6.14094989987
8700.0 6.14797549922
8710.0 6.15500077605
8720.0 6.16202572861
8730.0 6.16905035514
8740.0 6.17607465386
8750.0 6.18309862302
8760.0 6.19012226082
8770.0 6.19714556549
8780.0 6.20416853522
8790.0 6.21119116822
8800.0 6.21821346268
8810.0 6.22523541679
8820.0 6.23225702872
8830.0 6.23927829665
8840.0 6.24629921875
8850.0 6.25331979317
8860.0 6.26034001806
8870.0 6.26735989158
8880.0 6.27437941185
8890.0 6.28139857702
8900.0 6.2884173852
8910.0 6.29543583452
8920.0 6.30245392308
8930.0 6.30947164899
8940.0 6.31648901035
8950.0 6.32350600524
8960.0 6.33052263176
8970.0 6.33753888797
8980.0 6.34455477195
8990.0 6.35157028177
9000.0 6.35858541547
9010.0 6.36560017111
9020.0 6.37261454673
9030.0 6.37962854037
9040.0 6.38664215005
9050.0 6.3936553738
9060.0 6.40066820963
9070.0 6.40768065556
9080.0 6.41469270957
9090.0 6.42170436968
9100.0 6.42871563385
9110.0 6.43572650009
9120.0 6.44273696635
9130.0 6.44974703061
9140.0 6.45675669083
9150.0 6.46376594496
9160.0 6.47077479094
9170.0 6.47778322673
9180.0 6.48479125024
9190.0 6.49179885941
9200.0 6.49880605216
9210.0 6.50581282639
9220.0 6.51281918001
9230.0 6.51982511093
9240.0 6.52683061703
9250.0 6.5338356962
9260.0 6.54084034631
9270.0 6.54784456524
9280.0 6.55484835086
9290.0 6.56185170101
9300.0 6.56885461355
9310.0 6.57585708633
9320.0 6.58285911717
9330.0 6.58986070392
9340.0 6.5968618444
9350.0 6.60386253641
9360.0 6.61086277777
9370.0 6.61786256629
9380.0 6.62486189976
9390.0 6.63186077597
9400.0 6.6388591927
9410.0 6.64585714773
9420.0 6.65285463882
9430.0 6.65985166375
9440.0 6.66684822026
9450.0 6.6738443061
9460.0 6.68083991902
9470.0 6.68783505675
9480.0 6.69482971702
9490.0 6.70182389756
9500.0 6.70881759607
9510.0 6.71581081026
9520.0 6.72280353784
9530.0 6.72979577651
9540.0 6.73678752394
9550.0 6.74377877783
9560.0 6.75076953585
9570.0 6.75775979566
9580.0 6.76474955492
9590.0 6.77173881131
9600.0 6.77872756245
9610.0 6.78571580599
9620.0 6.79270353958
9630.0 6.79969076083
9640.0 6.80667746737
9650.0 6.81366365682
9660.0 6.82064932678
9670.0 6.82763447485
9680.0 6.83461909864
9690.0 6.84160319573
9700.0 6.84858676371
9710.0 6.85556980015
9720.0 6.86255230262
9730.0 6.86953426868
9740.0 6.8765156959
9750.0 6.88349658182
9760.0 6.89047692398
9770.0 6.89745671993
9780.0 6.9044359672
9790.0 6.91141466331
9800.0 6.91839280577
9810.0 6.92537039211
9820.0 6.93234741983
9830.0 6.93932388643
9840.0 6.94629978939
9850.0 6.95327512621
9860.0 6.96024989438
9870.0 6.96722409135
9880.0 6.97419771461
9890.0 6.98117076161
9900.0 6.98814322982
9910.0 6.99511511667
9920.0 7.00208641961
9930.0 7.00905713609
9940.0 7.01602726352
9950.0 7.02299679935
9960.0 7.02996574098
9970.0 7.03693408583
9980.0 7.0439018313
9990.0 7.05086897481
10000.0 7.05783551373
10010.0 7.06480144547
10020.0 7.0717667674
10030.0 7.0787314769
10040.0 7.08569557135
10050.0 7.0926590481
10060.0 7.09962190452
10070.0 7.10658413796
10080.0 7.11354574577
10090.0 7.12050672529
10100.0 7.12746707385
10110.0 7.1344267888
10120.0 7.14138586744
10130.0 7.14834430711
10140.0 7.1553021051
10150.0 7.16225925874
10160.0 7.16921576533
10170.0 7.17617162215
10180.0 7.1831268265
10190.0 7.19008137567
10200.0 7.19703526693
10210.0 7.20398849756
10220.0 7.21094106482
10230.0 7.21789296599
10240.0 7.22484419832
10250.0 7.23179475906
10260.0 7.23874464545
10270.0 7.24569385474
10280.0 7.25264238417
10290.0 7.25959023097
10300.0 7.26653739235
10310.0 7.27348386555
10320.0 7.28042964778
10330.0 7.28737473624
10340.0 7.29431912815
10350.0 7.3012628207
10360.0 7.30820581109
10370.0 7.3151480965
10380.0 7.32208967413
10390.0 7.32903054114
10400.0 7.33597069472
10410.0 7.34291013204
10420.0 7.34984885026
10430.0 7.35678684654
10440.0 7.36372411804
10450.0 7.3706606619
10460.0 7.37759647527
10470.0 7.3845315553
10480.0 7.39146589911
10490.0 7.39839950385
10500.0 7.40533236663
10510.0 7.41226448458
10520.0 7.41919585482
10530.0 7.42612647446
10540.0 7.43305634061
10550.0 7.43998545037
10560.0 7.44691380085
10570.0 7.45384138913
10580.0 7.46076821232
10590.0 7.46769426749
10600.0 7.47461955174
10610.0 7.48154406213
10620.0 7.48846779574
10630.0 7.49539074965
10640.0 7.50231292091
10650.0 7.50923430659
10660.0 7.51615490376
10670.0 7.52307470945
10680.0 7.52999372072
10690.0 7.53691193463
10700.0 7.5438293482
10710.0 7.55074595848
10720.0 7.5576617625
10730.0 7.5645767573
10740.0 7.57149093989
10750.0 7.57840430731
10760.0 7.58531685657
10770.0 7.59222858469
10780.0 7.59913948868
10790.0 7.60604956556
10800.0 7.61295881232
10810.0 7.61986722596
10820.0 7.6267748035
10830.0 7.63368154192
10840.0 7.64058743821
10850.0 7.64749248937
10860.0 7.65439669237
10870.0 7.66130004421
10880.0 7.66820254186
10890.0 7.67510418231
10900.0 7.68200496251
10910.0 7.68890487944
10920.0 7.69580393008
10930.0 7.70270211138
10940.0 7.70959942031
10950.0 7.71649585383
10960.0 7.72339140889
10970.0 7.73028608244
10980.0 7.73717987145
10990.0 7.74407277285
11000.0 7.75096478359
11010.0 7.75785590062
11020.0 7.76474612088
11030.0 7.7716354413
11040.0 7.77852385883
11050.0 7.78541137039
11060.0 7.79229797293
11070.0 7.79918366336
11080.0 7.80606843862
11090.0 7.81295229563
11100.0 7.81983523132
11110.0 7.82671724261
11120.0 7.83359832641
11130.0 7.84047847965
11140.0 7.84735769924
11150.0 7.8542359821
11160.0 7.86111332514
11170.0 7.86798972526
11180.0 7.87486517939
11190.0 7.88173968442
11200.0 7.88861323727
11210.0 7.89548583483
11220.0 7.90235747402
11230.0 7.90922815173
11240.0 7.91609786486
11250.0 7.92296661032
11260.0 7.92983438501
11270.0 7.93670118581
11280.0 7.94356700964
11290.0 7.95043185338
11300.0 7.95729571392
11310.0 7.96415858817
11320.0 7.97102047301
11330.0 7.97788136535
11340.0 7.98474126206
11350.0 7.99160016004
11360.0 7.99845805618
11370.0 8.00531494737
11380.0 8.01217083051
11390.0 8.01902570247
11400.0 8.02587956015
11410.0 8.03273240043
11420.0 8.03958422022
11430.0 8.04643501638
11440.0 8.05328478582
11450.0 8.06013352541
11460.0 8.06698123205
11470.0 8.07382790263
11480.0 8.08067353403
11490.0 8.08751812314
11500.0 8.09436166686
11510.0 8.10120416207
11520.0 8.10804560565
11530.0 8.11488599451
11540.0 8.12172532553
11550.0 8.1285635956
11560.0 8.13540080161
11570.0 8.14223694047
11580.0 8.14907200905
11590.0 8.15590600426
11600.0 8.16273892299
11610.0 8.16957076214
11620.0 8.1764015186
11630.0 8.18323118928
11640.0 8.19005977107
11650.0 8.19688726087
11660.0 8.20371365559
11670.0 8.21053895213
11680.0 8.21736314739
11690.0 8.22418623829
11700.0 8.23100822172
11710.0 8.23782909461
11720.0 8.24464885386
11730.0 8.25146749639
11740.0 8.25828501911
11750.0 8.26510141893
11760.0 8.27191669279
11770.0 8.27873083759
11780.0 8.28554385027
11790.0 8.29235572775
11800.0 8.29916646695
11810.0 8.30597606481
11820.0 8.31278451827
11830.0 8.31959182425
11840.0 8.32639797969
11850.0 8.33320298154
11860.0 8.34000682674
11870.0 8.34680951224
11880.0 8.35361103497
11890.0 8.36041139191
11900.0 8.36721057999
11910.0 8.37400859618
11920.0 8.38080543745
11930.0 8.38760110075
11940.0 8.39439558305
11950.0 8.40118888132
11960.0 8.40798099254
11970.0 8.41477191369
11980.0 8.42156164174
11990.0 8.42835017369
12000.0 8.43513750652
12010.0 8.44192363722
12020.0 8.44870856279
12030.0 8.45549228024
12040.0 8.46227478656
12050.0 8.46905607877
12060.0 8.47583615388
12070.0 8.4826150089
12080.0 8.48939264085
12090.0 8.49616904677
12100.0 8.50294422369
12110.0 8.50971816863
12120.0 8.51649087864
12130.0 8.52326235076
12140.0 8.53003258204
12150.0 8.53680156954
12160.0 8.54356931031
12170.0 8.55033580141
12180.0 8.55710103993
12190.0 8.56386502292
12200.0 8.57062774747
12210.0 8.57738921067
12220.0 8.58414940961
12230.0 8.59090834137
12240.0 8.59766600306
12250.0 8.6044223918
12260.0 8.61117750468
12270.0 8.61793133883
12280.0 8.62468389137
12290.0 8.63143515944
12300.0 8.63818514016
12310.0 8.64493383069
12320.0 8.65168122816
12330.0 8.65842732974
12340.0 8.66517213258
12350.0 8.67191563385
12360.0 8.67865783073
12370.0 8.6853987204
12380.0 8.69213830003
12390.0 8.69887656683
12400.0 8.705613518
12410.0 8.71234915074
12420.0 8.71908346227
12430.0 8.72581644981
12440.0 8.73254811059
12450.0 8.73927844184
12460.0 8.74600744081
12470.0 8.75273510474
12480.0 8.7594614309
12490.0 8.76618641655
12500.0 8.77291005897
12510.0 8.77963235542
12520.0 8.78635330321
12530.0 8.79307289962
12540.0 8.79979114197
12550.0 8.80650802756
12560.0 8.81322355372
12570.0 8.81993771777
12580.0 8.82665051704
12590.0 8.8333619489
12600.0 8.84007201067
12610.0 8.84678069974
12620.0 8.85348801347
12630.0 8.86019394923
12640.0 8.86689850442
12650.0 8.87360167643
12660.0 8.88030346267
12670.0 8.88700386056
12680.0 8.8937028675
12690.0 8.90040048095
12700.0 8.90709669834
12710.0 8.91379151711
12720.0 8.92048493474
12730.0 8.92717694869
12740.0 8.93386755644
12750.0 8.94055675548
12760.0 8.9472445433
12770.0 8.95393091742
12780.0 8.96061587536
12790.0 8.96729941464
12800.0 8.9739815328
12810.0 8.98066222739
12820.0 8.98734149597
12830.0 8.99401933611
12840.0 9.00069574538
12850.0 9.00737072138