750.0 0.53074549449
760.0 0.53781680049
770.0 0.544888311559
780.0 0.551960019371
790.0 0.559031916023
800.0 0.566103994015
810.0 0.573176246219
820.0 0.580248665862
830.0 0.587321246501
840.0 0.594393982004
850.0 0.601466866532
860.0 0.608539894524
870.0 0.615613060676
880.0 0.622686359932
890.0 0.629759787466
900.0 0.636833338671
910.0 0.643907009146
920.0 0.650980794686
930.0 0.65805469127
940.0 0.665128695052
950.0 0.672202802353
960.0 0.679277009648
970.0 0.686351313563
980.0 0.693425710865
990.0 0.700500198454
1000.0 0.707574773358
1010.0 0.714649432724
1020.0 0.721724173817
1030.0 0.728798994008
1040.0 0.735873890775
1050.0 0.742948861693
1060.0 0.75002390443
1070.0 0.757099016747
1080.0 0.764174196489
1090.0 0.771249441582
1100.0 0.778324750029
1110.0 0.785400119911
1120.0 0.792475549376
1130.0 0.799551036641
1140.0 0.806626579989
1150.0 0.813702177764
1160.0 0.820777828368
1170.0 0.827853530261
1180.0 0.834929281956
1190.0 0.84200508202
1200.0 0.849080929067
1210.0 0.856156821761
1220.0 0.863232758809
1230.0 0.870308738963
1240.0 0.877384761018
1250.0 0.884460823807
1260.0 0.891536926204
1270.0 0.898613067117
1280.0 0.905689245492
1290.0 0.912765460307
1300.0 0.919841710576
1310.0 0.926917995341
1320.0 0.933994313675
1330.0 0.941070664683
1340.0 0.948147047495
1350.0 0.955223461268
1360.0 0.962299905186
1370.0 0.969376378458
1380.0 0.976452880315
1390.0 0.983529410015
1400.0 0.990605966835
1410.0 0.997682550073
1420.0 1.00475915905
1430.0 1.01183579311
1440.0 1.0189124516
1450.0 1.02598913392
1460.0 1.03306583944
1470.0 1.04014256759
1480.0 1.04721931779
1490.0 1.0542960895
1500.0 1.06137288216
1510.0 1.06844969526
1520.0 1.07552652829
1530.0 1.08260338075
1540.0 1.08968025216
1550.0 1.09675714205
1560.0 1.10383404997
1570.0 1.11091097546
1580.0 1.11798791811
1590.0 1.12506487748
1600.0 1.13214185317
1610.0 1.13921884478
1620.0 1.14629585191
1630.0 1.1533728742
1640.0 1.16044991126
1650.0 1.16752696275
1660.0 1.17460402831
1670.0 1.18168110759
1680.0 1.18875820027
1690.0 1.19583530602
1700.0 1.20291242452
1710.0 1.20998955546
1720.0 1.21706669855
1730.0 1.22414385347
1740.0 1.23122101996
1750.0 1.23829819772
1760.0 1.24537538648
1770.0 1.25245258598
1780.0 1.25952979595
1790.0 1.26660701614
1800.0 1.27368424629
1810.0 1.28076148617
1820.0 1.28783873553
1830.0 1.29491599415
1840.0 1.30199326179
1850.0 1.30907053823
1860.0 1.31614782325
1870.0 1.32322511664
1880.0 1.33030241819
1890.0 1.3373797277
1900.0 1.34445704497
1910.0 1.35153436979
1920.0 1.35861170199
1930.0 1.36568904137
1940.0 1.37276638775
1950.0 1.37984374095
1960.0 1.3869211008
1970.0 1.39399846711
1980.0 1.40107583973
1990.0 1.40815321849
2000.0 1.41523060322
2010.0 1.42230799376
2020.0 1.42938538997
2030.0 1.43646279168
2040.0 1.44354019874
2050.0 1.45061761102
2060.0 1.45769502836
2070.0 1.46477245062
2080.0 1.47184987767
2090.0 1.47892730936
2100.0 1.48600474557
2110.0 1.49308218615
2120.0 1.50015963099
2130.0 1.50723707996
2140.0 1.51431453292
2150.0 1.52139198976
2160.0 1.52846945036
2170.0 1.53554691459
2180.0 1.54262438235
2190.0 1.54970185352
2200.0 1.55677932797
2210.0 1.56385680562
2220.0 1.57093428633
2230.0 1.57801177001
2240.0 1.58508925656
2250.0 1.59216674586
2260.0 1.59924423781
2270.0 1.60632173232
2280.0 1.61339922928
2290.0 1.6204767286
2300.0 1.62755423018
2310.0 1.63463173392
2320.0 1.64170923973
2330.0 1.64878674752
2340.0 1.6558642572
2350.0 1.66294176868
2360.0 1.67001928186
2370.0 1.67709679666
2380.0 1.684174313
2390.0 1.69125183079
2400.0 1.69832934994
2410.0 1.70540687037
2420.0 1.71248439201
2430.0 1.71956191476
2440.0 1.72663943854
2450.0 1.73371696329
2460.0 1.74079448892
2470.0 1.74787201535
2480.0 1.7549495425
2490.0 1.76202707031
2500.0 1.76910459869
2510.0 1.77618212757
2520.0 1.78325965688
2530.0 1.79033718654
2540.0 1.79741471648
2550.0 1.80449224664
2560.0 1.81156977693
2570.0 1.8186473073
2580.0 1.82572483766
2590.0 1.83280236796
2600.0 1.83987989812
2610.0 1.84695742808
2620.0 1.85403495776
2630.0 1.86111248711
2640.0 1.86819001605
2650.0 1.87526754452
2660.0 1.88234507245
2670.0 1.88942259978
2680.0 1.89650012645
2690.0 1.90357765239
2700.0 1.91065517754
2710.0 1.91773270184
2720.0 1.92481022521
2730.0 1.93188774761
2740.0 1.93896526896
2750.0 1.9460427892
2760.0 1.95312030829
2770.0 1.96019782614
2780.0 1.96727534271
2790.0 1.97435285793
2800.0 1.98143037174
2810.0 1.98850788408
2820.0 1.99558539489
2830.0 2.00266290412
2840.0 2.00974041169
2850.0 2.01681791756
2860.0 2.02389542167
2870.0 2.03097292394
2880.0 2.03805042434
2890.0 2.04512792279
2900.0 2.05220541924
2910.0 2.05928291363
2920.0 2.06636040591
2930.0 2.07343789601
2940.0 2.08051538387
2950.0 2.08759286944
2960.0 2.09467035266
2970.0 2.10174783348
2980.0 2.10882531183
2990.0 2.11590278765
3000.0 2.1229802609
3010.0 2.1300577315
3020.0 2.13713519941
3030.0 2.14421266456
3040.0 2.1512901269
3050.0 2.15836758637
3060.0 2.16544504291
3070.0 2.17252249646
3080.0 2.17959994698
3090.0 2.18667739438
3100.0 2.19375483863
3110.0 2.20083227966
3120.0 2.20790971741
3130.0 2.21498715183
3140.0 2.22206458285
3150.0 2.22914201042
3160.0 2.23621943448
3170.0 2.24329685497
3180.0 2.25037427183
3190.0 2.257451685
3200.0 2.26452909442
3210.0 2.27160650004
3220.0 2.27868390179
3230.0 2.28576129961
3240.0 2.29283869345
3250.0 2.29991608323
3260.0 2.30699346892
3270.0 2.31407085043
3280.0 2.32114822772
3290.0 2.32822560071
3300.0 2.33530296935
3310.0 2.34238033358
3320.0 2.34945769334
3330.0 2.35653504856
3340.0 2.36361239918
3350.0 2.37068974514
3360.0 2.37776708637
3370.0 2.38484442282
3380.0 2.39192175441
3390.0 2.39899908109
3400.0 2.40607640279
3410.0 2.41315371945
3420.0 2.420231031
3430.0 2.42730833738
3440.0 2.43438563851
3450.0 2.44146293435
3460.0 2.44854022481
3470.0 2.45561750983
3480.0 2.46269478935
3490.0 2.4697720633
3500.0 2.47684933162
3510.0 2.48392659422
3520.0 2.49100385105
3530.0 2.49808110204
3540.0 2.50515834711
3550.0 2.51223558621
3560.0 2.51931281925
3570.0 2.52639004617
3580.0 2.53346726689
3590.0 2.54054448135
3600.0 2.54762168948
3610.0 2.55469889119
3620.0 2.56177608643
3630.0 2.56885327511
3640.0 2.57593045716
3650.0 2.58300763252
3660.0 2.59008480109
3670.0 2.59716196282
3680.0 2.60423911762
3690.0 2.61131626541
3700.0 2.61839340613
3710.0 2.62547053969
3720.0 2.63254766602
3730.0 2.63962478504
3740.0 2.64670189666
3750.0 2.65377900082
3760.0 2.66085609743
3770.0 2.6679331864
3780.0 2.67501026767
3790.0 2.68208734115
3800.0 2.68916440675
3810.0 2.6962414644
3820.0 2.703318514
3830.0 2.71039555549
3840.0 2.71747258877
3850.0 2.72454961375
3860.0 2.73162663036
3870.0 2.7387036385
3880.0 2.74578063809
3890.0 2.75285762904
3900.0 2.75993461127
3910.0 2.76701158468
3920.0 2.77408854918
3930.0 2.78116550469
3940.0 2.78824245112
3950.0 2.79531938836
3960.0 2.80239631634
3970.0 2.80947323496
3980.0 2.81655014412
3990.0 2.82362704373
4000.0 2.83070393369
4010.0 2.83778081392
4020.0 2.8448576843
4030.0 2.85193454476
4040.0 2.85901139518
4050.0 2.86608823547
4060.0 2.87316506553
4070.0 2.88024188526
4080.0 2.88731869456
4090.0 2.89439549333
4100.0 2.90147228147
4110.0 2.90854905886
4120.0 2.91562582541
4130.0 2.92270258102
4140.0 2.92977932557
4150.0 2.93685605896
4160.0 2.94393278109
4170.0 2.95100949184
4180.0 2.95808619111
4190.0 2.96516287879
4200.0 2.97223955476
4210.0 2.97931621891
4220.0 2.98639287114
4230.0 2.99346951133
4240.0 3.00054613936
4250.0 3.00762275512
4260.0 3.01469935849
4270.0 3.02177594936
4280.0 3.02885252761
4290.0 3.03592909312
4300.0 3.04300564577
4310.0 3.05008218544
4320.0 3.057158712
4330.0 3.06423522535
4340.0 3.07131172535
4350.0 3.07838821187
4360.0 3.0854646848
4370.0 3.092541144
4380.0 3.09961758936
4390.0 3.10669402073
4400.0 3.113770438
4410.0 3.12084684103
4420.0 3.12792322969
4430.0 3.13499960384
4440.0 3.14207596336
4450.0 3.14915230811
4460.0 3.15622863795
4470.0 3.16330495275
4480.0 3.17038125237
4490.0 3.17745753668
4500.0 3.18453380552
4510.0 3.19161005876
4520.0 3.19868629626
4530.0 3.20576251788
4540.0 3.21283872347
4550.0 3.21991491288
4560.0 3.22699108598
4570.0 3.2340672426
4580.0 3.24114338261
4590.0 3.24821950585
4600.0 3.25529561217
4610.0 3.26237170142
4620.0 3.26944777344
4630.0 3.27652382809
4640.0 3.2835998652
4650.0 3.29067588462
4660.0 3.29775188619
4670.0 3.30482786975
4680.0 3.31190383514
4690.0 3.31897978219
4700.0 3.32605571075
4710.0 3.33313162065
4720.0 3.34020751172
4730.0 3.3472833838
4740.0 3.35435923672
4750.0 3.3614350703
4760.0 3.36851088438
4770.0 3.37558667879
4780.0 3.38266245334
4790.0 3.38973820787
4800.0 3.39681394221
4810.0 3.40388965616
4820.0 3.41096534956
4830.0 3.41804102221
4840.0 3.42511667395
4850.0 3.43219230459
4860.0 3.43926791394
4870.0 3.44634350181
4880.0 3.45341906803
4890.0 3.46049461239
4900.0 3.46757013471
4910.0 3.4746456348
4920.0 3.48172111247
4930.0 3.48879656751
4940.0 3.49587199974
4950.0 3.50294740895
4960.0 3.51002279495
4970.0 3.51709815753
4980.0 3.5241734965
4990.0 3.53124881165
5000.0 3.53832410277
5010.0 3.54539936966
5020.0 3.55247461211
5030.0 3.5595498299
5040.0 3.56662502284
5050.0 3.5737001907
5060.0 3.58077533326
5070.0 3.58785045032
5080.0 3.59492554166
5090.0 3.60200060704
5100.0 3.60907564627
5110.0 3.6161506591
5120.0 3.62322564532
5130.0 3.6303006047
5140.0 3.63737553701
5150.0 3.64445044202
5160.0 3.6515253195
5170.0 3.65860016922
5180.0 3.66567499094
5190.0 3.67274978443
5200.0 3.67982454945
5210.0 3.68689928575
5220.0 3.6939739931
5230.0 3.70104867125
5240.0 3.70812331995
5250.0 3.71519793897
5260.0 3.72227252805
5270.0 3.72934708693
5280.0 3.73642161537
5290.0 3.74349611311
5300.0 3.7505705799
5310.0 3.75764501547
5320.0 3.76471941957
5330.0 3.77179379194
5340.0 3.7788681323
5350.0 3.7859424404
5360.0 3.79301671597
5370.0 3.80009095873
5380.0 3.80716516842
5390.0 3.81423934475
5400.0 3.82131348747
5410.0 3.82838759628
5420.0 3.8354616709
5430.0 3.84253571107
5440.0 3.84960971648
5450.0 3.85668368686
5460.0 3.86375762192
5470.0 3.87083152137
5480.0 3.87790538492
5490.0 3.88497921226
5500.0 3.89205300312
5510.0 3.89912675718
5520.0 3.90620047414
5530.0 3.91327415372
5540.0 3.92034779559
5550.0 3.92742139945
5560.0 3.934494965
5570.0 3.94156849193
5580.0 3.94864197991
5590.0 3.95571542863
5600.0 3.96278883778
5610.0 3.96986220704
5620.0 3.97693553608
5630.0 3.98400882457
5640.0 3.9910820722
5650.0 3.99815527863
5660.0 4.00522844354
5670.0 4.01230156658
5680.0 4.01937464742
5690.0 4.02644768572
5700.0 4.03352068114
5710.0 4.04059363335
5720.0 4.04766654198
5730.0 4.0547394067
5740.0 4.06181222716
5750.0 4.06888500299
5760.0 4.07595773385
5770.0 4.08303041938
5780.0 4.09010305922
5790.0 4.09717565301
5800.0 4.10424820038
5810.0 4.11132070095
5820.0 4.11839315438
5830.0 4.12546556027
5840.0 4.13253791826
5850.0 4.13961022796
5860.0 4.146682489
5870.0 4.153754701
5880.0 4.16082686357
5890.0 4.16789897631
5900.0 4.17497103885
5910.0 4.18204305078
5920.0 4.18911501171
5930.0 4.19618692125
5940.0 4.20325877898
5950.0 4.21033058451
5960.0 4.21740233743
5970.0 4.22447403733
5980.0 4.2315456838
5990.0 4.23861727642
6000.0 4.24568881478
6010.0 4.25276029845
6020.0 4.25983172702
6030.0 4.26690310004
6040.0 4.27397441711
6050.0 4.28104567778
6060.0 4.28811688161
6070.0 4.29518802818
6080.0 4.30225911705
6090.0 4.30933014776
6100.0 4.31640111987
6110.0 4.32347203294
6120.0 4.33054288651
6130.0 4.33761368012
6140.0 4.34468441332
6150.0 4.35175508565
6160.0 4.35882569664
6170.0 4.36589624583
6180.0 4.37296673275
6190.0 4.38003715691
6200.0 4.38710751786
6210.0 4.3941778151
6220.0 4.40124804816
6230.0 4.40831821655
6240.0 4.41538831978
6250.0 4.42245835735
6260.0 4.42952832879
6270.0 4.43659823358
6280.0 4.44366807123
6290.0 4.45073784122
6300.0 4.45780754307
6310.0 4.46487717624
6320.0 4.47194674024
6330.0 4.47901623453
6340.0 4.48608565861
6350.0 4.49315501194
6360.0 4.50022429401
6370.0 4.50729350427
6380.0 4.5143626422
6390.0 4.52143170726
6400.0 4.5285006989
6410.0 4.53556961659
6420.0 4.54263845978
6430.0 4.54970722791
6440.0 4.55677592043
6450.0 4.56384453679
6460.0 4.57091307642
6470.0 4.57798153876
6480.0 4.58504992324
6490.0 4.59211822928
6500.0 4.59918645632
6510.0 4.60625460378
6520.0 4.61332267107
6530.0 4.6203906576
6540.0 4.62745856279
6550.0 4.63452638605
6560.0 4.64159412677
6570.0 4.64866178436
6580.0 4.65572935821
6590.0 4.66279684772
6600.0 4.66986425227
6610.0 4.67693157125
6620.0 4.68399880404
6630.0 4.69106595002
6640.0 4.69813300857
6650.0 4.70519997904
6660.0 4.71226686081
6670.0 4.71933365324
6680.0 4.72640035569
6690.0 4.73346696752
6700.0 4.74053348806
6710.0 4.74759991668
6720.0 4.75466625272
6730.0 4.76173249551
6740.0 4.76879864438
6750.0 4.77586469868
6760.0 4.78293065773
6770.0 4.78999652084
6780.0 4.79706228735
6790.0 4.80412795656
6800.0 4.81119352779
6810.0 4.81825900035
6820.0 4.82532437353
6830.0 4.83238964664
6840.0 4.83945481897
6850.0 4.84651988982
6860.0 4.85358485847
6870.0 4.8606497242
6880.0 4.86771448629
6890.0 4.87477914402
6900.0 4.88184369665
6910.0 4.88890814346
6920.0 4.89597248371
6930.0 4.90303671664
6940.0 4.91010084152
6950.0 4.91716485759
6960.0 4.92422876411
6970.0 4.9312925603
6980.0 4.93835624541
6990.0 4.94541981867
7000.0 4.9524832793
7010.0 4.95954662653
7020.0 4.96660985958
7030.0 4.97367297766
7040.0 4.98073597998
7050.0 4.98779886575
7060.0 4.99486163416
7070.0 5.00192428442
7080.0 5.00898681571
7090.0 5.01604922723
7100.0 5.02311151816
7110.0 5.03017368767
7120.0 5.03723573493
7130.0 5.04429765913
7140.0 5.05135945942
7150.0 5.05842113496
7160.0 5.06548268491
7170.0 5.07254410841
7180.0 5.07960540463
7190.0 5.08666657268
7200.0 5.09372761173
7210.0 5.10078852088
7220.0 5.10784929928
7230.0 5.11490994605
7240.0 5.12197046029
7250.0 5.12903084114
7260.0 5.13609108768
7270.0 5.14315119904
7280.0 5.1502111743
7290.0 5.15727101256
7300.0 5.16433071291
7310.0 5.17139027443
7320.0 5.1784496962
7330.0 5.1855089773
7340.0 5.19256811679
7350.0 5.19962711375
7360.0 5.20668596722
7370.0 5.21374467626
7380.0 5.22080323993
7390.0 5.22786165726
7400.0 5.2349199273
7410.0 5.24197804908
7420.0 5.24903602163
7430.0 5.25609384397
7440.0 5.26315151512
7450.0 5.2702090341
7460.0 5.27726639992
7470.0 5.28432361157
7480.0 5.29138066806
7490.0 5.29843756838
7500.0 5.30549431152
7510.0 5.31255089646
7520.0 5.31960732218
7530.0 5.32666358765
7540.0 5.33371969184
7550.0 5.34077563371
7560.0 5.34783141221
7570.0 5.35488702631
7580.0 5.36194247493
7590.0 5.36899775703
7600.0 5.37605287154
7610.0 5.38310781739
7620.0 5.3901625935
7630.0 5.3972171988
7640.0 5.40427163219
7650.0 5.41132589258
7660.0 5.41837997888
7670.0 5.42543388999
7680.0 5.43248762479
7690.0 5.43954118217
7700.0 5.44659456102
7710.0 5.45364776021
7720.0 5.4607007786
7730.0 5.46775361506
7740.0 5.47480626846
7750.0 5.48185873763
7760.0 5.48891102144
7770.0 5.49596311872
7780.0 5.5030150283
7790.0 5.51006674903
7800.0 5.51711827972
7810.0 5.52416961919
7820.0 5.53122076625
7830.0 5.53827171972
7840.0 5.54532247839
7850.0 5.55237304106
7860.0 5.55942340652
7870.0 5.56647357356
7880.0 5.57352354095
7890.0 5.58057330747
7900.0 5.58762287188
7910.0 5.59467223295
7920.0 5.60172138942
7930.0 5.60877034006
7940.0 5.6158190836
7950.0 5.62286761879
7960.0 5.62991594434
7970.0 5.636964059
7980.0 5.64401196147
7990.0 5.65105965048
8000.0 5.65810712473
8010.0 5.66515438292
8020.0 5.67220142375
8030.0 5.67924824591
8040.0 5.68629484809
8050.0 5.69334122895
8060.0 5.70038738718
8070.0 5.70743332144
8080.0 5.71447903039
8090.0 5.72152451268
8100.0 5.72856976696
8110.0 5.73561479187
8120.0 5.74265958605
8130.0 5.74970414813
8140.0 5.75674847673
8150.0 5.76379257046
8160.0 5.77083642794
8170.0 5.77788004777
8180.0 5.78492342855
8190.0 5.79196656888
8200.0 5.79900946733
8210.0 5.80605212249
8220.0 5.81309453293
8230.0 5.82013669722
8240.0 5.82717861391
8250.0 5.83422028157
8260.0 5.84126169875
8270.0 5.84830286397
8280.0 5.85534377579
8290.0 5.86238443272
8300.0 5.86942483329
8310.0 5.87646497602
8320.0 5.88350485942
8330.0 5.89054448199
8340.0 5.89758384223
8350.0 5.90462293863
8360.0 5.91166176968
8370.0 5.91870033384
8380.0 5.9257386296
8390.0 5.93277665542
8400.0 5.93981440976
8410.0 5.94685189106
8420.0 5.95388909778
8430.0 5.96092602836
8440.0 5.96796268123
8450.0 5.9749990548
8460.0 5.98203514752
8470.0 5.98907095778
8480.0 5.99610648399
8490.0 6.00314172456
8500.0 6.01017667787
8510.0 6.01721134232
8520.0 6.02424571628
8530.0 6.03127979813
8540.0 6.03831358624
8550.0 6.04534707896
8560.0 6.05238027466
8570.0 6.05941317167
8580.0 6.06644576834
8590.0 6.073478063
8600.0 6.08051005398
8610.0 6.0875417396
8620.0 6.09457311818
8630.0 6.10160418802
8640.0 6.10863494742
8650.0 6.11566539467
8660.0 6.12269552808
8670.0 6.1297253459
8680.0 6.13675484643
8690.0 6.14378402792
8700.0 6.15081288864
8710.0 6.15784142683
8720.0 6.16486964076
8730.0 6.17189752865
8740.0 6.17892508875
8750.0 6.18595231927
8760.0 6.19297921844
8770.0 6.20000578447
8780.0 6.20703201557
8790.0 6.21405790994
8800.0 6.22108346577
8810.0 6.22810868124
8820.0 6.23513355454
8830.0 6.24215808384
8840.0 6.2491822673
8850.0 6.25620610309
8860.0 6.26322958935
8870.0 6.27025272424
8880.0 6.27727550588
8890.0 6.28429793241
8900.0 6.29132000196
8910.0 6.29834171264
8920.0 6.30536306257
8930.0 6.31238404985
8940.0 6.31940467257
8950.0 6.32642492883
8960.0 6.33344481672
8970.0 6.3404643343
8980.0 6.34748347965
8990.0 6.35450225083
9000.0 6.3615206459
9010.0 6.36853866291
9020.0 6.3755562999
9030.0 6.3825735549
9040.0 6.38959042595
9050.0 6.39660691107
9060.0 6.40362300827
9070.0 6.41063871556
9080.0 6.41765403094
9090.0 6.42466895241
9100.0 6.43168347796
9110.0 6.43869760556
9120.0 6.44571133319
9130.0 6.45272465882
9140.0 6.4597375804
9150.0 6.4667500959
9160.0 6.47376220325
9170.0 6.4807739004
9180.0 6.48778518528
9190.0 6.49479605582
9200.0 6.50180650993
9210.0 6.50881654553
9220.0 6.51582616052
9230.0 6.5228353528
9240.0 6.52984412027
9250.0 6.53685246081
9260.0 6.54386037229
9270.0 6.55086785259
9280.0 6.55787489957
9290.0 6.56488151109
9300.0 6.571887685
9310.0 6.57889341914
9320.0 6.58589871135
9330.0 6.59290355947
9340.0 6.59990796131
9350.0 6.60691191469
9360.0 6.61391541742
9370.0 6.62091846731
9380.0 6.62792106214
9390.0 6.63492319972
9400.0 6.64192487782
9410.0 6.64892609421
9420.0 6.65592684667
9430.0 6.66292713297
9440.0 6.66992695084
9450.0 6.67692629806
9460.0 6.68392517234
9470.0 6.69092357144
9480.0 6.69792149308
9490.0 6.70491893498
9500.0 6.71191589486
9510.0 6.71891237042
9520.0 6.72590835937
9530.0 6.7329038594
9540.0 6.7398988682
9550.0 6.74689338345
9560.0 6.75388740284
9570.0 6.76088092401
9580.0 6.76787394465
9590.0 6.7748664624
9600.0 6.78185847491
9610.0 6.78884997982
9620.0 6.79584097477
9630.0 6.80283145739
9640.0 6.8098214253
9650.0 6.81681087611
9660.0 6.82379980744
9670.0 6.83078821688
9680.0 6.83777610204
9690.0 6.8447634605
9700.0 6.85175028984
9710.0 6.85873658765
9720.0 6.86572235148
9730.0 6.87270757891
9740.0 6.8796922675
9750.0 6.88667641478
9760.0 6.89366001832
9770.0 6.90064307563
9780.0 6.90762558427
9790.0 6.91460754174
9800.0 6.92158894558
9810.0 6.92856979328
9820.0 6.93555008237
9830.0 6.94252981033
9840.0 6.94950897466
9850.0 6.95648757285
9860.0 6.96346560238
9870.0 6.97044306073
9880.0 6.97741994535
9890.0 6.98439625372
9900.0 6.99137198329
9910.0 6.99834713151
9920.0 7.00532169582
9930.0 7.01229567366
9940.0 7.01926906247
9950.0 7.02624185966
9960.0 7.03321406265
9970.0 7.04018566887
9980.0 7.04715667571
9990.0 7.05412708058
10000.0 7.06109688088
10010.0 7.06806607398
10020.0 7.07503465728
10030.0 7.08200262815
10040.0 7.08896998396
10050.0 7.09593672208
10060.0 7.10290283987
10070.0 7.10986833468
10080.0 7.11683320385
10090.0 7.12379744474
10100.0 7.13076105467
10110.0 7.13772403098
10120.0 7.14468637099
10130.0 7.15164807202
10140.0 7.15860913139
10150.0 7.1655695464
10160.0 7.17252931435
10170.0 7.17948843253
10180.0 7.18644689825
10190.0 7.19340470879
10200.0 7.20036186141
10210.0 7.20731835341
10220.0 7.21427418205
10230.0 7.22122934458
10240.0 7.22818383828
10250.0 7.23513766038
10260.0 7.24209080814
10270.0 7.2490432788
10280.0 7.2559950696
10290.0 7.26294617776
10300.0 7.26989660051
10310.0 7.27684633508
10320.0 7.28379537867
10330.0 7.2907437285
10340.0 7.29769138178
10350.0 7.3046383357
10360.0 7.31158458745
10370.0 7.31853013423
10380.0 7.32547497322
10390.0 7.33241910161
10400.0 7.33936251656
10410.0 7.34630521524
10420.0 7.35324719483
10430.0 7.36018845247
10440.0 7.36712898534
10450.0 7.37406879056
10460.0 7.3810078653
10470.0 7.3879462067
10480.0 7.39488381188
10490.0 7.40182067798
10500.0 7.40875680213
10510.0 7.41569218145
10520.0 7.42262681306
10530.0 7.42956069406
10540.0 7.43649382158
10550.0 7.44342619271
10560.0 7.45035780455
10570.0 7.45728865421
10580.0 7.46421873876
10590.0 7.4711480553
10600.0 7.47807660091
10610.0 7.48500437267
10620.0 7.49193136765
10630.0 7.49885758292
10640.0 7.50578301555
10650.0 7.5127076626
10660.0 7.51963152113
10670.0 7.52655458819
10680.0 7.53347686084
10690.0 7.54039833611
10700.0 7.54731901104
10710.0 7.55423888269
10720.0 7.56115794808
10730.0 7.56807620424
10740.0 7.57499364821
10750.0 7.58191027699
10760.0 7.58882608762
10770.0 7.59574107711
10780.0 7.60265524247
10790.0 7.60956858071
10800.0 7.61648108883
10810.0 7.62339276385
10820.0 7.63030360275
10830.0 7.63721360253
10840.0 7.64412276019
10850.0 7.65103107272
10860.0 7.65793853709
10870.0 7.6648451503
10880.0 7.67175090932
10890.0 7.67865581113
10900.0 7.6855598527
10910.0 7.692463031
10920.0 7.699365343
10930.0 7.70626678567
10940.0 7.71316735597
10950.0 7.72006705085
10960.0 7.72696586728
10970.0 7.7338638022
10980.0 7.74076085257
10990.0 7.74765701534
11000.0 7.75455228745
11010.0 7.76144666585
11020.0 7.76834014747
11030.0 7.77523272926
11040.0 7.78212440816
11050.0 7.78901518109
11060.0 7.79590504499
11070.0 7.80279399679
11080.0 7.80968203342
11090.0 7.8165691518
11100.0 7.82345534885
11110.0 7.83034062151
11120.0 7.83722496668
11130.0 7.84410838129
11140.0 7.85099086224
11150.0 7.85787240647
11160.0 7.86475301087
11170.0 7.87163267236
11180.0 7.87851138786
11190.0 7.88538915426
11200.0 7.89226596847
11210.0 7.8991418274
11220.0 7.90601672795
11230.0 7.91289066703
11240.0 7.91976364153
11250.0 7.92663564836
11260.0 7.93350668441
11270.0 7.94037674659
11280.0 7.94724583178
11290.0 7.95411393688
11300.0 7.9609810588
11310.0 7.96784719441
11320.0 7.97471234062
11330.0 7.98157649432
11340.0 7.9884396524
11350.0 7.99530181175
11360.0 8.00216296926
11370.0 8.00902312182
11380.0 8.01588226632
11390.0 8.02274039965
11400.0 8.02959751869
11410.0 8.03645362035
11420.0 8.0433087015
11430.0 8.05016275903
11440.0 8.05701578983
11450.0 8.06386779079
11460.0 8.0707187588
11470.0 8.07756869075
11480.0 8.08441758351
11490.0 8.09126543399
11500.0 8.09811223908
11510.0 8.10495799565
11520.0 8.1118027006
11530.0 8.11864635083
11540.0 8.12548894321
11550.0 8.13233047465
11560.0 8.13917094203
11570.0 8.14601034226
11580.0 8.15284867221
11590.0 8.15968592878
11600.0 8.16652210888
11610.0 8.1733572094
11620.0 8.18019122722
11630.0 8.18702415927
11640.0 8.19385600242
11650.0 8.20068675359
11660.0 8.20751640968
11670.0 8.21434496758
11680.0 8.22117242422
11690.0 8.22799877648
11700.0 8.23482402128
11710.0 8.24164815554
11720.0 8.24847117616
11730.0 8.25529308005
11740.0 8.26211386413
11750.0 8.26893352533
11760.0 8.27575206055
11770.0 8.28256946672
11780.0 8.28938574077
11790.0 8.29620087961
11800.0 8.30301488018
11810.0 8.30982773941
11820.0 8.31663945423
11830.0 8.32345002158
11840.0 8.33025943839
11850.0 8.33706770161
11860.0 8.34387480818
11870.0 8.35068075504
11880.0 8.35748553914
11890.0 8.36428915744
11900.0 8.37109160689
11910.0 8.37789288445
11920.0 8.38469298709
11930.0 8.39149191175
11940.0 8.39828965542
11950.0 8.40508621506
11960.0 8.41188158765
11970.0 8.41867577016
11980.0 8.42546875958
11990.0 8.4322605529
12000.0 8.43905114709
12010.0 8.44584053916
12020.0 8.4526287261
12030.0 8.45941570492
12040.0 8.46620147261
12050.0 8.47298602618
12060.0 8.47976936265
12070.0 8.48655147904
12080.0 8.49333237237
12090.0 8.50011203965
12100.0 8.50689047793
12110.0 8.51366768424
12120.0 8.52044365562
12130.0 8.5272183891
12140.0 8.53399188175
12150.0 8.54076413062
12160.0 8.54753513275
12170.0 8.55430488523
12180.0 8.56107338511
12190.0 8.56784062947
12200.0 8.57460661539
12210.0 8.58137133996
12220.0 8.58813480026
12230.0 8.59489699339
12240.0 8.60165791645
12250.0 8.60841756655
12260.0 8.6151759408
12270.0 8.62193303632
12280.0 8.62868885023
12290.0 8.63544337966
12300.0 8.64219662175
12310.0 8.64894857365
12320.0 8.65569923249
12330.0 8.66244859543
12340.0 8.66919665964
12350.0 8.67594342228
12360.0 8.68268888052
12370.0 8.68943303155
12380.0 8.69617587256
12390.0 8.70291740073
12400.0 8.70965761326
12410.0 8.71639650737
12420.0 8.72313408027
12430.0 8.72987032917
12440.0 8.73660525132
12450.0 8.74333884394
12460.0 8.75007110427
12470.0 8.75680202957
12480.0 8.7635316171
12490.0 8.77025986412
12500.0 8.7769867679
12510.0 8.78371232572
12520.0 8.79043653488
12530.0 8.79715939266
12540.0 8.80388089637
12550.0 8.81060104333
12560.0 8.81731983085
12570.0 8.82403725627
12580.0 8.83075331691
12590.0 8.83746801013
12600.0 8.84418133328
12610.0 8.85089328371
12620.0 8.8576038588
12630.0 8.86431305594
12640.0 8.87102087249
12650.0 8.87772730587
12660.0 8.88443235348
12670.0 8.89113601273
12680.0 8.89783828104
12690.0 8.90453915586
12700.0 8.91123863461
12710.0 8.91793671475
12720.0 8.92463339375
12730.0 8.93132866906
12740.0 8.93802253818
12750.0 8.94471499859
12760.0 8.95140604778
12770.0 8.95809568327
12780.0 8.96478390257
12790.0 8.97147070322
12800.0 8.97815608275
12810.0 8.98484003871
12820.0 8.99152256865
12830.0 8.99820367016
12840.0 9.0048833408
12850.0 9.01156157816