750.0 0.530362769261
760.0 0.537428972257
770.0 0.544495380324
780.0 0.551561985133
790.0 0.558628778782
800.0 0.565695753771
810.0 0.572762902972
820.0 0.579830219612
830.0 0.586897697247
840.0 0.593965329747
850.0 0.601033111273
860.0 0.608101036261
870.0 0.61516909941
880.0 0.622237295663
890.0 0.629305620194
900.0 0.636374068396
910.0 0.643442635868
920.0 0.650511318404
930.0 0.657580111985
940.0 0.664649012765
950.0 0.671718017062
960.0 0.678787121354
970.0 0.685856322267
980.0 0.692925616566
990.0 0.699995001151
1000.0 0.707064473052
1010.0 0.714134029415
1020.0 0.721203667505
1030.0 0.728273384694
1040.0 0.735343178457
1050.0 0.742413046372
1060.0 0.749482986106
1070.0 0.75655299542
1080.0 0.763623072159
1090.0 0.770693214248
1100.0 0.777763419693
1110.0 0.784833686572
1120.0 0.791904013033
1130.0 0.798974397296
1140.0 0.806044837641
1150.0 0.813115332412
1160.0 0.820185880013
1170.0 0.827256478903
1180.0 0.834327127595
1190.0 0.841397824656
1200.0 0.8484685687
1210.0 0.855539358391
1220.0 0.862610192436
1230.0 0.869681069587
1240.0 0.876751988639
1250.0 0.883822948425
1260.0 0.890893947819
1270.0 0.897964985729
1280.0 0.9050360611
1290.0 0.912107172913
1300.0 0.919178320178
1310.0 0.92624950194
1320.0 0.933320717272
1330.0 0.940391965277
1340.0 0.947463245085
1350.0 0.954534555855
1360.0 0.96160589677
1370.0 0.968677267039
1380.0 0.975748665894
1390.0 0.98282009259
1400.0 0.989891546407
1410.0 0.996963026642
1420.0 1.00403453262
1430.0 1.01110606367
1440.0 1.01817761916
1450.0 1.02524919847
1460.0 1.032320801
1470.0 1.03939242614
1480.0 1.04646407334
1490.0 1.05353574204
1500.0 1.0606074317
1510.0 1.0676791418
1520.0 1.07475087183
1530.0 1.08182262128
1540.0 1.08889438969
1550.0 1.09596617658
1560.0 1.10303798149
1570.0 1.11010980398
1580.0 1.11718164363
1590.0 1.12425349999
1600.0 1.13132537268
1610.0 1.13839726128
1620.0 1.14546916542
1630.0 1.1525410847
1640.0 1.15961301876
1650.0 1.16668496725
1660.0 1.1737569298
1670.0 1.18082890608
1680.0 1.18790089576
1690.0 1.1949728985
1700.0 1.202044914
1710.0 1.20911694194
1720.0 1.21618898202
1730.0 1.22326103394
1740.0 1.23033309743
1750.0 1.23740517219
1760.0 1.24447725795
1770.0 1.25154935444
1780.0 1.25862146141
1790.0 1.26569357859
1800.0 1.27276570574
1810.0 1.27983784262
1820.0 1.28690998898
1830.0 1.29398214459
1840.0 1.30105430922
1850.0 1.30812648266
1860.0 1.31519866468
1870.0 1.32227085507
1880.0 1.32934305362
1890.0 1.33641526012
1900.0 1.34348747438
1910.0 1.35055969621
1920.0 1.3576319254
1930.0 1.36470416178
1940.0 1.37177640516
1950.0 1.37884865536
1960.0 1.3859209122
1970.0 1.39299317551
1980.0 1.40006544513
1990.0 1.40713772088
2000.0 1.41421000261
2010.0 1.42128229015
2020.0 1.42835458335
2030.0 1.43542688205
2040.0 1.44249918612
2050.0 1.44957149539
2060.0 1.45664380973
2070.0 1.46371612899
2080.0 1.47078845303
2090.0 1.47786078172
2100.0 1.48493311492
2110.0 1.49200545251
2120.0 1.49907779434
2130.0 1.50615014031
2140.0 1.51322249027
2150.0 1.5202948441
2160.0 1.5273672017
2170.0 1.53443956293
2180.0 1.54151192769
2190.0 1.54858429585
2200.0 1.5556566673
2210.0 1.56272904194
2220.0 1.56980141965
2230.0 1.57687380033
2240.0 1.58394618387
2250.0 1.59101857017
2260.0 1.59809095912
2270.0 1.60516335062
2280.0 1.61223574458
2290.0 1.6193081409
2300.0 1.62638053947
2310.0 1.63345294021
2320.0 1.64052534302
2330.0 1.64759774781
2340.0 1.65467015448
2350.0 1.66174256296
2360.0 1.66881497314
2370.0 1.67588738494
2380.0 1.68295979827
2390.0 1.69003221306
2400.0 1.69710462921
2410.0 1.70417704664
2420.0 1.71124946527
2430.0 1.71832188501
2440.0 1.7253943058
2450.0 1.73246672754
2460.0 1.73953915017
2470.0 1.74661157359
2480.0 1.75368399775
2490.0 1.76075642255
2500.0 1.76782884793
2510.0 1.7749012738
2520.0 1.78197370011
2530.0 1.78904612677
2540.0 1.79611855371
2550.0 1.80319098086
2560.0 1.81026340815
2570.0 1.81733583551
2580.0 1.82440826288
2590.0 1.83148069017
2600.0 1.83855311733
2610.0 1.84562554428
2620.0 1.85269797096
2630.0 1.8597703973
2640.0 1.86684282324
2650.0 1.87391524871
2660.0 1.88098767364
2670.0 1.88806009797
2680.0 1.89513252163
2690.0 1.90220494457
2700.0 1.90927736672
2710.0 1.91634978801
2720.0 1.92342220838
2730.0 1.93049462777
2740.0 1.93756704612
2750.0 1.94463946336
2760.0 1.95171187944
2770.0 1.9587842943
2780.0 1.96585670786
2790.0 1.97292912008
2800.0 1.98000153088
2810.0 1.98707394022
2820.0 1.99414634803
2830.0 2.00121875425
2840.0 2.00829115883
2850.0 2.01536356169
2860.0 2.02243596279
2870.0 2.02950836207
2880.0 2.03658075946
2890.0 2.04365315491
2900.0 2.05072554836
2910.0 2.05779793974
2920.0 2.06487032902
2930.0 2.07194271611
2940.0 2.07901510097
2950.0 2.08608748354
2960.0 2.09315986376
2970.0 2.10023224157
2980.0 2.10730461692
2990.0 2.11437698974
3000.0 2.12144935998
3010.0 2.12852172758
3020.0 2.13559409248
3030.0 2.14266645463
3040.0 2.14973881397
3050.0 2.15681117044
3060.0 2.16388352397
3070.0 2.17095587453
3080.0 2.17802822203
3090.0 2.18510056644
3100.0 2.19217290768
3110.0 2.19924524571
3120.0 2.20631758046
3130.0 2.21338991187
3140.0 2.22046223989
3150.0 2.22753456446
3160.0 2.23460688551
3170.0 2.241679203
3180.0 2.24875151685
3190.0 2.25582382702
3200.0 2.26289613344
3210.0 2.26996843606
3220.0 2.2770407348
3230.0 2.28411302962
3240.0 2.29118532046
3250.0 2.29825760724
3260.0 2.30532988992
3270.0 2.31240216843
3280.0 2.31947444271
3290.0 2.3265467127
3300.0 2.33361897835
3310.0 2.34069123957
3320.0 2.34776349633
3330.0 2.35483574854
3340.0 2.36190799616
3350.0 2.36898023911
3360.0 2.37605247735
3370.0 2.38312471079
3380.0 2.39019693938
3390.0 2.39726916306
3400.0 2.40434138175
3410.0 2.41141359541
3420.0 2.41848580395
3430.0 2.42555800733
3440.0 2.43263020546
3450.0 2.43970239829
3460.0 2.44677458575
3470.0 2.45384676777
3480.0 2.46091894429
3490.0 2.46799111524
3500.0 2.47506328055
3510.0 2.48213544015
3520.0 2.48920759398
3530.0 2.49627974196
3540.0 2.50335188403
3550.0 2.51042402012
3560.0 2.51749615016
3570.0 2.52456827408
3580.0 2.5316403918
3590.0 2.53871250326
3600.0 2.54578460838
3610.0 2.55285670709
3620.0 2.55992879932
3630.0 2.567000885
3640.0 2.57407296405
3650.0 2.5811450364
3660.0 2.58821710197
3670.0 2.5952891607
3680.0 2.60236121249
3690.0 2.60943325729
3700.0 2.616505295
3710.0 2.62357732556
3720.0 2.63064934888
3730.0 2.6377213649
3740.0 2.64479337352
3750.0 2.65186537467
3760.0 2.65893736828
3770.0 2.66600935425
3780.0 2.67308133252
3790.0 2.68015330299
3800.0 2.68722526559
3810.0 2.69429722023
3820.0 2.70136916684
3830.0 2.70844110532
3840.0 2.71551303559
3850.0 2.72258495757
3860.0 2.72965687118
3870.0 2.73672877631
3880.0 2.7438006729
3890.0 2.75087256085
3900.0 2.75794444007
3910.0 2.76501631048
3920.0 2.77208817198
3930.0 2.77916002449
3940.0 2.78623186791
3950.0 2.79330370216
3960.0 2.80037552713
3970.0 2.80744734274
3980.0 2.8145191489
3990.0 2.82159094551
4000.0 2.82866273247
4010.0 2.83573450969
4020.0 2.84280627708
4030.0 2.84987803453
4040.0 2.85694978194
4050.0 2.86402151923
4060.0 2.87109324629
4070.0 2.87816496302
4080.0 2.88523666932
4090.0 2.89230836508
4100.0 2.89938005021
4110.0 2.9064517246
4120.0 2.91352338815
4130.0 2.92059504076
4140.0 2.92766668231
4150.0 2.9347383127
4160.0 2.94180993182
4170.0 2.94888153957
4180.0 2.95595313583
4190.0 2.96302472051
4200.0 2.97009629347
4210.0 2.97716785463
4220.0 2.98423940385
4230.0 2.99131094103
4240.0 2.99838246606
4250.0 3.00545397882
4260.0 3.01252547919
4270.0 3.01959696705
4280.0 3.0266684423
4290.0 3.03373990481
4300.0 3.04081135445
4310.0 3.04788279112
4320.0 3.05495421468
4330.0 3.06202562503
4340.0 3.06909702202
4350.0 3.07616840554
4360.0 3.08323977547
4370.0 3.09031113167
4380.0 3.09738247402
4390.0 3.10445380239
4400.0 3.11152511665
4410.0 3.11859641668
4420.0 3.12566770233
4430.0 3.13273897349
4440.0 3.13981023
4450.0 3.14688147175
4460.0 3.15395269859
4470.0 3.16102391039
4480.0 3.16809510701
4490.0 3.1751662883
4500.0 3.18223745414
4510.0 3.18930860438
4520.0 3.19637973888
4530.0 3.2034508575
4540.0 3.21052196008
4550.0 3.21759304649
4560.0 3.22466411658
4570.0 3.2317351702
4580.0 3.23880620721
4590.0 3.24587722744
4600.0 3.25294823076
4610.0 3.26001921701
4620.0 3.26709018603
4630.0 3.27416113767
4640.0 3.28123207178
4650.0 3.2883029882
4660.0 3.29537388676
4670.0 3.30244476732
4680.0 3.30951562971
4690.0 3.31658647376
4700.0 3.32365729931
4710.0 3.33072810621
4720.0 3.33779889428
4730.0 3.34486966335
4740.0 3.35194041327
4750.0 3.35901114385
4760.0 3.36608185493
4770.0 3.37315254633
4780.0 3.38022321788
4790.0 3.38729386941
4800.0 3.39436450074
4810.0 3.40143511169
4820.0 3.40850570208
4830.0 3.41557627174
4840.0 3.42264682047
4850.0 3.42971734811
4860.0 3.43678785445
4870.0 3.44385833932
4880.0 3.45092880253
4890.0 3.45799924389
4900.0 3.46506966321
4910.0 3.4721400603
4920.0 3.47921043496
4930.0 3.486280787
4940.0 3.49335111623
4950.0 3.50042142244
4960.0 3.50749170543
4970.0 3.51456196502
4980.0 3.52163220098
4990.0 3.52870241312
5000.0 3.53577260124
5010.0 3.54284276513
5020.0 3.54991290457
5030.0 3.55698301937
5040.0 3.5640531093
5050.0 3.57112317415
5060.0 3.57819321372
5070.0 3.58526322777
5080.0 3.5923332161
5090.0 3.59940317849
5100.0 3.60647311471
5110.0 3.61354302454
5120.0 3.62061290775
5130.0 3.62768276413
5140.0 3.63475259344
5150.0 3.64182239544
5160.0 3.64889216992
5170.0 3.65596191664
5180.0 3.66303163536
5190.0 3.67010132584
5200.0 3.67717098786
5210.0 3.68424062116
5220.0 3.6913102255
5230.0 3.69837980065
5240.0 3.70544934635
5250.0 3.71251886237
5260.0 3.71958834844
5270.0 3.72665780432
5280.0 3.73372722976
5290.0 3.7407966245
5300.0 3.74786598828
5310.0 3.75493532085
5320.0 3.76200462195
5330.0 3.76907389131
5340.0 3.77614312867
5350.0 3.78321233377
5360.0 3.79028150633
5370.0 3.79735064609
5380.0 3.80441975277
5390.0 3.81148882611
5400.0 3.81855786582
5410.0 3.82562687162
5420.0 3.83269584325
5430.0 3.83976478041
5440.0 3.84683368282
5450.0 3.8539025502
5460.0 3.86097138225
5470.0 3.8680401787
5480.0 3.87510893924
5490.0 3.88217766359
5500.0 3.88924635143
5510.0 3.89631500249
5520.0 3.90338361646
5530.0 3.91045219303
5540.0 3.9175207319
5550.0 3.92458923276
5560.0 3.9316576953
5570.0 3.93872611922
5580.0 3.9457945042
5590.0 3.95286284992
5600.0 3.95993115607
5610.0 3.96699942232
5620.0 3.97406764836
5630.0 3.98113583385
5640.0 3.98820397848
5650.0 3.99527208191
5660.0 4.00234014381
5670.0 4.00940816384
5680.0 4.01647614168
5690.0 4.02354407698
5700.0 4.0306119694
5710.0 4.0376798186
5720.0 4.04474762423
5730.0 4.05181538595
5740.0 4.0588831034
5750.0 4.06595077623
5760.0 4.07301840409
5770.0 4.08008598662
5780.0 4.08715352346
5790.0 4.09422101424
5800.0 4.1012884586
5810.0 4.10835585618
5820.0 4.1154232066
5830.0 4.12249050949
5840.0 4.12955776447
5850.0 4.13662497117
5860.0 4.14369212921
5870.0 4.15075923821
5880.0 4.15782629777
5890.0 4.16489330751
5900.0 4.17196026704
5910.0 4.17902717597
5920.0 4.1860940339
5930.0 4.19316084043
5940.0 4.20022759516
5950.0 4.20729429769
5960.0 4.21436094761
5970.0 4.22142754451
5980.0 4.22849408797
5990.0 4.23556057759
6000.0 4.24262701295
6010.0 4.24969339362
6020.0 4.25675971918
6030.0 4.2638259892
6040.0 4.27089220326
6050.0 4.27795836093
6060.0 4.28502446176
6070.0 4.29209050533
6080.0 4.29915649119
6090.0 4.3062224189
6100.0 4.31328828801
6110.0 4.32035409807
6120.0 4.32741984864
6130.0 4.33448553925
6140.0 4.34155116945
6150.0 4.34861673877
6160.0 4.35568224676
6170.0 4.36274769295
6180.0 4.36981307686
6190.0 4.37687839802
6200.0 4.38394365596
6210.0 4.3910088502
6220.0 4.39807398026
6230.0 4.40513904564
6240.0 4.41220404587
6250.0 4.41926898044
6260.0 4.42633384887
6270.0 4.43339865066
6280.0 4.44046338531
6290.0 4.4475280523
6300.0 4.45459265114
6310.0 4.46165718131
6320.0 4.4687216423
6330.0 4.4757860336
6340.0 4.48285035467
6350.0 4.489914605
6360.0 4.49697878406
6370.0 4.50404289132
6380.0 4.51110692625
6390.0 4.5181708883
6400.0 4.52523477695
6410.0 4.53229859163
6420.0 4.53936233182
6430.0 4.54642599694
6440.0 4.55348958646
6450.0 4.56055309982
6460.0 4.56761653645
6470.0 4.57467989578
6480.0 4.58174317726
6490.0 4.5888063803
6500.0 4.59586950434
6510.0 4.60293254879
6520.0 4.60999551307
6530.0 4.6170583966
6540.0 4.62412119879
6550.0 4.63118391904
6560.0 4.63824655676
6570.0 4.64530911135
6580.0 4.6523715822
6590.0 4.6594339687
6600.0 4.66649627025
6610.0 4.67355848623
6620.0 4.68062061602
6630.0 4.687682659
6640.0 4.69474461454
6650.0 4.70180648201
6660.0 4.70886826077
6670.0 4.7159299502
6680.0 4.72299154965
6690.0 4.73005305847
6700.0 4.73711447602
6710.0 4.74417580163
6720.0 4.75123703466
6730.0 4.75829817445
6740.0 4.76535922032
6750.0 4.77242017162
6760.0 4.77948102766
6770.0 4.78654178777
6780.0 4.79360245128
6790.0 4.80066301749
6800.0 4.80772348571
6810.0 4.81478385527
6820.0 4.82184412545
6830.0 4.82890429555
6840.0 4.83596436488
6850.0 4.84302433273
6860.0 4.85008419837
6870.0 4.8571439611
6880.0 4.86420362019
6890.0 4.87126317491
6900.0 4.87832262455
6910.0 4.88538196835
6920.0 4.89244120559
6930.0 4.89950033552
6940.0 4.9065593574
6950.0 4.91361827047
6960.0 4.92067707398
6970.0 4.92773576717
6980.0 4.93479434928
6990.0 4.94185281953
7000.0 4.94891117716
7010.0 4.95596942139
7020.0 4.96302755143
7030.0 4.97008556651
7040.0 4.97714346583
7050.0 4.98420124859
7060.0 4.991258914
7070.0 4.99831646126
7080.0 5.00537388955
7090.0 5.01243119806
7100.0 5.01948838599
7110.0 5.02654545249
7120.0 5.03360239676
7130.0 5.04065921795
7140.0 5.04771591523
7150.0 5.05477248777
7160.0 5.06182893472
7170.0 5.06888525522
7180.0 5.07594144843
7190.0 5.08299751349
7200.0 5.09005344952
7210.0 5.09710925568
7220.0 5.10416493108
7230.0 5.11122047484
7240.0 5.11827588608
7250.0 5.12533116392
7260.0 5.13238630746
7270.0 5.13944131582
7280.0 5.14649618807
7290.0 5.15355092333
7300.0 5.16060552068
7310.0 5.16765997919
7320.0 5.17471429796
7330.0 5.18176847606
7340.0 5.18882251255
7350.0 5.1958764065
7360.0 5.20293015697
7370.0 5.20998376301
7380.0 5.21703722367
7390.0 5.224090538
7400.0 5.23114370504
7410.0 5.23819672382
7420.0 5.24524959336
7430.0 5.2523023127
7440.0 5.25935488085
7450.0 5.26640729683
7460.0 5.27345955964
7470.0 5.28051166829
7480.0 5.28756362178
7490.0 5.2946154191
7500.0 5.30166705923
7510.0 5.30871854117
7520.0 5.31576986388
7530.0 5.32282102635
7540.0 5.32987202754
7550.0 5.3369228664
7560.0 5.3439735419
7570.0 5.35102405299
7580.0 5.35807439861
7590.0 5.36512457771
7600.0 5.37217458922
7610.0 5.37922443206
7620.0 5.38627410517
7630.0 5.39332360746
7640.0 5.40037293785
7650.0 5.40742209524
7660.0 5.41447107854
7670.0 5.42151988664
7680.0 5.42856851844
7690.0 5.43561697282
7700.0 5.44266524867
7710.0 5.44971334485
7720.0 5.45676126024
7730.0 5.4638089937
7740.0 5.47085654409
7750.0 5.47790391026
7760.0 5.48495109107
7770.0 5.49199808534
7780.0 5.49904489193
7790.0 5.50609150965
7800.0 5.51313793733
7810.0 5.5201841738
7820.0 5.52723021786
7830.0 5.53427606832
7840.0 5.54132172399
7850.0 5.54836718366
7860.0 5.55541244612
7870.0 5.56245751015
7880.0 5.56950237454
7890.0 5.57654703806
7900.0 5.58359149946
7910.0 5.59063575753
7920.0 5.597679811
7930.0 5.60472365864
7940.0 5.61176729918
7950.0 5.61881073136
7960.0 5.62585395391
7970.0 5.63289696556
7980.0 5.63993976503
7990.0 5.64698235104
8000.0 5.65402472228
8010.0 5.66106687747
8020.0 5.6681088153
8030.0 5.67515053446
8040.0 5.68219203363
8050.0 5.68923331149
8060.0 5.69627436672
8070.0 5.70331519797
8080.0 5.71035580392
8090.0 5.71739618321
8100.0 5.72443633448
8110.0 5.73147625639
8120.0 5.73851594757
8130.0 5.74555540664
8140.0 5.75259463224
8150.0 5.75963362297
8160.0 5.76667237744
8170.0 5.77371089427
8180.0 5.78074917205
8190.0 5.78778720937
8200.0 5.79482500482
8210.0 5.80186255698
8220.0 5.80889986441
8230.0 5.8159369257
8240.0 5.82297373939
8250.0 5.83001030405
8260.0 5.83704661822
8270.0 5.84408268044
8280.0 5.85111848926
8290.0 5.85815404319
8300.0 5.86518934076
8310.0 5.87222438048
8320.0 5.87925916088
8330.0 5.88629368045
8340.0 5.89332793768
8350.0 5.90036193108
8360.0 5.90739565912
8370.0 5.91442912028
8380.0 5.92146231304
8390.0 5.92849523585
8400.0 5.93552788719
8410.0 5.94256026549
8420.0 5.94959236921
8430.0 5.95662419678
8440.0 5.96365574665
8450.0 5.97068701722
8460.0 5.97771800693
8470.0 5.98474871419
8480.0 5.9917791374
8490.0 5.99880927496
8500.0 6.00583912527
8510.0 6.01286868672
8520.0 6.01989795768
8530.0 6.02692693653
8540.0 6.03395562163
8550.0 6.04098401135
8560.0 6.04801210404
8570.0 6.05503989805
8580.0 6.06206739172
8590.0 6.06909458337
8600.0 6.07612147135
8610.0 6.08314805397
8620.0 6.09017432954
8630.0 6.09720029638
8640.0 6.10422595278
8650.0 6.11125129703
8660.0 6.11827632743
8670.0 6.12530104225
8680.0 6.13232543977
8690.0 6.13934951826
8700.0 6.14637327598
8710.0 6.15339671117
8720.0 6.16041982209
8730.0 6.16744260698
8740.0 6.17446506408
8750.0 6.1814871916
8760.0 6.18850898776
8770.0 6.19553045079
8780.0 6.20255157889
8790.0 6.20957237025
8800.0 6.21659282308
8810.0 6.22361293555
8820.0 6.23063270585
8830.0 6.23765213214
8840.0 6.2446712126
8850.0 6.25168994539
8860.0 6.25870832865
8870.0 6.26572636052
8880.0 6.27274403916
8890.0 6.27976136269
8900.0 6.28677832924
8910.0 6.29379493692
8920.0 6.30081118384
8930.0 6.30782706812
8940.0 6.31484258784
8950.0 6.3218577411
8960.0 6.32887252598
8970.0 6.33588694056
8980.0 6.3429009829
8990.0 6.34991465108
9000.0 6.35692794315
9010.0 6.36394085715
9020.0 6.37095339114
9030.0 6.37796554314
9040.0 6.38497731119
9050.0 6.3919886933
9060.0 6.3989996875
9070.0 6.40601029179
9080.0 6.41302050417
9090.0 6.42003032263
9100.0 6.42703974517
9110.0 6.43404876977
9120.0 6.4410573944
9130.0 6.44806561702
9140.0 6.45507343561
9150.0 6.4620808481
9160.0 6.46908785245
9170.0 6.4760944466
9180.0 6.48310062847
9190.0 6.49010639601
9200.0 6.49711174712
9210.0 6.50411667971
9220.0 6.5111211917
9230.0 6.51812528098
9240.0 6.52512894545
9250.0 6.53213218298
9260.0 6.53913499146
9270.0 6.54613736875
9280.0 6.55313931273
9290.0 6.56014082125
9300.0 6.56714189215
9310.0 6.57414252329
9320.0 6.5811427125
9330.0 6.58814245762
9340.0 6.59514175645
9350.0 6.60214060683
9360.0 6.60913900656
9370.0 6.61613695344
9380.0 6.62313444528
9390.0 6.63013147985
9400.0 6.63712805494
9410.0 6.64412416834
9420.0 6.6511198178
9430.0 6.65811500108
9440.0 6.66510971596
9450.0 6.67210396017
9460.0 6.67909773145
9470.0 6.68609102755
9480.0 6.69308384618
9490.0 6.70007618508
9500.0 6.70706804195
9510.0 6.71405941451
9520.0 6.72105030046
9530.0 6.72804069748
9540.0 6.73503060328
9550.0 6.74202001554
9560.0 6.74900893191
9570.0 6.75599735009
9580.0 6.76298526772
9590.0 6.76997268247
9600.0 6.77695959197
9610.0 6.78394599388
9620.0 6.79093188583
9630.0 6.79791726545
9640.0 6.80490213035
9650.0 6.81188647816
9660.0 6.81887030649
9670.0 6.82585361293
9680.0 6.83283639508
9690.0 6.83981865054
9700.0 6.84680037688
9710.0 6.85378157168
9720.0 6.86076223251
9730.0 6.86774235694
9740.0 6.87472194252
9750.0 6.8817009868
9760.0 6.88867948733
9770.0 6.89565744165
9780.0 6.90263484728
9790.0 6.90961170175
9800.0 6.91658800258
9810.0 6.92356374728
9820.0 6.93053893337
9830.0 6.93751355832
9840.0 6.94448761965
9850.0 6.95146111484
9860.0 6.95843404137
9870.0 6.96540639671
9880.0 6.97237817833
9890.0 6.9793493837
9900.0 6.98632001026
9910.0 6.99329005548
9920.0 7.00025951679
9930.0 7.00722839163
9940.0 7.01419667743
9950.0 7.02116437162
9960.0 7.02813147161
9970.0 7.03509797482
9980.0 7.04206387866
9990.0 7.04902918053
10000.0 7.05599387782
10010.0 7.06295796792
10020.0 7.06992144822
10030.0 7.07688431608
10040.0 7.08384656889
10050.0 7.09080820401
10060.0 7.09776921879
10070.0 7.1047296106
10080.0 7.11168937677
10090.0 7.11864851465
10100.0 7.12560702158
10110.0 7.13256489489
10120.0 7.1395221319
10130.0 7.14647872993
10140.0 7.15343468629
10150.0 7.16038999829
10160.0 7.16734466324
10170.0 7.17429867843
10180.0 7.18125204114
10190.0 7.18820474867
10200.0 7.1951567983
10210.0 7.20210818729
10220.0 7.20905891292
10230.0 7.21600897245
10240.0 7.22295836315
10250.0 7.22990708225
10260.0 7.236855127
10270.0 7.24380249466
10280.0 7.25074918245
10290.0 7.25769518761
10300.0 7.26464050736
10310.0 7.27158513893
10320.0 7.27852907952
10330.0 7.28547232635
10340.0 7.29241487662
10350.0 7.29935672753
10360.0 7.30629787628
10370.0 7.31323832006
10380.0 7.32017805605
10390.0 7.32711708143
10400.0 7.33405539338
10410.0 7.34099298906
10420.0 7.34792986564
10430.0 7.35486602029
10440.0 7.36180145014
10450.0 7.36873615237
10460.0 7.37567012411
10470.0 7.3826033625
10480.0 7.38953586468
10490.0 7.39646762777
10500.0 7.40339864892
10510.0 7.41032892524
10520.0 7.41725845384
10530.0 7.42418723184
10540.0 7.43111525636
10550.0 7.43804252449
10560.0 7.44496903333
10570.0 7.45189477998
10580.0 7.45881976153
10590.0 7.46574397506
10600.0 7.47266741767
10610.0 7.47959008643
10620.0 7.4865119784
10630.0 7.49343309067
10640.0 7.5003534203
10650.0 7.50727296435
10660.0 7.51419171987
10670.0 7.52110968393
10680.0 7.52802685357
10690.0 7.53494322584
10700.0 7.54185879777
10710.0 7.54877356642
10720.0 7.5556875288
10730.0 7.56260068196
10740.0 7.56951302292
10750.0 7.57642454871
10760.0 7.58333525633
10770.0 7.59024514281
10780.0 7.59715420517
10790.0 7.60406244041
10800.0 7.61096984553
10810.0 7.61787641754
10820.0 7.62478215344
10830.0 7.63168705022
10840.0 7.63859110488
10850.0 7.6454943144
10860.0 7.65239667577
10870.0 7.65929818598
10880.0 7.66619884199
10890.0 7.6730986408
10900.0 7.67999757936
10910.0 7.68689565466
10920.0 7.69379286367
10930.0 7.70068920333
10940.0 7.70758467062
10950.0 7.7144792625
10960.0 7.72137297593
10970.0 7.72826580785
10980.0 7.73515775521
10990.0 7.74204881498
11000.0 7.74893898409
11010.0 7.75582825948
11020.0 7.7627166381
11030.0 7.76960411689
11040.0 7.77649069278
11050.0 7.78337636271
11060.0 7.79026112361
11070.0 7.79714497241
11080.0 7.80402790603
11090.0 7.81090992141
11100.0 7.81779101546
11110.0 7.82467118511
11120.0 7.83155042728
11130.0 7.83842873888
11140.0 7.84530611684
11150.0 7.85218255806
11160.0 7.85905805946
11170.0 7.86593261795
11180.0 7.87280623044
11190.0 7.87967889384
11200.0 7.88655060505
11210.0 7.89342136097
11220.0 7.90029115852
11230.0 7.9071599946
11240.0 7.9140278661
11250.0 7.92089476992
11260.0 7.92776070297
11270.0 7.93462566214
11280.0 7.94148964433
11290.0 7.94835264643
11300.0 7.95521466534
11310.0 7.96207569795
11320.0 7.96893574116
11330.0 7.97579479186
11340.0 7.98265284693
11350.0 7.98950990328
11360.0 7.99636595779
11370.0 8.00322100734
11380.0 8.01007504884
11390.0 8.01692807917
11400.0 8.02378009521
11410.0 8.03063109386
11420.0 8.03748107201
11430.0 8.04433002653
11440.0 8.05117795433
11450.0 8.05802485229
11460.0 8.0648707173
11470.0 8.07171554624
11480.0 8.078559336
11490.0 8.08540208348
11500.0 8.09224378556
11510.0 8.09908443913
11520.0 8.10592404108
11530.0 8.1127625883
11540.0 8.11960007769
11550.0 8.12643650612
11560.0 8.1332718705
11570.0 8.14010616772
11580.0 8.14693939467
11590.0 8.15377154824
11600.0 8.16060262533
11610.0 8.16743262285
11620.0 8.17426153767
11630.0 8.18108936671
11640.0 8.18791610686
11650.0 8.19474175503
11660.0 8.20156630811
11670.0 8.20838976302
11680.0 8.21521211665
11690.0 8.22203336591
11700.0 8.22885350771
11710.0 8.23567253896
11720.0 8.24249045657
11730.0 8.24930725746
11740.0 8.25612293855
11750.0 8.26293749674
11760.0 8.26975092895
11770.0 8.27656323212
11780.0 8.28337440317
11790.0 8.29018443901
11800.0 8.29699333658
11810.0 8.3038010928
11820.0 8.31060770462
11830.0 8.31741316896
11840.0 8.32421748277
11850.0 8.33102064299
11860.0 8.33782264655
11870.0 8.34462349041
11880.0 8.35142317151
11890.0 8.35822168681
11900.0 8.36501903326
11910.0 8.37181520781
11920.0 8.37861020744
11930.0 8.3854040291
11940.0 8.39219666977
11950.0 8.3989881264
11960.0 8.40577839599
11970.0 8.4125674755
11980.0 8.41935536192
11990.0 8.42614205223
12000.0 8.43292754342
12010.0 8.43971183249
12020.0 8.44649491643
12030.0 8.45327679224
12040.0 8.46005745693
12050.0 8.4668369075
12060.0 8.47361514097
12070.0 8.48039215435
12080.0 8.48716794467
12090.0 8.49394250896
12100.0 8.50071584423
12110.0 8.50748794754
12120.0 8.51425881591
12130.0 8.5210284464
12140.0 8.52779683604
12150.0 8.5345639819
12160.0 8.54132988104
12170.0 8.54809453051
12180.0 8.55485792739
12190.0 8.56162006874
12200.0 8.56838095166
12210.0 8.57514057323
12220.0 8.58189893052
12230.0 8.58865602065
12240.0 8.59541184071
12250.0 8.60216638781
12260.0 8.60891965905
12270.0 8.61567165157
12280.0 8.62242236247
12290.0 8.6291717889
12300.0 8.63591992799
12310.0 8.64266677688
12320.0 8.64941233272
12330.0 8.65615659266
12340.0 8.66289955387
12350.0 8.6696412135
12360.0 8.67638156875
12370.0 8.68312061677
12380.0 8.68985835477
12390.0 8.69659477994
12400.0 8.70332988947
12410.0 8.71006368058
12420.0 8.71679615047
12430.0 8.72352729637
12440.0 8.73025711552
12450.0 8.73698560513
12460.0 8.74371276246
12470.0 8.75043858476
12480.0 8.75716306929
12490.0 8.7638862133
12500.0 8.77060801408
12510.0 8.7773284689
12520.0 8.78404757505
12530.0 8.79076532983
12540.0 8.79748173054
12550.0 8.80419677449
12560.0 8.81091045901
12570.0 8.81762278143
12580.0 8.82433373907
12590.0 8.83104332928
12600.0 8.83775154942
12610.0 8.84445839686
12620.0 8.85116386895
12630.0 8.85786796307
12640.0 8.86457067663
12650.0 8.87127200701
12660.0 8.87797195161
12670.0 8.88467050786
12680.0 8.89136767317
12690.0 8.89806344498
12700.0 8.90475782073
12710.0 8.91145079787
12720.0 8.91814237386
12730.0 8.92483254617
12740.0 8.93152131229
12750.0 8.93820866969
12760.0 8.94489461588
12770.0 8.95157914837
12780.0 8.95826226467
12790.0 8.96494396231
12800.0 8.97162423884
12810.0 8.97830309179
12820.0 8.98498051874
12830.0 8.99165651724
12840.0 8.99833108487
12850.0 9.00500421923