750.0 0.530515315464
760.0 0.53758355241
770.0 0.544651994426
780.0 0.551720633184
790.0 0.558789460782
800.0 0.56585846972
810.0 0.572927652871
820.0 0.57999700346
830.0 0.587066515045
840.0 0.594136181495
850.0 0.601205996969
860.0 0.608275955907
870.0 0.615346053006
880.0 0.622416283208
890.0 0.629486641688
900.0 0.636557123839
910.0 0.643627725261
920.0 0.650698441747
930.0 0.657769269277
940.0 0.664840204006
950.0 0.671911242253
960.0 0.678982380494
970.0 0.686053615356
980.0 0.693124943604
990.0 0.700196362139
1000.0 0.707267867989
1010.0 0.714339458302
1020.0 0.721411130341
1030.0 0.728482881479
1040.0 0.735554709192
1050.0 0.742626611056
1060.0 0.74969858474
1070.0 0.756770628003
1080.0 0.763842738691
1090.0 0.77091491473
1100.0 0.777987154124
1110.0 0.785059454952
1120.0 0.792131815363
1130.0 0.799204233575
1140.0 0.806276707869
1150.0 0.81334923659
1160.0 0.82042181814
1170.0 0.82749445098
1180.0 0.834567133622
1190.0 0.841639864632
1200.0 0.848712642625
1210.0 0.855785466265
1220.0 0.862858334259
1230.0 0.86993124536
1240.0 0.877004198361
1250.0 0.884077192097
1260.0 0.89115022544
1270.0 0.898223297299
1280.0 0.90529640662
1290.0 0.912369552382
1300.0 0.919442733597
1310.0 0.926515949308
1320.0 0.933589198589
1330.0 0.940662480543
1340.0 0.947735794301
1350.0 0.954809139021
1360.0 0.961882513885
1370.0 0.968955918103
1380.0 0.976029350907
1390.0 0.983102811553
1400.0 0.990176299319
1410.0 0.997249813504
1420.0 1.00432335343
1430.0 1.01139691843
1440.0 1.01847050787
1450.0 1.02554412113
1460.0 1.0326177576
1470.0 1.0396914167
1480.0 1.04676509785
1490.0 1.0538388005
1500.0 1.06091252411
1510.0 1.06798626816
1520.0 1.07506003213
1530.0 1.08213381554
1540.0 1.08920761789
1550.0 1.09628143873
1560.0 1.10335527759
1570.0 1.11042913404
1580.0 1.11750300763
1590.0 1.12457689794
1600.0 1.13165080458
1610.0 1.13872472713
1620.0 1.14579866522
1630.0 1.15287261845
1640.0 1.15994658646
1650.0 1.16702056889
1660.0 1.1740945654
1670.0 1.18116857563
1680.0 1.18824259925
1690.0 1.19531663595
1700.0 1.2023906854
1710.0 1.20946474728
1720.0 1.21653882131
1730.0 1.22361290719
1740.0 1.23068700462
1750.0 1.23776111333
1760.0 1.24483523304
1770.0 1.25190936348
1780.0 1.2589835044
1790.0 1.26605765553
1800.0 1.27313181663
1810.0 1.28020598746
1820.0 1.28728016776
1830.0 1.29435435733
1840.0 1.30142855591
1850.0 1.30850276329
1860.0 1.31557697926
1870.0 1.3226512036
1880.0 1.3297254361
1890.0 1.33679967655
1900.0 1.34387392477
1910.0 1.35094818054
1920.0 1.35802244368
1930.0 1.36509671401
1940.0 1.37217099134
1950.0 1.37924527549
1960.0 1.38631956628
1970.0 1.39339386354
1980.0 1.4004681671
1990.0 1.4075424768
2000.0 1.41461679248
2010.0 1.42169111397
2020.0 1.42876544112
2030.0 1.43583977378
2040.0 1.44291411179
2050.0 1.44998845501
2060.0 1.4570628033
2070.0 1.46413715651
2080.0 1.4712115145
2090.0 1.47828587714
2100.0 1.48536024429
2110.0 1.49243461583
2120.0 1.49950899161
2130.0 1.50658337152
2140.0 1.51365775543
2150.0 1.52073214322
2160.0 1.52780653476
2170.0 1.53488092995
2180.0 1.54195532865
2190.0 1.54902973076
2200.0 1.55610413616
2210.0 1.56317854475
2220.0 1.57025295641
2230.0 1.57732737104
2240.0 1.58440178853
2250.0 1.59147620878
2260.0 1.59855063168
2270.0 1.60562505713
2280.0 1.61269948504
2290.0 1.6197739153
2300.0 1.62684834783
2310.0 1.63392278252
2320.0 1.64099721928
2330.0 1.64807165801
2340.0 1.65514609864
2350.0 1.66222054106
2360.0 1.66929498519
2370.0 1.67636943094
2380.0 1.68344387822
2390.0 1.69051832696
2400.0 1.69759277706
2410.0 1.70466722844
2420.0 1.71174168101
2430.0 1.71881613471
2440.0 1.72589058945
2450.0 1.73296504514
2460.0 1.74003950171
2470.0 1.74711395909
2480.0 1.75418841719
2490.0 1.76126287594
2500.0 1.76833733527
2510.0 1.7754117951
2520.0 1.78248625535
2530.0 1.78956071596
2540.0 1.79663517685
2550.0 1.80370963795
2560.0 1.81078409919
2570.0 1.8178585605
2580.0 1.82493302181
2590.0 1.83200748306
2600.0 1.83908194416
2610.0 1.84615640507
2620.0 1.8532308657
2630.0 1.86030532599
2640.0 1.86737978587
2650.0 1.87445424529
2660.0 1.88152870417
2670.0 1.88860316245
2680.0 1.89567762007
2690.0 1.90275207695
2700.0 1.90982653305
2710.0 1.91690098829
2720.0 1.92397544261
2730.0 1.93104989595
2740.0 1.93812434825
2750.0 1.94519879944
2760.0 1.95227324947
2770.0 1.95934769827
2780.0 1.96642214579
2790.0 1.97349659195
2800.0 1.98057103671
2810.0 1.98764547999
2820.0 1.99471992175
2830.0 2.00179436192
2840.0 2.00886880045
2850.0 2.01594323726
2860.0 2.02301767231
2870.0 2.03009210554
2880.0 2.03716653688
2890.0 2.04424096628
2900.0 2.05131539367
2910.0 2.05838981901
2920.0 2.06546424223
2930.0 2.07253866328
2940.0 2.07961308209
2950.0 2.08668749861
2960.0 2.09376191277
2970.0 2.10083632453
2980.0 2.10791073383
2990.0 2.1149851406
3000.0 2.12205954479
3010.0 2.12913394634
3020.0 2.13620834519
3030.0 2.14328274129
3040.0 2.15035713458
3050.0 2.157431525
3060.0 2.16450591248
3070.0 2.17158029698
3080.0 2.17865467844
3090.0 2.1857290568
3100.0 2.19280343199
3110.0 2.19987780396
3120.0 2.20695217266
3130.0 2.21402653802
3140.0 2.22110089999
3150.0 2.22817525851
3160.0 2.23524961351
3170.0 2.24232396495
3180.0 2.24939831276
3190.0 2.25647265687
3200.0 2.26354699724
3210.0 2.2706213338
3220.0 2.2776956665
3230.0 2.28476999527
3240.0 2.29184432005
3250.0 2.29891864079
3260.0 2.30599295742
3270.0 2.31306726988
3280.0 2.32014157811
3290.0 2.32721588205
3300.0 2.33429018164
3310.0 2.34136447682
3320.0 2.34843876752
3330.0 2.35551305368
3340.0 2.36258733525
3350.0 2.36966161216
3360.0 2.37673588434
3370.0 2.38381015173
3380.0 2.39088441427
3390.0 2.39795867189
3400.0 2.40503292454
3410.0 2.41210717215
3420.0 2.41918141464
3430.0 2.42625565196
3440.0 2.43332988405
3450.0 2.44040411082
3460.0 2.44747833223
3470.0 2.4545525482
3480.0 2.46162675867
3490.0 2.46870096357
3500.0 2.47577516283
3510.0 2.48284935638
3520.0 2.48992354416
3530.0 2.49699772609
3540.0 2.50407190211
3550.0 2.51114607215
3560.0 2.51822023614
3570.0 2.525294394
3580.0 2.53236854567
3590.0 2.53944269108
3600.0 2.54651683015
3610.0 2.55359096281
3620.0 2.560665089
3630.0 2.56773920862
3640.0 2.57481332162
3650.0 2.58188742792
3660.0 2.58896152744
3670.0 2.59603562012
3680.0 2.60310970586
3690.0 2.6101837846
3700.0 2.61725785627
3710.0 2.62433192078
3720.0 2.63140597805
3730.0 2.63848002801
3740.0 2.64555407059
3750.0 2.65262810569
3760.0 2.65970213324
3770.0 2.66677615317
3780.0 2.67385016538
3790.0 2.6809241698
3800.0 2.68799816635
3810.0 2.69507215494
3820.0 2.7021461355
3830.0 2.70922010793
3840.0 2.71629407215
3850.0 2.72336802808
3860.0 2.73044197563
3870.0 2.73751591472
3880.0 2.74458984526
3890.0 2.75166376716
3900.0 2.75873768033
3910.0 2.76581158469
3920.0 2.77288548014
3930.0 2.77995936659
3940.0 2.78703324396
3950.0 2.79410711216
3960.0 2.80118097108
3970.0 2.80825482064
3980.0 2.81532866075
3990.0 2.82240249131
4000.0 2.82947631222
4010.0 2.83655012339
4020.0 2.84362392472
4030.0 2.85069771612
4040.0 2.85777149749
4050.0 2.86484526873
4060.0 2.87191902974
4070.0 2.87899278042
4080.0 2.88606652066
4090.0 2.89314025038
4100.0 2.90021396946
4110.0 2.9072876778
4120.0 2.9143613753
4130.0 2.92143506185
4140.0 2.92850873735
4150.0 2.93558240169
4160.0 2.94265605476
4170.0 2.94972969646
4180.0 2.95680332667
4190.0 2.96387694529
4200.0 2.97095055221
4210.0 2.97802414731
4220.0 2.98509773049
4230.0 2.99217130162
4240.0 2.99924486059
4250.0 3.0063184073
4260.0 3.01339194162
4270.0 3.02046546344
4280.0 3.02753897263
4290.0 3.03461246909
4300.0 3.04168595268
4310.0 3.0487594233
4320.0 3.05583288081
4330.0 3.0629063251
4340.0 3.06997975605
4350.0 3.07705317352
4360.0 3.08412657739
4370.0 3.09119996754
4380.0 3.09827334384
4390.0 3.10534670617
4400.0 3.11242005438
4410.0 3.11949338835
4420.0 3.12656670796
4430.0 3.13364001306
4440.0 3.14071330353
4450.0 3.14778657922
4460.0 3.15485984001
4470.0 3.16193308576
4480.0 3.16900631632
4490.0 3.17607953157
4500.0 3.18315273136
4510.0 3.19022591555
4520.0 3.197299084
4530.0 3.20437223656
4540.0 3.2114453731
4550.0 3.21851849346
4560.0 3.2255915975
4570.0 3.23266468507
4580.0 3.23973775602
4590.0 3.24681081021
4600.0 3.25388384747
4610.0 3.26095686767
4620.0 3.26802987064
4630.0 3.27510285623
4640.0 3.28217582429
4650.0 3.28924877466
4660.0 3.29632170717
4670.0 3.30339462168
4680.0 3.31046751801
4690.0 3.31754039601
4700.0 3.32461325552
4710.0 3.33168609636
4720.0 3.33875891838
4730.0 3.34583172141
4740.0 3.35290450527
4750.0 3.3599772698
4760.0 3.36705001483
4770.0 3.37412274018
4780.0 3.38119544568
4790.0 3.38826813116
4800.0 3.39534079644
4810.0 3.40241344134
4820.0 3.40948606568
4830.0 3.41655866929
4840.0 3.42363125197
4850.0 3.43070381355
4860.0 3.43777635385
4870.0 3.44484887267
4880.0 3.45192136983
4890.0 3.45899384514
4900.0 3.46606629841
4910.0 3.47313872944
4920.0 3.48021113805
4930.0 3.48728352404
4940.0 3.49435588722
4950.0 3.50142822738
4960.0 3.50850054432
4970.0 3.51557283785
4980.0 3.52264510777
4990.0 3.52971735386
5000.0 3.53678957593
5010.0 3.54386177377
5020.0 3.55093394716
5030.0 3.5580060959
5040.0 3.56507821978
5050.0 3.57215031859
5060.0 3.5792223921
5070.0 3.5862944401
5080.0 3.59336646238
5090.0 3.60043845872
5100.0 3.60751042889
5110.0 3.61458237267
5120.0 3.62165428983
5130.0 3.62872618016
5140.0 3.63579804341
5150.0 3.64286987937
5160.0 3.6499416878
5170.0 3.65701346847
5180.0 3.66408522113
5190.0 3.67115694557
5200.0 3.67822864153
5210.0 3.68530030878
5220.0 3.69237194708
5230.0 3.69944355617
5240.0 3.70651513582
5250.0 3.71358668579
5260.0 3.72065820581
5270.0 3.72772969564
5280.0 3.73480115503
5290.0 3.74187258371
5300.0 3.74894398145
5310.0 3.75601534797
5320.0 3.76308668301
5330.0 3.77015798632
5340.0 3.77722925764
5350.0 3.78430049668
5360.0 3.79137170319
5370.0 3.7984428769
5380.0 3.80551401753
5390.0 3.81258512482
5400.0 3.81965619848
5410.0 3.82672723823
5420.0 3.83379824381
5430.0 3.84086921492
5440.0 3.84794015128
5450.0 3.85501105261
5460.0 3.86208191861
5470.0 3.86915274901
5480.0 3.8762235435
5490.0 3.88329430179
5500.0 3.89036502359
5510.0 3.8974357086
5520.0 3.90450635651
5530.0 3.91157696703
5540.0 3.91864753985
5550.0 3.92571807466
5560.0 3.93278857116
5570.0 3.93985902902
5580.0 3.94692944795
5590.0 3.95399982762
5600.0 3.96107016772
5610.0 3.96814046792
5620.0 3.97521072791
5630.0 3.98228094735
5640.0 3.98935112593
5650.0 3.9964212633
5660.0 4.00349135915
5670.0 4.01056141314
5680.0 4.01763142492
5690.0 4.02470139417
5700.0 4.03177132054
5710.0 4.03884120369
5720.0 4.04591104327
5730.0 4.05298083894
5740.0 4.06005059034
5750.0 4.06712029712
5760.0 4.07418995893
5770.0 4.08125957541
5780.0 4.08832914619
5790.0 4.09539867093
5800.0 4.10246814924
5810.0 4.10953758076
5820.0 4.11660696513
5830.0 4.12367630197
5840.0 4.13074559091
5850.0 4.13781483156
5860.0 4.14488402355
5870.0 4.15195316649
5880.0 4.15902226
5890.0 4.16609130369
5900.0 4.17316029717
5910.0 4.18022924005
5920.0 4.18729813193
5930.0 4.19436697241
5940.0 4.20143576109
5950.0 4.20850449757
5960.0 4.21557318144
5970.0 4.22264181228
5980.0 4.2297103897
5990.0 4.23677891327
6000.0 4.24384738257
6010.0 4.25091579719
6020.0 4.2579841567
6030.0 4.26505246067
6040.0 4.27212070868
6050.0 4.2791889003
6060.0 4.28625703508
6070.0 4.2933251126
6080.0 4.30039313241
6090.0 4.30746109407
6100.0 4.31452899712
6110.0 4.32159684114
6120.0 4.32866462565
6130.0 4.33573235021
6140.0 4.34280001436
6150.0 4.34986761764
6160.0 4.35693515957
6170.0 4.36400263971
6180.0 4.37107005757
6190.0 4.37813741268
6200.0 4.38520470458
6210.0 4.39227193276
6220.0 4.39933909677
6230.0 4.4064061961
6240.0 4.41347323028
6250.0 4.4205401988
6260.0 4.42760710118
6270.0 4.43467393692
6280.0 4.44174070551
6290.0 4.44880740646
6300.0 4.45587403925
6310.0 4.46294060337
6320.0 4.47000709831
6330.0 4.47707352355
6340.0 4.48413987857
6350.0 4.49120616285
6360.0 4.49827237586
6370.0 4.50533851707
6380.0 4.51240458595
6390.0 4.51947058195
6400.0 4.52653650454
6410.0 4.53360235318
6420.0 4.54066812731
6430.0 4.54773382639
6440.0 4.55479944986
6450.0 4.56186499716
6460.0 4.56893046774
6470.0 4.57599586103
6480.0 4.58306117645
6490.0 4.59012641344
6500.0 4.59719157143
6510.0 4.60425664983
6520.0 4.61132164806
6530.0 4.61838656554
6540.0 4.62545140168
6550.0 4.63251615588
6560.0 4.63958082755
6570.0 4.64664541609
6580.0 4.65370992089
6590.0 4.66077434134
6600.0 4.66783867684
6610.0 4.67490292677
6620.0 4.68196709051
6630.0 4.68903116743
6640.0 4.69609515692
6650.0 4.70315905834
6660.0 4.71022287106
6670.0 4.71728659444
6680.0 4.72435022783
6690.0 4.7314137706
6700.0 4.7384772221
6710.0 4.74554058166
6720.0 4.75260384864
6730.0 4.75966702238
6740.0 4.7667301022
6750.0 4.77379308745
6760.0 4.78085597744
6770.0 4.7879187715
6780.0 4.79498146895
6790.0 4.80204406911
6800.0 4.80910657129
6810.0 4.81616897479
6820.0 4.82323127892
6830.0 4.83029348298
6840.0 4.83735558626
6850.0 4.84441758805
6860.0 4.85147948764
6870.0 4.85854128432
6880.0 4.86560297736
6890.0 4.87266456603
6900.0 4.87972604961
6910.0 4.88678742737
6920.0 4.89384869856
6930.0 4.90090986244
6940.0 4.90797091826
6950.0 4.91503186528
6960.0 4.92209270274
6970.0 4.92915342988
6980.0 4.93621404594
6990.0 4.94327455014
7000.0 4.95033494172
7010.0 4.9573952199
7020.0 4.96445538389
7030.0 4.97151543292
7040.0 4.97857536619
7050.0 4.9856351829
7060.0 4.99269488226
7070.0 4.99975446347
7080.0 5.00681392571
7090.0 5.01387326817
7100.0 5.02093249004
7110.0 5.0279915905
7120.0 5.03505056871
7130.0 5.04210942385
7140.0 5.04916815509
7150.0 5.05622676157
7160.0 5.06328524247
7170.0 5.07034359692
7180.0 5.07740182408
7190.0 5.08445992309
7200.0 5.09151789307
7210.0 5.09857573318
7220.0 5.10563344252
7230.0 5.11269102023
7240.0 5.11974846543
7250.0 5.12680577722
7260.0 5.13386295471
7270.0 5.14091999701
7280.0 5.14797690322
7290.0 5.15503367242
7300.0 5.16209030372
7310.0 5.16914679619
7320.0 5.17620314891
7330.0 5.18325936095
7340.0 5.19031543139
7350.0 5.19737135929
7360.0 5.20442714371
7370.0 5.2114827837
7380.0 5.21853827831
7390.0 5.22559362659
7400.0 5.23264882758
7410.0 5.2397038803
7420.0 5.2467587838
7430.0 5.25381353708
7440.0 5.26086813918
7450.0 5.26792258911
7460.0 5.27497688587
7470.0 5.28203102847
7480.0 5.28908501591
7490.0 5.29613884718
7500.0 5.30319252126
7510.0 5.31024603715
7520.0 5.31729939381
7530.0 5.32435259023
7540.0 5.33140562536
7550.0 5.33845849818
7560.0 5.34551120763
7570.0 5.35256375267
7580.0 5.35961613224
7590.0 5.36666834529
7600.0 5.37372039074
7610.0 5.38077226754
7620.0 5.38782397459
7630.0 5.39487551084
7640.0 5.40192687517
7650.0 5.40897806651
7660.0 5.41602908376
7670.0 5.42307992581
7680.0 5.43013059156
7690.0 5.43718107989
7700.0 5.44423138968
7710.0 5.45128151982
7720.0 5.45833146915
7730.0 5.46538123656
7740.0 5.4724308209
7750.0 5.47948022103
7760.0 5.48652943578
7770.0 5.49357846401
7780.0 5.50062730454
7790.0 5.50767595621
7800.0 5.51472441784
7810.0 5.52177268826
7820.0 5.52882076627
7830.0 5.53586865068
7840.0 5.5429163403
7850.0 5.54996383392
7860.0 5.55701113033
7870.0 5.56405822831
7880.0 5.57110512665
7890.0 5.57815182411
7900.0 5.58519831947
7910.0 5.59224461148
7920.0 5.59929069891
7930.0 5.60633658049
7940.0 5.61338225498
7950.0 5.62042772111
7960.0 5.62747297761
7970.0 5.63451802321
7980.0 5.64156285663
7990.0 5.64860747659
8000.0 5.65565188178
8010.0 5.66269607092
8020.0 5.6697400427
8030.0 5.67678379581
8040.0 5.68382732893
8050.0 5.69087064074
8060.0 5.69791372991
8070.0 5.70495659512
8080.0 5.71199923501
8090.0 5.71904164825
8100.0 5.72608383348
8110.0 5.73312578934
8120.0 5.74016751446
8130.0 5.74720900748
8140.0 5.75425026703
8150.0 5.76129129171
8160.0 5.76833208013
8170.0 5.77537263091
8180.0 5.78241294264
8190.0 5.78945301391
8200.0 5.79649284331
8210.0 5.80353242941
8220.0 5.8105717708
8230.0 5.81761086603
8240.0 5.82464971368
8250.0 5.83168831229
8260.0 5.8387266604
8270.0 5.84576475658
8280.0 5.85280259934
8290.0 5.85984018722
8300.0 5.86687751874
8310.0 5.87391459241
8320.0 5.88095140676
8330.0 5.88798796028
8340.0 5.89502425146
8350.0 5.90206027881
8360.0 5.9090960408
8370.0 5.91613153591
8380.0 5.92316676261
8390.0 5.93020171938
8400.0 5.93723640466
8410.0 5.94427081691
8420.0 5.95130495458
8430.0 5.95833881611
8440.0 5.96537239992
8450.0 5.97240570444
8460.0 5.9794387281
8470.0 5.98647146931
8480.0 5.99350392647
8490.0 6.00053609798
8500.0 6.00756798224
8510.0 6.01459957764
8520.0 6.02163088254
8530.0 6.02866189534
8540.0 6.0356926144
8550.0 6.04272303807
8560.0 6.04975316471
8570.0 6.05678299266
8580.0 6.06381252028
8590.0 6.07084174589
8600.0 6.07787066781
8610.0 6.08489928438
8620.0 6.0919275939
8630.0 6.09895559469
8640.0 6.10598328503
8650.0 6.11301066324
8660.0 6.12003772759
8670.0 6.12706447636
8680.0 6.13409090783
8690.0 6.14111702027
8700.0 6.14814281193
8710.0 6.15516828108
8720.0 6.16219342595
8730.0 6.16921824479
8740.0 6.17624273583
8750.0 6.1832668973
8760.0 6.19029072741
8770.0 6.19731422439
8780.0 6.20433738644
8790.0 6.21136021175
8800.0 6.21838269853
8810.0 6.22540484495
8820.0 6.23242664919
8830.0 6.23944810944
8840.0 6.24646922385
8850.0 6.25348999058
8860.0 6.26051040779
8870.0 6.26753047362
8880.0 6.27455018621
8890.0 6.28156954369
8900.0 6.28858854418
8910.0 6.29560718581
8920.0 6.30262546669
8930.0 6.30964338491
8940.0 6.31666093858
8950.0 6.32367812579
8960.0 6.33069494462
8970.0 6.33771139315
8980.0 6.34472746944
8990.0 6.35174317157
9000.0 6.35875849759
9010.0 6.36577344554
9020.0 6.37278801347
9030.0 6.37980219943
9040.0 6.38681600142
9050.0 6.39382941748
9060.0 6.40084244563
9070.0 6.40785508387
9080.0 6.4148673302
9090.0 6.42187918261
9100.0 6.4288906391
9110.0 6.43590169765
9120.0 6.44291235623
9130.0 6.4499226128
9140.0 6.45693246533
9150.0 6.46394191178
9160.0 6.47095095008
9170.0 6.47795957817
9180.0 6.484967794
9190.0 6.49197559548
9200.0 6.49898298054
9210.0 6.50598994709
9220.0 6.51299649303
9230.0 6.52000261626
9240.0 6.52700831467
9250.0 6.53401358615
9260.0 6.54101842858
9270.0 6.54802283982
9280.0 6.55502681775
9290.0 6.56203036021
9300.0 6.56903346507
9310.0 6.57603613016
9320.0 6.58303835332
9330.0 6.59004013238
9340.0 6.59704146517
9350.0 6.6040423495
9360.0 6.61104278317
9370.0 6.61804276401
9380.0 6.62504228979
9390.0 6.63204135831
9400.0 6.63903996735
9410.0 6.6460381147
9420.0 6.65303579811
9430.0 6.66003301534
9440.0 6.66702976417
9450.0 6.67402604232
9460.0 6.68102184756
9470.0 6.6880171776
9480.0 6.69501203019
9490.0 6.70200640303
9500.0 6.70900029386
9510.0 6.71599370036
9520.0 6.72298662026
9530.0 6.72997905124
9540.0 6.73697099099
9550.0 6.74396243719
9560.0 6.75095338751
9570.0 6.75794383964
9580.0 6.76493379122
9590.0 6.77192323992
9600.0 6.77891218337
9610.0 6.78590061923
9620.0 6.79288854513
9630.0 6.79987595869
9640.0 6.80686285755
9650.0 6.81384923931
9660.0 6.82083510158
9670.0 6.82782044197
9680.0 6.83480525807
9690.0 6.84178954748
9700.0 6.84877330777
9710.0 6.85575653652
9720.0 6.8627392313
9730.0 6.86972138968
9740.0 6.87670300921
9750.0 6.88368408744
9760.0 6.89066462192
9770.0 6.89764461019
9780.0 6.90462404977
9790.0 6.91160293819
9800.0 6.91858127297
9810.0 6.92555905162
9820.0 6.93253627165
9830.0 6.93951293056
9840.0 6.94648902584
9850.0 6.95346455497
9860.0 6.96043951545
9870.0 6.96741390474
9880.0 6.97438772031
9890.0 6.98136095963
9900.0 6.98833362014
9910.0 6.99530569931
9920.0 7.00227719457
9930.0 7.00924810335
9940.0 7.0162184231
9950.0 7.02318815124
9960.0 7.03015728519
9970.0 7.03712582235
9980.0 7.04409376014
9990.0 7.05106109596
10000.0 7.05802782719
10010.0 7.06499395124
10020.0 7.07195946549
10030.0 7.0789243673
10040.0 7.08588865406
10050.0 7.09285232313
10060.0 7.09981537186
10070.0 7.10677779762
10080.0 7.11373959774
10090.0 7.12070076957
10100.0 7.12766131045
10110.0 7.13462121771
10120.0 7.14158048866
10130.0 7.14853912064
10140.0 7.15549711095
10150.0 7.16245445691
10160.0 7.1694111558
10170.0 7.17636720494
10180.0 7.1833226016
10190.0 7.19027734308
10200.0 7.19723142666
10210.0 7.2041848496
10220.0 7.21113760918
10230.0 7.21808970266
10240.0 7.2250411273
10250.0 7.23199188035
10260.0 7.23894195906
10270.0 7.24589136067
10280.0 7.25284008241
10290.0 7.25978812152
10300.0 7.26673547522
10310.0 7.27368214073
10320.0 7.28062811527
10330.0 7.28757339605
10340.0 7.29451798027
10350.0 7.30146186513
10360.0 7.30840504783
10370.0 7.31534752556
10380.0 7.3222892955
10390.0 7.32923035483
10400.0 7.33617070073
10410.0 7.34311033036
10420.0 7.35004924089
10430.0 7.35698742948
10440.0 7.36392489329
10450.0 7.37086162946
10460.0 7.37779763515
10470.0 7.38473290749
10480.0 7.39166744362
10490.0 7.39860124067
10500.0 7.40553429576
10510.0 7.41246660603
10520.0 7.41939816858
10530.0 7.42632898053
10540.0 7.433259039
10550.0 7.44018834107
10560.0 7.44711688386
10570.0 7.45404466446
10580.0 7.46097167996
10590.0 7.46789792745
10600.0 7.47482340401
10610.0 7.48174810671
10620.0 7.48867203264
10630.0 7.49559517886
10640.0 7.50251754243
10650.0 7.50943912043
10660.0 7.51635990991
10670.0 7.52327990791
10680.0 7.5301991115
10690.0 7.53711751772
10700.0 7.5440351236
10710.0 7.5509519262
10720.0 7.55786792253
10730.0 7.56478310964
10740.0 7.57169748455
10750.0 7.57861104428
10760.0 7.58552378586
10770.0 7.59243570629
10780.0 7.5993468026
10790.0 7.60625707178
10800.0 7.61316651085
10810.0 7.62007511682
10820.0 7.62698288666
10830.0 7.63388981739
10840.0 7.640795906
10850.0 7.64770114947
10860.0 7.65460554479
10870.0 7.66150908895
10880.0 7.66841177891
10890.0 7.67531361167
10900.0 7.68221458418
10910.0 7.68911469343
10920.0 7.69601393638
10930.0 7.70291231
10940.0 7.70980981124
10950.0 7.71670643707
10960.0 7.72360218444
10970.0 7.73049705031
10980.0 7.73739103163
10990.0 7.74428412534
11000.0 7.7511763284
11010.0 7.75806763774
11020.0 7.76495805031
11030.0 7.77184756305
11040.0 7.77873617289
11050.0 7.78562387677
11060.0 7.79251067162
11070.0 7.79939655436
11080.0 7.80628152194
11090.0 7.81316557126
11100.0 7.82004869926
11110.0 7.82693090286
11120.0 7.83381217898
11130.0 7.84069252454
11140.0 7.84757193644
11150.0 7.85445041161
11160.0 7.86132794696
11170.0 7.8682045394
11180.0 7.87508018584
11190.0 7.88195488318
11200.0 7.88882862834
11210.0 7.89570141822
11220.0 7.90257324972
11230.0 7.90944411974
11240.0 7.91631402519
11250.0 7.92318296297
11260.0 7.93005092996
11270.0 7.93691792308
11280.0 7.94378393922
11290.0 7.95064897527
11300.0 7.95751302813
11310.0 7.9643760947
11320.0 7.97123817185
11330.0 7.9780992565
11340.0 7.98495934552
11350.0 7.99181843582
11360.0 7.99867652427
11370.0 8.00553360778
11380.0 8.01238968323
11390.0 8.0192447475
11400.0 8.0260987975
11410.0 8.03295183009
11420.0 8.03980384219
11430.0 8.04665483067
11440.0 8.05350479242
11450.0 8.06035372432
11460.0 8.06720162328
11470.0 8.07404848617
11480.0 8.08089430989
11490.0 8.08773909131
11500.0 8.09458282734
11510.0 8.10142551486
11520.0 8.10826715076
11530.0 8.11510773193
11540.0 8.12194725526
11550.0 8.12878571765
11560.0 8.13562311598
11570.0 8.14245944714
11580.0 8.14929470804
11590.0 8.15612889556
11600.0 8.16296200661
11610.0 8.16979403807
11620.0 8.17662498684
11630.0 8.18345484983
11640.0 8.19028362394
11650.0 8.19711130605
11660.0 8.20393789308
11670.0 8.21076338194
11680.0 8.21758776951
11690.0 8.22441105272
11700.0 8.23123322847
11710.0 8.23805429368
11720.0 8.24487424524
11730.0 8.25169308008
11740.0 8.25851079511
11750.0 8.26532738725
11760.0 8.27214285342
11770.0 8.27895719054
11780.0 8.28577039553
11790.0 8.29258246532
11800.0 8.29939339684
11810.0 8.30620318701
11820.0 8.31301183278
11830.0 8.31981933107
11840.0 8.32662567883
11850.0 8.333430873
11860.0 8.34023491051
11870.0 8.34703778832
11880.0 8.35383950337
11890.0 8.36064005261
11900.0 8.36743943301
11910.0 8.37423764152
11920.0 8.38103467509
11930.0 8.38783053071
11940.0 8.39462520532
11950.0 8.40141869591
11960.0 8.40821099944
11970.0 8.4150021129
11980.0 8.42179203327
11990.0 8.42858075753
12000.0 8.43536828267
12010.0 8.44215460569
12020.0 8.44893972358
12030.0 8.45572363333
12040.0 8.46250633197
12050.0 8.46928781649
12060.0 8.47606808391
12070.0 8.48284713124
12080.0 8.48962495552
12090.0 8.49640155375
12100.0 8.50317692298
12110.0 8.50995106023
12120.0 8.51672396255
12130.0 8.52349562699
12140.0 8.53026605058
12150.0 8.53703523039
12160.0 8.54380316347
12170.0 8.5505698469
12180.0 8.55733527772
12190.0 8.56409945303
12200.0 8.5708623699
12210.0 8.57762402541
12220.0 8.58438441666
12230.0 8.59114354073
12240.0 8.59790139474
12250.0 8.60465797579
12260.0 8.61141328098
12270.0 8.61816730745
12280.0 8.62492005231
12290.0 8.63167151268
12300.0 8.63842168572
12310.0 8.64517056856
12320.0 8.65191815835
12330.0 8.65866445224
12340.0 8.66540944739
12350.0 8.67215314098
12360.0 8.67889553017
12370.0 8.68563661215
12380.0 8.6923763841
12390.0 8.69911484321
12400.0 8.70585198669
12410.0 8.71258781175
12420.0 8.71932231559
12430.0 8.72605549545
12440.0 8.73278734854
12450.0 8.7395178721
12460.0 8.74624706338
12470.0 8.75297491963
12480.0 8.7597014381
12490.0 8.76642661607
12500.0 8.77315045079
12510.0 8.77987293956
12520.0 8.78659407966
12530.0 8.79331386839
12540.0 8.80003230305
12550.0 8.80674938096
12560.0 8.81346509943
12570.0 8.82017945579
12580.0 8.82689244738
12590.0 8.83360407154
12600.0 8.84031432564
12610.0 8.84702320702
12620.0 8.85373071306
12630.0 8.86043684113
12640.0 8.86714158864
12650.0 8.87384495296
12660.0 8.88054693152
12670.0 8.88724752171
12680.0 8.89394672097
12690.0 8.90064452673
12700.0 8.90734093643
12710.0 8.91403594752
12720.0 8.92072955746
12730.0 8.92742176373
12740.0 8.93411256379
12750.0 8.94080195514
12760.0 8.94748993528
12770.0 8.95417650172
12780.0 8.96086165197
12790.0 8.96754538356
12800.0 8.97422769404
12810.0 8.98090858094
12820.0 8.98758804183
12830.0 8.99426607428
12840.0 9.00094267587
12850.0 9.00761784418