750.0 0.530347903377
760.0 0.537413908161
770.0 0.544480118016
780.0 0.551546524613
790.0 0.558613120051
800.0 0.565679896828
810.0 0.572746847817
820.0 0.579813966245
830.0 0.586881245669
840.0 0.593948679957
850.0 0.601016263271
860.0 0.608083990047
870.0 0.615151854985
880.0 0.622219853026
890.0 0.629287979345
900.0 0.636356229335
910.0 0.643424598595
920.0 0.65049308292
930.0 0.657561678289
940.0 0.664630380857
950.0 0.671699186942
960.0 0.678768093023
970.0 0.685837095723
980.0 0.69290619181
990.0 0.699975378184
1000.0 0.707044651873
1010.0 0.714114010025
1020.0 0.721183449903
1030.0 0.728252968879
1040.0 0.735322564431
1050.0 0.742392234134
1060.0 0.749461975657
1070.0 0.756531786759
1080.0 0.763601665286
1090.0 0.770671609163
1100.0 0.777741616396
1110.0 0.784811685063
1120.0 0.791881813313
1130.0 0.798951999364
1140.0 0.806022241497
1150.0 0.813092538057
1160.0 0.820162887446
1170.0 0.827233288124
1180.0 0.834303738604
1190.0 0.841374237453
1200.0 0.848444783286
1210.0 0.855515374764
1220.0 0.862586010598
1230.0 0.869656689537
1240.0 0.876727410377
1250.0 0.883798171952
1260.0 0.890868973133
1270.0 0.897939812832
1280.0 0.905010689991
1290.0 0.912081603592
1300.0 0.919152552646
1310.0 0.926223536196
1320.0 0.933294553316
1330.0 0.940365603109
1340.0 0.947436684706
1350.0 0.954507797264
1360.0 0.961578939967
1370.0 0.968650112024
1380.0 0.975721312667
1390.0 0.982792541152
1400.0 0.989863796756
1410.0 0.99693507878
1420.0 1.00400638654
1430.0 1.01107771939
1440.0 1.01814907667
1450.0 1.02522045776
1460.0 1.03229186207
1470.0 1.03936328901
1480.0 1.046434738
1490.0 1.05350620848
1500.0 1.06057769993
1510.0 1.06764921182
1520.0 1.07472074363
1530.0 1.08179229488
1540.0 1.08886386507
1550.0 1.09593545375
1560.0 1.10300706045
1570.0 1.11007868473
1580.0 1.11715032616
1590.0 1.12422198432
1600.0 1.13129365879
1610.0 1.13836534919
1620.0 1.14543705511
1630.0 1.15250877618
1640.0 1.15958051203
1650.0 1.1666522623
1660.0 1.17372402664
1670.0 1.18079580471
1680.0 1.18786759618
1690.0 1.19493940071
1700.0 1.202011218
1710.0 1.20908304773
1720.0 1.21615488959
1730.0 1.22322674331
1740.0 1.23029860858
1750.0 1.23737048512
1760.0 1.24444237267
1770.0 1.25151427095
1780.0 1.25858617971
1790.0 1.26565809868
1800.0 1.27273002762
1810.0 1.27980196629
1820.0 1.28687391443
1830.0 1.29394587183
1840.0 1.30101783826
1850.0 1.30808981348
1860.0 1.31516179729
1870.0 1.32223378946
1880.0 1.3293057898
1890.0 1.33637779809
1900.0 1.34344981415
1910.0 1.35052183776
1920.0 1.35759386874
1930.0 1.36466590691
1940.0 1.37173795207
1950.0 1.37881000406
1960.0 1.38588206269
1970.0 1.39295412779
1980.0 1.40002619919
1990.0 1.40709827673
2000.0 1.41417036025
2010.0 1.42124244958
2020.0 1.42831454457
2030.0 1.43538664506
2040.0 1.44245875091
2050.0 1.44953086197
2060.0 1.4566029781
2070.0 1.46367509915
2080.0 1.47074722498
2090.0 1.47781935546
2100.0 1.48489149045
2110.0 1.49196362982
2120.0 1.49903577345
2130.0 1.50610792119
2140.0 1.51318007294
2150.0 1.52025222857
2160.0 1.52732438795
2170.0 1.53439655097
2180.0 1.54146871752
2190.0 1.54854088746
2200.0 1.55561306071
2210.0 1.56268523713
2220.0 1.56975741664
2230.0 1.5768295991
2240.0 1.58390178443
2250.0 1.59097397252
2260.0 1.59804616326
2270.0 1.60511835655
2280.0 1.6121905523
2290.0 1.6192627504
2300.0 1.62633495076
2310.0 1.63340715329
2320.0 1.64047935789
2330.0 1.64755156446
2340.0 1.65462377293
2350.0 1.66169598319
2360.0 1.66876819515
2370.0 1.67584040874
2380.0 1.68291262387
2390.0 1.68998484044
2400.0 1.69705705838
2410.0 1.7041292776
2420.0 1.71120149801
2430.0 1.71827371955
2440.0 1.72534594212
2450.0 1.73241816565
2460.0 1.73949039007
2470.0 1.74656261528
2480.0 1.75363484122
2490.0 1.76070706781
2500.0 1.76777929498
2510.0 1.77485152264
2520.0 1.78192375074
2530.0 1.78899597918
2540.0 1.79606820791
2550.0 1.80314043685
2560.0 1.81021266593
2570.0 1.81728489508
2580.0 1.82435712423
2590.0 1.83142935332
2600.0 1.83850158226
2610.0 1.845573811
2620.0 1.85264603947
2630.0 1.8597182676
2640.0 1.86679049533
2650.0 1.87386272258
2660.0 1.8809349493
2670.0 1.88800717542
2680.0 1.89507940087
2690.0 1.9021516256
2700.0 1.90922384953
2710.0 1.91629607261
2720.0 1.92336829477
2730.0 1.93044051595
2740.0 1.93751273609
2750.0 1.94458495512
2760.0 1.95165717299
2770.0 1.95872938963
2780.0 1.96580160498
2790.0 1.97287381899
2800.0 1.97994603158
2810.0 1.98701824271
2820.0 1.99409045231
2830.0 2.00116266032
2840.0 2.00823486668
2850.0 2.01530707133
2860.0 2.02237927422
2870.0 2.02945147528
2880.0 2.03652367446
2890.0 2.0435958717
2900.0 2.05066806694
2910.0 2.05774026011
2920.0 2.06481245117
2930.0 2.07188464006
2940.0 2.07895682671
2950.0 2.08602901106
2960.0 2.09310119307
2970.0 2.10017337267
2980.0 2.1072455498
2990.0 2.11431772441
3000.0 2.12138989644
3010.0 2.12846206583
3020.0 2.13553423252
3030.0 2.14260639646
3040.0 2.14967855759
3050.0 2.15675071584
3060.0 2.16382287117
3070.0 2.17089502351
3080.0 2.1779671728
3090.0 2.185039319
3100.0 2.19211146203
3110.0 2.19918360184
3120.0 2.20625573838
3130.0 2.21332787158
3140.0 2.22040000139
3150.0 2.22747212774
3160.0 2.23454425059
3170.0 2.24161636986
3180.0 2.24868848551
3190.0 2.25576059746
3200.0 2.26283270567
3210.0 2.26990481007
3220.0 2.27697691061
3230.0 2.28404900721
3240.0 2.29112109984
3250.0 2.29819318841
3260.0 2.30526527288
3270.0 2.31233735318
3280.0 2.31940942925
3290.0 2.32648150103
3300.0 2.33355356846
3310.0 2.34062563147
3320.0 2.34769769001
3330.0 2.35476974402
3340.0 2.36184179342
3350.0 2.36891383817
3360.0 2.37598587818
3370.0 2.38305791342
3380.0 2.3901299438
3390.0 2.39720196926
3400.0 2.40427398975
3410.0 2.41134600519
3420.0 2.41841801552
3430.0 2.42549002068
3440.0 2.43256202061
3450.0 2.43963401522
3460.0 2.44670600447
3470.0 2.45377798828
3480.0 2.46084996659
3490.0 2.46792193932
3500.0 2.47499390642
3510.0 2.48206586781
3520.0 2.48913782343
3530.0 2.4962097732
3540.0 2.50328171706
3550.0 2.51035365494
3560.0 2.51742558676
3570.0 2.52449751247
3580.0 2.53156943198
3590.0 2.53864134522
3600.0 2.54571325213
3610.0 2.55278515263
3620.0 2.55985704665
3630.0 2.56692893412
3640.0 2.57400081496
3650.0 2.5810726891
3660.0 2.58814455646
3670.0 2.59521641697
3680.0 2.60228827055
3690.0 2.60936011714
3700.0 2.61643195664
3710.0 2.62350378899
3720.0 2.6305756141
3730.0 2.6376474319
3740.0 2.64471924231
3750.0 2.65179104525
3760.0 2.65886284065
3770.0 2.66593462841
3780.0 2.67300640846
3790.0 2.68007818072
3800.0 2.68714994511
3810.0 2.69422170154
3820.0 2.70129344993
3830.0 2.7083651902
3840.0 2.71543692226
3850.0 2.72250864603
3860.0 2.72958036143
3870.0 2.73665206835
3880.0 2.74372376673
3890.0 2.75079545647
3900.0 2.75786713748
3910.0 2.76493880967
3920.0 2.77201047296
3930.0 2.77908212726
3940.0 2.78615377247
3950.0 2.7932254085
3960.0 2.80029703526
3970.0 2.80736865266
3980.0 2.81444026061
3990.0 2.821511859
4000.0 2.82858344775
4010.0 2.83565502676
4020.0 2.84272659594
4030.0 2.84979815518
4040.0 2.85686970438
4050.0 2.86394124346
4060.0 2.87101277231
4070.0 2.87808429082
4080.0 2.88515579891
4090.0 2.89222729646
4100.0 2.89929878338
4110.0 2.90637025956
4120.0 2.9134417249
4130.0 2.92051317929
4140.0 2.92758462263
4150.0 2.9346560548
4160.0 2.94172747572
4170.0 2.94879888525
4180.0 2.95587028331
4190.0 2.96294166977
4200.0 2.97001304452
4210.0 2.97708440746
4220.0 2.98415575848
4230.0 2.99122709745
4240.0 2.99829842426
4250.0 3.00536973881
4260.0 3.01244104097
4270.0 3.01951233062
4280.0 3.02658360765
4290.0 3.03365487195
4300.0 3.04072612338
4310.0 3.04779736184
4320.0 3.05486858719
4330.0 3.06193979932
4340.0 3.0690109981
4350.0 3.07608218341
4360.0 3.08315335513
4370.0 3.09022451312
4380.0 3.09729565726
4390.0 3.10436678742
4400.0 3.11143790347
4410.0 3.11850900528
4420.0 3.12558009272
4430.0 3.13265116566
4440.0 3.13972222397
4450.0 3.1467932675
4460.0 3.15386429613
4470.0 3.16093530972
4480.0 3.16800630812
4490.0 3.17507729121
4500.0 3.18214825884
4510.0 3.18921921087
4520.0 3.19629014715
4530.0 3.20336106756
4540.0 3.21043197193
4550.0 3.21750286013
4560.0 3.22457373201
4570.0 3.23164458742
4580.0 3.23871542621
4590.0 3.24578624823
4600.0 3.25285705334
4610.0 3.25992784137
4620.0 3.26699861218
4630.0 3.27406936562
4640.0 3.28114010151
4650.0 3.28821081972
4660.0 3.29528152007
4670.0 3.30235220242
4680.0 3.30942286659
4690.0 3.31649351243
4700.0 3.32356413977
4710.0 3.33063474846
4720.0 3.33770533831
4730.0 3.34477590918
4740.0 3.35184646088
4750.0 3.35891699325
4760.0 3.36598750611
4770.0 3.3730579993
4780.0 3.38012847265
4790.0 3.38719892596
4800.0 3.39426935908
4810.0 3.40133977182
4820.0 3.408410164
4830.0 3.41548053544
4840.0 3.42255088597
4850.0 3.42962121539
4860.0 3.43669152352
4870.0 3.44376181018
4880.0 3.45083207518
4890.0 3.45790231833
4900.0 3.46497253944
4910.0 3.47204273831
4920.0 3.47911291476
4930.0 3.48618306859
4940.0 3.4932531996
4950.0 3.5003233076
4960.0 3.50739339239
4970.0 3.51446345376
4980.0 3.52153349151
4990.0 3.52860350544
5000.0 3.53567349535
5010.0 3.54274346102
5020.0 3.54981340226
5030.0 3.55688331884
5040.0 3.56395321056
5050.0 3.5710230772
5060.0 3.57809291855
5070.0 3.5851627344
5080.0 3.59223252451
5090.0 3.59930228869
5100.0 3.6063720267
5110.0 3.61344173831
5120.0 3.62051142332
5130.0 3.62758108148
5140.0 3.63465071258
5150.0 3.64172031637
5160.0 3.64878989264
5170.0 3.65585944115
5180.0 3.66292896165
5190.0 3.66999845393
5200.0 3.67706791773
5210.0 3.68413735282
5220.0 3.69120675895
5230.0 3.69827613588
5240.0 3.70534548338
5250.0 3.71241480118
5260.0 3.71948408904
5270.0 3.72655334671
5280.0 3.73362257393
5290.0 3.74069177046
5300.0 3.74776093603
5310.0 3.75483007039
5320.0 3.76189917328
5330.0 3.76896824443
5340.0 3.77603728358
5350.0 3.78310629046
5360.0 3.79017526481
5370.0 3.79724420636
5380.0 3.80431311483
5390.0 3.81138198995
5400.0 3.81845083145
5410.0 3.82551963904
5420.0 3.83258841246
5430.0 3.83965715141
5440.0 3.84672585561
5450.0 3.85379452477
5460.0 3.86086315862
5470.0 3.86793175685
5480.0 3.87500031918
5490.0 3.88206884531
5500.0 3.88913733495
5510.0 3.8962057878
5520.0 3.90327420355
5530.0 3.91034258191
5540.0 3.91741092257
5550.0 3.92447922522
5560.0 3.93154748955
5570.0 3.93861571526
5580.0 3.94568390202
5590.0 3.95275204953
5600.0 3.95982015747
5610.0 3.96688822551
5620.0 3.97395625333
5630.0 3.98102424062
5640.0 3.98809218703
5650.0 3.99516009225
5660.0 4.00222795593
5670.0 4.00929577776
5680.0 4.01636355738
5690.0 4.02343129447
5700.0 4.03049898868
5710.0 4.03756663967
5720.0 4.04463424709
5730.0 4.05170181059
5740.0 4.05876932983
5750.0 4.06583680446
5760.0 4.0729042341
5770.0 4.07997161842
5780.0 4.08703895704
5790.0 4.09410624961
5800.0 4.10117349576
5810.0 4.10824069513
5820.0 4.11530784734
5830.0 4.12237495201
5840.0 4.12944200879
5850.0 4.13650901728
5860.0 4.1435759771
5870.0 4.15064288789
5880.0 4.15770974924
5890.0 4.16477656077
5900.0 4.17184332209
5910.0 4.17891003281
5920.0 4.18597669252
5930.0 4.19304330084
5940.0 4.20010985736
5950.0 4.20717636168
5960.0 4.21424281339
5970.0 4.22130921207
5980.0 4.22837555733
5990.0 4.23544184873
6000.0 4.24250808587
6010.0 4.24957426833
6020.0 4.25664039568
6030.0 4.26370646749
6040.0 4.27077248334
6050.0 4.27783844279
6060.0 4.28490434542
6070.0 4.29197019077
6080.0 4.29903597842
6090.0 4.30610170792
6100.0 4.31316737882
6110.0 4.32023299067
6120.0 4.32729854302
6130.0 4.33436403542
6140.0 4.34142946741
6150.0 4.34849483852
6160.0 4.3555601483
6170.0 4.36262539627
6180.0 4.36969058197
6190.0 4.37675570493
6200.0 4.38382076465
6210.0 4.39088576068
6220.0 4.39795069253
6230.0 4.4050155597
6240.0 4.41208036171
6250.0 4.41914509808
6260.0 4.4262097683
6270.0 4.43327437187
6280.0 4.4403389083
6290.0 4.44740337709
6300.0 4.45446777771
6310.0 4.46153210967
6320.0 4.46859637245
6330.0 4.47566056553
6340.0 4.4827246884
6350.0 4.48978874052
6360.0 4.49685272136
6370.0 4.50391663041
6380.0 4.51098046713
6390.0 4.51804423097
6400.0 4.5251079214
6410.0 4.53217153788
6420.0 4.53923507985
6430.0 4.54629854676
6440.0 4.55336193807
6450.0 4.56042525322
6460.0 4.56748849163
6470.0 4.57455165275
6480.0 4.58161473602
6490.0 4.58867774085
6500.0 4.59574066667
6510.0 4.60280351291
6520.0 4.60986627899
6530.0 4.61692896431
6540.0 4.62399156828
6550.0 4.63105409032
6560.0 4.63811652983
6570.0 4.6451788862
6580.0 4.65224115884
6590.0 4.65930334713
6600.0 4.66636545047
6610.0 4.67342746824
6620.0 4.68048939982
6630.0 4.68755124458
6640.0 4.69461300191
6650.0 4.70167467117
6660.0 4.70873625172
6670.0 4.71579774294
6680.0 4.72285914418
6690.0 4.72992045479
6700.0 4.73698167412
6710.0 4.74404280152
6720.0 4.75110383634
6730.0 4.75816477792
6740.0 4.76522562558
6750.0 4.77228637866
6760.0 4.77934703649
6770.0 4.78640759839
6780.0 4.79346806368
6790.0 4.80052843168
6800.0 4.8075887017
6810.0 4.81464887304
6820.0 4.82170894501
6830.0 4.8287689169
6840.0 4.83582878802
6850.0 4.84288855765
6860.0 4.84994822508
6870.0 4.8570077896
6880.0 4.86406725048
6890.0 4.87112660699
6900.0 4.87818585841
6910.0 4.885245004
6920.0 4.89230404303
6930.0 4.89936297475
6940.0 4.90642179842
6950.0 4.91348051328
6960.0 4.92053911858
6970.0 4.92759761355
6980.0 4.93465599745
6990.0 4.94171426949
7000.0 4.94877242891
7010.0 4.95583047493
7020.0 4.96288840676
7030.0 4.96994622362
7040.0 4.97700392473
7050.0 4.98406150928
7060.0 4.99111897648
7070.0 4.99817632552
7080.0 5.0052335556
7090.0 5.01229066591
7100.0 5.01934765562
7110.0 5.02640452391
7120.0 5.03346126996
7130.0 5.04051789294
7140.0 5.04757439202
7150.0 5.05463076634
7160.0 5.06168701508
7170.0 5.06874313737
7180.0 5.07579913237
7190.0 5.08285499921
7200.0 5.08991073704
7210.0 5.09696634498
7220.0 5.10402182216
7230.0 5.11107716771
7240.0 5.11813238075
7250.0 5.12518746037
7260.0 5.13224240571
7270.0 5.13929721585
7280.0 5.14635188989
7290.0 5.15340642694
7300.0 5.16046082607
7310.0 5.16751508638
7320.0 5.17456920694
7330.0 5.18162318682
7340.0 5.1886770251
7350.0 5.19573072084
7360.0 5.20278427309
7370.0 5.20983768092
7380.0 5.21689094337
7390.0 5.22394405949
7400.0 5.23099702832
7410.0 5.23804984888
7420.0 5.24510252021
7430.0 5.25215504134
7440.0 5.25920741128
7450.0 5.26625962905
7460.0 5.27331169365
7470.0 5.28036360408
7480.0 5.28741535936
7490.0 5.29446695847
7500.0 5.30151840039
7510.0 5.30856968412
7520.0 5.31562080862
7530.0 5.32267177287
7540.0 5.32972257585
7550.0 5.3367732165
7560.0 5.34382369379
7570.0 5.35087400667
7580.0 5.35792415408
7590.0 5.36497413496
7600.0 5.37202394826
7610.0 5.37907359289
7620.0 5.38612306779
7630.0 5.39317237187
7640.0 5.40022150404
7650.0 5.40727046322
7660.0 5.41431924831
7670.0 5.4213678582
7680.0 5.42841629179
7690.0 5.43546454796
7700.0 5.44251262559
7710.0 5.44956052356
7720.0 5.45660824074
7730.0 5.46365577599
7740.0 5.47070312817
7750.0 5.47775029613
7760.0 5.48479727872
7770.0 5.49184407478
7780.0 5.49889068315
7790.0 5.50593710266
7800.0 5.51298333214
7810.0 5.52002937039
7820.0 5.52707521624
7830.0 5.53412086849
7840.0 5.54116632595
7850.0 5.54821158741
7860.0 5.55525665165
7870.0 5.56230151748
7880.0 5.56934618365
7890.0 5.57639064895
7900.0 5.58343491215
7910.0 5.590478972
7920.0 5.59752282727
7930.0 5.60456647669
7940.0 5.61160991902
7950.0 5.61865315298
7960.0 5.62569617733
7970.0 5.63273899077
7980.0 5.63978159203
7990.0 5.64682397982
8000.0 5.65386615285
8010.0 5.66090810983
8020.0 5.66794984945
8030.0 5.67499137039
8040.0 5.68203267135
8050.0 5.689073751
8060.0 5.69611460802
8070.0 5.70315524106
8080.0 5.71019564879
8090.0 5.71723582987
8100.0 5.72427578294
8110.0 5.73131550663
8120.0 5.7383549996
8130.0 5.74539426046
8140.0 5.75243328784
8150.0 5.75947208036
8160.0 5.76651063662
8170.0 5.77354895524
8180.0 5.78058703481
8190.0 5.78762487392
8200.0 5.79466247115
8210.0 5.8016998251
8220.0 5.80873693432
8230.0 5.8157737974
8240.0 5.82281041288
8250.0 5.82984677933
8260.0 5.83688289528
8270.0 5.84391875929
8280.0 5.85095436989
8290.0 5.85798972561
8300.0 5.86502482497
8310.0 5.87205966649
8320.0 5.87909424867
8330.0 5.88612857003
8340.0 5.89316262905
8350.0 5.90019642424
8360.0 5.90722995407
8370.0 5.91426321702
8380.0 5.92129621156
8390.0 5.92832893616
8400.0 5.93536138929
8410.0 5.94239356938
8420.0 5.94942547488
8430.0 5.95645710425
8440.0 5.9634884559
8450.0 5.97051952826
8460.0 5.97755031976
8470.0 5.9845808288
8480.0 5.9916110538
8490.0 5.99864099315
8500.0 6.00567064525
8510.0 6.01270000849
8520.0 6.01972908124
8530.0 6.02675786187
8540.0 6.03378634876
8550.0 6.04081454027
8560.0 6.04784243475
8570.0 6.05487003055
8580.0 6.061897326
8590.0 6.06892431945
8600.0 6.07595100921
8610.0 6.08297739362
8620.0 6.09000347098
8630.0 6.0970292396
8640.0 6.10405469779
8650.0 6.11107984383
8660.0 6.11810467602
8670.0 6.12512919263
8680.0 6.13215339194
8690.0 6.13917727222
8700.0 6.14620083172
8710.0 6.1532240687
8720.0 6.16024698142
8730.0 6.16726956809
8740.0 6.17429182697
8750.0 6.18131375628
8760.0 6.18833535424
8770.0 6.19535661905
8780.0 6.20237754894
8790.0 6.20939814209
8800.0 6.2164183967
8810.0 6.22343831096
8820.0 6.23045788305
8830.0 6.23747711113
8840.0 6.24449599338
8850.0 6.25151452795
8860.0 6.258532713
8870.0 6.26555054667
8880.0 6.2725680271
8890.0 6.27958515241
8900.0 6.28660192075
8910.0 6.29361833022
8920.0 6.30063437893
8930.0 6.30765006499
8940.0 6.3146653865
8950.0 6.32168034155
8960.0 6.32869492822
8970.0 6.33570914458
8980.0 6.34272298872
8990.0 6.34973645869
9000.0 6.35674955254
9010.0 6.36376226833
9020.0 6.37077460411
9030.0 6.3777865579
9040.0 6.38479812773
9050.0 6.39180931163
9060.0 6.39882010762
9070.0 6.40583051369
9080.0 6.41284052786
9090.0 6.41985014812
9100.0 6.42685937245
9110.0 6.43386819883
9120.0 6.44087662525
9130.0 6.44788464966
9140.0 6.45489227003
9150.0 6.46189948431
9160.0 6.46890629045
9170.0 6.47591268639
9180.0 6.48291867005
9190.0 6.48992423938
9200.0 6.49692939227
9210.0 6.50393412666
9220.0 6.51093844043
9230.0 6.5179423315
9240.0 6.52494579776
9250.0 6.53194883708
9260.0 6.53895144734
9270.0 6.54595362643
9280.0 6.55295537219
9290.0 6.5599566825
9300.0 6.56695755519
9310.0 6.57395798812
9320.0 6.58095797912
9330.0 6.58795752602
9340.0 6.59495662664
9350.0 6.60195527881
9360.0 6.60895348033
9370.0 6.615951229
9380.0 6.62294852262
9390.0 6.62994535898
9400.0 6.63694173586
9410.0 6.64393765104
9420.0 6.65093310229
9430.0 6.65792808737
9440.0 6.66492260403
9450.0 6.67191665003
9460.0 6.6789102231
9470.0 6.68590332098
9480.0 6.69289594141
9490.0 6.69988808209
9500.0 6.70687974075
9510.0 6.7138709151
9520.0 6.72086160283
9530.0 6.72785180165
9540.0 6.73484150924
9550.0 6.74183072328
9560.0 6.74881944144
9570.0 6.75580766141
9580.0 6.76279538083
9590.0 6.76978259736
9600.0 6.77676930866
9610.0 6.78375551235
9620.0 6.79074120609
9630.0 6.79772638749
9640.0 6.80471105419
9650.0 6.81169520379
9660.0 6.8186788339
9670.0 6.82566194213
9680.0 6.83264452607
9690.0 6.83962658331
9700.0 6.84660811144
9710.0 6.85358910803
9720.0 6.86056957065
9730.0 6.86754949687
9740.0 6.87452888424
9750.0 6.88150773031
9760.0 6.88848603263
9770.0 6.89546378873
9780.0 6.90244099615
9790.0 6.90941765241
9800.0 6.91639375503
9810.0 6.92336930152
9820.0 6.93034428939
9830.0 6.93731871614
9840.0 6.94429257925
9850.0 6.95126587623
9860.0 6.95823860455
9870.0 6.96521076167
9880.0 6.97218234508
9890.0 6.97915335224
9900.0 6.98612378059
9910.0 6.9930936276
9920.0 7.00006289069
9930.0 7.00703156732
9940.0 7.01399965491
9950.0 7.02096715089
9960.0 7.02793405267
9970.0 7.03490035767
9980.0 7.0418660633
9990.0 7.04883116695
10000.0 7.05579566603
10010.0 7.06275955792
10020.0 7.06972284
10030.0 7.07668550966
10040.0 7.08364756426
10050.0 7.09060900116
10060.0 7.09756981773
10070.0 7.10453001133
10080.0 7.11148957929
10090.0 7.11844851896
10100.0 7.12540682768
10110.0 7.13236450277
10120.0 7.13932154157
10130.0 7.14627794139
10140.0 7.15323369954
10150.0 7.16018881333
10160.0 7.16714328006
10170.0 7.17409709704
10180.0 7.18105026154
10190.0 7.18800277086
10200.0 7.19495462227
10210.0 7.20190581306
10220.0 7.20885634048
10230.0 7.2158062018
10240.0 7.22275539427
10250.0 7.22970391516
10260.0 7.23665176171
10270.0 7.24359893116
10280.0 7.25054542074
10290.0 7.25749122768
10300.0 7.26443634922
10310.0 7.27138078257
10320.0 7.27832452495
10330.0 7.28526757357
10340.0 7.29220992563
10350.0 7.29915157833
10360.0 7.30609252887
10370.0 7.31303277444
10380.0 7.31997231221
10390.0 7.32691113938
10400.0 7.33384925312
10410.0 7.34078665059
10420.0 7.34772332896
10430.0 7.35465928539
10440.0 7.36159451704
10450.0 7.36852902105
10460.0 7.37546279458
10470.0 7.38239583475
10480.0 7.38932813872
10490.0 7.39625970361
10500.0 7.40319052654
10510.0 7.41012060465
10520.0 7.41704993504
10530.0 7.42397851483
10540.0 7.43090634113
10550.0 7.43783341105
10560.0 7.44475972168
10570.0 7.45168527012
10580.0 7.45861005345
10590.0 7.46553406878
10600.0 7.47245731317
10610.0 7.47937978372
10620.0 7.48630147748
10630.0 7.49322239154
10640.0 7.50014252296
10650.0 7.50706186879
10660.0 7.51398042611
10670.0 7.52089819195
10680.0 7.52781516338
10690.0 7.53473133744
10700.0 7.54164671116
10710.0 7.54856128159
10720.0 7.55547504577
10730.0 7.56238800071
10740.0 7.56930014346
10750.0 7.57621147103
10760.0 7.58312198045
10770.0 7.59003166872
10780.0 7.59694053286
10790.0 7.60384856989
10800.0 7.6107557768
10810.0 7.6176621506
10820.0 7.62456768829
10830.0 7.63147238686
10840.0 7.6383762433
10850.0 7.64527925461
10860.0 7.65218141777
10870.0 7.65908272976
10880.0 7.66598318757
10890.0 7.67288278816
10900.0 7.67978152852
10910.0 7.6866794056
10920.0 7.69357641639
10930.0 7.70047255785
10940.0 7.70736782693
10950.0 7.7142622206
10960.0 7.72115573581
10970.0 7.72804836952
10980.0 7.73494011867
10990.0 7.74183098022
11000.0 7.74872095112
11010.0 7.7556100283
11020.0 7.76249820871
11030.0 7.76938548929
11040.0 7.77627186697
11050.0 7.78315733869
11060.0 7.79004190137
11070.0 7.79692555196
11080.0 7.80380828737
11090.0 7.81069010453
11100.0 7.81757100038
11110.0 7.82445097181
11120.0 7.83133001577
11130.0 7.83820812916
11140.0 7.84508530891
11150.0 7.85196155192
11160.0 7.8588368551
11170.0 7.86571121538
11180.0 7.87258462966
11190.0 7.87945709484
11200.0 7.88632860784
11210.0 7.89319916556
11220.0 7.9000687649
11230.0 7.90693740276
11240.0 7.91380507605
11250.0 7.92067178166
11260.0 7.9275375165
11270.0 7.93440227746
11280.0 7.94126606143
11290.0 7.94812886532
11300.0 7.95499068602
11310.0 7.96185152042
11320.0 7.96871136542
11330.0 7.9755702179
11340.0 7.98242807477
11350.0 7.9892849329
11360.0 7.99614078919
11370.0 8.00299564054
11380.0 8.00984948382
11390.0 8.01670231594
11400.0 8.02355413377
11410.0 8.03040493421
11420.0 8.03725471414
11430.0 8.04410347046
11440.0 8.05095120005
11450.0 8.05779789979
11460.0 8.06464356659
11470.0 8.07148819732
11480.0 8.07833178887
11490.0 8.08517433814
11500.0 8.09201584201
11510.0 8.09885629736
11520.0 8.1056957011
11530.0 8.11253405011
11540.0 8.11937134128
11550.0 8.12620757151
11560.0 8.13304273767
11570.0 8.13987683668
11580.0 8.14670986542
11590.0 8.15354182078
11600.0 8.16037269966
11610.0 8.16720249896
11620.0 8.17403121558
11630.0 8.1808588464
11640.0 8.18768538834
11650.0 8.1945108383
11660.0 8.20133519317
11670.0 8.20815844986
11680.0 8.21498060528
11690.0 8.22180165633
11700.0 8.22862159992
11710.0 8.23544043296
11720.0 8.24225815236
11730.0 8.24907475504
11740.0 8.25589023791
11750.0 8.26270459788
11760.0 8.26951783189
11770.0 8.27632993685
11780.0 8.28314090968
11790.0 8.28995074731
11800.0 8.29675944667
11810.0 8.30356700468
11820.0 8.31037341829
11830.0 8.31717868442
11840.0 8.32398280002
11850.0 8.33078576202
11860.0 8.33758756737
11870.0 8.34438821302
11880.0 8.35118769591
11890.0 8.35798601299
11900.0 8.36478316123
11910.0 8.37157913757
11920.0 8.37837393899
11930.0 8.38516756244
11940.0 8.39196000489
11950.0 8.39875126332
11960.0 8.40554133469
11970.0 8.41233021599
11980.0 8.4191179042
11990.0 8.4259043963
12000.0 8.43268968928
12010.0 8.43947378013
12020.0 8.44625666586
12030.0 8.45303834346
12040.0 8.45981880993
12050.0 8.46659806229
12060.0 8.47337609755
12070.0 8.48015291272
12080.0 8.48692850483
12090.0 8.4937028709
12100.0 8.50047600797
12110.0 8.50724791306
12120.0 8.51401858322
12130.0 8.5207880155
12140.0 8.52755620693
12150.0 8.53432315458
12160.0 8.5410888555
12170.0 8.54785330676
12180.0 8.55461650543
12190.0 8.56137844857
12200.0 8.56813913328
12210.0 8.57489855663
12220.0 8.58165671572
12230.0 8.58841360763
12240.0 8.59516922948
12250.0 8.60192357836
12260.0 8.6086766514
12270.0 8.6154284457
12280.0 8.6221789584
12290.0 8.62892818662
12300.0 8.63567612749
12310.0 8.64242277817
12320.0 8.6491681358
12330.0 8.65591219753
12340.0 8.66265496052
12350.0 8.66939642195
12360.0 8.67613657898
12370.0 8.68287542879
12380.0 8.68961296858
12390.0 8.69634919553
12400.0 8.70308410685
12410.0 8.70981769975
12420.0 8.71654997143
12430.0 8.72328091912
12440.0 8.73001054005
12450.0 8.73673883146
12460.0 8.74346579058
12470.0 8.75019141466
12480.0 8.75691570097
12490.0 8.76363864678
12500.0 8.77036024934
12510.0 8.77708050595
12520.0 8.78379941389
12530.0 8.79051697046
12540.0 8.79723317296
12550.0 8.8039480187
12560.0 8.81066150501
12570.0 8.81737362921
12580.0 8.82408438864
12590.0 8.83079378064
12600.0 8.83750180257
12610.0 8.84420845179
12620.0 8.85091372567
12630.0 8.85761762159
12640.0 8.86432013693
12650.0 8.87102126909
12660.0 8.87772101549
12670.0 8.88441937352
12680.0 8.89111634062
12690.0 8.89781191422
12700.0 8.90450609176
12710.0 8.91119887069
12720.0 8.91789024847
12730.0 8.92458022257
12740.0 8.93126879047
12750.0 8.93795594966
12760.0 8.94464169764
12770.0 8.95132603191
12780.0 8.95800895
12790.0 8.96469044943
12800.0 8.97137052775
12810.0 8.97804918249
12820.0 8.98472641122
12830.0 8.99140221151
12840.0 8.99807658094
12850.0 9.00474951709