750.0 0.530767490455
760.0 0.537839089734
770.0 0.544910894083
780.0 0.551982895174
790.0 0.559055085106
800.0 0.566127456377
810.0 0.573200001861
820.0 0.580272714784
830.0 0.587345588702
840.0 0.594418617484
850.0 0.601491795292
860.0 0.608565116563
870.0 0.615638575995
880.0 0.622712168531
890.0 0.629785889344
900.0 0.636859733828
910.0 0.643933697583
920.0 0.651007776402
930.0 0.658081966266
940.0 0.665156263328
950.0 0.672230663908
960.0 0.679305164482
970.0 0.686379761677
980.0 0.693454452259
990.0 0.700529233127
1000.0 0.70760410131
1010.0 0.714679053956
1020.0 0.721754088329
1030.0 0.7288292018
1040.0 0.735904391846
1050.0 0.742979656043
1060.0 0.75005499206
1070.0 0.757130397657
1080.0 0.764205870678
1090.0 0.77128140905
1100.0 0.778357010777
1110.0 0.785432673938
1120.0 0.792508396683
1130.0 0.799584177228
1140.0 0.806660013856
1150.0 0.81373590491
1160.0 0.820811848793
1170.0 0.827887843965
1180.0 0.83496388894
1190.0 0.842039982284
1200.0 0.849116122611
1210.0 0.856192308584
1220.0 0.863268538911
1230.0 0.870344812345
1240.0 0.87742112768
1250.0 0.884497483748
1260.0 0.891573879424
1270.0 0.898650313617
1280.0 0.905726785271
1290.0 0.912803293366
1300.0 0.919879836914
1310.0 0.926956414959
1320.0 0.934033026573
1330.0 0.941109670861
1340.0 0.948186346952
1350.0 0.955263054004
1360.0 0.962339791202
1370.0 0.969416557753
1380.0 0.97649335289
1390.0 0.98357017587
1400.0 0.990647025969
1410.0 0.997723902487
1420.0 1.00480080474
1430.0 1.01187773208
1440.0 1.01895468386
1450.0 1.02603165945
1460.0 1.03310865825
1470.0 1.04018567968
1480.0 1.04726272316
1490.0 1.05433978815
1500.0 1.06141687409
1510.0 1.06849398047
1520.0 1.07557110678
1530.0 1.08264825252
1540.0 1.08972541721
1550.0 1.09680260038
1560.0 1.10387980157
1570.0 1.11095702035
1580.0 1.11803425627
1590.0 1.12511150893
1600.0 1.13218877789
1610.0 1.13926606278
1620.0 1.1463433632
1630.0 1.15342067876
1640.0 1.16049800911
1650.0 1.16757535387
1660.0 1.17465271271
1670.0 1.18173008527
1680.0 1.18880747123
1690.0 1.19588487026
1700.0 1.20296228204
1710.0 1.21003970626
1720.0 1.21711714263
1730.0 1.22419459083
1740.0 1.2312720506
1750.0 1.23834952164
1760.0 1.24542700368
1770.0 1.25250449646
1780.0 1.25958199971
1790.0 1.26665951317
1800.0 1.27373703661
1810.0 1.28081456977
1820.0 1.28789211241
1830.0 1.2949696643
1840.0 1.30204722522
1850.0 1.30912479494
1860.0 1.31620237324
1870.0 1.32327995991
1880.0 1.33035755474
1890.0 1.33743515753
1900.0 1.34451276808
1910.0 1.35159038618
1920.0 1.35866801166
1930.0 1.36574564432
1940.0 1.37282328398
1950.0 1.37990093046
1960.0 1.38697858359
1970.0 1.39405624318
1980.0 1.40113390908
1990.0 1.40821158111
2000.0 1.41528925912
2010.0 1.42236694295
2020.0 1.42944463243
2030.0 1.43652232742
2040.0 1.44360002777
2050.0 1.45067773332
2060.0 1.45775544394
2070.0 1.46483315948
2080.0 1.47191087981
2090.0 1.47898860478
2100.0 1.48606633427
2110.0 1.49314406813
2120.0 1.50022180625
2130.0 1.5072995485
2140.0 1.51437729474
2150.0 1.52145504486
2160.0 1.52853279874
2170.0 1.53561055625
2180.0 1.54268831729
2190.0 1.54976608173
2200.0 1.55684384947
2210.0 1.56392162039
2220.0 1.57099939439
2230.0 1.57807717135
2240.0 1.58515495117
2250.0 1.59223273375
2260.0 1.59931051898
2270.0 1.60638830677
2280.0 1.61346609701
2290.0 1.62054388961
2300.0 1.62762168447
2310.0 1.63469948149
2320.0 1.64177728058
2330.0 1.64885508165
2340.0 1.65593288461
2350.0 1.66301068936
2360.0 1.67008849583
2370.0 1.67716630391
2380.0 1.68424411353
2390.0 1.6913219246
2400.0 1.69839973703
2410.0 1.70547755074
2420.0 1.71255536565
2430.0 1.71963318168
2440.0 1.72671099875
2450.0 1.73378881678
2460.0 1.74086663568
2470.0 1.74794445539
2480.0 1.75502227583
2490.0 1.76210009691
2500.0 1.76917791857
2510.0 1.77625574073
2520.0 1.78333356332
2530.0 1.79041138626
2540.0 1.79748920948
2550.0 1.80456703292
2560.0 1.81164485649
2570.0 1.81872268014
2580.0 1.82580050378
2590.0 1.83287832736
2600.0 1.8399561508
2610.0 1.84703397403
2620.0 1.854111797
2630.0 1.86118961962
2640.0 1.86826744184
2650.0 1.87534526359
2660.0 1.8824230848
2670.0 1.88950090542
2680.0 1.89657872537
2690.0 1.90365654459
2700.0 1.91073436301
2710.0 1.91781218059
2720.0 1.92488999724
2730.0 1.93196781292
2740.0 1.93904562755
2750.0 1.94612344107
2760.0 1.95320125344
2770.0 1.96027906457
2780.0 1.96735687442
2790.0 1.97443468292
2800.0 1.98151249001
2810.0 1.98859029563
2820.0 1.99566809972
2830.0 2.00274590222
2840.0 2.00982370308
2850.0 2.01690150223
2860.0 2.02397929961
2870.0 2.03105709517
2880.0 2.03813488884
2890.0 2.04521268057
2900.0 2.05229047031
2910.0 2.05936825798
2920.0 2.06644604353
2930.0 2.07352382691
2940.0 2.08060160805
2950.0 2.0876793869
2960.0 2.0947571634
2970.0 2.1018349375
2980.0 2.10891270913
2990.0 2.11599047823
3000.0 2.12306824475
3010.0 2.13014600864
3020.0 2.13722376982
3030.0 2.14430152826
3040.0 2.15137928388
3050.0 2.15845703663
3060.0 2.16553478645
3070.0 2.17261253328
3080.0 2.17969027707
3090.0 2.18676801776
3100.0 2.19384575528
3110.0 2.20092348959
3120.0 2.20800122062
3130.0 2.21507894832
3140.0 2.22215667262
3150.0 2.22923439347
3160.0 2.23631211081
3170.0 2.24338982458
3180.0 2.25046753472
3190.0 2.25754524117
3200.0 2.26462294387
3210.0 2.27170064277
3220.0 2.27877833779
3230.0 2.2858560289
3240.0 2.29293371601
3250.0 2.30001139908
3260.0 2.30708907804
3270.0 2.31416675284
3280.0 2.3212444234
3290.0 2.32832208967
3300.0 2.3353997516
3310.0 2.34247740911
3320.0 2.34955506214
3330.0 2.35663271064
3340.0 2.36371035454
3350.0 2.37078799378
3360.0 2.37786562829
3370.0 2.38494325802
3380.0 2.39202088289
3390.0 2.39909850285
3400.0 2.40617611783
3410.0 2.41325372777
3420.0 2.4203313326
3430.0 2.42740893225
3440.0 2.43448652667
3450.0 2.44156411578
3460.0 2.44864169952
3470.0 2.45571927783
3480.0 2.46279685063
3490.0 2.46987441786
3500.0 2.47695197945
3510.0 2.48402953534
3520.0 2.49110708545
3530.0 2.49818462971
3540.0 2.50526216807
3550.0 2.51233970044
3560.0 2.51941722676
3570.0 2.52649474696
3580.0 2.53357226096
3590.0 2.5406497687
3600.0 2.54772727011
3610.0 2.5548047651
3620.0 2.56188225362
3630.0 2.56895973558
3640.0 2.57603721091
3650.0 2.58311467954
3660.0 2.5901921414
3670.0 2.59726959641
3680.0 2.60434704448
3690.0 2.61142448556
3700.0 2.61850191956
3710.0 2.6255793464
3720.0 2.63265676601
3730.0 2.6397341783
3740.0 2.64681158321
3750.0 2.65388898064
3760.0 2.66096637053
3770.0 2.66804375279
3780.0 2.67512112733
3790.0 2.68219849409
3800.0 2.68927585297
3810.0 2.6963532039
3820.0 2.70343054678
3830.0 2.71050788155
3840.0 2.7175852081
3850.0 2.72466252637
3860.0 2.73173983625
3870.0 2.73881713767
3880.0 2.74589443054
3890.0 2.75297171478
3900.0 2.76004899028
3910.0 2.76712625697
3920.0 2.77420351476
3930.0 2.78128076355
3940.0 2.78835800325
3950.0 2.79543523378
3960.0 2.80251245503
3970.0 2.80958966693
3980.0 2.81666686937
3990.0 2.82374406226
4000.0 2.8308212455
4010.0 2.83789841901
4020.0 2.84497558267
4030.0 2.85205273641
4040.0 2.85912988011
4050.0 2.86620701368
4060.0 2.87328413702
4070.0 2.88036125003
4080.0 2.88743835261
4090.0 2.89451544466
4100.0 2.90159252607
4110.0 2.90866959675
4120.0 2.91574665658
4130.0 2.92282370546
4140.0 2.9299007433
4150.0 2.93697776997
4160.0 2.94405478537
4170.0 2.95113178941
4180.0 2.95820878195
4190.0 2.96528576291
4200.0 2.97236273216
4210.0 2.97943968959
4220.0 2.9865166351
4230.0 2.99359356857
4240.0 3.00067048988
4250.0 3.00774739892
4260.0 3.01482429557
4270.0 3.02190117972
4280.0 3.02897805125
4290.0 3.03605491003
4300.0 3.04313175596
4310.0 3.05020858891
4320.0 3.05728540876
4330.0 3.06436221538
4340.0 3.07143900866
4350.0 3.07851578847
4360.0 3.08559255467
4370.0 3.09266930716
4380.0 3.09974604579
4390.0 3.10682277045
4400.0 3.11389948099
4410.0 3.1209761773
4420.0 3.12805285924
4430.0 3.13512952667
4440.0 3.14220617947
4450.0 3.1492828175
4460.0 3.15635944062
4470.0 3.1634360487
4480.0 3.1705126416
4490.0 3.17758921918
4500.0 3.18466578131
4510.0 3.19174232783
4520.0 3.19881885861
4530.0 3.20589537351
4540.0 3.21297187238
4550.0 3.22004835507
4560.0 3.22712482144
4570.0 3.23420127134
4580.0 3.24127770463
4590.0 3.24835412115
4600.0 3.25543052075
4610.0 3.26250690328
4620.0 3.26958326858
4630.0 3.27665961651
4640.0 3.2837359469
4650.0 3.2908122596
4660.0 3.29788855445
4670.0 3.30496483129
4680.0 3.31204108996
4690.0 3.31911733029
4700.0 3.32619355213
4710.0 3.33326975531
4720.0 3.34034593966
4730.0 3.34742210502
4740.0 3.35449825121
4750.0 3.36157437808
4760.0 3.36865048544
4770.0 3.37572657312
4780.0 3.38280264096
4790.0 3.38987868877
4800.0 3.39695471638
4810.0 3.40403072361
4820.0 3.41110671029
4830.0 3.41818267623
4840.0 3.42525862125
4850.0 3.43233454516
4860.0 3.43941044779
4870.0 3.44648632894
4880.0 3.45356218843
4890.0 3.46063802608
4900.0 3.46771384168
4910.0 3.47478963505
4920.0 3.48186540599
4930.0 3.48894115432
4940.0 3.49601687982
4950.0 3.50309258232
4960.0 3.5101682616
4970.0 3.51724391746
4980.0 3.52431954971
4990.0 3.53139515813
5000.0 3.53847074254
5010.0 3.5455463027
5020.0 3.55262183843
5030.0 3.55969734951
5040.0 3.56677283572
5050.0 3.57384829686
5060.0 3.5809237327
5070.0 3.58799914304
5080.0 3.59507452766
5090.0 3.60214988632
5100.0 3.60922521883
5110.0 3.61630052494
5120.0 3.62337580444
5130.0 3.63045105709
5140.0 3.63752628268
5150.0 3.64460148098
5160.0 3.65167665174
5170.0 3.65875179474
5180.0 3.66582690974
5190.0 3.67290199651
5200.0 3.6799770548
5210.0 3.68705208438
5220.0 3.69412708501
5230.0 3.70120205644
5240.0 3.70827699843
5250.0 3.71535191072
5260.0 3.72242679308
5270.0 3.72950164524
5280.0 3.73657646696
5290.0 3.74365125798
5300.0 3.75072601805
5310.0 3.7578007469
5320.0 3.76487544428
5330.0 3.77195010993
5340.0 3.77902474357
5350.0 3.78609934495
5360.0 3.79317391379
5370.0 3.80024844984
5380.0 3.8073229528
5390.0 3.81439742242
5400.0 3.82147185841
5410.0 3.8285462605
5420.0 3.83562062841
5430.0 3.84269496185
5440.0 3.84976926055
5450.0 3.85684352421
5460.0 3.86391775255
5470.0 3.87099194527
5480.0 3.8780661021
5490.0 3.88514022272
5500.0 3.89221430686
5510.0 3.8992883542
5520.0 3.90636236444
5530.0 3.9134363373
5540.0 3.92051027245
5550.0 3.92758416959
5560.0 3.93465802842
5570.0 3.94173184862
5580.0 3.94880562988
5590.0 3.95587937189
5600.0 3.96295307432
5610.0 3.97002673685
5620.0 3.97710035917
5630.0 3.98417394095
5640.0 3.99124748186
5650.0 3.99832098157
5660.0 4.00539443975
5670.0 4.01246785607
5680.0 4.01954123019
5690.0 4.02661456177
5700.0 4.03368785047
5710.0 4.04076109596
5720.0 4.04783429787
5730.0 4.05490745587
5740.0 4.0619805696
5750.0 4.06905363872
5760.0 4.07612666286
5770.0 4.08319964167
5780.0 4.09027257479
5790.0 4.09734546186
5800.0 4.1044183025
5810.0 4.11149109636
5820.0 4.11856384306
5830.0 4.12563654223
5840.0 4.1327091935
5850.0 4.13978179649
5860.0 4.14685435081
5870.0 4.15392685608
5880.0 4.16099931193
5890.0 4.16807171795
5900.0 4.17514407377
5910.0 4.18221637898
5920.0 4.18928863319
5930.0 4.19636083601
5940.0 4.20343298702
5950.0 4.21050508583
5960.0 4.21757713203
5970.0 4.22464912521
5980.0 4.23172106496
5990.0 4.23879295086
6000.0 4.2458647825
6010.0 4.25293655945
6020.0 4.26000828129
6030.0 4.2670799476
6040.0 4.27415155794
6050.0 4.28122311189
6060.0 4.28829460901
6070.0 4.29536604886
6080.0 4.302437431
6090.0 4.30950875499
6100.0 4.31658002038
6110.0 4.32365122673
6120.0 4.33072237358
6130.0 4.33779346047
6140.0 4.34486448695
6150.0 4.35193545256
6160.0 4.35900635683
6170.0 4.3660771993
6180.0 4.37314797949
6190.0 4.38021869694
6200.0 4.38728935117
6210.0 4.39435994169
6220.0 4.40143046803
6230.0 4.40850092969
6240.0 4.4155713262
6250.0 4.42264165706
6260.0 4.42971192177
6270.0 4.43678211984
6280.0 4.44385225077
6290.0 4.45092231405
6300.0 4.45799230917
6310.0 4.46506223562
6320.0 4.4721320929
6330.0 4.47920188047
6340.0 4.48627159783
6350.0 4.49334124444
6360.0 4.50041081979
6370.0 4.50748032333
6380.0 4.51454975454
6390.0 4.52161911287
6400.0 4.5286883978
6410.0 4.53575760877
6420.0 4.54282674523
6430.0 4.54989580665
6440.0 4.55696479245
6450.0 4.56403370209
6460.0 4.571102535
6470.0 4.57817129061
6480.0 4.58523996837
6490.0 4.5923085677
6500.0 4.59937708802
6510.0 4.60644552875
6520.0 4.61351388932
6530.0 4.62058216913
6540.0 4.6276503676
6550.0 4.63471848414
6560.0 4.64178651814
6570.0 4.64885446901
6580.0 4.65592233614
6590.0 4.66299011893
6600.0 4.67005781676
6610.0 4.67712542902
6620.0 4.68419295509
6630.0 4.69126039435
6640.0 4.69832774617
6650.0 4.70539500993
6660.0 4.71246218498
6670.0 4.71952927069
6680.0 4.72659626642
6690.0 4.73366317152
6700.0 4.74072998535
6710.0 4.74779670725
6720.0 4.75486333656
6730.0 4.76192987263
6740.0 4.76899631479
6750.0 4.77606266236
6760.0 4.78312891469
6770.0 4.79019507108
6780.0 4.79726113087
6790.0 4.80432709336
6800.0 4.81139295787
6810.0 4.81845872371
6820.0 4.82552439017
6830.0 4.83258995656
6840.0 4.83965542217
6850.0 4.8467207863
6860.0 4.85378604822
6870.0 4.86085120723
6880.0 4.86791626261
6890.0 4.87498121361
6900.0 4.88204605953
6910.0 4.88911079962
6920.0 4.89617543314
6930.0 4.90323995935
6940.0 4.91030437751
6950.0 4.91736868687
6960.0 4.92443288666
6970.0 4.93149697613
6980.0 4.93856095452
6990.0 4.94562482106
7000.0 4.95268857497
7010.0 4.95975221548
7020.0 4.96681574181
7030.0 4.97387915317
7040.0 4.98094244877
7050.0 4.98800562781
7060.0 4.99506868951
7070.0 5.00213163305
7080.0 5.00919445762
7090.0 5.01625716242
7100.0 5.02331974662
7110.0 5.03038220941
7120.0 5.03744454996
7130.0 5.04450676743
7140.0 5.051568861
7150.0 5.05863082982
7160.0 5.06569267305
7170.0 5.07275438983
7180.0 5.07981597933
7190.0 5.08687744066
7200.0 5.09393877299
7210.0 5.10099997542
7220.0 5.1080610471
7230.0 5.11512198715
7240.0 5.12218279467
7250.0 5.12924346879
7260.0 5.13630400862
7270.0 5.14336441326
7280.0 5.1504246818
7290.0 5.15748481334
7300.0 5.16454480696
7310.0 5.17160466176
7320.0 5.17866437682
7330.0 5.18572395119
7340.0 5.19278338397
7350.0 5.1998426742
7360.0 5.20690182095
7370.0 5.21396082328
7380.0 5.22101968022
7390.0 5.22807839083
7400.0 5.23513695415
7410.0 5.24219536921
7420.0 5.24925363504
7430.0 5.25631175066
7440.0 5.26336971509
7450.0 5.27042752735
7460.0 5.27748518645
7470.0 5.28454269138
7480.0 5.29160004115
7490.0 5.29865723475
7500.0 5.30571427117
7510.0 5.31277114939
7520.0 5.31982786839
7530.0 5.32688442714
7540.0 5.33394082461
7550.0 5.34099705975
7560.0 5.34805313154
7570.0 5.35510903891
7580.0 5.36216478081
7590.0 5.36922035619
7600.0 5.37627576398
7610.0 5.38333100311
7620.0 5.3903860725
7630.0 5.39744097108
7640.0 5.40449569775
7650.0 5.41155025142
7660.0 5.418604631
7670.0 5.42565883539
7680.0 5.43271286347
7690.0 5.43976671413
7700.0 5.44682038626
7710.0 5.45387387872
7720.0 5.46092719039
7730.0 5.46798032014
7740.0 5.47503326681
7750.0 5.48208602927
7760.0 5.48913860635
7770.0 5.49619099691
7780.0 5.50324319978
7790.0 5.51029521378
7800.0 5.51734703775
7810.0 5.5243986705
7820.0 5.53145011084
7830.0 5.53850135759
7840.0 5.54555240954
7850.0 5.55260326549
7860.0 5.55965392423
7870.0 5.56670438455
7880.0 5.57375464522
7890.0 5.58080470502
7900.0 5.58785456271
7910.0 5.59490421705
7920.0 5.60195366681
7930.0 5.60900291073
7940.0 5.61605194755
7950.0 5.62310077601
7960.0 5.63014939485
7970.0 5.63719780278
7980.0 5.64424599854
7990.0 5.65129398082
8000.0 5.65834174835
8010.0 5.66538929982
8020.0 5.67243663393
8030.0 5.67948374937
8040.0 5.68653064483
8050.0 5.69357731897
8060.0 5.70062377048
8070.0 5.70766999802
8080.0 5.71471600025
8090.0 5.72176177582
8100.0 5.72880732338
8110.0 5.73585264157
8120.0 5.74289772903
8130.0 5.74994258439
8140.0 5.75698720626
8150.0 5.76403159327
8160.0 5.77107574403
8170.0 5.77811965714
8180.0 5.78516333121
8190.0 5.79220676481
8200.0 5.79924995654
8210.0 5.80629290498
8220.0 5.8133356087
8230.0 5.82037806627
8240.0 5.82742027624
8250.0 5.83446223718
8260.0 5.84150394764
8270.0 5.84854540614
8280.0 5.85558661124
8290.0 5.86262756145
8300.0 5.8696682553
8310.0 5.87670869131
8320.0 5.88374886799
8330.0 5.89078878384
8340.0 5.89782843736
8350.0 5.90486782704
8360.0 5.91190695136
8370.0 5.91894580881
8380.0 5.92598439785
8390.0 5.93302271694
8400.0 5.94006076456
8410.0 5.94709853914
8420.0 5.95413603915
8430.0 5.961173263
8440.0 5.96821020915
8450.0 5.97524687601
8460.0 5.982283262
8470.0 5.98931936554
8480.0 5.99635518503
8490.0 6.00339071888
8500.0 6.01042596547
8510.0 6.0174609232
8520.0 6.02449559044
8530.0 6.03152996557
8540.0 6.03856404696
8550.0 6.04559783296
8560.0 6.05263132193
8570.0 6.05966451222
8580.0 6.06669740217
8590.0 6.07372999011
8600.0 6.08076227437
8610.0 6.08779425328
8620.0 6.09482592513
8630.0 6.10185728825
8640.0 6.10888834093
8650.0 6.11591908147
8660.0 6.12294950815
8670.0 6.12997961925
8680.0 6.13700941306
8690.0 6.14403888783
8700.0 6.15106804183
8710.0 6.1580968733
8720.0 6.16512538051
8730.0 6.17215356168
8740.0 6.17918141506
8750.0 6.18620893886
8760.0 6.19323613131
8770.0 6.20026299062
8780.0 6.207289515
8790.0 6.21431570264
8800.0 6.22134155175
8810.0 6.22836706051
8820.0 6.23539222709
8830.0 6.24241704966
8840.0 6.24944152641
8850.0 6.25646565547
8860.0 6.26348943502
8870.0 6.27051286318
8880.0 6.2775359381
8890.0 6.28455865791
8900.0 6.29158102074
8910.0 6.2986030247
8920.0 6.30562466791
8930.0 6.31264594847
8940.0 6.31966686447
8950.0 6.32668741401
8960.0 6.33370759517
8970.0 6.34072740604
8980.0 6.34774684467
8990.0 6.35476590913
9000.0 6.36178459748
9010.0 6.36880290776
9020.0 6.37582083803
9030.0 6.38283838632
9040.0 6.38985555064
9050.0 6.39687232904
9060.0 6.40388871952
9070.0 6.41090472009
9080.0 6.41792032875
9090.0 6.4249355435
9100.0 6.43195036233
9110.0 6.43896478321
9120.0 6.44597880412
9130.0 6.45299242302
9140.0 6.46000563789
9150.0 6.46701844666
9160.0 6.4740308473
9170.0 6.48104283773
9180.0 6.48805441589
9190.0 6.4950655797
9200.0 6.5020763271
9210.0 6.50908665597
9220.0 6.51609656425
9230.0 6.52310604981
9240.0 6.53011511056
9250.0 6.53712374437
9260.0 6.54413194913
9270.0 6.55113972271
9280.0 6.55814706297
9290.0 6.56515396777
9300.0 6.57216043496
9310.0 6.57916646238
9320.0 6.58617204787
9330.0 6.59317718927
9340.0 6.60018188439
9350.0 6.60718613105
9360.0 6.61418992706
9370.0 6.62119327023
9380.0 6.62819615834
9390.0 6.6351985892
9400.0 6.64220056057
9410.0 6.64920207025
9420.0 6.65620311599
9430.0 6.66320369556
9440.0 6.67020380672
9450.0 6.67720344721
9460.0 6.68420261478
9470.0 6.69120130715
9480.0 6.69819952207
9490.0 6.70519725725
9500.0 6.71219451041
9510.0 6.71919127925
9520.0 6.72618756148
9530.0 6.73318335479
9540.0 6.74017865687
9550.0 6.7471734654
9560.0 6.75416777806
9570.0 6.76116159252
9580.0 6.76815490644
9590.0 6.77514771746
9600.0 6.78214002325
9610.0 6.78913182145
9620.0 6.79612310968
9630.0 6.80311388558
9640.0 6.81010414676
9650.0 6.81709389086
9660.0 6.82408311546
9670.0 6.83107181819
9680.0 6.83805999662
9690.0 6.84504764836
9700.0 6.85203477098
9710.0 6.85902136207
9720.0 6.86600741918
9730.0 6.8729929399
9740.0 6.87997792176
9750.0 6.88696236232
9760.0 6.89394625914
9770.0 6.90092960973
9780.0 6.90791241165
9790.0 6.9148946624
9800.0 6.92187635951
9810.0 6.9288575005
9820.0 6.93583808286
9830.0 6.94281810411
9840.0 6.94979756172
9850.0 6.95677645319
9860.0 6.963754776
9870.0 6.97073252762
9880.0 6.97770970553
9890.0 6.98468630717
9900.0 6.99166233002
9910.0 6.99863777152
9920.0 7.00561262911
9930.0 7.01258690023
9940.0 7.01956058232
9950.0 7.02653367279
9960.0 7.03350616906
9970.0 7.04047806856
9980.0 7.04744936868
9990.0 7.05442006683
10000.0 7.06139016041
10010.0 7.06835964679
10020.0 7.07532852337
10030.0 7.08229678752
10040.0 7.08926443661
10050.0 7.09623146801
10060.0 7.10319787907
10070.0 7.11016366716
10080.0 7.11712882962
10090.0 7.12409336378
10100.0 7.13105726699
10110.0 7.13802053658
10120.0 7.14498316987
10130.0 7.15194516419
10140.0 7.15890651683
10150.0 7.16586722512
10160.0 7.17282728635
10170.0 7.17978669781
10180.0 7.18674545681
10190.0 7.19370356063
10200.0 7.20066100653
10210.0 7.20761779181
10220.0 7.21457391372
10230.0 7.22152936954
10240.0 7.22848415651
10250.0 7.2354382719
10260.0 7.24239171294
10270.0 7.24934447688
10280.0 7.25629656095
10290.0 7.26324796239
10300.0 7.27019867843
10310.0 7.27714870627
10320.0 7.28409804315
10330.0 7.29104668626
10340.0 7.29799463281
10350.0 7.30494188001
10360.0 7.31188842504
10370.0 7.3188342651
10380.0 7.32577939737
10390.0 7.33272381904
10400.0 7.33966752726
10410.0 7.34661051923
10420.0 7.35355279209
10430.0 7.36049434302
10440.0 7.36743516916
10450.0 7.37437526767
10460.0 7.38131463569
10470.0 7.38825327036
10480.0 7.39519116882
10490.0 7.40212832821
10500.0 7.40906474563
10510.0 7.41600041823
10520.0 7.42293534312
10530.0 7.42986951741
10540.0 7.4368029382
10550.0 7.44373560261
10560.0 7.45066750774
10570.0 7.45759865067
10580.0 7.4645290285
10590.0 7.47145863832
10600.0 7.47838747721
10610.0 7.48531554225
10620.0 7.49224283051
10630.0 7.49916933906
10640.0 7.50609506497
10650.0 7.5130200053
10660.0 7.51994415711
10670.0 7.52686751745
10680.0 7.53379008337
10690.0 7.54071185192
10700.0 7.54763282014
10710.0 7.55455298507
10720.0 7.56147234374
10730.0 7.56839089318
10740.0 7.57530863042
10750.0 7.58222555248
10760.0 7.58914165639
10770.0 7.59605693916
10780.0 7.6029713978
10790.0 7.60988502932
10800.0 7.61679783072
10810.0 7.62370979902
10820.0 7.6306209312
10830.0 7.63753122426
10840.0 7.6444406752
10850.0 7.65134928101
10860.0 7.65825703866
10870.0 7.66516394515
10880.0 7.67206999744
10890.0 7.67897519253
10900.0 7.68587952738
10910.0 7.69278299896
10920.0 7.69968560425
10930.0 7.7065873402
10940.0 7.71348820377
10950.0 7.72038819193
10960.0 7.72728730164
10970.0 7.73418552984
10980.0 7.74108287349
10990.0 7.74797932954
11000.0 7.75487489493
11010.0 7.76176956661
11020.0 7.76866334151
11030.0 7.77555621658
11040.0 7.78244818876
11050.0 7.78933925497
11060.0 7.79622941215
11070.0 7.80311865723
11080.0 7.81000698713
11090.0 7.81689439879
11100.0 7.82378088913
11110.0 7.83066645506
11120.0 7.83755109351
11130.0 7.8444348014
11140.0 7.85131757564
11150.0 7.85819941314
11160.0 7.86508031083
11170.0 7.8719602656
11180.0 7.87883927437
11190.0 7.88571733405
11200.0 7.89259444154
11210.0 7.89947059375
11220.0 7.90634578758
11230.0 7.91322001994
11240.0 7.92009328772
11250.0 7.92696558783
11260.0 7.93383691716
11270.0 7.94070727261
11280.0 7.94757665108
11290.0 7.95444504947
11300.0 7.96131246466
11310.0 7.96817889356
11320.0 7.97504433305
11330.0 7.98190878003
11340.0 7.98877223139
11350.0 7.99563468401
11360.0 8.0024961348
11370.0 8.00935658064
11380.0 8.01621601842
11390.0 8.02307444503
11400.0 8.02993185736
11410.0 8.03678825229
11420.0 8.04364362672
11430.0 8.05049797753
11440.0 8.05735130161
11450.0 8.06420359585
11460.0 8.07105485714
11470.0 8.07790508236
11480.0 8.08475426841
11490.0 8.09160241217
11500.0 8.09844951053
11510.0 8.10529556039
11520.0 8.11214055862
11530.0 8.11898450212
11540.0 8.12582738779
11550.0 8.13266921251
11560.0 8.13950997317
11570.0 8.14634966667
11580.0 8.1531882899
11590.0 8.16002583976
11600.0 8.16686231313
11610.0 8.17369770693
11620.0 8.18053201804
11630.0 8.18736524336
11640.0 8.19419737979
11650.0 8.20102842424
11660.0 8.20785837361
11670.0 8.21468722479
11680.0 8.2215149747
11690.0 8.22834162025
11700.0 8.23516715833
11710.0 8.24199158587
11720.0 8.24881489976
11730.0 8.25563709694
11740.0 8.2624581743
11750.0 8.26927812877
11760.0 8.27609695727
11770.0 8.28291465673
11780.0 8.28973122405
11790.0 8.29654665617
11800.0 8.30336095003
11810.0 8.31017410253
11820.0 8.31698611064
11830.0 8.32379697126
11840.0 8.33060668135
11850.0 8.33741523785
11860.0 8.3442226377
11870.0 8.35102887784
11880.0 8.35783395522
11890.0 8.3646378668
11900.0 8.37144060953
11910.0 8.37824218037
11920.0 8.38504257628
11930.0 8.39184179423
11940.0 8.39863983117
11950.0 8.40543668409
11960.0 8.41223234996
11970.0 8.41902682576
11980.0 8.42582010846
11990.0 8.43261219505
12000.0 8.43940308252
12010.0 8.44619276787
12020.0 8.4529812481
12030.0 8.45976852019
12040.0 8.46655458116
12050.0 8.47333942801
12060.0 8.48012305776
12070.0 8.48690546743
12080.0 8.49368665403
12090.0 8.5004666146
12100.0 8.50724534616
12110.0 8.51402284575
12120.0 8.5207991104
12130.0 8.52757413717
12140.0 8.5343479231
12150.0 8.54112046524
12160.0 8.54789176066
12170.0 8.55466180641
12180.0 8.56143059957
12190.0 8.56819813722
12200.0 8.57496441642
12210.0 8.58172943426
12220.0 8.58849318784
12230.0 8.59525567425
12240.0 8.60201689059
12250.0 8.60877683397
12260.0 8.6155355015
12270.0 8.6222928903
12280.0 8.62904899749
12290.0 8.6358038202
12300.0 8.64255735557
12310.0 8.64930960074
12320.0 8.65606055286
12330.0 8.66281020909
12340.0 8.66955856658
12350.0 8.6763056225
12360.0 8.68305137402
12370.0 8.68979581833
12380.0 8.69653895261
12390.0 8.70328077406
12400.0 8.71002127988
12410.0 8.71676046726
12420.0 8.72349833344
12430.0 8.73023487563
12440.0 8.73697009105
12450.0 8.74370397695
12460.0 8.75043653056
12470.0 8.75716774915
12480.0 8.76389762995
12490.0 8.77062617025
12500.0 8.77735336731
12510.0 8.78407921841
12520.0 8.79080372084
12530.0 8.79752687191
12540.0 8.8042486689
12550.0 8.81096910914
12560.0 8.81768818994
12570.0 8.82440590864
12580.0 8.83112226256
12590.0 8.83783724906
12600.0 8.84455086548
12610.0 8.8512631092
12620.0 8.85797397757
12630.0 8.86468346798
12640.0 8.87139157782
12650.0 8.87809830448
12660.0 8.88480364536
12670.0 8.89150759789
12680.0 8.89821015949
12690.0 8.90491132758
12700.0 8.91161109961
12710.0 8.91830947303
12720.0 8.92500644531
12730.0 8.9317020139
12740.0 8.9383961763
12750.0 8.94508892998
12760.0 8.95178027246
12770.0 8.95847020123
12780.0 8.96515871381
12790.0 8.97184580774
12800.0 8.97853148055
12810.0 8.98521572978
12820.0 8.99189855301
12830.0 8.99857994779
12840.0 9.00525991171
12850.0 9.01193844236