750.0 0.530277450508
760.0 0.537342515921
770.0 0.544407786404
780.0 0.551473253629
790.0 0.558538909695
800.0 0.565604747101
810.0 0.572670758718
820.0 0.579736937775
830.0 0.586803277827
840.0 0.593869772744
850.0 0.600936416686
860.0 0.608003204091
870.0 0.615070129657
880.0 0.622137188326
890.0 0.629204375274
900.0 0.636271685892
910.0 0.64333911578
920.0 0.650406660734
930.0 0.657474316731
940.0 0.664542079927
950.0 0.671609946641
960.0 0.67867791335
970.0 0.685745976679
980.0 0.692814133395
990.0 0.699882380397
1000.0 0.706950714714
1010.0 0.714019133494
1020.0 0.721087634001
1030.0 0.728156213606
1040.0 0.735224869786
1050.0 0.742293600117
1060.0 0.749362402268
1070.0 0.756431273999
1080.0 0.763500213154
1090.0 0.77056921766
1100.0 0.777638285522
1110.0 0.784707414817
1120.0 0.791776603695
1130.0 0.798845850374
1140.0 0.805915153136
1150.0 0.812984510324
1160.0 0.820053920342
1170.0 0.827123381648
1180.0 0.834192892757
1190.0 0.841262452234
1200.0 0.848332058695
1210.0 0.855401710802
1220.0 0.862471407264
1230.0 0.869541146832
1240.0 0.8766109283
1250.0 0.883680750503
1260.0 0.890750612313
1270.0 0.89782051264
1280.0 0.904890450428
1290.0 0.911960424657
1300.0 0.919030434339
1310.0 0.926100478518
1320.0 0.933170556266
1330.0 0.940240666688
1340.0 0.947310808913
1350.0 0.954380982099
1360.0 0.961451185431
1370.0 0.968521418116
1380.0 0.975591679388
1390.0 0.982661968501
1400.0 0.989732284734
1410.0 0.996802627386
1420.0 1.00387299578
1430.0 1.01094338925
1440.0 1.01801380716
1450.0 1.02508424888
1460.0 1.03215471382
1470.0 1.03922520138
1480.0 1.046295711
1490.0 1.05336624212
1500.0 1.0604367942
1510.0 1.06750736671
1520.0 1.07457795915
1530.0 1.08164857103
1540.0 1.08871920185
1550.0 1.09578985115
1560.0 1.10286051848
1570.0 1.10993120339
1580.0 1.11700190545
1590.0 1.12407262424
1600.0 1.13114335934
1610.0 1.13821411036
1620.0 1.14528487691
1630.0 1.15235565861
1640.0 1.15942645509
1650.0 1.16649726599
1660.0 1.17356809096
1670.0 1.18063892966
1680.0 1.18770978175
1690.0 1.19478064691
1700.0 1.20185152483
1710.0 1.20892241518
1720.0 1.21599331768
1730.0 1.22306423202
1740.0 1.23013515792
1750.0 1.23720609509
1760.0 1.24427704327
1770.0 1.25134800218
1780.0 1.25841897157
1790.0 1.26548995117
1800.0 1.27256094074
1810.0 1.27963194003
1820.0 1.2867029488
1830.0 1.29377396683
1840.0 1.30084499388
1850.0 1.30791602974
1860.0 1.31498707417
1870.0 1.32205812698
1880.0 1.32912918794
1890.0 1.33620025686
1900.0 1.34327133354
1910.0 1.35034241778
1920.0 1.3574135094
1930.0 1.36448460819
1940.0 1.37155571399
1950.0 1.3786268266
1960.0 1.38569794586
1970.0 1.39276907159
1980.0 1.39984020362
1990.0 1.40691134179
2000.0 1.41398248593
2010.0 1.42105363589
2020.0 1.42812479151
2030.0 1.43519595263
2040.0 1.44226711911
2050.0 1.4493382908
2060.0 1.45640946755
2070.0 1.46348064923
2080.0 1.47055183569
2090.0 1.4776230268
2100.0 1.48469422241
2110.0 1.49176542242
2120.0 1.49883662667
2130.0 1.50590783505
2140.0 1.51297904742
2150.0 1.52005026368
2160.0 1.52712148369
2170.0 1.53419270734
2180.0 1.54126393451
2190.0 1.54833516509
2200.0 1.55540639896
2210.0 1.56247763601
2220.0 1.56954887614
2230.0 1.57662011924
2240.0 1.58369136519
2250.0 1.59076261391
2260.0 1.59783386528
2270.0 1.6049051192
2280.0 1.61197637557
2290.0 1.61904763431
2300.0 1.6261188953
2310.0 1.63319015845
2320.0 1.64026142368
2330.0 1.64733269088
2340.0 1.65440395997
2350.0 1.66147523086
2360.0 1.66854650346
2370.0 1.67561777768
2380.0 1.68268905343
2390.0 1.68976033063
2400.0 1.6968316092
2410.0 1.70390288904
2420.0 1.71097417009
2430.0 1.71804545225
2440.0 1.72511673546
2450.0 1.73218801962
2460.0 1.73925930466
2470.0 1.7463305905
2480.0 1.75340187707
2490.0 1.76047316429
2500.0 1.76754445208
2510.0 1.77461574038
2520.0 1.7816870291
2530.0 1.78875831817
2540.0 1.79582960753
2550.0 1.8029008971
2560.0 1.80997218681
2570.0 1.81704347659
2580.0 1.82411476637
2590.0 1.83118605608
2600.0 1.83825734565
2610.0 1.84532863502
2620.0 1.85239992411
2630.0 1.85947121287
2640.0 1.86654250123
2650.0 1.87361378911
2660.0 1.88068507646
2670.0 1.88775636321
2680.0 1.89482764929
2690.0 1.90189893464
2700.0 1.90897021921
2710.0 1.91604150291
2720.0 1.9231127857
2730.0 1.93018406751
2740.0 1.93725534827
2750.0 1.94432662794
2760.0 1.95139790643
2770.0 1.9584691837
2780.0 1.96554045968
2790.0 1.97261173431
2800.0 1.97968300754
2810.0 1.98675427929
2820.0 1.99382554952
2830.0 2.00089681816
2840.0 2.00796808515
2850.0 2.01503935043
2860.0 2.02211061395
2870.0 2.02918187564
2880.0 2.03625313545
2890.0 2.04332439331
2900.0 2.05039564918
2910.0 2.05746690298
2920.0 2.06453815467
2930.0 2.07160940418
2940.0 2.07868065146
2950.0 2.08575189644
2960.0 2.09282313908
2970.0 2.09989437931
2980.0 2.10696561707
2990.0 2.11403685231
3000.0 2.12110808497
3010.0 2.12817931498
3020.0 2.1352505423
3030.0 2.14232176687
3040.0 2.14939298862
3050.0 2.15646420751
3060.0 2.16353542346
3070.0 2.17060663643
3080.0 2.17767784635
3090.0 2.18474905318
3100.0 2.19182025684
3110.0 2.19889145728
3120.0 2.20596265444
3130.0 2.21303384827
3140.0 2.22010503871
3150.0 2.22717622569
3160.0 2.23424740917
3170.0 2.24131858907
3180.0 2.24838976534
3190.0 2.25546093793
3200.0 2.26253210676
3210.0 2.26960327179
3220.0 2.27667443296
3230.0 2.28374559019
3240.0 2.29081674344
3250.0 2.29788789264
3260.0 2.30495903774
3270.0 2.31203017867
3280.0 2.31910131537
3290.0 2.32617244777
3300.0 2.33324357583
3310.0 2.34031469948
3320.0 2.34738581865
3330.0 2.35445693328
3340.0 2.36152804331
3350.0 2.36859914868
3360.0 2.37567024933
3370.0 2.38274134519
3380.0 2.3898124362
3390.0 2.39688352229
3400.0 2.40395460341
3410.0 2.41102567948
3420.0 2.41809675044
3430.0 2.42516781623
3440.0 2.43223887678
3450.0 2.43930993203
3460.0 2.4463809819
3470.0 2.45345202634
3480.0 2.46052306527
3490.0 2.46759409864
3500.0 2.47466512636
3510.0 2.48173614838
3520.0 2.48880716463
3530.0 2.49587817503
3540.0 2.50294917952
3550.0 2.51002017802
3560.0 2.51709117048
3570.0 2.52416215681
3580.0 2.53123313695
3590.0 2.53830411082
3600.0 2.54537507836
3610.0 2.55244603949
3620.0 2.55951699414
3630.0 2.56658794224
3640.0 2.5736588837
3650.0 2.58072981847
3660.0 2.58780074646
3670.0 2.5948716676
3680.0 2.60194258181
3690.0 2.60901348902
3700.0 2.61608438915
3710.0 2.62315528213
3720.0 2.63022616787
3730.0 2.6372970463
3740.0 2.64436791734
3750.0 2.65143878091
3760.0 2.65850963693
3770.0 2.66558048532
3780.0 2.672651326
3790.0 2.67972215889
3800.0 2.68679298391
3810.0 2.69386380097
3820.0 2.70093460999
3830.0 2.70800541088
3840.0 2.71507620357
3850.0 2.72214698797
3860.0 2.72921776399
3870.0 2.73628853155
3880.0 2.74335929055
3890.0 2.75043004092
3900.0 2.75750078256
3910.0 2.76457151538
3920.0 2.7716422393
3930.0 2.77871295422
3940.0 2.78578366006
3950.0 2.79285435672
3960.0 2.79992504411
3970.0 2.80699572214
3980.0 2.81406639072
3990.0 2.82113704974
4000.0 2.82820769912
4010.0 2.83527833876
4020.0 2.84234896856
4030.0 2.84941958843
4040.0 2.85649019826
4050.0 2.86356079797
4060.0 2.87063138744
4070.0 2.87770196659
4080.0 2.8847725353
4090.0 2.89184309348
4100.0 2.89891364103
4110.0 2.90598417784
4120.0 2.9130547038
4130.0 2.92012521882
4140.0 2.92719572279
4150.0 2.93426621559
4160.0 2.94133669714
4170.0 2.9484071673
4180.0 2.95547762598
4190.0 2.96254807307
4200.0 2.96961850846
4210.0 2.97668893202
4220.0 2.98375934367
4230.0 2.99082974326
4240.0 2.99790013071
4250.0 3.00497050588
4260.0 3.01204086867
4270.0 3.01911121895
4280.0 3.02618155661
4290.0 3.03325188154
4300.0 3.0403221936
4310.0 3.04739249268
4320.0 3.05446277867
4330.0 3.06153305142
4340.0 3.06860331083
4350.0 3.07567355677
4360.0 3.08274378911
4370.0 3.08981400773
4380.0 3.0968842125
4390.0 3.10395440329
4400.0 3.11102457997
4410.0 3.11809474241
4420.0 3.12516489048
4430.0 3.13223502405
4440.0 3.13930514298
4450.0 3.14637524715
4460.0 3.1534453364
4470.0 3.16051541062
4480.0 3.16758546965
4490.0 3.17465551337
4500.0 3.18172554162
4510.0 3.18879555428
4520.0 3.1958655512
4530.0 3.20293553223
4540.0 3.21000549723
4550.0 3.21707544606
4560.0 3.22414537856
4570.0 3.2312152946
4580.0 3.23828519402
4590.0 3.24535507667
4600.0 3.25242494241
4610.0 3.25949479107
4620.0 3.26656462251
4630.0 3.27363443657
4640.0 3.2807042331
4650.0 3.28777401193
4660.0 3.29484377291
4670.0 3.30191351588
4680.0 3.30898324069
4690.0 3.31605294716
4700.0 3.32312263513
4710.0 3.33019230444
4720.0 3.33726195493
4730.0 3.34433158642
4740.0 3.35140119875
4750.0 3.35847079174
4760.0 3.36554036524
4770.0 3.37260991906
4780.0 3.37967945303
4790.0 3.38674896697
4800.0 3.39381846072
4810.0 3.40088793409
4820.0 3.4079573869
4830.0 3.41502681897
4840.0 3.42209623012
4850.0 3.42916562017
4860.0 3.43623498893
4870.0 3.44330433622
4880.0 3.45037366185
4890.0 3.45744296562
4900.0 3.46451224736
4910.0 3.47158150686
4920.0 3.47865074394
4930.0 3.4857199584
4940.0 3.49278915004
4950.0 3.49985831867
4960.0 3.50692746408
4970.0 3.51399658608
4980.0 3.52106568446
4990.0 3.52813475902
5000.0 3.53520380956
5010.0 3.54227283586
5020.0 3.54934183772
5030.0 3.55641081493
5040.0 3.56347976728
5050.0 3.57054869455
5060.0 3.57761759653
5070.0 3.584686473
5080.0 3.59175532375
5090.0 3.59882414855
5100.0 3.60589294719
5110.0 3.61296171943
5120.0 3.62003046506
5130.0 3.62709918386
5140.0 3.63416787558
5150.0 3.64123654001
5160.0 3.6483051769
5170.0 3.65537378603
5180.0 3.66244236717
5190.0 3.66951092007
5200.0 3.6765794445
5210.0 3.68364794022
5220.0 3.69071640698
5230.0 3.69778484454
5240.0 3.70485325266
5250.0 3.71192163109
5260.0 3.71898997958
5270.0 3.72605829788
5280.0 3.73312658573
5290.0 3.74019484289
5300.0 3.74726306909
5310.0 3.75433126408
5320.0 3.76139942759
5330.0 3.76846755937
5340.0 3.77553565915
5350.0 3.78260372666
5360.0 3.78967176164
5370.0 3.79673976381
5380.0 3.80380773292
5390.0 3.81087566867
5400.0 3.81794357079
5410.0 3.82501143902
5420.0 3.83207927306
5430.0 3.83914707263
5440.0 3.84621483746
5450.0 3.85328256726
5460.0 3.86035026173
5470.0 3.86741792059
5480.0 3.87448554355
5490.0 3.88155313031
5500.0 3.88862068058
5510.0 3.89568819405
5520.0 3.90275567043
5530.0 3.90982310942
5540.0 3.91689051071
5550.0 3.92395787398
5560.0 3.93102519895
5570.0 3.93809248528
5580.0 3.94515973268
5590.0 3.95222694082
5600.0 3.95929410938
5610.0 3.96636123805
5620.0 3.9734283265
5630.0 3.98049537441
5640.0 3.98756238146
5650.0 3.9946293473
5660.0 4.00169627162
5670.0 4.00876315407
5680.0 4.01582999432
5690.0 4.02289679204
5700.0 4.02996354688
5710.0 4.03703025849
5720.0 4.04409692654
5730.0 4.05116355067
5740.0 4.05823013054
5750.0 4.06529666579
5760.0 4.07236315607
5770.0 4.07942960101
5780.0 4.08649600027
5790.0 4.09356235346
5800.0 4.10062866024
5810.0 4.10769492024
5820.0 4.11476113307
5830.0 4.12182729838
5840.0 4.12889341578
5850.0 4.1359594849
5860.0 4.14302550535
5870.0 4.15009147676
5880.0 4.15715739874
5890.0 4.1642232709
5900.0 4.17128909285
5910.0 4.1783548642
5920.0 4.18542058454
5930.0 4.19248625349
5940.0 4.19955187064
5950.0 4.20661743558
5960.0 4.21368294792
5970.0 4.22074840723
5980.0 4.22781381312
5990.0 4.23487916515
6000.0 4.24194446292
6010.0 4.24900970601
6020.0 4.25607489398
6030.0 4.26314002642
6040.0 4.2702051029
6050.0 4.27727012298
6060.0 4.28433508624
6070.0 4.29139999222
6080.0 4.2984648405
6090.0 4.30552963062
6100.0 4.31259436215
6110.0 4.31965903463
6120.0 4.32672364761
6130.0 4.33378820064
6140.0 4.34085269325
6150.0 4.34791712499
6160.0 4.3549814954
6170.0 4.362045804
6180.0 4.36911005033
6190.0 4.37617423391
6200.0 4.38323835427
6210.0 4.39030241093
6220.0 4.3973664034
6230.0 4.4044303312
6240.0 4.41149419384
6250.0 4.41855799083
6260.0 4.42562172168
6270.0 4.43268538589
6280.0 4.43974898295
6290.0 4.44681251236
6300.0 4.45387597361
6310.0 4.4609393662
6320.0 4.46800268961
6330.0 4.47506594332
6340.0 4.48212912681
6350.0 4.48919223956
6360.0 4.49625528103
6370.0 4.50331825071
6380.0 4.51038114805
6390.0 4.51744397253
6400.0 4.52450672359
6410.0 4.53156940069
6420.0 4.53863200329
6430.0 4.54569453083
6440.0 4.55275698277
6450.0 4.55981935854
6460.0 4.56688165758
6470.0 4.57394387934
6480.0 4.58100602323
6490.0 4.58806808869
6500.0 4.59513007514
6510.0 4.60219198201
6520.0 4.60925380871
6530.0 4.61631555466
6540.0 4.62337721926
6550.0 4.63043880193
6560.0 4.63750030207
6570.0 4.64456171907
6580.0 4.65162305234
6590.0 4.65868430126
6600.0 4.66574546522
6610.0 4.67280654362
6620.0 4.67986753583
6630.0 4.68692844122
6640.0 4.69398925917
6650.0 4.70104998906
6660.0 4.70811063025
6670.0 4.71517118209
6680.0 4.72223164396
6690.0 4.72929201519
6700.0 4.73635229515
6710.0 4.74341248319
6720.0 4.75047257864
6730.0 4.75753258084
6740.0 4.76459248913
6750.0 4.77165230284
6760.0 4.7787120213
6770.0 4.78577164383
6780.0 4.79283116975
6790.0 4.79989059837
6800.0 4.80694992902
6810.0 4.81400916099
6820.0 4.82106829358
6830.0 4.82812732611
6840.0 4.83518625785
6850.0 4.84224508811
6860.0 4.84930381618
6870.0 4.85636244132
6880.0 4.86342096283
6890.0 4.87047937997
6900.0 4.87753769202
6910.0 4.88459589824
6920.0 4.89165399789
6930.0 4.89871199024
6940.0 4.90576987454
6950.0 4.91282765002
6960.0 4.91988531595
6970.0 4.92694287156
6980.0 4.93400031608
6990.0 4.94105764875
7000.0 4.9481148688
7010.0 4.95517197544
7020.0 4.9622289679
7030.0 4.9692858454
7040.0 4.97634260713
7050.0 4.98339925231
7060.0 4.99045578014
7070.0 4.99751218981
7080.0 5.00456848052
7090.0 5.01162465145
7100.0 5.01868070179
7110.0 5.02573663071
7120.0 5.03279243739
7130.0 5.039848121
7140.0 5.0469036807
7150.0 5.05395911566
7160.0 5.06101442502
7170.0 5.06806960794
7180.0 5.07512466357
7190.0 5.08217959104
7200.0 5.08923438949
7210.0 5.09628905806
7220.0 5.10334359588
7230.0 5.11039800206
7240.0 5.11745227572
7250.0 5.12450641597
7260.0 5.13156042193
7270.0 5.1386142927
7280.0 5.14566802738
7290.0 5.15272162505
7300.0 5.15977508481
7310.0 5.16682840575
7320.0 5.17388158693
7330.0 5.18093462745
7340.0 5.18798752635
7350.0 5.19504028272
7360.0 5.2020928956
7370.0 5.20914536406
7380.0 5.21619768714
7390.0 5.22324986389
7400.0 5.23030189334
7410.0 5.23735377453
7420.0 5.2444055065
7430.0 5.25145708825
7440.0 5.25850851882
7450.0 5.26555979721
7460.0 5.27261092244
7470.0 5.27966189351
7480.0 5.28671270941
7490.0 5.29376336915
7500.0 5.3008138717
7510.0 5.30786421605
7520.0 5.31491440119
7530.0 5.32196442607
7540.0 5.32901428967
7550.0 5.33606399095
7560.0 5.34311352887
7570.0 5.35016290238
7580.0 5.35721211042
7590.0 5.36426115193
7600.0 5.37131002585
7610.0 5.37835873111
7620.0 5.38540726664
7630.0 5.39245563135
7640.0 5.39950382415
7650.0 5.40655184396
7660.0 5.41359968968
7670.0 5.42064736019
7680.0 5.42769485441
7690.0 5.43474217121
7700.0 5.44178930947
7710.0 5.44883626807
7720.0 5.45588304587
7730.0 5.46292964175
7740.0 5.46997605456
7750.0 5.47702228315
7760.0 5.48406832637
7770.0 5.49111418306
7780.0 5.49815985206
7790.0 5.5052053322
7800.0 5.5122506223
7810.0 5.51929572118
7820.0 5.52634062766
7830.0 5.53338534054
7840.0 5.54042985862
7850.0 5.54747418071
7860.0 5.55451830558
7870.0 5.56156223204
7880.0 5.56860595884
7890.0 5.57564948477
7900.0 5.5826928086
7910.0 5.58973592908
7920.0 5.59677884497
7930.0 5.60382155502
7940.0 5.61086405798
7950.0 5.61790635257
7960.0 5.62494843754
7970.0 5.63199031161
7980.0 5.6390319735
7990.0 5.64607342192
8000.0 5.65311465558
8010.0 5.66015567319
8020.0 5.66719647343
8030.0 5.67423705501
8040.0 5.6812774166
8050.0 5.68831755687
8060.0 5.69535747452
8070.0 5.70239716819
8080.0 5.70943663655
8090.0 5.71647587825
8100.0 5.72351489195
8110.0 5.73055367628
8120.0 5.73759222987
8130.0 5.74463055136
8140.0 5.75166863937
8150.0 5.75870649252
8160.0 5.76574410941
8170.0 5.77278148865
8180.0 5.77981862885
8190.0 5.78685552859
8200.0 5.79389218645
8210.0 5.80092860103
8220.0 5.80796477088
8230.0 5.81500069458
8240.0 5.82203637069
8250.0 5.82907179777
8260.0 5.83610697435
8270.0 5.84314189899
8280.0 5.85017657022
8290.0 5.85721098657
8300.0 5.86424514655
8310.0 5.8712790487
8320.0 5.87831269151
8330.0 5.8853460735
8340.0 5.89237919315
8350.0 5.89941204896
8360.0 5.90644463942
8370.0 5.913476963
8380.0 5.92050901817
8390.0 5.9275408034
8400.0 5.93457231715
8410.0 5.94160355787
8420.0 5.94863452401
8430.0 5.955665214
8440.0 5.96269562628
8450.0 5.96972575927
8460.0 5.9767556114
8470.0 5.98378518107
8480.0 5.9908144667
8490.0 5.99784346668
8500.0 6.0048721794
8510.0 6.01190060327
8520.0 6.01892873664
8530.0 6.02595657791
8540.0 6.03298412543
8550.0 6.04001137756
8560.0 6.04703833267
8570.0 6.0540649891
8580.0 6.06109134518
8590.0 6.06811739925
8600.0 6.07514314965
8610.0 6.08216859468
8620.0 6.08919373267
8630.0 6.09621856192
8640.0 6.10324308074
8650.0 6.11026728741
8660.0 6.11729118022
8670.0 6.12431475746
8680.0 6.1313380174
8690.0 6.13836095831
8700.0 6.14538357844
8710.0 6.15240587605
8720.0 6.15942784939
8730.0 6.1664494967
8740.0 6.17347081621
8750.0 6.18049180614
8760.0 6.18751246473
8770.0 6.19453279017
8780.0 6.20155278068
8790.0 6.20857243447
8800.0 6.21559174971
8810.0 6.22261072459
8820.0 6.22962935731
8830.0 6.23664764602
8840.0 6.2436655889
8850.0 6.2506831841
8860.0 6.25770042977
8870.0 6.26471732407
8880.0 6.27173386513
8890.0 6.27875005107
8900.0 6.28576588004
8910.0 6.29278135013
8920.0 6.29979645947
8930.0 6.30681120616
8940.0 6.3138255883
8950.0 6.32083960398
8960.0 6.32785325127
8970.0 6.33486652827
8980.0 6.34187943303
8990.0 6.34889196363
9000.0 6.35590411811
9010.0 6.36291589453
9020.0 6.36992729093
9030.0 6.37693830535
9040.0 6.38394893582
9050.0 6.39095918035
9060.0 6.39796903696
9070.0 6.40497850366
9080.0 6.41198757846
9090.0 6.41899625934
9100.0 6.4260045443
9110.0 6.43301243132
9120.0 6.44001991836
9130.0 6.4470270034
9140.0 6.4540336844
9150.0 6.46103995931
9160.0 6.46804582608
9170.0 6.47505128264
9180.0 6.48205632694
9190.0 6.48906095689
9200.0 6.49606517041
9210.0 6.50306896542
9220.0 6.51007233983
9230.0 6.51707529153
9240.0 6.52407781841
9250.0 6.53107991836
9260.0 6.53808158925
9270.0 6.54508282896
9280.0 6.55208363536
9290.0 6.55908400629
9300.0 6.56608393961
9310.0 6.57308343317
9320.0 6.5800824848
9330.0 6.58708109233
9340.0 6.59407925358
9350.0 6.60107696638
9360.0 6.60807422852
9370.0 6.61507103782
9380.0 6.62206739207
9390.0 6.62906328906
9400.0 6.63605872657
9410.0 6.64305370238
9420.0 6.65004821426
9430.0 6.65704225996
9440.0 6.66403583725
9450.0 6.67102894388
9460.0 6.67802157758
9470.0 6.68501373609
9480.0 6.69200541714
9490.0 6.69899661845
9500.0 6.70598733774
9510.0 6.71297757272
9520.0 6.71996732108
9530.0 6.72695658053
9540.0 6.73394534874
9550.0 6.74093362341
9560.0 6.74792140221
9570.0 6.7549086828
9580.0 6.76189546285
9590.0 6.76888174001
9600.0 6.77586751193
9610.0 6.78285277626
9620.0 6.78983753062
9630.0 6.79682177266
9640.0 6.80380549998
9650.0 6.8107887102
9660.0 6.81777140094
9670.0 6.8247535698
9680.0 6.83173521437
9690.0 6.83871633224
9700.0 6.845696921
9710.0 6.85267697822
9720.0 6.85965650147
9730.0 6.86663548832
9740.0 6.87361393631
9750.0 6.88059184301
9760.0 6.88756920596
9770.0 6.89454602269
9780.0 6.90152229074
9790.0 6.90849800762
9800.0 6.91547317087
9810.0 6.92244777799
9820.0 6.92942182649
9830.0 6.93639531387
9840.0 6.94336823761
9850.0 6.95034059522
9860.0 6.95731238416
9870.0 6.96428360192
9880.0 6.97125424596
9890.0 6.97822431374
9900.0 6.98519380272
9910.0 6.99216271035
9920.0 6.99913103408
9930.0 7.00609877133
9940.0 7.01306591955
9950.0 7.02003247616
9960.0 7.02699843857
9970.0 7.0339638042
9980.0 7.04092857045
9990.0 7.04789273474
10000.0 7.05485629444
10010.0 7.06181924696
10020.0 7.06878158967
10030.0 7.07574331996
10040.0 7.08270443518
10050.0 7.08966493272
10060.0 7.09662480992
10070.0 7.10358406414
10080.0 7.11054269273
10090.0 7.11750069303
10100.0 7.12445806237
10110.0 7.1314147981
10120.0 7.13837089752
10130.0 7.14532635797
10140.0 7.15228117675
10150.0 7.15923535117
10160.0 7.16618887853
10170.0 7.17314175613
10180.0 7.18009398126
10190.0 7.18704555121
10200.0 7.19399646325
10210.0 7.20094671466
10220.0 7.20789630271
10230.0 7.21484522466
10240.0 7.22179347777
10250.0 7.22874105929
10260.0 7.23568796646
10270.0 7.24263419653
10280.0 7.24957974674
10290.0 7.25652461432
10300.0 7.26346879649
10310.0 7.27041229047
10320.0 7.27735509347
10330.0 7.28429720272
10340.0 7.29123861541
10350.0 7.29817932874
10360.0 7.3051193399
10370.0 7.3120586461
10380.0 7.31899724451
10390.0 7.3259351323
10400.0 7.33287230667
10410.0 7.33980876476
10420.0 7.34674450376
10430.0 7.35367952082
10440.0 7.3606138131
10450.0 7.36754737774
10460.0 7.3744802119
10470.0 7.3814123127
10480.0 7.3883436773
10490.0 7.39527430281
10500.0 7.40220418638
10510.0 7.40913332511
10520.0 7.41606171613
10530.0 7.42298935655
10540.0 7.42991624348
10550.0 7.43684237402
10560.0 7.44376774528
10570.0 7.45069235435
10580.0 7.45761619831
10590.0 7.46453927427
10600.0 7.47146157929
10610.0 7.47838311046
10620.0 7.48530386486
10630.0 7.49222383954
10640.0 7.49914303159
10650.0 7.50606143805
10660.0 7.512979056
10670.0 7.51989588247
10680.0 7.52681191453
10690.0 7.53372714921
10700.0 7.54064158356
10710.0 7.54755521462
10720.0 7.55446803943
10730.0 7.561380055
10740.0 7.56829125838
10750.0 7.57520164658
10760.0 7.58211121662
10770.0 7.58901996552
10780.0 7.59592789029
10790.0 7.60283498795
10800.0 7.60974125548
10810.0 7.61664668991
10820.0 7.62355128823
10830.0 7.63045504743
10840.0 7.6373579645
10850.0 7.64426003644
10860.0 7.65116126023
10870.0 7.65806163285
10880.0 7.66496115128
10890.0 7.6718598125
10900.0 7.67875761348
10910.0 7.6856545512
10920.0 7.69255062262
10930.0 7.6994458247
10940.0 7.70634015441
10950.0 7.71323360871
10960.0 7.72012618455
10970.0 7.72701787888
10980.0 7.73390868867
10990.0 7.74079861085
11000.0 7.74768764237
11010.0 7.75457578018
11020.0 7.76146302122
11030.0 7.76834936243
11040.0 7.77523480074
11050.0 7.78211933308
11060.0 7.7890029564
11070.0 7.79588566761
11080.0 7.80276746365
11090.0 7.80964834144
11100.0 7.81652829791
11110.0 7.82340732998
11120.0 7.83028543457
11130.0 7.83716260859
11140.0 7.84403884896
11150.0 7.8509141526
11160.0 7.85778851641
11170.0 7.86466193732
11180.0 7.87153441223
11190.0 7.87840593804
11200.0 7.88527651166
11210.0 7.89214613001
11220.0 7.89901478997
11230.0 7.90588248847
11240.0 7.91274922238
11250.0 7.91961498862
11260.0 7.92647978409
11270.0 7.93334360568
11280.0 7.94020645028
11290.0 7.9470683148
11300.0 7.95392919613
11310.0 7.96078909116
11320.0 7.96764799678
11330.0 7.97450590989
11340.0 7.98136282739
11350.0 7.98821874615
11360.0 7.99507366307
11370.0 8.00192757504
11380.0 8.00878047896
11390.0 8.0156323717
11400.0 8.02248325016
11410.0 8.02933311123
11420.0 8.03618195179
11430.0 8.04302976873
11440.0 8.04987655895
11450.0 8.05672231933
11460.0 8.06356704675
11470.0 8.07041073811
11480.0 8.07725339029
11490.0 8.08409500018
11500.0 8.09093556468
11510.0 8.09777508067
11520.0 8.10461354503
11530.0 8.11145095467
11540.0 8.11828730647
11550.0 8.12512259732
11560.0 8.13195682412
11570.0 8.13878998375
11580.0 8.14562207312
11590.0 8.15245308911
11600.0 8.15928302862
11610.0 8.16611188855
11620.0 8.17293966579
11630.0 8.17976635725
11640.0 8.18659195982
11650.0 8.1934164704
11660.0 8.2002398859
11670.0 8.20706220322
11680.0 8.21388341926
11690.0 8.22070353094
11700.0 8.22752253516
11710.0 8.23434042883
11720.0 8.24115720886
11730.0 8.24797287216
11740.0 8.25478741566
11750.0 8.26160083627
11760.0 8.2684131309
11770.0 8.27522429649
11780.0 8.28203432995
11790.0 8.28884322821
11800.0 8.29565098819
11810.0 8.30245760684
11820.0 8.30926308107
11830.0 8.31606740783
11840.0 8.32287058406
11850.0 8.32967260669
11860.0 8.33647347267
11870.0 8.34327317894
11880.0 8.35007172246
11890.0 8.35686910017
11900.0 8.36366530904
11910.0 8.37046034601
11920.0 8.37725420806
11930.0 8.38404689214
11940.0 8.39083839522
11950.0 8.39762871427
11960.0 8.40441784627
11970.0 8.4112057882
11980.0 8.41799253703
11990.0 8.42477808976
12000.0 8.43156244337
12010.0 8.43834559486
12020.0 8.44512754121
12030.0 8.45190827944
12040.0 8.45868780654
12050.0 8.46546611953
12060.0 8.47224321541
12070.0 8.47901909122
12080.0 8.48579374395
12090.0 8.49256717066
12100.0 8.49933936835
12110.0 8.50611033407
12120.0 8.51288006486
12130.0 8.51964855776
12140.0 8.52641580982
12150.0 8.5331818181
12160.0 8.53994657965
12170.0 8.54671009154
12180.0 8.55347235083
12190.0 8.56023335461
12200.0 8.56699309994
12210.0 8.57375158392
12220.0 8.58050880364
12230.0 8.58726475618
12240.0 8.59401943866
12250.0 8.60077284817
12260.0 8.60752498183
12270.0 8.61427583676
12280.0 8.62102541009
12290.0 8.62777369894
12300.0 8.63452070044
12310.0 8.64126641175
12320.0 8.64801083
12330.0 8.65475395236
12340.0 8.66149577598
12350.0 8.66823629803
12360.0 8.67497551569
12370.0 8.68171342614
12380.0 8.68845002655
12390.0 8.69518531414
12400.0 8.70191928608
12410.0 8.70865193961
12420.0 8.71538327192
12430.0 8.72211328024
12440.0 8.7288419618
12450.0 8.73556931383
12460.0 8.74229533358
12470.0 8.74902001829
12480.0 8.75574336523
12490.0 8.76246537166
12500.0 8.76918603486
12510.0 8.77590535209
12520.0 8.78262332066
12530.0 8.78933993786
12540.0 8.79605520099
12550.0 8.80276910736
12560.0 8.80948165429
12570.0 8.81619283912
12580.0 8.82290265918
12590.0 8.82961111181
12600.0 8.83631819437
12610.0 8.84302390422
12620.0 8.84972823873
12630.0 8.85643119527
12640.0 8.86313277124
12650.0 8.86983296404
12660.0 8.87653177106
12670.0 8.88322918972
12680.0 8.88992521745
12690.0 8.89661985167
12700.0 8.90331308984
12710.0 8.9100049294
12720.0 8.91669536781
12730.0 8.92338440254
12740.0 8.93007203107
12750.0 8.93675825088
12760.0 8.94344305949
12770.0 8.95012645439
12780.0 8.95680843311
12790.0 8.96348899317
12800.0 8.97016813212
12810.0 8.97684584749
12820.0 8.98352213685
12830.0 8.99019699776
12840.0 8.99687042782
12850.0 9.0035424246