0.0 0.0
25.0 0.209315715409
26.0 0.217688330624
27.0 0.226060944207
28.0 0.234433556067
29.0 0.242806166107
30.0 0.251178774225
31.0 0.259551380315
32.0 0.267923984265
33.0 0.276296585957
34.0 0.284669185268
35.0 0.293041782069
36.0 0.301414376224
37.0 0.309786967591
38.0 0.318159556022
39.0 0.326532141359
40.0 0.33490472344
41.0 0.343277302092
42.0 0.351649877137
43.0 0.360022448387
44.0 0.368395015644
45.0 0.376767578703
46.0 0.385140137348
47.0 0.393512691352
48.0 0.401885240482
49.0 0.410257784488
50.0 0.418630323114
51.0 0.427002856088
52.0 0.43537538313
53.0 0.443747903943
54.0 0.452120418219
55.0 0.460492925637
56.0 0.46886542586
57.0 0.477237918536
58.0 0.485610403298
59.0 0.493982879763
60.0 0.502355347531
61.0 0.510727806185
62.0 0.519100255288
63.0 0.527472694386
64.0 0.535845123005
65.0 0.54421754065
66.0 0.552589946805
67.0 0.560962340932
68.0 0.56933472247
69.0 0.577707090836
70.0 0.586079445419
71.0 0.594451785585
72.0 0.602824110673
73.0 0.611196419994
74.0 0.61956871283
75.0 0.627940988434
76.0 0.63631324603
77.0 0.644685484806
78.0 0.65305770392
79.0 0.661429902496
80.0 0.669802079621
81.0 0.678174234345
82.0 0.686546365681
83.0 0.694918472602
84.0 0.703290554041
85.0 0.711662608887
86.0 0.720034635985
87.0 0.728406634137
88.0 0.736778602096
89.0 0.745150538566
90.0 0.753522442202
91.0 0.761894311606
92.0 0.770266145326
93.0 0.778637941855
94.0 0.787009699627
95.0 0.795381417017
96.0 0.803753092339
97.0 0.812124723842
98.0 0.82049630971
99.0 0.828867848058
100.0 0.837239336931
101.0 0.845610774302
102.0 0.853982158068
103.0 0.862353486048
104.0 0.870724755981
105.0 0.879095965524
106.0 0.887467112249
107.0 0.895838193637
108.0 0.904209207081
109.0 0.91258014988
110.0 0.920951019233
111.0 0.929321812241
112.0 0.937692525903
113.0 0.946063157111
114.0 0.954433702644
115.0 0.962804159173
116.0 0.97117452325
117.0 0.979544791306
118.0 0.987914959649
119.0 0.996285024459
120.0 1.00465498179
121.0 1.01302482754
122.0 1.02139455751
123.0 1.0297641673
124.0 1.03813365242
125.0 1.04650300818
126.0 1.05487222976
127.0 1.06324131218
128.0 1.07161025027
129.0 1.07997903872
130.0 1.08834767203
131.0 1.09671614451
132.0 1.1050844503
133.0 1.11345258334
134.0 1.12182053738
135.0 1.13018830596
136.0 1.13855588241
137.0 1.14692325987
138.0 1.15529043123
139.0 1.16365738918
140.0 1.17202412615
141.0 1.18039063437
142.0 1.1887569058
143.0 1.19712293215
144.0 1.20548870489
145.0 1.2138542152
146.0 1.22221945403
147.0 1.230584412
148.0 1.23894907948
149.0 1.24731344655
150.0 1.25567750297
151.0 1.2640412382
152.0 1.2724046414
153.0 1.28076770138
154.0 1.28913040664
155.0 1.29749274533
156.0 1.30585470526
157.0 1.31421627387
158.0 1.32257743825
159.0 1.33093818511
160.0 1.33929850078
161.0 1.34765837119
162.0 1.35601778187
163.0 1.36437671795
164.0 1.37273516413
165.0 1.38109310467
166.0 1.38945052343
167.0 1.39780740376
168.0 1.4061637286
169.0 1.4145194804
170.0 1.42287464112
171.0 1.43122919224
172.0 1.43958311473
173.0 1.44793638905
174.0 1.45628899514
175.0 1.46464091239
176.0 1.47299211964
177.0 1.4813425952
178.0 1.48969231677
179.0 1.49804126148
180.0 1.50638940587
181.0 1.51473672588
182.0 1.5230831968
183.0 1.53142879331
184.0 1.53977348944
185.0 1.54811725855
186.0 1.55646007334
187.0 1.56480190582
188.0 1.57314272731
189.0 1.58148250839
190.0 1.58982121895
191.0 1.59815882812
192.0 1.60649530427
193.0 1.61483061503
194.0 1.62316472721
195.0 1.63149760686
196.0 1.6398292192
197.0 1.64815952862
198.0 1.65648849868
199.0 1.66481609209
200.0 1.67314227069
201.0 1.68146699542
202.0 1.68979022633
203.0 1.69811192256
204.0 1.70643204231
205.0 1.71475054285
206.0 1.72306738048
207.0 1.73138251052
208.0 1.7396958873
209.0 1.74800746415
210.0 1.75631719337
211.0 1.76462502621
212.0 1.7729309129
213.0 1.78123480256
214.0 1.78953664326
215.0 1.79783638192
216.0 1.8061339644
217.0 1.81442933538
218.0 1.8227224384
219.0 1.83101321586
220.0 1.83930160894
221.0 1.84758755765
222.0 1.85587100078
223.0 1.86415187588
224.0 1.87243011926
225.0 1.88070566597
226.0 1.88897844979
227.0 1.89724840319
228.0 1.90551545735
229.0 1.91377954212
230.0 1.92204058601
231.0 1.93029851617
232.0 1.93855325839
233.0 1.94680473707
234.0 1.95505287522
235.0 1.96329759442
236.0 1.97153881484
237.0 1.97977645519
238.0 1.98801043273
239.0 1.99624066326
240.0 2.00446706108
241.0 2.01268953899
242.0 2.0209080083
243.0 2.02912237876
244.0 2.03733255862
245.0 2.04553845455
246.0 2.05373997168
247.0 2.06193701355
248.0 2.07012948212
249.0 2.07831727775
250.0 2.0865002992
251.0 2.09467844359
252.0 2.10285160644
253.0 2.11101968161
254.0 2.11918256131
255.0 2.1273401361
256.0 2.13549229488
257.0 2.14363892485
258.0 2.15177991156
259.0 2.15991513883
260.0 2.16804448882
261.0 2.17616784197
262.0 2.18428507701
263.0 2.19239607096
264.0 2.2005006991
265.0 2.20859883501
266.0 2.21669035054
267.0 2.22477511579
268.0 2.23285299914
269.0 2.24092386724
270.0 2.24898758499
271.0 2.25704401555
272.0 2.26509302035
273.0 2.27313445908
274.0 2.2811681897
275.0 2.28919406842
276.0 2.29721194972
277.0 2.30522168638
278.0 2.31322312941
279.0 2.32121612813
280.0 2.32920053015
281.0 2.33717618134
282.0 2.34514292591
283.0 2.35310060635
284.0 2.36104906346
285.0 2.3689881364
286.0 2.37691766262
287.0 2.38483747796
288.0 2.39274741659
289.0 2.40064731106
290.0 2.40853699232
291.0 2.41641628969
292.0 2.42428503094
293.0 2.43214304225
294.0 2.43999014825
295.0 2.44782617206
296.0 2.45565093526
297.0 2.46346425796
298.0 2.4712659588
299.0 2.47905585495
300.0 2.48683376217
301.0 2.49459949483
302.0 2.5023528659
303.0 2.51009368702
304.0 2.5178217685
305.0 2.52553691936
306.0 2.53323894735
307.0 2.54092765899
308.0 2.5486028596
309.0 2.55626435332
310.0 2.56391194317
311.0 2.57154543104
312.0 2.57916461778
313.0 2.5867693032
314.0 2.5943592861
315.0 2.60193436436
316.0 2.60949433491
317.0 2.61703899382
318.0 2.62456813633
319.0 2.63208155689
320.0 2.63957904921
321.0 2.64706040627
322.0 2.65452542043
323.0 2.66197388341
324.0 2.66940558641
325.0 2.67682032007
326.0 2.6842178746
327.0 2.69159803979
328.0 2.69896060508
329.0 2.70630535957
330.0 2.71363209216
331.0 2.7209405915
332.0 2.72823064614
333.0 2.73550204452
334.0 2.74275457507
335.0 2.74998802622
335.5 2.75359753094
336.0 2.75720218653
336.5 2.76080196658
337.0 2.76439684468
337.5 2.76798679448
338.0 2.77157178959
338.5 2.77515180368
339.0 2.77872681042
339.5 2.78229678352
340.0 2.7858616967
340.5 2.78942152371
341.0 2.79297623834
341.5 2.79652581439
342.0 2.80007022572
342.5 2.8036094462
343.0 2.80714344975
343.5 2.81067221034
344.0 2.81419570195
344.5 2.81771389864
345.0 2.82122677448
345.5 2.82473430363
346.0 2.82823646026
346.5 2.83173321861
347.0 2.83522455297
347.5 2.8387104377
348.0 2.8421908472
348.5 2.84566575594
349.0 2.84913513846
349.5 2.85259896934
350.0 2.85605722325
350.5 2.85950987493
351.0 2.86295689919
351.5 2.86639827089
352.0 2.869833965
352.5 2.87326395656
353.0 2.87668822067
353.5 2.88010673255
354.0 2.88351946746
354.5 2.8869264008
355.0 2.890327508
355.5 2.89372276465
356.0 2.89711214637
356.5 2.90049562892
357.0 2.90387318815
357.5 2.9072448
358.0 2.91061044052
358.5 2.91397008587
359.0 2.91732371232
359.5 2.92067129625
360.0 2.92401281414
360.5 2.92734824261
361.0 2.93067755838
361.5 2.93400073829
362.0 2.93731775931
362.5 2.94062859855
363.0 2.94393323321
363.5 2.94723164065
364.0 2.95052379836
364.5 2.95380968395
365.0 2.95708927518
365.5 2.96036254994
366.0 2.96362948628
366.5 2.96689006237
367.0 2.97014425654
367.5 2.97339204728
368.0 2.97663341321
368.5 2.97986833311
369.0 2.98309678593
369.5 2.98631875077
370.0 2.98953420688
370.5 2.99274313369
371.0 2.99594551078
371.5 2.99914131793
372.0 3.00233053505
372.5 3.00551314225
373.0 3.0086891198
373.5 3.01185844817
374.0 3.01502110798
374.5 3.01817708006
375.0 3.02132634541
375.5 3.02446888523
376.0 3.02760468088
376.5 3.03073371396
377.0 3.03385596622
377.5 3.03697141963
378.0 3.04008005636
378.5 3.04318185876
379.0 3.04627680942
379.5 3.04936489111
380.0 3.05244608681
380.5 3.05552037971
381.0 3.05858775323
381.5 3.061648191
382.0 3.06470167685
382.5 3.06774819484
383.0 3.07078772927
383.5 3.07382026464
384.0 3.07684578569
384.5 3.07986427738
385.0 3.08287572491
385.5 3.08588011372
386.0 3.08887742946
386.5 3.09186765805
387.0 3.09485078563
387.5 3.09782679859
388.0 3.10079568356
388.5 3.10375742741
389.0 3.10671201728
389.5 3.10965944055
390.0 3.11259968485
390.5 3.11553273807
391.0 3.11845858835
391.5 3.12137722409
392.0 3.12428863397
392.5 3.12719280691
393.0 3.13008973211
393.5 3.13297939904
394.0 3.13586179742
394.5 3.13873691726
395.0 3.14160474884
395.5 3.14446528271
396.0 3.14731850971
396.5 3.15016442095
397.0 3.15300300782
397.5 3.15583426199
398.0 3.15865817543
398.5 3.16147474039
399.0 3.1642839494
399.5 3.16708579529
400.0 3.16988027118
400.5 3.17266737049
401.0 3.17544708693
401.5 3.1782194145
402.0 3.18098434751
402.5 3.18374188058
403.0 3.18649200862
403.5 3.18923472683
404.0 3.19197003075
404.5 3.19469791621
405.0 3.19741837934
405.5 3.2001314166
406.0 3.20283702475
406.5 3.20553520086
407.0 3.20822594233
407.5 3.21090924688
408.0 3.21358511252
408.5 3.2162535376
409.0 3.2189145208
409.5 3.22156806111
410.0 3.22421415784
410.5 3.22685281063
411.0 3.22948401945
411.5 3.2321077846
412.0 3.2347241067
412.5 3.2373329867
413.0 3.2399344259
413.5 3.24252842591
414.0 3.24511498868
414.5 3.2476941165
415.0 3.250265812
415.5 3.25283007814
416.0 3.25538691821
416.5 3.25793633585
417.0 3.26047833505
417.5 3.26301292012
418.0 3.26554009572
418.5 3.26805986686
419.0 3.27057223888
419.5 3.27307721748
420.0 3.2755748087
420.5 3.27806501891
421.0 3.28054785486
421.5 3.28302332361
422.0 3.28549143259
422.5 3.28795218958
423.0 3.29040560271
423.5 3.29285168045
424.0 3.29529043162
424.5 3.2977218654
425.0 3.30014599132
425.5 3.30256281926
426.0 3.30497235946
426.5 3.30737462249
427.0 3.3097696193
427.5 3.31215736118
428.0 3.31453785978
428.5 3.3169111271
429.0 3.31927717549
429.5 3.32163601766
430.0 3.32398766668
430.5 3.32633213598
431.0 3.32866943931
431.5 3.33099959082
432.0 3.33332260498
432.5 3.33563849665
433.0 3.33794728101
433.5 3.34024897361
434.0 3.34254359036
434.5 3.34483114752
435.0 3.3471116617
435.5 3.34938514988
436.0 3.35165162937
436.5 3.35391111785
437.0 3.35616363336
437.5 3.35840919428
438.0 3.36064781935
438.5 3.36287952765
439.0 3.36510433863
439.5 3.36732227207
440.0 3.36953334813
440.5 3.3717375873
441.0 3.37393501043
441.5 3.3761256387
442.0 3.37830949366
442.5 3.3804865972
443.0 3.38265697157
443.5 3.38482063933
444.0 3.38697762343
444.5 3.38912794714
445.0 3.39127163407
445.5 3.3934087082
446.0 3.39553919381
446.5 3.39766311557
447.0 3.39978049845
447.5 3.40189136778
448.0 3.40399574923
448.5 3.40609366878
449.0 3.40818515278
449.5 3.41027022791
450.0 3.41234892115
450.5 3.41442125986
451.0 3.41648727168
451.5 3.41854698463
452.0 3.42060042703
452.5 3.42264762753
453.0 3.4246886151
453.5 3.42672341905
454.0 3.42875206899
454.5 3.43077459489
455.0 3.43279102699
455.5 3.43480139588
456.0 3.43680573245
456.5 3.43880406793
457.0 3.44079643383
457.5 3.442782862
458.0 3.44476338457
458.5 3.446738034
459.0 3.44870684305
459.5 3.45066984477
460.0 3.45262707254
460.5 3.45457856002
461.0 3.45652434116
461.5 3.45846445023
462.0 3.46039892178
462.5 3.46232779065
463.0 3.46425109198
463.5 3.46616886117
464.0 3.46808113395
464.5 3.46998794629
465.0 3.47188933446
465.5 3.47378533502
466.0 3.47567598479
466.5 3.47756132085
467.0 3.4794413806
467.5 3.48131620165
468.0 3.48318582191
468.5 3.48505027955
469.0 3.48690961301
469.5 3.48876386096
470.0 3.49061306235
470.5 3.49245725638
471.0 3.49429648249
471.5 3.49613078039
472.0 3.49796019
472.5 3.49978475153
473.0 3.50160450538
473.5 3.50341949222
474.0 3.50522975293
474.5 3.50703532865
475.0 3.50883626073
475.5 3.51063259073
476.0 3.51242436046
476.5 3.51421161194
477.0 3.51599438738
477.5 3.51777272925
478.0 3.51954668017
478.5 3.52131628302
479.0 3.52308158085
479.5 3.52484261692
480.0 3.52659943467
480.5 3.52835207775
481.0 3.53010058999
481.5 3.53184501541
482.0 3.53358542831
482.5 3.53532181479
483.0 3.53705425113
483.5 3.5387827821
484.0 3.54050745264
484.5 3.54222830788
485.0 3.54394539314
485.5 3.54565875392
486.0 3.54736843587
486.5 3.54907448482
487.0 3.5507769468
487.5 3.55247586794
488.0 3.55417129459
488.5 3.55586327321
489.0 3.55755185043
489.5 3.55923707305
490.0 3.56091898796
491.0 3.56427308312
492.0 3.56761451403
493.0 3.57094366091
494.0 3.57426090593
495.0 3.57756663313
496.0 3.58086122827
497.0 3.58414507872
498.0 3.58741857335
499.0 3.59068210242
500.0 3.59393605748
501.0 3.59718083119
502.0 3.60041681727
503.0 3.60364441038
504.0 3.60686400594
505.0 3.61007600009
506.0 3.61328078955
507.0 3.61647877146
508.0 3.61967034335
509.0 3.62285590294
510.0 3.62603584807
511.0 3.6292105766
512.0 3.63238048623
513.0 3.63554597447
514.0 3.63870743846
515.0 3.64186527489
516.0 3.64501987986
517.0 3.64817164882
518.0 3.6513209764
519.0 3.65446825632
520.0 3.6576138813
521.0 3.6607582429
522.0 3.66390173149
523.0 3.66704473604
524.0 3.67018764412
525.0 3.67333084169
526.0 3.67647471309
527.0 3.67961964085
528.0 3.68276600565
529.0 3.68591418619
530.0 3.68906455907
531.0 3.69221749874
532.0 3.69537337736
533.0 3.6985325647
534.0 3.70169542806
535.0 3.70486233219
536.0 3.70803363916
537.0 3.71120970828
538.0 3.71439089602
539.0 3.71757755591
540.0 3.72077003844
541.0 3.72396869102
542.0 3.72717385782
543.0 3.73038587975
544.0 3.73360509436
545.0 3.73683183574
546.0 3.74006643447
547.0 3.74330921752
548.0 3.74656050817
549.0 3.74982062598
550.0 3.75308988667
551.0 3.75636860207
552.0 3.75965708006
553.0 3.76295562448
554.0 3.76626453509
555.0 3.76958410749
556.0 3.77291463309
557.0 3.776256399
558.0 3.77960968802
559.0 3.78297477856
560.0 3.78635194461
561.0 3.78974145566
562.0 3.79314357668
563.0 3.79655856805
564.0 3.79998668555
565.0 3.80342818026
566.0 3.80688329858
567.0 3.81035228217
568.0 3.81383536788
569.0 3.81733278779
570.0 3.82084476911
571.0 3.82437153418
572.0 3.82791330042
573.0 3.83147028037
574.0 3.83504268157
575.0 3.83863070662
576.0 3.8422345531
577.0 3.84585441362
578.0 3.84949047573
579.0 3.85314292195
580.0 3.85681192978
581.0 3.86049767163
582.0 3.86420031486
583.0 3.86792002176
584.0 3.87165694954
585.0 3.87541125036
586.0 3.87918307128
587.0 3.8829725543
588.0 3.88677983636
589.0 3.89060504935
590.0 3.89444832009
591.0 3.89830977037
592.0 3.90218951696
593.0 3.90608767161
594.0 3.91000434108
595.0 3.91393962713