0.0 0.0
30.0 0.196929
35.0 0.229750499999
40.0 0.262571999999
45.0 0.295393499999
50.0 0.328214999998
55.0 0.361036499997
60.0 0.393857999996
65.0 0.426679499994
70.0 0.459500999991
75.0 0.492322499987
80.0 0.525143999982
85.0 0.557965499975
90.0 0.590786999965
95.0 0.623608499952
100.0 0.656429999934
105.0 0.689251499909
110.0 0.722072999876
115.0 0.754894499831
120.0 0.787715999771
125.0 0.82053749969
130.0 0.853358999582
135.0 0.886180499439
140.0 0.919001999248
145.0 0.951823498997
150.0 0.984644998666
155.0 1.01746649823
160.0 1.05028799766
165.0 1.08310949691
170.0 1.11593099594
175.0 1.14875249467
180.0 1.18157399303
185.0 1.21439549091
190.0 1.24721698816
195.0 1.28003848463
200.0 1.3128599801
205.0 1.34568147429
210.0 1.37850296687
215.0 1.41132445741
220.0 1.44414594538
225.0 1.47696743011
230.0 1.50978891078
235.0 1.54261038637
240.0 1.57543185561
245.0 1.60825331693
250.0 1.64107476842
255.0 1.67389620771
260.0 1.70671763189
265.0 1.73953903742
270.0 1.77236041998
275.0 1.80518177429
280.0 1.83800309396
285.0 1.87082437124
290.0 1.90364559677
295.0 1.93646675923
300.0 1.96928784505
305.0 2.00210883789
310.0 2.03492971823
315.0 2.06775046271
320.0 2.10057104349
325.0 2.13339142748
330.0 2.1662115754
335.0 2.19903144074
340.0 2.23185096859
345.0 2.26467009424
350.0 2.29748874161
355.0 2.33030682149
360.0 2.36312422946
365.0 2.39594084364
370.0 2.42875652209
375.0 2.46157109984
380.0 2.49438438569
385.0 2.52719615848
390.0 2.56000616304
395.0 2.59281410566
400.0 2.62561964903
405.0 2.65842240671
410.0 2.69122193703
415.0 2.72401773639
420.0 2.75680923195
425.0 2.78959577368
430.0 2.82237662574
435.0 2.85515095715
440.0 2.88791783181
445.0 2.92067619776
450.0 2.95342487573
455.0 2.98616254703
460.0 3.01888774075
465.0 3.05159882023
470.0 3.08429396904
475.0 3.11697117634
480.0 3.14962822173
485.0 3.18226265978
487.5 3.19857057143
490.0 3.2148718042
492.5 3.23116598205
495.0 3.2474527119
497.5 3.26373158309
500.0 3.28000216693
502.5 3.29626401621
505.0 3.31251666468
507.5 3.32875962659
510.0 3.34499239623
512.5 3.36121444747
515.0 3.37742523332
517.5 3.3936241855
520.0 3.409810714
522.5 3.42598420676
525.0 3.44214402921
527.5 3.45828952397
530.0 3.47442001054
532.5 3.49053478494
535.0 3.50663311951
537.5 3.52271426263
540.0 3.53877743854
542.5 3.55482184715
545.0 3.57084666394
547.5 3.58685103984
550.0 3.60283410121
552.5 3.61879494985
555.0 3.634732663
557.5 3.65064629349
560.0 3.66653486989
562.5 3.68239739665
565.0 3.69823285447
567.5 3.7140402005
568.75 3.72193299939
570.0 3.72981836883
571.25 3.73769617204
572.5 3.74556627086
573.75 3.75342852576
575.0 3.76128279586
576.25 3.76912893894
577.5 3.7769668115
578.75 3.78479626872
580.0 3.79261716454
581.25 3.80042935164
582.5 3.80823268149
583.75 3.8160270044
585.0 3.82381216947
586.25 3.83158802469
587.5 3.83935441697
588.75 3.8471111921
590.0 3.85485819486
591.25 3.86259526901
592.5 3.87032225735
593.75 3.87803900174
595.0 3.88574534311
596.25 3.89344112157
597.5 3.90112617636
598.75 3.90880034598
600.0 3.91646346816
601.25 3.92411537993
602.5 3.93175591767
603.75 3.93938491715
605.0 3.94700221357
606.25 3.95460764161
607.5 3.96220103549
608.75 3.96978222899
610.0 3.97735105554
611.25 3.98490734825
612.5 3.99245093995
613.75 3.99998166327
615.0 4.00749935069
616.25 4.01500383458
617.5 4.02249494727
618.75 4.02997252111
620.0 4.03743638853
621.25 4.04488638208
622.5 4.05232233454
623.75 4.05974407892
625.0 4.06715144857
626.25 4.07454427722
627.5 4.08192239907
628.75 4.08928564882
630.0 4.09663386177
631.25 4.10396687388
632.5 4.11128452183
633.75 4.11858664308
635.0 4.125873076
636.25 4.13314365984
637.5 4.1403982349
638.75 4.14763664254
640.0 4.15485872528
641.25 4.16206432688
642.5 4.16925329239
643.75 4.17642546823
645.0 4.18358070231
646.25 4.19071884402
647.5 4.19783974439
648.75 4.20494325613
650.0 4.2120292337
651.25 4.21909753341
652.5 4.22614801348
653.75 4.23318053411
655.0 4.2401949576
656.25 4.24719114838
657.5 4.25416897312
658.75 4.2611283008
660.0 4.26806900276
661.25 4.27499095284
662.5 4.28189402741
663.75 4.28877810545
665.0 4.29564306865
666.25 4.30248880149
667.5 4.30931519128
668.75 4.31612212828
670.0 4.32290950575
671.25 4.32967722004
672.5 4.33642517066
673.75 4.34315326037
675.0 4.3498613952
676.25 4.35654948462
677.5 4.36321744153
678.75 4.36986518236
680.0 4.37649262714
681.25 4.3830996996
682.5 4.3896863272
683.75 4.39625244119
685.0 4.40279797674
686.25 4.40932287295
687.5 4.41582707294
688.75 4.42231052389
690.0 4.42877317716
691.25 4.43521498827
692.5 4.44163591705
693.75 4.44803592763
695.0 4.45441498851
696.25 4.46077307267
697.5 4.46711015754
698.75 4.47342622514
700.0 4.47972126205
701.25 4.48599525952
702.5 4.4922482135
703.75 4.49848012469
705.0 4.50469099855
706.25 4.5108808454
707.5 4.51704968043
708.75 4.52319752373
710.0 4.52932440035
711.25 4.53543034031
712.5 4.54151537865
713.75 4.54757955548
715.0 4.55362291596
716.25 4.55964551037
717.5 4.56564739408
718.75 4.57162862767
720.0 4.57758927682
721.25 4.58352941246
722.5 4.58944911067
723.75 4.59534845276
725.0 4.60122752528
726.25 4.60708641999
727.5 4.61292523388
728.75 4.61874406921
730.0 4.62454303345
731.25 4.63032223931
732.5 4.63608180475
733.75 4.64182185295
735.0 4.64754251229
736.25 4.65324391636
737.5 4.65892620396
738.75 4.66458951902
740.0 4.67023401066
741.25 4.6758598331
742.5 4.68146714568
743.75 4.6870561128
745.0 4.69262690391
746.25 4.69817969348
747.5 4.70371466095
748.75 4.70923199069
750.0 4.71473187196
751.25 4.7202144989
752.5 4.72568007043
753.75 4.73112879024
755.0 4.73656086672
756.25 4.74197651292
757.5 4.74737594648
758.75 4.75275938959
760.0 4.7581270689
761.25 4.76347921547
762.5 4.76881606473
763.75 4.77413785638
765.0 4.7794448343
766.25 4.78473724653
767.5 4.79001534517
768.75 4.79527938627
770.0 4.8005296298
771.25 4.80576633953
772.5 4.81098978297
773.75 4.81620023127
775.0 4.8213979591
776.25 4.82658324462
777.5 4.83175636933
778.75 4.83691761799
780.0 4.84206727853
781.25 4.84720564193
782.5 4.85233300213
783.75 4.85744965588
785.0 4.86255590271
786.25 4.86765204472
787.5 4.87273838653
788.75 4.87781523514
790.0 4.8828828998
791.25 4.88794169189
792.5 4.89299194523
793.75 4.89803394654
795.0 4.90306803256
796.25 4.90809452265
797.5 4.91311373802
798.75 4.91812600156
800.0 4.92313163772
802.5 4.93312433279
805.0 4.94309444528
807.5 4.95304461402
810.0 4.96297749063