0.0 0.0
30.0 0.0469655999998
35.0 0.0547931999997
40.0 0.0626207999996
45.0 0.0704483999993
50.0 0.078275999999
55.0 0.0861035999985
60.0 0.0939311999978
65.0 0.101758799997
70.0 0.109586399995
75.0 0.117413999993
80.0 0.12524159999
85.0 0.133069199987
90.0 0.140896799981
95.0 0.148724399973
100.0 0.156551999963
105.0 0.164379599949
110.0 0.172207199929
115.0 0.180034799903
120.0 0.187862399867
125.0 0.195689999818
130.0 0.203517599752
135.0 0.211345199665
140.0 0.219172799547
145.0 0.227000399391
150.0 0.234827999183
155.0 0.242655598908
160.0 0.250483198545
165.0 0.258310798068
170.0 0.26613839744
175.0 0.27396599662
180.0 0.281793595548
185.0 0.289621194154
190.0 0.297448792345
195.0 0.305276390003
200.0 0.313103986981
205.0 0.32093158309
210.0 0.328759178094
215.0 0.336586771697
220.0 0.344414363527
225.0 0.352241953119
230.0 0.360069539894
235.0 0.367897123132
240.0 0.375724701942
245.0 0.383552275221
250.0 0.39137984161
255.0 0.399207399436
260.0 0.407034946648
265.0 0.41486248074
270.0 0.422689998648
275.0 0.430517496651
280.0 0.438344970226
285.0 0.446172413903
290.0 0.453999821075
295.0 0.461827183787
300.0 0.469654492482
305.0 0.477481735716
310.0 0.485308899811
315.0 0.49313596847
320.0 0.500962922321
325.0 0.508789738402
330.0 0.51661638956
335.0 0.524442843777
340.0 0.532269063394
345.0 0.540095004234
350.0 0.547920614611
355.0 0.55574583421
360.0 0.563570592841
365.0 0.571394809029
370.0 0.579218388455
375.0 0.587041222227
380.0 0.594863184955
385.0 0.60268413265
390.0 0.610503900402
395.0 0.618322299857
400.0 0.626139116468
405.0 0.633954106519
410.0 0.641766993919
415.0 0.649577466768
420.0 0.657385173687
425.0 0.665189719929
430.0 0.672990663276
435.0 0.680787509729
440.0 0.688579709023
442.5 0.692473877501
445.0 0.696366649979
447.5 0.700257939759
450.0 0.704147655734
452.5 0.708035702235
455.0 0.711921978876
457.5 0.715806380401
460.0 0.71968879653
462.5 0.723569111806
465.0 0.727447205446
467.5 0.731322951188
470.0 0.735196217146
472.5 0.739066865668
475.0 0.74293475319
477.5 0.746799730105
480.0 0.750661640628
482.5 0.754520322674
485.0 0.758375607732
487.5 0.762227320756
490.0 0.76607528006
492.5 0.769919297218
495.0 0.773759176977
497.5 0.777594717179
500.0 0.781425708692
502.5 0.785251935357
505.0 0.789073173938
507.5 0.792889194098
510.0 0.796699758374
512.5 0.800504622183
515.0 0.804303533824
516.25 0.80620067699
517.5 0.808096234519
518.75 0.809990172967
520.0 0.811882458449
521.25 0.813773056651
522.5 0.815661932824
523.75 0.817549051793
525.0 0.81943437796
526.25 0.821317875304
527.5 0.823199507387
528.75 0.825079237359
530.0 0.826957027963
531.25 0.828832841537
532.5 0.830706640022
533.75 0.832578384967
535.0 0.834448037534
536.25 0.836315558506
537.5 0.838180908292
538.75 0.840044046934
540.0 0.841904934116
541.25 0.843763529171
542.5 0.845619791087
543.75 0.84747367852
545.0 0.849325149799
546.25 0.851174162935
547.5 0.853020675635
548.75 0.854864645306
550.0 0.85670602907
551.25 0.858544783773
552.5 0.860380865996
553.75 0.862214232066
555.0 0.864044838071
556.25 0.865872639867
557.5 0.867697593096
558.75 0.869519653194
560.0 0.871338775411
561.25 0.873154914817
562.5 0.874968026323
563.75 0.87677806469
565.0 0.878584984549
566.25 0.880388740413
567.5 0.882189286695
568.75 0.883986577721
570.0 0.885780567749
571.25 0.887571210984
572.5 0.8893584616
573.75 0.891142273749
575.0 0.892922601587
576.25 0.894699399287
577.5 0.89647262106
578.75 0.898242221174
580.0 0.900008153971
581.25 0.90177037389
582.5 0.903528835483
583.75 0.905283493439
585.0 0.907034302601
586.25 0.908781217987
587.5 0.910524194816
588.75 0.912263188521
590.0 0.913998154779
591.25 0.915729049525
592.5 0.917455828982
593.75 0.919178449674
595.0 0.920896868459
596.25 0.922611042541
597.5 0.924320929501
598.75 0.926026487316
600.0 0.927727674385
601.25 0.929424449547
602.5 0.931116772111
603.75 0.932804601876
605.0 0.934487899155
606.25 0.9361666248
607.5 0.937840740225
608.75 0.939510207429
610.0 0.941174989023
611.25 0.942835048251
612.5 0.944490349017
613.75 0.946140855905
615.0 0.947786534209
616.25 0.949427349952
617.5 0.951063269911
618.75 0.952694261642
620.0 0.954320293507
621.25 0.95594133469
622.5 0.957557355227
623.75 0.95916832603
625.0 0.960774218905
626.25 0.96237500658
627.5 0.963970662726
628.75 0.965561161982
630.0 0.967146479975
631.25 0.968726593344
632.5 0.97030147976
633.75 0.971871117953
635.0 0.973435487729
636.25 0.97499456999
637.5 0.976548346762
638.75 0.978096801208
640.0 0.979639917652
641.25 0.981177681601
642.5 0.982710079757
643.75 0.984237100046
645.0 0.985758731627
646.25 0.987274964919
647.5 0.988785791611
648.75 0.990291204684
650.0 0.991791198427
651.25 0.993285768451
652.5 0.994774911707
653.75 0.996258626501
655.0 0.997736912505
656.25 0.999209770777
657.5 1.00067720377
658.75 1.00213921534
660.0 1.00359581078
661.25 1.00504699679
662.5 1.00649278154
663.75 1.00793317463
665.0 1.00936818713
666.25 1.0107978316
667.5 1.01222212205
668.75 1.01364107399
670.0 1.01505470442
671.25 1.01646303185
672.5 1.01786607627
673.75 1.01926385921
675.0 1.02065640367
676.25 1.0220437342
677.5 1.02342587686
678.75 1.0248028592
680.0 1.02617471033
681.25 1.02754146083
682.5 1.02890314284
683.75 1.03025978998
685.0 1.0316114374
686.25 1.03295812174
687.5 1.03429988116
688.75 1.03563675529
690.0 1.03696878529
691.25 1.03829601375
692.5 1.03961848479
693.75 1.04093624394
695.0 1.04224933824
696.25 1.04355781613
697.5 1.04486172751
698.75 1.04616112369
700.0 1.04745605739
701.25 1.04874658273
702.5 1.0500327552
703.75 1.05131463166
705.0 1.05259227032
706.25 1.05386573071
707.5 1.05513507367
708.75 1.05640036136
710.0 1.05766165717
711.25 1.05891902579
712.5 1.06017253309
713.75 1.06142224619
715.0 1.06266823338
716.25 1.06391056412
717.5 1.06514930898
718.75 1.06638453968
720.0 1.067616329
721.25 1.06884475079
722.5 1.07006987993
723.75 1.0712917923
725.0 1.07251056476
726.25 1.0737262751
727.5 1.07493900204
728.75 1.07614882516
730.0 1.0773558249
731.25 1.07856008251
732.5 1.07976168003
733.75 1.08096070023
735.0 1.08215722659
736.25 1.08335134326
737.5 1.08454313503
738.75 1.08573269185
740.0 1.08692009338
741.25 1.08810543074
742.5 1.08928879107
743.75 1.09047026202
745.0 1.09164993175
746.25 1.09282788886
747.5 1.09400422237
748.75 1.09517902166
750.0 1.09635237647
752.5 1.09869511298
755.0 1.1010331549
757.5 1.10336722813
760.0 1.10569806021
762.5 1.10802637912
765.0 1.11035291206
770.0 1.11500351786
775.0 1.11965563487
777.5 1.1219840364
780.0 1.12431493327
782.5 1.12664901477
785.0 1.12898696039
787.5 1.13132943875
790.0 1.13367710665
791.25 1.13485308844
792.5 1.13603060806
793.75 1.13720974385
795.0 1.13839057324
796.25 1.13957317272
797.5 1.14075761782
798.75 1.14194398307
800.0 1.14313234199
801.25 1.14432276705
802.5 1.14551532966
803.75 1.14671010015
805.0 1.14790714773
806.25 1.14910654048
807.5 1.15030834535
808.75 1.15151262808
810.0 1.15271945325