0.0 0.0
30.0 0.0901266915563
30.3125 0.0910572032308
30.625 0.0919879727977
30.9375 0.0929189871353
31.25 0.0938502339127
31.5625 0.0947817015351
31.875 0.0957133790929
32.5 0.0975773235255
33.125 0.0994419919521
33.75 0.101307317438
34.375 0.10317324032
35.0 0.105039707302
35.625 0.106906670679
36.25 0.108774087666
36.875 0.110641919814
37.5 0.11251013251
38.125 0.11437869454
38.75 0.116247577701
39.375 0.118116756474
40.0 0.119986207727
41.25 0.123725845588
42.5 0.127466345012
43.75 0.131207584419
45.0 0.134949462196
46.25 0.138691892986
47.5 0.142434804732
48.75 0.14617813633
50.0 0.149921835735
52.5 0.157410166211
55.0 0.164899509698
57.5 0.172389652115
60.0 0.179880431321
62.5 0.18737172301
65.0 0.194863430812
70.0 0.209847808624
75.0 0.224833129096
80.0 0.239819111339
85.0 0.254805568733
90.0 0.269792373977
95.0 0.284779438176
100.0 0.299766697928
105.0 0.314754107122
110.0 0.329741631613
115.0 0.344729245665
120.0 0.359716929546
125.0 0.374704667853
130.0 0.38969244834
135.0 0.404680261069
140.0 0.419668097792
145.0 0.434655951498
150.0 0.449643816057
155.0 0.464631685951
160.0 0.479619556064
165.0 0.4946074215
170.0 0.509595277438
175.0 0.524583119002
180.0 0.539570941147
185.0 0.554558738546
190.0 0.569546505489
195.0 0.584534235776
200.0 0.599521922612
205.0 0.614509558496
210.0 0.629497135105
215.0 0.64448464317
220.0 0.65947207234
225.0 0.674459411035
230.0 0.689446646291
235.0 0.704433763582
240.0 0.719420746631
245.0 0.734407577202
250.0 0.749394234866
255.0 0.764380696754
260.0 0.779366937277
265.0 0.79435292782
270.0 0.809338636411
275.0 0.824324027358
280.0 0.83930906084
285.0 0.854293692478
290.0 0.869277872848
295.0 0.884261546963
300.0 0.899244653696
305.0 0.914227125163
310.0 0.929208886041
315.0 0.944189852829
320.0 0.959169933049
325.0 0.974149024374
330.0 0.989127013685
335.0 1.00410377605
340.0 1.01907917361
345.0 1.03405305441
350.0 1.04902525106
355.0 1.0639955794
360.0 1.07896383697
365.0 1.09392980142
370.0 1.10889322875
375.0 1.12385385148
380.0 1.13881137667
385.0 1.15376548374
390.0 1.16871582227
395.0 1.1836620095
400.0 1.19860362779
405.0 1.21354022182
410.0 1.22847129566
415.0 1.24339630971
420.0 1.25831467729
425.0 1.27322576122
430.0 1.28812887006
435.0 1.30302325423
440.0 1.31790810182
442.5 1.32534667758
445.0 1.33278253428
447.5 1.34021555095
450.0 1.34764560183
452.5 1.35507255629
455.0 1.36249627861
457.5 1.36991662784
460.0 1.37733345764
462.5 1.38474661609
465.0 1.39215594555
467.5 1.39956128241
470.0 1.40696245699
472.5 1.41435929332
475.0 1.42175160892
477.5 1.42913921465
480.0 1.43652191449
482.5 1.44389950536
485.0 1.45127177686
487.5 1.45863851113
490.0 1.46599948259
492.5 1.47335445774
495.0 1.48070319494
497.5 1.48804544418
500.0 1.49538094684
502.5 1.5027094355
505.0 1.51003063366
507.5 1.51734425551
510.0 1.52465000571
512.5 1.53194757914
515.0 1.53923666062
517.5 1.5465169247
520.0 1.55378803538
522.5 1.56104964585
525.0 1.56830139826
527.5 1.57554292341
530.0 1.58277384054
532.5 1.589993757
535.0 1.59720226804
537.5 1.6043989565
538.75 1.60799273343
540.0 1.61158339253
541.25 1.61517087803
542.5 1.61875513335
543.75 1.62233610108
545.0 1.62591372295
546.25 1.62948793985
547.5 1.6330586918
548.75 1.63662591795
550.0 1.64018955659
551.25 1.64374954509
552.5 1.64730581994
553.75 1.65085831673
555.0 1.65440697012
556.25 1.65795171386
557.5 1.66149248076
558.75 1.6650292027
560.0 1.6685618106
561.25 1.67209023441
562.5 1.67561440313
563.75 1.67913424479
565.0 1.68264968641
566.25 1.68616065404
567.5 1.6896670727
568.75 1.69316886644
570.0 1.69666595824
571.25 1.70015827008
572.5 1.70364572291
573.75 1.70712823661
575.0 1.71060573002
576.25 1.71407812091
577.5 1.71754532597
578.75 1.72100726083
580.0 1.72446384001
581.25 1.72791497695
582.5 1.73136058396
583.75 1.73480057226
585.0 1.73823485193
586.25 1.74166333192
587.5 1.74508592005
588.75 1.74850252298
590.0 1.75191304623
591.25 1.75531739413
592.5 1.75871546986
593.75 1.76210717542
595.0 1.7654924116
596.25 1.76887107801
597.5 1.77224307306
598.75 1.77560829395
600.0 1.77896663664
601.25 1.78231799589
602.5 1.78566226521
603.75 1.78899933687
605.0 1.79232910189
606.25 1.79565145006
607.5 1.79896626987
608.75 1.80227344856
610.0 1.8055728721