200.0 0.140508700205
210.0 0.147585886994
220.0 0.154662077624
230.0 0.161737377693
240.0 0.168811877592
250.0 0.175885655224
260.0 0.182958778147
270.0 0.190031305285
280.0 0.197103288304
290.0 0.204174772726
300.0 0.211245798846
310.0 0.218316402478
320.0 0.22538661558
330.0 0.232456466778
340.0 0.239525981797
350.0 0.246595183831
360.0 0.253664093858
370.0 0.260732730903
380.0 0.267801112269
390.0 0.274869253729
400.0 0.281937169702
410.0 0.289004873392
420.0 0.296072376924
430.0 0.303139691449
440.0 0.310206827245
450.0 0.317273793802
460.0 0.324340599898
470.0 0.331407253667
480.0 0.338473762656
490.0 0.345540133881
500.0 0.352606373868
510.0 0.359672488704
520.0 0.366738484067
530.0 0.373804365262
540.0 0.380870137251
550.0 0.387935804684
560.0 0.395001371918
570.0 0.40206684304
580.0 0.409132221893
590.0 0.416197512088
600.0 0.423262717021
610.0 0.430327839892
620.0 0.437392883716
630.0 0.444457851337
640.0 0.451522745437
650.0 0.458587568549
660.0 0.465652323066
670.0 0.47271701125
680.0 0.479781635237
690.0 0.48684619705
700.0 0.493910698603
710.0 0.500975141706
720.0 0.508039528071
730.0 0.515103859322
740.0 0.522168136992
750.0 0.529232362537
760.0 0.536296537331
770.0 0.543360662675
780.0 0.550424739801
790.0 0.557488769873
800.0 0.564552753992
810.0 0.571616693197
820.0 0.578680588468
830.0 0.585744440732
840.0 0.592808250858
850.0 0.599872019666
860.0 0.606935747928
870.0 0.613999436363
880.0 0.621063085649
890.0 0.628126696417
900.0 0.635190269253
910.0 0.642253804704
920.0 0.649317303275
930.0 0.656380765429
940.0 0.663444191594
950.0 0.670507582157
960.0 0.67757093747
970.0 0.684634257846
980.0 0.691697543565
990.0 0.69876079487
1000.0 0.70582401197
1010.0 0.71288719504
1020.0 0.719950344221
1030.0 0.72701345962
1040.0 0.734076541311
1050.0 0.741139589336
1060.0 0.748202603702
1070.0 0.755265584387
1080.0 0.762328531332
1090.0 0.769391444448
1100.0 0.776454323612
1110.0 0.783517168671
1120.0 0.790579979435
1130.0 0.797642755685
1140.0 0.804705497166
1150.0 0.81176820359
1160.0 0.818830874638
1170.0 0.825893509954
1180.0 0.832956109148
1190.0 0.840018671796
1200.0 0.84708119744
1210.0 0.854143685585
1220.0 0.861206135699
1230.0 0.868268547216
1240.0 0.87533091953
1250.0 0.882393252
1260.0 0.889455543945
1270.0 0.896517794644
1280.0 0.903580003339
1290.0 0.91064216923
1300.0 0.917704291474
1310.0 0.92476636919
1320.0 0.931828401451
1330.0 0.938890387287
1340.0 0.945952325683
1350.0 0.953014215581
1360.0 0.960076055872
1370.0 0.967137845404
1380.0 0.974199582974
1390.0 0.981261267329
1400.0 0.988322897168
1410.0 0.995384471135
1420.0 1.00244598782
1430.0 1.00950744577
1440.0 1.01656884346
1450.0 1.02363017931
1460.0 1.0306914517
1470.0 1.03775265894
1480.0 1.04481379927
1490.0 1.05187487088
1500.0 1.05893587188
1510.0 1.06599680035
1520.0 1.07305765427
1530.0 1.08011843155
1540.0 1.08717913006
1550.0 1.09423974758
1560.0 1.1013002818
1570.0 1.10836073038
1580.0 1.11542109086
1590.0 1.12248136073
1600.0 1.12954153737
1610.0 1.13660161812
1620.0 1.14366160019
1630.0 1.15072148075
1640.0 1.15778125684
1650.0 1.16484092545
1660.0 1.17190048344
1670.0 1.17895992759
1680.0 1.18601925461
1690.0 1.19307846107
1700.0 1.20013754347
1710.0 1.2071964982
1720.0 1.21425532152
1730.0 1.22131400962
1740.0 1.22837255857
1750.0 1.2354309643
1760.0 1.24248922267
1770.0 1.24954732939
1780.0 1.25660528005
1790.0 1.26366307015
1800.0 1.27072069503
1810.0 1.27777814991
1820.0 1.28483542989
1830.0 1.29189252993
1840.0 1.29894944487
1850.0 1.30600616937
1860.0 1.313062698
1870.0 1.32011902514
1880.0 1.32717514506
1890.0 1.33423105186
1900.0 1.34128673947
1910.0 1.34834220171
1920.0 1.35539743218
1930.0 1.36245242437
1940.0 1.36950717158
1950.0 1.37656166694
1960.0 1.38361590341
1970.0 1.39066987376
1980.0 1.39772357062
1990.0 1.40477698638
2000.0 1.4118301133
2010.0 1.41888294341
2020.0 1.42593546855
2030.0 1.4329876804
2040.0 1.44003957039
2050.0 1.44709112977
2060.0 1.45414234958
2070.0 1.46119322065
2080.0 1.4682437336
2090.0 1.4752938788
2100.0 1.48234364643
2110.0 1.48939302644
2120.0 1.49644200852
2130.0 1.50349058216
2140.0 1.51053873659
2150.0 1.5175864608
2160.0 1.52463374355
2170.0 1.53168057332
2180.0 1.53872693835
2190.0 1.54577282662
2200.0 1.55281822586
2210.0 1.55986312351
2220.0 1.56690750675
2230.0 1.57395136248
2240.0 1.58099467732
2250.0 1.58803743762
2260.0 1.59507962942
2270.0 1.60212123847
2280.0 1.60916225025
2290.0 1.6162026499
2300.0 1.62324242228
2310.0 1.63028155193
2320.0 1.63732002309
2330.0 1.64435781967
2340.0 1.65139492525
2350.0 1.6584313231
2360.0 1.66546699615
2370.0 1.672501927
2380.0 1.67953609789
2390.0 1.68656949075
2400.0 1.69360208713
2410.0 1.70063386826
2420.0 1.70766481498
2430.0 1.71469490779
2440.0 1.72172412682
2450.0 1.72875245183
2460.0 1.73577986221
2470.0 1.74280633697
2480.0 1.74983185474
2490.0 1.75685639376
2500.0 1.76387993189
2510.0 1.77090244659
2520.0 1.77792391493
2530.0 1.78494431357
2540.0 1.79196361876
2550.0 1.79898180638
2560.0 1.80599885184
2570.0 1.81301473018
2580.0 1.820029416
2590.0 1.82704288349
2600.0 1.8340551064
2610.0 1.84106605806
2620.0 1.84807571137
2630.0 1.85508403879
2640.0 1.86209101235
2650.0 1.86909660361
2660.0 1.87610078373
2670.0 1.88310352339
2680.0 1.89010479284
2690.0 1.89710456186
2700.0 1.90410279979
2710.0 1.91109947552
2720.0 1.91809455745
2730.0 1.92508801357
2740.0 1.93207981136
2750.0 1.93906991786
2760.0 1.94605829965
2770.0 1.95304492283
2780.0 1.96002975303
2790.0 1.96701275544
2800.0 1.97399389474
2810.0 1.98097313517
2820.0 1.98795044049
2830.0 1.994925774
2840.0 2.00189909851
2850.0 2.00887037637
2860.0 2.01583956947
2870.0 2.02280663923
2880.0 2.02977154658
2890.0 2.03673425201
2900.0 2.04369471553
2910.0 2.05065289671
2920.0 2.05760875462
2930.0 2.0645622479
2940.0 2.07151333474
2950.0 2.07846197286
2960.0 2.08540811952
2970.0 2.09235173157
2980.0 2.09929276539
2990.0 2.10623117693
3000.0 2.11316692171
3010.0 2.12009995482
3020.0 2.12703023092
3030.0 2.13395770427
3040.0 2.1408823287
3050.0 2.14780405765
3060.0 2.15472284415
3070.0 2.16163864086
3080.0 2.16855140005
3090.0 2.17546107359
3100.0 2.18236761303
3110.0 2.18927096953
3120.0 2.19617109392
3130.0 2.20306793669
3140.0 2.209961448
3150.0 2.21685157772
3160.0 2.22373827538
3170.0 2.23062149024
3180.0 2.2375011713
3190.0 2.24437726726
3200.0 2.25124972659
3210.0 2.25811849754
3220.0 2.2649835281
3230.0 2.2718447661
3240.0 2.27870215914
3250.0 2.28555565468
3260.0 2.2924052
3270.0 2.29925074227
3280.0 2.30609222852
3290.0 2.31292960569
3300.0 2.31976282064
3310.0 2.32659182018
3320.0 2.33341655108
3330.0 2.34023696007
3340.0 2.34705299392
3350.0 2.35386459942
3360.0 2.36067172341
3370.0 2.3674743128
3380.0 2.37427231463
3390.0 2.38106567603
3400.0 2.38785434432
3410.0 2.39463826698
3420.0 2.40141739172
3430.0 2.40819166645
3440.0 2.41496103938
3450.0 2.421725459
3460.0 2.42848487413
3470.0 2.43523923393
3480.0 2.44198848797
3490.0 2.44873258621
3500.0 2.45547147908
3510.0 2.46220511746
3520.0 2.46893345279
3530.0 2.475656437
3540.0 2.48237402264
3550.0 2.48908616286
3560.0 2.49579281144
3570.0 2.50249392288
3580.0 2.50918945235
3590.0 2.51587935581
3600.0 2.52256358997
3610.0 2.52924211238
3620.0 2.53591488144
3630.0 2.54258185645
3640.0 2.54924299761
3650.0 2.55589826609
3660.0 2.56254762408
3670.0 2.56919103477
3680.0 2.57582846241
3690.0 2.58245987236
3700.0 2.58908523111
3710.0 2.59570450632
3720.0 2.60231766683
3730.0 2.60892468272
3740.0 2.61552552533
3750.0 2.62212016728
3760.0 2.62870858252
3770.0 2.63529074636
3780.0 2.64186663545
3790.0 2.64843622789
3800.0 2.65499950319
3810.0 2.6615564423
3820.0 2.66810702768
3830.0 2.67465124327
3840.0 2.68118907454
3850.0 2.68772050851
3860.0 2.69424553373
3870.0 2.70076414036
3880.0 2.70727632012
3890.0 2.71378206637
3900.0 2.72028137406
3910.0 2.72677423975
3920.0 2.73326066165
3930.0 2.73974063962
3940.0 2.74621417511
3950.0 2.75268127126
3960.0 2.75914193281
3970.0 2.76559616615
3980.0 2.77204397929
3990.0 2.77848538188
4000.0 2.78492038514
4010.0 2.7913490019
4020.0 2.79777124659
4030.0 2.80418713515
4040.0 2.81059668511
4050.0 2.81699991548
4060.0 2.82339684677
4070.0 2.82978750094
4080.0 2.83617190138
4090.0 2.84255007287
4100.0 2.84892204155
4110.0 2.85528783487
4120.0 2.86164748155
4130.0 2.86800101155
4140.0 2.87434845599
4150.0 2.88068984715
4160.0 2.88702521835
4170.0 2.89335460395
4180.0 2.89967803929
4190.0 2.9059955606
4200.0 2.91230720495
4210.0 2.9186130102
4220.0 2.92491301492
4230.0 2.93120725833
4240.0 2.93749578023
4250.0 2.9437786209
4260.0 2.95005582109
4270.0 2.95632742188
4280.0 2.96259346464
4290.0 2.96885399096
4300.0 2.97510904252
4310.0 2.98135866109
4320.0 2.98760288838
4330.0 2.99384176599
4340.0 3.00007533534
4350.0 3.00630363757
4360.0 3.01252671345
4370.0 3.01874460334
4380.0 3.02495734705
4390.0 3.03116498383
4400.0 3.03736755223
4410.0 3.04356509004
4420.0 3.04975763422
4430.0 3.05594522084
4440.0 3.06212788497
4450.0 3.0683056606
4460.0 3.07447858064
4470.0 3.08064667676
4480.0 3.08680997938
4490.0 3.09296851759
4500.0 3.09912231909
4510.0 3.10527141011
4520.0 3.1114158154
4530.0 3.11755555813
4540.0 3.12369065986
4550.0 3.1298211405
4560.0 3.13594701825
4570.0 3.14206830959
4580.0 3.14818502922
4590.0 3.15429719001
4600.0 3.16040480304
4610.0 3.16650787751
4620.0 3.17260642077
4630.0 3.17870043827
4640.0 3.18478993358
4650.0 3.19087490836
4660.0 3.19695536241
4670.0 3.2030312936
4680.0 3.20910269796
4690.0 3.21516956964
4700.0 3.22123190095
4710.0 3.22728968241
4720.0 3.23334290273
4730.0 3.23939154888
4740.0 3.24543560615
4750.0 3.25147505815
4760.0 3.25750988687
4770.0 3.26354007278
4780.0 3.26956559483
4790.0 3.27558643057
4800.0 3.28160255616
4810.0 3.28761394652
4820.0 3.29362057533
4830.0 3.29962241517
4840.0 3.30561943759
4850.0 3.31161161319
4860.0 3.31759891174
4870.0 3.32358130225
4880.0 3.32955875313
4890.0 3.33553123221
4900.0 3.34149870695
4910.0 3.34746114451
4920.0 3.35341851186
4930.0 3.35937077593
4940.0 3.36531790253
4950.0 3.37125985981
4960.0 3.37719661318
4970.0 3.38312813037
4980.0 3.38905437953
4990.0 3.39497532935
5000.0 3.40089094922
5010.0 3.40680120934
5020.0 3.41270608084
5030.0 3.41860553593
5040.0 3.42449954802
5050.0 3.43038809183
5060.0 3.43627114352
5070.0 3.4421486808
5080.0 3.44802068303
5090.0 3.45388713138
5100.0 3.45974800886
5110.0 3.46560331215
5120.0 3.47145301103
5130.0 3.4772971051
5140.0 3.48313558619
5150.0 3.48896844864
5160.0 3.49479568934
5170.0 3.50061730784
5180.0 3.50643330641
5190.0 3.51224369014
5200.0 3.51804846702
5210.0 3.52384764797
5220.0 3.52964124695
5230.0 3.53542928099
5240.0 3.54121177025
5250.0 3.5469887381
5260.0 3.55276021111
5270.0 3.55852621914
5280.0 3.56428679536
5290.0 3.57004197626
5300.0 3.57579180171
5310.0 3.58153631495
5320.0 3.58727556262
5330.0 3.59300959476
5340.0 3.59873846481
5350.0 3.60446222964
5360.0 3.61018094948
5370.0 3.61589468796
5380.0 3.62160351209
5390.0 3.62730749218
5400.0 3.6330067019
5410.0 3.63870121816
5420.0 3.64439112112
5430.0 3.65007649415
5440.0 3.65575742374
5450.0 3.6614339995
5460.0 3.66710631406
5470.0 3.67277446302
5480.0 3.67843854489
5490.0 3.68409866104
5500.0 3.68975491556
5510.0 3.69540741527
5520.0 3.70105626955
5530.0 3.70670159033
5540.0 3.71234349197
5550.0 3.71798209114
5560.0 3.7236175068
5570.0 3.72924986002
5580.0 3.73487927395
5590.0 3.74050587368
5600.0 3.74612978615
5610.0 3.75175114004
5620.0 3.75737006568
5630.0 3.76298669492
5640.0 3.76860116104
5650.0 3.77421359863
5660.0 3.77982414349
5670.0 3.78543293252
5680.0 3.79104010359
5690.0 3.79664579544
5700.0 3.80225014759
5710.0 3.80785330019
5720.0 3.81345539396
5730.0 3.81905657002
5740.0 3.82465696983
5750.0 3.83025673508
5760.0 3.83585600754
5770.0 3.841454929
5780.0 3.84705364114
5790.0 3.85265228546
5800.0 3.85825100312
5810.0 3.86384993492
5820.0 3.86944922113
5830.0 3.87504900143
5840.0 3.88064941483
5850.0 3.88625059953
5860.0 3.89185269289
5870.0 3.89745583132
5880.0 3.90306015017
5890.0 3.90866578368
5900.0 3.91427286492
5910.0 3.91988152566
5920.0 3.92549189633
5930.0 3.93110410595
5940.0 3.93671828206
5950.0 3.94233455066
5960.0 3.94795303611
5970.0 3.95357386115
5980.0 3.95919714675
5990.0 3.96482301213
6000.0 3.97045157468
6010.0 3.9760829499
6020.0 3.98171725138
6030.0 3.98735459075
6040.0 3.99299507764
6050.0 3.99863881962
6060.0 4.00428592222
6070.0 4.00993648884
6080.0 4.01559062078
6090.0 4.02124841714
6100.0 4.02690997487