0.0 0.0
30.0 0.0578050735293
35.0 0.0674392524508
40.0 0.0770734313723
45.0 0.0867076102937
50.0 0.0963417892151
55.0 0.105975968136
60.0 0.115610147058
65.0 0.125244325979
70.0 0.134878504899
75.0 0.14451268382
80.0 0.15414686274
85.0 0.163781041659
90.0 0.173415220578
95.0 0.183049399496
100.0 0.192683578412
105.0 0.202317757326
110.0 0.211951936238
115.0 0.221586115146
120.0 0.23122029405
125.0 0.240854472948
130.0 0.250488651838
135.0 0.260122830717
140.0 0.269757009583
145.0 0.279391188431
150.0 0.289025367255
155.0 0.298659546048
160.0 0.308293724802
165.0 0.317927903504
170.0 0.327562082139
175.0 0.337196260688
180.0 0.346830439126
185.0 0.356464617423
190.0 0.366098795538
195.0 0.375732973421
200.0 0.38536715101
205.0 0.395001328223
210.0 0.404635504962
215.0 0.414269681101
220.0 0.423903856483
225.0 0.433538030914
230.0 0.443172204151
235.0 0.452806375892
240.0 0.462440545766
245.0 0.472074713313
250.0 0.481708877967
255.0 0.491343039031
260.0 0.500977195654
265.0 0.510611346791
270.0 0.52024549117
275.0 0.529879627243
280.0 0.539513753126
285.0 0.549147866543
290.0 0.558781964735
295.0 0.568416044382
300.0 0.578050101484
305.0 0.587684131243
310.0 0.597318127911
315.0 0.60695208462
320.0 0.616585993184
325.0 0.626219843867
330.0 0.635853625116
335.0 0.645487323256
340.0 0.655120922133
345.0 0.664754402716
350.0 0.67438774263
355.0 0.684020915633
360.0 0.693653891017
365.0 0.703286632935
370.0 0.712919099634
375.0 0.722551242601
380.0 0.732183005595
385.0 0.741814323572
390.0 0.751445121483
395.0 0.761075312939
400.0 0.770704798734
405.0 0.780333465209
410.0 0.78996118246
415.0 0.79958780237
420.0 0.809213156456
425.0 0.818837053533
430.0 0.828459277177
435.0 0.838079582985
440.0 0.84769769563
445.0 0.857313305713
450.0 0.86692606639
455.0 0.876535589814
460.0 0.886141443358
465.0 0.895743145656
470.0 0.905340162464
475.0 0.914931902355
480.0 0.924517712273
485.0 0.934096872974
487.5 0.938883715861
490.0 0.943668594373
492.5 0.948451397908
495.0 0.953232010852
497.5 0.958010312427
500.0 0.962786176549
502.5 0.967559471681
505.0 0.97233006069
507.5 0.977097800712
510.0 0.981862543008
512.5 0.986624132834
515.0 0.99138240931
517.5 0.996137205293
520.0 1.00088834726
522.5 1.00563565517
525.0 1.01037894241
527.5 1.01511801563
530.0 1.01985267467
532.5 1.02458271248
535.0 1.02930791505
537.5 1.03402806131
540.0 1.0387429231
542.5 1.04345226509
545.0 1.04815584479
547.5 1.05285341245
550.0 1.05754471114
552.5 1.06222947667
555.0 1.06690743765
557.5 1.07157831549
560.0 1.07624182448
562.5 1.08089767181
565.0 1.08554555769
566.25 1.0878664195
567.5 1.09018517539
568.75 1.09250178597
570.0 1.09481621142
571.25 1.09712841151
572.5 1.0994383456
573.75 1.10174597265
575.0 1.10405125123
576.25 1.10635413952
577.5 1.10865459529
578.75 1.11095257597
580.0 1.11324803859
581.25 1.11554093982
582.5 1.11783123598
583.75 1.12011888303
585.0 1.12240383661
586.25 1.12468605199
587.5 1.12696548416
588.75 1.12924208775
590.0 1.13151581711
591.25 1.1337866263
592.5 1.13605446907
593.75 1.13831929892
595.0 1.14058106905
596.25 1.14283973245
597.5 1.14509524182
598.75 1.14734754968
600.0 1.14959660828
601.25 1.15184236971
602.5 1.15408478583
603.75 1.15632380835
605.0 1.15855938879
606.25 1.16079147854
607.5 1.16302002882
608.75 1.16524499076
610.0 1.16746631536
611.25 1.16968395353
612.5 1.17189785611
613.75 1.17410797388
615.0 1.17631425756
616.25 1.17851665784
617.5 1.18071512542
618.75 1.18290961099
620.0 1.18510006525
621.25 1.18728643897
622.5 1.18946868295
623.75 1.19164674809
625.0 1.19382058536
626.25 1.19599014587
627.5 1.19815538085
628.75 1.20031624169
630.0 1.20247267993
631.25 1.20462464734
632.5 1.20677209588
633.75 1.20891497775
635.0 1.21105324539
636.25 1.21318685155
637.5 1.21531574923
638.75 1.2174398918
640.0 1.21955923293
641.25 1.22167372666
642.5 1.22378332742
643.75 1.22588799004
645.0 1.2279876698
646.25 1.23008232238
647.5 1.23217190399
648.75 1.23425637129
650.0 1.23633568148
651.25 1.2384097923
652.5 1.24047866205
653.75 1.24254224962
655.0 1.24460051449
656.25 1.2466534168
657.5 1.24870091734
658.75 1.25074297756
660.0 1.25277955964
661.25 1.25481062645
662.5 1.25683614164
663.75 1.25885606962
665.0 1.26087037558
666.25 1.26287902556
667.5 1.26488198641
668.75 1.26687922584
670.0 1.26887071248
671.25 1.27085641582
672.5 1.27283630632
673.75 1.27481035538
675.0 1.27677853535
676.25 1.27874081962
677.5 1.28069718256
678.75 1.28264759959
680.0 1.2845920472
681.25 1.28653050295
682.5 1.2884629455
683.75 1.29038935464
685.0 1.2923097113
686.25 1.29422399756
687.5 1.2961321967
688.75 1.29803429318
690.0 1.29993027269
691.25 1.30182012216
692.5 1.30370382977
693.75 1.30558138496
695.0 1.30745277848
696.25 1.30931800238
697.5 1.31117705001
698.75 1.31302991609
700.0 1.31487659668
701.25 1.3167170892
702.5 1.31855139245
703.75 1.32037950665
705.0 1.3222014334
706.25 1.32401717573
707.5 1.32582673812
708.75 1.32763012647
710.0 1.32942734814
711.25 1.33121841198
712.5 1.33300332828
713.75 1.33478210884
715.0 1.33655476695
716.25 1.33832131739
717.5 1.34008177645
718.75 1.34183616194
720.0 1.34358449318
721.25 1.34532679104
722.5 1.34706307789
723.75 1.34879337765
725.0 1.35051771577
726.25 1.35223611924
727.5 1.35394861658
728.75 1.35565523788
730.0 1.35735601474
731.25 1.35905098031
732.5 1.36074016929
733.75 1.3624236179
735.0 1.36410136391
736.25 1.3657734466
737.5 1.3674399068
738.75 1.36910078685
740.0 1.37075613059
741.25 1.37240598339
742.5 1.37405039211
743.75 1.37568940511
745.0 1.37732307223
746.25 1.37895144477
747.5 1.38057457552
748.75 1.38219251871
750.0 1.38380532999
751.25 1.38541306647
752.5 1.38701578665
753.75 1.38861355044
755.0 1.39020641913
756.25 1.39179445539
757.5 1.39337772323
758.75 1.39495628799
760.0 1.39653021634
761.25 1.39809957624
762.5 1.39966443693
763.75 1.40122486891
765.0 1.40278094391
766.25 1.40433273489
767.5 1.40588031598
768.75 1.4074237625
770.0 1.40896315092
771.25 1.41049855881
772.5 1.41203006484
773.75 1.41355774878
775.0 1.4150816914
776.25 1.41660197452
777.5 1.41811868093
778.75 1.41963189438
780.0 1.42114169957
781.25 1.42264818206
782.5 1.42415142832
783.75 1.42565152563
785.0 1.42714856207
786.25 1.42864262651
787.5 1.43013380854
788.75 1.43162219845
790.0 1.4331078872
791.25 1.43459096636
792.5 1.43607153414
793.75 1.43754967484
795.0 1.43902548752
796.25 1.4404990661
797.5 1.44197050506
798.75 1.44343989935
800.0 1.44490734443
802.5 1.44783677067
805.0 1.45075955498
807.5 1.45367647349
810.0 1.45658830607