200.0 0.140512990705
205.0 0.144058957305
210.0 0.147604525891
215.0 0.151149719628
220.0 0.154694559829
230.0 0.16178325673
240.0 0.16887075665
250.0 0.175957179877
260.0 0.183042630378
270.0 0.190127198548
280.0 0.197210963402
290.0 0.204293994357
300.0 0.211376352682
310.0 0.218458092685
320.0 0.225539262704
330.0 0.232619905921
340.0 0.239700061048
350.0 0.246779762909
360.0 0.253859042925
370.0 0.260937929529
380.0 0.268016448526
390.0 0.275094623393
400.0 0.282172475541
410.0 0.289250024549
420.0 0.296327288352
430.0 0.303404283423
440.0 0.310481024913
450.0 0.317557526792
460.0 0.324633801959
470.0 0.331709862347
480.0 0.338785719014
490.0 0.345861382223
500.0 0.35293686151
510.0 0.360012165754
520.0 0.367087303231
530.0 0.374162281662
540.0 0.381237108264
550.0 0.388311789789
560.0 0.395386332561
570.0 0.402460742508
580.0 0.409535025195
590.0 0.416609185852
600.0 0.423683229394
610.0 0.43075716045
620.0 0.437830983379
630.0 0.444904702292
640.0 0.451978321066
650.0 0.459051843361
660.0 0.466125272638
670.0 0.473198612166
680.0 0.480271865037
690.0 0.487345034179
700.0 0.494418122363
710.0 0.501491132215
720.0 0.508564066221
730.0 0.515636926741
740.0 0.52270971601
750.0 0.529782436148
760.0 0.536855089168
770.0 0.543927676978
780.0 0.551000201389
790.0 0.558072664117
800.0 0.565145066794
810.0 0.572217410964
820.0 0.579289698094
830.0 0.586361929572
840.0 0.593434106717
850.0 0.600506230776
860.0 0.607578302928
870.0 0.614650324291
880.0 0.62172229592
890.0 0.628794218811
900.0 0.635866093904
910.0 0.642937922084
920.0 0.650009704181
930.0 0.657081440977
940.0 0.664153133202
950.0 0.671224781539
960.0 0.678296386623
970.0 0.685367949045
980.0 0.692439469349
990.0 0.699510948039
1000.0 0.706582385575
1010.0 0.713653782373
1020.0 0.720725138812
1030.0 0.727796455228
1040.0 0.734867731919
1050.0 0.741938969143
1060.0 0.749010167121
1070.0 0.756081326034
1080.0 0.763152446026
1090.0 0.770223527204
1100.0 0.777294569636
1110.0 0.784365573356
1120.0 0.791436538357
1130.0 0.798507464599
1140.0 0.805578352002
1150.0 0.812649200451
1160.0 0.819720009792
1170.0 0.826790779835
1180.0 0.833861510354
1190.0 0.840932201082
1200.0 0.848002851717
1210.0 0.855073461917
1220.0 0.862144031302
1230.0 0.869214559454
1240.0 0.876285045914
1250.0 0.883355490184
1260.0 0.890425891724
1270.0 0.897496249956
1280.0 0.904566564257
1290.0 0.911636833964
1300.0 0.91870705837
1310.0 0.925777236726
1320.0 0.932847368235
1330.0 0.939917452059
1340.0 0.946987487311
1350.0 0.954057473057
1360.0 0.961127408318
1370.0 0.968197292063
1380.0 0.975267123212
1390.0 0.982336900636
1400.0 0.989406623151
1410.0 0.996476289522
1420.0 1.00354589846
1430.0 1.01061544862
1440.0 1.0176849386
1450.0 1.02475436694
1460.0 1.03182373213
1470.0 1.03889303258
1480.0 1.04596226665
1490.0 1.05303143264
1500.0 1.06010052878
1510.0 1.06716955323
1520.0 1.0742385041
1530.0 1.08130737941
1540.0 1.08837617711
1550.0 1.09544489509
1560.0 1.10251353116
1570.0 1.10958208306
1580.0 1.11665054843
1590.0 1.12371892486
1600.0 1.13078720984
1610.0 1.13785540078
1620.0 1.144923495
1630.0 1.15199148975
1640.0 1.15905938216
1650.0 1.1661271693
1660.0 1.17319484812
1670.0 1.1802624155
1680.0 1.1873298682
1690.0 1.19439720289
1700.0 1.20146441614
1710.0 1.20853150439
1720.0 1.21559846401
1730.0 1.22266529123
1740.0 1.22973198218
1750.0 1.23679853287
1760.0 1.24386493921
1770.0 1.25093119696
1780.0 1.25799730177
1790.0 1.26506324917
1800.0 1.27212903456
1810.0 1.2791946532
1820.0 1.28626010022
1830.0 1.2933253706
1840.0 1.30039045921
1850.0 1.30745536075
1860.0 1.31452006979
1870.0 1.32158458072
1880.0 1.32864888781
1890.0 1.33571298517
1900.0 1.34277686672
1910.0 1.34984052626
1920.0 1.35690395739
1930.0 1.36396715356
1940.0 1.37103010803
1950.0 1.3780928139
1960.0 1.38515526407
1970.0 1.39221745128
1980.0 1.39927936806
1990.0 1.40634100677
2000.0 1.41340235954
2010.0 1.42046341835
2020.0 1.42752417492
2030.0 1.43458462082
2040.0 1.44164474737
2050.0 1.44870454568
2060.0 1.45576400666
2070.0 1.46282312098
2080.0 1.46988187908
2090.0 1.47694027118
2100.0 1.48399828727
2110.0 1.49105591707
2120.0 1.49811315009
2130.0 1.50516997557
2140.0 1.51222638251
2150.0 1.51928235964
2160.0 1.52633789544
2170.0 1.53339297811
2180.0 1.54044759559
2190.0 1.54750173555
2200.0 1.55455538535
2210.0 1.56160853211
2220.0 1.56866116263
2230.0 1.57571326342
2240.0 1.5827648207
2250.0 1.58981582037
2260.0 1.59686624805
2270.0 1.60391608901
2280.0 1.61096532825
2290.0 1.6180139504
2300.0 1.62506193979
2310.0 1.63210928041
2320.0 1.63915595592
2330.0 1.64620194963
2340.0 1.65324724451
2350.0 1.66029182318
2360.0 1.66733566789
2370.0 1.67437876055
2380.0 1.68142108268
2390.0 1.68846261546
2400.0 1.69550333968
2410.0 1.70254323573
2420.0 1.70958228365
2430.0 1.71662046308
2440.0 1.72365775325
2450.0 1.73069413301
2460.0 1.7377295808
2470.0 1.74476407465
2480.0 1.75179759218
2490.0 1.7588301106
2500.0 1.76586160669
2510.0 1.77289205681
2520.0 1.77992143688
2530.0 1.7869497224
2540.0 1.79397688843
2550.0 1.80100290958
2560.0 1.80802776001
2570.0 1.81505141345
2580.0 1.82207384315
2590.0 1.82909502193
2600.0 1.83611492213
2610.0 1.84313351562
2620.0 1.85015077383
2630.0 1.85716666768
2640.0 1.86418116765
2650.0 1.87119424372
2660.0 1.87820586539
2670.0 1.8852160017
2680.0 1.89222462117
2690.0 1.89923169186
2700.0 1.90623718132
2710.0 1.91324105661
2720.0 1.92024328431
2730.0 1.92724383048
2740.0 1.93424266071
2750.0 1.94123974005
2760.0 1.9482350331
2770.0 1.95522850391
2780.0 1.96222011605
2790.0 1.9692098326
2800.0 1.9761976161
2810.0 1.98318342863
2820.0 1.99016723173
2830.0 1.99714898646
2840.0 2.00412865336
2850.0 2.0111061925
2860.0 2.0180815634
2870.0 2.02505472514
2880.0 2.03202563626
2890.0 2.03899425483
2900.0 2.04596053841
2910.0 2.05292444409
2920.0 2.05988592847
2930.0 2.06684494766
2940.0 2.07380145731
2950.0 2.08075541258
2960.0 2.08770676817
2970.0 2.09465547832
2980.0 2.1016014968
2990.0 2.10854477694
3000.0 2.11548527162
3010.0 2.12242293329
3020.0 2.12935771396
3030.0 2.13628956521
3040.0 2.14321843823
3050.0 2.15014428378
3060.0 2.15706705223
3070.0 2.16398669356
3080.0 2.17090315738
3090.0 2.17781639293
3100.0 2.18472634908
3110.0 2.19163297438
3120.0 2.19853621702
3130.0 2.2054360249
3140.0 2.21233234559
3150.0 2.21922512637
3160.0 2.22611431425
3170.0 2.23299985597
3180.0 2.23988169803
3190.0 2.24675978669
3200.0 2.25363406799
3210.0 2.26050448777
3220.0 2.2673709917
3230.0 2.27423352529
3240.0 2.28109203387
3250.0 2.28794646269
3260.0 2.29479675686
3270.0 2.30164286143
3280.0 2.30848472138
3290.0 2.31532228162
3300.0 2.32215548708
3310.0 2.32898428266
3320.0 2.33580861331
3330.0 2.34262842402
3340.0 2.34944365985
3350.0 2.35625426595
3360.0 2.36306018761
3370.0 2.36986137027
3380.0 2.37665775954
3390.0 2.38344930123
3400.0 2.39023594138
3410.0 2.39701762629
3420.0 2.40379430256
3430.0 2.41056591709
3440.0 2.41733241711
3450.0 2.42409375027
3460.0 2.43084986457
3470.0 2.43760070848
3480.0 2.44434623093
3490.0 2.45108638132
3500.0 2.45782110961
3510.0 2.46455036628
3520.0 2.47127410245
3530.0 2.47799226981
3540.0 2.48470482072
3550.0 2.49141170825
3560.0 2.49811288614
3570.0 2.50480830892
3580.0 2.51149793188
3590.0 2.51818171112
3600.0 2.52485960359
3610.0 2.53153156713
3620.0 2.53819756048
3630.0 2.5448575433
3640.0 2.55151147625
3650.0 2.55815932097
3660.0 2.56480104016
3670.0 2.57143659756
3680.0 2.57806595801
3690.0 2.58468908747
3700.0 2.59130595307
3710.0 2.59791652309
3720.0 2.60452076705
3730.0 2.61111865567
3740.0 2.61771016097
3750.0 2.62429525622
3760.0 2.63087391603
3770.0 2.63744611633
3780.0 2.6440118344
3790.0 2.65057104893
3800.0 2.65712373999
3810.0 2.66366988906
3820.0 2.67020947908
3830.0 2.67674249444
3840.0 2.683268921
3850.0 2.68978874611
3860.0 2.69630195861
3870.0 2.70280854887
3880.0 2.70930850877
3890.0 2.71580183173
3900.0 2.72228851271
3910.0 2.72876854821
3920.0 2.73524193629
3930.0 2.74170867654
3940.0 2.74816877013
3950.0 2.75462221977
3960.0 2.76106902972
3970.0 2.7675092058
3980.0 2.77394275534
3990.0 2.78036968722
4000.0 2.78679001185
4010.0 2.79320374113
4020.0 2.79961088847
4030.0 2.80601146875
4040.0 2.81240549831
4050.0 2.81879299493
4060.0 2.82517397783
4070.0 2.8315484676
4080.0 2.83791648622
4090.0 2.84427805699
4100.0 2.85063320454
4110.0 2.85698195479
4120.0 2.86332433488
4130.0 2.86966037317
4140.0 2.87599009922
4150.0 2.88231354369
4160.0 2.88863073836
4170.0 2.89494171604
4180.0 2.90124651056
4190.0 2.90754515671
4200.0 2.91383769019
4210.0 2.92012414756
4220.0 2.9264045662
4230.0 2.93267898423
4240.0 2.93894744049
4250.0 2.94520997448
4260.0 2.95146662627
4270.0 2.95771743648
4280.0 2.96396244621
4290.0 2.97020169696
4300.0 2.9764352306
4310.0 2.98266308929
4320.0 2.98888531543
4330.0 2.99510195158
4340.0 3.00131304042
4350.0 3.00751862465
4360.0 3.01371874697
4370.0 3.01991344999
4380.0 3.02610277617
4390.0 3.03228676774
4400.0 3.03846546667
4410.0 3.0446389146
4420.0 3.05080715274
4430.0 3.05697022183
4440.0 3.06312816212
4450.0 3.06928101322
4460.0 3.07542881411
4470.0 3.08157160308
4480.0 3.08770941762
4490.0 3.0938422944
4500.0 3.09997026923
4510.0 3.10609337697
4520.0 3.11221165148
4530.0 3.11832512561
4540.0 3.12443383111
4550.0 3.1305377986
4560.0 3.13663705752
4570.0 3.1427316361
4580.0 3.14882156131
4590.0 3.15490685882
4600.0 3.16098755296
4610.0 3.16706366673
4620.0 3.17313522171
4630.0 3.17920223807
4640.0 3.18526473454
4650.0 3.1913227284
4660.0 3.19737623544
4670.0 3.20342526995
4680.0 3.20946984474
4690.0 3.21550997107
4700.0 3.22154565873
4710.0 3.22757691596
4720.0 3.23360374949
4730.0 3.23962616456
4740.0 3.24564416489
4750.0 3.25165775272
4760.0 3.25766692881
4770.0 3.26367169249
4780.0 3.26967204164
4790.0 3.27566797274
4800.0 3.28165948092
4810.0 3.28764655996
4820.0 3.29362920231
4830.0 3.2996073992
4840.0 3.30558114062
4850.0 3.3115504154
4860.0 3.31751521124
4870.0 3.32347551476
4880.0 3.32943131161
4890.0 3.33538258644
4900.0 3.34132932304
4910.0 3.34727150438
4920.0 3.35320911265
4930.0 3.35914212938
4940.0 3.36507053548
4950.0 3.37099431134
4960.0 3.3769134369
4970.0 3.38282789173
4980.0 3.38873765513
4990.0 3.39464270619
5000.0 3.40054302395
5010.0 3.40643858743
5020.0 3.41232937376
5030.0 3.41821536407
5040.0 3.42409653514
5050.0 3.42997286664
5060.0 3.43584433856
5070.0 3.44171093129
5080.0 3.4475726257
5090.0 3.45342940329
5100.0 3.45928124626
5110.0 3.46512813757
5120.0 3.47097007242
5130.0 3.47680701701
5140.0 3.48263896961
5150.0 3.48846591753
5160.0 3.49428784939
5170.0 3.50010475525
5180.0 3.50591662671
5190.0 3.51172345694
5200.0 3.51752524082
5210.0 3.52332197495
5220.0 3.52911365781
5230.0 3.53490028975
5240.0 3.54068187312
5250.0 3.54645841233
5260.0 3.5522299139
5270.0 3.55799638652
5280.0 3.56375784117
5290.0 3.56951429111
5300.0 3.57526575197
5310.0 3.58101224181
5320.0 3.58675378115
5330.0 3.59249039303
5340.0 3.59822210308
5350.0 3.6039489395
5360.0 3.60967093315
5370.0 3.61538811758
5380.0 3.62110052903
5390.0 3.62680820647
5400.0 3.63251119165
5410.0 3.63820952907
5420.0 3.64390326606
5430.0 3.64959245272
5440.0 3.65527714196
5450.0 3.66095738955
5460.0 3.66663325402
5470.0 3.67230479674
5480.0 3.6779720819
5490.0 3.68363517645
5500.0 3.68929415013
5510.0 3.69494907544
5520.0 3.70060002762
5530.0 3.70624708462
5540.0 3.71189032704
5550.0 3.71752983816
5560.0 3.72316570386
5570.0 3.72879801256
5580.0 3.73442685522
5590.0 3.74005232529
5600.0 3.74567451861
5610.0 3.75129353342
5620.0 3.75690947025
5630.0 3.7625224319
5640.0 3.76813252335
5650.0 3.77373985171
5660.0 3.77934452614
5670.0 3.7849466578
5680.0 3.79054635977
5690.0 3.79614374694
5700.0 3.80173893599
5710.0 3.80733204529
5720.0 3.81292319479
5730.0 3.81851250598
5740.0 3.82410010178
5750.0 3.82968610648
5760.0 3.83527064562
5770.0 3.84085384592
5780.0 3.84643583521
5790.0 3.8520167423
5800.0 3.85759669692
5810.0 3.86317582963
5820.0 3.86875427172
5830.0 3.8743321551
5840.0 3.87990961225
5850.0 3.8854867761
5860.0 3.89106377994
5870.0 3.89664075733
5880.0 3.90221784203
5890.0 3.90779516787
5900.0 3.9133728687
5910.0 3.91895107827
5920.0 3.92452993016
5930.0 3.93010955769
5940.0 3.93569009382
5950.0 3.94127167109
5960.0 3.9468544215
5970.0 3.95243847646
5980.0 3.9580239667
5990.0 3.96361102218
6000.0 3.969199772
6010.0 3.97479034437
6020.0 3.98038286649
6030.0 3.98597746448
6040.0 3.99157426334
6050.0 3.99717338685
6060.0 4.0027749575
6070.0 4.00837909646
6080.0 4.01398592348
6090.0 4.01959555684
6100.0 4.02520811328