200.0 0.140468969541
205.0 0.144013835612
210.0 0.147558303669
215.0 0.151102396876
220.0 0.154646136548
230.0 0.161732632391
240.0 0.168817931254
250.0 0.175902153422
260.0 0.182985402865
270.0 0.190067769977
280.0 0.197149333773
290.0 0.20423016367
300.0 0.211310320936
310.0 0.218389859881
320.0 0.225468828842
330.0 0.232547271
340.0 0.239625225069
350.0 0.246702725872
360.0 0.253779804829
370.0 0.260856490376
380.0 0.267932808315
390.0 0.275008782123
400.0 0.282084433213
410.0 0.289159781162
420.0 0.296234843908
430.0 0.30330963792
440.0 0.310384178352
450.0 0.317458479173
460.0 0.324532553281
470.0 0.331606412612
480.0 0.338680068221
490.0 0.345753530371
500.0 0.3528268086
510.0 0.359899911786
520.0 0.366972848204
530.0 0.374045625577
540.0 0.381118251121
550.0 0.388190731588
560.0 0.395263073302
570.0 0.40233528219
580.0 0.409407363819
590.0 0.416479323418
600.0 0.423551165902
610.0 0.4306228959
620.0 0.437694517771
630.0 0.444766035625
640.0 0.451837453341
650.0 0.458908774578
660.0 0.465980002797
670.0 0.473051141266
680.0 0.480122193079
690.0 0.487193161163
700.0 0.494264048289
710.0 0.501334857082
720.0 0.508405590031
730.0 0.515476249492
740.0 0.522546837703
750.0 0.529617356783
760.0 0.536687808745
770.0 0.543758195497
780.0 0.550828518849
790.0 0.557898780519
800.0 0.564968982138
810.0 0.57203912525
820.0 0.579109211321
830.0 0.586179241742
840.0 0.593249217829
850.0 0.600319140829
860.0 0.607389011923
870.0 0.614458832227
880.0 0.621528602798
890.0 0.628598324631
900.0 0.635667998666
910.0 0.642737625787
920.0 0.649807206827
930.0 0.656876742564
940.0 0.663946233731
950.0 0.67101568101
960.0 0.678085085036
970.0 0.685154446399
980.0 0.692223765646
990.0 0.699293043278
1000.0 0.706362279754
1010.0 0.713431475495
1020.0 0.720500630875
1030.0 0.727569746233
1040.0 0.734638821866
1050.0 0.741707858032
1060.0 0.748776854952
1070.0 0.755845812806
1080.0 0.76291473174
1090.0 0.76998361186
1100.0 0.777052453234
1110.0 0.784121255896
1120.0 0.791190019839
1130.0 0.798258745022
1140.0 0.805327431367
1150.0 0.812396078758
1160.0 0.819464687041
1170.0 0.826533256026
1180.0 0.833601785486
1190.0 0.840670275156
1200.0 0.847738724733
1210.0 0.854807133875
1220.0 0.861875502202
1230.0 0.868943829295
1240.0 0.876012114697
1250.0 0.883080357908
1260.0 0.890148558391
1270.0 0.897216715564
1280.0 0.904284828807
1290.0 0.911352897456
1300.0 0.918420920804
1310.0 0.925488898102
1320.0 0.932556828553
1330.0 0.939624711318
1340.0 0.946692545512
1350.0 0.9537603302
1360.0 0.960828064403
1370.0 0.967895747089
1380.0 0.97496337718
1390.0 0.982030953546
1400.0 0.989098475003
1410.0 0.996165940316
1420.0 1.0032333482
1430.0 1.0103006973
1440.0 1.01736798622
1450.0 1.0244352135
1460.0 1.03150237763
1470.0 1.03856947702
1480.0 1.04563651003
1490.0 1.05270347497
1500.0 1.05977037005
1510.0 1.06683719344
1520.0 1.07390394325
1530.0 1.0809706175
1540.0 1.08803721414
1550.0 1.09510373107
1560.0 1.10217016608
1570.0 1.10923651692
1580.0 1.11630278124
1590.0 1.12336895661
1600.0 1.13043504053
1610.0 1.13750103041
1620.0 1.14456692357
1630.0 1.15163271726
1640.0 1.15869840861
1650.0 1.16576399469
1660.0 1.17282947246
1670.0 1.17989483878
1680.0 1.18696009043
1690.0 1.19402522406
1700.0 1.20109023624
1710.0 1.20815512344
1720.0 1.215219882
1730.0 1.22228450816
1740.0 1.22934899805
1750.0 1.23641334769
1760.0 1.24347755297
1770.0 1.25054160966
1780.0 1.25760551341
1790.0 1.26466925976
1800.0 1.27173284408
1810.0 1.27879626166
1820.0 1.28585950762
1830.0 1.29292257695
1840.0 1.2999854645
1850.0 1.30704816499
1860.0 1.31411067296
1870.0 1.32117298284
1880.0 1.32823508887
1890.0 1.33529698517
1900.0 1.34235866567
1910.0 1.34942012414
1920.0 1.35648135422
1930.0 1.36354234933
1940.0 1.37060310274
1950.0 1.37766360755
1960.0 1.38472385666
1970.0 1.39178384281
1980.0 1.39884355854
1990.0 1.40590299618
2000.0 1.4129621479
2010.0 1.42002100565
2020.0 1.42707956117
2030.0 1.43413780601
2040.0 1.4411957315
2050.0 1.44825332875
2060.0 1.45531058867
2070.0 1.46236750193
2080.0 1.46942405897
2090.0 1.47648025002
2100.0 1.48353606504
2110.0 1.49059149379
2120.0 1.49764652575
2130.0 1.50470115018
2140.0 1.51175535606
2150.0 1.51880913213
2160.0 1.52586246687
2170.0 1.53291534848
2180.0 1.5399677649
2190.0 1.5470197038
2200.0 1.55407115255
2210.0 1.56112209825
2220.0 1.56817252771
2230.0 1.57522242744
2240.0 1.58227178366
2250.0 1.58932058227
2260.0 1.59636880889
2270.0 1.6034164488
2280.0 1.61046348698
2290.0 1.61750990807
2300.0 1.6245556964
2310.0 1.63160083597
2320.0 1.63864531042
2330.0 1.64568910307
2340.0 1.65273219689
2350.0 1.6597745745
2360.0 1.66681621815
2370.0 1.67385710975
2380.0 1.68089723083
2390.0 1.68793656255
2400.0 1.69497508571
2410.0 1.7020127807
2420.0 1.70904962757
2430.0 1.71608560594
2440.0 1.72312069505
2450.0 1.73015487375
2460.0 1.73718812048
2470.0 1.74422041328
2480.0 1.75125172975
2490.0 1.75828204711
2500.0 1.76531134214
2510.0 1.7723395912
2520.0 1.77936677021
2530.0 1.78639285468
2540.0 1.79341781965
2550.0 1.80044163973
2560.0 1.80746428911
2570.0 1.81448574149
2580.0 1.82150597014
2590.0 1.82852494786
2600.0 1.835542647
2610.0 1.84255903943
2620.0 1.84957409658
2630.0 1.85658778938
2640.0 1.86360008828
2650.0 1.8706109633
2660.0 1.87762038391
2670.0 1.88462831916
2680.0 1.89163473758
2690.0 1.8986396072
2700.0 1.9056428956
2710.0 1.91264456984
2720.0 1.91964459648
2730.0 1.92664294159
2740.0 1.93363957076
2750.0 1.94063444905
2760.0 1.94762754103
2770.0 1.95461881078
2780.0 1.96160822187
2790.0 1.96859573736
2800.0 1.97558131981
2810.0 1.98256493127
2820.0 1.98954653332
2830.0 1.99652608699
2840.0 2.00350355284
2850.0 2.01047889091
2860.0 2.01745206076
2870.0 2.02442302144
2880.0 2.0313917315
2890.0 2.038358149
2900.0 2.04532223153
2910.0 2.05228393615
2920.0 2.05924321947
2930.0 2.06620003761
2940.0 2.0731543462
2950.0 2.08010610041
2960.0 2.08705525494
2970.0 2.09400176403
2980.0 2.10094558145
2990.0 2.10788666053
3000.0 2.11482495416
3010.0 2.12176041477
3020.0 2.12869299438
3030.0 2.13562264458
3040.0 2.14254931654
3050.0 2.14947296103
3060.0 2.15639352842
3070.0 2.16331096869
3080.0 2.17022523146
3090.0 2.17713626594
3100.0 2.18404402104
3110.0 2.19094844528
3120.0 2.19784948686
3130.0 2.20474709368
3140.0 2.21164121331
3150.0 2.21853179303
3160.0 2.22541877986
3170.0 2.23230212052
3180.0 2.23918176153
3190.0 2.24605764912
3200.0 2.25292972936
3210.0 2.25979794809
3220.0 2.26666225096
3230.0 2.27352258349
3240.0 2.28037889101
3250.0 2.28723111877
3260.0 2.29407921189
3270.0 2.3009231154
3280.0 2.30776277429
3290.0 2.31459813347
3300.0 2.32142913787
3310.0 2.3282557324
3320.0 2.33507786199
3330.0 2.34189547164
3340.0 2.34870850641
3350.0 2.35551691145
3360.0 2.36232063206
3370.0 2.36911961366
3380.0 2.37591380187
3390.0 2.3827031425
3400.0 2.38948758159
3410.0 2.39626706545
3420.0 2.40304154066
3430.0 2.40981095412
3440.0 2.41657525309
3450.0 2.42333438519
3460.0 2.43008829843
3470.0 2.43683694129
3480.0 2.44358026267
3490.0 2.45031821201
3500.0 2.45705073924
3510.0 2.46377779486
3520.0 2.47049932996
3530.0 2.47721529626
3540.0 2.48392564612
3550.0 2.49063033259
3560.0 2.49732930942
3570.0 2.50402253114
3580.0 2.51070995304
3590.0 2.51739153122
3600.0 2.52406722264
3610.0 2.53073698512
3620.0 2.53740077741
3630.0 2.54405855917
3640.0 2.55071029106
3650.0 2.55735593473
3660.0 2.56399545286
3670.0 2.5706288092
3680.0 2.57725596859
3690.0 2.583876897
3700.0 2.59049156154
3710.0 2.5970999305
3720.0 2.6037019734
3730.0 2.61029766096
3740.0 2.6168869652
3750.0 2.62346985939
3760.0 2.63004631814
3770.0 2.63661631738
3780.0 2.6431798344
3790.0 2.64973684787
3800.0 2.65628733787
3810.0 2.66283128589
3820.0 2.66936867485
3830.0 2.67589948915
3840.0 2.68242371465
3850.0 2.6889413387
3860.0 2.69545235014
3870.0 2.70195673935
3880.0 2.70845449819
3890.0 2.71494562009
3900.0 2.72143010002
3910.0 2.72790793446
3920.0 2.73437912147
3930.0 2.74084366067
3940.0 2.7473015532
3950.0 2.75375280178
3960.0 2.76019741068
3970.0 2.76663538569
3980.0 2.77306673417
3990.0 2.779491465
4000.0 2.78590958857
4010.0 2.79232111679
4020.0 2.79872606307
4030.0 2.80512444229
4040.0 2.81151627079
4050.0 2.81790156636
4060.0 2.8242803482
4070.0 2.83065263691
4080.0 2.83701845447
4090.0 2.84337782418
4100.0 2.84973077068
4110.0 2.85607731987
4120.0 2.8624174989
4130.0 2.86875133614
4140.0 2.87507886113
4150.0 2.88140010454
4160.0 2.88771509815
4170.0 2.89402387477
4180.0 2.90032646824
4190.0 2.90662291333
4200.0 2.91291324575
4210.0 2.91919750206
4220.0 2.92547571964
4230.0 2.93174793661
4240.0 2.93801419182
4250.0 2.94427452475
4260.0 2.95052897548
4270.0 2.95677758463
4280.0 2.9630203933
4290.0 2.96925744299
4300.0 2.97548877557
4310.0 2.98171443321
4320.0 2.98793445829
4330.0 2.99414889338
4340.0 3.00035778116
4350.0 3.00656116433
4360.0 3.0127590856
4370.0 3.01895158756
4380.0 3.02513871267
4390.0 3.03132050319
4400.0 3.03749700107
4410.0 3.04366824793
4420.0 3.04983428501
4430.0 3.05599515305
4440.0 3.06215089228
4450.0 3.06830154232
4460.0 3.07444714216
4470.0 3.08058773007
4480.0 3.08672334354
4490.0 3.09285401927
4500.0 3.09897979304
4510.0 3.10510069972
4520.0 3.11121677317
4530.0 3.11732804625
4540.0 3.12343455069
4550.0 3.12953631712
4560.0 3.13563337498
4570.0 3.14172575251
4580.0 3.14781347665
4590.0 3.1538965731
4600.0 3.15997506619
4610.0 3.1660489789
4620.0 3.17211833282
4630.0 3.17818314812
4640.0 3.18424344354
4650.0 3.19029923634
4660.0 3.19635054232
4670.0 3.20239737577
4680.0 3.2084397495
4690.0 3.21447767478
4700.0 3.22051116138
4710.0 3.22654021755
4720.0 3.23256485002
4730.0 3.23858506403
4740.0 3.2446008633
4750.0 3.25061225007
4760.0 3.2566192251
4770.0 3.26262178772
4780.0 3.26861993581
4790.0 3.27461366587
4800.0 3.28060297299
4810.0 3.28658785096
4820.0 3.29256829226
4830.0 3.29854428809
4840.0 3.30451582845
4850.0 3.31048290217
4860.0 3.31644549695
4870.0 3.32240359942
4880.0 3.32835719521
4890.0 3.33430626898
4900.0 3.34025080452
4910.0 3.3461907848
4920.0 3.35212619201
4930.0 3.35805700768
4940.0 3.36398321273
4950.0 3.36990478753
4960.0 3.37582171204
4970.0 3.38173396581
4980.0 3.38764152814
4990.0 3.39354437815
5000.0 3.39944249485
5010.0 3.40533585727
5020.0 3.41122444254
5030.0 3.41710823179
5040.0 3.4229872018
5050.0 3.42886133225
5060.0 3.43473060311
5070.0 3.44059499478
5080.0 3.44645448813
5090.0 3.45230906467
5100.0 3.45815870657
5110.0 3.46400339683
5120.0 3.46984313062
5130.0 3.47567787415
5140.0 3.4815076257
5150.0 3.48733237256
5160.0 3.49315210335
5170.0 3.49896680816
5180.0 3.50477647856
5190.0 3.51058110774
5200.0 3.51638069055
5210.0 3.52217522363
5220.0 3.52796470543
5230.0 3.53374913631
5240.0 3.53952851863
5250.0 3.54530285678
5260.0 3.55107215728
5270.0 3.55683642885
5280.0 3.56259568244
5290.0 3.56834993132
5300.0 3.57409919113
5310.0 3.5798434799
5320.0 3.58558281818
5330.0 3.59131722901
5340.0 3.597046738
5350.0 3.60277137336
5360.0 3.60849116596
5370.0 3.61420614933
5380.0 3.61991635971
5390.0 3.6256218361
5400.0 3.63132262022
5410.0 3.63701875659
5420.0 3.64271029252
5430.0 3.64839727811
5440.0 3.6540797663
5450.0 3.65975781283
5460.0 3.66543147624
5470.0 3.67110081791
5480.0 3.676765902
5490.0 3.68242679549
5500.0 3.68808356812
5510.0 3.69373629237
5520.0 3.6993850435
5530.0 3.70502989943
5540.0 3.7106709408
5550.0 3.71630825086
5560.0 3.7219419155
5570.0 3.72757202314
5580.0 3.73319866475
5590.0 3.73882193375
5600.0 3.74444192602
5610.0 3.75005873977
5620.0 3.75567247554
5630.0 3.76128323613
5640.0 3.76689112653
5650.0 3.77249625382
5660.0 3.7780987272
5670.0 3.7836986578
5680.0 3.78929615871
5690.0 3.79489134482
5700.0 3.80048433282
5710.0 3.80607524105
5720.0 3.81166418949
5730.0 3.81725129963
5740.0 3.82283669437
5750.0 3.82842049801
5760.0 3.83400283609
5770.0 3.83958383534
5780.0 3.84516362357
5790.0 3.8507423296
5800.0 3.85632008317
5810.0 3.86189701482
5820.0 3.86747325585
5830.0 3.87304893817
5840.0 3.87862419427
5850.0 3.88419915706
5860.0 3.88977395983
5870.0 3.89534873617
5880.0 3.90092361981
5890.0 3.90649874459
5900.0 3.91207424436
5910.0 3.91765025287
5920.0 3.9232269037
5930.0 3.92880433018
5940.0 3.93438266525
5950.0 3.93996204146
5960.0 3.94554259081
5970.0 3.95112444472
5980.0 3.9567077339
5990.0 3.96229258832
6000.0 3.96787913708
6010.0 3.9734675084
6020.0 3.97905782945
6030.0 3.98465022639
6040.0 3.99024482419
6050.0 3.99584174664
6060.0 4.00144111623
6070.0 4.00704305414
6080.0 4.0126476801
6090.0 4.01825511239
6100.0 4.02386546778