0.0 0.0
30.0 0.0578267647058
35.0 0.0674645588234
40.0 0.0771023529409
45.0 0.0867401470584
50.0 0.0963779411759
55.0 0.106015735293
60.0 0.11565352941
65.0 0.125291323528
70.0 0.134929117644
75.0 0.144566911761
80.0 0.154204705877
85.0 0.163842499993
90.0 0.173480294107
95.0 0.183118088221
100.0 0.192755882333
105.0 0.202393676444
110.0 0.212031470552
115.0 0.221669264656
120.0 0.231307058756
125.0 0.24094485285
130.0 0.250582646936
135.0 0.260220441011
140.0 0.269858235073
145.0 0.279496029117
150.0 0.289133823137
155.0 0.298771617126
160.0 0.308409411076
165.0 0.318047204974
170.0 0.327684998805
175.0 0.337322792551
180.0 0.346960586185
185.0 0.356598379678
190.0 0.366236172989
195.0 0.375873966068
200.0 0.385511758853
205.0 0.395149551262
210.0 0.404787343197
215.0 0.414425134532
220.0 0.424062925111
225.0 0.433700714738
230.0 0.44333850317
235.0 0.452976290108
240.0 0.462614075178
245.0 0.472251857921
250.0 0.481889637771
255.0 0.491527414031
260.0 0.50116518585
265.0 0.510802952183
270.0 0.520440711758
275.0 0.530078463027
280.0 0.539716204107
285.0 0.549353932719
290.0 0.558991646108
295.0 0.568629340951
300.0 0.578267013249
305.0 0.587904658204
310.0 0.597542270068
315.0 0.607179841973
320.0 0.616817365733
325.0 0.626454831612
330.0 0.636092228058
335.0 0.645729541393
340.0 0.655366755467
345.0 0.665003851246
350.0 0.674640806356
355.0 0.684277594555
360.0 0.693914185135
365.0 0.703550542248
370.0 0.713186624144
375.0 0.722822382307
380.0 0.732457760497
385.0 0.74209269367
390.0 0.751727106777
395.0 0.76136091343
400.0 0.77099401442
405.0 0.780626296091
410.0 0.790257628539
415.0 0.799887863644
420.0 0.809516832927
425.0 0.8191443452
430.0 0.82877018404
435.0 0.838394105043
440.0 0.848015832885
445.0 0.857635058164
450.0 0.867251434037
455.0 0.876864572657
460.0 0.886474041397
465.0 0.896079358891
470.0 0.905679990895
475.0 0.915275345982
480.0 0.924864771097
485.0 0.934447546993
487.5 0.939236197479
490.0 0.944022883589
492.5 0.948807494722
495.0 0.953589915264
497.5 0.958370024437
500.0 0.963147696157
502.5 0.967922798887
505.0 0.972695195494
507.5 0.977464743114
510.0 0.982231293008
512.5 0.986994690432
515.0 0.991754774506
517.5 0.996511378087
520.0 1.00126432765
522.5 1.00601344317
525.0 1.010758538
527.5 1.01549941882
530.0 1.02023588545
532.5 1.02496773086
535.0 1.02969474103
537.5 1.03441669489
540.0 1.03913336428
542.5 1.04384451387
545.0 1.04854990116
547.5 1.05324927642
550.0 1.05794238271
552.5 1.06262895584
555.0 1.06730872441
557.5 1.07198140985
560.0 1.07664672644
562.5 1.08130438137
565.0 1.08595407484
566.25 1.08827584045
567.5 1.09059550015
568.75 1.09291301453
570.0 1.09522834377
571.25 1.09754144766
572.5 1.09985228555
573.75 1.1021608164
575.0 1.10446699878
576.25 1.10677079087
577.5 1.10907215044
578.75 1.11137103492
580.0 1.11366740133
581.25 1.11596120636
582.5 1.11825240632
583.75 1.12054095718
585.0 1.12282681455
586.25 1.12510993373
587.5 1.1273902697
588.75 1.12966777709
590.0 1.13194241025
591.25 1.13421412324
592.5 1.13648286981
593.75 1.13874860345
595.0 1.14101127739
596.25 1.14327084458
597.5 1.14552725775
598.75 1.14778046941
600.0 1.15003043181
601.25 1.15227709704
602.5 1.15452041696
603.75 1.15676034328
605.0 1.15899682752
606.25 1.16122982106
607.5 1.16345927514
608.75 1.16568514088
610.0 1.16790736928
611.25 1.17012591125
612.5 1.17234071763
613.75 1.1745517392
615.0 1.17675892667
616.25 1.17896223076
617.5 1.18116160214
618.75 1.1833569915
620.0 1.18554834957
621.25 1.18773562708
622.5 1.18991877487
623.75 1.1920977438
625.0 1.19427248487
626.25 1.19644294918
627.5 1.19860908796
628.75 1.20077085259
630.0 1.20292819464
631.25 1.20508106585
632.5 1.20722941818
633.75 1.20937320385
635.0 1.21151237529
636.25 1.21364688525
637.5 1.21577668673
638.75 1.2179017331
640.0 1.22002197802
641.25 1.22213737555
642.5 1.22424788011
643.75 1.22635344654
645.0 1.22845403009
646.25 1.23054958648
647.5 1.23264007188
648.75 1.23472544298
650.0 1.23680565697
651.25 1.23888067159
652.5 1.24095044514
653.75 1.2430149365
655.0 1.24507410518
656.25 1.24712791129
657.5 1.24917631562
658.75 1.25121927965
660.0 1.25325676552
661.25 1.25528873613
662.5 1.25731515512
663.75 1.2593359869
665.0 1.26135119666
666.25 1.26336075044
667.5 1.26536461508
668.75 1.26736275832
670.0 1.26935514875
671.25 1.27134175589
672.5 1.2733225502
673.75 1.27529750305
675.0 1.27726658682
676.25 1.27922977489
677.5 1.28118704163
678.75 1.28313836246
680.0 1.28508371387
681.25 1.28702307341
682.5 1.28895641976
683.75 1.2908837327
685.0 1.29280499316
686.25 1.29472018322
687.5 1.29662928616
688.75 1.29853228644
690.0 1.30042916975
691.25 1.30231992302
692.5 1.30420453443
693.75 1.30608299342
695.0 1.30795529074
696.25 1.30982141843
697.5 1.31168136987
698.75 1.31353513975
700.0 1.31538272413
701.25 1.31722412045
702.5 1.3190593275
703.75 1.3208883455
705.0 1.32271117604
706.25 1.32452782218
707.5 1.32633828836
708.75 1.32814258051
710.0 1.32994070598
711.25 1.33173267362
712.5 1.33351849372
713.75 1.33529817808
715.0 1.33707173999
716.25 1.33883919423
717.5 1.34060055708
718.75 1.34235584637
720.0 1.34410508142
721.25 1.34584828308
722.5 1.34758547373
723.75 1.34931667728
725.0 1.3510419192
726.25 1.35276122647
727.5 1.35447462761
728.75 1.35618215271
730.0 1.35788383337
731.25 1.35957970274
732.5 1.36126979552
733.75 1.36295414793
735.0 1.36463279773
736.25 1.36630578422
737.5 1.36797314822
738.75 1.36963493207
740.0 1.37129117961
741.25 1.37294193621
742.5 1.37458724873
743.75 1.37622716553
745.0 1.37786173644
746.25 1.37949101279
747.5 1.38111504734
748.75 1.38273389432
750.0 1.3843476094
751.25 1.38595624968
752.5 1.38755987366
753.75 1.38915854125
755.0 1.39075231374
756.25 1.3923412538
757.5 1.39392542544
758.75 1.395504894
760.0 1.39707972615
761.25 1.39864998984
762.5 1.40021575433
763.75 1.40177709011
765.0 1.40333406891
766.25 1.40488676369
767.5 1.40643524858
768.75 1.4079795989
770.0 1.40951989112
771.25 1.4110562028
772.5 1.41258861264
773.75 1.41411720037
775.0 1.41564204679
776.25 1.41716323371
777.5 1.41868084392
778.75 1.42019496117
780.0 1.42170567016
781.25 1.42321305645
782.5 1.42471720651
783.75 1.42621820761
785.0 1.42771614786
786.25 1.42921111609
787.5 1.43070320192
788.75 1.43219249563
790.0 1.43367908818
791.25 1.43516307114
792.5 1.43664454271
793.75 1.43812358722
795.0 1.43960030369
796.25 1.44107478607
797.5 1.44254712883
798.75 1.44401742693
800.0 1.4454857758
802.5 1.44841700964
805.0 1.45134160155
807.5 1.45426032765
810.0 1.45717396783