0.0 0.0
200.0 0.126328061651
210.0 0.132651512094
220.0 0.138975031805
230.0 0.145298615396
240.0 0.15162225811
250.0 0.157945955731
260.0 0.164269704498
270.0 0.170593501041
280.0 0.176917342331
290.0 0.18324122563
300.0 0.189565148457
310.0 0.195889108552
320.0 0.202213103856
330.0 0.208537132481
340.0 0.214861192695
350.0 0.221185282904
360.0 0.227509401637
370.0 0.233833547532
380.0 0.240157719327
390.0 0.24648191585
400.0 0.25280613601
410.0 0.259130378788
420.0 0.265454643235
430.0 0.27177892846
440.0 0.278103233628
450.0 0.284427557956
460.0 0.290751900708
470.0 0.297076261189
480.0 0.303400638747
490.0 0.309725032762
500.0 0.316049442652
510.0 0.322373867864
520.0 0.328698307874
530.0 0.335022762186
540.0 0.341347230328
550.0 0.347671711852
560.0 0.353996206331
570.0 0.360320713359
580.0 0.36664523255
590.0 0.372969763532
600.0 0.379294305955
610.0 0.38561885948
620.0 0.391943423785
630.0 0.398267998561
640.0 0.404592583513
650.0 0.410917178357
660.0 0.417241782821
670.0 0.423566396645
680.0 0.429891019578
690.0 0.436215651378
700.0 0.442540291814
710.0 0.448864940664
720.0 0.455189597711
730.0 0.46151426275
740.0 0.467838935581
750.0 0.474163616011
760.0 0.480488303856
770.0 0.486812998936
780.0 0.493137701077
790.0 0.499462410113
800.0 0.505787125881
810.0 0.512111848226
820.0 0.518436576996
830.0 0.524761312045
840.0 0.53108605323
850.0 0.537410800413
860.0 0.543735553462
870.0 0.550060312247
880.0 0.556385076643
890.0 0.562709846528
900.0 0.569034621784
910.0 0.575359402295
920.0 0.581684187951
930.0 0.588008978642
940.0 0.594333774264
950.0 0.600658574714
960.0 0.606983379893
970.0 0.613308189702
980.0 0.619633004048
990.0 0.625957822838
1000.0 0.632282645983
1010.0 0.638607473396
1020.0 0.644932304991
1030.0 0.651257140685
1040.0 0.657581980398
1050.0 0.66390682405
1060.0 0.670231671565
1070.0 0.676556522866
1080.0 0.682881377881
1090.0 0.689206236537
1100.0 0.695531098766
1110.0 0.701855964497
1120.0 0.708180833665
1130.0 0.714505706204
1140.0 0.720830582049
1150.0 0.727155461138
1160.0 0.733480343411
1170.0 0.739805228806
1180.0 0.746130117266
1190.0 0.752455008732
1200.0 0.758779903149
1210.0 0.765104800462
1220.0 0.771429700616
1230.0 0.777754603559
1240.0 0.784079509238
1250.0 0.790404417603
1260.0 0.796729328604
1270.0 0.803054242191
1280.0 0.809379158318
1290.0 0.815704076937
1300.0 0.822028998001
1310.0 0.828353921465
1320.0 0.834678847284
1330.0 0.841003775415
1340.0 0.847328705815
1350.0 0.85365363844
1360.0 0.85997857325
1370.0 0.866303510204
1380.0 0.872628449261
1390.0 0.878953390382
1400.0 0.885278333527
1410.0 0.891603278659
1420.0 0.897928225739
1430.0 0.904253174731
1440.0 0.910578125597
1450.0 0.916903078301
1460.0 0.923228032809
1470.0 0.929552989084
1480.0 0.935877947091
1490.0 0.942202906798
1500.0 0.94852786817
1510.0 0.954852831173
1520.0 0.961177795775
1530.0 0.967502761944
1540.0 0.973827729646
1550.0 0.980152698851
1560.0 0.986477669527
1570.0 0.992802641643
1580.0 0.999127615168
1590.0 1.00545259007
1600.0 1.01177756632
1610.0 1.01810254389
1620.0 1.02442752275
1630.0 1.03075250287
1640.0 1.03707748422
1650.0 1.04340246677
1660.0 1.0497274505
1670.0 1.05605243536
1680.0 1.06237742135
1690.0 1.06870240842
1700.0 1.07502739655
1710.0 1.08135238571
1720.0 1.08767737588
1730.0 1.09400236702
1740.0 1.10032735911
1750.0 1.10665235212
1760.0 1.11297734603
1770.0 1.1193023408
1780.0 1.12562733641
1790.0 1.13195233283
1800.0 1.13827733004
1810.0 1.144602328
1820.0 1.15092732669
1830.0 1.15725232608
1840.0 1.16357732615
1850.0 1.16990232686
1860.0 1.17622732819
1870.0 1.18255233011
1880.0 1.18887733259
1890.0 1.19520233561
1900.0 1.20152733913
1910.0 1.20785234313
1920.0 1.21417734758
1930.0 1.22050235244
1940.0 1.2268273577
1950.0 1.23315236332
1960.0 1.23947736927
1970.0 1.24580237552
1980.0 1.25212738204
1990.0 1.25845238879
2000.0 1.26477739576
2010.0 1.2711024029
2020.0 1.27742741018
2030.0 1.28375241758
2040.0 1.29007742506
2050.0 1.29640243258
2060.0 1.30272744011
2070.0 1.30905244761
2080.0 1.31537745506
2090.0 1.32170246241
2100.0 1.32802746963
2110.0 1.33435247668
2120.0 1.34067748352
2130.0 1.34700249011
2140.0 1.35332749642
2150.0 1.35965250241
2160.0 1.36597750803
2170.0 1.37230251323
2180.0 1.37862751799
2190.0 1.38495252225
2200.0 1.39127752597
2210.0 1.3976025291
2220.0 1.4039275316
2230.0 1.41025253341
2240.0 1.41657753449
2250.0 1.42290253479
2260.0 1.42922753425
2270.0 1.43555253283
2280.0 1.44187753046
2290.0 1.44820252709
2300.0 1.45452752267
2310.0 1.46085251713
2320.0 1.46717751042
2330.0 1.47350250246
2340.0 1.47982749321
2350.0 1.48615248258
2360.0 1.49247747052
2370.0 1.49880245696
2380.0 1.50512744182
2390.0 1.51145242502
2400.0 1.51777740651
2410.0 1.52410238619
2420.0 1.53042736399
2430.0 1.53675233982
2440.0 1.5430773136
2450.0 1.54940228525
2460.0 1.55572725467
2470.0 1.56205222177
2480.0 1.56837718647
2490.0 1.57470214865
2500.0 1.58102710822
2510.0 1.58735206507
2520.0 1.59367701911
2530.0 1.60000197021
2540.0 1.60632691827
2550.0 1.61265186318
2560.0 1.6189768048
2570.0 1.62530174302
2580.0 1.63162667771
2590.0 1.63795160874
2600.0 1.64427653598
2610.0 1.65060145928
2620.0 1.65692637851
2630.0 1.66325129351
2640.0 1.66957620414
2650.0 1.67590111024
2660.0 1.68222601164
2670.0 1.68855090819
2680.0 1.69487579971
2690.0 1.70120068602
2700.0 1.70752556695
2710.0 1.71385044231
2720.0 1.72017531191
2730.0 1.72650017554
2740.0 1.73282503301
2750.0 1.73914988411
2760.0 1.74547472862
2770.0 1.75179956632
2780.0 1.75812439698
2790.0 1.76444922036
2800.0 1.77077403622
2810.0 1.77709884432
2820.0 1.78342364439
2830.0 1.78974843617
2840.0 1.79607321939
2850.0 1.80239799377
2860.0 1.80872275902
2870.0 1.81504751484
2880.0 1.82137226093
2890.0 1.82769699697
2900.0 1.83402172264
2910.0 1.84034643761
2920.0 1.84667114153
2930.0 1.85299583406
2940.0 1.85932051482
2950.0 1.86564518345
2960.0 1.87196983957
2970.0 1.87829448277
2980.0 1.88461911266
2990.0 1.89094372881
3000.0 1.8972683308
3010.0 1.90359291819
3020.0 1.90991749052
3030.0 1.91624204732
3040.0 1.92256658812
3050.0 1.92889111243
3060.0 1.93521561974
3070.0 1.94154010952
3080.0 1.94786458124
3090.0 1.95418903436
3100.0 1.96051346831
3110.0 1.96683788251
3120.0 1.97316227636
3130.0 1.97948664924
3140.0 1.98581100054
3150.0 1.99213532961
3160.0 1.99845963578
3170.0 2.00478391836
3180.0 2.01110817667
3190.0 2.01743240998
3200.0 2.02375661755
3210.0 2.03008079864
3220.0 2.03640495245
3230.0 2.04272907819
3240.0 2.04905317505
3250.0 2.05537724218
3260.0 2.06170127873
3270.0 2.06802528379
3280.0 2.07434925648
3290.0 2.08067319586
3300.0 2.08699710097
3310.0 2.09332097082
3320.0 2.09964480443
3330.0 2.10596860076
3340.0 2.11229235874
3350.0 2.1186160773
3360.0 2.12493975533
3370.0 2.13126339168
3380.0 2.13758698519
3390.0 2.14391053467
3400.0 2.15023403888
3410.0 2.15655749657
3420.0 2.16288090645
3430.0 2.1692042672
3440.0 2.17552757747
3450.0 2.18185083588
3460.0 2.188174041
3470.0 2.19449719139
3480.0 2.20082028554
3490.0 2.20714332195
3500.0 2.21346629905
3510.0 2.21978921524
3520.0 2.22611206889
3530.0 2.23243485832
3540.0 2.23875758182
3550.0 2.24508023763
3560.0 2.25140282396
3570.0 2.25772533897
3580.0 2.26404778078
3590.0 2.27037014747
3600.0 2.27669243707
3610.0 2.28301464756
3620.0 2.2893367769
3630.0 2.29565882297
3640.0 2.30198078362
3650.0 2.30830265665
3660.0 2.31462443981
3670.0 2.32094613079
3680.0 2.32726772725
3690.0 2.33358922678
3700.0 2.33991062693
3710.0 2.34623192517
3720.0 2.35255311895
3730.0 2.35887420565
3740.0 2.36519518258
3750.0 2.371516047
3760.0 2.37783679613
3770.0 2.3841574271
3780.0 2.39047793701
3790.0 2.39679832286
3800.0 2.40311858163
3810.0 2.40943871021
3820.0 2.41575870543
3830.0 2.42207856405
3840.0 2.42839828278
3850.0 2.43471785823
3860.0 2.44103728698
3870.0 2.44735656552
3880.0 2.45367569027
3890.0 2.45999465756
3900.0 2.46631346369
3910.0 2.47263210484
3920.0 2.47895057714
3930.0 2.48526887665
3940.0 2.49158699933
3950.0 2.49790494106
3960.0 2.50422269768
3970.0 2.51054026489
3980.0 2.51685763835
3990.0 2.52317481363
4000.0 2.52949178621
4010.0 2.53580855147
4020.0 2.54212510473
4030.0 2.5484414412
4040.0 2.55475755602
4050.0 2.56107344422
4060.0 2.56738910076
4070.0 2.57370452048
4080.0 2.58001969815
4090.0 2.58633462843
4100.0 2.59264930589
4110.0 2.59896372502
4120.0 2.60527788017
4130.0 2.61159176563
4140.0 2.61790537556
4150.0 2.62421870404
4160.0 2.63053174504
4170.0 2.63684449242
4180.0 2.64315693993
4190.0 2.64946908124
4200.0 2.65578090987
4210.0 2.66209241927
4220.0 2.66840360275
4230.0 2.67471445354
4240.0 2.68102496473
4250.0 2.6873351293
4260.0 2.69364494013
4270.0 2.69995438997
4280.0 2.70626347147
4290.0 2.71257217713
4300.0 2.71888049937
4310.0 2.72518843046
4320.0 2.73149596257
4330.0 2.73780308772
4340.0 2.74410979784
4350.0 2.75041608472
4360.0 2.75672194001
4370.0 2.76302735525
4380.0 2.76933232186
4390.0 2.77563683112
4400.0 2.78194087417
4410.0 2.78824444204
4420.0 2.79454752563
4430.0 2.80085011568
4440.0 2.80715220282
4450.0 2.81345377755
4460.0 2.81975483022
4470.0 2.82605535105
4480.0 2.83235533013
4490.0 2.8386547574
4500.0 2.84495362268
4510.0 2.85125191563
4520.0 2.85754962578
4530.0 2.86384674253
4540.0 2.87014325513
4550.0 2.87643915268
4560.0 2.88273442416
4570.0 2.88902905838
4580.0 2.89532304404
4590.0 2.90161636966
4600.0 2.90790902364
4610.0 2.91420099424
4620.0 2.92049226955
4630.0 2.92678283754
4640.0 2.93307268601
4650.0 2.93936180264
4660.0 2.94565017496
4670.0 2.95193779032
4680.0 2.95822463597
4690.0 2.96451069898
4700.0 2.9707959663
4710.0 2.9770804247
4720.0 2.98336406083
4730.0 2.98964686118
4740.0 2.9959288121
4750.0 3.00220989979
4760.0 3.0084901103
4770.0 3.01476942954
4780.0 3.02104784328
4790.0 3.02732533712
4800.0 3.03360189653
4810.0 3.03987750684
4820.0 3.04615215322
4830.0 3.05242582072
4840.0 3.05869849422
4850.0 3.06497015847
4860.0 3.07124079806
4870.0 3.07751039748
4880.0 3.08377894103
4890.0 3.0900464129
4900.0 3.09631279712
4910.0 3.10257807761
4920.0 3.10884223812
4930.0 3.11510526229
4940.0 3.1213671336
4950.0 3.12762783542
4960.0 3.13388735096
4970.0 3.14014566333
4980.0 3.14640275548
4990.0 3.15265861024
5000.0 3.15891321033
5010.0 3.16516653832
5020.0 3.17141857666
5030.0 3.17766930768
5040.0 3.18391871359
5050.0 3.19016677649
5060.0 3.19641347833
5070.0 3.20265880099
5080.0 3.20890272619
5090.0 3.21514523557
5100.0 3.22138631065
5110.0 3.22762593283
5120.0 3.23386408343
5130.0 3.24010074365
5140.0 3.24633589458
5150.0 3.25256951724
5160.0 3.25880159253
5170.0 3.26503210126
5180.0 3.27126102415
5190.0 3.27748834185
5200.0 3.28371403489
5210.0 3.28993808375
5220.0 3.29616046882
5230.0 3.3023811704
5240.0 3.30860016874
5250.0 3.314817444
5260.0 3.32103297627
5270.0 3.3272467456
5280.0 3.33345873197
5290.0 3.33966891528
5300.0 3.3458772754
5310.0 3.35208379215
5320.0 3.35828844529
5330.0 3.36449121454
5340.0 3.3706920796
5350.0 3.37689102011
5360.0 3.38308801568
5370.0 3.38928304591
5380.0 3.39547609036
5390.0 3.40166712859
5400.0 3.4078561401
5410.0 3.41404310444
5420.0 3.4202280011
5430.0 3.42641080961
5440.0 3.43259150946
5450.0 3.43877008018
5460.0 3.44494650129
5470.0 3.45112075233
5480.0 3.45729281287
5490.0 3.4634626625
5500.0 3.46963028081
5510.0 3.47579564748
5520.0 3.48195874217
5530.0 3.48811954463
5540.0 3.49427803463
5550.0 3.50043419201
5560.0 3.50658799665
5570.0 3.51273942851
5580.0 3.51888846762
5590.0 3.52503509407
5600.0 3.53117928803
5610.0 3.53732102977
5620.0 3.54346029964
5630.0 3.54959707809
5640.0 3.55573134565
5650.0 3.56186308298
5660.0 3.56799227085
5670.0 3.57411889014
5680.0 3.58024292184
5690.0 3.58636434709
5700.0 3.59248314715
5710.0 3.59859930343
5720.0 3.60471279747
5730.0 3.61082361097
5740.0 3.61693172578
5750.0 3.62303712394
5760.0 3.62913978761
5770.0 3.63523969915
5780.0 3.64133684111
5790.0 3.64743119621
5800.0 3.65352274735
5810.0 3.65961147766
5820.0 3.66569737044
5830.0 3.67178040921
5840.0 3.67786057771
5850.0 3.6839378599
5860.0 3.69001223995
5870.0 3.69608370227
5880.0 3.70215223153
5890.0 3.7082178126
5900.0 3.71428043064
5910.0 3.72034007104
5920.0 3.72639671946
5930.0 3.73245036182
5940.0 3.73850098432
5950.0 3.74454857344
5960.0 3.75059311593
5970.0 3.75663459884
5980.0 3.76267300951
5990.0 3.76870833559
6000.0 3.77474056503
6010.0 3.78076968608
6020.0 3.78679568733
6030.0 3.79281855768
6040.0 3.79883828635
6050.0 3.80485486291
6060.0 3.81086827726
6070.0 3.81687851964
6080.0 3.82288558065
6090.0 3.82888945125
6100.0 3.83489012273
6110.0 3.84088758678
6120.0 3.84688183543
6130.0 3.85287286111
6140.0 3.85886065661
6150.0 3.86484521512
6160.0 3.87082653021
6170.0 3.87680459584
6180.0 3.88277940638
6190.0 3.88875095659
6200.0 3.89471924165
6210.0 3.90068425715
6220.0 3.90664599908
6230.0 3.91260446387
6240.0 3.91855964837
6250.0 3.92451154984
6260.0 3.930460166
6270.0 3.93640549499
6280.0 3.94234753539
6290.0 3.94828628622
6300.0 3.95422174696
6310.0 3.96015391753
6320.0 3.96608279831
6330.0 3.97200839012
6340.0 3.97793069426
6350.0 3.98384971248
6360.0 3.989765447
6370.0 3.99567790052
6380.0 4.00158707619
6390.0 4.00749297764
6400.0 4.01339560897
6410.0 4.01929497479
6420.0 4.02519108015
6430.0 4.03108393059
6440.0 4.03697353216
6450.0 4.04285989137
6460.0 4.04874301522
6470.0 4.05462291121
6480.0 4.06049958732
6490.0 4.06637305203
6500.0 4.0722433143