0.0 0.0
200.0 0.126377466613
210.0 0.132706233599
220.0 0.13903507332
230.0 0.145363979919
240.0 0.151692948243
250.0 0.158021973733
260.0 0.16435105233
270.0 0.170680180409
280.0 0.177009354714
290.0 0.18333857231
300.0 0.18966783054
310.0 0.195997126994
320.0 0.202326459474
330.0 0.208655825971
340.0 0.214985224647
350.0 0.221314653808
360.0 0.227644111898
370.0 0.233973597477
380.0 0.240303109212
390.0 0.246632645869
400.0 0.252962206298
410.0 0.25929178943
420.0 0.265621394267
430.0 0.271951019875
440.0 0.278280665381
450.0 0.284610329967
460.0 0.290940012864
470.0 0.297269713347
480.0 0.303599430736
490.0 0.309929164388
500.0 0.316258913698
510.0 0.322588678091
520.0 0.328918457025
530.0 0.335248249986
540.0 0.341578056486
550.0 0.347907876062
560.0 0.354237708274
570.0 0.360567552703
580.0 0.36689740895
590.0 0.373227276636
600.0 0.379557155397
610.0 0.385887044888
620.0 0.392216944778
630.0 0.39854685475
640.0 0.404876774502
650.0 0.411206703745
660.0 0.417536642199
670.0 0.423866589599
680.0 0.430196545689
690.0 0.436526510224
700.0 0.442856482968
710.0 0.449186463693
720.0 0.455516452182
730.0 0.461846448224
740.0 0.468176451618
750.0 0.474506462167
760.0 0.480836479685
770.0 0.48716650399
780.0 0.493496534907
790.0 0.499826572266
800.0 0.506156615905
810.0 0.512486665665
820.0 0.518816721395
830.0 0.525146782945
840.0 0.531476850174
850.0 0.537806922943
860.0 0.544137001118
870.0 0.550467084569
880.0 0.55679717317
890.0 0.563127266799
900.0 0.569457365338
910.0 0.57578746867
920.0 0.582117576685
930.0 0.588447689275
940.0 0.594777806333
950.0 0.601107927758
960.0 0.607438053449
970.0 0.61376818331
980.0 0.620098317247
990.0 0.626428455167
1000.0 0.632758596982
1010.0 0.639088742605
1020.0 0.64541889195
1030.0 0.651749044936
1040.0 0.658079201481
1050.0 0.664409361507
1060.0 0.670739524938
1070.0 0.677069691699
1080.0 0.683399861717
1090.0 0.689730034921
1100.0 0.696060211242
1110.0 0.702390390611
1120.0 0.708720572963
1130.0 0.715050758232
1140.0 0.721380946355
1150.0 0.72771113727
1160.0 0.734041330918
1170.0 0.740371527237
1180.0 0.746701726171
1190.0 0.753031927663
1200.0 0.759362131657
1210.0 0.765692338099
1220.0 0.772022546936
1230.0 0.778352758114
1240.0 0.784682971584
1250.0 0.791013187294
1260.0 0.797343405196
1270.0 0.803673625241
1280.0 0.810003847383
1290.0 0.816334071574
1300.0 0.822664297768
1310.0 0.828994525922
1320.0 0.835324755991
1330.0 0.841654987932
1340.0 0.847985221702
1350.0 0.854315457259
1360.0 0.860645694563
1370.0 0.866975933573
1380.0 0.87330617425
1390.0 0.879636416553
1400.0 0.885966660446
1410.0 0.892296905889
1420.0 0.898627152845
1430.0 0.904957401278
1440.0 0.911287651151
1450.0 0.917617902429
1460.0 0.923948155075
1470.0 0.930278409056
1480.0 0.936608664337
1490.0 0.942938920884
1500.0 0.949269178663
1510.0 0.955599437641
1520.0 0.961929697785
1530.0 0.968259959064
1540.0 0.974590221445
1550.0 0.980920484895
1560.0 0.987250749385
1570.0 0.993581014882
1580.0 0.999911281355
1590.0 1.00624154878
1600.0 1.01257181711
1610.0 1.01890208633
1620.0 1.02523235641
1630.0 1.03156262731
1640.0 1.03789289901
1650.0 1.04422317148
1660.0 1.05055344468
1670.0 1.05688371859
1680.0 1.06321399319
1690.0 1.06954426843
1700.0 1.0758745443
1710.0 1.08220482076
1720.0 1.08853509778
1730.0 1.09486537534
1740.0 1.10119565341
1750.0 1.10752593195
1760.0 1.11385621095
1770.0 1.12018649037
1780.0 1.12651677018
1790.0 1.13284705036
1800.0 1.13917733087
1810.0 1.14550761168
1820.0 1.15183789278
1830.0 1.15816817412
1840.0 1.16449845568
1850.0 1.17082873743
1860.0 1.17715901934
1870.0 1.18348930138
1880.0 1.18981958352
1890.0 1.19614986572
1900.0 1.20248014797
1910.0 1.20881043022
1920.0 1.21514071244
1930.0 1.22147099461
1940.0 1.2278012767
1950.0 1.23413155866
1960.0 1.24046184046
1970.0 1.24679212208
1980.0 1.25312240348
1990.0 1.25945268462
2000.0 1.26578296547
2010.0 1.27211324599
2020.0 1.27844352616
2030.0 1.28477380592
2040.0 1.29110408525
2050.0 1.2974343641
2060.0 1.30376464244
2070.0 1.31009492023
2080.0 1.31642519743
2090.0 1.32275547399
2100.0 1.32908574988
2110.0 1.33541602505
2120.0 1.34174629946
2130.0 1.34807657306
2140.0 1.35440684581
2150.0 1.36073711767
2160.0 1.36706738857
2170.0 1.37339765849
2180.0 1.37972792736
2190.0 1.38605819513
2200.0 1.39238846176
2210.0 1.39871872719
2220.0 1.40504899136
2230.0 1.41137925422
2240.0 1.41770951571
2250.0 1.42403977577
2260.0 1.43037003434
2270.0 1.43670029136
2280.0 1.44303054676
2290.0 1.44936080048
2300.0 1.45569105245
2310.0 1.46202130261
2320.0 1.46835155087
2330.0 1.47468179718
2340.0 1.48101204145
2350.0 1.4873422836
2360.0 1.49367252356
2370.0 1.50000276124
2380.0 1.50633299657
2390.0 1.51266322945
2400.0 1.5189934598
2410.0 1.52532368753
2420.0 1.53165391254
2430.0 1.53798413474
2440.0 1.54431435402
2450.0 1.55064457029
2460.0 1.55697478344
2470.0 1.56330499336
2480.0 1.56963519994
2490.0 1.57596540308
2500.0 1.58229560264
2510.0 1.58862579851
2520.0 1.59495599057
2530.0 1.60128617869
2540.0 1.60761636274
2550.0 1.61394654257
2560.0 1.62027671805
2570.0 1.62660688905
2580.0 1.6329370554
2590.0 1.63926721696
2600.0 1.64559737358
2610.0 1.65192752508
2620.0 1.65825767131
2630.0 1.6645878121
2640.0 1.67091794726
2650.0 1.67724807663
2660.0 1.68357820001
2670.0 1.68990831721
2680.0 1.69623842803
2690.0 1.70256853228
2700.0 1.70889862975
2710.0 1.71522872021
2720.0 1.72155880346
2730.0 1.72788887926
2740.0 1.73421894738
2750.0 1.74054900758
2760.0 1.74687905962
2770.0 1.75320910324
2780.0 1.75953913817
2790.0 1.76586916416
2800.0 1.77219918092
2810.0 1.77852918817
2820.0 1.78485918561
2830.0 1.79118917296
2840.0 1.79751914989
2850.0 1.80384911609
2860.0 1.81017907123
2870.0 1.81650901499
2880.0 1.82283894701
2890.0 1.82916886693
2900.0 1.8354987744
2910.0 1.84182866903
2920.0 1.84815855045
2930.0 1.85448841826
2940.0 1.86081827204
2950.0 1.86714811139
2960.0 1.87347793586
2970.0 1.87980774503
2980.0 1.88613753844
2990.0 1.89246731561
3000.0 1.89879707608
3010.0 1.90512681935
3020.0 1.91145654492
3030.0 1.91778625226
3040.0 1.92411594085
3050.0 1.93044561013
3060.0 1.93677525956
3070.0 1.94310488854
3080.0 1.94943449649
3090.0 1.9557640828
3100.0 1.96209364686
3110.0 1.96842318801
3120.0 1.9747527056
3130.0 1.98108219896
3140.0 1.98741166739
3150.0 1.99374111019
3160.0 2.00007052663
3170.0 2.00639991597
3180.0 2.01272927743
3190.0 2.01905861022
3200.0 2.02538791356
3210.0 2.0317171866
3220.0 2.0380464285
3230.0 2.0443756384
3240.0 2.0507048154
3250.0 2.05703395858
3260.0 2.06336306702
3270.0 2.06969213974
3280.0 2.07602117578
3290.0 2.08235017411
3300.0 2.08867913371
3310.0 2.09500805352
3320.0 2.10133693245
3330.0 2.10766576939
3340.0 2.11399456321
3350.0 2.12032331273
3360.0 2.12665201677
3370.0 2.13298067409
3380.0 2.13930928345
3390.0 2.14563784356
3400.0 2.15196635311
3410.0 2.15829481076
3420.0 2.16462321512
3430.0 2.17095156479
3440.0 2.17727985833
3450.0 2.18360809425
3460.0 2.18993627105
3470.0 2.19626438719
3480.0 2.20259244107
3490.0 2.20892043108
3500.0 2.21524835557
3510.0 2.22157621283
3520.0 2.22790400115
3530.0 2.23423171874
3540.0 2.24055936379
3550.0 2.24688693445
3560.0 2.25321442882
3570.0 2.25954184497
3580.0 2.26586918092
3590.0 2.27219643464
3600.0 2.27852360406
3610.0 2.28485068706
3620.0 2.29117768149
3630.0 2.29750458514
3640.0 2.30383139575
3650.0 2.31015811101
3660.0 2.31648472856
3670.0 2.32281124601
3680.0 2.32913766089
3690.0 2.3354639707
3700.0 2.34179017286
3710.0 2.34811626477
3720.0 2.35444224374
3730.0 2.36076810706
3740.0 2.36709385193
3750.0 2.37341947552
3760.0 2.37974497491
3770.0 2.38607034715
3780.0 2.39239558922
3790.0 2.39872069803
3800.0 2.40504567043
3810.0 2.41137050322
3820.0 2.41769519312
3830.0 2.42401973679
3840.0 2.43034413082
3850.0 2.43666837174
3860.0 2.442992456
3870.0 2.44931638
3880.0 2.45564014005
3890.0 2.46196373239
3900.0 2.46828715319
3910.0 2.47461039857
3920.0 2.48093346453
3930.0 2.48725634704
3940.0 2.49357904195
3950.0 2.49990154506
3960.0 2.5062238521
3970.0 2.51254595868
3980.0 2.51886786037
3990.0 2.52518955264
4000.0 2.53151103087
4010.0 2.53783229036
4020.0 2.54415332635
4030.0 2.55047413394
4040.0 2.5567947082
4050.0 2.56311504406
4060.0 2.56943513641
4070.0 2.57575498
4080.0 2.58207456953
4090.0 2.58839389958
4100.0 2.59471296464
4110.0 2.60103175911
4120.0 2.6073502773
4130.0 2.61366851341
4140.0 2.61998646154
4150.0 2.6263041157
4160.0 2.63262146979
4170.0 2.63893851762
4180.0 2.64525525288
4190.0 2.65157166918
4200.0 2.65788776
4210.0 2.66420351871
4220.0 2.67051893861
4230.0 2.67683401286
4240.0 2.68314873451
4250.0 2.68946309651
4260.0 2.69577709169
4270.0 2.70209071279
4280.0 2.7084039524
4290.0 2.71471680302
4300.0 2.72102925703
4310.0 2.72734130669
4320.0 2.73365294414
4330.0 2.7399641614
4340.0 2.74627495039
4350.0 2.75258530287
4360.0 2.75889521053
4370.0 2.76520466488
4380.0 2.77151365735
4390.0 2.77782217923
4400.0 2.78413022168
4410.0 2.79043777574
4420.0 2.79674483233
4430.0 2.80305138221
4440.0 2.80935741606
4450.0 2.81566292439
4460.0 2.82196789759
4470.0 2.82827232593
4480.0 2.83457619954
4490.0 2.84087950842
4500.0 2.84718224242
4510.0 2.85348439128
4520.0 2.85978594459
4530.0 2.86608689181
4540.0 2.87238722227
4550.0 2.87868692514
4560.0 2.88498598947
4570.0 2.89128440418
4580.0 2.89758215804
4590.0 2.90387923968
4600.0 2.91017563759
4610.0 2.91647134012
4620.0 2.92276633549
4630.0 2.92906061177
4640.0 2.93535415688
4650.0 2.94164695863
4660.0 2.94793900465
4670.0 2.95423028246
4680.0 2.96052077941
4690.0 2.96681048272
4700.0 2.97309937948
4710.0 2.97938745663
4720.0 2.98567470095
4730.0 2.99196109909
4740.0 2.99824663757
4750.0 3.00453130275
4760.0 3.01081508085
4770.0 3.01709795796
4780.0 3.02337992
4790.0 3.02966095278
4800.0 3.03594104196
4810.0 3.04222017303
4820.0 3.04849833139
4830.0 3.05477550225
4840.0 3.06105167071
4850.0 3.06732682172
4860.0 3.07360094008
4870.0 3.07987401048
4880.0 3.08614601744
4890.0 3.09241694537
4900.0 3.09868677852
4910.0 3.10495550102
4920.0 3.11122309685
4930.0 3.11748954988
4940.0 3.12375484381
4950.0 3.13001896225
4960.0 3.13628188864
4970.0 3.14254360632
4980.0 3.14880409848
4990.0 3.1550633482
5000.0 3.16132133841
5010.0 3.16757805193
5020.0 3.17383347147
5030.0 3.18008757958
5040.0 3.18634035872
5050.0 3.19259179122
5060.0 3.1988418593
5070.0 3.20509054504
5080.0 3.21133783043
5090.0 3.21758369734
5100.0 3.22382812753
5110.0 3.23007110264
5120.0 3.23631260421
5130.0 3.24255261369
5140.0 3.24879111241
5150.0 3.25502808159
5160.0 3.26126350237
5170.0 3.26749735578
5180.0 3.27372962278
5190.0 3.2799602842
5200.0 3.28618932082
5210.0 3.2924167133
5220.0 3.29864244224
5230.0 3.30486648814
5240.0 3.31108883144
5250.0 3.31730945248
5260.0 3.32352833155
5270.0 3.32974544887
5280.0 3.33596078456
5290.0 3.34217431871
5300.0 3.34838603133
5310.0 3.35459590238
5320.0 3.36080391178
5330.0 3.36701003935
5340.0 3.37321426492
5350.0 3.37941656823
5360.0 3.38561692901
5370.0 3.39181532693
5380.0 3.39801174163
5390.0 3.40420615273
5400.0 3.41039853981
5410.0 3.41658888243
5420.0 3.42277716014
5430.0 3.42896335246
5440.0 3.4351474389
5450.0 3.44132939898
5460.0 3.44750921219
5470.0 3.45368685803
5480.0 3.45986231602
5490.0 3.46603556567
5500.0 3.47220658651
5510.0 3.47837535809
5520.0 3.48454185996
5530.0 3.49070607173
5540.0 3.49686797301
5550.0 3.50302754348
5560.0 3.50918476281
5570.0 3.51533961077
5580.0 3.52149206713
5590.0 3.52764211175
5600.0 3.53378972452
5610.0 3.53993488541
5620.0 3.54607757446
5630.0 3.55221777177
5640.0 3.55835545753
5650.0 3.564490612
5660.0 3.57062321554
5670.0 3.5767532486
5680.0 3.58288069173
5690.0 3.58900552556
5700.0 3.59512773086
5710.0 3.6012472885
5720.0 3.60736417947
5730.0 3.61347838488
5740.0 3.61958988597
5750.0 3.62569866411
5760.0 3.63180470083
5770.0 3.63790797778
5780.0 3.64400847677
5790.0 3.65010617977
5800.0 3.65620106891
5810.0 3.66229312647
5820.0 3.66838233494
5830.0 3.67446867694
5840.0 3.68055213532
5850.0 3.68663269307
5860.0 3.69271033341
5870.0 3.69878503975
5880.0 3.7048567957
5890.0 3.71092558508
5900.0 3.71699139193
5910.0 3.72305420052
5920.0 3.72911399532
5930.0 3.73517076105
5940.0 3.74122448268
5950.0 3.7472751454
5960.0 3.75332273466
5970.0 3.75936723616
5980.0 3.76540863586
5990.0 3.77144691999
6000.0 3.77748207504
6010.0 3.78351408779
6020.0 3.78954294528
6030.0 3.79556863487
6040.0 3.80159114417
6050.0 3.80761046111
6060.0 3.81362657393
6070.0 3.81963947116
6080.0 3.82564914164
6090.0 3.83165557454
6100.0 3.83765875936
6110.0 3.8436586859
6120.0 3.84965534431
6130.0 3.85564872509
6140.0 3.86163881905
6150.0 3.86762561737
6160.0 3.87360911158
6170.0 3.87958929356
6180.0 3.88556615555
6190.0 3.89153969017
6200.0 3.89750989039
6210.0 3.90347674958
6220.0 3.90944026147
6230.0 3.91540042017
6240.0 3.92135722019
6250.0 3.92731065643
6260.0 3.93326072419
6270.0 3.93920741916
6280.0 3.94515073744
6290.0 3.95109067554
6300.0 3.95702723038
6310.0 3.9629603993
6320.0 3.96889018005
6330.0 3.97481657081
6340.0 3.98073957018
6350.0 3.9866591772
6360.0 3.99257539134
6370.0 3.9984882125
6380.0 4.00439764103
6390.0 4.0103036777
6400.0 4.01620632376
6410.0 4.02210558088
6420.0 4.02800145119
6430.0 4.03389393728
6440.0 4.03978304218
6450.0 4.04566876939
6460.0 4.05155112287
6470.0 4.05743010703
6480.0 4.06330572678
6490.0 4.06917798745
6500.0 4.07504689486