0.0 0.0
200.0 0.126406897123
210.0 0.132734036203
220.0 0.139061257727
230.0 0.145388555479
240.0 0.151715923964
250.0 0.158043358298
260.0 0.164370854117
270.0 0.170698407503
280.0 0.177026014926
290.0 0.183353673191
300.0 0.189681379396
310.0 0.196009130896
320.0 0.202336925273
330.0 0.208664760309
340.0 0.214992633966
350.0 0.221320544365
360.0 0.227648489767
370.0 0.233976468564
380.0 0.240304479261
390.0 0.246632520469
400.0 0.252960590891
410.0 0.259288689318
420.0 0.265616814618
430.0 0.27194496573
440.0 0.278273141657
450.0 0.284601341464
460.0 0.29092956427
470.0 0.297257809244
480.0 0.303586075601
490.0 0.3099143626
500.0 0.31624266954
510.0 0.322570995755
520.0 0.328899340616
530.0 0.335227703524
540.0 0.341556083908
550.0 0.347884481228
560.0 0.354212894968
570.0 0.360541324637
580.0 0.366869769764
590.0 0.373198229902
600.0 0.379526704622
610.0 0.385855193515
620.0 0.392183696188
630.0 0.398512212266
640.0 0.404840741388
650.0 0.411169283209
660.0 0.417497837396
670.0 0.423826403631
680.0 0.430154981607
690.0 0.43648357103
700.0 0.442812171614
710.0 0.449140783088
720.0 0.455469405188
730.0 0.461798037659
740.0 0.468126680256
750.0 0.474455332743
760.0 0.480783994891
770.0 0.48711266648
780.0 0.493441347296
790.0 0.499770037133
800.0 0.506098735791
810.0 0.512427443077
820.0 0.518756158803
830.0 0.525084882788
840.0 0.531413614856
850.0 0.537742354837
860.0 0.544071102565
870.0 0.55039985788
880.0 0.556728620625
890.0 0.563057390649
900.0 0.569386167806
910.0 0.575714951952
920.0 0.582043742949
930.0 0.58837254066
940.0 0.594701344955
950.0 0.601030155705
960.0 0.607358972786
970.0 0.613687796076
980.0 0.620016625457
990.0 0.626345460814
1000.0 0.632674302035
1010.0 0.639003149009
1020.0 0.64533200163
1030.0 0.651660859794
1040.0 0.657989723398
1050.0 0.664318592344
1060.0 0.670647466534
1070.0 0.676976345874
1080.0 0.683305230271
1090.0 0.689634119634
1100.0 0.695963013875
1110.0 0.702291912908
1120.0 0.708620816647
1130.0 0.71494972501
1140.0 0.721278637915
1150.0 0.727607555284
1160.0 0.733936477039
1170.0 0.740265403103
1180.0 0.746594333402
1190.0 0.752923267864
1200.0 0.759252206415
1210.0 0.765581148987
1220.0 0.77191009551
1230.0 0.778239045917
1240.0 0.784568000141
1250.0 0.790896958118
1260.0 0.797225919783
1270.0 0.803554885074
1280.0 0.80988385393
1290.0 0.81621282629
1300.0 0.822541802094
1310.0 0.828870781284
1320.0 0.835199763803
1330.0 0.841528749594
1340.0 0.847857738602
1350.0 0.854186730771
1360.0 0.86051572605
1370.0 0.866844724383
1380.0 0.873173725719
1390.0 0.879502730008
1400.0 0.885831737197
1410.0 0.892160747238
1420.0 0.898489760081
1430.0 0.904818775678
1440.0 0.91114779398
1450.0 0.917476814942
1460.0 0.923805838515
1470.0 0.930134864655
1480.0 0.936463893315
1490.0 0.942792924451
1500.0 0.949121958019
1510.0 0.955450993975
1520.0 0.961780032274
1530.0 0.968109072876
1540.0 0.974438115736
1550.0 0.980767160814
1560.0 0.987096208066
1570.0 0.993425257453
1580.0 0.999754308933
1590.0 1.00608336247
1600.0 1.01241241801
1610.0 1.01874147553
1620.0 1.02507053498
1630.0 1.03139959633
1640.0 1.03772865953
1650.0 1.04405772454
1660.0 1.05038679134
1670.0 1.05671585987
1680.0 1.0630449301
1690.0 1.06937400199
1700.0 1.07570307551
1710.0 1.08203215062
1720.0 1.08836122727
1730.0 1.09469030544
1740.0 1.10101938508
1750.0 1.10734846615
1760.0 1.11367754863
1770.0 1.12000663246
1780.0 1.12633571762
1790.0 1.13266480407
1800.0 1.13899389176
1810.0 1.14532298066
1820.0 1.15165207074
1830.0 1.15798116195
1840.0 1.16431025425
1850.0 1.17063934762
1860.0 1.176968442
1870.0 1.18329753737
1880.0 1.18962663368
1890.0 1.19595573089
1900.0 1.20228482897
1910.0 1.20861392787
1920.0 1.21494302755
1930.0 1.22127212798
1940.0 1.22760122911
1950.0 1.2339303309
1960.0 1.24025943331
1970.0 1.2465885363
1980.0 1.25291763983
1990.0 1.25924674384
2000.0 1.26557584831
2010.0 1.27190495318
2020.0 1.27823405841
2030.0 1.28456316395
2040.0 1.29089226976
2050.0 1.2972213758
2060.0 1.303550482
2070.0 1.30987958833
2080.0 1.31620869474
2090.0 1.32253780117
2100.0 1.32886690758
2110.0 1.33519601391
2120.0 1.34152512012
2130.0 1.34785422614
2140.0 1.35418333192
2150.0 1.3605124374
2160.0 1.36684154254
2170.0 1.37317064727
2180.0 1.37949975152
2190.0 1.38582885525
2200.0 1.39215795839
2210.0 1.39848706088
2220.0 1.40481616264
2230.0 1.41114526362
2240.0 1.41747436375
2250.0 1.42380346295
2260.0 1.43013256117
2270.0 1.43646165831
2280.0 1.44279075432
2290.0 1.44911984912
2300.0 1.45544894262
2310.0 1.46177803474
2320.0 1.46810712541
2330.0 1.47443621455
2340.0 1.48076530206
2350.0 1.48709438786
2360.0 1.49342347185
2370.0 1.49975255396
2380.0 1.50608163407
2390.0 1.51241071209
2400.0 1.51873978793
2410.0 1.52506886148
2420.0 1.53139793263
2430.0 1.53772700128
2440.0 1.54405606731
2450.0 1.55038513062
2460.0 1.55671419108
2470.0 1.56304324858
2480.0 1.56937230299
2490.0 1.57570135419
2500.0 1.58203040204
2510.0 1.58835944642
2520.0 1.59468848718
2530.0 1.60101752418
2540.0 1.60734655728
2550.0 1.61367558633
2560.0 1.62000461118
2570.0 1.62633363167
2580.0 1.63266264764
2590.0 1.63899165893
2600.0 1.64532066535
2610.0 1.65164966675
2620.0 1.65797866293
2630.0 1.66430765372
2640.0 1.67063663892
2650.0 1.67696561834
2660.0 1.68329459178
2670.0 1.68962355903
2680.0 1.69595251988
2690.0 1.70228147412
2700.0 1.70861042152
2710.0 1.71493936185
2720.0 1.72126829487
2730.0 1.72759722035
2740.0 1.73392613803
2750.0 1.74025504766
2760.0 1.74658394897
2770.0 1.7529128417
2780.0 1.75924172557
2790.0 1.76557060029
2800.0 1.77189946557
2810.0 1.77822832112
2820.0 1.78455716661
2830.0 1.79088600174
2840.0 1.79721482618
2850.0 1.80354363959
2860.0 1.80987244164
2870.0 1.81620123196
2880.0 1.8225300102
2890.0 1.82885877598
2900.0 1.83518752893
2910.0 1.84151626865
2920.0 1.84784499473
2930.0 1.85417370677
2940.0 1.86050240434
2950.0 1.86683108701
2960.0 1.87315975433
2970.0 1.87948840583
2980.0 1.88581704105
2990.0 1.89214565951
3000.0 1.89847426072
3010.0 1.90480284415
3020.0 1.91113140929
3030.0 1.91745995561
3040.0 1.92378848255
3050.0 1.93011698955
3060.0 1.93644547604
3070.0 1.94277394142
3080.0 1.94910238508
3090.0 1.9554308064
3100.0 1.96175920474
3110.0 1.96808757944
3120.0 1.97441592983
3130.0 1.98074425523
3140.0 1.98707255492
3150.0 1.99340082818
3160.0 1.99972907427
3170.0 2.00605729242
3180.0 2.01238548186
3190.0 2.01871364178
3200.0 2.02504177137
3210.0 2.03136986979
3220.0 2.03769793617
3230.0 2.04402596964
3240.0 2.05035396929
3250.0 2.05668193419
3260.0 2.0630098634
3270.0 2.06933775595
3280.0 2.07566561085
3290.0 2.08199342707
3300.0 2.08832120357
3310.0 2.09464893929
3320.0 2.10097663313
3330.0 2.10730428397
3340.0 2.11363189068
3350.0 2.11995945207
3360.0 2.12628696694
3370.0 2.13261443408
3380.0 2.13894185222
3390.0 2.14526922007
3400.0 2.15159653632
3410.0 2.15792379962
3420.0 2.1642510086
3430.0 2.17057816185
3440.0 2.17690525793
3450.0 2.18323229535
3460.0 2.18955927262
3470.0 2.19588618819
3480.0 2.20221304049
3490.0 2.2085398279
3500.0 2.21486654878
3510.0 2.22119320144
3520.0 2.22751978417
3530.0 2.23384629519
3540.0 2.24017273271
3550.0 2.24649909489
3560.0 2.25282537986
3570.0 2.25915158569
3580.0 2.26547771043
3590.0 2.27180375206
3600.0 2.27812970855
3610.0 2.28445557779
3620.0 2.29078135766
3630.0 2.29710704598
3640.0 2.30343264051
3650.0 2.30975813899
3660.0 2.31608353909
3670.0 2.32240883844
3680.0 2.32873403462
3690.0 2.33505912516
3700.0 2.34138410753
3710.0 2.34770897917
3720.0 2.35403373745
3730.0 2.36035837969
3740.0 2.36668290315
3750.0 2.37300730504
3760.0 2.37933158252
3770.0 2.38565573269
3780.0 2.39197975258
3790.0 2.39830363917
3800.0 2.40462738938
3810.0 2.41095100008
3820.0 2.41727446805
3830.0 2.42359779003
3840.0 2.4299209627
3850.0 2.43624398266
3860.0 2.44256684645
3870.0 2.44888955055
3880.0 2.45521209136
3890.0 2.46153446522
3900.0 2.4678566684
3910.0 2.4741786971
3920.0 2.48050054745
3930.0 2.48682221551
3940.0 2.49314369725
3950.0 2.49946498858
3960.0 2.50578608534
3970.0 2.51210698328
3980.0 2.51842767809
3990.0 2.52474816535
4000.0 2.5310684406
4010.0 2.53738849927
4020.0 2.54370833672
4030.0 2.55002794823
4040.0 2.55634732899
4050.0 2.56266647412
4060.0 2.56898537862
4070.0 2.57530403745
4080.0 2.58162244544
4090.0 2.58794059736
4100.0 2.59425848788
4110.0 2.60057611158
4120.0 2.60689346293
4130.0 2.61321053635
4140.0 2.61952732612
4150.0 2.62584382646
4160.0 2.63216003146
4170.0 2.63847593515
4180.0 2.64479153144
4190.0 2.65110681413
4200.0 2.65742177695
4210.0 2.66373641351
4220.0 2.67005071732
4230.0 2.67636468177
4240.0 2.68267830019
4250.0 2.68899156575
4260.0 2.69530447156
4270.0 2.7016170106
4280.0 2.70792917573
4290.0 2.71424095973
4300.0 2.72055235524
4310.0 2.72686335482
4320.0 2.73317395089
4330.0 2.73948413577
4340.0 2.74579390166
4350.0 2.75210324064
4360.0 2.75841214469
4370.0 2.76472060567
4380.0 2.77102861529
4390.0 2.7773361652
4400.0 2.78364324686
4410.0 2.78994985168
4420.0 2.79625597088
4430.0 2.80256159562
4440.0 2.80886671689
4450.0 2.81517132557
4460.0 2.82147541243
4470.0 2.8277789681
4480.0 2.83408198307
4490.0 2.84038444774
4500.0 2.84668635234
4510.0 2.852987687
4520.0 2.85928844171
4530.0 2.86558860633
4540.0 2.87188817059
4550.0 2.87818712408
4560.0 2.88448545627
4570.0 2.8907831565
4580.0 2.89708021395
4590.0 2.9033766177
4600.0 2.90967235667
4610.0 2.91596741966
4620.0 2.92226179533
4630.0 2.92855547219
4640.0 2.93484843864
4650.0 2.94114068292
4660.0 2.94743219314
4670.0 2.95372295728
4680.0 2.96001296317
4690.0 2.96630219852
4700.0 2.97259065086
4710.0 2.97887830764
4720.0 2.98516515612
4730.0 2.99145118344
4740.0 2.99773637661
4750.0 3.00402072249
4760.0 3.0103042078
4770.0 3.01658681912
4780.0 3.0228685429
4790.0 3.02914936543
4800.0 3.03542927288
4810.0 3.04170825127
4820.0 3.04798628649
4830.0 3.05426336428
4840.0 3.06053947024
4850.0 3.06681458984
4860.0 3.07308870842
4870.0 3.07936181116
4880.0 3.0856338831
4890.0 3.09190490918
4900.0 3.09817487417
4910.0 3.1044437627
4920.0 3.11071155928
4930.0 3.11697824829
4940.0 3.12324381396
4950.0 3.1295082404
4960.0 3.13577151157
4970.0 3.14203361131
4980.0 3.14829452332
4990.0 3.15455423118
5000.0 3.16081271834
5010.0 3.16706996811
5020.0 3.17332596368
5030.0 3.17958068811
5040.0 3.18583412434
5050.0 3.19208625519
5060.0 3.19833706333
5070.0 3.20458653134
5080.0 3.21083464167
5090.0 3.21708137664
5100.0 3.22332671846
5110.0 3.22957064923
5120.0 3.23581315092
5130.0 3.24205420542
5140.0 3.24829379445
5150.0 3.25453189969
5160.0 3.26076850266
5170.0 3.26700358479
5180.0 3.27323712741
5190.0 3.27946911176
5200.0 3.28569951894
5210.0 3.29192833
5220.0 3.29815552586
5230.0 3.30438108736
5240.0 3.31060499525
5250.0 3.31682723018
5260.0 3.32304777272
5270.0 3.32926660336
5280.0 3.3354837025
5290.0 3.34169905047
5300.0 3.3479126275
5310.0 3.35412441378
5320.0 3.3603343894
5330.0 3.36654253439
5340.0 3.37274882872
5350.0 3.37895325229
5360.0 3.38515578493
5370.0 3.39135640645
5380.0 3.39755509655
5390.0 3.40375183493
5400.0 3.40994660121
5410.0 3.41613937498
5420.0 3.42233013578
5430.0 3.42851886311
5440.0 3.43470553644
5450.0 3.44089013522
5460.0 3.44707263886
5470.0 3.45325302673
5480.0 3.4594312782
5490.0 3.46560737263
5500.0 3.47178128935
5510.0 3.47795300767
5520.0 3.48412250692
5530.0 3.49028976641
5540.0 3.49645476547
5550.0 3.50261748341
5560.0 3.50877789957
5570.0 3.5149359933
5580.0 3.52109174395
5590.0 3.52724513093
5600.0 3.53339613363
5610.0 3.53954473151
5620.0 3.54569090405
5630.0 3.55183463075
5640.0 3.55797589119
5650.0 3.56411466497
5660.0 3.57025093176
5670.0 3.57638467127
5680.0 3.58251586329
5690.0 3.58864448766
5700.0 3.5947705243
5710.0 3.60089395321
5720.0 3.60701475445
5730.0 3.61313290819
5740.0 3.61924839467
5750.0 3.62536119424
5760.0 3.63147128734
5770.0 3.63757865452
5780.0 3.64368327644
5790.0 3.64978513385
5800.0 3.65588420766
5810.0 3.66198047888
5820.0 3.66807392865
5830.0 3.67416453824
5840.0 3.68025228908
5850.0 3.68633716272
5860.0 3.69241914087
5870.0 3.6984982054
5880.0 3.70457433834
5890.0 3.71064752186
5900.0 3.71671773834
5910.0 3.7227849703
5920.0 3.72884920046
5930.0 3.73491041173
5940.0 3.74096858718
5950.0 3.74702371011
5960.0 3.75307576401
5970.0 3.75912473257
5980.0 3.7651705997
5990.0 3.77121334952
6000.0 3.77725296637
6010.0 3.78328943483
6020.0 3.78932273971
6030.0 3.79535286604
6040.0 3.8013797991
6050.0 3.80740352444
6060.0 3.81342402784
6070.0 3.81944129533
6080.0 3.82545531324
6090.0 3.83146606813
6100.0 3.83747354685
6110.0 3.84347773654
6120.0 3.84947862459
6130.0 3.85547619872
6140.0 3.86147044691
6150.0 3.86746135746
6160.0 3.87344891896
6170.0 3.87943312031
6180.0 3.88541395073
6190.0 3.89139139976
6200.0 3.89736545724
6210.0 3.90333611337
6220.0 3.90930335866
6230.0 3.91526718396
6240.0 3.92122758046
6250.0 3.9271845397
6260.0 3.93313805358
6270.0 3.93908811433
6280.0 3.94503471456
6290.0 3.95097784723
6300.0 3.95691750568
6310.0 3.96285368361
6320.0 3.9687863751
6330.0 3.97471557461
6340.0 3.98064127699
6350.0 3.98656347746
6360.0 3.99248217166
6370.0 3.99839735559
6380.0 4.00430902569
6390.0 4.01021717876
6400.0 4.01612181204
6410.0 4.02202292315
6420.0 4.02792051016
6430.0 4.03381457153
6440.0 4.03970510613
6450.0 4.04559211329
6460.0 4.05147559273
6470.0 4.05735554462
6480.0 4.06323196955
6490.0 4.06910486855
6500.0 4.07497424309