0.0 0.0
200.0 0.126389417593
210.0 0.132714071597
220.0 0.139038814477
230.0 0.145363639993
240.0 0.151688542603
250.0 0.15801351736
260.0 0.164338559821
270.0 0.170663665983
280.0 0.176988832223
290.0 0.183314055248
300.0 0.189639332057
310.0 0.195964659904
320.0 0.202290036269
330.0 0.208615458835
340.0 0.214940925461
350.0 0.22126643417
360.0 0.227591983127
370.0 0.233917570626
380.0 0.24024319508
390.0 0.246568855007
400.0 0.252894549022
410.0 0.259220275828
420.0 0.265546034208
430.0 0.271871823018
440.0 0.278197641181
450.0 0.284523487684
460.0 0.290849361567
470.0 0.297175261927
480.0 0.303501187907
490.0 0.309827138694
500.0 0.31615311352
510.0 0.322479111652
520.0 0.328805132395
530.0 0.335131175088
540.0 0.3414572391
550.0 0.34778332383
560.0 0.354109428703
570.0 0.360435553172
580.0 0.366761696712
590.0 0.373087858821
600.0 0.379414039018
610.0 0.385740236844
620.0 0.392066451855
630.0 0.398392683628
640.0 0.404718931754
650.0 0.411045195843
660.0 0.417371475517
670.0 0.423697770412
680.0 0.43002408018
690.0 0.436350404484
700.0 0.442676742999
710.0 0.449003095412
720.0 0.455329461419
730.0 0.461655840728
740.0 0.467982233058
750.0 0.474308638134
760.0 0.480635055693
770.0 0.486961485478
780.0 0.493287927242
790.0 0.499614380744
800.0 0.505940845753
810.0 0.512267322042
820.0 0.518593809392
830.0 0.524920307592
840.0 0.531246816434
850.0 0.537573335718
860.0 0.54389986525
870.0 0.550226404841
880.0 0.556552954305
890.0 0.562879513465
900.0 0.569206082145
910.0 0.575532660177
920.0 0.581859247394
930.0 0.588185843637
940.0 0.594512448747
950.0 0.600839062572
960.0 0.607165684963
970.0 0.613492315774
980.0 0.619818954864
990.0 0.626145602092
1000.0 0.632472257326
1010.0 0.638798920431
1020.0 0.645125591278
1030.0 0.651452269742
1040.0 0.6577789557
1050.0 0.664105649029
1060.0 0.670432349613
1070.0 0.676759057335
1080.0 0.683085772083
1090.0 0.689412493746
1100.0 0.695739222215
1110.0 0.702065957384
1120.0 0.708392699149
1130.0 0.714719447408
1140.0 0.721046202061
1150.0 0.727372963009
1160.0 0.733699730158
1170.0 0.740026503411
1180.0 0.746353282678
1190.0 0.752680067865
1200.0 0.759006858885
1210.0 0.76533365565
1220.0 0.771660458072
1230.0 0.777987266069
1240.0 0.784314079555
1250.0 0.79064089845
1260.0 0.796967722672
1270.0 0.803294552143
1280.0 0.809621386785
1290.0 0.81594822652
1300.0 0.822275071273
1310.0 0.828601920969
1320.0 0.834928775536
1330.0 0.8412556349
1340.0 0.847582498991
1350.0 0.853909367738
1360.0 0.860236241072
1370.0 0.866563118925
1380.0 0.872890001228
1390.0 0.879216887915
1400.0 0.88554377892
1410.0 0.891870674179
1420.0 0.898197573627
1430.0 0.904524477199
1440.0 0.910851384834
1450.0 0.91717829647
1460.0 0.923505212043
1470.0 0.929832131495
1480.0 0.936159054764
1490.0 0.942485981791
1500.0 0.948812912516
1510.0 0.95513984688
1520.0 0.961466784826
1530.0 0.967793726296
1540.0 0.974120671232
1550.0 0.980447619578
1560.0 0.986774571276
1570.0 0.993101526271
1580.0 0.999428484507
1590.0 1.00575544593
1600.0 1.01208241048
1610.0 1.01840937811
1620.0 1.02473634875
1630.0 1.03106332237
1640.0 1.03739029889
1650.0 1.04371727827
1660.0 1.05004426046
1670.0 1.05637124539
1680.0 1.06269823303
1690.0 1.0690252233
1700.0 1.07535221616
1710.0 1.08167921155
1720.0 1.08800620943
1730.0 1.09433320973
1740.0 1.10066021241
1750.0 1.10698721741
1760.0 1.11331422467
1770.0 1.11964123414
1780.0 1.12596824577
1790.0 1.13229525951
1800.0 1.13862227529
1810.0 1.14494929306
1820.0 1.15127631278
1830.0 1.15760333437
1840.0 1.16393035779
1850.0 1.17025738299
1860.0 1.17658440989
1870.0 1.18291143846
1880.0 1.18923846862
1890.0 1.19556550032
1900.0 1.20189253351
1910.0 1.20821956812
1920.0 1.2145466041
1930.0 1.22087364138
1940.0 1.22720067991
1950.0 1.23352771962
1960.0 1.23985476045
1970.0 1.24618180233
1980.0 1.25250884522
1990.0 1.25883588903
2000.0 1.2651629337
2010.0 1.27148997918
2020.0 1.27781702539
2030.0 1.28414407226
2040.0 1.29047111972
2050.0 1.29679816771
2060.0 1.30312521615
2070.0 1.30945226497
2080.0 1.3157793141
2090.0 1.32210636346
2100.0 1.32843341298
2110.0 1.33476046258
2120.0 1.34108751218
2130.0 1.34741456171
2140.0 1.35374161107
2150.0 1.36006866019
2160.0 1.36639570898
2170.0 1.37272275735
2180.0 1.37904980523
2190.0 1.38537685251
2200.0 1.39170389912
2210.0 1.39803094495
2220.0 1.4043579899
2230.0 1.41068503389
2240.0 1.41701207682
2250.0 1.42333911858
2260.0 1.42966615907
2270.0 1.43599319818
2280.0 1.44232023581
2290.0 1.44864727185
2300.0 1.45497430619
2310.0 1.4613013387
2320.0 1.46762836928
2330.0 1.4739553978
2340.0 1.48028242415
2350.0 1.48660944819
2360.0 1.49293646979
2370.0 1.49926348884
2380.0 1.50559050518
2390.0 1.51191751869
2400.0 1.51824452923
2410.0 1.52457153665
2420.0 1.5308985408
2430.0 1.53722554153
2440.0 1.5435525387
2450.0 1.54987953213
2460.0 1.55620652168
2470.0 1.56253350717
2480.0 1.56886048844
2490.0 1.57518746531
2500.0 1.58151443761
2510.0 1.58784140515
2520.0 1.59416836775
2530.0 1.60049532521
2540.0 1.60682227735
2550.0 1.61314922396
2560.0 1.61947616484
2570.0 1.62580309978
2580.0 1.63213002856
2590.0 1.63845695096
2600.0 1.64478386677
2610.0 1.65111077574
2620.0 1.65743767764
2630.0 1.66376457223
2640.0 1.67009145926
2650.0 1.67641833848
2660.0 1.68274520963
2670.0 1.68907207243
2680.0 1.69539892663
2690.0 1.70172577193
2700.0 1.70805260805
2710.0 1.7143794347
2720.0 1.72070625157
2730.0 1.72703305837
2740.0 1.73335985477
2750.0 1.73968664044
2760.0 1.74601341507
2770.0 1.75234017831
2780.0 1.75866692981
2790.0 1.76499366922
2800.0 1.77132039617
2810.0 1.77764711029
2820.0 1.7839738112
2830.0 1.79030049851
2840.0 1.79662717182
2850.0 1.80295383071
2860.0 1.80928047477
2870.0 1.81560710356
2880.0 1.82193371666
2890.0 1.82826031359
2900.0 1.83458689391
2910.0 1.84091345714
2920.0 1.8472400028
2930.0 1.8535665304
2940.0 1.85989303941
2950.0 1.86621952934
2960.0 1.87254599964
2970.0 1.87887244977
2980.0 1.88519887917
2990.0 1.89152528729
3000.0 1.89785167352
3010.0 1.90417803728
3020.0 1.91050437796
3030.0 1.91683069493
3040.0 1.92315698756
3050.0 1.92948325518
3060.0 1.93580949713
3070.0 1.94213571274
3080.0 1.94846190128
3090.0 1.95478806206
3100.0 1.96111419434
3110.0 1.96744029737
3120.0 1.97376637039
3130.0 1.9800924126
3140.0 1.98641842322
3150.0 1.99274440142
3160.0 1.99907034636
3170.0 2.00539625718
3180.0 2.01172213302
3190.0 2.01804797298
3200.0 2.02437377614
3210.0 2.03069954156
3220.0 2.0370252683
3230.0 2.04335095536
3240.0 2.04967660177
3250.0 2.05600220648
3260.0 2.06232776847
3270.0 2.06865328667
3280.0 2.07497875998
3290.0 2.08130418729
3300.0 2.08762956747
3310.0 2.09395489936
3320.0 2.10028018177
3330.0 2.10660541348
3340.0 2.11293059327
3350.0 2.11925571986
3360.0 2.12558079196
3370.0 2.13190580827
3380.0 2.13823076742
3390.0 2.14455566805
3400.0 2.15088050875
3410.0 2.15720528809
3420.0 2.16353000461
3430.0 2.16985465681
3440.0 2.17617924317
3450.0 2.18250376213
3460.0 2.18882821211
3470.0 2.19515259149
3480.0 2.2014768986
3490.0 2.20780113177
3500.0 2.21412528927
3510.0 2.22044936934
3520.0 2.2267733702
3530.0 2.23309729001
3540.0 2.23942112691
3550.0 2.24574487899
3560.0 2.25206854433
3570.0 2.25839212092
3580.0 2.26471560677
3590.0 2.27103899981
3600.0 2.27736229794
3610.0 2.28368549902
3620.0 2.29000860087
3630.0 2.29633160127
3640.0 2.30265449795
3650.0 2.3089772886
3660.0 2.31529997086
3670.0 2.32162254233
3680.0 2.32794500057
3690.0 2.33426734308
3700.0 2.34058956732
3710.0 2.34691167071
3720.0 2.3532336506
3730.0 2.35955550431
3740.0 2.36587722911
3750.0 2.3721988222
3760.0 2.37852028074
3770.0 2.38484160184
3780.0 2.39116278256
3790.0 2.3974838199
3800.0 2.4038047108
3810.0 2.41012545215
3820.0 2.41644604079
3830.0 2.42276647349
3840.0 2.42908674697
3850.0 2.43540685788
3860.0 2.44172680284
3870.0 2.44804657837
3880.0 2.45436618097
3890.0 2.46068560703
3900.0 2.46700485292
3910.0 2.47332391492
3920.0 2.47964278926
3930.0 2.4859614721
3940.0 2.49227995954
3950.0 2.49859824758
3960.0 2.50491633221
3970.0 2.51123420929
3980.0 2.51755187465
3990.0 2.52386932405
4000.0 2.53018655314
4010.0 2.53650355755
4020.0 2.5428203328
4030.0 2.54913687434
4040.0 2.55545317756
4050.0 2.56176923776
4060.0 2.56808505017
4070.0 2.57440060993
4080.0 2.58071591213
4090.0 2.58703095175
4100.0 2.5933457237
4110.0 2.59966022282
4120.0 2.60597444384
4130.0 2.61228838143
4140.0 2.61860203018
4150.0 2.62491538456
4160.0 2.631228439
4170.0 2.63754118781
4180.0 2.64385362523
4190.0 2.65016574539
4200.0 2.65647754235
4210.0 2.66278901007
4220.0 2.66910014243
4230.0 2.6754109332
4240.0 2.68172137606
4250.0 2.68803146461
4260.0 2.69434119233
4270.0 2.70065055263
4280.0 2.70695953881
4290.0 2.71326814407
4300.0 2.7195763615
4310.0 2.72588418412
4320.0 2.73219160482
4330.0 2.7384986164
4340.0 2.74480521157
4350.0 2.7511113829
4360.0 2.7574171229
4370.0 2.76372242394
4380.0 2.77002727829
4390.0 2.77633167813
4400.0 2.78263561552
4410.0 2.7889390824
4420.0 2.79524207062
4430.0 2.80154457191
4440.0 2.80784657788
4450.0 2.81414808005
4460.0 2.82044906979
4470.0 2.8267495384
4480.0 2.83304947703
4490.0 2.83934887673
4500.0 2.84564772843
4510.0 2.85194602294
4520.0 2.85824375096
4530.0 2.86454090305
4540.0 2.87083746969
4550.0 2.87713344119
4560.0 2.88342880777
4570.0 2.88972355953
4580.0 2.89601768643
4590.0 2.90231117831
4600.0 2.9086040249
4610.0 2.91489621579
4620.0 2.92118774045
4630.0 2.92747858822
4640.0 2.93376874832
4650.0 2.94005820984
4660.0 2.94634696173
4670.0 2.95263499283
4680.0 2.95892229185
4690.0 2.96520884734
4700.0 2.97149464777
4710.0 2.97777968143
4720.0 2.9840639365
4730.0 2.99034740104
4740.0 2.99663006295
4750.0 3.00291191003
4760.0 3.00919292991
4770.0 3.01547311012
4780.0 3.02175243803
4790.0 3.02803090089
4800.0 3.03430848581
4810.0 3.04058517978
4820.0 3.04686096962
4830.0 3.05313584205
4840.0 3.05940978363
4850.0 3.0656827808
4860.0 3.07195481985
4870.0 3.07822588695
4880.0 3.08449596812
4890.0 3.09076504924
4900.0 3.09703311606
4910.0 3.10330015421
4920.0 3.10956614914
4930.0 3.1158310862
4940.0 3.1220949506
4950.0 3.12835772739
4960.0 3.13461940151
4970.0 3.14087995774
4980.0 3.14713938075
4990.0 3.15339765504
5000.0 3.159654765
5010.0 3.16591069487
5020.0 3.17216542876
5030.0 3.17841895066
5040.0 3.18467124438
5050.0 3.19092229365
5060.0 3.19717208203
5070.0 3.20342059296
5080.0 3.20966780973
5090.0 3.21591371552
5100.0 3.22215829336
5110.0 3.22840152616
5120.0 3.2346433967
5130.0 3.24088388761
5140.0 3.2471229814
5150.0 3.25336066047
5160.0 3.25959690707
5170.0 3.26583170332
5180.0 3.27206503123
5190.0 3.27829687267
5200.0 3.2845272094
5210.0 3.29075602303
5220.0 3.29698329507
5230.0 3.30320900691
5240.0 3.3094331398
5250.0 3.31565567489
5260.0 3.3218765932
5270.0 3.32809587562
5280.0 3.33431350296
5290.0 3.34052945588
5300.0 3.34674371495
5310.0 3.35295626061
5320.0 3.35916707321
5330.0 3.36537613297
5340.0 3.37158342001
5350.0 3.37778891434
5360.0 3.38399259589
5370.0 3.39019444445
5380.0 3.39639443974
5390.0 3.40259256136
5400.0 3.40878878882
5410.0 3.41498310153
5420.0 3.42117547882
5430.0 3.42736589991
5440.0 3.43355434395
5450.0 3.43974078998
5460.0 3.44592521697
5470.0 3.4521076038
5480.0 3.45828792927
5490.0 3.46446617209
5500.0 3.47064231092
5510.0 3.47681632431
5520.0 3.48298819077
5530.0 3.48915788872
5540.0 3.49532539652
5550.0 3.50149069245
5560.0 3.50765375476
5570.0 3.5138145616
5580.0 3.5199730911
5590.0 3.5261293213
5600.0 3.53228323022
5610.0 3.5384347958
5620.0 3.54458399596
5630.0 3.55073080857
5640.0 3.55687521145
5650.0 3.56301718238
5660.0 3.56915669912
5670.0 3.57529373938
5680.0 3.58142828087
5690.0 3.58756030123
5700.0 3.59368977813
5710.0 3.59981668917
5720.0 3.60594101198
5730.0 3.61206272413
5740.0 3.61818180323
5750.0 3.62429822684
5760.0 3.63041197255
5770.0 3.63652301793
5780.0 3.64263134057
5790.0 3.64873691805
5800.0 3.65483972797
5810.0 3.66093974795
5820.0 3.66703695563
5830.0 3.67313132867
5840.0 3.67922284474
5850.0 3.68531148156
5860.0 3.69139721687
5870.0 3.69748002847
5880.0 3.70355989417
5890.0 3.70963679185
5900.0 3.71571069943
5910.0 3.72178159489
5920.0 3.72784945624
5930.0 3.7339142616
5940.0 3.7399759891
5950.0 3.74603461699
5960.0 3.75209012356
5970.0 3.75814248719
5980.0 3.76419168634
5990.0 3.77023769956
6000.0 3.77628050549
6010.0 3.78232008286
6020.0 3.78835641049
6030.0 3.79438946734
6040.0 3.80041923243
6050.0 3.80644568492
6060.0 3.81246880409
6070.0 3.81848856933
6080.0 3.82450496014
6090.0 3.83051795619
6100.0 3.83652753726
6110.0 3.84253368326
6120.0 3.84853637425
6130.0 3.85453559046
6140.0 3.86053131223
6150.0 3.8665235201
6160.0 3.87251219475
6170.0 3.87849731703
6180.0 3.88447886794
6190.0 3.89045682869
6200.0 3.89643118066
6210.0 3.90240190539
6220.0 3.90836898464
6230.0 3.91433240034
6240.0 3.92029213464
6250.0 3.92624816988
6260.0 3.93220048859
6270.0 3.93814907356
6280.0 3.94409390774
6290.0 3.95003497435
6300.0 3.95597225679
6310.0 3.96190573874
6320.0 3.96783540407
6330.0 3.97376123691
6340.0 3.97968322164
6350.0 3.98560134288
6360.0 3.9915155855
6370.0 3.99742593463
6380.0 4.00333237567
6390.0 4.00923489427
6400.0 4.01513347636
6410.0 4.02102810816
6420.0 4.02691877615
6430.0 4.03280546709
6440.0 4.03868816806
6450.0 4.04456686639
6460.0 4.05044154974
6470.0 4.05631220605
6480.0 4.06217882359
6490.0 4.06804139093
6500.0 4.07389989693