0.0 0.0
200.0 0.126385737665
210.0 0.13271199792
220.0 0.139038351258
230.0 0.145364790778
240.0 0.151691310373
250.0 0.158017904609
260.0 0.164344568625
270.0 0.170671298053
280.0 0.176998088953
290.0 0.183324937754
300.0 0.189651841211
310.0 0.195978796365
320.0 0.202305800507
330.0 0.208632851149
340.0 0.214959946006
350.0 0.221287082964
360.0 0.227614260073
370.0 0.233941475522
380.0 0.240268727628
390.0 0.246596014826
400.0 0.252923335656
410.0 0.259250688753
420.0 0.265578072838
430.0 0.271905486714
440.0 0.278232929254
450.0 0.2845603994
460.0 0.290887896155
470.0 0.297215418577
480.0 0.303542965778
490.0 0.309870536918
500.0 0.316198131201
510.0 0.322525747871
520.0 0.328853386213
530.0 0.335181045547
540.0 0.341508725225
550.0 0.34783642463
560.0 0.354164143177
570.0 0.360491880305
580.0 0.366819635479
590.0 0.373147408188
600.0 0.379475197944
610.0 0.385803004279
620.0 0.392130826746
630.0 0.398458664915
640.0 0.404786518374
650.0 0.411114386729
660.0 0.417442269599
670.0 0.423770166619
680.0 0.43009807744
690.0 0.436426001722
700.0 0.44275393914
710.0 0.449081889381
720.0 0.455409852144
730.0 0.461737827136
740.0 0.468065814076
750.0 0.474393812692
760.0 0.480721822722
770.0 0.487049843913
780.0 0.493377876018
790.0 0.499705918801
800.0 0.506033972032
810.0 0.512362035487
820.0 0.518690108952
830.0 0.525018192217
840.0 0.531346285081
850.0 0.537674387345
860.0 0.544002498819
870.0 0.550330619318
880.0 0.556658748663
890.0 0.562986886678
900.0 0.569315033193
910.0 0.575643188043
920.0 0.581971351067
930.0 0.58829952211
940.0 0.594627701019
950.0 0.600955887645
960.0 0.607284081845
970.0 0.613612283478
980.0 0.619940492406
990.0 0.626268708497
1000.0 0.632596931619
1010.0 0.638925161647
1020.0 0.645253398455
1030.0 0.651581641923
1040.0 0.657909891933
1050.0 0.664238148369
1060.0 0.670566411119
1070.0 0.676894680072
1080.0 0.683222955121
1090.0 0.68955123616
1100.0 0.695879523087
1110.0 0.702207815801
1120.0 0.708536114203
1130.0 0.714864418197
1140.0 0.721192727688
1150.0 0.727521042585
1160.0 0.733849362796
1170.0 0.740177688232
1180.0 0.746506018808
1190.0 0.752834354437
1200.0 0.759162695036
1210.0 0.765491040523
1220.0 0.771819390819
1230.0 0.778147745843
1240.0 0.784476105518
1250.0 0.79080446977
1260.0 0.797132838522
1270.0 0.803461211702
1280.0 0.809789589237
1290.0 0.816117971058
1300.0 0.822446357094
1310.0 0.828774747277
1320.0 0.835103141541
1330.0 0.841431539818
1340.0 0.847759942044
1350.0 0.854088348154
1360.0 0.860416758087
1370.0 0.866745171779
1380.0 0.87307358917
1390.0 0.879402010199
1400.0 0.885730434807
1410.0 0.892058862936
1420.0 0.898387294528
1430.0 0.904715729526
1440.0 0.911044167874
1450.0 0.917372609517
1460.0 0.923701054399
1470.0 0.930029502468
1480.0 0.936357953669
1490.0 0.94268640795
1500.0 0.949014865259
1510.0 0.955343325544
1520.0 0.961671788755
1530.0 0.968000254841
1540.0 0.974328723752
1550.0 0.980657195439
1560.0 0.986985669853
1570.0 0.993314146946
1580.0 0.999642626669
1590.0 1.00597110898
1600.0 1.01229959382
1610.0 1.01862808115
1620.0 1.02495657092
1630.0 1.03128506309
1640.0 1.03761355761
1650.0 1.04394205444
1660.0 1.05027055352
1670.0 1.05659905482
1680.0 1.06292755829
1690.0 1.06925606388
1700.0 1.07558457155
1710.0 1.08191308126
1720.0 1.08824159296
1730.0 1.09457010661
1740.0 1.10089862216
1750.0 1.10722713958
1760.0 1.1135556588
1770.0 1.1198841798
1780.0 1.12621270253
1790.0 1.13254122694
1800.0 1.13886975299
1810.0 1.14519828064
1820.0 1.15152680984
1830.0 1.15785534055
1840.0 1.16418387272
1850.0 1.17051240631
1860.0 1.17684094127
1870.0 1.18316947756
1880.0 1.18949801514
1890.0 1.19582655396
1900.0 1.20215509397
1910.0 1.20848363512
1920.0 1.21481217738
1930.0 1.22114072069
1940.0 1.22746926501
1950.0 1.23379781029
1960.0 1.24012635648
1970.0 1.24645490353
1980.0 1.2527834514
1990.0 1.25911200003
2000.0 1.26544054938
2010.0 1.27176909939
2020.0 1.27809765002
2030.0 1.2844262012
2040.0 1.29075475289
2050.0 1.29708330504
2060.0 1.30341185759
2070.0 1.30974041048
2080.0 1.31606896367
2090.0 1.32239751708
2100.0 1.32872607067
2110.0 1.33505462438
2120.0 1.34138317815
2130.0 1.34771173191
2140.0 1.3540402856
2150.0 1.36036883917
2160.0 1.36669739255
2170.0 1.37302594566
2180.0 1.37935449845
2190.0 1.38568305085
2200.0 1.39201160279
2210.0 1.3983401542
2220.0 1.404668705
2230.0 1.41099725512
2240.0 1.41732580449
2250.0 1.42365435303
2260.0 1.42998290065
2270.0 1.43631144729
2280.0 1.44263999286
2290.0 1.44896853727
2300.0 1.45529708044
2310.0 1.46162562228
2320.0 1.4679541627
2330.0 1.4742827016
2340.0 1.4806112389
2350.0 1.4869397745
2360.0 1.49326830829
2370.0 1.49959684018
2380.0 1.50592537007
2390.0 1.51225389783
2400.0 1.51858242338
2410.0 1.52491094659
2420.0 1.53123946734
2430.0 1.53756798553
2440.0 1.54389650104
2450.0 1.55022501373
2460.0 1.55655352348
2470.0 1.56288203016
2480.0 1.56921053363
2490.0 1.57553903377
2500.0 1.58186753043
2510.0 1.58819602346
2520.0 1.59452451272
2530.0 1.60085299805
2540.0 1.60718147931
2550.0 1.61350995632
2560.0 1.61983842893
2570.0 1.62616689697
2580.0 1.63249536025
2590.0 1.63882381862
2600.0 1.64515227188
2610.0 1.65148071984
2620.0 1.65780916232
2630.0 1.66413759912
2640.0 1.67046603003
2650.0 1.67679445484
2660.0 1.68312287335
2670.0 1.68945128534
2680.0 1.69577969057
2690.0 1.70210808882
2700.0 1.70843647985
2710.0 1.71476486342
2720.0 1.72109323928
2730.0 1.72742160716
2740.0 1.73374996682
2750.0 1.74007831797
2760.0 1.74640666034
2770.0 1.75273499365
2780.0 1.75906331759
2790.0 1.76539163188
2800.0 1.7717199362
2810.0 1.77804823024
2820.0 1.78437651367
2830.0 1.79070478616
2840.0 1.79703304737
2850.0 1.80336129695
2860.0 1.80968953453
2870.0 1.81601775974
2880.0 1.82234597221
2890.0 1.82867417155
2900.0 1.83500235736
2910.0 1.84133052923
2920.0 1.84765868673
2930.0 1.85398682945
2940.0 1.86031495692
2950.0 1.86664306871
2960.0 1.87297116434
2970.0 1.87929924334
2980.0 1.88562730522
2990.0 1.89195534947
3000.0 1.89828337559
3010.0 1.90461138303
3020.0 1.91093937127
3030.0 1.91726733974
3040.0 1.92359528788
3050.0 1.9299232151
3060.0 1.9362511208
3070.0 1.94257900437
3080.0 1.94890686519
3090.0 1.9552347026
3100.0 1.96156251595
3110.0 1.96789030455
3120.0 1.97421806772
3130.0 1.98054580475
3140.0 1.9868735149
3150.0 1.99320119743
3160.0 1.99952885158
3170.0 2.00585647656
3180.0 2.01218407157
3190.0 2.01851163578
3200.0 2.02483916837
3210.0 2.03116666845
3220.0 2.03749413516
3230.0 2.04382156758
3240.0 2.0501489648
3250.0 2.05647632585
3260.0 2.06280364978
3270.0 2.0691309356
3280.0 2.07545818227
3290.0 2.08178538877
3300.0 2.08811255402
3310.0 2.09443967694
3320.0 2.10076675641
3330.0 2.10709379129
3340.0 2.11342078041
3350.0 2.11974772258
3360.0 2.12607461658
3370.0 2.13240146115
3380.0 2.13872825501
3390.0 2.14505499686
3400.0 2.15138168535
3410.0 2.15770831913
3420.0 2.16403489679
3430.0 2.17036141689
3440.0 2.17668787799
3450.0 2.18301427857
3460.0 2.18934061712
3470.0 2.19566689206
3480.0 2.20199310181
3490.0 2.20831924473
3500.0 2.21464531915
3510.0 2.22097132337
3520.0 2.22729725564
3530.0 2.23362311419
3540.0 2.23994889719
3550.0 2.2462746028
3560.0 2.25260022911
3570.0 2.25892577418
3580.0 2.26525123604
3590.0 2.27157661267
3600.0 2.277901902
3610.0 2.28422710192
3620.0 2.29055221028
3630.0 2.29687722489
3640.0 2.30320214351
3650.0 2.30952696385
3660.0 2.31585168356
3670.0 2.32217630027
3680.0 2.32850081155
3690.0 2.33482521491
3700.0 2.34114950782
3710.0 2.34747368769
3720.0 2.3537977519
3730.0 2.36012169774
3740.0 2.36644552249
3750.0 2.37276922333
3760.0 2.37909279743
3770.0 2.38541624187
3780.0 2.39173955368
3790.0 2.39806272984
3800.0 2.40438576727
3810.0 2.41070866282
3820.0 2.4170314133
3830.0 2.42335401543
3840.0 2.42967646589
3850.0 2.43599876129
3860.0 2.44232089817
3870.0 2.44864287301
3880.0 2.45496468222
3890.0 2.46128632216
3900.0 2.4676077891
3910.0 2.47392907925
3920.0 2.48025018874
3930.0 2.48657111365
3940.0 2.49289184997
3950.0 2.49921239362
3960.0 2.50553274046
3970.0 2.51185288625
3980.0 2.5181728267
3990.0 2.52449255743
4000.0 2.53081207399
4010.0 2.53713137183
4020.0 2.54345044634
4030.0 2.54976929283
4040.0 2.55608790652
4050.0 2.56240628255
4060.0 2.56872441598
4070.0 2.57504230177
4080.0 2.58135993482
4090.0 2.58767730992
4100.0 2.59399442178
4110.0 2.60031126502
4120.0 2.60662783417
4130.0 2.61294412369
4140.0 2.6192601279
4150.0 2.62557584108
4160.0 2.63189125737
4170.0 2.63820637086
4180.0 2.6445211755
4190.0 2.65083566518
4200.0 2.65714983366
4210.0 2.66346367462
4220.0 2.66977718165
4230.0 2.67609034821
4240.0 2.68240316768
4250.0 2.68871563333
4260.0 2.69502773832
4270.0 2.70133947572
4280.0 2.70765083847
4290.0 2.71396181943
4300.0 2.72027241134
4310.0 2.72658260682
4320.0 2.7328923984
4330.0 2.73920177849
4340.0 2.74551073938
4350.0 2.75181927326
4360.0 2.7581273722
4370.0 2.76443502816
4380.0 2.77074223298
4390.0 2.77704897838
4400.0 2.78335525597
4410.0 2.78966105724
4420.0 2.79596637357
4430.0 2.80227119619
4440.0 2.80857551624
4450.0 2.81487932473
4460.0 2.82118261254
4470.0 2.82748537043
4480.0 2.83378758905
4490.0 2.8400892589
4500.0 2.84639037038
4510.0 2.85269091374
4520.0 2.85899087912
4530.0 2.86529025653
4540.0 2.87158903584
4550.0 2.87788720681
4560.0 2.88418475905
4570.0 2.89048168205
4580.0 2.89677796518
4590.0 2.90307359766
4600.0 2.90936856858
4610.0 2.9156628669
4620.0 2.92195648146
4630.0 2.92824940096
4640.0 2.93454161394
4650.0 2.94083310884
4660.0 2.94712387396
4670.0 2.95341389744
4680.0 2.95970316731
4690.0 2.96599167145
4700.0 2.97227939761
4710.0 2.9785663334
4720.0 2.9848524663
4730.0 2.99113778364
4740.0 2.99742227263
4750.0 3.00370592032
4760.0 3.00998871364
4770.0 3.01627063937
4780.0 3.02255168418
4790.0 3.02883183455
4800.0 3.03511107688
4810.0 3.04138939739
4820.0 3.04766678219
4830.0 3.05394321722
4840.0 3.06021868832
4850.0 3.06649318116
4860.0 3.0727666813
4870.0 3.07903917414
4880.0 3.08531064496
4890.0 3.09158107889
4900.0 3.09785046094
4910.0 3.10411877597
4920.0 3.11038600871
4930.0 3.11665214376
4940.0 3.12291716557
4950.0 3.12918105849
4960.0 3.13544380669
4970.0 3.14170539425
4980.0 3.14796580509
4990.0 3.15422502302
5000.0 3.1604830317
5010.0 3.16673981467
5020.0 3.17299535536
5030.0 3.17924963703
5040.0 3.18550264286
5050.0 3.19175435587
5060.0 3.19800475898
5070.0 3.20425383497
5080.0 3.21050156649
5090.0 3.21674793611
5100.0 3.22299292623
5110.0 3.22923651916
5120.0 3.2354786971
5130.0 3.24171944211
5140.0 3.24795873616
5150.0 3.25419656108
5160.0 3.26043289862
5170.0 3.2666677304
5180.0 3.27290103794
5190.0 3.27913280266
5200.0 3.28536300585
5210.0 3.29159162874
5220.0 3.29781865241
5230.0 3.30404405789
5240.0 3.31026782609
5250.0 3.31648993782
5260.0 3.3227103738
5270.0 3.32892911468
5280.0 3.335146141
5290.0 3.34136143322
5300.0 3.34757497172
5310.0 3.3537867368
5320.0 3.35999670869
5330.0 3.36620486751
5340.0 3.37241119335
5350.0 3.37861566621
5360.0 3.38481826601
5370.0 3.39101897263
5380.0 3.39721776586
5390.0 3.40341462546
5400.0 3.40960953111
5410.0 3.41580246245
5420.0 3.42199339905
5430.0 3.42818232046
5440.0 3.43436920616
5450.0 3.44055403561
5460.0 3.44673678821
5470.0 3.45291744334
5480.0 3.45909598035
5490.0 3.46527237855
5500.0 3.47144661723
5510.0 3.47761867566
5520.0 3.4837885331
5530.0 3.48995616877
5540.0 3.49612156191
5550.0 3.50228469173
5560.0 3.50844553746
5570.0 3.5146040783
5580.0 3.52076029347
5590.0 3.52691416221
5600.0 3.53306566376
5610.0 3.53921477737
5620.0 3.54536148232
5630.0 3.55150575791
5640.0 3.55764758347
5650.0 3.56378693835
5660.0 3.56992380197
5670.0 3.57605815375
5680.0 3.58218997318
5690.0 3.5883192398
5700.0 3.59444593319
5710.0 3.60057003299
5720.0 3.60669151891
5730.0 3.61281037073
5740.0 3.61892656829
5750.0 3.62504009152
5760.0 3.63115092042
5770.0 3.63725903507
5780.0 3.64336441566
5790.0 3.64946704245
5800.0 3.65556689582
5810.0 3.66166395625
5820.0 3.66775820432
5830.0 3.67384962073
5840.0 3.6799381863
5850.0 3.68602388196
5860.0 3.69210668878
5870.0 3.69818658798
5880.0 3.70426356087
5890.0 3.71033758896
5900.0 3.71640865387
5910.0 3.72247673738
5920.0 3.72854182143
5930.0 3.73460388812
5940.0 3.74066291973
5950.0 3.74671889871
5960.0 3.75277180767
5970.0 3.75882162941
5980.0 3.76486834694
5990.0 3.77091194343
6000.0 3.77695240226
6010.0 3.78298970704
6020.0 3.78902384154
6030.0 3.79505478978
6040.0 3.80108253598
6050.0 3.80710706459
6060.0 3.81312836029
6070.0 3.81914640798
6080.0 3.82516119282
6090.0 3.83117270019
6100.0 3.83718091574
6110.0 3.84318582536
6120.0 3.8491874152
6130.0 3.85518567167
6140.0 3.86118058146
6150.0 3.86717213152
6160.0 3.87316030908
6170.0 3.87914510166
6180.0 3.88512649705
6190.0 3.89110448336
6200.0 3.89707904898
6210.0 3.9030501826
6220.0 3.90901787322
6230.0 3.91498211015
6240.0 3.92094288301
6250.0 3.92690018176
6260.0 3.93285399667
6270.0 3.93880431833
6280.0 3.94475113768
6290.0 3.950694446
6300.0 3.9566342349
6310.0 3.96257049635
6320.0 3.96850322265
6330.0 3.97443240647
6340.0 3.98035804085
6350.0 3.98628011917
6360.0 3.9921986352
6370.0 3.99811358307
6380.0 4.00402495728
6390.0 4.00993275272
6400.0 4.01583696465
6410.0 4.02173758874
6420.0 4.02763462104
6430.0 4.03352805797
6440.0 4.03941789638
6450.0 4.04530413351
6460.0 4.051186767
6470.0 4.05706579491
6480.0 4.06294121569
6490.0 4.06881302822
6500.0 4.0746812318