100.0 0.0694613802871
110.0 0.0766449916033
120.0 0.0838116568696
130.0 0.0909651460699
140.0 0.098108179877
150.0 0.105242772445
160.0 0.112370447725
170.0 0.11949238068
180.0 0.126609492217
190.0 0.133722514638
200.0 0.140832037793
210.0 0.147938542276
220.0 0.155042423715
230.0 0.162144010851
240.0 0.16924357916
250.0 0.176341361281
260.0 0.183437555064
270.0 0.190532329874
280.0 0.197625831564
290.0 0.204718186434
300.0 0.211809504423
310.0 0.21889988168
320.0 0.225989402676
330.0 0.233078141929
340.0 0.240166165436
350.0 0.247253531862
360.0 0.254340293531
370.0 0.261426497269
380.0 0.268512185105
390.0 0.275597394872
400.0 0.282682160723
410.0 0.289766513563
420.0 0.296850481431
430.0 0.303934089821
440.0 0.311017361967
450.0 0.318100319086
460.0 0.325182980593
470.0 0.332265364285
480.0 0.339347486508
490.0 0.346429362299
500.0 0.353511005513
510.0 0.360592428938
520.0 0.367673644392
530.0 0.374754662812
540.0 0.381835494334
550.0 0.388916148363
560.0 0.395996633636
570.0 0.403076958278
580.0 0.410157129854
590.0 0.417237155413
600.0 0.42431704153
610.0 0.431396794345
620.0 0.438476419592
630.0 0.445555922635
640.0 0.45263530849
650.0 0.459714581857
660.0 0.466793747134
670.0 0.473872808446
680.0 0.480951769661
690.0 0.488030634404
700.0 0.495109406078
710.0 0.502188087875
720.0 0.509266682793
730.0 0.516345193642
740.0 0.523423623061
750.0 0.530501973528
760.0 0.537580247364
770.0 0.544658446747
780.0 0.551736573719
790.0 0.558814630193
800.0 0.565892617956
810.0 0.572970538684
820.0 0.580048393938
830.0 0.587126185177
840.0 0.594203913758
850.0 0.601281580944
860.0 0.608359187905
870.0 0.615436735723
880.0 0.6225142254
890.0 0.629591657852
900.0 0.63666903392
910.0 0.643746354372
920.0 0.6508236199
930.0 0.657900831129
940.0 0.664977988616
950.0 0.672055092851
960.0 0.679132144262
970.0 0.686209143213
980.0 0.69328609001
990.0 0.700362984897
1000.0 0.707439828063
1010.0 0.714516619639
1020.0 0.7215933597
1030.0 0.728670048267
1040.0 0.735746685308
1050.0 0.742823270734
1060.0 0.74989980441
1070.0 0.756976286143
1080.0 0.764052715693
1090.0 0.771129092765
1100.0 0.778205417018
1110.0 0.785281688057
1120.0 0.792357905438
1130.0 0.799434068666
1140.0 0.806510177199
1150.0 0.813586230441
1160.0 0.820662227749
1170.0 0.827738168428
1180.0 0.834814051733
1190.0 0.841889876869
1200.0 0.848965642991
1210.0 0.8560413492
1220.0 0.863116994549
1230.0 0.870192578038
1240.0 0.877268098613
1250.0 0.884343555169
1260.0 0.891418946547
1270.0 0.898494271535
1280.0 0.905569528866
1290.0 0.912644717217
1300.0 0.919719835211
1310.0 0.926794881413
1320.0 0.933869854332
1330.0 0.940944752417
1340.0 0.948019574061
1350.0 0.955094317594
1360.0 0.962168981289
1370.0 0.969243563354
1380.0 0.976318061937
1390.0 0.983392475121
1400.0 0.990466800925
1410.0 0.997541037302
1420.0 1.00461518214
1430.0 1.01168923326
1440.0 1.01876318841
1450.0 1.02583704526
1460.0 1.03291080144
1470.0 1.03998445447
1480.0 1.04705800182
1490.0 1.05413144088
1500.0 1.06120476895
1510.0 1.06827798326
1520.0 1.07535108099
1530.0 1.08242405919
1540.0 1.08949691485
1550.0 1.0965696449
1560.0 1.10364224614
1570.0 1.11071471531
1580.0 1.11778704908
1590.0 1.12485924398
1600.0 1.13193129649
1610.0 1.13900320299
1620.0 1.14607495975
1630.0 1.15314656297
1640.0 1.16021800871
1650.0 1.16728929298
1660.0 1.17436041165
1670.0 1.18143136051
1680.0 1.18850213523
1690.0 1.19557273138
1700.0 1.20264314443
1710.0 1.20971336972
1720.0 1.21678340249
1730.0 1.22385323786
1740.0 1.23092287083
1750.0 1.23799229631
1760.0 1.24506150904
1770.0 1.25213050368
1780.0 1.25919927474
1790.0 1.26626781663
1800.0 1.27333612359
1810.0 1.28040418977
1820.0 1.28747200916
1830.0 1.29453957562
1840.0 1.30160688289
1850.0 1.30867392455
1860.0 1.31574069403
1870.0 1.32280718465
1880.0 1.32987338956
1890.0 1.33693930175
1900.0 1.34400491408
1910.0 1.35107021925
1920.0 1.3581352098
1930.0 1.36519987812
1940.0 1.37226421643
1950.0 1.37932821678
1960.0 1.38639187107
1970.0 1.39345517104
1980.0 1.40051810822
1990.0 1.40758067401
2000.0 1.41464285962
2010.0 1.42170465606
2020.0 1.42876605418
2030.0 1.43582704466
2040.0 1.44288761796
2050.0 1.44994776438
2060.0 1.45700747402
2070.0 1.46406673677
2080.0 1.47112554236
2090.0 1.47818388029
2100.0 1.48524173986
2110.0 1.49229911019
2120.0 1.49935598017
2130.0 1.5064123385
2140.0 1.51346817364
2150.0 1.52052347386
2160.0 1.52757822721
2170.0 1.53463242151
2180.0 1.54168604437
2190.0 1.54873908316
2200.0 1.55579152504
2210.0 1.56284335692
2220.0 1.56989456551
2230.0 1.57694513723
2240.0 1.58399505832
2250.0 1.59104431475
2260.0 1.59809289224
2270.0 1.60514077628
2280.0 1.61218795211
2290.0 1.61923440472
2300.0 1.62628011883
2310.0 1.63332507892
2320.0 1.64036926921
2330.0 1.64741267366
2340.0 1.65445527596
2350.0 1.66149705953
2360.0 1.66853800755
2370.0 1.67557810288
2380.0 1.68261732816
2390.0 1.68965566572
2400.0 1.69669309763
2410.0 1.70372960566
2420.0 1.71076517131
2430.0 1.71779977581
2440.0 1.72483340008
2450.0 1.73186602477
2460.0 1.73889763021
2470.0 1.74592819648
2480.0 1.75295770332
2490.0 1.75998613022
2500.0 1.76701345632
2510.0 1.7740396605
2520.0 1.78106472131
2530.0 1.78808861703
2540.0 1.79511132559
2550.0 1.80213282464
2560.0 1.80915309152
2570.0 1.81617210325
2580.0 1.82318983653
2590.0 1.83020626777
2600.0 1.83722137305
2610.0 1.84423512813
2620.0 1.85124750846
2630.0 1.85825848915
2640.0 1.86526804503
2650.0 1.87227615056
2660.0 1.87928277992
2670.0 1.88628790694
2680.0 1.89329150514
2690.0 1.9002935477
2700.0 1.90729400748
2710.0 1.91429285704
2720.0 1.92129006856
2730.0 1.92828561394
2740.0 1.93527946473
2750.0 1.94227159215
2760.0 1.94926196711
2770.0 1.95625056018
2780.0 1.96323734159
2790.0 1.97022228127
2800.0 1.97720534879
2810.0 1.98418651342
2820.0 1.99116574408
2830.0 1.99814300939
2840.0 2.00511827761
2850.0 2.01209151672
2860.0 2.01906269432
2870.0 2.02603177774
2880.0 2.03299873394
2890.0 2.03996352961
2900.0 2.04692613107
2910.0 2.05388650435
2920.0 2.06084461516
2930.0 2.06780042889
2940.0 2.07475391061
2950.0 2.0817050251
2960.0 2.08865373682
2970.0 2.0956000099
2980.0 2.10254380819
2990.0 2.10948509524
3000.0 2.11642383428
3010.0 2.12335998827
3020.0 2.13029351984
3030.0 2.13722439136
3040.0 2.14415256489
3050.0 2.15107800221
3060.0 2.15800066484
3070.0 2.16492051398
3080.0 2.17183751058
3090.0 2.17875161532
3100.0 2.18566278861
3110.0 2.19257099059
3120.0 2.19947618115
3130.0 2.20637831991
3140.0 2.21327736627
3150.0 2.22017327934
3160.0 2.22706601803
3170.0 2.233955541
3180.0 2.24084180666
3190.0 2.24772477323
3200.0 2.25460439868
3210.0 2.26148064078
3220.0 2.26835345709
3230.0 2.27522280495
3240.0 2.28208864154
3250.0 2.28895092381
3260.0 2.29580960854
3270.0 2.30266465234
3280.0 2.30951601164
3290.0 2.3163636427
3300.0 2.32320750164
3310.0 2.3300475444
3320.0 2.33688372681
3330.0 2.34371600453
3340.0 2.35054433312
3350.0 2.35736866799
3360.0 2.36418896447
3370.0 2.37100517776
3380.0 2.37781726296
3390.0 2.3846251751
3400.0 2.39142886911
3410.0 2.39822829985
3420.0 2.40502342214
3430.0 2.41181419072
3440.0 2.41860056028
3450.0 2.42538248548
3460.0 2.43215992097
3470.0 2.43893282137
3480.0 2.44570114126
3490.0 2.45246483528
3500.0 2.45922385802
3510.0 2.46597816414
3520.0 2.47272770829
3530.0 2.47947244519
3540.0 2.4862123296
3550.0 2.49294731633
3560.0 2.49967736028
3570.0 2.50640241642
3580.0 2.51312243981
3590.0 2.51983738563
3600.0 2.52654720916
3610.0 2.5332518658
3620.0 2.5399513111
3630.0 2.54664550076
3640.0 2.55333439063
3650.0 2.56001793673
3660.0 2.56669609526
3670.0 2.57336882263
3680.0 2.58003607544
3690.0 2.58669781051
3700.0 2.59335398489
3710.0 2.60000455587
3720.0 2.60664948101
3730.0 2.6132887181
3740.0 2.61992222524
3750.0 2.6265499608
3760.0 2.63317188347
3770.0 2.63978795223
3780.0 2.64639812641
3790.0 2.65300236566
3800.0 2.65960062999
3810.0 2.66619287977
3820.0 2.67277907576
3830.0 2.6793591791
3840.0 2.68593315131
3850.0 2.69250095437
3860.0 2.69906255064
3870.0 2.70561790296
3880.0 2.71216697458
3890.0 2.71870972925
3900.0 2.72524613118
3910.0 2.73177614508
3920.0 2.73829973615
3930.0 2.74481687011
3940.0 2.7513275132
3950.0 2.75783163223
3960.0 2.76432919453
3970.0 2.77082016801
3980.0 2.77730452115
3990.0 2.78378222303
4000.0 2.79025324332
4010.0 2.79671755232
4020.0 2.80317512093
4030.0 2.80962592073
4040.0 2.81606992392
4050.0 2.82250710336
4060.0 2.82893743262
4070.0 2.83536088591
4080.0 2.84177743817
4090.0 2.84818706504
4100.0 2.8545897429
4110.0 2.86098544882
4120.0 2.86737416067
4130.0 2.87375585702
4140.0 2.88013051726
4150.0 2.88649812152
4160.0 2.89285865073
4170.0 2.89921208662
4180.0 2.90555841173
4190.0 2.91189760943
4200.0 2.9182296639
4210.0 2.92455456018
4220.0 2.93087228415
4230.0 2.93718282255
4240.0 2.943486163
4250.0 2.94978229398
4260.0 2.95607120488
4270.0 2.96235288597
4280.0 2.96862732844
4290.0 2.97489452439
4300.0 2.98115446684
4310.0 2.98740714975
4320.0 2.993652568
4330.0 2.99989071745
4340.0 3.00612159489
4350.0 3.01234519807
4360.0 3.01856152572
4370.0 3.02477057756
4380.0 3.03097235426
4390.0 3.03716685751
4400.0 3.04335408997
4410.0 3.04953405533
4420.0 3.05570675826
4430.0 3.06187220446
4440.0 3.06803040064
4450.0 3.07418135453
4460.0 3.0803250749
4470.0 3.08646157155
4480.0 3.09259085529
4490.0 3.098712938
4500.0 3.10482783258
4510.0 3.11093555301
4520.0 3.11703611427
4530.0 3.12312953244
4540.0 3.12921582463
4550.0 3.13529500899
4560.0 3.14136710477
4570.0 3.14743213224
4580.0 3.15349011275
4590.0 3.15954106871
4600.0 3.16558502359
4610.0 3.17162200192
4620.0 3.17765202929
4630.0 3.18367513237
4640.0 3.18969133885
4650.0 3.19570067753
4660.0 3.20170317824
4670.0 3.20769887187
4680.0 3.21368779037
4690.0 3.21966996673
4700.0 3.22564543501
4710.0 3.2316142303
4720.0 3.23757638875
4730.0 3.24353194754
4740.0 3.24948094489
4750.0 3.25542342004
4760.0 3.26135941329
4770.0 3.26728896592
4780.0 3.27321212026
4790.0 3.27912891964
4800.0 3.2850394084
4810.0 3.29094363188
4820.0 3.29684163642
4830.0 3.30273346932
4840.0 3.3086191789
4850.0 3.31449881442
4860.0 3.32037242612
4870.0 3.3262400652
4880.0 3.3321017838
4890.0 3.33795763499
4900.0 3.3438076728
4910.0 3.34965195215
4920.0 3.35549052889
4930.0 3.36132345976
4940.0 3.36715080241
4950.0 3.37297261534
4960.0 3.37878895795
4970.0 3.38459989047
4980.0 3.390405474
4990.0 3.39620577046
5000.0 3.4020008426
5010.0 3.40779075397
5020.0 3.41357556892
5030.0 3.41935535259
5040.0 3.42513017087
5050.0 3.43090009043
5060.0 3.43666517866
5070.0 3.44242550368
5080.0 3.44818113433
5090.0 3.45393214012
5100.0 3.45967859128
5110.0 3.46542055866
5120.0 3.47115811377
5130.0 3.47689132877
5140.0 3.4826202764
5150.0 3.48834502999
5160.0 3.4940656733
5170.0 3.49978226459
5180.0 3.50549488875
5190.0 3.51120362145
5200.0 3.51690853895
5210.0 3.52260971802
5220.0 3.52830723597
5230.0 3.53400117062
5240.0 3.53969160027
5250.0 3.54537860371
5260.0 3.55106226017
5270.0 3.55674264929
5280.0 3.56241985116
5290.0 3.56809394625
5300.0 3.57376501539
5310.0 3.5794331398
5320.0 3.58509840101
5330.0 3.59076088089
5340.0 3.5964206616
5350.0 3.60207782558
5360.0 3.60773245555
5370.0 3.61338463444
5380.0 3.61903444545
5390.0 3.62468197195
5400.0 3.63032729753
5410.0 3.63597050592
5420.0 3.64161168101
5430.0 3.64725090683
5440.0 3.65288826751
5450.0 3.65852384729
5460.0 3.66415773046
5470.0 3.6697900014
5480.0 3.67542074449
5490.0 3.68105004415
5500.0 3.6866779848
5510.0 3.69230465083
5520.0 3.6979301266
5530.0 3.70355449642
5540.0 3.70917784451
5550.0 3.71480025501
5560.0 3.72042181194
5570.0 3.7260425992
5580.0 3.73166270052
5590.0 3.73728219949
5600.0 3.7429011795
5610.0 3.74851972375
5620.0 3.7541379152
5630.0 3.75975583659
5640.0 3.76537357039
5650.0 3.77099119882
5660.0 3.77660880378
5670.0 3.78222646689
5680.0 3.78784426942
5690.0 3.79346229231
5700.0 3.79908061615
5710.0 3.80469932114
5720.0 3.81031848709
5730.0 3.81593819342
5740.0 3.82155851909
5750.0 3.82717954266
5760.0 3.8328013422
5770.0 3.83842399534
5780.0 3.84404757919
5790.0 3.84967217038
5800.0 3.85529784501
5810.0 3.86092467866
5820.0 3.86655274635
5830.0 3.87218212254
5840.0 3.87781288114
5850.0 3.88344509543
5860.0 3.88907883811
5870.0 3.89471418126
5880.0 3.90035119634
5890.0 3.90598995414
5900.0 3.91163052482
5910.0 3.91727297785
5920.0 3.92291738206
5930.0 3.92856380553
5940.0 3.93421231567
5950.0 3.93986297918
5960.0 3.94551586202
5970.0 3.9511710294
5980.0 3.95682854581
5990.0 3.96248847496
6000.0 3.9681508798