0.0 0.0
30.0 0.061069522048
35.0 0.0712477757196
40.0 0.0814260293895
45.0 0.0916042830572
50.0 0.101782536722
55.0 0.111960790383
60.0 0.12213904404
65.0 0.13231729769
70.0 0.142495551333
75.0 0.152673804966
80.0 0.162852058586
85.0 0.173030312191
90.0 0.183208565776
95.0 0.193386819336
100.0 0.203565072865
105.0 0.213743326354
110.0 0.223921579795
115.0 0.234099833175
120.0 0.244278086479
125.0 0.25445633969
130.0 0.264634592786
135.0 0.274812845739
140.0 0.284991098516
145.0 0.295169351078
150.0 0.305347603375
155.0 0.315525855349
160.0 0.325704106928
165.0 0.335882358026
170.0 0.346060608537
175.0 0.356238858336
180.0 0.366417107272
185.0 0.376595355163
190.0 0.386773601793
195.0 0.396951846901
200.0 0.407130090176
205.0 0.417308331249
210.0 0.42748656968
215.0 0.437664804946
220.0 0.447843036426
225.0 0.458021263386
230.0 0.468199484959
235.0 0.47837770012
240.0 0.488555907662
245.0 0.498734106167
250.0 0.508912293967
255.0 0.519090469107
260.0 0.5292686293
265.0 0.539446771871
270.0 0.549624893699
275.0 0.559802991147
280.0 0.569981059985
285.0 0.580159095301
290.0 0.590337091396
295.0 0.600515041674
300.0 0.610692938508
305.0 0.620870773095
310.0 0.63104853529
315.0 0.64122621342
320.0 0.651403794073
325.0 0.661581261864
330.0 0.671758599172
335.0 0.681935785845
340.0 0.692112798873
345.0 0.702289612024
350.0 0.712466195436
355.0 0.72264251517
360.0 0.732818532711
365.0 0.742994204419
370.0 0.753169480921
375.0 0.763344306448
380.0 0.7735186181
385.0 0.783692345045
390.0 0.793865407641
395.0 0.804037716478
400.0 0.81420917134
405.0 0.824379660065
410.0 0.834549057323
415.0 0.844717223281
420.0 0.854884002176
425.0 0.865049220761
430.0 0.875212686653
435.0 0.885374186548
440.0 0.895533484319
445.0 0.905690318988
450.0 0.915844402563
455.0 0.925995417748
460.0 0.936143015519
465.0 0.946286812558
470.0 0.956426388566
475.0 0.966561283431
480.0 0.976690994275
485.0 0.986814972367
490.0 0.996932619921
495.0 1.00704328678
497.5 1.01209578412
500.0 1.017146267
502.5 1.02219463789
505.0 1.02724079531
507.5 1.03228463375
510.0 1.03732604354
512.5 1.04236491071
515.0 1.04740111693
517.5 1.05243453934
520.0 1.05746505044
522.5 1.06249251801
525.0 1.06751680496
527.5 1.07253776921
530.0 1.07755526358
532.5 1.0825691357
535.0 1.08757922783
537.5 1.09258537681
540.0 1.09758741392
542.5 1.10258516476
545.0 1.10757844916
547.5 1.11256708105
550.0 1.11755086836
552.5 1.12252961293
555.0 1.12750311038
557.5 1.13247115007
560.0 1.13743351491
562.5 1.14238998137
565.0 1.14734031934
567.5 1.15228429203
570.0 1.15722165594
572.5 1.16215216076
575.0 1.16707554932
577.5 1.17199155748
580.0 1.17689991414
582.5 1.18180034113
585.0 1.18669255324
587.5 1.19157625808
590.0 1.19645115615
591.25 1.19888520709
592.5 1.20131694076
593.75 1.20374631772
595.0 1.20617329806
596.25 1.2085978414
597.5 1.21101990696
598.75 1.21343945348
600.0 1.21585643924
601.25 1.21827082211
602.5 1.22068255947
603.75 1.2230916083
605.0 1.22549792509
606.25 1.22790146591
607.5 1.2303021864
608.75 1.23270004172
610.0 1.23509498664
611.25 1.23748697544
612.5 1.23987596202
613.75 1.2422618998
615.0 1.24464474179
616.25 1.24702444058
617.5 1.24940094833
618.75 1.25177421676
620.0 1.2541441972
621.25 1.25651084053
622.5 1.25887409726
623.75 1.26123391745
625.0 1.26359025079
626.25 1.26594304654
627.5 1.26829225359
628.75 1.27063782042
630.0 1.27297969513
631.25 1.27531782544
632.5 1.27765215868
633.75 1.27998264184
635.0 1.28230922151
636.25 1.28463184394
637.5 1.286950455
638.75 1.28926500025
640.0 1.29157542488
641.25 1.29388167376
642.5 1.29618369141
643.75 1.29848142205
645.0 1.30077480959
646.25 1.3030637976
647.5 1.30534832939
648.75 1.30762834795
650.0 1.309903796
651.25 1.31217461599
652.5 1.3144407501
653.75 1.31670214023
655.0 1.31895872807
656.25 1.32121045504
657.5 1.32345726234
658.75 1.32569909096
660.0 1.32793588167
661.25 1.33016757503
662.5 1.33239411144
663.75 1.33461543107
665.0 1.33683147398
666.25 1.33904218004
667.5 1.34124748896
668.75 1.34344734035
670.0 1.34564167368
671.25 1.34783042829
672.5 1.35001354346
673.75 1.35219095835
675.0 1.35436261206
676.25 1.35652844362
677.5 1.35868839201
678.75 1.3608423962
680.0 1.36299039509
681.25 1.36513232761
682.5 1.36726813267
683.75 1.36939774923
685.0 1.37152111624
686.25 1.37363817273
687.5 1.37574885778
688.75 1.37785311054
690.0 1.37995087026
691.25 1.38204207628
692.5 1.38412666809
693.75 1.38620458529
695.0 1.38827576764
696.25 1.39034015508
697.5 1.3923976877
698.75 1.39444830582
700.0 1.39649194998
701.25 1.39852856091
702.5 1.40055807965
703.75 1.40258044744
705.0 1.40459560585
706.25 1.40660349674
707.5 1.40860406226
708.75 1.41059724491
710.0 1.41258298755
711.25 1.4145612334
712.5 1.41653192605
713.75 1.41849500951
715.0 1.42045042821
716.25 1.422398127
717.5 1.4243380512
718.75 1.4262701466
720.0 1.42819435949
721.25 1.43011063666
722.5 1.43201892542
723.75 1.43391917364
725.0 1.43581132975
726.25 1.43769534275
727.5 1.43957116225
728.75 1.4414387385
730.0 1.44329802234
731.25 1.4451489653
732.5 1.44699151958
733.75 1.44882563805
735.0 1.45065127433
736.25 1.45246838272
736.875 1.45337372489
737.5 1.4542769183
738.125 1.45517795745
738.75 1.4560768369
739.375 1.45697355125
740.0 1.45786809515
740.625 1.45876046331
741.25 1.45965065047
741.875 1.46053865144
742.5 1.46142446108
743.125 1.46230807431
743.75 1.46318948608
744.375 1.46406869141
745.0 1.46494568538
745.625 1.46582046312
746.25 1.4666930198
746.875 1.46756335067
747.5 1.46843145103
748.125 1.46929731622
748.75 1.47016094167
749.375 1.47102232284
750.0 1.47188145526
750.625 1.47273833452
751.25 1.47359295627
751.875 1.47444531622
752.5 1.47529541014
753.125 1.47614323386
753.75 1.47698878327
754.375 1.47783205434
755.0 1.47867304309
755.625 1.47951174559
756.25 1.48034815801
756.875 1.48118227655
757.5 1.48201409748
758.125 1.48284361717
758.75 1.48367083201
759.375 1.48449573849
760.0 1.48531833316
760.625 1.48613861262
761.25 1.48695657356
761.875 1.48777221272
762.5 1.48858552695
763.125 1.48939651311
763.75 1.49020516817
764.375 1.49101148917
765.0 1.49181547321
765.625 1.49261711746
766.25 1.49341641918
766.875 1.49421337568
767.5 1.49500798435
768.125 1.49580024267
768.75 1.49659014817
769.375 1.49737769848
770.0 1.49816289128
770.625 1.49894572435
771.25 1.49972619552
771.875 1.50050430272
772.5 1.50128004394
773.125 1.50205341726
773.75 1.50282442083
774.375 1.50359305289
775.0 1.50435931173
775.625 1.50512319576
776.25 1.50588470343
776.875 1.5066438333
777.5 1.507400584
778.125 1.50815495423
778.75 1.50890694278
779.375 1.50965654853
780.0 1.51040377043
780.625 1.51114860752
781.25 1.51189105891
781.875 1.51263112381
782.5 1.51336880151
783.125 1.51410409137
783.75 1.51483699284
784.375 1.51556750547
785.0 1.51629562888
785.625 1.51702136278
786.25 1.51774470696
786.875 1.51846566129
787.5 1.51918422576
788.125 1.5199004004
788.75 1.52061418536
789.375 1.52132558087
790.0 1.52203458724
790.625 1.52274120488
791.25 1.52344543426
791.875 1.52414727598
792.5 1.5248467307
793.125 1.52554379917
793.75 1.52623848225
794.375 1.52693078086
795.0 1.52762069603
795.625 1.52830822888
796.25 1.52899338061
796.875 1.52967615253
797.5 1.530356546
798.125 1.53103456252
798.75 1.53171020365
799.375 1.53238347106
800.0 1.53305436649
800.625 1.53372289178
801.25 1.53438904888
801.875 1.53505283982
802.5 1.5357142667
803.125 1.53637333175
803.75 1.53703003728
804.375 1.53768438568
805.0 1.53833637944
805.625 1.53898602115
806.25 1.53963331349
806.875 1.54027825923
807.5 1.54092086124
808.125 1.54156112248
808.75 1.542199046
809.375 1.54283463495
810.0 1.54346789258