100.0 0.0631859454618
120.0 0.0758359283927
140.0 0.0884865803093
160.0 0.101137754065
180.0 0.113789349294
200.0 0.126441294018
220.0 0.13909353459
240.0 0.151746029785
260.0 0.164398747129
280.0 0.177051660506
300.0 0.189704748548
320.0 0.202357993506
340.0 0.21501138045
360.0 0.22766489668
380.0 0.240318531281
400.0 0.252972274794
420.0 0.265626118954
440.0 0.278280056491
460.0 0.290934080967
480.0 0.303588186648
500.0 0.3162423684
520.0 0.328896621605
540.0 0.341550942087
560.0 0.35420532606
580.0 0.366859770072
600.0 0.379514270969
620.0 0.392168825858
640.0 0.404823432076
660.0 0.417478087168
680.0 0.43013278886
700.0 0.442787535044
720.0 0.45544232376
740.0 0.468097153182
760.0 0.480752021603
780.0 0.493406927427
800.0 0.506061869156
820.0 0.518716845384
840.0 0.531371854788
860.0 0.54402689612
880.0 0.556681968201
900.0 0.569337069919
920.0 0.581992200218
940.0 0.594647358097
960.0 0.607302542608
980.0 0.619957752845
1000.0 0.63261298795
1020.0 0.645268247102
1040.0 0.657923529517
1060.0 0.670578834449
1080.0 0.68323416118
1100.0 0.695889509026
1120.0 0.708544877328
1140.0 0.721200265456
1160.0 0.733855672801
1180.0 0.746511098782
1200.0 0.759166542835
1220.0 0.771822004417
1240.0 0.784477483005
1260.0 0.797132978094
1280.0 0.809788489193
1300.0 0.822444015828
1320.0 0.835099557539
1340.0 0.84775511388
1360.0 0.860410684417
1380.0 0.873066268726
1400.0 0.885721866397
1420.0 0.898377477027
1440.0 0.911033100223
1460.0 0.923688735602
1480.0 0.936344382786
1500.0 0.949000041407
1520.0 0.961655711101
1540.0 0.97431139151
1560.0 0.986967082282
1580.0 0.999622783069
1600.0 1.01227849353
1620.0 1.02493421331
1640.0 1.03758994209
1660.0 1.05024567951
1680.0 1.06290142526
1700.0 1.07555717898
1720.0 1.08821294034
1740.0 1.10086870902
1760.0 1.11352448466
1780.0 1.12618026692
1800.0 1.13883605547
1820.0 1.15149184996
1840.0 1.16414765002
1860.0 1.17680345531
1880.0 1.18945926546
1900.0 1.20211508009
1920.0 1.21477089884
1940.0 1.22742672131
1960.0 1.24008254709
1980.0 1.2527383758
2000.0 1.26539420699
2020.0 1.27805004025
2040.0 1.29070587511
2060.0 1.30336171112
2080.0 1.31601754781
2100.0 1.32867338466
2120.0 1.34132922116
2140.0 1.35398505678
2160.0 1.36664089096
2180.0 1.37929672312
2200.0 1.39195255263
2220.0 1.40460837888
2240.0 1.4172642012
2260.0 1.42992001888
2280.0 1.44257583121
2300.0 1.45523163742
2320.0 1.46788743671
2340.0 1.48054322825
2360.0 1.49319901115
2380.0 1.5058547845
2400.0 1.51851054731
2420.0 1.53116629858
2440.0 1.54382203724
2460.0 1.55647776215
2480.0 1.56913347213
2500.0 1.58178916593
2520.0 1.59444484226
2540.0 1.60710049972
2560.0 1.61975613687
2580.0 1.63241175219
2600.0 1.64506734406
2620.0 1.65772291079
2640.0 1.67037845061
2660.0 1.68303396165
2680.0 1.69568944194
2700.0 1.7083448894
2720.0 1.72100030186
2740.0 1.73365567702
2760.0 1.74631101247
2780.0 1.75896630567
2800.0 1.77162155395
2820.0 1.78427675451
2840.0 1.7969319044
2860.0 1.80958700052
2880.0 1.82224203961
2900.0 1.83489701824
2920.0 1.84755193282
2940.0 1.86020677957
2960.0 1.87286155452
2980.0 1.88551625351
3000.0 1.89817087217
3020.0 1.9108254059
3040.0 1.9234798499
3060.0 1.93613419911
3080.0 1.94878844825
3100.0 1.96144259174
3120.0 1.97409662379
3140.0 1.98675053829
3160.0 1.99940432885
3180.0 2.01205798878
3200.0 2.02471151107
3220.0 2.03736488839
3240.0 2.05001811307
3260.0 2.06267117707
3280.0 2.07532407199
3300.0 2.08797678906
3320.0 2.10062931908
3340.0 2.11328165246
3360.0 2.12593377917
3380.0 2.13858568874
3400.0 2.15123737024
3420.0 2.16388881224
3440.0 2.17654000282
3460.0 2.18919092957
3480.0 2.2018415795
3500.0 2.2144919391
3520.0 2.22714199426
3540.0 2.23979173031
3560.0 2.25244113194
3580.0 2.2650901832
3600.0 2.27773886749
3620.0 2.29038716756
3640.0 2.3030350654
3660.0 2.31568254233
3680.0 2.32832957889
3700.0 2.34097615486
3720.0 2.35362224923
3740.0 2.36626784015
3760.0 2.37891290495
3780.0 2.39155742006
3800.0 2.40420136104
3820.0 2.4168447025
3840.0 2.42948741812
3860.0 2.44212948059
3880.0 2.45477086161
3900.0 2.46741153182
3920.0 2.48005146083
3940.0 2.49269061713
3960.0 2.5053289681
3980.0 2.51796647999
4000.0 2.53060311784
4020.0 2.54323884551
4040.0 2.5558736256
4060.0 2.56850741946
4080.0 2.58114018714
4100.0 2.59377188734
4120.0 2.60640247743
4140.0 2.61903191337
4160.0 2.6316601497
4180.0 2.64428713952
4200.0 2.65691283445
4220.0 2.66953718457
4240.0 2.68216013845
4260.0 2.69478164307
4280.0 2.70740164382
4300.0 2.72002008442
4320.0 2.73263690698
4340.0 2.74525205187
4360.0 2.75786545777
4380.0 2.77047706159
4400.0 2.78308679848
4420.0 2.79569460178
4440.0 2.80830040297
4460.0 2.82090413172
4480.0 2.83350571577
4500.0 2.84610508098
4520.0 2.85870215126
4540.0 2.87129684857
4560.0 2.88388909289
4580.0 2.8964788022
4600.0 2.90906589246
4620.0 2.92165027757
4640.0 2.93423186942
4660.0 2.94681057777
4680.0 2.95938631032
4700.0 2.97195897266
4720.0 2.98452846826
4740.0 2.99709469847
4760.0 3.00965756249
4780.0 3.02221695739
4800.0 3.03477277806
4820.0 3.04732491726
4840.0 3.05987326559
4860.0 3.07241771147
4880.0 3.08495814118
4900.0 3.09749443883
4920.0 3.1100264864
4940.0 3.12255416371
4960.0 3.13507734846
4980.0 3.14759591622
5000.0 3.16010974045
5020.0 3.17261869256
5040.0 3.18512264184
5060.0 3.19762145556
5080.0 3.21011499897
5100.0 3.22260313532
5120.0 3.23508572589
5140.0 3.24756263005
5160.0 3.26003370525
5180.0 3.27249880709
5200.0 3.28495778937
5220.0 3.2974105041
5240.0 3.30985680157
5260.0 3.32229653042
5280.0 3.33472953764
5300.0 3.34715566867
5320.0 3.35957476744
5340.0 3.37198667647
5360.0 3.38439123687
5380.0 3.39678828847
5400.0 3.40917766985
5420.0 3.42155921845
5440.0 3.43393277062
5460.0 3.44629816172
5480.0 3.4586552262
5500.0 3.4710037977
5520.0 3.4833437091
5540.0 3.49567479268
5560.0 3.50799688016
5580.0 3.52030980282
5600.0 3.53261339162
5620.0 3.54490747728
5640.0 3.55719189042
5660.0 3.56946646164
5680.0 3.58173102166
5700.0 3.59398540142
5720.0 3.60622943223
5740.0 3.61846294584
5760.0 3.63068577463
5780.0 3.64289775169
5800.0 3.65509871098
5820.0 3.66728848745
5840.0 3.67946691716
5860.0 3.69163383745
5880.0 3.70378908707
5900.0 3.71593250629
5920.0 3.72806393708
5940.0 3.74018322324
5960.0 3.75229021055
5980.0 3.7643847469
6000.0 3.77646668246