100.0 0.0631614826784
120.0 0.0758139190424
140.0 0.08846718509
160.0 0.101121090265
180.0 0.113775505992
200.0 0.126430340929
220.0 0.139085527568
240.0 0.151741014426
260.0 0.164396761226
280.0 0.177052735785
300.0 0.189708911925
320.0 0.202365268022
340.0 0.215021785984
360.0 0.227678450489
380.0 0.240335248437
400.0 0.252992168521
420.0 0.265649200906
440.0 0.278306336972
460.0 0.290963569117
480.0 0.303620890594
500.0 0.316278295386
520.0 0.328935778096
540.0 0.341593333864
560.0 0.354250958293
580.0 0.366908647389
600.0 0.379566397514
620.0 0.39222420534
640.0 0.404882067812
660.0 0.417539982122
680.0 0.430197945676
700.0 0.442855956076
720.0 0.455514011097
740.0 0.468172108671
760.0 0.48083024687
780.0 0.493488423896
800.0 0.506146638065
820.0 0.518804887799
840.0 0.531463171618
860.0 0.544121488127
880.0 0.556779836013
900.0 0.569438214036
920.0 0.582096621026
940.0 0.594755055874
960.0 0.607413517527
980.0 0.620072004988
1000.0 0.632730517308
1020.0 0.645389053585
1040.0 0.658047612956
1060.0 0.670706194601
1080.0 0.683364797735
1100.0 0.696023421605
1120.0 0.708682065494
1140.0 0.721340728711
1160.0 0.733999410593
1180.0 0.746658110503
1200.0 0.759316827828
1220.0 0.771975561977
1240.0 0.784634312379
1260.0 0.797293078485
1280.0 0.80995185976
1300.0 0.822610655688
1320.0 0.835269465769
1340.0 0.847928289516
1360.0 0.860587126456
1380.0 0.87324597613
1400.0 0.885904838087
1420.0 0.898563711888
1440.0 0.911222597106
1460.0 0.923881493318
1480.0 0.936540400113
1500.0 0.949199317084
1520.0 0.961858243833
1540.0 0.974517179965
1560.0 0.987176125091
1580.0 0.999835078826
1600.0 1.01249404079
1620.0 1.02515301059
1640.0 1.03781198787
1660.0 1.05047097223
1680.0 1.06312996331
1700.0 1.07578896073
1720.0 1.0884479641
1740.0 1.10110697304
1760.0 1.11376598717
1780.0 1.12642500611
1800.0 1.13908402945
1820.0 1.1517430568
1840.0 1.16440208775
1860.0 1.1770611219
1880.0 1.18972015881
1900.0 1.20237919807
1920.0 1.21503823922
1940.0 1.22769728183
1960.0 1.24035632541
1980.0 1.2530153695
2000.0 1.26567441361
2020.0 1.27833345722
2040.0 1.29099249981
2060.0 1.30365154084
2080.0 1.31631057974
2100.0 1.32896961592
2120.0 1.34162864879
2140.0 1.35428767771
2160.0 1.36694670201
2180.0 1.37960572103
2200.0 1.39226473403
2220.0 1.40492374028
2240.0 1.41758273899
2260.0 1.43024172935
2280.0 1.44290071052
2300.0 1.4555596816
2320.0 1.46821864165
2340.0 1.48087758971
2360.0 1.49353652475
2380.0 1.50619544569
2400.0 1.51885435142
2420.0 1.53151324076
2440.0 1.54417211247
2460.0 1.55683096526
2480.0 1.56948979776
2500.0 1.58214860855
2520.0 1.59480739613
2540.0 1.60746615894
2560.0 1.62012489531
2580.0 1.63278360352
2600.0 1.64544228176
2620.0 1.65810092811
2640.0 1.67075954058
2660.0 1.68341811706
2680.0 1.69607665534
2700.0 1.70873515312
2720.0 1.72139360796
2740.0 1.73405201732
2760.0 1.74671037852
2780.0 1.75936868876
2800.0 1.77202694511
2820.0 1.78468514446
2840.0 1.79734328361
2860.0 1.81000135914
2880.0 1.82265936751
2900.0 1.835317305
2920.0 1.84797516771
2940.0 1.86063295154
2960.0 1.87329065222
2980.0 1.88594826526
3000.0 1.89860578598
3020.0 1.91126320945
3040.0 1.92392053054
3060.0 1.93657774386
3080.0 1.94923484379
3100.0 1.96189182445
3120.0 1.97454867967
3140.0 1.98720540302
3160.0 1.99986198779
3180.0 2.01251842694
3200.0 2.02517471313
3220.0 2.0378308387
3240.0 2.05048679565
3260.0 2.06314257562
3280.0 2.07579816988
3300.0 2.08845356935
3320.0 2.10110876452
3340.0 2.11376374551
3360.0 2.12641850199
3380.0 2.1390730232
3400.0 2.15172729795
3420.0 2.16438131454
3440.0 2.17703506082
3460.0 2.18968852412
3480.0 2.20234169127
3500.0 2.21499454853
3520.0 2.22764708163
3540.0 2.24029927573
3560.0 2.25295111537
3580.0 2.26560258451
3600.0 2.27825366645
3620.0 2.29090434386
3640.0 2.30355459872
3660.0 2.31620441233
3680.0 2.32885376527
3700.0 2.34150263736
3720.0 2.3541510077
3740.0 2.36679885458
3760.0 2.37944615548
3780.0 2.39209288708
3800.0 2.40473902517
3820.0 2.41738454468
3840.0 2.43002941963
3860.0 2.44267362314
3880.0 2.45531712733
3900.0 2.46795990337
3920.0 2.48060192142
3940.0 2.49324315061
3960.0 2.50588355901
3980.0 2.51852311358
4000.0 2.53116178021
4020.0 2.54379952363
4040.0 2.55643630737
4060.0 2.56907209382
4080.0 2.5817068441
4100.0 2.59434051809
4120.0 2.6069730744
4140.0 2.61960447031
4160.0 2.63223466176
4180.0 2.64486360334
4200.0 2.65749124822
4220.0 2.67011754816
4240.0 2.68274245344
4260.0 2.69536591289
4280.0 2.70798787378
4300.0 2.72060828188
4320.0 2.73322708135
4340.0 2.74584421478
4360.0 2.75845962312
4380.0 2.77107324564
4400.0 2.78368501995
4420.0 2.79629488194
4440.0 2.80890276575
4460.0 2.82150860378
4480.0 2.83411232659
4500.0 2.84671386296
4520.0 2.8593131398
4540.0 2.87191008216
4560.0 2.8845046132
4580.0 2.89709665415
4600.0 2.9096861243
4620.0 2.92227294098
4640.0 2.93485701954
4660.0 2.94743827332
4680.0 2.96001661363
4700.0 2.97259194974
4720.0 2.98516418886
4740.0 2.99773323614
4760.0 3.01029899461
4780.0 3.02286136521
4800.0 3.03542024676
4820.0 3.04797553595
4840.0 3.06052712732
4860.0 3.07307491328
4880.0 3.08561878408
4900.0 3.09815862778
4920.0 3.11069433032
4940.0 3.12322577544
4960.0 3.13575284473
4980.0 3.1482754176
5000.0 3.16079337132
5020.0 3.17330658097
5040.0 3.18581491949
5060.0 3.1983182577
5080.0 3.21081646426
5100.0 3.22330940572
5120.0 3.23579694654
5140.0 3.24827894908
5160.0 3.26075527364
5180.0 3.27322577847
5200.0 3.28569031983
5220.0 3.29814875194
5240.0 3.3106009271
5260.0 3.32304669566
5280.0 3.33548590609
5300.0 3.34791840497
5320.0 3.36034403709
5340.0 3.37276264546
5360.0 3.38517407135
5380.0 3.39757815434
5400.0 3.40997473239
5420.0 3.42236364188
5440.0 3.43474471765
5460.0 3.4471177931
5480.0 3.4594827002
5500.0 3.47183926959
5520.0 3.48418733065
5540.0 3.49652671154
5560.0 3.5088572393
5580.0 3.52117873993
5600.0 3.53349103843
5620.0 3.54579395892
5640.0 3.55808732472
5660.0 3.57037095842
5680.0 3.58264468197
5700.0 3.59490831682
5720.0 3.60716168392
5740.0 3.61940460393
5760.0 3.63163689723
5780.0 3.64385838408
5800.0 3.6560688847
5820.0 3.66826821938
5840.0 3.6804562086
5860.0 3.69263267315
5880.0 3.70479743421
5900.0 3.71695031353
5920.0 3.72909113349
5940.0 3.74121971724
5960.0 3.75333588884
5980.0 3.7654394734
6000.0 3.77753029716