0.0 0.0
120.0 4.50451408146
120.625 4.52700396609
121.25 4.54950260368
122.5 4.59452544844
123.75 4.63958128179
125.0 4.68466883816
126.25 4.72978691624
127.5 4.77493437509
128.75 4.82011013056
130.0 4.86531315191
131.25 4.91054245872
132.5 4.95579711791
133.75 5.00107624108
135.0 5.0463789819
136.25 5.09170453377
137.5 5.13705212756
138.75 5.18242102955
140.0 5.22781053945
141.25 5.27321998859
142.5 5.31864873818
143.75 5.36409617772
145.0 5.40956172347
146.25 5.45504481703
147.5 5.50054492404
148.75 5.54606153287
150.0 5.59159415348
151.25 5.6371423163
152.5 5.68270557118
153.75 5.72828348641
155.0 5.77387564779
156.25 5.81948165776
157.5 5.86510113458
158.75 5.91073371154
160.0 5.95637903623
161.25 6.00203676985
162.5 6.04770658657
165.0 6.13908122701
167.5 6.23050058727
170.0 6.32196246808
172.5 6.4134648258
175.0 6.50500575854
177.5 6.59658349369
180.0 6.6881963768
182.5 6.77984286145
185.0 6.87152150016
187.5 6.96323093625
190.0 7.05496989632
192.5 7.14673718364
195.0 7.238531672
197.5 7.33035230022
200.0 7.42219806711
202.5 7.51406802698
205.0 7.60596128538
207.5 7.69787699544
210.0 7.78981435435
212.5 7.88177260021
215.0 7.9737510092
217.5 8.06574889289
220.0 8.15776559589
222.5 8.24980049357
225.0 8.3418529901
230.0 8.5260085291
235.0 8.71022795432
240.0 8.8945073626
245.0 9.0788431649
250.0 9.26323205094
255.0 9.4476709589
260.0 9.63215704949
265.0 9.81668768337
270.0 10.0012604018
275.0 10.1858729095
280.0 10.37052306
285.0 10.5552088427
290.0 10.7399283712
295.0 10.9246798733
300.0 11.1094616822
305.0 11.2942722283
310.0 11.4791100319
315.0 11.6639736971
320.0 11.8488619059
330.0 12.2187070404
340.0 12.5886362604
350.0 12.9586413468
360.0 13.3287149232
370.0 13.6988503614
380.0 14.0690416984
390.0 14.4392835661
400.0 14.8095711281
410.0 15.1799000259
420.0 15.5502663294
430.0 15.9206664946
440.0 16.2910973247
450.0 16.6615559355
460.0 17.032039725
470.0 17.4025463449
480.0 17.7730736765
490.0 18.1436198071
500.0 18.5141830105
510.0 18.8847617286
520.0 19.2553545543
530.0 19.6259602173
540.0 19.9965775701
550.0 20.3672055762
560.0 20.737843299
570.0 21.1084898919
580.0 21.4791445896
590.0 21.8498066997
600.0 22.2204755957
610.0 22.5911507107
620.0 22.961831531
630.0 23.3325175913
640.0 23.7032084695
650.0 24.0739037829
660.0 24.444603184
670.0 24.815306357
680.0 25.186013015
690.0 25.5567228967
700.0 25.9274357644
710.0 26.2981514015
720.0 26.6688696103
730.0 27.0395902103
740.0 27.4103130367
750.0 27.7810379385
760.0 28.1517647777
770.0 28.5224934277
780.0 28.8932237722
790.0 29.2639557047
800.0 29.634689127
810.0 30.0054239488
820.0 30.3761600868
830.0 30.7468974642
840.0 31.1176360101
850.0 31.4883756589
860.0 31.8591163499
870.0 32.2298580268
880.0 32.6006006374
890.0 32.9713441333
900.0 33.3420884693
910.0 33.7128336036
920.0 34.083579497
930.0 34.4543261131
940.0 34.825073418
950.0 35.1958213797
960.0 35.5665699688
970.0 35.9373191572
980.0 36.3080689191
990.0 36.67881923
1000.0 37.0495700671
1010.0 37.4203214088
1020.0 37.7910732351
1030.0 38.1618255269
1040.0 38.5325782665
1050.0 38.9033314373
1060.0 39.2740850233
1070.0 39.6448390099
1080.0 40.0155933831
1090.0 40.3863481298
1100.0 40.7571032377
1110.0 41.1278586951
1120.0 41.4986144913
1130.0 41.8693706159
1140.0 42.2401270592
1150.0 42.6108838123
1160.0 42.9816408666
1170.0 43.3523982141
1180.0 43.7231558473
1190.0 44.0939137593
1200.0 44.4646719434
1210.0 44.8354303937
1220.0 45.2061891042
1230.0 45.5769480699
1240.0 45.9477072857
1250.0 46.3184667471
1260.0 46.6892264498
1270.0 47.0599863901
1280.0 47.4307465644
1290.0 47.8015069695
1300.0 48.1722676024
1310.0 48.5430284606
1320.0 48.9137895418
1330.0 49.2845508438
1340.0 49.6553123649
1350.0 50.0260741037
1360.0 50.3968360588
1370.0 50.7675982294
1380.0 51.1383606145
1390.0 51.5091232138
1400.0 51.8798860269
1410.0 52.2506490538
1420.0 52.6214122947
1430.0 52.9921757501
1440.0 53.3629394205
1450.0 53.7337033068
1460.0 54.1044674101
1470.0 54.4752317316
1480.0 54.8459962729
1490.0 55.2167610356
1500.0 55.5875260216
1510.0 55.9582912331
1520.0 56.3290566723
1530.0 56.6998223418
1540.0 57.0705882443
1550.0 57.4413543827
1560.0 57.8121207601
1570.0 58.1828873797
1580.0 58.5536542452
1590.0 58.9244213602
1600.0 59.2951887287
1610.0 59.6659563546
1620.0 60.0367242424
1630.0 60.4074923965
1640.0 60.7782608215
1650.0 61.1490295225
1660.0 61.5197985044
1670.0 61.8905677727
1680.0 62.2613373327
1690.0 62.6321071901
1700.0 63.0028773509
1710.0 63.3736478212
1720.0 63.7444186073
1730.0 64.1151897156
1740.0 64.4859611529
1750.0 64.8567329262
1760.0 65.2275050425
1770.0 65.5982775092
1780.0 65.969050334
1790.0 66.3398235245
1800.0 66.7105970888
1810.0 67.0813710351
1820.0 67.4521453718
1830.0 67.8229201076
1840.0 68.1936952513
1850.0 68.5644708122
1860.0 68.9352467995
1870.0 69.3060232228
1880.0 69.6768000919
1890.0 70.0475774169
1900.0 70.4183552079
1910.0 70.7891334757
1920.0 71.1599122308
1930.0 71.5306914843
1940.0 71.9014712475
1950.0 72.2722515319
1960.0 72.6430323491
1970.0 73.0138137112
1980.0 73.3845956305
1990.0 73.7553781195
2000.0 74.1261611909
2010.0 74.4969448578
2020.0 74.8677291335
2030.0 75.2385140316
2040.0 75.6092995658
2050.0 75.9800857504
2060.0 76.3508725997
2070.0 76.7216601284
2080.0 77.0924483515
2090.0 77.4632372841
2100.0 77.8340269417
2110.0 78.2048173403
2120.0 78.5756084958
2130.0 78.9464004248
2140.0 79.3171931438
2150.0 79.6879866698
2160.0 80.0587810201
2170.0 80.4295762123
2180.0 80.8003722644
2190.0 81.1711691944
2200.0 81.5419670209
2210.0 81.9127657627
2220.0 82.2835654389
2230.0 82.654366069
2240.0 83.0251676728
2250.0 83.3959702703
2260.0 83.7667738819
2270.0 84.1375785284
2280.0 84.5083842308
2290.0 84.8791910106
2300.0 85.2499988894
2310.0 85.6208078893
2320.0 85.9916180327
2330.0 86.3624293423
2340.0 86.7332418411
2350.0 87.1040555527
2360.0 87.4748705006
2370.0 87.845686709
2380.0 88.2165042024
2390.0 88.5873230055
2400.0 88.9581431434
2410.0 89.3289646416
2420.0 89.699787526
2430.0 90.0706118227
2440.0 90.4414375582
2450.0 90.8122647595
2460.0 91.1830934537
2470.0 91.5539236684
2480.0 91.9247554317
2490.0 92.2955887718
2500.0 92.6664237173
2510.0 93.0372602973
2520.0 93.4080985412
2530.0 93.7789384787
2540.0 94.1497801399
2550.0 94.5206235553
2560.0 94.8914687556
2570.0 95.2623157721
2580.0 95.6331646363
2590.0 96.00401538
2600.0 96.3748680356
2610.0 96.7457226356
2620.0 97.1165792129
2630.0 97.487437801
2640.0 97.8582984335
2650.0 98.2291611443
2660.0 98.600025968
2670.0 98.9708929392
2680.0 99.3417620929
2690.0 99.7126334648
2700.0 100.08350709
2710.0 100.454383006
2720.0 100.825261248
2730.0 101.196141853
2740.0 101.567024859
2750.0 101.937910302
2760.0 102.308798221
2770.0 102.679688654
2780.0 103.05058164
2790.0 103.421477216
2800.0 103.792375423
2810.0 104.163276299
2820.0 104.534179885
2830.0 104.905086221
2840.0 105.275995346
2850.0 105.646907302
2860.0 106.01782213
2870.0 106.38873987
2880.0 106.759660565
2890.0 107.130584257
2900.0 107.501510987
2910.0 107.872440798
2920.0 108.243373733
2930.0 108.614309834
2940.0 108.985249145
2950.0 109.35619171
2960.0 109.727137572
2970.0 110.098086775
2980.0 110.469039364
2990.0 110.839995382
3000.0 111.210954875
3010.0 111.581917888
3020.0 111.952884465
3030.0 112.323854653
3040.0 112.694828496
3050.0 113.06580604
3060.0 113.436787332
3070.0 113.807772416
3080.0 114.178761341
3090.0 114.549754152
3100.0 114.920750895
3110.0 115.291751618
3120.0 115.662756367
3130.0 116.03376519
3140.0 116.404778133
3150.0 116.775795244
3160.0 117.146816569
3170.0 117.517842158
3180.0 117.888872057
3190.0 118.259906313
3200.0 118.630944975
3210.0 119.00198809
3220.0 119.373035706
3230.0 119.74408787
3240.0 120.115144631
3250.0 120.486206037
3260.0 120.857272135
3270.0 121.228342973
3280.0 121.5994186
3290.0 121.970499062
3300.0 122.341584408
3310.0 122.712674685
3320.0 123.083769941
3330.0 123.454870224
3340.0 123.825975581
3350.0 124.197086059
3360.0 124.568201706
3370.0 124.93932257
3380.0 125.310448696
3390.0 125.681580133
3400.0 126.052716926
3410.0 126.423859122
3420.0 126.795006769
3430.0 127.166159911
3440.0 127.537318595
3450.0 127.908482866
3460.0 128.279652771
3470.0 128.650828354
3480.0 129.022009661
3490.0 129.393196736
3500.0 129.764389623
3510.0 130.135588368
3520.0 130.506793013
3530.0 130.878003602
3540.0 131.249220179
3550.0 131.620442786
3560.0 131.991671465
3570.0 132.362906259
3580.0 132.73414721
3590.0 133.105394358
3600.0 133.476647745
3610.0 133.84790741
3620.0 134.219173394
3630.0 134.590445736
3640.0 134.961724476
3650.0 135.333009651
3660.0 135.7043013
3670.0 136.07559946
3680.0 136.446904168
3690.0 136.81821546
3700.0 137.189533373
3710.0 137.560857941
3720.0 137.932189199
3730.0 138.303527181
3740.0 138.674871921
3750.0 139.046223451
3760.0 139.417581804
3770.0 139.78894701
3780.0 140.160319102
3790.0 140.531698107
3800.0 140.903084057
3810.0 141.27447698
3820.0 141.645876904
3830.0 142.017283856
3840.0 142.388697862
3850.0 142.760118948
3860.0 143.13154714
3870.0 143.50298246
3880.0 143.874424934
3890.0 144.245874582
3900.0 144.617331427
3910.0 144.988795489
3920.0 145.360266789
3930.0 145.731745345
3940.0 146.103231177
3950.0 146.4747243
3960.0 146.846224732
3970.0 147.217732488
3980.0 147.589247583
3990.0 147.96077003
4000.0 148.332299842
4010.0 148.703837032
4020.0 149.075381609
4030.0 149.446933583
4040.0 149.818492964
4050.0 150.190059759
4060.0 150.561633975
4070.0 150.933215619
4080.0 151.304804694
4090.0 151.676401204
4100.0 152.048005153
4110.0 152.419616543
4120.0 152.791235373
4130.0 153.162861643
4140.0 153.534495352
4150.0 153.906136498
4160.0 154.277785076
4170.0 154.649441082
4180.0 155.021104511
4190.0 155.392775355
4200.0 155.764453607
4210.0 156.136139257
4220.0 156.507832295
4230.0 156.87953271
4240.0 157.251240489
4250.0 157.622955619
4260.0 157.994678085
4270.0 158.366407871
4280.0 158.73814496
4290.0 159.109889335
4300.0 159.481640975
4310.0 159.853399861
4320.0 160.225165971
4330.0 160.596939282
4340.0 160.96871977
4350.0 161.340507411
4360.0 161.712302178
4370.0 162.084104044
4380.0 162.455912981
4390.0 162.827728959
4400.0 163.199551947
4410.0 163.571381914
4420.0 163.943218826
4430.0 164.315062649
4440.0 164.686913349
4450.0 165.058770888
4460.0 165.43063523
4470.0 165.802506335
4480.0 166.174384164
4490.0 166.546268676
4500.0 166.918159828
4510.0 167.290057579
4520.0 167.661961883
4530.0 168.033872695
4540.0 168.40578997
4550.0 168.777713658
4560.0 169.149643713
4570.0 169.521580084
4580.0 169.89352272
4590.0 170.26547157
4600.0 170.637426582
4610.0 171.009387701
4620.0 171.381354872
4630.0 171.75332804
4640.0 172.125307148
4650.0 172.497292137
4660.0 172.86928295
4670.0 173.241279527
4680.0 173.613281806
4690.0 173.985289725
4700.0 174.357303223
4710.0 174.729322236
4720.0 175.101346699
4730.0 175.473376547
4740.0 175.845411713
4750.0 176.217452131
4760.0 176.589497733
4770.0 176.961548449
4780.0 177.33360421
4790.0 177.705664946
4800.0 178.077730584
4810.0 178.449801055
4820.0 178.821876283
4830.0 179.193956197
4840.0 179.566040721
4850.0 179.938129781
4860.0 180.310223302
4870.0 180.682321206
4880.0 181.054423416
4890.0 181.426529846
4900.0 181.798640432
4910.0 182.170755087
4920.0 182.542873731
4930.0 182.914996284
4940.0 183.287122665
4950.0 183.659252793
4960.0 184.031386586
4970.0 184.403523962
4980.0 184.775664838
4990.0 185.14780913
5000.0 185.519956754
5010.0 185.892107627
5020.0 186.264261663
5030.0 186.636418777
5040.0 187.008578884
5050.0 187.380741898
5060.0 187.752907733
5070.0 188.125076301
5080.0 188.497247517
5090.0 188.869421292
5100.0 189.24159754
5110.0 189.613776173
5120.0 189.985957102
5130.0 190.358140241
5140.0 190.7303255
5150.0 191.102512791
5160.0 191.474702025
5170.0 191.846893114
5180.0 192.219085969
5190.0 192.591280502
5200.0 192.963476622
5210.0 193.335674241
5220.0 193.707873271
5230.0 194.080073622
5240.0 194.452275205
5250.0 194.824477932
5260.0 195.196681712
5270.0 195.568886459
5280.0 195.941092083
5290.0 196.313298495
5300.0 196.685505607
5310.0 197.057713332
5320.0 197.42992158
5330.0 197.802130265
5340.0 198.174339298
5350.0 198.546548592
5360.0 198.91875806
5370.0 199.290967616
5380.0 199.663177173
5390.0 200.035386644
5400.0 200.407595944
5410.0 200.779804988
5420.0 201.15201369
5430.0 201.524221965
5440.0 201.896429731
5450.0 202.268636901
5460.0 202.640843394
5470.0 203.013049127
5480.0 203.385254016
5490.0 203.75745798
5500.0 204.129660938
5510.0 204.501862809
5520.0 204.874063512
5530.0 205.246262967
5540.0 205.618461097
5550.0 205.990657821
5560.0 206.362853063
5570.0 206.735046744
5580.0 207.107238789
5590.0 207.479429121
5600.0 207.851617664
5610.0 208.223804345
5620.0 208.59598909
5630.0 208.968171825
5640.0 209.340352477
5650.0 209.712530976
5660.0 210.084707249
5670.0 210.456881228
5680.0 210.829052842
5690.0 211.201222023
5700.0 211.573388704
5710.0 211.945552816
5720.0 212.317714295
5730.0 212.689873074
5740.0 213.06202909
5750.0 213.434182278
5760.0 213.806332577
5770.0 214.178479923
5780.0 214.550624257
5790.0 214.922765517
5800.0 215.294903646
5810.0 215.667038584
5820.0 216.039170275