0.0 0.0
120.0 4.49716114029
120.625 4.51961272834
121.25 4.54207306936
122.5 4.58701932099
123.75 4.6319985612
125.0 4.67700952443
126.25 4.72205100938
127.5 4.76712187509
128.75 4.81222103742
130.0 4.85734746564
131.25 4.90250017931
132.5 4.94767824536
133.75 4.99288077539
135.0 5.03810692308
136.25 5.08335588181
137.5 5.12862688246
138.75 5.17391919131
140.0 5.21923210808
141.25 5.26456496408
142.5 5.30991712053
143.75 5.35528796693
145.0 5.40067691954
146.25 5.44608341997
147.5 5.49150693384
148.75 5.53694694954
150.0 5.58240297701
151.25 5.62787454669
152.5 5.67336120843
153.75 5.71886253053
155.0 5.76437809877
156.25 5.8099075156
157.5 5.85545039929
158.75 5.90100638311
160.0 5.94657511466
161.25 5.99215625514
162.5 6.03774947872
165.0 6.12897093289
167.5 6.22023710688
170.0 6.31154580142
172.5 6.40289497286
175.0 6.49428271932
177.5 6.5857072682
180.0 6.67716696504
182.5 6.76866026341
185.0 6.86018571585
187.5 6.95174196566
190.0 7.04332773946
192.5 7.1349418405
195.0 7.22658314259
197.5 7.31825058453
200.0 7.40994316515
202.5 7.50165993874
205.0 7.59340001087
207.5 7.68516253466
210.0 7.77694670729
212.5 7.86875176688
215.0 7.96057698959
217.5 8.05242168701
220.0 8.14428520373
222.5 8.23616691514
225.0 8.32806622539
230.0 8.51191539185
235.0 8.69582844451
240.0 8.87980148025
245.0 9.06383091
250.0 9.24791342348
255.0 9.4320459589
260.0 9.61622567694
265.0 9.80044993828
270.0 9.98471628413
275.0 10.1690224193
280.0 10.3533661973
285.0 10.5377456074
290.0 10.7221587633
295.0 10.9066038929
300.0 11.0910793293
305.0 11.2755835028
310.0 11.4601149338
315.0 11.6446722265
320.0 11.8292540628
330.0 12.1984864521
340.0 12.5678029271
350.0 12.9371952683
360.0 13.3066560997
370.0 13.6761787928
380.0 14.0457573847
390.0 14.4153865073
400.0 14.7850613242
410.0 15.1547774769
420.0 15.5245310353
430.0 15.8943184554
440.0 16.2641365404
450.0 16.6339824061
460.0 17.0038534505
470.0 17.3737473253
480.0 17.7436619117
490.0 18.1135952972
500.0 18.4835457556
510.0 18.8535117286
520.0 19.2234918092
530.0 19.5934847271
540.0 19.9634893348
550.0 20.3335045958
560.0 20.7035295735
570.0 21.0735634214
580.0 21.4436053739
590.0 21.8136547389
600.0 22.1837108898
610.0 22.5537732597
620.0 22.9238413349
630.0 23.2939146501
640.0 23.6639927832
650.0 24.0340753516
660.0 24.4041620075
670.0 24.7742524354
680.0 25.1443463483
690.0 25.5144434849
700.0 25.8845436076
710.0 26.2546464996
720.0 26.6247519632
730.0 26.9948598182
740.0 27.3649698994
750.0 27.7350820561
760.0 28.1051961502
770.0 28.4753120551
780.0 28.8454296546
790.0 29.215548842
800.0 29.5856695192
810.0 29.9557915958
820.0 30.3259149887
830.0 30.696039621
840.0 31.0661654218
850.0 31.4362923255
860.0 31.8064202714
870.0 32.1765492032
880.0 32.5466790688
890.0 32.9168098195
900.0 33.2869414105
910.0 33.6570737996
920.0 34.027206948
930.0 34.397340819
940.0 34.7674753787
950.0 35.1376105954
960.0 35.5077464394
970.0 35.8778828827
980.0 36.2480198995
990.0 36.6181574653
1000.0 36.9882955573
1010.0 37.3584341539
1020.0 37.7285732351
1030.0 38.0987127818
1040.0 38.4688527764
1050.0 38.838993202
1060.0 39.2091340429
1070.0 39.5792752844
1080.0 39.9494169125
1090.0 40.3195589141
1100.0 40.6897012769
1110.0 41.0598439893
1120.0 41.4299870403
1130.0 41.8001304198
1140.0 42.170274118
1150.0 42.540418126
1160.0 42.9105624352
1170.0 43.2807070376
1180.0 43.6508519257
1190.0 44.0209970926
1200.0 44.3911425317
1210.0 44.7612882368
1220.0 45.1314342023
1230.0 45.5015804228
1240.0 45.8717268935
1250.0 46.2418736098
1260.0 46.6120205675
1270.0 46.9821677627
1280.0 47.3523151919
1290.0 47.7224628518
1300.0 48.0926107397
1310.0 48.4627588528
1320.0 48.8329071888
1330.0 49.2030557457
1340.0 49.5732045218
1350.0 49.9433535155
1360.0 50.3135027255
1370.0 50.6836521509
1380.0 51.053801791
1390.0 51.4239516451
1400.0 51.7941017132
1410.0 52.164251995
1420.0 52.5344024908
1430.0 52.9045532011
1440.0 53.2747041264
1450.0 53.6448552676
1460.0 54.0150066258
1470.0 54.3851582022
1480.0 54.7553099983
1490.0 55.125462016
1500.0 55.4956142569
1510.0 55.8657667233
1520.0 56.2359194174
1530.0 56.6060723418
1540.0 56.9762254992
1550.0 57.3463788925
1560.0 57.7165325248
1570.0 58.0866863993
1580.0 58.4568405197
1590.0 58.8269948897
1600.0 59.197149513
1610.0 59.5673043938
1620.0 59.9374595365
1630.0 60.3076149455
1640.0 60.6777706254
1650.0 61.0479265813
1660.0 61.4180828182
1670.0 61.7882393413
1680.0 62.1583961562
1690.0 62.5285532686
1700.0 62.8987106843
1710.0 63.2688684094
1720.0 63.6390264504
1730.0 64.0091848136
1740.0 64.3793435058
1750.0 64.749502534
1760.0 65.1196619052
1770.0 65.4898216269
1780.0 65.8599817065
1790.0 66.230142152
1800.0 66.6003029711
1810.0 66.9704641723
1820.0 67.3406257639
1830.0 67.7107877546
1840.0 68.0809501533
1850.0 68.4511129691
1860.0 68.8212762113
1870.0 69.1914398895
1880.0 69.5616040135
1890.0 69.9317685933
1900.0 70.3019336393
1910.0 70.6720991619
1920.0 71.042265172
1930.0 71.4124316804
1940.0 71.7825986985
1950.0 72.1527662377
1960.0 72.5229343099
1970.0 72.8931029269
1980.0 73.2632721011
1990.0 73.633441845
2000.0 74.0036121713
2010.0 74.3737830931
2020.0 74.7439546237
2030.0 75.1141267767
2040.0 75.4842995658
2050.0 75.8544730053
2060.0 76.2246471095
2070.0 76.5948218931
2080.0 76.9649973711
2090.0 77.3351735586
2100.0 77.7053504711
2110.0 78.0755281246
2120.0 78.4457065351
2130.0 78.8158857189
2140.0 79.1860656928
2150.0 79.5562464737
2160.0 79.9264280789
2170.0 80.2966105261
2180.0 80.666793833
2190.0 81.0369780179
2200.0 81.4071630993
2210.0 81.777349096
2220.0 82.1475360271
2230.0 82.5177239121
2240.0 82.8879127708
2250.0 83.2581026232
2260.0 83.6282934897
2270.0 83.9984853912
2280.0 84.3686783485
2290.0 84.7388723832
2300.0 85.1090675169
2310.0 85.4792637717
2320.0 85.8494611699
2330.0 86.2196597344
2340.0 86.5898594882
2350.0 86.9600604546
2360.0 87.3302626575
2370.0 87.7004661208
2380.0 88.0706708691
2390.0 88.4408769271
2400.0 88.8110843199
2410.0 89.181293073
2420.0 89.5515032123
2430.0 89.9217147639
2440.0 90.2919277543
2450.0 90.6621422104
2460.0 91.0323581595
2470.0 91.4025756292
2480.0 91.7727946474
2490.0 92.1430152423
2500.0 92.5132374428
2510.0 92.8834612777
2520.0 93.2536867765
2530.0 93.6239139689
2540.0 93.994142885
2550.0 94.3643735553
2560.0 94.7346060105
2570.0 95.1048402819
2580.0 95.475076401
2590.0 95.8453143996
2600.0 96.2155543101
2610.0 96.585796165
2620.0 96.9560399972
2630.0 97.3262858402
2640.0 97.6965337276
2650.0 98.0667836933
2660.0 98.4370357719
2670.0 98.807289998
2680.0 99.1775464067
2690.0 99.5478050334
2700.0 99.9180659139
2710.0 100.288329084
2720.0 100.658594581
2730.0 101.028862441
2740.0 101.399132702
2750.0 101.7694054
2760.0 102.139680574
2770.0 102.509958262
2780.0 102.880238503
2790.0 103.250521334
2800.0 103.620806795
2810.0 103.991094927
2820.0 104.361385768
2830.0 104.731679358
2840.0 105.101975738
2850.0 105.472274949
2860.0 105.842577032
2870.0 106.212882027
2880.0 106.583189977
2890.0 106.953500923
2900.0 107.323814908
2910.0 107.694131974
2920.0 108.064452164
2930.0 108.43477552
2940.0 108.805102087
2950.0 109.175431906
2960.0 109.545765023
2970.0 109.916101481
2980.0 110.286441325
2990.0 110.656784598
3000.0 111.027131346
3010.0 111.397481614
3020.0 111.767835446
3030.0 112.138192888
3040.0 112.508553986
3050.0 112.878918785
3060.0 113.249287332
3070.0 113.619659671
3080.0 113.990035851
3090.0 114.360415916
3100.0 114.730799915
3110.0 115.101187892
3120.0 115.471579897
3130.0 115.841975974
3140.0 116.212376172
3150.0 116.582780538
3160.0 116.953189119
3170.0 117.323601962
3180.0 117.694019115
3190.0 118.064440627
3200.0 118.434866543
3210.0 118.805296913
3220.0 119.175731784
3230.0 119.546171204
3240.0 119.91661522
3250.0 120.28706388
3260.0 120.657517233
3270.0 121.027975326
3280.0 121.398438208
3290.0 121.768905925
3300.0 122.139378525
3310.0 122.509856057
3320.0 122.880338568
3330.0 123.250826106
3340.0 123.621318718
3350.0 123.991816451
3360.0 124.362319354
3370.0 124.732827472
3380.0 125.103340853
3390.0 125.473859544
3400.0 125.844383593
3410.0 126.214913044
3420.0 126.585447945
3430.0 126.955988342
3440.0 127.326534281
3450.0 127.697085807
3460.0 128.067642967
3470.0 128.438205805
3480.0 128.808774367
3490.0 129.179348697
3500.0 129.549928839
3510.0 129.920514838
3520.0 130.291106738
3530.0 130.661704583
3540.0 131.032308414
3550.0 131.402918276
3560.0 131.77353421
3570.0 132.144156259
3580.0 132.514784465
3590.0 132.885418868
3600.0 133.256059509
3610.0 133.626706429
3620.0 133.997359668
3630.0 134.368019266
3640.0 134.73868526
3650.0 135.10935769
3660.0 135.480036594
3670.0 135.850722009
3680.0 136.221413972
3690.0 136.592112519
3700.0 136.962817687
3710.0 137.33352951
3720.0 137.704248023
3730.0 138.07497326
3740.0 138.445705255
3750.0 138.81644404
3760.0 139.187189647
3770.0 139.557942108
3780.0 139.928701454
3790.0 140.299467715
3800.0 140.67024092
3810.0 141.041021098
3820.0 141.411808277
3830.0 141.782602483
3840.0 142.153403744
3850.0 142.524212086
3860.0 142.895027532
3870.0 143.265850107
3880.0 143.636679836
3890.0 144.007516739
3900.0 144.378360838
3910.0 144.749212156
3920.0 145.12007071
3930.0 145.490936522
3940.0 145.861809608
3950.0 146.232689986
3960.0 146.603577673
3970.0 146.974472684
3980.0 147.345375034
3990.0 147.716284736
4000.0 148.087201803
4010.0 148.458126247
4020.0 148.829058079
4030.0 149.199997309
4040.0 149.570943944
4050.0 149.941897994
4060.0 150.312859466
4070.0 150.683828364
4080.0 151.054804694
4090.0 151.425788459
4100.0 151.796779663
4110.0 152.167778307
4120.0 152.538784392
4130.0 152.909797917
4140.0 153.280818881
4150.0 153.651847282
4160.0 154.022883115
4170.0 154.393926377
4180.0 154.76497706
4190.0 155.136035159
4200.0 155.507100666
4210.0 155.878173571
4220.0 156.249253864
4230.0 156.620341533
4240.0 156.991436567
4250.0 157.362538952
4260.0 157.733648673
4270.0 158.104765714
4280.0 158.475890058
4290.0 158.847021688
4300.0 159.218160583
4310.0 159.589306724
4320.0 159.960460088
4330.0 160.331620654
4340.0 160.702788398
4350.0 161.073963293
4360.0 161.445145315
4370.0 161.816334436
4380.0 162.187530628
4390.0 162.558733861
4400.0 162.929944104
4410.0 163.301161325
4420.0 163.672385492
4430.0 164.043616571
4440.0 164.414854525
4450.0 164.78609932
4460.0 165.157350916
4470.0 165.528609276
4480.0 165.89987436
4490.0 166.271146127
4500.0 166.642424534
4510.0 167.01370954
4520.0 167.385001099
4530.0 167.756299166
4540.0 168.127603695
4550.0 168.498914639
4560.0 168.870231948
4570.0 169.241555574
4580.0 169.612885465
4590.0 169.98422157
4600.0 170.355563837
4610.0 170.726912211
4620.0 171.098266637
4630.0 171.46962706
4640.0 171.840993422
4650.0 172.212365667
4660.0 172.583743735
4670.0 172.955127566
4680.0 173.3265171
4690.0 173.697912274
4700.0 174.069313027
4710.0 174.440719295
4720.0 174.812131013
4730.0 175.183548116
4740.0 175.554970537
4750.0 175.92639821
4760.0 176.297831066
4770.0 176.669269037
4780.0 177.040712053
4790.0 177.412160044
4800.0 177.783612937
4810.0 178.155070662
4820.0 178.526533146
4830.0 178.898000315
4840.0 179.269472094
4850.0 179.640948409
4860.0 180.012429184
4870.0 180.383914343
4880.0 180.755403809
4890.0 181.126897493
4900.0 181.498395334
4910.0 181.869897244
4920.0 182.241403143
4930.0 182.61291295
4940.0 182.984426587
4950.0 183.35594397
4960.0 183.727465018
4970.0 184.098989648
4980.0 184.470517779
4990.0 184.842049326
5000.0 185.213584205
5010.0 185.585122333
5020.0 185.956663624
5030.0 186.328207993
5040.0 186.699755355
5050.0 187.071305624
5060.0 187.442858713
5070.0 187.814414536
5080.0 188.185973007
5090.0 188.557534037
5100.0 188.92909754
5110.0 189.300663428
5120.0 189.672231612
5130.0 190.043802005
5140.0 190.415374519
5150.0 190.786949065
5160.0 191.158525554
5170.0 191.530103899
5180.0 191.901684009
5190.0 192.273265796
5200.0 192.644849171
5210.0 193.016434045
5220.0 193.38802033
5230.0 193.759607936
5240.0 194.131196774
5250.0 194.502786755
5260.0 194.874377791
5270.0 195.245969792
5280.0 195.617562671
5290.0 195.989156338
5300.0 196.360750706
5310.0 196.732345685
5320.0 197.103941188
5330.0 197.475537127
5340.0 197.847133415
5350.0 198.218729964
5360.0 198.590326688
5370.0 198.961923498
5380.0 199.33352031
5390.0 199.705117036
5400.0 200.076713591
5410.0 200.44830989
5420.0 200.819905847
5430.0 201.191501377
5440.0 201.563096397
5450.0 201.934690823
5460.0 202.306284571
5470.0 202.677877558
5480.0 203.049469702
5490.0 203.421060921
5500.0 203.792651134
5510.0 204.16424026
5520.0 204.535828218
5530.0 204.907414928
5540.0 205.279000313
5550.0 205.650584292
5560.0 206.022166788
5570.0 206.393747725
5580.0 206.765327024
5590.0 207.136904611
5600.0 207.508480409
5610.0 207.880054345
5620.0 208.251626345
5630.0 208.623196334
5640.0 208.994764242
5650.0 209.366329995
5660.0 209.737893524
5670.0 210.109454757
5680.0 210.481013627
5690.0 210.852570063
5700.0 211.224123998
5710.0 211.595675365
5720.0 211.967224099
5730.0 212.338770133
5740.0 212.710313404
5750.0 213.081853847
5760.0 213.4533914
5770.0 213.824926001
5780.0 214.19645759
5790.0 214.567986105
5800.0 214.939511489
5810.0 215.311033682
5820.0 215.682552628