0.0 0.0
120.0 4.51627878735
120.625 4.53882994648
121.25 4.56138985858
122.5 4.60653525236
123.75 4.65171363473
125.0 4.69692374012
126.25 4.74216436722
127.5 4.78743437509
128.75 4.83273267958
130.0 4.87805824995
131.25 4.92341010578
132.5 4.96878731399
133.75 5.01418898618
135.0 5.05961427602
136.25 5.1050623769
137.5 5.15053251972
138.75 5.19602397073
140.0 5.24153602965
141.25 5.28706802781
142.5 5.33261932642
143.75 5.37818931497
145.0 5.42377740974
146.25 5.46938305233
147.5 5.51500570835
148.75 5.5606448662
150.0 5.60630003583
151.25 5.65197074767
152.5 5.69765655157
153.75 5.74335701582
155.0 5.78907172622
156.25 5.83480028521
157.5 5.88054231105
158.75 5.92629743703
160.0 5.97206531074
161.25 6.01784559338
162.5 6.06363795912
165.0 6.1552576976
167.5 6.2469221559
170.0 6.33862913475
172.5 6.43037659051
175.0 6.52216262128
177.5 6.61398545447
180.0 6.70584343562
182.5 6.79773501831
185.0 6.88965875507
187.5 6.98161328919
190.0 7.0735973473
192.5 7.16560973266
195.0 7.25764931906
197.5 7.34971504532
200.0 7.44180591025
202.5 7.53392096815
205.0 7.6260593246
207.5 7.7182201327
210.0 7.81040258964
212.5 7.90260593354
215.0 7.99482944057
217.5 8.0870724223
220.0 8.17933422334
222.5 8.27161421906
225.0 8.36391181363
230.0 8.54855754871
235.0 8.73326717
240.0 8.91803677437
245.0 9.10286277275
250.0 9.28774185486
255.0 9.4726709589
260.0 9.65764724556
265.0 9.84266807553
270.0 10.02773099
275.0 10.2128336938
280.0 10.3979740404
285.0 10.5831500192
290.0 10.7683597437
295.0 10.953601442
300.0 11.138873447
305.0 11.3241741891
310.0 11.5095021887
315.0 11.69485605
320.0 11.8802344549
330.0 12.2510599815
340.0 12.6219695938
350.0 12.9929550723
360.0 13.3640090409
370.0 13.7351248712
380.0 14.1062966004
390.0 14.4775188602
400.0 14.8487868144
410.0 15.2200961043
420.0 15.5914428
430.0 15.9628233574
440.0 16.3342345796
450.0 16.7056735826
460.0 17.0771377642
470.0 17.4486247763
480.0 17.8201325
490.0 18.1916590227
500.0 18.5632026184
510.0 18.9347617286
520.0 19.3063349465
530.0 19.6779210016
540.0 20.0495187466
550.0 20.4211271448
560.0 20.7927452598
570.0 21.1643722449
580.0 21.5360073347
590.0 21.9076498369
600.0 22.2792991251
610.0 22.6509546323
620.0 23.0226158447
630.0 23.3942822972
640.0 23.7659535676
650.0 24.1376292731
660.0 24.5093090664
670.0 24.8809926315
680.0 25.2526796816
690.0 25.6243699555
700.0 25.9960632154
710.0 26.3677592447
720.0 26.7394578456
730.0 27.1111588378
740.0 27.4828620563
750.0 27.8545673502
760.0 28.2262745816
770.0 28.5979836237
780.0 28.9696943605
790.0 29.3414066851
800.0 29.7131204996
810.0 30.0848357135
820.0 30.4565522436
830.0 30.8282700132
840.0 31.1999889512
850.0 31.5717089922
860.0 31.9434300753
870.0 32.3151521444
880.0 32.6868751472
890.0 33.0585990352
900.0 33.4303237634
910.0 33.8020492898
920.0 34.1737755754
930.0 34.5455025837
940.0 34.9172302807
950.0 35.2889586347
960.0 35.6606876158
970.0 36.0324171965
980.0 36.4041473505
990.0 36.7758780536
1000.0 37.1476092828
1010.0 37.5193410167
1020.0 37.8910732351
1030.0 38.2628059191
1040.0 38.6345390509
1050.0 39.0062726137
1060.0 39.3780065919
1070.0 39.7497409707
1080.0 40.121475736
1090.0 40.4932108749
1100.0 40.8649463749
1110.0 41.2366822245
1120.0 41.6084184129
1130.0 41.9801549296
1140.0 42.3518917651
1150.0 42.7236289103
1160.0 43.0953663568
1170.0 43.4671040964
1180.0 43.8388421218
1190.0 44.2105804259
1200.0 44.5823190023
1210.0 44.9540578446
1220.0 45.3257969474
1230.0 45.6975363052
1240.0 46.0692759131
1250.0 46.4410157667
1260.0 46.8127558616
1270.0 47.1844961941
1280.0 47.5562367605
1290.0 47.9279775577
1300.0 48.2997185828
1310.0 48.6714598332
1320.0 49.0432013065
1330.0 49.4149430006
1340.0 49.786684914
1350.0 50.1584270449
1360.0 50.5301693922
1370.0 50.9019119548
1380.0 51.2736547322
1390.0 51.6453977236
1400.0 52.0171409288
1410.0 52.3888843479
1420.0 52.760627981
1430.0 53.1323718285
1440.0 53.5041158911
1450.0 53.8758601695
1460.0 54.247604665
1470.0 54.6193493787
1480.0 54.9910943121
1490.0 55.3628394669
1500.0 55.7345848451
1510.0 56.1063304488
1520.0 56.4780762802
1530.0 56.8498223418
1540.0 57.2215686365
1550.0 57.593315167
1560.0 57.9650619365
1570.0 58.3368089484
1580.0 58.708556206
1590.0 59.0803037132
1600.0 59.4520514738
1610.0 59.8237994919
1620.0 60.1955477718
1630.0 60.567296318
1640.0 60.9390451353
1650.0 61.3107942284
1660.0 61.6825436025
1670.0 62.0542932629
1680.0 62.426043215
1690.0 62.7977934646
1700.0 63.1695440176
1710.0 63.54129488
1720.0 63.9130460582
1730.0 64.2847975587
1740.0 64.6565493882
1750.0 65.0283015536
1760.0 65.4000540621
1770.0 65.771806921
1780.0 66.1435601379
1790.0 66.5153137206
1800.0 66.887067677
1810.0 67.2588220155
1820.0 67.6305767443
1830.0 68.0023318723
1840.0 68.3740874082
1850.0 68.7458433612
1860.0 69.1175997407
1870.0 69.4893565561
1880.0 69.8611138174
1890.0 70.2328715345
1900.0 70.6046297177
1910.0 70.9763883776
1920.0 71.3481475249
1930.0 71.7199071706
1940.0 72.0916673259
1950.0 72.4634280024
1960.0 72.8351892118
1970.0 73.2069509661
1980.0 73.5787132776
1990.0 73.9504761587
2000.0 74.3222396223
2010.0 74.6940036813
2020.0 75.0657683492
2030.0 75.4375336394
2040.0 75.8092995658
2050.0 76.1810661426
2060.0 76.552833384
2070.0 76.9246013049
2080.0 77.2963699201
2090.0 77.6681392448
2100.0 78.0399092947
2110.0 78.4116800854
2120.0 78.7834516331
2130.0 79.1552239542
2140.0 79.5269970653
2150.0 79.8987709835
2160.0 80.270545726
2170.0 80.6423213104
2180.0 81.0140977546
2190.0 81.3858750767
2200.0 81.7576532954
2210.0 82.1294324293
2220.0 82.5012124977
2230.0 82.87299352
2240.0 83.2447755159
2250.0 83.6165585056
2260.0 83.9883425094
2270.0 84.360127548
2280.0 84.7319136426
2290.0 85.1037008145
2300.0 85.4754890855
2310.0 85.8472784775
2320.0 86.2190690131
2330.0 86.5908607148
2340.0 86.9626536058
2350.0 87.3344477095
2360.0 87.7062430496
2370.0 88.0780396502
2380.0 88.4498375357
2390.0 88.821636731
2400.0 89.1934372611
2410.0 89.5652391514
2420.0 89.937042428
2430.0 90.3088471168
2440.0 90.6806532445
2450.0 91.0524608379
2460.0 91.4242699242
2470.0 91.7960805312
2480.0 92.1678926866
2490.0 92.5397064188
2500.0 92.9115217565
2510.0 93.2833387287
2520.0 93.6551573648
2530.0 94.0269776944
2540.0 94.3987997478
2550.0 94.7706235553
2560.0 95.1424491478
2570.0 95.5142765564
2580.0 95.8861058128
2590.0 96.2579369487
2600.0 96.6297699964
2610.0 97.0016049885
2620.0 97.373441958
2630.0 97.7452809383
2640.0 98.1171219629
2650.0 98.4889650659
2660.0 98.8608102817
2670.0 99.232657645
2680.0 99.604507191
2690.0 99.976358955
2700.0 100.348212973
2710.0 100.720069281
2720.0 101.091927915
2730.0 101.463788912
2740.0 101.83565231
2750.0 102.207518145
2760.0 102.579386457
2770.0 102.951257282
2780.0 103.323130659
2790.0 103.695006628
2800.0 104.066885227
2810.0 104.438766495
2820.0 104.810650473
2830.0 105.182537201
2840.0 105.554426719
2850.0 105.926319067
2860.0 106.298214287
2870.0 106.670112419
2880.0 107.042013506
2890.0 107.41391759
2900.0 107.785824712
2910.0 108.157734916
2920.0 108.529648242
2930.0 108.901564736
2940.0 109.27348444
2950.0 109.645407396
2960.0 110.017333651
2970.0 110.389263246
2980.0 110.761196227
2990.0 111.133132637
3000.0 111.505072523
3010.0 111.877015927
3020.0 112.248962897
3030.0 112.620913476
3040.0 112.992867711
3050.0 113.364825648
3060.0 113.736787332
3070.0 114.108752809
3080.0 114.480722125
3090.0 114.852695328
3100.0 115.224672464
3110.0 115.596653579
3120.0 115.96863872
3130.0 116.340627935
3140.0 116.71262127
3150.0 117.084618773
3160.0 117.456620491
3170.0 117.828626472
3180.0 118.200636763
3190.0 118.572651411
3200.0 118.944670465
3210.0 119.316693972
3220.0 119.68872198
3230.0 120.060754537
3240.0 120.43279169
3250.0 120.804833488
3260.0 121.176879978
3270.0 121.548931209
3280.0 121.920987227
3290.0 122.293048081
3300.0 122.665113819
3310.0 123.037184489
3320.0 123.409260137
3330.0 123.781340812
3340.0 124.153426561
3350.0 124.525517432
3360.0 124.897613471
3370.0 125.269714727
3380.0 125.641821245
3390.0 126.013933074
3400.0 126.386050259
3410.0 126.758172848
3420.0 127.130300886
3430.0 127.50243442
3440.0 127.874573497
3450.0 128.24671816
3460.0 128.618868457
3470.0 128.991024433
3480.0 129.363186131
3490.0 129.735353599
3500.0 130.107526878
3510.0 130.479706015
3520.0 130.851891052
3530.0 131.224082034
3540.0 131.596279002
3550.0 131.968482001
3560.0 132.340691073
3570.0 132.712906259
3580.0 133.085127602
3590.0 133.457355142
3600.0 133.829588921
3610.0 134.201828978
3620.0 134.574075355
3630.0 134.946328089
3640.0 135.318587221
3650.0 135.690852788
3660.0 136.063124829
3670.0 136.435403381
3680.0 136.807688481
3690.0 137.179980166
3700.0 137.552278471
3710.0 137.924583431
3720.0 138.296895082
3730.0 138.669213456
3740.0 139.041538588
3750.0 139.41387051
3760.0 139.786209255
3770.0 140.158554854
3780.0 140.530907337
3790.0 140.903266735
3800.0 141.275633077
3810.0 141.648006392
3820.0 142.020386708
3830.0 142.392774052
3840.0 142.76516845
3850.0 143.137569929
3860.0 143.509978512
3870.0 143.882394225
3880.0 144.25481709
3890.0 144.627247131
3900.0 144.999684368
3910.0 145.372128822
3920.0 145.744580514
3930.0 146.117039463
3940.0 146.489505686
3950.0 146.861979202
3960.0 147.234460026
3970.0 147.606948174
3980.0 147.979443661
3990.0 148.351946501
4000.0 148.724456705
4010.0 149.096974287
4020.0 149.469499256
4030.0 149.842031622
4040.0 150.214571395
4050.0 150.587118583
4060.0 150.959673191
4070.0 151.332235226
4080.0 151.704804694
4090.0 152.077381597
4100.0 152.449965938
4110.0 152.822557719
4120.0 153.195156941
4130.0 153.567763604
4140.0 153.940377705
4150.0 154.312999243
4160.0 154.685628213
4170.0 155.058264612
4180.0 155.430908433
4190.0 155.803559669
4200.0 156.176218313
4210.0 156.548884355
4220.0 156.921557785
4230.0 157.294238592
4240.0 157.666926764
4250.0 158.039622286
4260.0 158.412325144
4270.0 158.785035322
4280.0 159.157752804
4290.0 159.53047757
4300.0 159.903209603
4310.0 160.275948881
4320.0 160.648695383
4330.0 161.021449086
4340.0 161.394209966
4350.0 161.766977999
4360.0 162.139753159
4370.0 162.512535417
4380.0 162.885324746
4390.0 163.258121116
4400.0 163.630924496
4410.0 164.003734855
4420.0 164.376552159
4430.0 164.749376375
4440.0 165.122207467
4450.0 165.495045398
4460.0 165.867890132
4470.0 166.240741629
4480.0 166.61359985
4490.0 166.986464754
4500.0 167.359336299
4510.0 167.732214442
4520.0 168.105099138
4530.0 168.477990342
4540.0 168.850888009
4550.0 169.22379209
4560.0 169.596702536
4570.0 169.969619299
4580.0 170.342542328
4590.0 170.71547157
4600.0 171.088406974
4610.0 171.461348485
4620.0 171.834296048
4630.0 172.207249609
4640.0 172.580209108
4650.0 172.95317449
4660.0 173.326145695
4670.0 173.699122664
4680.0 174.072105335
4690.0 174.445093647
4700.0 174.818087537
4710.0 175.191086942
4720.0 175.564091797
4730.0 175.937102037
4740.0 176.310117596
4750.0 176.683138406
4760.0 177.056164399
4770.0 177.429195508
4780.0 177.802231661
4790.0 178.175272789
4800.0 178.54831882
4810.0 178.921369682
4820.0 179.294425303
4830.0 179.667485609
4840.0 180.040550525
4850.0 180.413619977
4860.0 180.78669389
4870.0 181.159772186
4880.0 181.532854789
4890.0 181.905941611
4900.0 182.279032589
4910.0 182.652127636
4920.0 183.025226672
4930.0 183.398329617
4940.0 183.77143639
4950.0 184.144546911
4960.0 184.517661096
4970.0 184.890778864
4980.0 185.263900132
4990.0 185.637024816
5000.0 186.010152832
5010.0 186.383284097
5020.0 186.756418525
5030.0 187.129556032
5040.0 187.502696531
5050.0 187.875839937
5060.0 188.248986164
5070.0 188.622135125
5080.0 188.995286732
5090.0 189.3684409
5100.0 189.74159754
5110.0 190.114756565
5120.0 190.487917887
5130.0 190.861081417
5140.0 191.234247068
5150.0 191.607414751
5160.0 191.980584378
5170.0 192.353755859
5180.0 192.726929107
5190.0 193.100104031
5200.0 193.473280543
5210.0 193.846458555
5220.0 194.219637977
5230.0 194.59281872
5240.0 194.966000695
5250.0 195.339183814
5260.0 195.712367987
5270.0 196.085553126
5280.0 196.458739142
5290.0 196.831925946
5300.0 197.205113451
5310.0 197.578301567
5320.0 197.951490208
5330.0 198.324679284
5340.0 198.697868709
5350.0 199.071058396
5360.0 199.444248256
5370.0 199.817438204
5380.0 200.190628153
5390.0 200.563818016
5400.0 200.937007709
5410.0 201.310197145
5420.0 201.683386239
5430.0 202.056574907
5440.0 202.429763064
5450.0 202.802950627
5460.0 203.176137512
5470.0 203.549323636
5480.0 203.922508918
5490.0 204.295693274
5500.0 204.668876624
5510.0 205.042058887
5520.0 205.415239982
5530.0 205.78841983
5540.0 206.161598352
5550.0 206.534775468
5560.0 206.907951102
5570.0 207.281125176
5580.0 207.654297612
5590.0 208.027468336
5600.0 208.400637272
5610.0 208.773804345
5620.0 209.146969482
5630.0 209.520132609
5640.0 209.893293654
5650.0 210.266452544
5660.0 210.63960921
5670.0 211.012763581
5680.0 211.385915587
5690.0 211.759065161
5700.0 212.132212233
5710.0 212.505356738
5720.0 212.878498609
5730.0 213.25163778
5740.0 213.624774188
5750.0 213.997907768
5760.0 214.371038459
5770.0 214.744166197
5780.0 215.117290923
5790.0 215.490412576
5800.0 215.863531097
5810.0 216.236646427
5820.0 216.60975851