0.0 0.0
120.0 4.50742848753
120.625 4.52993355065
121.25 4.55244736672
122.5 4.59750056843
123.75 4.64258675868
125.0 4.68770467193
126.25 4.73285310685
127.5 4.7780309225
128.75 4.82323703473
130.0 4.86847041281
131.25 4.9137300763
132.5 4.95901509215
133.75 5.00432457193
135.0 5.04965766932
136.25 5.09501357773
137.5 5.14039152802
138.75 5.18579078647
140.0 5.23121065279
141.25 5.27665045832
142.5 5.32210956425
143.75 5.36758736009
145.0 5.4130832621
146.25 5.4585967119
147.5 5.50412717509
148.75 5.54967414006
150.0 5.59523711678
151.25 5.64081563566
152.5 5.68640924656
153.75 5.73201751777
155.0 5.77764003508
156.25 5.82327640095
157.5 5.86892623363
158.75 5.91458916639
160.0 5.96026484685
161.25 6.0059529362
162.5 6.0516531086
165.0 6.14308846028
167.5 6.23456853159
170.0 6.32609112328
172.5 6.4176541917
175.0 6.50925583495
177.5 6.60089428044
180.0 6.69256787369
182.5 6.78427506829
185.0 6.87601441677
187.5 6.96778456242
190.0 7.05958423187
192.5 7.15141222836
195.0 7.24326742569
197.5 7.33514876268
200.0 7.42705523814
202.5 7.51898590635
205.0 7.6109398729
207.5 7.7029162909
210.0 7.79491435752
212.5 7.88693331087
215.0 7.97897242714
217.5 8.07103101788
220.0 8.1631084277
222.5 8.25520403198
225.0 8.34731723488
230.0 8.53159418591
235.0 8.71593502219
240.0 8.90033584056
245.0 9.08479305195
250.0 9.26930334604
255.0 9.45386366101
260.0 9.63847115752
265.0 9.82312319624
270.0 10.0078173183
275.0 10.1925512286
280.0 10.3773227805
285.0 10.5621299633
290.0 10.7469708908
295.0 10.9318437906
300.0 11.1167469959
305.0 11.301678937
310.0 11.4866381343
315.0 11.6716231919
320.0 11.8566327916
330.0 12.2267207036
340.0 12.5968926951
350.0 12.9671405467
360.0 13.3374568818
370.0 13.7078350717
380.0 14.0782691533
390.0 14.4487537581
400.0 14.8192840494
410.0 15.1898556683
420.0 15.5604646845
430.0 15.9311075535
440.0 16.3017810781
450.0 16.6724823738
460.0 17.0432088381
470.0 17.4139581224
480.0 17.7847281074
490.0 18.1555168801
500.0 18.5263227138
510.0 18.8971440497
520.0 19.2679794805
530.0 19.6388277351
540.0 20.0096876657
550.0 20.380558235
560.0 20.751438506
570.0 21.1223276314
580.0 21.4932248452
590.0 21.8641294545
600.0 22.2350408321
610.0 22.6059584103
620.0 22.9768816747
630.0 23.3478101592
640.0 23.7187434411
650.0 24.0896811368
660.0 24.4606228979
670.0 24.8315684078
680.0 25.2025173786
690.0 25.5734695484
700.0 25.9444246782
710.0 26.3153825506
720.0 26.6863429668
730.0 27.0573057452
740.0 27.42827072
750.0 27.7992377391
760.0 28.1702066633
770.0 28.5411773647
780.0 28.9121497261
790.0 29.2831236392
800.0 29.6540990049
810.0 30.0250757312
820.0 30.3960537337
830.0 30.767032934
840.0 31.1380132596
850.0 31.5089946436
860.0 31.8799770234
870.0 32.2509603413
880.0 32.6219445433
890.0 32.9929295791
900.0 33.3639154019
910.0 33.7349019679
920.0 34.105889236
930.0 34.4768771678
940.0 34.8478657273
950.0 35.2188548806
960.0 35.5898445958
970.0 35.9608348429
980.0 36.3318255934
990.0 36.7028168207
1000.0 37.0738084994
1010.0 37.4448006054
1020.0 37.8157931161
1030.0 38.1867860098
1040.0 38.5577792659
1050.0 38.9287728649
1060.0 39.299766788
1070.0 39.6707610176
1080.0 40.0417555365
1090.0 40.4127503285
1100.0 40.7837453778
1110.0 41.1547406697
1120.0 41.5257361896
1130.0 41.8967319236
1140.0 42.2677278586
1150.0 42.6387239816
1160.0 43.0097202803
1170.0 43.3807167425
1180.0 43.7517133568
1190.0 44.1227101119
1200.0 44.4937069969
1210.0 44.8647040012
1220.0 45.2357011145
1230.0 45.6066983267
1240.0 45.9776956282
1250.0 46.3486930093
1260.0 46.7196904608
1270.0 47.0906879736
1280.0 47.4616855386
1290.0 47.8326831472
1300.0 48.2036807908
1310.0 48.5746784608
1320.0 48.9456761491
1330.0 49.3166738474
1340.0 49.6876715476
1350.0 50.0586692417
1360.0 50.4296669219
1370.0 50.8006645804
1380.0 51.1716622093
1390.0 51.5426598011
1400.0 51.9136573481
1410.0 52.2846548428
1420.0 52.6556522776
1430.0 53.0266496449
1440.0 53.3976469375
1450.0 53.7686441477
1460.0 54.1396412681
1470.0 54.5106382912
1480.0 54.8816352097
1490.0 55.252632016
1500.0 55.6236287026
1510.0 55.9946252621
1520.0 56.365621687
1530.0 56.7366179695
1540.0 57.1076141022
1550.0 57.4786100774
1560.0 57.8496058874
1570.0 58.2206015244
1580.0 58.5915969806
1590.0 58.9625922482
1600.0 59.3335873191
1610.0 59.7045821853
1620.0 60.0755768388
1630.0 60.4465712714
1640.0 60.8175654747
1650.0 61.1885594404
1660.0 61.55955316
1670.0 61.930546625
1680.0 62.3015398266
1690.0 62.6725327562
1700.0 63.0435254046
1710.0 63.4145177631
1720.0 63.7855098223
1730.0 64.156501573
1740.0 64.5274930059
1750.0 64.8984841113
1760.0 65.2694748796
1770.0 65.6404653009
1780.0 66.0114553653
1790.0 66.3824450627
1800.0 66.7534343828
1810.0 67.1244233151
1820.0 67.495411849
1830.0 67.8663999738
1840.0 68.2373876786
1850.0 68.6083749521
1860.0 68.9793617832
1870.0 69.3503481603
1880.0 69.7213340718
1890.0 70.0923195058
1900.0 70.4633044504
1910.0 70.8342888932
1920.0 71.2052728218
1930.0 71.5762562236
1940.0 71.9472390858
1950.0 72.3182213953
1960.0 72.6892031387
1970.0 73.0601843027
1980.0 73.4311648736
1990.0 73.8021448373
2000.0 74.1731241797
2010.0 74.5441028864
2020.0 74.9150809429
2030.0 75.2860583341
2040.0 75.6570350451
2050.0 76.0280110605
2060.0 76.3989863646
2070.0 76.7699609416
2080.0 77.1409347754
2090.0 77.5119078497
2100.0 77.8828801478
2110.0 78.2538516528
2120.0 78.6248223475
2130.0 78.9957922146
2140.0 79.3667612363
2150.0 79.7377293947
2160.0 80.1086966714
2170.0 80.479663048
2180.0 80.8506285056
2190.0 81.2215930251
2200.0 81.5925565871
2210.0 81.9635191719
2220.0 82.3344807595
2230.0 82.7054413296
2240.0 83.0764008616
2250.0 83.4473593345
2260.0 83.8183167273
2270.0 84.1892730183
2280.0 84.5602281857
2290.0 84.9311822074
2300.0 85.3021350608
2310.0 85.6730867233
2320.0 86.0440371718
2330.0 86.4149863826
2340.0 86.7859343322
2350.0 87.1568809965
2360.0 87.5278263509
2370.0 87.8987703708
2380.0 88.2697130311
2390.0 88.6406543064
2400.0 89.0115941709
2410.0 89.3825325985
2420.0 89.7534695628
2430.0 90.124405037
2440.0 90.495338994
2450.0 90.8662714063
2460.0 91.2372022462
2470.0 91.6081314855
2480.0 91.9790590956
2490.0 92.3499850477
2500.0 92.7209093127
2510.0 93.0918318609
2520.0 93.4627526625
2530.0 93.8336716873
2540.0 94.2045889045
2550.0 94.5755042834
2560.0 94.9464177924
2570.0 95.3173294001
2580.0 95.6882390744
2590.0 96.0591467829
2600.0 96.4300524929
2610.0 96.8009561713
2620.0 97.1718577848
2630.0 97.5427572995
2640.0 97.9136546814
2650.0 98.2845498959
2660.0 98.6554429083
2670.0 99.0263336834
2680.0 99.3972221858
2690.0 99.7681083794
2700.0 100.138992228
2710.0 100.509873696
2720.0 100.880752745
2730.0 101.251629339
2740.0 101.622503439
2750.0 101.993375009
2760.0 102.36424401
2770.0 102.735110403
2780.0 103.10597415
2790.0 103.476835211
2800.0 103.847693547
2810.0 104.218549118
2820.0 104.589401884
2830.0 104.960251805
2840.0 105.331098839
2850.0 105.701942946
2860.0 106.072784084
2870.0 106.443622212
2880.0 106.814457288
2890.0 107.185289269
2900.0 107.556118113
2910.0 107.926943778
2920.0 108.29776622
2930.0 108.668585395
2940.0 109.039401262
2950.0 109.410213774
2960.0 109.78102289
2970.0 110.151828563
2980.0 110.52263075
2990.0 110.893429406
3000.0 111.264224486
3010.0 111.635015944
3020.0 112.005803735
3030.0 112.376587814
3040.0 112.747368135
3050.0 113.118144651
3060.0 113.488917316
3070.0 113.859686085
3080.0 114.230450909
3090.0 114.601211744
3100.0 114.971968541
3110.0 115.342721254
3120.0 115.713469835
3130.0 116.084214238
3140.0 116.454954414
3150.0 116.825690317
3160.0 117.196421898
3170.0 117.56714911
3180.0 117.937871905
3190.0 118.308590236
3200.0 118.679304053
3210.0 119.05001331
3220.0 119.420717958
3230.0 119.79141795
3240.0 120.162113236
3250.0 120.532803769
3260.0 120.9034895
3270.0 121.274170382
3280.0 121.644846367
3290.0 122.015517406
3300.0 122.386183451
3310.0 122.756844455
3320.0 123.127500369
3330.0 123.498151146
3340.0 123.868796737
3350.0 124.239437095
3360.0 124.610072174
3370.0 124.980701924
3380.0 125.351326299
3390.0 125.721945252
3400.0 126.092558735
3410.0 126.463166702
3420.0 126.833769106
3430.0 127.204365901
3440.0 127.574957041
3450.0 127.945542479
3460.0 128.31612217
3470.0 128.686696068
3480.0 129.057264127
3490.0 129.427826304
3500.0 129.798382553
3510.0 130.16893283
3520.0 130.53947709
3530.0 130.91001529
3540.0 131.280547387
3550.0 131.651073337
3560.0 132.021593098
3570.0 132.392106627
3580.0 132.762613883
3590.0 133.133114824
3600.0 133.503609409
3610.0 133.874097597
3620.0 134.244579349
3630.0 134.615054623
3640.0 134.985523382
3650.0 135.355985587
3660.0 135.726441198
3670.0 136.09689018
3680.0 136.467332493
3690.0 136.837768102
3700.0 137.208196971
3710.0 137.578619064
3720.0 137.949034347
3730.0 138.319442784
3740.0 138.689844343
3750.0 139.06023899
3760.0 139.430626694
3770.0 139.801007421
3780.0 140.171381142
3790.0 140.541747826
3800.0 140.912107443
3810.0 141.282459964
3820.0 141.652805361
3830.0 142.023143607
3840.0 142.393474675
3850.0 142.763798539
3860.0 143.134115174
3870.0 143.504424556
3880.0 143.87472666
3890.0 144.245021464
3900.0 144.615308947
3910.0 144.985589087
3920.0 145.355861863
3930.0 145.726127258
3940.0 146.096385251
3950.0 146.466635826
3960.0 146.836878966
3970.0 147.207114654
3980.0 147.577342877
3990.0 147.94756362
4000.0 148.317776871
4010.0 148.687982616
4020.0 149.058180846
4030.0 149.42837155
4040.0 149.798554718
4050.0 150.168730344
4060.0 150.538898419
4070.0 150.909058938
4080.0 151.279211895
4090.0 151.649357287
4100.0 152.01949511
4110.0 152.389625362
4120.0 152.759748043
4130.0 153.129863152
4140.0 153.499970692
4150.0 153.870070663
4160.0 154.24016307
4170.0 154.610247916
4180.0 154.980325208
4190.0 155.350394952
4200.0 155.720457155
4210.0 156.090511827
4220.0 156.460558977
4230.0 156.830598617
4240.0 157.200630758
4250.0 157.570655415
4260.0 157.9406726
4270.0 158.310682331
4280.0 158.680684623
4290.0 159.050679495
4300.0 159.420666965
4310.0 159.790647054
4320.0 160.160619782
4330.0 160.530585173
4340.0 160.900543249
4350.0 161.270494036
4360.0 161.64043756
4370.0 162.010373846
4380.0 162.380302924
4390.0 162.750224822
4400.0 163.120139572
4410.0 163.490047204
4420.0 163.859947751
4430.0 164.229841248
4440.0 164.599727729
4450.0 164.96960723
4460.0 165.339479788
4470.0 165.709345442
4480.0 166.079204231
4490.0 166.449056197
4500.0 166.818901379
4510.0 167.188739822
4520.0 167.558571569
4530.0 167.928396665
4540.0 168.298215157
4550.0 168.668027091
4560.0 169.037832515
4570.0 169.40763148
4580.0 169.777424034
4590.0 170.147210231
4600.0 170.516990121
4610.0 170.886763759
4620.0 171.2565312
4630.0 171.626292497
4640.0 171.996047709
4650.0 172.365796893
4660.0 172.735540106
4670.0 173.105277409
4680.0 173.475008862
4690.0 173.844734526
4700.0 174.214454464
4710.0 174.584168739
4720.0 174.953877415
4730.0 175.323580557
4740.0 175.693278231
4750.0 176.062970503
4760.0 176.432657442
4770.0 176.802339115
4780.0 177.172015593
4790.0 177.541686945
4800.0 177.911353242
4810.0 178.281014555
4820.0 178.650670958
4830.0 179.020322523
4840.0 179.389969324
4850.0 179.759611436
4860.0 180.129248935
4870.0 180.498881895
4880.0 180.868510393
4890.0 181.238134518
4900.0 181.607754331
4910.0 181.97736992
4920.0 182.346981363
4930.0 182.716588741
4940.0 183.086192133
4950.0 183.455791621
4960.0 183.825387287
4970.0 184.194979212
4980.0 184.564567478
4990.0 184.934152169
5000.0 185.303733368
5010.0 185.673311159
5020.0 186.042885627
5030.0 186.412456855
5040.0 186.78202493
5050.0 187.151589937
5060.0 187.521151961
5070.0 187.890711089
5080.0 188.260267407
5090.0 188.629821002
5100.0 188.99937196
5110.0 189.36892037
5120.0 189.738466318
5130.0 190.108009893
5140.0 190.477551182
5150.0 190.847090272
5160.0 191.216627253
5170.0 191.586162212
5180.0 191.955695238
5190.0 192.325226419
5200.0 192.694755844
5210.0 193.064283601
5220.0 193.433809778
5230.0 193.803334465
5240.0 194.172857749
5250.0 194.542379719
5260.0 194.911900463
5270.0 195.28142007
5280.0 195.650938627
5290.0 196.020456224
5300.0 196.389972947
5310.0 196.759488884
5320.0 197.129004123
5330.0 197.498518751
5340.0 197.868032855
5350.0 198.237546522
5360.0 198.607059838
5370.0 198.97657289
5380.0 199.346085763
5390.0 199.715598544
5400.0 200.085111317
5410.0 200.454624168
5420.0 200.82413718
5430.0 201.193650438
5440.0 201.563164026
5450.0 201.932678026
5460.0 202.302192522
5470.0 202.671707596
5480.0 203.04122333
5490.0 203.410739805
5500.0 203.780257101
5510.0 204.1497753
5520.0 204.51929448
5530.0 204.888814721
5540.0 205.258336101
5550.0 205.627858698
5560.0 205.997382589
5570.0 206.366907852
5580.0 206.736434562
5590.0 207.105962794
5600.0 207.475492623
5610.0 207.845024122
5620.0 208.214557366
5630.0 208.584092426
5640.0 208.953629374
5650.0 209.323168282
5660.0 209.692709219
5670.0 210.062252255
5680.0 210.431797458
5690.0 210.801344897
5700.0 211.170894638
5710.0 211.540446748
5720.0 211.910001292
5730.0 212.279558334
5740.0 212.649117938
5750.0 213.018680168
5760.0 213.388245084
5770.0 213.757812748
5780.0 214.127383219
5790.0 214.496956558
5800.0 214.866532823
5810.0 215.23611207
5820.0 215.605694357