0.0 0.0
120.0 4.51653614029
120.625 4.5390886398
121.25 4.56164989228
122.5 4.60679796682
123.75 4.65197902995
125.0 4.6971918161
126.25 4.74243512396
127.5 4.78770781259
128.75 4.83300879784
130.0 4.87833704897
131.25 4.92369158556
132.5 4.96907147453
133.75 5.01447582748
135.0 5.05990379808
136.25 5.10535457972
137.5 5.15082740329
138.75 5.19632153506
140.0 5.24183627475
141.25 5.28737095366
142.5 5.33292493303
143.75 5.37849760235
145.0 5.42408837788
146.25 5.46969670122
147.5 5.51532203801
148.75 5.56096387662
150.0 5.60662172701
151.25 5.65229511961
152.5 5.69798360427
153.75 5.74368674928
155.0 5.78940414044
156.25 5.83513538019
157.5 5.88088008679
158.75 5.92663789352
160.0 5.97240844799
161.25 6.01819141139
162.5 6.06398645789
165.0 6.15561155789
167.5 6.24728137771
170.0 6.33899371808
172.5 6.43074653536
175.0 6.52253792765
177.5 6.61436612237
180.0 6.70622946504
182.5 6.79812640924
185.0 6.89005550752
187.5 6.98201540316
190.0 7.07400482279
192.5 7.16602256967
195.0 7.25806751759
197.5 7.35013860536
200.0 7.44223483182
202.5 7.53435525124
205.0 7.62649896921
207.5 7.71866513883
210.0 7.81085295729
212.5 7.90306166271
215.0 7.99529053126
217.5 8.08753887451
220.0 8.17980603706
222.5 8.27209139431
225.0 8.36439435039
230.0 8.54905080852
235.0 8.73377115285
240.0 8.91855148025
245.0 9.10338820167
250.0 9.28827800682
255.0 9.4732178339
260.0 9.6582048436
265.0 9.84323639661
270.0 10.0283100341
275.0 10.2134234609
280.0 10.3985745306
285.0 10.5837612324
290.0 10.76898168
295.0 10.9542341013
300.0 11.1395168293
305.0 11.3248282945
310.0 11.5101670172
315.0 11.6955316015
320.0 11.8809207294
330.0 12.2517677021
340.0 12.6226987604
350.0 12.993705685
360.0 13.3647810997
370.0 13.7359183761
380.0 14.1071115514
390.0 14.4783552573
400.0 14.8496446576
410.0 15.2209753935
420.0 15.5923435353
430.0 15.9637455387
440.0 16.335178207
450.0 16.7066386561
460.0 17.0781242838
470.0 17.449632742
480.0 17.8211619117
490.0 18.1927098806
500.0 18.5642749223
510.0 18.9358554786
520.0 19.3074501425
530.0 19.6790576438
540.0 20.0506768348
550.0 20.4223066791
560.0 20.7939462402
570.0 21.1655946714
580.0 21.5372512072
590.0 21.9089151555
600.0 22.2805858898
610.0 22.6522628431
620.0 23.0239455016
630.0 23.3956334001
640.0 23.7673261166
650.0 24.1390232682
660.0 24.5107245075
670.0 24.8824295188
680.0 25.254138015
690.0 25.6258497349
700.0 25.9975644409
710.0 26.3692819162
720.0 26.7410019632
730.0 27.1127244015
740.0 27.4844490661
750.0 27.8561758061
760.0 28.2279044836
770.0 28.5996349718
780.0 28.9713671546
790.0 29.3431009253
800.0 29.7148361859
810.0 30.0865728458
820.0 30.4583108221
830.0 30.8300500377
840.0 31.2017904218
850.0 31.5735319089
860.0 31.9452744381
870.0 32.3170179532
880.0 32.6887624021
890.0 33.0605077362
900.0 33.4322539105
910.0 33.804000883
920.0 34.1757486146
930.0 34.547497069
940.0 34.9192462121
950.0 35.2909960121
960.0 35.6627464394
970.0 36.0344974661
980.0 36.4062490662
990.0 36.7780012153
1000.0 37.1497538906
1010.0 37.5215070706
1020.0 37.8932607351
1030.0 38.2650148651
1040.0 38.636769443
1050.0 39.008524452
1060.0 39.3802798762
1070.0 39.752035701
1080.0 40.1237919125
1090.0 40.4955484974
1100.0 40.8673054435
1110.0 41.2390627393
1120.0 41.6108203736
1130.0 41.9825783365
1140.0 42.354336618
1150.0 42.7260952093
1160.0 43.0978541019
1170.0 43.4696132876
1180.0 43.8413727591
1190.0 44.2131325093
1200.0 44.5848925317
1210.0 44.9566528201
1220.0 45.328413369
1230.0 45.7001741728
1240.0 46.0719352269
1250.0 46.4436965265
1260.0 46.8154580675
1270.0 47.187219846
1280.0 47.5589818585
1290.0 47.9307441018
1300.0 48.302506573
1310.0 48.6742692694
1320.0 49.0460321888
1330.0 49.4177953291
1340.0 49.7895586885
1350.0 50.1613222655
1360.0 50.5330860588
1370.0 50.9048500676
1380.0 51.276614291
1390.0 51.6483787285
1400.0 52.0201433798
1410.0 52.391908245
1420.0 52.7636733242
1430.0 53.1354386177
1440.0 53.5072041264
1450.0 53.8789698509
1460.0 54.2507357924
1470.0 54.6225019522
1480.0 54.9942683317
1490.0 55.3660349326
1500.0 55.7378017569
1510.0 56.1095688066
1520.0 56.4813360841
1530.0 56.8531035918
1540.0 57.2248713325
1550.0 57.5966393092
1560.0 57.9684075248
1570.0 58.3401759827
1580.0 58.7119446864
1590.0 59.0837136397
1600.0 59.4554828463
1610.0 59.8272523105
1620.0 60.1990220365
1630.0 60.5707920288
1640.0 60.9425622921
1650.0 61.3143328313
1660.0 61.6861036515
1670.0 62.057874758
1680.0 62.4296461562
1690.0 62.8014178519
1700.0 63.1731898509
1710.0 63.5449621594
1720.0 63.9167347837
1730.0 64.2885077303
1740.0 64.6602810058
1750.0 65.0320546173
1760.0 65.4038285719
1770.0 65.7756028769
1780.0 66.1473775399
1790.0 66.5191525686
1800.0 66.8909279711
1810.0 67.2627037557
1820.0 67.6344799306
1830.0 68.0062565046
1840.0 68.3780334866
1850.0 68.7498108857
1860.0 69.1215887113
1870.0 69.4933669728
1880.0 69.8651456801
1890.0 70.2369248433
1900.0 70.6087044726
1910.0 70.9804845786
1920.0 71.352265172
1930.0 71.7240462637
1940.0 72.0958278652
1950.0 72.4676099877
1960.0 72.8393926432
1970.0 73.2111758436
1980.0 73.5829596011
1990.0 73.9547439283
2000.0 74.326528838
2010.0 74.6983143431
2020.0 75.070100457
2030.0 75.4418871933
2040.0 75.8136745658
2050.0 76.1854625887
2060.0 76.5572512762
2070.0 76.9290406431
2080.0 77.3008307044
2090.0 77.6726214752
2100.0 78.0444129711
2110.0 78.4162052079
2120.0 78.7879982017
2130.0 79.1597919689
2140.0 79.5315865261
2150.0 79.9033818904
2160.0 80.2751780789
2170.0 80.6469751094
2180.0 81.0187729997
2190.0 81.3905717679
2200.0 81.7623714326
2210.0 82.1341720127
2220.0 82.5059735271
2230.0 82.8777759955
2240.0 83.2495794375
2250.0 83.6213838732
2260.0 83.9931893231
2270.0 84.3649958078
2280.0 84.7368033485
2290.0 85.1086119665
2300.0 85.4804216835
2310.0 85.8522325217
2320.0 86.2240445033
2330.0 86.5958576511
2340.0 86.9676719882
2350.0 87.3394875379
2360.0 87.7113043241
2370.0 88.0831223708
2380.0 88.4549417024
2390.0 88.8267623437
2400.0 89.1985843199
2410.0 89.5704076563
2420.0 89.9422323789
2430.0 90.3140585139
2440.0 90.6858860876
2450.0 91.0577151271
2460.0 91.4295456595
2470.0 91.8013777125
2480.0 92.173211314
2490.0 92.5450464923
2500.0 92.9168832761
2510.0 93.2887216944
2520.0 93.6605617765
2530.0 94.0324035523
2540.0 94.4042470517
2550.0 94.7760923053
2560.0 95.1479393439
2570.0 95.5197881986
2580.0 95.891638901
2590.0 96.263491483
2600.0 96.6353459768
2610.0 97.007202415
2620.0 97.3790608306
2630.0 97.7509212569
2640.0 98.1227837276
2650.0 98.4946482767
2660.0 98.8665149386
2670.0 99.238383748
2680.0 99.61025474
2690.0 99.9821279501
2700.0 100.354003414
2710.0 100.725881168
2720.0 101.097761248
2730.0 101.469643691
2740.0 101.841528535
2750.0 102.213415817
2760.0 102.585305574
2770.0 102.957197846
2780.0 103.329092669
2790.0 103.700990084
2800.0 104.072890129
2810.0 104.444792843
2820.0 104.816698268
2830.0 105.188606441
2840.0 105.560517405
2850.0 105.932431199
2860.0 106.304347865
2870.0 106.676267444
2880.0 107.048189977
2890.0 107.420115507
2900.0 107.792044075
2910.0 108.163975724
2920.0 108.535910497
2930.0 108.907848437
2940.0 109.279789587
2950.0 109.65173399
2960.0 110.02368169
2970.0 110.395632731
2980.0 110.767587158
2990.0 111.139545015
3000.0 111.511506346
3010.0 111.883471197
3020.0 112.255439613
3030.0 112.627411638
3040.0 112.999387319
3050.0 113.371366702
3060.0 113.743349832
3070.0 114.115336755
3080.0 114.487327518
3090.0 114.859322166
3100.0 115.231320748
3110.0 115.603323309
3120.0 115.975329897
3130.0 116.347340557
3140.0 116.719355339
3150.0 117.091374288
3160.0 117.463397452
3170.0 117.835424879
3180.0 118.207456615
3190.0 118.57949271
3200.0 118.95153321
3210.0 119.323578163
3220.0 119.695627617
3230.0 120.06768162
3240.0 120.43974022
3250.0 120.811803464
3260.0 121.1838714
3270.0 121.555944076
3280.0 121.928021541
3290.0 122.300103841
3300.0 122.672191025
3310.0 123.044283141
3320.0 123.416380235
3330.0 123.788482356
3340.0 124.160589551
3350.0 124.532701868
3360.0 124.904819354
3370.0 125.276942055
3380.0 125.64907002
3390.0 126.021203294
3400.0 126.393341926
3410.0 126.765485961
3420.0 127.137635445
3430.0 127.509790425
3440.0 127.881950947
3450.0 128.254117057
3460.0 128.6262888
3470.0 128.998466222
3480.0 129.370649367
3490.0 129.74283828
3500.0 130.115033006
3510.0 130.487233588
3520.0 130.859440072
3530.0 131.231652499
3540.0 131.603870914
3550.0 131.976095359
3560.0 132.348325877
3570.0 132.720562509
3580.0 133.092805298
3590.0 133.465054284
3600.0 133.837309509
3610.0 134.209571013
3620.0 134.581838835
3630.0 134.954113016
3640.0 135.326393593
3650.0 135.698680607
3660.0 136.070974094
3670.0 136.443274092
3680.0 136.815580638
3690.0 137.187893769
3700.0 137.56021352
3710.0 137.932539926
3720.0 138.304873023
3730.0 138.677212843
3740.0 139.049559421
3750.0 139.42191279
3760.0 139.79427298
3770.0 140.166640025
3780.0 140.539013954
3790.0 140.911394799
3800.0 141.283782587
3810.0 141.656177348
3820.0 142.02857911
3830.0 142.4009879
3840.0 142.773403744
3850.0 143.145826669
3860.0 143.518256699
3870.0 143.890693857
3880.0 144.263138169
3890.0 144.635589655
3900.0 145.008048338
3910.0 145.380514239
3920.0 145.752987377
3930.0 146.125467772
3940.0 146.497955441
3950.0 146.870450403
3960.0 147.242952673
3970.0 147.615462267
3980.0 147.987979201
3990.0 148.360503486
4000.0 148.733035137
4010.0 149.105574164
4020.0 149.478120579
4030.0 149.850674392
4040.0 150.223235611
4050.0 150.595804244
4060.0 150.968380299
4070.0 151.34096378
4080.0 151.713554694
4090.0 152.086153043
4100.0 152.45875883
4110.0 152.831372057
4120.0 153.203992725
4130.0 153.576620834
4140.0 153.949256381
4150.0 154.321899365
4160.0 154.694549782
4170.0 155.067207627
4180.0 155.439872894
4190.0 155.812545576
4200.0 156.185225666
4210.0 156.557913154
4220.0 156.93060803
4230.0 157.303310283
4240.0 157.676019901
4250.0 158.048736869
4260.0 158.421461173
4270.0 158.794192797
4280.0 159.166931725
4290.0 159.539677938
4300.0 159.912431416
4310.0 160.28519214
4320.0 160.657960088
4330.0 161.030735238
4340.0 161.403517564
4350.0 161.776307043
4360.0 162.149103649
4370.0 162.521907353
4380.0 162.894718128
4390.0 163.267535944
4400.0 163.640360771
4410.0 164.013192575
4420.0 164.386031326
4430.0 164.758876988
4440.0 165.131729525
4450.0 165.504588903
4460.0 165.877455083
4470.0 166.250328026
4480.0 166.623207693
4490.0 166.996094043
4500.0 167.368987034
4510.0 167.741886623
4520.0 168.114792765
4530.0 168.487705416
4540.0 168.860624528
4550.0 169.233550055
4560.0 169.606481948
4570.0 169.979420157
4580.0 170.352364632
4590.0 170.72531532
4600.0 171.09827217
4610.0 171.471235127
4620.0 171.844204137
4630.0 172.217179143
4640.0 172.590160089
4650.0 172.963146917
4660.0 173.336139568
4670.0 173.709137983
4680.0 174.0821421
4690.0 174.455151858
4700.0 174.828167194
4710.0 175.201188045
4720.0 175.574214346
4730.0 175.947246032
4740.0 176.320283037
4750.0 176.693325293
4760.0 177.066372733
4770.0 177.439425287
4780.0 177.812482886
4790.0 178.18554546
4800.0 178.558612937
4810.0 178.931685246
4820.0 179.304762313
4830.0 179.677844065
4840.0 180.050930427
4850.0 180.424021326
4860.0 180.797116684
4870.0 181.170216426
4880.0 181.543320475
4890.0 181.916428743
4900.0 182.289541167
4910.0 182.66265766
4920.0 183.035778143
4930.0 183.408902534
4940.0 183.782030753
4950.0 184.15516272
4960.0 184.528298351
4970.0 184.901437565
4980.0 185.274580279
4990.0 185.647726409
5000.0 186.020875872
5010.0 186.394028583
5020.0 186.767184457
5030.0 187.140343409
5040.0 187.513505355
5050.0 187.886670207
5060.0 188.25983788
5070.0 188.633008286
5080.0 189.00618134
5090.0 189.379356954
5100.0 189.75253504
5110.0 190.125715511
5120.0 190.498898279
5130.0 190.872083255
5140.0 191.245270353
5150.0 191.618459482
5160.0 191.991650554
5170.0 192.364843482
5180.0 192.738038175
5190.0 193.111234546
5200.0 193.484432504
5210.0 193.857631962
5220.0 194.23083283
5230.0 194.604035019
5240.0 194.97723844
5250.0 195.350443005
5260.0 195.723648624
5270.0 196.096855209
5280.0 196.470062671
5290.0 196.843270922
5300.0 197.216479872
5310.0 197.589689435
5320.0 197.962899521
5330.0 198.336110044
5340.0 198.709320915
5350.0 199.082532048
5360.0 199.455743354
5370.0 199.828954748
5380.0 200.202166143
5390.0 200.575377453
5400.0 200.948588591
5410.0 201.321799473
5420.0 201.695010013
5430.0 202.068220127
5440.0 202.441429731
5450.0 202.81463874
5460.0 203.187847071
5470.0 203.561054641
5480.0 203.934261369
5490.0 204.307467171
5500.0 204.680671967
5510.0 205.053875676
5520.0 205.427078218
5530.0 205.800279512
5540.0 206.173479479
5550.0 206.546678042
5560.0 206.919875122
5570.0 207.293070641
5580.0 207.666264524
5590.0 208.039456694
5600.0 208.412647076
5610.0 208.785835595
5620.0 209.159022178
5630.0 209.532206751
5640.0 209.905389242
5650.0 210.278569579
5660.0 210.651747691
5670.0 211.024923507
5680.0 211.39809696
5690.0 211.771267979
5700.0 212.144436498
5710.0 212.517602449
5720.0 212.890765766
5730.0 213.263926383
5740.0 213.637084237
5750.0 214.010239264
5760.0 214.3833914
5770.0 214.756540585
5780.0 215.129686757
5790.0 215.502829855
5800.0 215.875969822
5810.0 216.249106599
5820.0 216.622240128