0.0 0.0
120.0 4.50734496382
120.625 4.52984959262
121.25 4.55236297439
122.5 4.59741530751
123.75 4.64250062921
125.0 4.68761767394
126.25 4.73276524038
127.5 4.77794218759
128.75 4.82314743142
130.0 4.86837994113
131.25 4.91363873629
132.5 4.95892288384
133.75 5.00423149537
135.0 5.04956372455
136.25 5.09491876477
137.5 5.14029584692
138.75 5.18569423727
140.0 5.23111323553
141.25 5.27655217303
142.5 5.32201041098
143.75 5.36748733887
145.0 5.41298237298
146.25 5.4584949549
147.5 5.50402455027
148.75 5.54957064745
150.0 5.59513275642
151.25 5.6407104076
152.5 5.68630315084
153.75 5.73191055442
155.0 5.77753220416
156.25 5.82316770249
157.5 5.86881666767
158.75 5.91447873298
160.0 5.96015354603
161.25 6.00584076801
162.5 6.05154007309
165.0 6.14297369025
167.5 6.23445202722
170.0 6.32597288475
172.5 6.41753421919
175.0 6.50913412863
177.5 6.6007708405
180.0 6.69244270033
182.5 6.78414816169
185.0 6.87588577713
187.5 6.96765418992
190.0 7.05945212671
192.5 7.15127839075
195.0 7.24313185583
197.5 7.33501146076
200.0 7.42691620437
202.5 7.51884514095
205.0 7.61079737607
207.5 7.70277206285
210.0 7.79476839847
212.5 7.88678562104
215.0 7.97882300675
217.5 8.07087986716
220.0 8.16295554687
222.5 8.25504942127
225.0 8.34716089451
230.0 8.53143438695
235.0 8.71577176559
240.0 8.90016912731
245.0 9.08462288304
250.0 9.2691297225
255.0 9.4536865839
260.0 9.63829062792
265.0 9.82293921524
270.0 10.0076298871
275.0 10.1923603482
280.0 10.3771284522
285.0 10.5619321883
290.0 10.7467696702
295.0 10.9316391258
300.0 11.1165388881
305.0 11.3014673876
310.0 11.4864231446
315.0 11.6714047633
320.0 11.8564109255
330.0 12.2264919668
340.0 12.5966570938
350.0 12.966898087
360.0 13.3372075703
370.0 13.7075789153
380.0 14.0780061592
390.0 14.4484839337
400.0 14.8190074027
410.0 15.1895722072
420.0 15.5601744176
430.0 15.9308104897
440.0 16.3014772266
450.0 16.6721717443
460.0 17.0428914407
470.0 17.4136339675
480.0 17.7843972059
490.0 18.1551792433
500.0 18.5259783537
510.0 18.8967929786
520.0 19.2676217112
530.0 19.638463281
540.0 20.0093165407
550.0 20.3801804537
560.0 20.7510540833
570.0 21.1219365831
580.0 21.4928271876
590.0 21.8637252046
600.0 22.2346300075
610.0 22.6055410293
620.0 22.9764577565
630.0 23.3473797236
640.0 23.7183065087
650.0 24.089237729
660.0 24.4601730369
670.0 24.8311121168
680.0 25.2020546816
690.0 25.5730004702
700.0 25.9439492448
710.0 26.3149007888
720.0 26.6858549044
730.0 27.0568114113
740.0 27.4277701445
750.0 27.7987309532
760.0 28.1696936993
770.0 28.5406582561
780.0 28.9116245075
790.0 29.2825923469
800.0 29.653561676
810.0 30.0245324047
820.0 30.3955044495
830.0 30.7664777338
840.0 31.1374521865
850.0 31.5084277422
860.0 31.8794043401
870.0 32.2503819238
880.0 32.6213604413
890.0 32.992339844
900.0 33.3633200869
910.0 33.7343011281
920.0 34.1052829284
930.0 34.4762654513
940.0 34.8472486631
950.0 35.2182325317
960.0 35.5892170276
970.0 35.9602021229
980.0 36.3311877917
990.0 36.7021740095
1000.0 37.0731607534
1010.0 37.444148002
1020.0 37.8151357351
1030.0 38.1861239338
1040.0 38.5571125803
1050.0 38.9281016578
1060.0 39.2990911507
1070.0 39.6700810442
1080.0 40.0410713242
1090.0 40.4120619778
1100.0 40.7830529926
1110.0 41.1540443569
1120.0 41.5250360599
1130.0 41.8960280914
1140.0 42.2670204416
1150.0 42.6380131015
1160.0 43.0090060626
1170.0 43.379999317
1180.0 43.7509928571
1190.0 44.1219866759
1200.0 44.492980767
1210.0 44.8639751241
1220.0 45.2349697415
1230.0 45.605964614
1240.0 45.9769597367
1250.0 46.3479551049
1260.0 46.7189507145
1270.0 47.0899465617
1280.0 47.4609426429
1290.0 47.8319389548
1300.0 48.2029354946
1310.0 48.5739322596
1320.0 48.9449292476
1330.0 49.3159264565
1340.0 49.6869238845
1350.0 50.0579215302
1360.0 50.4289193922
1370.0 50.7999174696
1380.0 51.1709157616
1390.0 51.5419142677
1400.0 51.9129129877
1410.0 52.2839119215
1420.0 52.6549110693
1430.0 53.0259104315
1440.0 53.3969100087
1450.0 53.7679098019
1460.0 54.138909812
1470.0 54.5099100404
1480.0 54.8809104885
1490.0 55.2519111581
1500.0 55.622912051
1510.0 55.9939131694
1520.0 56.3649145155
1530.0 56.7359160918
1540.0 57.1069179012
1550.0 57.4779199464
1560.0 57.8489222306
1570.0 58.2199247572
1580.0 58.5909275295
1590.0 58.9619305514
1600.0 59.3329338267
1610.0 59.7039373595
1620.0 60.0749411541
1630.0 60.4459452151
1640.0 60.816949547
1650.0 61.1879541548
1660.0 61.5589590437
1670.0 61.9299642187
1680.0 62.3009696856
1690.0 62.6719754499
1700.0 63.0429815176
1710.0 63.4139878947
1720.0 63.7849945876
1730.0 64.1560016028
1740.0 64.527008947
1750.0 64.8980166271
1760.0 65.2690246503
1770.0 65.640033024
1780.0 66.0110417556
1790.0 66.3820508529
1800.0 66.7530603241
1810.0 67.1240701772
1820.0 67.4950804208
1830.0 67.8660910635
1840.0 68.2371021141
1850.0 68.6081135818
1860.0 68.979125476
1870.0 69.3501378061
1880.0 69.7211505821
1890.0 70.0921638139
1900.0 70.4631775119
1910.0 70.8341916865
1920.0 71.2052063484
1930.0 71.5762215088
1940.0 71.9472371789
1950.0 72.3182533701
1960.0 72.6892700942
1970.0 73.0602873632
1980.0 73.4313051893
1990.0 73.8023235852
2000.0 74.1733425634
2010.0 74.5443621372
2020.0 74.9153823198
2030.0 75.2864031247
2040.0 75.6574245658
2050.0 76.0284466573
2060.0 76.3994694135
2070.0 76.770492849
2080.0 77.1415169789
2090.0 77.5125418184
2100.0 77.8835673829
2110.0 78.2545936883
2120.0 78.6256207508
2130.0 78.9966485865
2140.0 79.3676772124
2150.0 79.7387066453
2160.0 80.1097369025
2170.0 80.4807680015
2180.0 80.8517999604
2190.0 81.2228327973
2200.0 81.5938665307
2210.0 81.9649011793
2220.0 82.3359367624
2230.0 82.7069732994
2240.0 83.07801081
2250.0 83.4490493144
2260.0 83.8200888329
2270.0 84.1911293863
2280.0 84.5621709956
2290.0 84.9332136822
2300.0 85.3042574678
2310.0 85.6753023746
2320.0 86.0463484248
2330.0 86.4173956413
2340.0 86.788444047
2350.0 87.1594936654
2360.0 87.5305445202
2370.0 87.9015966355
2380.0 88.2726500357
2390.0 88.6437047457
2400.0 89.0147607905
2410.0 89.3858181956
2420.0 89.7568769868
2430.0 90.1279371903
2440.0 90.4989988327
2450.0 90.8700619408
2460.0 91.2411265419
2470.0 91.6121926635
2480.0 91.9832603336
2490.0 92.3543295806
2500.0 92.725400433
2510.0 93.0964729199
2520.0 93.4675470706
2530.0 93.838622915
2540.0 94.2097004831
2550.0 94.5807798053
2560.0 94.9518609125
2570.0 95.3229438359
2580.0 95.6940286069
2590.0 96.0651152575
2600.0 96.4362038199
2610.0 96.8072943267
2620.0 97.178386811
2630.0 97.5494813059
2640.0 97.9205778452
2650.0 98.2916764629
2660.0 98.6627771935
2670.0 99.0338800715
2680.0 99.4049851322
2690.0 99.7760924108
2700.0 100.147201943
2710.0 100.518313766
2720.0 100.889427915
2730.0 101.260544427
2740.0 101.631663339
2750.0 102.00278469
2760.0 102.373908516
2770.0 102.745034855
2780.0 103.116163748
2790.0 103.487295231
2800.0 103.858429344
2810.0 104.229566128
2820.0 104.60070562
2830.0 104.971847863
2840.0 105.342992895
2850.0 105.714140758
2860.0 106.085291492
2870.0 106.45644514
2880.0 106.827601742
2890.0 107.19876134
2900.0 107.569923977
2910.0 107.941089695
2920.0 108.312258537
2930.0 108.683430545
2940.0 109.054605763
2950.0 109.425784235
2960.0 109.796966004
2970.0 110.168151114
2980.0 110.539339609
2990.0 110.910531534
3000.0 111.281726934
3010.0 111.652925854
3020.0 112.024128338
3030.0 112.395334432
3040.0 112.766544182
3050.0 113.137757633
3060.0 113.508974832
3070.0 113.880195823
3080.0 114.251420655
3090.0 114.622649372
3100.0 114.993882023
3110.0 115.365118652
3120.0 115.736359308
3130.0 116.107604038
3140.0 116.478852888
3150.0 116.850105905
3160.0 117.221363138
3170.0 117.592624633
3180.0 117.963890439
3190.0 118.335160602
3200.0 118.706435171
3210.0 119.077714193
3220.0 119.448997715
3230.0 119.820285787
3240.0 120.191578455
3250.0 120.562875768
3260.0 120.934177772
3270.0 121.305484518
3280.0 121.676796051
3290.0 122.04811242
3300.0 122.419433672
3310.0 122.790759856
3320.0 123.162091019
3330.0 123.533427209
3340.0 123.904768473
3350.0 124.276114858
3360.0 124.647466412
3370.0 125.018823183
3380.0 125.390185216
3390.0 125.761552559
3400.0 126.132925259
3410.0 126.504303363
3420.0 126.875686916
3430.0 127.247075965
3440.0 127.618470555
3450.0 127.989870734
3460.0 128.361276545
3470.0 128.732688036
3480.0 129.104105249
3490.0 129.475528231
3500.0 129.846957025
3510.0 130.218391677
3520.0 130.589832229
3530.0 130.961278725
3540.0 131.332731208
3550.0 131.704189722
3560.0 132.075654308
3570.0 132.447125009
3580.0 132.818601867
3590.0 133.190084922
3600.0 133.561574215
3610.0 133.933069787
3620.0 134.304571678
3630.0 134.676079927
3640.0 135.047594574
3650.0 135.419115656
3660.0 135.790643211
3670.0 136.162177278
3680.0 136.533717893
3690.0 136.905265093
3700.0 137.276818912
3710.0 137.648379387
3720.0 138.019946552
3730.0 138.391520441
3740.0 138.763101088
3750.0 139.134688525
3760.0 139.506282784
3770.0 139.877883898
3780.0 140.249491896
3790.0 140.621106808
3800.0 140.992728665
3810.0 141.364357495
3820.0 141.735993326
3830.0 142.107636184
3840.0 142.479286097
3850.0 142.85094309
3860.0 143.222607189
3870.0 143.594278416
3880.0 143.965956796
3890.0 144.337642351
3900.0 144.709335103
3910.0 145.081035072
3920.0 145.452742279
3930.0 145.824456742
3940.0 146.196178481
3950.0 146.567907511
3960.0 146.93964385
3970.0 147.311387513
3980.0 147.683138514
3990.0 148.054896868
4000.0 148.426662588
4010.0 148.798435684
4020.0 149.170216167
4030.0 149.542004049
4040.0 149.913799336
4050.0 150.285602039
4060.0 150.657412162
4070.0 151.029229712
4080.0 151.401054694
4090.0 151.772887111
4100.0 152.144726967
4110.0 152.516574263
4120.0 152.888429
4130.0 153.260291177
4140.0 153.632160793
4150.0 154.004037846
4160.0 154.375922331
4170.0 154.747814244
4180.0 155.11971358
4190.0 155.491620331
4200.0 155.863534489
4210.0 156.235456046
4220.0 156.607384991
4230.0 156.979321313
4240.0 157.351264999
4250.0 157.723216036
4260.0 158.095174408
4270.0 158.467140101
4280.0 158.839113098
4290.0 159.211093379
4300.0 159.583080926
4310.0 159.955075719
4320.0 160.327077736
4330.0 160.699086953
4340.0 161.071103349
4350.0 161.443126896
4360.0 161.81515757
4370.0 162.187195343
4380.0 162.559240187
4390.0 162.931292072
4400.0 163.303350967
4410.0 163.67541684
4420.0 164.047489659
4430.0 164.41956939
4440.0 164.791655996
4450.0 165.163749442
4460.0 165.535849691
4470.0 165.907956703
4480.0 166.280070438
4490.0 166.652190857
4500.0 167.024317917
4510.0 167.396451574
4520.0 167.768591785
4530.0 168.140738504
4540.0 168.512891685
4550.0 168.885051281
4560.0 169.257217242
4570.0 169.62938952
4580.0 170.001568063
4590.0 170.37375282
4600.0 170.745943739
4610.0 171.118140764
4620.0 171.490343843
4630.0 171.862552917
4640.0 172.234767932
4650.0 172.606988829
4660.0 172.979215548
4670.0 173.351448032
4680.0 173.723686217
4690.0 174.095930044
4700.0 174.468179449
4710.0 174.840434369
4720.0 175.212694738
4730.0 175.584960493
4740.0 175.957231566
4750.0 176.329507891
4760.0 176.701789399
4770.0 177.074076022
4780.0 177.44636769
4790.0 177.818664333
4800.0 178.190965879
4810.0 178.563272256
4820.0 178.935583391
4830.0 179.307899212
4840.0 179.680219643
4850.0 180.05254461
4860.0 180.424874037
4870.0 180.797207848
4880.0 181.169545965
4890.0 181.541888302
4900.0 181.914234795
4910.0 182.286585357
4920.0 182.658939907
4930.0 183.031298367
4940.0 183.403660655
4950.0 183.77602669
4960.0 184.14839639
4970.0 184.520769673
4980.0 184.893146455
4990.0 185.265526654
5000.0 185.637910185
5010.0 186.010296965
5020.0 186.382686908
5030.0 186.755079929
5040.0 187.127475943
5050.0 187.499874864
5060.0 187.872276605
5070.0 188.24468108
5080.0 188.617088203
5090.0 188.989497885
5100.0 189.36191004
5110.0 189.73432458
5120.0 190.106741416
5130.0 190.479160461
5140.0 190.851581627
5150.0 191.224004825
5160.0 191.596429966
5170.0 191.968856962
5180.0 192.341285724
5190.0 192.713716163
5200.0 193.086148191
5210.0 193.458581717
5220.0 193.831016653
5230.0 194.203452911
5240.0 194.575890401
5250.0 194.948329035
5260.0 195.320768722
5270.0 195.693209376
5280.0 196.065650906
5290.0 196.438093225
5300.0 196.810536245
5310.0 197.182979876
5320.0 197.555424031
5330.0 197.927868622
5340.0 198.300313562
5350.0 198.672758763
5360.0 199.045204139
5370.0 199.417649601
5380.0 199.790095065
5390.0 200.162540443
5400.0 200.53498565
5410.0 200.9074306
5420.0 201.279875209
5430.0 201.652319392
5440.0 202.024763064
5450.0 202.397206142
5460.0 202.769648541
5470.0 203.142090181
5480.0 203.514530977
5490.0 203.886970848
5500.0 204.259409713
5510.0 204.63184749
5520.0 205.0042841
5530.0 205.376719463
5540.0 205.749153499
5550.0 206.12158613
5560.0 206.494017279
5570.0 206.866446867
5580.0 207.238874818
5590.0 207.611301057
5600.0 207.983725508
5610.0 208.356148095
5620.0 208.728568747
5630.0 209.100987388
5640.0 209.473403948
5650.0 209.845818353
5660.0 210.218230534
5670.0 210.590640419
5680.0 210.96304794
5690.0 211.335453028
5700.0 211.707855616
5710.0 212.080255635
5720.0 212.45265302
5730.0 212.825047707
5740.0 213.197439629
5750.0 213.569828724
5760.0 213.94221493
5770.0 214.314598183
5780.0 214.686978423
5790.0 215.059355591
5800.0 215.431729626
5810.0 215.804100471
5820.0 216.176468069