0.0 0.0
120.0 4.50157260518
120.625 4.52404716891
121.25 4.5465304856
122.5 4.59152268853
123.75 4.63654788001
125.0 4.68160479448
126.25 4.72669223062
127.5 4.7718090475
128.75 4.81695416095
130.0 4.86212654026
131.25 4.90732520498
132.5 4.95254922205
133.75 4.99779770305
135.0 5.04306980167
136.25 5.08836471131
137.5 5.13368166282
138.75 5.1790199225
140.0 5.22437879005
141.25 5.2697575968
142.5 5.31515570396
143.75 5.36057250102
145.0 5.40600740426
146.25 5.45145985528
147.5 5.4969293197
148.75 5.54241528589
150.0 5.58791726383
151.25 5.63343478394
152.5 5.67896739607
153.75 5.7245146685
155.0 5.77007618704
156.25 5.81565155414
157.5 5.86124038804
158.75 5.90684232203
160.0 5.95245700371
161.25 5.99808409429
162.5 6.04372326791
165.0 6.13503662204
167.5 6.22639469581
170.0 6.31779528995
172.5 6.40923636082
175.0 6.50071600652
177.5 6.59223245445
180.0 6.68378405016
182.5 6.77536924721
185.0 6.86698659814
187.5 6.95863474624
190.0 7.05031241814
192.5 7.14201841708
195.0 7.23375161687
197.5 7.3255109563
200.0 7.41729543421
202.5 7.50910410488
205.0 7.60093607388
207.5 7.69279049433
210.0 7.7846665634
212.5 7.87656351921
215.0 7.96848063792
217.5 8.06041723112
220.0 8.15237264339
222.5 8.24434625012
225.0 8.33633745547
230.0 8.5203704114
235.0 8.70446725258
240.0 8.88862407586
245.0 9.07283729215
250.0 9.25710359113
255.0 9.44141991101
260.0 9.62578341242
265.0 9.81019145604
270.0 9.99464158305
275.0 10.1791314982
280.0 10.363659055
285.0 10.5482222428
290.0 10.7328191751
295.0 10.9174480798
300.0 11.10210729
305.0 11.286795236
310.0 11.4715104382
315.0 11.6562515007
320.0 11.8410171053
330.0 12.2106170271
340.0 12.5803010285
350.0 12.9500608898
360.0 13.3198892347
370.0 13.6897794344
380.0 14.0597255259
390.0 14.4297221404
400.0 14.7997644416
410.0 15.1698480703
420.0 15.5399690962
430.0 15.9101239751
440.0 16.2803095094
450.0 16.650522815
460.0 17.0207612891
470.0 17.3910225832
480.0 17.761304578
490.0 18.1316053605
500.0 18.501923204
510.0 18.8722565497
520.0 19.2426039903
530.0 19.6129642547
540.0 19.9833361951
550.0 20.3537187743
560.0 20.724111055
570.0 21.0945121903
580.0 21.4649214139
590.0 21.8353380329
600.0 22.2057614203
610.0 22.5761910083
620.0 22.9466262825
630.0 23.3170667769
640.0 23.6875120686
650.0 24.0579617741
660.0 24.4284155449
670.0 24.7988730647
680.0 25.1693340453
690.0 25.5397982248
700.0 25.9102653645
710.0 26.2807352467
720.0 26.6512076726
730.0 27.0216824609
740.0 27.3921594455
750.0 27.7626384744
760.0 28.1331194084
770.0 28.5036021197
780.0 28.8740864908
790.0 29.2445724138
800.0 29.6150597892
810.0 29.9855485253
820.0 30.3560385376
830.0 30.7265297477
840.0 31.0970220832
850.0 31.4675154769
860.0 31.8380098666
870.0 32.2085051942
880.0 32.579001406
890.0 32.9494984516
900.0 33.3199962842
910.0 33.69049486
920.0 34.0609941379
930.0 34.4314940796
940.0 34.8019946489
950.0 35.172495812
960.0 35.542997537
970.0 35.9134997939
980.0 36.2840025542
990.0 36.6545057913
1000.0 37.0250094798
1010.0 37.3955135956
1020.0 37.7660181161
1030.0 38.1365230196
1040.0 38.5070282855
1050.0 38.8775338943
1060.0 39.2480398273
1070.0 39.6185460666
1080.0 39.9890525953
1090.0 40.3595593971
1100.0 40.7300664563
1110.0 41.1005737579
1120.0 41.4710812876
1130.0 41.8415890315
1140.0 42.2120969763
1150.0 42.5826051091
1160.0 42.9531134175
1170.0 43.3236218896
1180.0 43.6941305137
1190.0 44.0646392786
1200.0 44.4351481734
1210.0 44.8056571875
1220.0 45.1761663105
1230.0 45.5466755326
1240.0 45.9171848439
1250.0 46.2876942348
1260.0 46.6582036961
1270.0 47.0287132187
1280.0 47.3992227935
1290.0 47.7697324119
1300.0 48.1402420653
1310.0 48.5107517452
1320.0 48.8812614432
1330.0 49.2517711513
1340.0 49.6222808613
1350.0 49.9927905652
1360.0 50.3633002552
1370.0 50.7338099235
1380.0 51.1043195622
1390.0 51.4748291638
1400.0 51.8453387207
1410.0 52.2158482251
1420.0 52.5863576697
1430.0 52.9568670469
1440.0 53.3273763492
1450.0 53.6978855692
1460.0 54.0683946994
1470.0 54.4389037324
1480.0 54.8094126607
1490.0 55.1799214768
1500.0 55.5504301732
1510.0 55.9209387425
1520.0 56.2914471772
1530.0 56.6619554695
1540.0 57.032463612
1550.0 57.402971597
1560.0 57.7734794168
1570.0 58.1439870636
1580.0 58.5144945296
1590.0 58.885001807
1600.0 59.2555088877
1610.0 59.6260157638
1620.0 59.9965224271
1630.0 60.3670288694
1640.0 60.7375350825
1650.0 61.1080410581
1660.0 61.4785467875
1670.0 61.8490522623
1680.0 62.2195574737
1690.0 62.590062413
1700.0 62.9605670713
1710.0 63.3310714395
1720.0 63.7015755086
1730.0 64.0720792691
1740.0 64.4425827117
1750.0 64.813085827
1760.0 65.1835886051
1770.0 65.5540910362
1780.0 65.9245931104
1790.0 66.2950948176
1800.0 66.6655961475
1810.0 67.0360970896
1820.0 67.4065976333
1830.0 67.777097768
1840.0 68.1475974825
1850.0 68.5180967658
1860.0 68.8885956067
1870.0 69.2590939936
1880.0 69.6295919149
1890.0 70.0000893588
1900.0 70.3705863131
1910.0 70.7410827657
1920.0 71.1115787042
1930.0 71.4820741158
1940.0 71.8525689878
1950.0 72.223063307
1960.0 72.5935570603
1970.0 72.9640502341
1980.0 73.3345428147
1990.0 73.7050347882
2000.0 74.0755261405
2010.0 74.446016857
2020.0 74.8165069233
2030.0 75.1869963243
2040.0 75.5574850451
2050.0 75.9279730703
2060.0 76.2984603842
2070.0 76.668946971
2080.0 77.0394328147
2090.0 77.4099178987
2100.0 77.7804022066
2110.0 78.1508857214
2120.0 78.521368426
2130.0 78.8918503029
2140.0 79.2623313344
2150.0 79.6328115025
2160.0 80.0032907891
2170.0 80.3737691755
2180.0 80.7442466429
2190.0 81.1147231722
2200.0 81.485198744
2210.0 81.8556733386
2220.0 82.226146936
2230.0 82.5966195159
2240.0 82.9670910577
2250.0 83.3375615404
2260.0 83.708030943
2270.0 84.0784992438
2280.0 84.448966421
2290.0 84.8194324525
2300.0 85.1898973158
2310.0 85.5603609881
2320.0 85.9308234463
2330.0 86.3012846669
2340.0 86.6717446263
2350.0 87.0422033004
2360.0 87.4126606646
2370.0 87.7831166943
2380.0 88.1535713645
2390.0 88.5240246495
2400.0 88.8944765238
2410.0 89.2649269612
2420.0 89.6353759353
2430.0 90.0058234193
2440.0 90.3762693862
2450.0 90.7467138083
2460.0 91.117156658
2470.0 91.487597907
2480.0 91.858037527
2490.0 92.2284754889
2500.0 92.5989117637
2510.0 92.9693463217
2520.0 93.3397791331
2530.0 93.7102101677
2540.0 94.0806393947
2550.0 94.4510667834
2560.0 94.8214923022
2570.0 95.1919159197
2580.0 95.5623376038
2590.0 95.9327573221
2600.0 96.3031750419
2610.0 96.6735907301
2620.0 97.0440043534
2630.0 97.4144158779
2640.0 97.7848252696
2650.0 98.1552324939
2660.0 98.5256375162
2670.0 98.8960403011
2680.0 99.2664408132
2690.0 99.6368390167
2700.0 100.007234875
2710.0 100.377628353
2720.0 100.748019412
2730.0 101.118408015
2740.0 101.488794126
2750.0 101.859177705
2760.0 102.229558716
2770.0 102.599937119
2780.0 102.970312876
2790.0 103.340685947
2800.0 103.711056292
2810.0 104.081423873
2820.0 104.451788649
2830.0 104.822150579
2840.0 105.192509623
2850.0 105.56286574
2860.0 105.933218888
2870.0 106.303569026
2880.0 106.673916111
2890.0 107.044260102
2900.0 107.414600956
2910.0 107.784938631
2920.0 108.155273082
2930.0 108.525604268
2940.0 108.895932144
2950.0 109.266256667
2960.0 109.636577792
2970.0 110.006895475
2980.0 110.377209672
2990.0 110.747520337
3000.0 111.117827427
3010.0 111.488130895
3020.0 111.858430696
3030.0 112.228726785
3040.0 112.599019115
3050.0 112.969307641
3060.0 113.339592316
3070.0 113.709873094
3080.0 114.080149929
3090.0 114.450422773
3100.0 114.82069158
3110.0 115.190956303
3120.0 115.561216894
3130.0 115.931473306
3140.0 116.301725492
3150.0 116.671973405
3160.0 117.042216996
3170.0 117.412456218
3180.0 117.782691023
3190.0 118.152921363
3200.0 118.523147191
3210.0 118.893368457
3220.0 119.263585115
3230.0 119.633797116
3240.0 120.004004412
3250.0 120.374206955
3260.0 120.744404696
3270.0 121.114597588
3280.0 121.484785583
3290.0 121.854968631
3300.0 122.225146686
3310.0 122.5953197
3320.0 122.965487624
3330.0 123.33565041
3340.0 123.705808011
3350.0 124.07596038
3360.0 124.446107468
3370.0 124.816249228
3380.0 125.186385613
3390.0 125.556516575
3400.0 125.926642068
3410.0 126.296762045
3420.0 126.666876459
3430.0 127.036985264
3440.0 127.407088414
3450.0 127.777185861
3460.0 128.147277562
3470.0 128.51736347
3480.0 128.887443539
3490.0 129.257517726
3500.0 129.627585984
3510.0 129.997648271
3520.0 130.367704541
3530.0 130.737754751
3540.0 131.107798857
3550.0 131.477836817
3560.0 131.847868588
3570.0 132.217894127
3580.0 132.587913393
3590.0 132.957926344
3600.0 133.327932938
3610.0 133.697933137
3620.0 134.067926898
3630.0 134.437914182
3640.0 134.807894951
3650.0 135.177869165
3660.0 135.547836787
3670.0 135.917797778
3680.0 136.287752101
3690.0 136.65769972
3700.0 137.027640599
3710.0 137.397574702
3720.0 137.767501994
3730.0 138.137422441
3740.0 138.50733601
3750.0 138.877242667
3760.0 139.24714238
3770.0 139.617035117
3780.0 139.986920848
3790.0 140.356799541
3800.0 140.726671168
3810.0 141.096535699
3820.0 141.466393106
3830.0 141.836243362
3840.0 142.20608644
3850.0 142.575922314
3860.0 142.945750959
3870.0 143.31557235
3880.0 143.685386464
3890.0 144.055193278
3900.0 144.42499277
3910.0 144.79478492
3920.0 145.164569706
3930.0 145.534347111
3940.0 145.904117114
3950.0 146.273879698
3960.0 146.643634848
3970.0 147.013382546
3980.0 147.383122779
3990.0 147.752855532
4000.0 148.122580792
4010.0 148.492298548
4020.0 148.862008787
4030.0 149.231711501
4040.0 149.601406679
4050.0 149.971094314
4060.0 150.340774399
4070.0 150.710446928
4080.0 151.080111895
4090.0 151.449769296
4100.0 151.819419129
4110.0 152.189061392
4120.0 152.558696082
4130.0 152.928323201
4140.0 153.297942751
4150.0 153.667554732
4160.0 154.037159148
4170.0 154.406756004
4180.0 154.776345306
4190.0 155.145927059
4200.0 155.515501273
4210.0 155.885067954
4220.0 156.254627114
4230.0 156.624178764
4240.0 156.993722915
4250.0 157.363259581
4260.0 157.732788777
4270.0 158.102310517
4280.0 158.471824819
4290.0 158.841331701
4300.0 159.210831181
4310.0 159.580323279
4320.0 159.949808018
4330.0 160.319285418
4340.0 160.688755504
4350.0 161.058218301
4360.0 161.427673834
4370.0 161.79712213
4380.0 162.166563218
4390.0 162.535997126
4400.0 162.905423886
4410.0 163.274843528
4420.0 163.644256085
4430.0 164.013661591
4440.0 164.383060082
4450.0 164.752451592
4460.0 165.121836161
4470.0 165.491213824
4480.0 165.860584624
4490.0 166.229948599
4500.0 166.599305791
4510.0 166.968656244
4520.0 167.338000001
4530.0 167.707337107
4540.0 168.076667608
4550.0 168.445991552
4560.0 168.815308986
4570.0 169.18461996
4580.0 169.553924525
4590.0 169.923222731
4600.0 170.292514631
4610.0 170.661800279
4620.0 171.031079729
4630.0 171.400353036
4640.0 171.769620258
4650.0 172.138881451
4660.0 172.508136675
4670.0 172.877385988
4680.0 173.24662945
4690.0 173.615867125
4700.0 173.985099072
4710.0 174.354325357
4720.0 174.723546043
4730.0 175.092761194
4740.0 175.461970878
4750.0 175.83117516
4760.0 176.200374109
4770.0 176.569567792
4780.0 176.938756279
4790.0 177.307939641
4800.0 177.677117948
4810.0 178.046291271
4820.0 178.415459684
4830.0 178.784623258
4840.0 179.153782069
4850.0 179.522936191
4860.0 179.892085699
4870.0 180.261230669
4880.0 180.630371178
4890.0 180.999507312
4900.0 181.368639135
4910.0 181.737766733
4920.0 182.106890186
4930.0 182.476009574
4940.0 182.845124976
4950.0 183.214236474
4960.0 183.58334415
4970.0 183.952448084
4980.0 184.32154836
4990.0 184.690645061
5000.0 185.05973827
5010.0 185.428828071
5020.0 185.797914548
5030.0 186.166997787
5040.0 186.536077871
5050.0 186.905154888
5060.0 187.274228922
5070.0 187.643300059
5080.0 188.012368387
5090.0 188.381433992
5100.0 188.75049696
5110.0 189.11955738
5120.0 189.488615338
5130.0 189.857670922
5140.0 190.226724221
5150.0 190.595775321
5160.0 190.964824312
5170.0 191.333871281
5180.0 191.702916317
5190.0 192.071959507
5200.0 192.441000942
5210.0 192.810040709
5220.0 193.179078896
5230.0 193.548115592
5240.0 193.917150886
5250.0 194.286184866
5260.0 194.65521762
5270.0 195.024249236
5280.0 195.393279804
5290.0 195.76230941
5300.0 196.131338143
5310.0 196.50036609
5320.0 196.869393338
5330.0 197.238419976
5340.0 197.60744609
5350.0 197.976471767
5360.0 198.345497093
5370.0 198.714522155
5380.0 199.083547038
5390.0 199.452571828
5400.0 199.821596611
5410.0 200.190621472
5420.0 200.559646494
5430.0 200.928671762
5440.0 201.297697359
5450.0 201.666723369
5460.0 202.035749875
5470.0 202.404776959
5480.0 202.773804703
5490.0 203.142833187
5500.0 203.511862493
5510.0 203.880892702
5520.0 204.249923891
5530.0 204.618956142
5540.0 204.987989532
5550.0 205.357024139
5560.0 205.72606004
5570.0 206.095097313
5580.0 206.464136032
5590.0 206.833176274
5600.0 207.202218113
5610.0 207.571261622
5620.0 207.940306876
5630.0 208.309353946
5640.0 208.678402904
5650.0 209.047453821
5660.0 209.416506768
5670.0 209.785561814
5680.0 210.154619027
5690.0 210.523678476
5700.0 210.892740227
5710.0 211.261804346
5720.0 211.6308709
5730.0 211.999939952
5740.0 212.369011566
5750.0 212.738085805
5760.0 213.107162731
5770.0 213.476242404
5780.0 213.845324886
5790.0 214.214410235
5800.0 214.583498509
5810.0 214.952589766
5820.0 215.321684063