0.0 0.0
120.0 4.50451378165
120.625 4.52700366401
121.25 4.54950229932
122.5 4.59452513951
123.75 4.63958096824
125.0 4.68466851997
126.25 4.72978659337
127.5 4.7749340475
128.75 4.82010979821
130.0 4.86531281477
131.25 4.91054211674
132.5 4.95579677107
133.75 5.00107588933
135.0 5.0463786252
136.25 5.09170417209
137.5 5.13705176086
138.75 5.18242065779
140.0 5.2278101626
141.25 5.2732196066
142.5 5.31864835102
143.75 5.36409578534
145.0 5.40956132583
146.25 5.4550444141
147.5 5.50054451577
148.75 5.54606111923
150.0 5.59159373442
151.25 5.63714189178
152.5 5.68270514117
153.75 5.72828305085
155.0 5.77387520665
156.25 5.819481211
157.5 5.86510068215
158.75 5.9107332534
160.0 5.95637857234
161.25 6.00203630017
162.5 6.04770611105
165.0 6.13908073969
167.5 6.23050008796
170.0 6.32196195662
172.5 6.413464302
175.0 6.50500522221
177.5 6.59658294465
180.0 6.68819581487
182.5 6.77984228643
185.0 6.87152091187
187.5 6.96323033448
190.0 7.05496928089
192.5 7.14673655434
195.0 7.23853102863
197.5 7.33035164258
200.0 7.422197395
202.5 7.51406734018
205.0 7.60596058369
207.5 7.69787627864
210.0 7.78981362222
212.5 7.88177185254
215.0 7.97375024576
217.5 8.06574811347
220.0 8.15776480025
222.5 8.24979968149
225.0 8.34185216135
230.0 8.5260076663
235.0 8.71022705651
240.0 8.8945064288
245.0 9.07884219411
250.0 9.26323104211
255.0 9.44766991101
260.0 9.63215596144
265.0 9.81668655408
270.0 10.0012592301
275.0 10.1858716943
280.0 10.3705218001
285.0 10.5552075369
290.0 10.7399270182
295.0 10.924678472
300.0 11.1094602312
305.0 11.2942707262
310.0 11.4791084774
315.0 11.6639720889
320.0 11.8488602426
330.0 12.2187052624
340.0 12.5886343618
350.0 12.9586393212
360.0 13.3287127641
370.0 13.6988480619
380.0 14.0690392514
390.0 14.4392809639
400.0 14.8095683631
410.0 15.1798970899
420.0 15.5502632139
430.0 15.9206631907
440.0 16.2910938232
450.0 16.6615522267
460.0 17.0320357989
470.0 17.4025421911
480.0 17.7730692839
490.0 18.1436151644
500.0 18.5141781059
510.0 18.8847565497
520.0 19.2553490883
530.0 19.6259544508
540.0 19.9965714892
550.0 20.3671991664
560.0 20.7378365452
570.0 21.1084827785
580.0 21.4791371002
590.0 21.8497988172
600.0 22.2204673027
610.0 22.5911419887
620.0 22.961822361
630.0 23.3325079533
640.0 23.7031983431
650.0 24.0738931466
660.0 24.4445920155
670.0 24.8152946333
680.0 25.186000712
690.0 25.5567099895
700.0 25.9274222273
710.0 26.2981372075
720.0 26.6688547315
730.0 27.0395746178
740.0 27.4102967004
750.0 27.7810208273
760.0 28.1517468594
770.0 28.5224746687
780.0 28.8932041378
790.0 29.2639351589
800.0 29.6346676323
810.0 30.0054014665
820.0 30.3761365768
830.0 30.7468728849
840.0 31.1176103185
850.0 31.4883488102
860.0 31.8590882979
870.0 32.2298287236
880.0 32.6005700334
890.0 32.9713121771
900.0 33.3420551078
910.0 33.7127987816
920.0 34.0835431575
930.0 34.4542881972
940.0 34.8250338646
950.0 35.1957801257
960.0 35.5665269488
970.0 35.9372743037
980.0 36.3080221621
990.0 36.6787704972
1000.0 37.0495192837
1010.0 37.4202684976
1020.0 37.7910181161
1030.0 38.1617681176
1040.0 38.5325184816
1050.0 38.9032691884
1060.0 39.2740202194
1070.0 39.6447715568
1080.0 40.0155231836
1090.0 40.3862750834
1100.0 40.7570272406
1110.0 41.1277796403
1120.0 41.498532268
1130.0 41.8692851099
1140.0 42.2400381527
1150.0 42.6107913836
1160.0 42.9815447901
1170.0 43.3522983602
1180.0 43.7230520823
1190.0 44.0938059452
1200.0 44.4645599381
1210.0 44.8353140502
1220.0 45.2060682713
1230.0 45.5768225914
1240.0 45.9475770007
1250.0 46.3183314897
1260.0 46.6890860491
1270.0 47.0598406696
1280.0 47.4305953425
1290.0 47.801350059
1300.0 48.1721048104
1310.0 48.5428595883
1320.0 48.9136143844
1330.0 49.2843691905
1340.0 49.6551239986
1350.0 50.0258788005
1360.0 50.3966335886
1370.0 50.7673883549
1380.0 51.1381430917
1390.0 51.5088977913
1400.0 51.8796524462
1410.0 52.2504070487
1420.0 52.6211615913
1430.0 52.9919160665
1440.0 53.3626704669
1450.0 53.7334247849
1460.0 54.1041790132
1470.0 54.4749331442
1480.0 54.8456871705
1490.0 55.2164410846
1500.0 55.5871948791
1510.0 55.9579485465
1520.0 56.3287020791
1530.0 56.6994554695
1540.0 57.0702087101
1550.0 57.4409617931
1560.0 57.8117147109
1570.0 58.1824674558
1580.0 58.5532200198
1590.0 58.9239723952
1600.0 59.294724574
1610.0 59.6654765481
1620.0 60.0362283094
1630.0 60.4069798498
1640.0 60.777731161
1650.0 61.1484822345
1660.0 61.519233062
1670.0 61.8899836348
1680.0 62.2607339443
1690.0 62.6314839817
1700.0 63.002233738
1710.0 63.3729832042
1720.0 63.7437323713
1730.0 64.1144812299
1740.0 64.4852297706
1750.0 64.8559779838
1760.0 65.22672586
1770.0 65.5974733892
1780.0 65.9682205614
1790.0 66.3389673667
1800.0 66.7097137946
1810.0 67.0804598347
1820.0 67.4512054765
1830.0 67.8219507091
1840.0 68.1926955217
1850.0 68.5634399031
1860.0 68.934183842
1870.0 69.3049273269
1880.0 69.6756703463
1890.0 70.0464128882
1900.0 70.4171549406
1910.0 70.7878964912
1920.0 71.1586375277
1930.0 71.5293780374
1940.0 71.9001180074
1950.0 72.2708574247
1960.0 72.641596276
1970.0 73.0123345478
1980.0 73.3830722265
1990.0 73.753809298
2000.0 74.1245457483
2010.0 74.4952815629
2020.0 74.8660167272
2030.0 75.2367512263
2040.0 75.6074850451
2050.0 75.9782181683
2060.0 76.3489505803
2070.0 76.7196822651
2080.0 77.0904132068
2090.0 77.4611433889
2100.0 77.8318727948
2110.0 78.2026014077
2120.0 78.5733292103
2130.0 78.9440561852
2140.0 79.3147823148
2150.0 79.685507581
2160.0 80.0562319656
2170.0 80.42695545
2180.0 80.7976780154
2190.0 81.1683996428
2200.0 81.5391203126
2210.0 81.9098400053
2220.0 82.2805587007
2230.0 82.6512763786
2240.0 83.0219930184
2250.0 83.3927085992
2260.0 83.7634230998
2270.0 84.1341364987
2280.0 84.5048487739
2290.0 84.8755599034
2300.0 85.2462698648
2310.0 85.6169786351
2320.0 85.9876861914
2330.0 86.3583925101
2340.0 86.7290975675
2350.0 87.0998013396
2360.0 87.4705038019
2370.0 87.8412049296
2380.0 88.2119046978
2390.0 88.5826030809
2400.0 88.9533000532
2410.0 89.3239955887
2420.0 89.6946896608
2430.0 90.0653822429
2440.0 90.4360733077
2450.0 90.8067628279
2460.0 91.1774507756
2470.0 91.5481371227
2480.0 91.9188218407
2490.0 92.2895049007
2500.0 92.6601862735
2510.0 93.0308659296
2520.0 93.401543839
2530.0 93.7722199716
2540.0 94.1428942967
2550.0 94.5135667834
2560.0 94.8842374003
2570.0 95.2549061158
2580.0 95.6255728979
2590.0 95.9962377142
2600.0 96.3669005321
2610.0 96.7375613184
2620.0 97.1082200397
2630.0 97.4788766622
2640.0 97.8495311519
2650.0 98.2201834743
2660.0 98.5908335946
2670.0 98.9614814776
2680.0 99.3321270877
2690.0 99.7027703892
2700.0 100.073411346
2710.0 100.444049921
2720.0 100.814686078
2730.0 101.18531978
2740.0 101.555950989
2750.0 101.926579666
2760.0 102.297205775
2770.0 102.667829276
2780.0 103.038450131
2790.0 103.4090683
2800.0 103.779683743
2810.0 104.150296422
2820.0 104.520906296
2830.0 104.891513324
2840.0 105.262117466
2850.0 105.632718681
2860.0 106.003316927
2870.0 106.373912163
2880.0 106.744504346
2890.0 107.115093435
2900.0 107.485679388
2910.0 107.85626216
2920.0 108.22684171
2930.0 108.597417994
2940.0 108.967990968
2950.0 109.338560588
2960.0 109.709126811
2970.0 110.079689593
2980.0 110.450248887
2990.0 110.820804651
3000.0 111.191356839
3010.0 111.561905405
3020.0 111.932450304
3030.0 112.302991491
3040.0 112.673528919
3050.0 113.044062543
3060.0 113.414592316
3070.0 113.785118193
3080.0 114.155640125
3090.0 114.526158067
3100.0 114.896671972
3110.0 115.267181793
3120.0 115.637687482
3130.0 116.008188993
3140.0 116.378686277
3150.0 116.749179287
3160.0 117.119667976
3170.0 117.490152296
3180.0 117.8606322
3190.0 118.231107638
3200.0 118.601578563
3210.0 118.972044928
3220.0 119.342506684
3230.0 119.712963783
3240.0 120.083416177
3250.0 120.453863818
3260.0 120.824306657
3270.0 121.194744647
3280.0 121.565177739
3290.0 121.935605886
3300.0 122.306029039
3310.0 122.676447151
3320.0 123.046860173
3330.0 123.417268057
3340.0 123.787670757
3350.0 124.158068223
3360.0 124.528460409
3370.0 124.898847267
3380.0 125.26922875
3390.0 125.63960481
3400.0 126.009975402
3410.0 126.380340477
3420.0 126.750699989
3430.0 127.121053892
3440.0 127.491402139
3450.0 127.861744685
3460.0 128.232081484
3470.0 128.602412489
3480.0 128.972737657
3490.0 129.343056941
3500.0 129.713370298
3510.0 130.083677683
3520.0 130.453979051
3530.0 130.824274359
3540.0 131.194563563
3550.0 131.564846621
3560.0 131.93512349
3570.0 132.305394127
3580.0 132.675658491
3590.0 133.04591654
3600.0 133.416168233
3610.0 133.786413529
3620.0 134.156652388
3630.0 134.52688477
3640.0 134.897110637
3650.0 135.26732995
3660.0 135.637542669
3670.0 136.007748758
3680.0 136.377948179
3690.0 136.748140896
3700.0 137.118326873
3710.0 137.488506074
3720.0 137.858678464
3730.0 138.22884401
3740.0 138.599002676
3750.0 138.969154432
3760.0 139.339299243
3770.0 139.709437078
3780.0 140.079567907
3790.0 140.449691698
3800.0 140.819808423
3810.0 141.189918052
3820.0 141.560020557
3830.0 141.930115911
3840.0 142.300204087
3850.0 142.670285059
3860.0 143.040358802
3870.0 143.410425291
3880.0 143.780484503
3890.0 144.150536415
3900.0 144.520581006
3910.0 144.890618253
3920.0 145.260648138
3930.0 145.63067064
3940.0 146.000685741
3950.0 146.370693424
3960.0 146.740693671
3970.0 147.110686468
3980.0 147.480671799
3990.0 147.85064965
4000.0 148.220620008
4010.0 148.590582861
4020.0 148.960538199
4030.0 149.33048601
4040.0 149.700426287
4050.0 150.07035902
4060.0 150.440284203
4070.0 150.81020183
4080.0 151.180111895
4090.0 151.550014394
4100.0 151.919909325
4110.0 152.289796686
4120.0 152.659676474
4130.0 153.029548692
4140.0 153.399413339
4150.0 153.769270418
4160.0 154.139119932
4170.0 154.508961887
4180.0 154.878796286
4190.0 155.248623138
4200.0 155.618442449
4210.0 155.988254229
4220.0 156.358058487
4230.0 156.727855234
4240.0 157.097644484
4250.0 157.467426248
4260.0 157.837200541
4270.0 158.20696738
4280.0 158.57672678
4290.0 158.94647876
4300.0 159.316223338
4310.0 159.685960534
4320.0 160.05569037
4330.0 160.425412869
4340.0 160.795128053
4350.0 161.164835948
4360.0 161.534536579
4370.0 161.904229973
4380.0 162.273916159
4390.0 162.643595165
4400.0 163.013267023
4410.0 163.382931763
4420.0 163.752589418
4430.0 164.122240023
4440.0 164.491883611
4450.0 164.86152022
4460.0 165.231149886
4470.0 165.600772648
4480.0 165.970388545
4490.0 166.339997618
4500.0 166.709599909
4510.0 167.079195459
4520.0 167.448784314
4530.0 167.818366518
4540.0 168.187942118
4550.0 168.557511159
4560.0 168.927073692
4570.0 169.296629764
4580.0 169.666179427
4590.0 170.035722731
4600.0 170.405259729
4610.0 170.774790475
4620.0 171.144315023
4630.0 171.513833429
4640.0 171.883345748
4650.0 172.25285204
4660.0 172.622352361
4670.0 172.991846772
4680.0 173.361335333
4690.0 173.730818105
4700.0 174.100295151
4710.0 174.469766533
4720.0 174.839232317
4730.0 175.208692567
4740.0 175.578147348
4750.0 175.947596729
4760.0 176.317040775
4770.0 176.686479557
4780.0 177.055913142
4790.0 177.425341602
4800.0 177.794765006
4810.0 178.164183428
4820.0 178.533596938
4830.0 178.903005611
4840.0 179.27240952
4850.0 179.64180874
4860.0 180.011203346
4870.0 180.380593414
4880.0 180.749979021
4890.0 181.119360254
4900.0 181.488737174
4910.0 181.858109871
4920.0 182.227478422
4930.0 182.596842907
4940.0 182.966203408
4950.0 183.335560004
4960.0 183.704912777
4970.0 184.07426181
4980.0 184.443607184
4990.0 184.812948983
5000.0 185.18228729
5010.0 185.551622189
5020.0 185.920953764
5030.0 186.290282101
5040.0 186.659607283
5050.0 187.028929398
5060.0 187.39824853
5070.0 187.767564765
5080.0 188.136878191
5090.0 188.506188894
5100.0 188.87549696
5110.0 189.244802478
5120.0 189.614105534
5130.0 189.983406216
5140.0 190.352704613
5150.0 190.722000811
5160.0 191.0912949
5170.0 191.460586967
5180.0 191.829877101
5190.0 192.19916539
5200.0 192.568451922
5210.0 192.937736787
5220.0 193.307020072
5230.0 193.676301866
5240.0 194.045582258
5250.0 194.414861336
5260.0 194.784139188
5270.0 195.153415903
5280.0 195.522691569
5290.0 195.891966273
5300.0 196.261240103
5310.0 196.630513148
5320.0 196.999785495
5330.0 197.369057231
5340.0 197.738328443
5350.0 198.107599218
5360.0 198.476869642
5370.0 198.846139802
5380.0 199.215409783
5390.0 199.584679672
5400.0 199.953949552
5410.0 200.323219511
5420.0 200.692489631
5430.0 201.061759997
5440.0 201.431030692
5450.0 201.800301801
5460.0 202.169573405
5470.0 202.538845587
5480.0 202.908118428
5490.0 203.277392011
5500.0 203.646666415
5510.0 204.015941721
5520.0 204.385218009
5530.0 204.754495358
5540.0 205.123773846
5550.0 205.493053551
5560.0 205.86233455
5570.0 206.231616921
5580.0 206.600900738
5590.0 206.970186078
5600.0 207.339473015
5610.0 207.708761622
5620.0 208.078051974
5630.0 208.447344142
5640.0 208.816638198
5650.0 209.185934213
5660.0 209.555232258
5670.0 209.924532402
5680.0 210.293834713
5690.0 210.66313926
5700.0 211.032446109
5710.0 211.401755327
5720.0 211.771066978
5730.0 212.140381128
5740.0 212.50969784
5750.0 212.879017177
5760.0 213.248339201
5770.0 213.617663973
5780.0 213.986991553
5790.0 214.356322
5800.0 214.725655372
5810.0 215.094991727
5820.0 215.464331122