0.0 0.0
120.0 4.50863172852
120.625 4.53114305923
121.25 4.55366314289
122.5 4.59872887981
123.75 4.64382760532
125.0 4.68895805385
126.25 4.73411902408
127.5 4.77930937509
128.75 4.82452802272
130.0 4.86977393623
131.25 4.91504613519
132.5 4.96034368654
133.75 5.00566570186
135.0 5.05101133484
136.25 5.09637977886
137.5 5.14177026481
138.75 5.18718205896
140.0 5.23261446102
141.25 5.27806680232
142.5 5.32353844406
143.75 5.36902877576
145.0 5.41453721366
146.25 5.46006319938
147.5 5.50560619855
148.75 5.55116569954
150.0 5.5967412123
151.25 5.64233226728
152.5 5.68793841432
153.75 5.7335592217
155.0 5.77919427524
156.25 5.82484317737
157.5 5.87050554635
158.75 5.91618101546
160.0 5.9618692323
161.25 6.00756985809
162.5 6.05328256696
165.0 6.14474299172
167.5 6.23624813629
170.0 6.32779580142
172.5 6.41938394345
175.0 6.5110106605
177.5 6.60267417997
180.0 6.69437284739
182.5 6.78610511635
185.0 6.87786953938
187.5 6.96966475978
190.0 7.06148950416
192.5 7.1533425758
195.0 7.24522284847
197.5 7.337129261
200.0 7.42906081221
202.5 7.52101655639
205.0 7.61299559911
207.5 7.70499709348
210.0 7.7970202367
212.5 7.88906426688
215.0 7.98112846018
217.5 8.07321212819
220.0 8.16531461549
222.5 8.25743529749
225.0 8.34957357833
230.0 8.53390068597
235.0 8.71829167981
240.0 8.90274265672
245.0 9.08725002765
250.0 9.27181048231
255.0 9.4564209589
260.0 9.64107861811
265.0 9.82578082063
270.0 10.0105251077
275.0 10.195309184
280.0 10.3801309031
285.0 10.5649882545
290.0 10.7498793516
295.0 10.9348024223
300.0 11.1197557999
305.0 11.3047379146
310.0 11.4897472868
315.0 11.6747825206
320.0 11.8598422981
330.0 12.2300305698
340.0 12.6003029271
350.0 12.9706511507
360.0 13.3410678644
370.0 13.7115464398
380.0 14.0820809141
390.0 14.452665919
400.0 14.8232966183
410.0 15.1939686533
420.0 15.5646780941
430.0 15.9354213966
440.0 16.3061953639
450.0 16.676997112
460.0 17.0478240387
470.0 17.4186737959
480.0 17.7895442647
490.0 18.1604335325
500.0 18.5313398733
510.0 18.9022617286
520.0 19.2731976916
530.0 19.6441464918
540.0 20.0151069819
550.0 20.3860781252
560.0 20.7570589853
570.0 21.1280487155
580.0 21.4990465504
590.0 21.8700517977
600.0 22.241063831
610.0 22.6120820833
620.0 22.9831060408
630.0 23.3541352383
640.0 23.7251692538
650.0 24.0962077045
660.0 24.4672502428
670.0 24.8382965531
680.0 25.2093463483
690.0 25.5803993673
700.0 25.9514553723
710.0 26.3225141466
720.0 26.6935754927
730.0 27.0646392299
740.0 27.4357051935
750.0 27.8067732326
760.0 28.1778432091
770.0 28.5489149963
780.0 28.9199884781
790.0 29.2910635479
800.0 29.6621401074
810.0 30.0332180664
820.0 30.4042973417
830.0 30.7753778563
840.0 31.1464595395
850.0 31.5175423255
860.0 31.8886261538
870.0 32.2597109679
880.0 32.6307967158
890.0 33.0018833489
900.0 33.3729708222
910.0 33.7440590938
920.0 34.1151481244
930.0 34.4862378778
940.0 34.8573283199
950.0 35.228419419
960.0 35.5995111452
970.0 35.970603471
980.0 36.3416963701
990.0 36.7127898183
1000.0 37.0838837926
1010.0 37.4549782716
1020.0 37.8260732351
1030.0 38.1971686642
1040.0 38.5682645411
1050.0 38.939360849
1060.0 39.3104575723
1070.0 39.6815546961
1080.0 40.0526522066
1090.0 40.4237500906
1100.0 40.7948483357
1110.0 41.1659469304
1120.0 41.5370458638
1130.0 41.9081451257
1140.0 42.2792447063
1150.0 42.6503445966
1160.0 43.0214447881
1170.0 43.3925452729
1180.0 43.7636460434
1190.0 44.1347470926
1200.0 44.505848414
1210.0 44.8769500015
1220.0 45.2480518493
1230.0 45.6191539523
1240.0 45.9902563053
1250.0 46.3613589039
1260.0 46.732461744
1270.0 47.1035648215
1280.0 47.474668133
1290.0 47.8457716754
1300.0 48.2168754456
1310.0 48.587979441
1320.0 48.9590836594
1330.0 49.3301880987
1340.0 49.7012927571
1350.0 50.0723976331
1360.0 50.4435027255
1370.0 50.8146080333
1380.0 51.1857135557
1390.0 51.5568192922
1400.0 51.9279252426
1410.0 52.2990314068
1420.0 52.6701377849
1430.0 53.0412443775
1440.0 53.4123511852
1450.0 53.7834582088
1460.0 54.1545654493
1470.0 54.5256729081
1480.0 54.8967805866
1490.0 55.2678884865
1500.0 55.6389966098
1510.0 56.0101049586
1520.0 56.3812135351
1530.0 56.7523223418
1540.0 57.1234313816
1550.0 57.4945406572
1560.0 57.8656501718
1570.0 58.2367599288
1580.0 58.6078699315
1590.0 58.9789801838
1600.0 59.3500906895
1610.0 59.7212014527
1620.0 60.0923124777
1630.0 60.463423769
1640.0 60.8345353313
1650.0 61.2056471696
1660.0 61.5767592888
1670.0 61.9478716942
1680.0 62.3189843915
1690.0 62.6900973862
1700.0 63.0612106843
1710.0 63.4323242918
1720.0 63.8034382151
1730.0 64.1745524607
1740.0 64.5456670353
1750.0 64.9167819458
1760.0 65.2878971994
1770.0 65.6590128034
1780.0 66.0301287654
1790.0 66.4012450931
1800.0 66.7723617947
1810.0 67.1434788782
1820.0 67.5145963522
1830.0 67.8857142252
1840.0 68.2568325062
1850.0 68.6279512044
1860.0 68.9990703289
1870.0 69.3701898895
1880.0 69.7413098958
1890.0 70.112430358
1900.0 70.4835512864
1910.0 70.8546726914
1920.0 71.2257945837
1930.0 71.5969169745
1940.0 71.968039875
1950.0 72.3391632966
1960.0 72.710287251
1970.0 73.0814117504
1980.0 73.452536807
1990.0 73.8236624332
2000.0 74.1947886419
2010.0 74.565915446
2020.0 74.937042859
2030.0 75.3081708943
2040.0 75.6792995658
2050.0 76.0504288877
2060.0 76.4215588742
2070.0 76.7926895402
2080.0 77.1638209005
2090.0 77.5349529703
2100.0 77.9060857653
2110.0 78.2772193011
2120.0 78.6483535939
2130.0 79.0194886601
2140.0 79.3906245163
2150.0 79.7617611796
2160.0 80.1328986672
2170.0 80.5040369966
2180.0 80.8751761859
2190.0 81.2463162532
2200.0 81.6174572169
2210.0 81.988599096
2220.0 82.3597419095
2230.0 82.7308856769
2240.0 83.1020304179
2250.0 83.4731761526
2260.0 83.8443229015
2270.0 84.2154706853
2280.0 84.586619525
2290.0 84.957769442
2300.0 85.328920458
2310.0 85.7000725952
2320.0 86.0712258758
2330.0 86.4423803227
2340.0 86.8135359588
2350.0 87.1846928076
2360.0 87.5558508927
2370.0 87.9270102384
2380.0 88.2981708691
2390.0 88.6693328094
2400.0 89.0404960846
2410.0 89.4116607201
2420.0 89.7828267417
2430.0 90.1539941756
2440.0 90.5251630484
2450.0 90.8963333869
2460.0 91.2675052184
2470.0 91.6386785704
2480.0 92.0098534709
2490.0 92.3810299482
2500.0 92.752208031
2510.0 93.1233877483
2520.0 93.4945691295
2530.0 93.8657522042
2540.0 94.2369370027
2550.0 94.6081235553
2560.0 94.9793118929
2570.0 95.3505020466
2580.0 95.7216940481
2590.0 96.0928879291
2600.0 96.4640837219
2610.0 96.8352814591
2620.0 97.2064811737
2630.0 97.577682899
2640.0 97.9488866687
2650.0 98.3200925169
2660.0 98.6913004778
2670.0 99.0625105862
2680.0 99.4337228773
2690.0 99.8049373863
2700.0 100.176154149
2710.0 100.547373202
2720.0 100.918594581
2730.0 101.289818324
2740.0 101.661044467
2750.0 102.032273047
2760.0 102.403504104
2770.0 102.774737674
2780.0 103.145973797
2790.0 103.51721251
2800.0 103.888453854
2810.0 104.259697868
2820.0 104.630944591
2830.0 105.002194064
2840.0 105.373446326
2850.0 105.74470142
2860.0 106.115959385
2870.0 106.487220262
2880.0 106.858484095
2890.0 107.229750923
2900.0 107.601020791
2910.0 107.972293739
2920.0 108.343569811
2930.0 108.71484905
2940.0 109.086131498
2950.0 109.4574172
2960.0 109.8287062
2970.0 110.19999854
2980.0 110.571294266
2990.0 110.942593422
3000.0 111.313896052
3010.0 111.685202202
3020.0 112.056511916
3030.0 112.427825241
3040.0 112.799142221
3050.0 113.170462903
3060.0 113.541787332
3070.0 113.913115554
3080.0 114.284447616
3090.0 114.655783563
3100.0 115.027123444
3110.0 115.398467304
3120.0 115.769815191
3130.0 116.14116715
3140.0 116.512523231
3150.0 116.883883479
3160.0 117.255247942
3170.0 117.626616668
3180.0 117.997989704
3190.0 118.369367097
3200.0 118.740748896
3210.0 119.112135149
3220.0 119.483525902
3230.0 119.854921204
3240.0 120.226321102
3250.0 120.597725645
3260.0 120.96913488
3270.0 121.340548856
3280.0 121.711967619
3290.0 122.083391219
3300.0 122.454819702
3310.0 122.826253116
3320.0 123.19769151
3330.0 123.56913493
3340.0 123.940583424
3350.0 124.31203704
3360.0 124.683495824
3370.0 125.054959825
3380.0 125.426429088
3390.0 125.797903662
3400.0 126.169383593
3410.0 126.540868926
3420.0 126.91235971
3430.0 127.283855989
3440.0 127.65535781
3450.0 128.026865219
3460.0 128.398378261
3470.0 128.769896982
3480.0 129.141421426
3490.0 129.512951638
3500.0 129.884487663
3510.0 130.256029544
3520.0 130.627577327
3530.0 130.999131053
3540.0 131.370690767
3550.0 131.742256511
3560.0 132.113828328
3570.0 132.485406259
3580.0 132.856990347
3590.0 133.228580633
3600.0 133.600177156
3610.0 133.971779959
3620.0 134.34338908
3630.0 134.71500456
3640.0 135.086626436
3650.0 135.458254749
3660.0 135.829889535
3670.0 136.201530832
3680.0 136.573178678
3690.0 136.944833107
3700.0 137.316494157
3710.0 137.688161863
3720.0 138.059836258
3730.0 138.431517378
3740.0 138.803205255
3750.0 139.174899922
3760.0 139.546601412
3770.0 139.918309756
3780.0 140.290024984
3790.0 140.661747127
3800.0 141.033476214
3810.0 141.405212274
3820.0 141.776955335
3830.0 142.148705424
3840.0 142.520462568
3850.0 142.892226791
3860.0 143.26399812
3870.0 143.635776578
3880.0 144.007562189
3890.0 144.379354974
3900.0 144.751154956
3910.0 145.122962156
3920.0 145.494776593
3930.0 145.866598287
3940.0 146.238427255
3950.0 146.610263516
3960.0 146.982107085
3970.0 147.353957978
3980.0 147.72581621
3990.0 148.097681795
4000.0 148.469554744
4010.0 148.841435071
4020.0 149.213322785
4030.0 149.585217897
4040.0 149.957120415
4050.0 150.329030347
4060.0 150.700947701
4070.0 151.072872481
4080.0 151.444804694
4090.0 151.816744342
4100.0 152.188691428
4110.0 152.560645954
4120.0 152.932607922
4130.0 153.304577329
4140.0 153.676554176
4150.0 154.048538458
4160.0 154.420530174
4170.0 154.792529318
4180.0 155.164535884
4190.0 155.536549865
4200.0 155.908571254
4210.0 156.280600041
4220.0 156.652636217
4230.0 157.024679769
4240.0 157.396730685
4250.0 157.768788952
4260.0 158.140854555
4270.0 158.512927479
4280.0 158.885007705
4290.0 159.257095217
4300.0 159.629189995
4310.0 160.001292018
4320.0 160.373401265
4330.0 160.745517713
4340.0 161.117641339
4350.0 161.489772117
4360.0 161.861910021
4370.0 162.234055025
4380.0 162.606207099
4390.0 162.978366214
4400.0 163.350532339
4410.0 163.722705443
4420.0 164.094885492
4430.0 164.467072453
4440.0 164.83926629
4450.0 165.211466967
4460.0 165.583674446
4470.0 165.955888688
4480.0 166.328109654
4490.0 166.700337303
4500.0 167.072571593
4510.0 167.444812481
4520.0 167.817059922
4530.0 168.189313872
4540.0 168.561574283
4550.0 168.933841109
4560.0 169.306114301
4570.0 169.678393809
4580.0 170.050679583
4590.0 170.42297157
4600.0 170.795269719
4610.0 171.167573975
4620.0 171.539884284
4630.0 171.912200589
4640.0 172.284522834
4650.0 172.656850961
4660.0 173.029184911
4670.0 173.401524625
4680.0 173.773870041
4690.0 174.146221098
4700.0 174.518577733
4710.0 174.890939883
4720.0 175.263307483
4730.0 175.635680469
4740.0 176.008058772
4750.0 176.380442327
4760.0 176.752831066
4770.0 177.125224919
4780.0 177.497623818
4790.0 177.870027691
4800.0 178.242436467
4810.0 178.614850074
4820.0 178.98726844
4830.0 179.359691491
4840.0 179.732119153
4850.0 180.10455135
4860.0 180.476988007
4870.0 180.849429049
4880.0 181.221874397
4890.0 181.594323964
4900.0 181.966777687
4910.0 182.339235479
4920.0 182.71169726
4930.0 183.08416295
4940.0 183.456632469
4950.0 183.829105734
4960.0 184.201582665
4970.0 184.574063178
4980.0 184.946547191
4990.0 185.31903462
5000.0 185.691525381
5010.0 186.064019391
5020.0 186.436516565
5030.0 186.809016816
5040.0 187.181520061
5050.0 187.554026212
5060.0 187.926535184
5070.0 188.299046889
5080.0 188.671561242
5090.0 189.044078155
5100.0 189.41659754
5110.0 189.78911931
5120.0 190.161643377
5130.0 190.534169652
5140.0 190.906698049
5150.0 191.279228477
5160.0 191.651760849
5170.0 192.024295075
5180.0 192.396831067
5190.0 192.769368737
5200.0 193.141907994
5210.0 193.514448751
5220.0 193.886990918
5230.0 194.259534406
5240.0 194.632079127
5250.0 195.00462499
5260.0 195.377171909
5270.0 195.749719792
5280.0 196.122268553
5290.0 196.494818103
5300.0 196.867368353
5310.0 197.239919214
5320.0 197.6124706
5330.0 197.985022422
5340.0 198.357574592
5350.0 198.730127023
5360.0 199.102679629
5370.0 199.475232322
5380.0 199.847785016
5390.0 200.220337624
5400.0 200.592890062
5410.0 200.965442243
5420.0 201.337994082
5430.0 201.710545495
5440.0 202.083096397
5450.0 202.455646705
5460.0 202.828196336
5470.0 203.200745205
5480.0 203.573293232
5490.0 203.945840333
5500.0 204.318386428
5510.0 204.690931436
5520.0 205.063475276
5530.0 205.436017869
5540.0 205.808559136
5550.0 206.181098998
5560.0 206.553637377
5570.0 206.926174195
5580.0 207.298709377
5590.0 207.671242846
5600.0 208.043774527
5610.0 208.416304345
5620.0 208.788832227
5630.0 209.161358099
5640.0 209.533881889
5650.0 209.906403525
5660.0 210.278922936
5670.0 210.651440052
5680.0 211.023954803
5690.0 211.396467121
5700.0 211.768976939
5710.0 212.141484189
5720.0 212.513988805
5730.0 212.886490721
5740.0 213.258989874
5750.0 213.6314862
5760.0 214.003979635
5770.0 214.376470119
5780.0 214.74895759
5790.0 215.121441988
5800.0 215.493923254
5810.0 215.866401329
5820.0 216.238876157