0.0 0.0
120.0 4.51690378735
120.625 4.53945820169
121.25 4.562021369
122.5 4.60717327319
123.75 4.65235816598
125.0 4.69757478179
126.25 4.7428219193
127.5 4.78809843759
128.75 4.8334032525
130.0 4.87873533329
131.25 4.92409369953
132.5 4.96947741816
133.75 5.01488560076
135.0 5.06031740102
136.25 5.10577201232
137.5 5.15124866555
138.75 5.19674662698
140.0 5.24226519631
141.25 5.28780370489
142.5 5.33336151392
143.75 5.37893801289
145.0 5.42453261807
146.25 5.47014477108
147.5 5.51577393752
148.75 5.56141960579
150.0 5.60708128583
151.25 5.65275850809
152.5 5.6984508224
153.75 5.74415779707
155.0 5.78987901789
156.25 5.8356140873
157.5 5.88136262355
158.75 5.92712425994
160.0 5.97289864407
161.25 6.01868543713
162.5 6.06448431328
165.0 6.1561170726
167.5 6.24779455173
170.0 6.33951455142
172.5 6.43127502801
175.0 6.52307407961
177.5 6.61490993364
180.0 6.70678093562
182.5 6.79868553914
185.0 6.89062229673
187.5 6.98258985169
190.0 7.07458693064
192.5 7.16661233683
195.0 7.25866494406
197.5 7.35074369115
200.0 7.44284757692
202.5 7.53497565565
205.0 7.62712703293
207.5 7.71930086187
210.0 7.81149633964
212.5 7.90371270438
215.0 7.99594923224
217.5 8.0882052348
220.0 8.18048005667
222.5 8.27277307323
225.0 8.36508368863
230.0 8.54975546538
235.0 8.73449112834
240.0 8.91928677437
245.0 9.10413881441
250.0 9.28904393819
255.0 9.4739990839
260.0 9.65900141223
265.0 9.84404828386
270.0 10.02913724
275.0 10.2142659855
280.0 10.3994323737
285.0 10.5846343942
290.0 10.7698701604
295.0 10.9551379003
300.0 11.140435947
305.0 11.3257627307
310.0 11.5111167721
315.0 11.696496675
320.0 11.8819011216
330.0 12.2527787315
340.0 12.6237404271
350.0 12.9947779889
360.0 13.3658840409
370.0 13.7370519545
380.0 14.1082757671
390.0 14.4795501102
400.0 14.8508701478
410.0 15.222231521
420.0 15.5936303
430.0 15.9650629407
440.0 16.3365262463
450.0 16.7080173326
460.0 17.0795335975
470.0 17.451072693
480.0 17.8226325
490.0 18.1942111061
500.0 18.565806785
510.0 18.9374179786
520.0 19.3090432798
530.0 19.6806814183
540.0 20.0523312466
550.0 20.4239917282
560.0 20.7956619265
570.0 21.1673409949
580.0 21.539028168
590.0 21.9107227536
600.0 22.2824241251
610.0 22.6541317156
620.0 23.0258450114
630.0 23.3975635472
640.0 23.7692869009
650.0 24.1410146898
660.0 24.5127465664
670.0 24.8844822149
680.0 25.2562213483
690.0 25.6279637055
700.0 25.9997090488
710.0 26.3714571613
720.0 26.7432078456
730.0 27.1149609211
740.0 27.4867162229
750.0 27.8584736002
760.0 28.2302329149
770.0 28.6019940404
780.0 28.9737568605
790.0 29.3455212685
800.0 29.7172871662
810.0 30.0890544635
820.0 30.460823077
830.0 30.8325929299
840.0 31.2043639512
850.0 31.5761360755
860.0 31.947909242
870.0 32.3196833944
880.0 32.6914584805
890.0 33.0632344519
900.0 33.4350112634
910.0 33.8067888732
920.0 34.1785672421
930.0 34.5503463337
940.0 34.922126114
950.0 35.2939065513
960.0 35.6656876158
970.0 36.0374692798
980.0 36.4092515172
990.0 36.7810343036
1000.0 37.1528176161
1010.0 37.5246014333
1020.0 37.8963857351
1030.0 38.2681705024
1040.0 38.6399557175
1050.0 39.0117413637
1060.0 39.3835274253
1070.0 39.7553138873
1080.0 40.127100736
1090.0 40.4988879582
1100.0 40.8706755416
1110.0 41.2424634745
1120.0 41.6142517462
1130.0 41.9860403463
1140.0 42.3578292651
1150.0 42.7296184937
1160.0 43.1014080234
1170.0 43.4731978464
1180.0 43.8449879551
1190.0 44.2167783426
1200.0 44.5885690023
1210.0 44.960359928
1220.0 45.3321511141
1230.0 45.7039425552
1240.0 46.0757342465
1250.0 46.4475261833
1260.0 46.8193183616
1270.0 47.1911107774
1280.0 47.5629034272
1290.0 47.9346963077
1300.0 48.3064894161
1310.0 48.6782827498
1320.0 49.0500763065
1330.0 49.421870084
1340.0 49.7936640806
1350.0 50.1654582949
1360.0 50.5372527255
1370.0 50.9090473715
1380.0 51.2808422322
1390.0 51.6526373069
1400.0 52.0244325955
1410.0 52.3962280979
1420.0 52.7680238144
1430.0 53.1398197452
1440.0 53.5116158911
1450.0 53.8834122529
1460.0 54.2552088316
1470.0 54.6270056287
1480.0 54.9988026454
1490.0 55.3705998836
1500.0 55.7423973451
1510.0 56.1141950321
1520.0 56.4859929468
1530.0 56.8577910918
1540.0 57.2295894698
1550.0 57.6013880837
1560.0 57.9731869365
1570.0 58.3449860317
1580.0 58.7167853727
1590.0 59.0885849632
1600.0 59.4603848071
1610.0 59.8321849085
1620.0 60.2039852718
1630.0 60.5757859014
1640.0 60.9475868019
1650.0 61.3193879784
1660.0 61.6911894358
1670.0 62.0629911795
1680.0 62.434793215
1690.0 62.806595548
1700.0 63.1783981843
1710.0 63.55020113
1720.0 63.9220043916
1730.0 64.2938079754
1740.0 64.6656118882
1750.0 65.0374161369
1760.0 65.4092207288
1770.0 65.781025671
1780.0 66.1528309712
1790.0 66.5246366372
1800.0 66.896442677
1810.0 67.2682490988
1820.0 67.640055911
1830.0 68.0118631223
1840.0 68.3836707415
1850.0 68.7554787779
1860.0 69.1272872407
1870.0 69.4990961395
1880.0 69.8709054841
1890.0 70.2427152845
1900.0 70.6145255511
1910.0 70.9863362943
1920.0 71.3581475249
1930.0 71.7299592539
1940.0 72.1017714926
1950.0 72.4735842524
1960.0 72.8453975452
1970.0 73.2172113828
1980.0 73.5890257776
1990.0 73.960840742
2000.0 74.3326562889
2010.0 74.7044724313
2020.0 75.0762891825
2030.0 75.4481065561
2040.0 75.8199245658
2050.0 76.1917432259
2060.0 76.5635625507
2070.0 76.9353825549
2080.0 77.3072032534
2090.0 77.6790246615
2100.0 78.0508467947
2110.0 78.4226696687
2120.0 78.7944932998
2130.0 79.1663177042
2140.0 79.5381428987
2150.0 79.9099689002
2160.0 80.281795726
2170.0 80.6536233937
2180.0 81.0254519212
2190.0 81.3972813267
2200.0 81.7691116287
2210.0 82.140942846
2220.0 82.5127749977
2230.0 82.8846081033
2240.0 83.2564421826
2250.0 83.6282772556
2260.0 84.0001133427
2270.0 84.3719504647
2280.0 84.7437886426
2290.0 85.1156278979
2300.0 85.4874682522
2310.0 85.8593097275
2320.0 86.2311523464
2330.0 86.6029961315
2340.0 86.9748411058
2350.0 87.3466872928
2360.0 87.7185347163
2370.0 88.0903834002
2380.0 88.4622333691
2390.0 88.8340846476
2400.0 89.2059372611
2410.0 89.5777912348
2420.0 89.9496465946
2430.0 90.3215033668
2440.0 90.6933615778
2450.0 91.0652212546
2460.0 91.4370824242
2470.0 91.8089451145
2480.0 92.1808093533
2490.0 92.5526751688
2500.0 92.9245425898
2510.0 93.2964116454
2520.0 93.6682823648
2530.0 94.0401547777
2540.0 94.4120289144
2550.0 94.7839048053
2560.0 95.1557824811
2570.0 95.5276619731
2580.0 95.8995433128
2590.0 96.271426532
2600.0 96.643311663
2610.0 97.0151987385
2620.0 97.3870877914
2630.0 97.7589788549
2640.0 98.1308719629
2650.0 98.5027671492
2660.0 98.8746644484
2670.0 99.246563895
2680.0 99.6184655243
2690.0 99.9903693716
2700.0 100.362275473
2710.0 100.734183864
2720.0 101.106094581
2730.0 101.478007662
2740.0 101.849923143
2750.0 102.221841062
2760.0 102.593761457
2770.0 102.965684365
2780.0 103.337609826
2790.0 103.709537878
2800.0 104.08146856
2810.0 104.453401912
2820.0 104.825337973
2830.0 105.197276784
2840.0 105.569218385
2850.0 105.941162817
2860.0 106.31311012
2870.0 106.685060336
2880.0 107.057013506
2890.0 107.428969673
2900.0 107.800928879
2910.0 108.172891166
2920.0 108.544856576
2930.0 108.916825153
2940.0 109.28879694
2950.0 109.66077198
2960.0 110.032750317
2970.0 110.404731996
2980.0 110.77671706
2990.0 111.148705554
3000.0 111.520697523
3010.0 111.892693011
3020.0 112.264692064
3030.0 112.636694726
3040.0 113.008701045
3050.0 113.380711065
3060.0 113.752724832
3070.0 114.124742392
3080.0 114.496763792
3090.0 114.868789078
3100.0 115.240818297
3110.0 115.612851495
3120.0 115.98488872
3130.0 116.356930018
3140.0 116.728975437
3150.0 117.101025023
3160.0 117.473078824
3170.0 117.845136888
3180.0 118.217199263
3190.0 118.589265994
3200.0 118.961337132
3210.0 119.333412722
3220.0 119.705492813
3230.0 120.077577454
3240.0 120.44966669
3250.0 120.821760571
3260.0 121.193859145
3270.0 121.565962459
3280.0 121.93807056
3290.0 122.310183498
3300.0 122.682301319
3310.0 123.054424072
3320.0 123.426551804
3330.0 123.798684562
3340.0 124.170822394
3350.0 124.542965348
3360.0 124.915113471
3370.0 125.28726681
3380.0 125.659425412
3390.0 126.031589324
3400.0 126.403758593
3410.0 126.775933265
3420.0 127.148113386
3430.0 127.520299004
3440.0 127.892490163
3450.0 128.26468691
3460.0 128.636889291
3470.0 129.009097349
3480.0 129.381311131
3490.0 129.753530682
3500.0 130.125756045
3510.0 130.497987265
3520.0 130.870224385
3530.0 131.24246745
3540.0 131.614716502
3550.0 131.986971585
3560.0 132.35923274
3570.0 132.731500009
3580.0 133.103773435
3590.0 133.476053059
3600.0 133.848338921
3610.0 134.220631062
3620.0 134.592929521
3630.0 134.965234339
3640.0 135.337545554
3650.0 135.709863205
3660.0 136.082187329
3670.0 136.454517965
3680.0 136.826855148
3690.0 137.199198916
3700.0 137.571549304
3710.0 137.943906348
3720.0 138.316270082
3730.0 138.688640539
3740.0 139.061017755
3750.0 139.43340176
3760.0 139.805792588
3770.0 140.17819027
3780.0 140.550594837
3790.0 140.923006318
3800.0 141.295424744
3810.0 141.667850142
3820.0 142.040282541
3830.0 142.412721968
3840.0 142.78516845
3850.0 143.157622012
3860.0 143.530082679
3870.0 143.902550475
3880.0 144.275025424
3890.0 144.647507547
3900.0 145.019996868
3910.0 145.392493406
3920.0 145.764997181
3930.0 146.137508213
3940.0 146.51002652
3950.0 146.882552119
3960.0 147.255085026
3970.0 147.627625258
3980.0 148.000172828
3990.0 148.372727751
4000.0 148.745290038
4010.0 149.117859703
4020.0 149.490436756
4030.0 149.863021206
4040.0 150.235613062
4050.0 150.608212333
4060.0 150.980819024
4070.0 151.353433143
4080.0 151.726054694
4090.0 152.09868368
4100.0 152.471320104
4110.0 152.843963969
4120.0 153.216615274
4130.0 153.58927402
4140.0 153.961940205
4150.0 154.334613826
4160.0 154.70729488
4170.0 155.079983362
4180.0 155.452679266
4190.0 155.825382586
4200.0 156.198093313
4210.0 156.570811438
4220.0 156.943536952
4230.0 157.316269842
4240.0 157.689010097
4250.0 158.061757702
4260.0 158.434512644
4270.0 158.807274905
4280.0 159.18004447
4290.0 159.55282132
4300.0 159.925605436
4310.0 160.298396797
4320.0 160.671195383
4330.0 161.044001169
4340.0 161.416814133
4350.0 161.789634249
4360.0 162.162461492
4370.0 162.535295833
4380.0 162.908137246
4390.0 163.280985699
4400.0 163.653841163
4410.0 164.026703605
4420.0 164.399572992
4430.0 164.772449291
4440.0 165.145332467
4450.0 165.518222481
4460.0 165.891119299
4470.0 166.264022879
4480.0 166.636933184
4490.0 167.009850171
4500.0 167.382773799
4510.0 167.755704025
4520.0 168.128640804
4530.0 168.501584092
4540.0 168.874533842
4550.0 169.247490006
4560.0 169.620452536
4570.0 169.993421383
4580.0 170.366396495
4590.0 170.73937782
4600.0 171.112365307
4610.0 171.485358902
4620.0 171.858358548
4630.0 172.231364192
4640.0 172.604375775
4650.0 172.97739324
4660.0 173.350416529
4670.0 173.723445581
4680.0 174.096480335
4690.0 174.46952073
4700.0 174.842566704
4710.0 175.215618192
4720.0 175.588675131
4730.0 175.961737454
4740.0 176.334805096
4750.0 176.707877989
4760.0 177.080956066
4770.0 177.454039258
4780.0 177.827127494
4790.0 178.200220705
4800.0 178.57331882
4810.0 178.946421765
4820.0 179.31952947
4830.0 179.692641859
4840.0 180.065758859
4850.0 180.438880394
4860.0 180.81200639
4870.0 181.185136769
4880.0 181.558271456
4890.0 181.931410361
4900.0 182.304553422
4910.0 182.677700553
4920.0 183.050851672
4930.0 183.4240067
4940.0 183.797165557
4950.0 184.170328161
4960.0 184.543494429
4970.0 184.916664281
4980.0 185.289837632
4990.0 185.663014399
5000.0 186.036194499
5010.0 186.409377847
5020.0 186.782564359
5030.0 187.155753949
5040.0 187.528946531
5050.0 187.902142021
5060.0 188.275340331
5070.0 188.648541375
5080.0 189.021745066
5090.0 189.394951317
5100.0 189.76816004
5110.0 190.141371148
5120.0 190.514584553
5130.0 190.887800167
5140.0 191.261017902
5150.0 191.634237668
5160.0 192.007459378
5170.0 192.380682943
5180.0 192.753908273
5190.0 193.127135281
5200.0 193.500363877
5210.0 193.873593972
5220.0 194.246825477
5230.0 194.620058303
5240.0 194.993292362
5250.0 195.366527564
5260.0 195.73976382
5270.0 196.113001042
5280.0 196.486239142
5290.0 196.859478029
5300.0 197.232717617
5310.0 197.605957817
5320.0 197.979198541
5330.0 198.352439701
5340.0 198.725681209
5350.0 199.098922979
5360.0 199.472164923
5370.0 199.845406954
5380.0 200.218648986
5390.0 200.591890933
5400.0 200.965132709
5410.0 201.338374228
5420.0 201.711615405
5430.0 202.084856157
5440.0 202.458096397
5450.0 202.831336044
5460.0 203.204575012
5470.0 203.57781322
5480.0 203.951050585
5490.0 204.324287024
5500.0 204.697522458
5510.0 205.070756804
5520.0 205.443989982
5530.0 205.817221914
5540.0 206.190452518
5550.0 206.563681718
5560.0 206.936909435
5570.0 207.310135592
5580.0 207.683360112
5590.0 208.05658292
5600.0 208.429803939
5610.0 208.803023095
5620.0 209.176240315
5630.0 209.549455526
5640.0 209.922668654
5650.0 210.295879628
5660.0 210.669088377
5670.0 211.042294831
5680.0 211.415498921
5690.0 211.788700577
5700.0 212.161899733
5710.0 212.535096321
5720.0 212.908290275
5730.0 213.28148153
5740.0 213.654670021
5750.0 214.027855685
5760.0 214.401038459
5770.0 214.774218281
5780.0 215.14739509
5790.0 215.520568826
5800.0 215.89373943
5810.0 216.266906844
5820.0 216.64007101