0.0 0.0
120.0 4.51065378735
120.625 4.53317564961
121.25 4.55570626483
122.5 4.60079306486
123.75 4.64591285348
125.0 4.69106436512
126.25 4.73624639847
127.5 4.78145781259
128.75 4.82669752333
130.0 4.87196449995
131.25 4.91725776203
132.5 4.96257637649
133.75 5.00791945493
135.0 5.05328615102
136.25 5.09867565815
137.5 5.14408720722
138.75 5.18952006448
140.0 5.23497352965
141.25 5.28044693406
142.5 5.32593963892
143.75 5.37145103372
145.0 5.41698053474
146.25 5.46252758358
147.5 5.50809164585
148.75 5.55367220995
150.0 5.59926878583
151.25 5.64488090392
152.5 5.69050811407
153.75 5.73614998457
155.0 5.78180610122
156.25 5.82747606646
157.5 5.87315949855
158.75 5.91885603078
160.0 5.96456531074
161.25 6.01028699963
162.5 6.05602077162
165.0 6.1475233226
167.5 6.2390705934
170.0 6.33066038475
172.5 6.42229065301
175.0 6.51395949628
177.5 6.60566514197
180.0 6.69740593562
182.5 6.78918033081
185.0 6.88098688007
187.5 6.97282422669
190.0 7.0646910973
192.5 7.15658629516
195.0 7.24850869406
197.5 7.34045723282
200.0 7.43243091025
202.5 7.52442878065
205.0 7.6164499496
207.5 7.7084935702
210.0 7.80055883964
212.5 7.89264499604
215.0 7.98475131557
217.5 8.0768771098
220.0 8.16902172334
222.5 8.26118453156
225.0 8.35336493863
230.0 8.53777629871
235.0 8.722251545
240.0 8.90678677437
245.0 9.09137839775
250.0 9.27602310486
255.0 9.4607178339
260.0 9.64545974556
265.0 9.83024620053
270.0 10.01507474
275.0 10.1999430688
280.0 10.3848490404
285.0 10.5697906442
290.0 10.7547659937
295.0 10.939773317
300.0 11.124810947
305.0 11.3098773141
310.0 11.4949709387
315.0 11.680090425
320.0 11.8652344549
330.0 12.2355912315
340.0 12.6060320938
350.0 12.9765488223
360.0 13.3471340409
370.0 13.7177811212
380.0 14.0884841004
390.0 14.4592376102
400.0 14.8300368144
410.0 15.2008773543
420.0 15.5717553
430.0 15.9426671074
440.0 16.3136095796
450.0 16.6845798326
460.0 17.0555752642
470.0 17.4265935263
480.0 17.7976325
490.0 18.1686902727
500.0 18.5397651184
510.0 18.9108554786
520.0 19.2819599465
530.0 19.6530772516
540.0 20.0242062466
550.0 20.3953458948
560.0 20.7664952598
570.0 21.1376534949
580.0 21.5088198347
590.0 21.8799935869
600.0 22.2511741251
610.0 22.6223608823
620.0 22.9935533447
630.0 23.3647510472
640.0 23.7359535676
650.0 24.1071605231
660.0 24.4783715664
670.0 24.8495863815
680.0 25.2208046816
690.0 25.5920262055
700.0 25.9632507154
710.0 26.3344779947
720.0 26.7057078456
730.0 27.0769400878
740.0 27.4481745563
750.0 27.8194111002
760.0 28.1906495816
770.0 28.5618898737
780.0 28.9331318605
790.0 29.3043754351
800.0 29.6756204996
810.0 30.0468669635
820.0 30.4181147436
830.0 30.7893637632
840.0 31.1606139512
850.0 31.5318652422
860.0 31.9031175753
870.0 32.2743708944
880.0 32.6456251472
890.0 33.0168802852
900.0 33.3881362634
910.0 33.7593930398
920.0 34.1306505754
930.0 34.5019088337
940.0 34.8731677807
950.0 35.2444273847
960.0 35.6156876158
970.0 35.9869484465
980.0 36.3582098505
990.0 36.7294718036
1000.0 37.1007342828
1010.0 37.4719972667
1020.0 37.8432607351
1030.0 38.2145246691
1040.0 38.5857890509
1050.0 38.9570538637
1060.0 39.3283190919
1070.0 39.6995847207
1080.0 40.070850736
1090.0 40.4421171249
1100.0 40.8133838749
1110.0 41.1846509745
1120.0 41.5559184129
1130.0 41.9271861796
1140.0 42.2984542651
1150.0 42.6697226603
1160.0 43.0409913568
1170.0 43.4122603464
1180.0 43.7835296218
1190.0 44.1547991759
1200.0 44.5260690023
1210.0 44.8973390946
1220.0 45.2686094474
1230.0 45.6398800552
1240.0 46.0111509131
1250.0 46.3824220167
1260.0 46.7536933616
1270.0 47.1249649441
1280.0 47.4962367605
1290.0 47.8675088077
1300.0 48.2387810828
1310.0 48.6100535832
1320.0 48.9813263065
1330.0 49.3525992506
1340.0 49.723872414
1350.0 50.0951457949
1360.0 50.4664193922
1370.0 50.8376932048
1380.0 51.2089672322
1390.0 51.5802414736
1400.0 51.9515159288
1410.0 52.3227905979
1420.0 52.694065481
1430.0 53.0653405785
1440.0 53.4366158911
1450.0 53.8078914195
1460.0 54.179167165
1470.0 54.5504431287
1480.0 54.9217193121
1490.0 55.2929957169
1500.0 55.6642723451
1510.0 56.0355491988
1520.0 56.4068262802
1530.0 56.7781035918
1540.0 57.1493811365
1550.0 57.520658917
1560.0 57.8919369365
1570.0 58.2632151984
1580.0 58.634493706
1590.0 59.0057724632
1600.0 59.3770514738
1610.0 59.7483307419
1620.0 60.1196102718
1630.0 60.490890068
1640.0 60.8621701353
1650.0 61.2334504784
1660.0 61.6047311025
1670.0 61.9760120129
1680.0 62.347293215
1690.0 62.7185747146
1700.0 63.0898565176
1710.0 63.46113863
1720.0 63.8324210582
1730.0 64.2037038087
1740.0 64.5749868882
1750.0 64.9462703036
1760.0 65.3175540621
1770.0 65.688838171
1780.0 66.0601226379
1790.0 66.4314074706
1800.0 66.802692677
1810.0 67.1739782655
1820.0 67.5452642443
1830.0 67.9165506223
1840.0 68.2878374082
1850.0 68.6591246112
1860.0 69.0304122407
1870.0 69.4017003061
1880.0 69.7729888174
1890.0 70.1442777845
1900.0 70.5155672177
1910.0 70.8868571276
1920.0 71.2581475249
1930.0 71.6294384206
1940.0 72.0007298259
1950.0 72.3720217524
1960.0 72.7433142118
1970.0 73.1146072161
1980.0 73.4859007776
1990.0 73.8571949087
2000.0 74.2284896223
2010.0 74.5997849313
2020.0 74.9710808492
2030.0 75.3423773894
2040.0 75.7136745658
2050.0 76.0849723926
2060.0 76.456270884
2070.0 76.8275700549
2080.0 77.1988699201
2090.0 77.5701704948
2100.0 77.9414717947
2110.0 78.3127738354
2120.0 78.6840766331
2130.0 79.0553802042
2140.0 79.4266845653
2150.0 79.7979897335
2160.0 80.169295726
2170.0 80.5406025604
2180.0 80.9119102546
2190.0 81.2832188267
2200.0 81.6545282954
2210.0 82.0258386793
2220.0 82.3971499977
2230.0 82.76846227
2240.0 83.1397755159
2250.0 83.5110897556
2260.0 83.8824050094
2270.0 84.253721298
2280.0 84.6250386426
2290.0 84.9963570645
2300.0 85.3676765855
2310.0 85.7389972275
2320.0 86.1103190131
2330.0 86.4816419648
2340.0 86.8529661058
2350.0 87.2242914595
2360.0 87.5956180496
2370.0 87.9669459002
2380.0 88.3382750357
2390.0 88.709605481
2400.0 89.0809372611
2410.0 89.4522704014
2420.0 89.823604928
2430.0 90.1949408668
2440.0 90.5662782445
2450.0 90.9376170879
2460.0 91.3089574242
2470.0 91.6802992812
2480.0 92.0516426866
2490.0 92.4229876688
2500.0 92.7943342565
2510.0 93.1656824787
2520.0 93.5370323648
2530.0 93.9083839444
2540.0 94.2797372478
2550.0 94.6510923053
2560.0 95.0224491478
2570.0 95.3938078064
2580.0 95.7651683128
2590.0 96.1365306987
2600.0 96.5078949964
2610.0 96.8792612385
2620.0 97.250629458
2630.0 97.6219996883
2640.0 97.9933719629
2650.0 98.3647463159
2660.0 98.7361227817
2670.0 99.107501395
2680.0 99.478882191
2690.0 99.850265205
2700.0 100.221650473
2710.0 100.593038031
2720.0 100.964427915
2730.0 101.335820162
2740.0 101.70721481
2750.0 102.078611895
2760.0 102.450011457
2770.0 102.821413532
2780.0 103.192818159
2790.0 103.564225378
2800.0 103.935635227
2810.0 104.307047745
2820.0 104.678462973
2830.0 105.049880951
2840.0 105.421301719
2850.0 105.792725317
2860.0 106.164151787
2870.0 106.535581169
2880.0 106.907013506
2890.0 107.27844884
2900.0 107.649887212
2910.0 108.021328666
2920.0 108.392773242
2930.0 108.764220986
2940.0 109.13567194
2950.0 109.507126146
2960.0 109.878583651
2970.0 110.250044496
2980.0 110.621508727
2990.0 110.992976387
3000.0 111.364447523
3010.0 111.735922177
3020.0 112.107400397
3030.0 112.478882226
3040.0 112.850367711
3050.0 113.221856898
3060.0 113.593349832
3070.0 113.964846559
3080.0 114.336347125
3090.0 114.707851578
3100.0 115.079359964
3110.0 115.450872329
3120.0 115.82238872
3130.0 116.193909185
3140.0 116.56543377
3150.0 116.936962523
3160.0 117.308495491
3170.0 117.680032722
3180.0 118.051574263
3190.0 118.423120161
3200.0 118.794670465
3210.0 119.166225222
3220.0 119.53778448
3230.0 119.909348287
3240.0 120.28091669
3250.0 120.652489738
3260.0 121.024067478
3270.0 121.395649959
3280.0 121.767237227
3290.0 122.138829331
3300.0 122.510426319
3310.0 122.882028239
3320.0 123.253635137
3330.0 123.625247062
3340.0 123.996864061
3350.0 124.368486182
3360.0 124.740113471
3370.0 125.111745977
3380.0 125.483383745
3390.0 125.855026824
3400.0 126.226675259
3410.0 126.598329098
3420.0 126.969988386
3430.0 127.34165317
3440.0 127.713323497
3450.0 128.08499941
3460.0 128.456680957
3470.0 128.828368183
3480.0 129.200061131
3490.0 129.571759849
3500.0 129.943464378
3510.0 130.315174765
3520.0 130.686891052
3530.0 131.058613284
3540.0 131.430341502
3550.0 131.802075751
3560.0 132.173816073
3570.0 132.545562509
3580.0 132.917315102
3590.0 133.289073892
3600.0 133.660838921
3610.0 134.032610228
3620.0 134.404387855
3630.0 134.776171839
3640.0 135.147962221
3650.0 135.519759038
3660.0 135.891562329
3670.0 136.263372131
3680.0 136.635188481
3690.0 137.007011416
3700.0 137.378840971
3710.0 137.750677181
3720.0 138.122520082
3730.0 138.494369706
3740.0 138.866226088
3750.0 139.23808926
3760.0 139.609959255
3770.0 139.981836104
3780.0 140.353719837
3790.0 140.725610485
3800.0 141.097508077
3810.0 141.469412642
3820.0 141.841324208
3830.0 142.213242802
3840.0 142.58516845
3850.0 142.957101179
3860.0 143.329041012
3870.0 143.700987975
3880.0 144.07294209
3890.0 144.444903381
3900.0 144.816871868
3910.0 145.188847572
3920.0 145.560830514
3930.0 145.932820713
3940.0 146.304818186
3950.0 146.676822952
3960.0 147.048835026
3970.0 147.420854424
3980.0 147.792881161
3990.0 148.164915251
4000.0 148.536956705
4010.0 148.909005537
4020.0 149.281061756
4030.0 149.653125372
4040.0 150.025196395
4050.0 150.397274833
4060.0 150.769360691
4070.0 151.141453976
4080.0 151.513554694
4090.0 151.885662847
4100.0 152.257778438
4110.0 152.629901469
4120.0 153.002031941
4130.0 153.374169854
4140.0 153.746315205
4150.0 154.118467993
4160.0 154.490628213
4170.0 154.862795862
4180.0 155.234970933
4190.0 155.607153419
4200.0 155.979343313
4210.0 156.351540605
4220.0 156.723745285
4230.0 157.095957342
4240.0 157.468176764
4250.0 157.840403536
4260.0 158.212637644
4270.0 158.584879072
4280.0 158.957127804
4290.0 159.32938382
4300.0 159.701647103
4310.0 160.073917631
4320.0 160.446195383
4330.0 160.818480336
4340.0 161.190772466
4350.0 161.563071749
4360.0 161.935378159
4370.0 162.307691667
4380.0 162.680012246
4390.0 163.052339866
4400.0 163.424674496
4410.0 163.797016105
4420.0 164.169364659
4430.0 164.541720125
4440.0 164.914082467
4450.0 165.286451648
4460.0 165.658827632
4470.0 166.031210379
4480.0 166.40359985
4490.0 166.775996004
4500.0 167.148398799
4510.0 167.520808192
4520.0 167.893224138
4530.0 168.265646592
4540.0 168.638075509
4550.0 169.01051084
4560.0 169.382952536
4570.0 169.755400549
4580.0 170.127854828
4590.0 170.50031532
4600.0 170.872781974
4610.0 171.245254735
4620.0 171.617733548
4630.0 171.990218359
4640.0 172.362709108
4650.0 172.73520574
4660.0 173.107708195
4670.0 173.480216414
4680.0 173.852730335
4690.0 174.225249897
4700.0 174.597775037
4710.0 174.970305692
4720.0 175.342841797
4730.0 175.715383287
4740.0 176.087930096
4750.0 176.460482156
4760.0 176.833039399
4770.0 177.205601758
4780.0 177.578169161
4790.0 177.950741539
4800.0 178.32331882
4810.0 178.695900932
4820.0 179.068487803
4830.0 179.441079359
4840.0 179.813675525
4850.0 180.186276227
4860.0 180.55888139
4870.0 180.931490936
4880.0 181.304104789
4890.0 181.676722861
4900.0 182.049345089
4910.0 182.421971386
4920.0 182.794601672
4930.0 183.167235867
4940.0 183.53987389
4950.0 183.912515661
4960.0 184.285161096
4970.0 184.657810114
4980.0 185.030462632
4990.0 185.403118566
5000.0 185.775777832
5010.0 186.148440347
5020.0 186.521106025
5030.0 186.893774782
5040.0 187.266446531
5050.0 187.639121187
5060.0 188.011798664
5070.0 188.384478875
5080.0 188.757161732
5090.0 189.12984715
5100.0 189.50253504
5110.0 189.875225315
5120.0 190.247917887
5130.0 190.620612667
5140.0 190.993309568
5150.0 191.366008501
5160.0 191.738709378
5170.0 192.111412109
5180.0 192.484116607
5190.0 192.856822781
5200.0 193.229530543
5210.0 193.602239805
5220.0 193.974950477
5230.0 194.34766247
5240.0 194.720375695
5250.0 195.093090064
5260.0 195.465805487
5270.0 195.838521876
5280.0 196.211239142
5290.0 196.583957196
5300.0 196.956675951
5310.0 197.329395317
5320.0 197.702115208
5330.0 198.074835534
5340.0 198.447556209
5350.0 198.820277146
5360.0 199.192998256
5370.0 199.565719454
5380.0 199.938440653
5390.0 200.311161766
5400.0 200.683882709
5410.0 201.056603395
5420.0 201.429323739
5430.0 201.802043657
5440.0 202.174763064
5450.0 202.547481877
5460.0 202.920200012
5470.0 203.292917386
5480.0 203.665633918
5490.0 204.038349524
5500.0 204.411064124
5510.0 204.783777637
5520.0 205.156489982
5530.0 205.52920108
5540.0 205.901910852
5550.0 206.274619218
5560.0 206.647326102
5570.0 207.020031426
5580.0 207.392735112
5590.0 207.765437086
5600.0 208.138137272
5610.0 208.510835595
5620.0 208.883531982
5630.0 209.256226359
5640.0 209.628918654
5650.0 210.001608794
5660.0 210.37429671
5670.0 210.746982331
5680.0 211.119665587
5690.0 211.492346411
5700.0 211.865024733
5710.0 212.237700488
5720.0 212.610373609
5730.0 212.98304403
5740.0 213.355711688
5750.0 213.728376518
5760.0 214.101038459
5770.0 214.473697447
5780.0 214.846353423
5790.0 215.219006326
5800.0 215.591656097
5810.0 215.964302677
5820.0 216.33694601