0.0 0.0
120.0 4.51028614029
120.625 4.53280608772
121.25 4.55533478811
122.5 4.60041775849
123.75 4.64553371745
125.0 4.69068139943
126.25 4.73585960313
127.5 4.78106718759
128.75 4.82630306867
130.0 4.87156621564
131.25 4.91685564806
132.5 4.96217043286
133.75 5.00750968164
135.0 5.05287254808
136.25 5.09825822556
137.5 5.14366594496
138.75 5.18909497256
140.0 5.23454460808
141.25 5.28001418283
142.5 5.32550305803
143.75 5.37101062318
145.0 5.41653629454
146.25 5.46207951372
147.5 5.50763974634
148.75 5.55321648079
150.0 5.59880922701
151.25 5.64441751544
152.5 5.69004089593
153.75 5.73567893678
155.0 5.78133122377
156.25 5.82699735935
157.5 5.87267696179
158.75 5.91836966436
160.0 5.96407511466
161.25 6.00979297389
162.5 6.05552291622
165.0 6.14701780789
167.5 6.23855741938
170.0 6.33013955142
172.5 6.42176216036
175.0 6.51342334432
177.5 6.6051213307
180.0 6.69685446504
182.5 6.78862120091
185.0 6.88042009085
187.5 6.97224977816
190.0 7.06410898946
192.5 7.155996528
195.0 7.24791126759
197.5 7.33985214703
200.0 7.43181816515
202.5 7.52380837624
205.0 7.61582188587
207.5 7.70785784716
210.0 7.79991545729
212.5 7.89199395438
215.0 7.98409261459
217.5 8.07621074951
220.0 8.16834770373
222.5 8.26050285264
225.0 8.35267560039
230.0 8.53707164185
235.0 8.72153156951
240.0 8.90605148025
245.0 9.090627785
250.0 9.27525717348
255.0 9.4599365839
260.0 9.64466317694
265.0 9.82943431328
270.0 10.0142475341
275.0 10.1991005443
280.0 10.3839911973
285.0 10.5689174824
290.0 10.7538775133
295.0 10.9388695179
300.0 11.1238918293
305.0 11.3089428778
310.0 11.4940211838
315.0 11.6791253515
320.0 11.8642540628
330.0 12.2345802021
340.0 12.6049904271
350.0 12.9754765183
360.0 13.3460310997
370.0 13.7166475428
380.0 14.0873198847
390.0 14.4580427573
400.0 14.8288113242
410.0 15.1996212269
420.0 15.5704685353
430.0 15.9413497054
440.0 16.3122615404
450.0 16.6832011561
460.0 17.0541659505
470.0 17.4251535753
480.0 17.7961619117
490.0 18.1671890472
500.0 18.5382332556
510.0 18.9092929786
520.0 19.2803668092
530.0 19.6514534771
540.0 20.0225518348
550.0 20.3936608458
560.0 20.7647795735
570.0 21.1359071714
580.0 21.5070428739
590.0 21.8781859889
600.0 22.2493358898
610.0 22.6204920097
620.0 22.9916538349
630.0 23.3628209001
640.0 23.7339927832
650.0 24.1051691016
660.0 24.4763495075
670.0 24.8475336854
680.0 25.2187213483
690.0 25.5899122349
700.0 25.9611061076
710.0 26.3323027496
720.0 26.7035019632
730.0 27.0747035682
740.0 27.4459073994
750.0 27.8171133061
760.0 28.1883211502
770.0 28.5595308051
780.0 28.9307421546
790.0 29.301955092
800.0 29.6731695192
810.0 30.0443853458
820.0 30.4156024887
830.0 30.786820871
840.0 31.1580404218
850.0 31.5292610755
860.0 31.9004827714
870.0 32.2717054532
880.0 32.6429290688
890.0 33.0141535695
900.0 33.3853789105
910.0 33.7566050496
920.0 34.127831948
930.0 34.499059569
940.0 34.8702878787
950.0 35.2415168454
960.0 35.6127464394
970.0 35.9839766327
980.0 36.3552073995
990.0 36.7264387153
1000.0 37.0976705573
1010.0 37.4689029039
1020.0 37.8401357351
1030.0 38.2113690318
1040.0 38.5826027764
1050.0 38.953836952
1060.0 39.3250715429
1070.0 39.6963065344
1080.0 40.0675419125
1090.0 40.4387776641
1100.0 40.8100137769
1110.0 41.1812502393
1120.0 41.5524870403
1130.0 41.9237241698
1140.0 42.294961618
1150.0 42.666199376
1160.0 43.0374374352
1170.0 43.4086757876
1180.0 43.7799144257
1190.0 44.1511533426
1200.0 44.5223925317
1210.0 44.8936319868
1220.0 45.2648717023
1230.0 45.6361116728
1240.0 46.0073518935
1250.0 46.3785923598
1260.0 46.7498330675
1270.0 47.1210740127
1280.0 47.4923151919
1290.0 47.8635566018
1300.0 48.2347982397
1310.0 48.6060401028
1320.0 48.9772821888
1330.0 49.3485244957
1340.0 49.7197670218
1350.0 50.0910097655
1360.0 50.4622527255
1370.0 50.8334959009
1380.0 51.204739291
1390.0 51.5759828951
1400.0 51.9472267132
1410.0 52.318470745
1420.0 52.6897149908
1430.0 53.0609594511
1440.0 53.4322041264
1450.0 53.8034490176
1460.0 54.1746941258
1470.0 54.5459394522
1480.0 54.9171849983
1490.0 55.288430766
1500.0 55.6596767569
1510.0 56.0309229733
1520.0 56.4021694174
1530.0 56.7734160918
1540.0 57.1446629992
1550.0 57.5159101425
1560.0 57.8871575248
1570.0 58.2584051493
1580.0 58.6296530197
1590.0 59.0009011397
1600.0 59.372149513
1610.0 59.7433981438
1620.0 60.1146470365
1630.0 60.4858961955
1640.0 60.8571456254
1650.0 61.2283953313
1660.0 61.5996453182
1670.0 61.9708955913
1680.0 62.3421461562
1690.0 62.7133970186
1700.0 63.0846481843
1710.0 63.4558996594
1720.0 63.8271514504
1730.0 64.1984035636
1740.0 64.5696560058
1750.0 64.940908784
1760.0 65.3121619052
1770.0 65.6834153769
1780.0 66.0546692065
1790.0 66.425923402
1800.0 66.7971779711
1810.0 67.1684329223
1820.0 67.5396882639
1830.0 67.9109440046
1840.0 68.2822001533
1850.0 68.6534567191
1860.0 69.0247137113
1870.0 69.3959711395
1880.0 69.7672290135
1890.0 70.1384873433
1900.0 70.5097461393
1910.0 70.8810054119
1920.0 71.252265172
1930.0 71.6235254304
1940.0 71.9947861985
1950.0 72.3660474877
1960.0 72.7373093099
1970.0 73.1085716769
1980.0 73.4798346011
1990.0 73.851098095
2000.0 74.2223621713
2010.0 74.5936268431
2020.0 74.9648921237
2030.0 75.3361580267
2040.0 75.7074245658
2050.0 76.0786917553
2060.0 76.4499596095
2070.0 76.8212281431
2080.0 77.1924973711
2090.0 77.5637673086
2100.0 77.9350379711
2110.0 78.3063093746
2120.0 78.6775815351
2130.0 79.0488544689
2140.0 79.4201281928
2150.0 79.7914027237
2160.0 80.1626780789
2170.0 80.5339542761
2180.0 80.905231333
2190.0 81.2765092679
2200.0 81.6477880993
2210.0 82.019067846
2220.0 82.3903485271
2230.0 82.7616301621
2240.0 83.1329127708
2250.0 83.5041963732
2260.0 83.8754809897
2270.0 84.2467666412
2280.0 84.6180533485
2290.0 84.9893411332
2300.0 85.3606300169
2310.0 85.7319200217
2320.0 86.1032111699
2330.0 86.4745034844
2340.0 86.8457969882
2350.0 87.2170917046
2360.0 87.5883876575
2370.0 87.9596848708
2380.0 88.3309833691
2390.0 88.7022831771
2400.0 89.0735843199
2410.0 89.444886823
2420.0 89.8161907123
2430.0 90.1874960139
2440.0 90.5588027543
2450.0 90.9301109604
2460.0 91.3014206595
2470.0 91.6727318792
2480.0 92.0440446474
2490.0 92.4153589923
2500.0 92.7866749428
2510.0 93.1579925277
2520.0 93.5293117765
2530.0 93.9006327189
2540.0 94.271955385
2550.0 94.6432798053
2560.0 95.0146060105
2570.0 95.3859340319
2580.0 95.757263901
2590.0 96.1285956496
2600.0 96.4999293101
2610.0 96.871264915
2620.0 97.2426024972
2630.0 97.6139420902
2640.0 97.9852837276
2650.0 98.3566274433
2660.0 98.7279732719
2670.0 99.099321248
2680.0 99.4706714067
2690.0 99.8420237834
2700.0 100.213378414
2710.0 100.584735334
2720.0 100.956094581
2730.0 101.327456191
2740.0 101.698820202
2750.0 102.07018665
2760.0 102.441555574
2770.0 102.812927012
2780.0 103.184301003
2790.0 103.555677584
2800.0 103.927056795
2810.0 104.298438677
2820.0 104.669823268
2830.0 105.041210608
2840.0 105.412600738
2850.0 105.783993699
2860.0 106.155389532
2870.0 106.526788277
2880.0 106.898189977
2890.0 107.269594673
2900.0 107.641002408
2910.0 108.012413224
2920.0 108.383827164
2930.0 108.75524427
2940.0 109.126664587
2950.0 109.498088156
2960.0 109.869515023
2970.0 110.240945231
2980.0 110.612378825
2990.0 110.983815848
3000.0 111.355256346
3010.0 111.726700364
3020.0 112.098147946
3030.0 112.469599138
3040.0 112.841053986
3050.0 113.212512535
3060.0 113.583974832
3070.0 113.955440921
3080.0 114.326910851
3090.0 114.698384666
3100.0 115.069862415
3110.0 115.441344142
3120.0 115.812829897
3130.0 116.184319724
3140.0 116.555813672
3150.0 116.927311788
3160.0 117.298814119
3170.0 117.670320712
3180.0 118.041831615
3190.0 118.413346877
3200.0 118.784866543
3210.0 119.156390663
3220.0 119.527919284
3230.0 119.899452454
3240.0 120.27099022
3250.0 120.64253263
3260.0 121.014079733
3270.0 121.385631576
3280.0 121.757188208
3290.0 122.128749675
3300.0 122.500316025
3310.0 122.871887307
3320.0 123.243463568
3330.0 123.615044856
3340.0 123.986631218
3350.0 124.358222701
3360.0 124.729819354
3370.0 125.101421222
3380.0 125.473028353
3390.0 125.844640794
3400.0 126.216258593
3410.0 126.587881794
3420.0 126.959510445
3430.0 127.331144592
3440.0 127.702784281
3450.0 128.074429557
3460.0 128.446080467
3470.0 128.817737055
3480.0 129.189399367
3490.0 129.561067447
3500.0 129.932741339
3510.0 130.304421088
3520.0 130.676106738
3530.0 131.047798333
3540.0 131.419495914
3550.0 131.791199526
3560.0 132.16290921
3570.0 132.534625009
3580.0 132.906346965
3590.0 133.278075118
3600.0 133.649809509
3610.0 134.021550179
3620.0 134.393297168
3630.0 134.765050516
3640.0 135.13681026
3650.0 135.50857644
3660.0 135.880349094
3670.0 136.252128259
3680.0 136.623913972
3690.0 136.995706269
3700.0 137.367505187
3710.0 137.73931076
3720.0 138.111123023
3730.0 138.48294201
3740.0 138.854767755
3750.0 139.22660029
3760.0 139.598439647
3770.0 139.970285858
3780.0 140.342138954
3790.0 140.713998965
3800.0 141.08586592
3810.0 141.457739848
3820.0 141.829620777
3830.0 142.201508733
3840.0 142.573403744
3850.0 142.945305836
3860.0 143.317215032
3870.0 143.689131357
3880.0 144.061054836
3890.0 144.432985489
3900.0 144.804923338
3910.0 145.176868406
3920.0 145.54882071
3930.0 145.920780272
3940.0 146.292747108
3950.0 146.664721236
3960.0 147.036702673
3970.0 147.408691434
3980.0 147.780687534
3990.0 148.152690986
4000.0 148.524701803
4010.0 148.896719997
4020.0 149.268745579
4030.0 149.640778559
4040.0 150.012818944
4050.0 150.384866744
4060.0 150.756921966
4070.0 151.128984614
4080.0 151.501054694
4090.0 151.873132209
4100.0 152.245217163
4110.0 152.617309557
4120.0 152.989409392
4130.0 153.361516667
4140.0 153.733631381
4150.0 154.105753532
4160.0 154.477883115
4170.0 154.850020127
4180.0 155.22216456
4190.0 155.594316409
4200.0 155.966475666
4210.0 156.338642321
4220.0 156.710816364
4230.0 157.082997783
4240.0 157.455186567
4250.0 157.827382702
4260.0 158.199586173
4270.0 158.571796964
4280.0 158.944015058
4290.0 159.316240438
4300.0 159.688473083
4310.0 160.060712974
4320.0 160.432960088
4330.0 160.805214404
4340.0 161.177475898
4350.0 161.549744543
4360.0 161.922020315
4370.0 162.294303186
4380.0 162.666593128
4390.0 163.038890111
4400.0 163.411194104
4410.0 163.783505075
4420.0 164.155822992
4430.0 164.528147821
4440.0 164.900479525
4450.0 165.27281807
4460.0 165.645163416
4470.0 166.017515526
4480.0 166.38987436
4490.0 166.762239877
4500.0 167.134612034
4510.0 167.50699079
4520.0 167.879376099
4530.0 168.251767916
4540.0 168.624166195
4550.0 168.996570889
4560.0 169.368981948
4570.0 169.741399324
4580.0 170.113822965
4590.0 170.48625282
4600.0 170.858688837
4610.0 171.231130961
4620.0 171.603579137
4630.0 171.97603331
4640.0 172.348493422
4650.0 172.720959417
4660.0 173.093431235
4670.0 173.465908816
4680.0 173.8383921
4690.0 174.210881024
4700.0 174.583375527
4710.0 174.955875545
4720.0 175.328381013
4730.0 175.700891866
4740.0 176.073408037
4750.0 176.44592946
4760.0 176.818456066
4770.0 177.190987787
4780.0 177.563524553
4790.0 177.936066294
4800.0 178.308612937
4810.0 178.681164412
4820.0 179.053720646
4830.0 179.426281565
4840.0 179.798847094
4850.0 180.171417159
4860.0 180.543991684
4870.0 180.916570593
4880.0 181.289153809
4890.0 181.661741243
4900.0 182.034332834
4910.0 182.406928494
4920.0 182.779528143
4930.0 183.1521317
4940.0 183.524739087
4950.0 183.89735022
4960.0 184.269965018
4970.0 184.642583398
4980.0 185.015205279
4990.0 185.387830576
5000.0 185.760459205
5010.0 186.133091083
5020.0 186.505726124
5030.0 186.878364243
5040.0 187.251005355
5050.0 187.623649374
5060.0 187.996296213
5070.0 188.368945786
5080.0 188.741598007
5090.0 189.114252787
5100.0 189.48691004
5110.0 189.859569678
5120.0 190.232231612
5130.0 190.604895755
5140.0 190.977562019
5150.0 191.350230315
5160.0 191.722900554
5170.0 192.095572649
5180.0 192.468246509
5190.0 192.840922046
5200.0 193.213599171
5210.0 193.586277795
5220.0 193.95895783
5230.0 194.331639186
5240.0 194.704321774
5250.0 195.077005505
5260.0 195.449690291
5270.0 195.822376042
5280.0 196.195062671
5290.0 196.567750088
5300.0 196.940438206
5310.0 197.313126935
5320.0 197.685816188
5330.0 198.058505877
5340.0 198.431195915
5350.0 198.803886214
5360.0 199.176576688
5370.0 199.549267248
5380.0 199.92195781
5390.0 200.294648286
5400.0 200.667338591
5410.0 201.04002864
5420.0 201.412718347
5430.0 201.785407627
5440.0 202.158096397
5450.0 202.530784573
5460.0 202.903472071
5470.0 203.276158808
5480.0 203.648844702
5490.0 204.021529671
5500.0 204.394213634
5510.0 204.76689651
5520.0 205.139578218
5530.0 205.512258678
5540.0 205.884937813
5550.0 206.257615542
5560.0 206.630291788
5570.0 207.002966475
5580.0 207.375639524
5590.0 207.748310861
5600.0 208.120980409
5610.0 208.493648095
5620.0 208.866313845
5630.0 209.238977584
5640.0 209.611639242
5650.0 209.984298745
5660.0 210.356956024
5670.0 210.729611007
5680.0 211.102263627
5690.0 211.474913813
5700.0 211.847561498
5710.0 212.220206615
5720.0 212.592849099
5730.0 212.965488883
5740.0 213.338125904
5750.0 213.710760097
5760.0 214.0833914
5770.0 214.456019751
5780.0 214.82864509
5790.0 215.201267355
5800.0 215.573886489
5810.0 215.946502432
5820.0 216.319115128