0.0 0.0
120.0 4.51653584047
120.625 4.53908833772
121.25 4.56164958792
122.5 4.60679765789
123.75 4.65197871641
125.0 4.69719149791
126.25 4.74243480109
127.5 4.787707485
128.75 4.83300846549
130.0 4.87833671183
131.25 4.92369124358
132.5 4.96907112769
133.75 5.01447547573
135.0 5.05990344138
136.25 5.10535421805
137.5 5.1508270366
138.75 5.19632116331
140.0 5.24183589789
141.25 5.28737057167
142.5 5.33292454587
143.75 5.37849720997
145.0 5.42408798024
146.25 5.46969629829
147.5 5.51532162974
148.75 5.56096346298
150.0 5.60662130795
151.25 5.65229469509
152.5 5.69798317425
153.75 5.74368631372
155.0 5.7894036993
156.25 5.83513493343
157.5 5.88087963436
158.75 5.92663743539
160.0 5.97240798411
161.25 6.01819094171
162.5 6.06398598237
165.0 6.15561107057
167.5 6.2472808784
170.0 6.33899320662
172.5 6.43074601156
175.0 6.52253739132
177.5 6.61436557333
180.0 6.7062289031
182.5 6.79812583422
185.0 6.89005491922
187.5 6.98201480139
190.0 7.07400420736
192.5 7.16602194037
195.0 7.25806687422
197.5 7.35013794772
200.0 7.44223415971
202.5 7.53435456444
205.0 7.62649826751
207.5 7.71866442202
210.0 7.81085222516
212.5 7.90306091504
215.0 7.99528976782
217.5 8.08753809509
220.0 8.17980524143
222.5 8.27209058223
225.0 8.36439352164
230.0 8.54904994572
235.0 8.73377025503
240.0 8.91855054645
245.0 9.10338723087
250.0 9.288276998
255.0 9.47321678601
260.0 9.65820375556
265.0 9.84323526731
270.0 10.0283088625
275.0 10.2134222457
280.0 10.3985732707
285.0 10.5837599266
290.0 10.768980327
295.0 10.9542326999
300.0 11.1395153782
305.0 11.3248267924
310.0 11.5101654627
315.0 11.6955299933
320.0 11.8809190661
330.0 12.2517659242
340.0 12.6226968618
350.0 12.9937036594
360.0 13.3647789406
370.0 13.7359160766
380.0 14.1071091043
390.0 14.4783526551
400.0 14.8496418926
410.0 15.2209724575
420.0 15.5923404198
430.0 15.9637422349
440.0 16.3351747055
450.0 16.7066349473
460.0 17.0781203577
470.0 17.4496285881
480.0 17.8211575192
490.0 18.1927052379
500.0 18.5642700177
510.0 18.9358502997
520.0 19.3074446766
530.0 19.6790518773
540.0 20.0506707539
550.0 20.4223002694
560.0 20.7939394864
570.0 21.1655875579
580.0 21.5372437178
590.0 21.9089072731
600.0 22.2805775968
610.0 22.652254121
620.0 23.0239363315
630.0 23.3956237622
640.0 23.7673159901
650.0 24.1390126319
660.0 24.5107133391
670.0 24.8824177951
680.0 25.254125712
690.0 25.6258368278
700.0 25.9975509037
710.0 26.3692677222
720.0 26.7409870844
730.0 27.1127088089
740.0 27.4844327298
750.0 27.856158695
760.0 28.2278865653
770.0 28.5996162128
780.0 28.9713475202
790.0 29.3430803794
800.0 29.7148146911
810.0 30.0865503636
820.0 30.4582873121
830.0 30.8300254585
840.0 31.2017647302
850.0 31.5735050602
860.0 31.9452463862
870.0 32.3169886501
880.0 32.6887317982
890.0 33.0604757801
900.0 33.4322205489
910.0 33.803966061
920.0 34.1757122752
930.0 34.5474591531
940.0 34.9192066587
950.0 35.2909547581
960.0 35.6627034194
970.0 36.0344526125
980.0 36.4062023091
990.0 36.7779524825
1000.0 37.1497031072
1010.0 37.5214541593
1020.0 37.8932056161
1030.0 38.2649574558
1040.0 38.636709658
1050.0 39.0084622031
1060.0 39.3802150724
1070.0 39.751968248
1080.0 40.123721713
1090.0 40.495475451
1100.0 40.8672294465
1110.0 41.2389836844
1120.0 41.6107381503
1130.0 41.9824928305
1140.0 42.3542477116
1150.0 42.7260027806
1160.0 43.0977580254
1170.0 43.4695134337
1180.0 43.8412689941
1190.0 44.2130246952
1200.0 44.5847805263
1210.0 44.9565364767
1220.0 45.328292536
1230.0 45.7000486944
1240.0 46.0718049419
1250.0 46.4435612691
1260.0 46.8153176667
1270.0 47.1870741255
1280.0 47.5588306367
1290.0 47.9305871913
1300.0 48.302343781
1310.0 48.6741003971
1320.0 49.0458570315
1330.0 49.4176136758
1340.0 49.7893703221
1350.0 50.1611269623
1360.0 50.5328835886
1370.0 50.9046401931
1380.0 51.2763967681
1390.0 51.648153306
1400.0 52.0199097991
1410.0 52.3916662398
1420.0 52.7634226207
1430.0 53.1351789342
1440.0 53.5069351728
1450.0 53.878691329
1460.0 54.2504473955
1470.0 54.6222033647
1480.0 54.9939592293
1490.0 55.3657149817
1500.0 55.7374706144
1510.0 56.10922612
1520.0 56.4809814909
1530.0 56.8527367195
1540.0 57.2244917983
1550.0 57.5962467196
1560.0 57.9680014756
1570.0 58.3397560587
1580.0 58.711510461
1590.0 59.0832646746
1600.0 59.4550186916
1610.0 59.826772504
1620.0 60.1985261035
1630.0 60.5702794822
1640.0 60.9420326316
1650.0 61.3137855433
1660.0 61.6855382091
1670.0 62.0572906201
1680.0 62.4290427678
1690.0 62.8007946434
1700.0 63.172546238
1710.0 63.5442975425
1720.0 63.9160485478
1730.0 64.2877992446
1740.0 64.6595496235
1750.0 65.031299675
1760.0 65.4030493894
1770.0 65.7747987568
1780.0 66.1465477673
1790.0 66.5182964108
1800.0 66.8900446769
1810.0 67.2617925553
1820.0 67.6335400353
1830.0 68.0052871062
1840.0 68.377033757
1850.0 68.7487799766
1860.0 69.1205257538
1870.0 69.4922710769
1880.0 69.8640159345
1890.0 70.2357603146
1900.0 70.6075042053
1910.0 70.9792475942
1920.0 71.3509904689
1930.0 71.7227328168
1940.0 72.094474625
1950.0 72.4662158806
1960.0 72.8379565701
1970.0 73.2096966802
1980.0 73.5814361971
1990.0 73.9531751069
2000.0 74.3249133954
2010.0 74.6966510482
2020.0 75.0683880507
2030.0 75.440124388
2040.0 75.8118600451
2050.0 76.1835950065
2060.0 76.5553292567
2070.0 76.9270627798
2080.0 77.2987955598
2090.0 77.6705275801
2100.0 78.0422588243
2110.0 78.4139892753
2120.0 78.7857189162
2130.0 79.1574477293
2140.0 79.5291756971
2150.0 79.9009028016
2160.0 80.2726290244
2170.0 80.644354347
2180.0 81.0160787507
2190.0 81.3878022163
2200.0 81.7595247244
2210.0 82.1312462553
2220.0 82.5029667889
2230.0 82.8746863051
2240.0 83.2464047831
2250.0 83.6181222022
2260.0 83.989838541
2270.0 84.3615537781
2280.0 84.7332678916
2290.0 85.1049808593
2300.0 85.4766926589
2310.0 85.8484032675
2320.0 86.2201126619
2330.0 86.5918208189
2340.0 86.9635277146
2350.0 87.3352333249
2360.0 87.7069376254
2370.0 88.0786405914
2380.0 88.4503421978
2390.0 88.8220424191
2400.0 89.1937412297
2410.0 89.5654386034
2420.0 89.9371345138
2430.0 90.308828934
2440.0 90.6805218371
2450.0 91.0522131956
2460.0 91.4239029815
2470.0 91.7955911668
2480.0 92.167277723
2490.0 92.5389626213
2500.0 92.9106458323
2510.0 93.2823273266
2520.0 93.6540070743
2530.0 94.0256850451
2540.0 94.3973612085
2550.0 94.7690355334
2560.0 95.1407079885
2570.0 95.5123785423
2580.0 95.8840471626
2590.0 96.2557138172
2600.0 96.6273784732
2610.0 96.9990410978
2620.0 97.3707016573
2630.0 97.7423601181
2640.0 98.1140164461
2650.0 98.4856706067
2660.0 98.8573225652
2670.0 99.2289722864
2680.0 99.6006197348
2690.0 99.9722648745
2700.0 100.343907669
2710.0 100.715548083
2720.0 101.087186078
2730.0 101.458821618
2740.0 101.830454665
2750.0 102.202085181
2760.0 102.573713128
2770.0 102.945338467
2780.0 103.31696116
2790.0 103.688581167
2800.0 104.060198449
2810.0 104.431812966
2820.0 104.803424678
2830.0 105.175033545
2840.0 105.546639525
2850.0 105.918242578
2860.0 106.289842662
2870.0 106.661439736
2880.0 107.033033758
2890.0 107.404624685
2900.0 107.776212476
2910.0 108.147797087
2920.0 108.519378475
2930.0 108.890956596
2940.0 109.262531409
2950.0 109.634102868
2960.0 110.005670929
2970.0 110.377235548
2980.0 110.748796682
2990.0 111.120354284
3000.0 111.491908309
3010.0 111.863458714
3020.0 112.235005451
3030.0 112.606548476
3040.0 112.978087743
3050.0 113.349623205
3060.0 113.721154816
3070.0 114.092682531
3080.0 114.464206302
3090.0 114.835726082
3100.0 115.207241825
3110.0 115.578753484
3120.0 115.950261012
3130.0 116.32176436
3140.0 116.693263483
3150.0 117.064758331
3160.0 117.436248859
3170.0 117.807735017
3180.0 118.179216758
3190.0 118.550694035
3200.0 118.922166799
3210.0 119.293635002
3220.0 119.665098596
3230.0 120.036557533
3240.0 120.408011765
3250.0 120.779461244
3260.0 121.150905922
3270.0 121.52234575
3280.0 121.893780681
3290.0 122.265210666
3300.0 122.636635657
3310.0 123.008055607
3320.0 123.379470467
3330.0 123.75088019
3340.0 124.122284727
3350.0 124.493684032
3360.0 124.865078056
3370.0 125.236466752
3380.0 125.607850073
3390.0 125.979227972
3400.0 126.350600402
3410.0 126.721967315
3420.0 127.093328665
3430.0 127.464684406
3440.0 127.836034492
3450.0 128.207378876
3460.0 128.578717513
3470.0 128.950050357
3480.0 129.321377363
3490.0 129.692698485
3500.0 130.06401368
3510.0 130.435322903
3520.0 130.80662611
3530.0 131.177923256
3540.0 131.549214299
3550.0 131.920499195
3560.0 132.291777902
3570.0 132.663050377
3580.0 133.034316579
3590.0 133.405576466
3600.0 133.776829997
3610.0 134.148077132
3620.0 134.519317829
3630.0 134.89055205
3640.0 135.261779755
3650.0 135.633000905
3660.0 136.004215463
3670.0 136.37542339
3680.0 136.74662465
3690.0 137.117819205
3700.0 137.48900702
3710.0 137.860188059
3720.0 138.231362288
3730.0 138.602529671
3740.0 138.973690176
3750.0 139.34484377
3760.0 139.715990419
3770.0 140.087130093
3780.0 140.45826276
3790.0 140.829388389
3800.0 141.200506952
3810.0 141.57161842
3820.0 141.942722763
3830.0 142.313819955
3840.0 142.68490997
3850.0 143.05599278
3860.0 143.427068361
3870.0 143.798136688
3880.0 144.169197738
3890.0 144.540251489
3900.0 144.911297917
3910.0 145.282337003
3920.0 145.653368726
3930.0 146.024393066
3940.0 146.395410006
3950.0 146.766419527
3960.0 147.137421613
3970.0 147.508416247
3980.0 147.879403416
3990.0 148.250383106
4000.0 148.621355302
4010.0 148.992319994
4020.0 149.363277169
4030.0 149.734226819
4040.0 150.105168934
4050.0 150.476103506
4060.0 150.847030527
4070.0 151.217949992
4080.0 151.588861895
4090.0 151.959766233
4100.0 152.330663002
4110.0 152.7015522
4120.0 153.072433827
4130.0 153.443307883
4140.0 153.814174368
4150.0 154.185033286
4160.0 154.555884638
4170.0 154.926728431
4180.0 155.297564669
4190.0 155.668393358
4200.0 156.039214508
4210.0 156.410028126
4220.0 156.780834222
4230.0 157.151632808
4240.0 157.522423895
4250.0 157.893207498
4260.0 158.26398363
4270.0 158.634752306
4280.0 159.005513545
4290.0 159.376267363
4300.0 159.747013779
4310.0 160.117752814
4320.0 160.488484488
4330.0 160.859208825
4340.0 161.229925847
4350.0 161.60063558
4360.0 161.97133805
4370.0 162.342033282
4380.0 162.712721306
4390.0 163.083402151
4400.0 163.454075846
4410.0 163.824742425
4420.0 164.195401918
4430.0 164.566054361
4440.0 164.936699788
4450.0 165.307338235
4460.0 165.677969739
4470.0 166.048594339
4480.0 166.419212075
4490.0 166.789822986
4500.0 167.160427114
4510.0 167.531024503
4520.0 167.901615197
4530.0 168.272199239
4540.0 168.642776677
4550.0 169.013347556
4560.0 169.383911927
4570.0 169.754469838
4580.0 170.125021338
4590.0 170.495566481
4600.0 170.866105317
4610.0 171.236637902
4620.0 171.607164288
4630.0 171.977684532
4640.0 172.348198689
4650.0 172.718706819
4660.0 173.089208979
4670.0 173.459705228
4680.0 173.830195627
4690.0 174.200680237
4700.0 174.571159121
4710.0 174.941632342
4720.0 175.312099964
4730.0 175.682562052
4740.0 176.053018672
4750.0 176.42346989
4760.0 176.793915775
4770.0 177.164356395
4780.0 177.534791819
4790.0 177.905222116
4800.0 178.275647359
4810.0 178.646067619
4820.0 179.016482968
4830.0 179.386893479
4840.0 179.757299226
4850.0 180.127700284
4860.0 180.498096729
4870.0 180.868488635
4880.0 181.23887608
4890.0 181.609259151
4900.0 181.97963791
4910.0 182.350012444
4920.0 182.720382833
4930.0 183.090749157
4940.0 183.461111496
4950.0 183.83146993
4960.0 184.201824542
4970.0 184.572175412
4980.0 184.942522625
4990.0 185.312866262
5000.0 185.683206407
5010.0 186.053543145
5020.0 186.423876558
5030.0 186.794206733
5040.0 187.164533754
5050.0 187.534857706
5060.0 187.905178677
5070.0 188.275496751
5080.0 188.645812015
5090.0 189.016124555
5100.0 189.38643446
5110.0 189.756741816
5120.0 190.127046711
5130.0 190.497349231
5140.0 190.867649466
5150.0 191.237947503
5160.0 191.608243429
5170.0 191.978537335
5180.0 192.348829307
5190.0 192.719119434
5200.0 193.089407805
5210.0 193.459694508
5220.0 193.829979631
5230.0 194.200263264
5240.0 194.570545494
5250.0 194.94082641
5260.0 195.3111061
5270.0 195.681384653
5280.0 196.051662157
5290.0 196.421938699
5300.0 196.792214368
5310.0 197.162489251
5320.0 197.532763436
5330.0 197.90303701
5340.0 198.273310061
5350.0 198.643582674
5360.0 199.013854936
5370.0 199.384126934
5380.0 199.754398754
5390.0 200.12467048
5400.0 200.4949422
5410.0 200.865213996
5420.0 201.235485954
5430.0 201.605758159
5440.0 201.976030692
5450.0 202.346303639
5460.0 202.716577081
5470.0 203.086851101
5480.0 203.457125781
5490.0 203.827401202
5500.0 204.197677444
5510.0 204.567954589
5520.0 204.938232715
5530.0 205.308511902
5540.0 205.678792228
5550.0 206.049073771
5560.0 206.419356609
5570.0 206.789640818
5580.0 207.159926474
5590.0 207.530213652
5600.0 207.900502426
5610.0 208.270792872
5620.0 208.641085062
5630.0 209.011379068
5640.0 209.381674963
5650.0 209.751972816
5660.0 210.1222727
5670.0 210.492574682
5680.0 210.862878831
5690.0 211.233185216
5700.0 211.603493903
5710.0 211.973804959
5720.0 212.344118449
5730.0 212.714434437
5740.0 213.084752987
5750.0 213.455074163
5760.0 213.825398025
5770.0 214.195724635
5780.0 214.566054053
5790.0 214.936386338
5800.0 215.306721548
5810.0 215.677059742
5820.0 216.047400975