0.0 0.0
120.0 4.50513878165
120.625 4.52763191921
121.25 4.55013380974
122.5 4.59516316034
123.75 4.64022549949
125.0 4.68531956164
126.25 4.73044414545
127.5 4.77559811
128.75 4.82078037113
130.0 4.8659898981
131.25 4.91122571049
132.5 4.95648687523
133.75 5.00177250391
135.0 5.0470817502
136.25 5.09241380751
137.5 5.13776790669
138.75 5.18314331404
140.0 5.22853932926
141.25 5.27395528368
142.5 5.31939053852
143.75 5.36484448325
145.0 5.41031653416
146.25 5.45580613285
147.5 5.50131274494
148.75 5.54683585881
150.0 5.59237498442
151.25 5.6379296522
152.5 5.683499412
153.75 5.7290838321
155.0 5.77468249832
156.25 5.82029501308
157.5 5.86592099465
158.75 5.91156007632
160.0 5.95721190567
161.25 6.00287614392
162.5 6.04855246522
165.0 6.13994011469
167.5 6.2313724838
170.0 6.32284737328
172.5 6.4143627395
175.0 6.50591668054
177.5 6.59750742382
180.0 6.68913331487
182.5 6.78079280726
185.0 6.87248445353
187.5 6.96420689698
190.0 7.05595886422
192.5 7.14773915851
195.0 7.23954665363
197.5 7.33138028841
200.0 7.42323906167
202.5 7.51512202768
205.0 7.60702829202
207.5 7.69895700781
210.0 7.79090737222
212.5 7.88287862337
215.0 7.97487003743
217.5 8.06688092597
220.0 8.15891063359
222.5 8.25095853566
225.0 8.34302403635
230.0 8.52720558297
235.0 8.71145101484
240.0 8.8957564288
245.0 9.08011823577
250.0 9.26453312545
255.0 9.44899803601
260.0 9.63351012811
265.0 9.81806676241
270.0 10.0026654801
275.0 10.1873039859
280.0 10.3719801334
285.0 10.5566919119
290.0 10.7414374349
295.0 10.9262149303
300.0 11.1110227312
305.0 11.2958592679
310.0 11.4807230608
315.0 11.6656127139
320.0 11.8505269092
330.0 12.2204240124
340.0 12.5904051951
350.0 12.9604622379
360.0 13.3305877641
370.0 13.7007751452
380.0 14.071018418
390.0 14.4413122139
400.0 14.8116516965
410.0 15.1820325065
420.0 15.5524507139
430.0 15.9229027741
440.0 16.2933854898
450.0 16.6638959767
460.0 17.0344316322
470.0 17.4049901077
480.0 17.7755692839
490.0 18.1461672477
500.0 18.5167822726
510.0 18.8874127997
520.0 19.2580574217
530.0 19.6287148675
540.0 19.9993839892
550.0 20.3700637498
560.0 20.7407532119
570.0 21.1114515285
580.0 21.4821579335
590.0 21.8528717339
600.0 22.2235923027
610.0 22.594319072
620.0 22.9650515276
630.0 23.3357892033
640.0 23.7065316764
650.0 24.0772785633
660.0 24.4480295155
670.0 24.8187842166
680.0 25.1895423786
690.0 25.5603037395
700.0 25.9310680606
710.0 26.3018351241
720.0 26.6726047315
730.0 27.0433767011
740.0 27.414150867
750.0 27.7849270773
760.0 28.1557051927
770.0 28.5264850853
780.0 28.8972666378
790.0 29.2680497422
800.0 29.638834299
810.0 30.0096202165
820.0 30.3804074101
830.0 30.7511958016
840.0 31.1219853185
850.0 31.4927758936
860.0 31.8635674646
870.0 32.2343599736
880.0 32.6051533668
890.0 32.9759475938
900.0 33.3467426078
910.0 33.7175383649
920.0 34.0883348242
930.0 34.4591319472
940.0 34.8299296979
950.0 35.2007280424
960.0 35.5715269488
970.0 35.942326387
980.0 36.3131263287
990.0 36.6839267472
1000.0 37.054727617
1010.0 37.4255289142
1020.0 37.7963306161
1030.0 38.1671327009
1040.0 38.5379351482
1050.0 38.9087379384
1060.0 39.2795410527
1070.0 39.6503444735
1080.0 40.0211481836
1090.0 40.3919521667
1100.0 40.7627564073
1110.0 41.1335608903
1120.0 41.5043656013
1130.0 41.8751705266
1140.0 42.2459756527
1150.0 42.6167809669
1160.0 42.9875864567
1170.0 43.3583921102
1180.0 43.7291979156
1190.0 44.1000038619
1200.0 44.4708099381
1210.0 44.8416161335
1220.0 45.212422438
1230.0 45.5832288414
1240.0 45.9540353341
1250.0 46.3248419064
1260.0 46.6956485491
1270.0 47.066455253
1280.0 47.4372620092
1290.0 47.808068809
1300.0 48.1788756437
1310.0 48.549682505
1320.0 48.9204893844
1330.0 49.2912962739
1340.0 49.6621031652
1350.0 50.0329100505
1360.0 50.4037169219
1370.0 50.7745237715
1380.0 51.1453305917
1390.0 51.5161373746
1400.0 51.8869441128
1410.0 52.2577507987
1420.0 52.6285574246
1430.0 52.9993639832
1440.0 53.3701704669
1450.0 53.7409768682
1460.0 54.1117831798
1470.0 54.4825893942
1480.0 54.8533955038
1490.0 55.2242015013
1500.0 55.5950073791
1510.0 55.9658131298
1520.0 56.3366187458
1530.0 56.7074242195
1540.0 57.0782295434
1550.0 57.4490347098
1560.0 57.8198397109
1570.0 58.1906445391
1580.0 58.5614491865
1590.0 58.9322536452
1600.0 59.3030579073
1610.0 59.6738619647
1620.0 60.0446658094
1630.0 60.4154694331
1640.0 60.7862728276
1650.0 61.1570759845
1660.0 61.5278788953
1670.0 61.8986815515
1680.0 62.2694839443
1690.0 62.640286065
1700.0 63.0110879046
1710.0 63.3818894542
1720.0 63.7526907046
1730.0 64.1234916466
1740.0 64.4942922706
1750.0 64.8650925672
1760.0 65.2358925266
1770.0 65.6066921392
1780.0 65.9774913948
1790.0 66.3482902833
1800.0 66.7190887946
1810.0 67.089886918
1820.0 67.4606846432
1830.0 67.8314819591
1840.0 68.202278855
1850.0 68.5730753198
1860.0 68.943871342
1870.0 69.3146669103
1880.0 69.685462013
1890.0 70.0562566382
1900.0 70.4270507739
1910.0 70.7978444079
1920.0 71.1686375277
1930.0 71.5394301207
1940.0 71.910222174
1950.0 72.2810136747
1960.0 72.6518046093
1970.0 73.0225949645
1980.0 73.3933847265
1990.0 73.7641738814
2000.0 74.134962415
2010.0 74.5057503129
2020.0 74.8765375605
2030.0 75.2473241429
2040.0 75.6181100451
2050.0 75.9888952516
2060.0 76.3596797469
2070.0 76.7304635151
2080.0 77.1012465401
2090.0 77.4720288056
2100.0 77.8428102948
2110.0 78.213590991
2120.0 78.5843708769
2130.0 78.9551499352
2140.0 79.3259281481
2150.0 79.6967054976
2160.0 80.0674819656
2170.0 80.4382575333
2180.0 80.8090321821
2190.0 81.1798058928
2200.0 81.550578646
2210.0 81.9213504219
2220.0 82.2921212007
2230.0 82.662890962
2240.0 83.0336596851
2250.0 83.4044273492
2260.0 83.7751939332
2270.0 84.1459594153
2280.0 84.5167237739
2290.0 84.8874869868
2300.0 85.2582490314
2310.0 85.6290098851
2320.0 85.9997695247
2330.0 86.3705279268
2340.0 86.7412850675
2350.0 87.1120409229
2360.0 87.4827954686
2370.0 87.8535486796
2380.0 88.2243005311
2390.0 88.5950509976
2400.0 88.9658000532
2410.0 89.336547672
2420.0 89.7072938275
2430.0 90.0780384929
2440.0 90.4487816411
2450.0 90.8195232446
2460.0 91.1902632756
2470.0 91.5610017061
2480.0 91.9317385074
2490.0 92.3024736507
2500.0 92.6732071068
2510.0 93.0439388462
2520.0 93.414668839
2530.0 93.7853970549
2540.0 94.1561234634
2550.0 94.5268480334
2560.0 94.8975707336
2570.0 95.2682915325
2580.0 95.6390103979
2590.0 96.0097272976
2600.0 96.3804421987
2610.0 96.7511550684
2620.0 97.121865873
2630.0 97.4925745789
2640.0 97.8632811519
2650.0 98.2339855577
2660.0 98.6046877613
2670.0 98.9753877276
2680.0 99.346085421
2690.0 99.7167808059
2700.0 100.087473846
2710.0 100.458164505
2720.0 100.828852745
2730.0 101.19953853
2740.0 101.570221822
2750.0 101.940902583
2760.0 102.311580775
2770.0 102.682256359
2780.0 103.052929297
2790.0 103.42359955
2800.0 103.794267077
2810.0 104.164931839
2820.0 104.535593796
2830.0 104.906252908
2840.0 105.276909133
2850.0 105.647562431
2860.0 106.01821276
2870.0 106.38886008
2880.0 106.759504346
2890.0 107.130145519
2900.0 107.500783554
2910.0 107.87141841
2920.0 108.242050043
2930.0 108.61267841
2940.0 108.983303468
2950.0 109.353925172
2960.0 109.724543478
2970.0 110.095158343
2980.0 110.465769721
2990.0 110.836377568
3000.0 111.206981839
3010.0 111.577582488
3020.0 111.948179471
3030.0 112.318772741
3040.0 112.689362252
3050.0 113.05994796
3060.0 113.430529816
3070.0 113.801107776
3080.0 114.171681792
3090.0 114.542251817
3100.0 114.912817806
3110.0 115.28337971
3120.0 115.653937482
3130.0 116.024491076
3140.0 116.395040443
3150.0 116.765585537
3160.0 117.13612631
3170.0 117.506662713
3180.0 117.8771947
3190.0 118.247722221
3200.0 118.61824523
3210.0 118.988763678
3220.0 119.359277517
3230.0 119.7297867
3240.0 120.100291177
3250.0 120.470790901
3260.0 120.841285824
3270.0 121.211775897
3280.0 121.582261073
3290.0 121.952741303
3300.0 122.323216539
3310.0 122.693686734
3320.0 123.064151839
3330.0 123.434611807
3340.0 123.80506659
3350.0 124.17551614
3360.0 124.545960409
3370.0 124.91639935
3380.0 125.286832916
3390.0 125.65726106
3400.0 126.027683735
3410.0 126.398100893
3420.0 126.768512489
3430.0 127.138918475
3440.0 127.509318806
3450.0 127.879713435
3460.0 128.250102317
3470.0 128.620485406
3480.0 128.990862657
3490.0 129.361234025
3500.0 129.731599465
3510.0 130.101958933
3520.0 130.472312384
3530.0 130.842659775
3540.0 131.213001063
3550.0 131.583336205
3560.0 131.953665157
3570.0 132.323987877
3580.0 132.694304324
3590.0 133.064614457
3600.0 133.434918233
3610.0 133.805215612
3620.0 134.175506555
3630.0 134.54579102
3640.0 134.916068971
3650.0 135.286340366
3660.0 135.656605169
3670.0 136.026863341
3680.0 136.397114846
3690.0 136.767359646
3700.0 137.137597706
3710.0 137.507828991
3720.0 137.878053464
3730.0 138.248271093
3740.0 138.618481843
3750.0 138.988685682
3760.0 139.358882576
3770.0 139.729072495
3780.0 140.099255407
3790.0 140.469431282
3800.0 140.83960009
3810.0 141.209761802
3820.0 141.579916391
3830.0 141.950063828
3840.0 142.320204087
3850.0 142.690337142
3860.0 143.060462968
3870.0 143.430581541
3880.0 143.800692836
3890.0 144.170796832
3900.0 144.540893506
3910.0 144.910982837
3920.0 145.281064804
3930.0 145.65113939
3940.0 146.021206574
3950.0 146.391266341
3960.0 146.761318671
3970.0 147.131363551
3980.0 147.501400965
3990.0 147.8714309
4000.0 148.241453341
4010.0 148.611468278
4020.0 148.981475699
4030.0 149.351475594
4040.0 149.721467954
4050.0 150.09145277
4060.0 150.461430037
4070.0 150.831399747
4080.0 151.201361895
4090.0 151.571316478
4100.0 151.941263492
4110.0 152.311202936
4120.0 152.681134808
4130.0 153.051059108
4140.0 153.420975839
4150.0 153.790885001
4160.0 154.160786599
4170.0 154.530680637
4180.0 154.90056712
4190.0 155.270446055
4200.0 155.640317449
4210.0 156.010181312
4220.0 156.380037654
4230.0 156.749886484
4240.0 157.119727817
4250.0 157.489561665
4260.0 157.859388041
4270.0 158.229206963
4280.0 158.599018447
4290.0 158.96882251
4300.0 159.338619171
4310.0 159.708408451
4320.0 160.07819037
4330.0 160.447964952
4340.0 160.81773222
4350.0 161.187492198
4360.0 161.557244912
4370.0 161.92699039
4380.0 162.296728659
4390.0 162.666459749
4400.0 163.036183689
4410.0 163.405900513
4420.0 163.775610251
4430.0 164.145312939
4440.0 164.515008611
4450.0 164.884697303
4460.0 165.254379053
4470.0 165.624053898
4480.0 165.993721878
4490.0 166.363383035
4500.0 166.733037409
4510.0 167.102685043
4520.0 167.472325981
4530.0 167.841960268
4540.0 168.211587951
4550.0 168.581209076
4560.0 168.950823692
4570.0 169.320431847
4580.0 169.690033593
4590.0 170.059628981
4600.0 170.429218063
4610.0 170.798800892
4620.0 171.168377523
4630.0 171.537948012
4640.0 171.907512415
4650.0 172.27707079
4660.0 172.646623194
4670.0 173.016169689
4680.0 173.385710333
4690.0 173.755245188
4700.0 174.124774317
4710.0 174.494297783
4720.0 174.86381565
4730.0 175.233327983
4740.0 175.602834848
4750.0 175.972336312
4760.0 176.341832442
4770.0 176.711323307
4780.0 177.080808975
4790.0 177.450289518
4800.0 177.819765006
4810.0 178.189235511
4820.0 178.558701105
4830.0 178.928161861
4840.0 179.297617854
4850.0 179.667069157
4860.0 180.036515846
4870.0 180.405957998
4880.0 180.775395687
4890.0 181.144829004
4900.0 181.514258008
4910.0 181.883682787
4920.0 182.253103422
4930.0 182.622519991
4940.0 182.991932574
4950.0 183.361341254
4960.0 183.73074611
4970.0 184.100147226
4980.0 184.469544684
4990.0 184.838938566
5000.0 185.208328956
5010.0 185.577715939
5020.0 185.947099597
5030.0 186.316480017
5040.0 186.685857283
5050.0 187.055231481
5060.0 187.424602696
5070.0 187.793971015
5080.0 188.163336524
5090.0 188.53269931
5100.0 188.90205946
5110.0 189.271417061
5120.0 189.640772201
5130.0 190.010124966
5140.0 190.379475446
5150.0 190.748823728
5160.0 191.1181699
5170.0 191.48751405
5180.0 191.856856268
5190.0 192.22619664
5200.0 192.595535256
5210.0 192.964872204
5220.0 193.334207572
5230.0 193.70354145
5240.0 194.072873925
5250.0 194.442205086
5260.0 194.811535022
5270.0 195.18086382
5280.0 195.550191569
5290.0 195.919518356
5300.0 196.28884427
5310.0 196.658169398
5320.0 197.027493829
5330.0 197.396817648
5340.0 197.766140943
5350.0 198.135463801
5360.0 198.504786308
5370.0 198.874108552
5380.0 199.243430616
5390.0 199.612752588
5400.0 199.982074552
5410.0 200.351396594
5420.0 200.720718798
5430.0 201.090041247
5440.0 201.459364026
5450.0 201.828687217
5460.0 202.198010905
5470.0 202.56733517
5480.0 202.936660095
5490.0 203.305985761
5500.0 203.675312248
5510.0 204.044639638
5520.0 204.413968009
5530.0 204.783297441
5540.0 205.152628012
5550.0 205.521959801
5560.0 205.891292884
5570.0 206.260627337
5580.0 206.629963238
5590.0 206.999300661
5600.0 207.368639681
5610.0 207.737980372
5620.0 208.107322807
5630.0 208.476667058
5640.0 208.846013198
5650.0 209.215361297
5660.0 209.584711425
5670.0 209.954063652
5680.0 210.323418047
5690.0 210.692774677
5700.0 211.062133609
5710.0 211.43149491
5720.0 211.800858645
5730.0 212.170224878
5740.0 212.539593674
5750.0 212.908965094
5760.0 213.278339201
5770.0 213.647716056
5780.0 214.017095719
5790.0 214.38647825
5800.0 214.755863705
5810.0 215.125252144
5820.0 215.494643622