0.0 0.0
120.0 4.51774937558
120.625 4.54030819403
121.25 4.56287576544
122.5 4.60803647785
123.75 4.65323017885
125.0 4.69845560287
126.25 4.74371154859
127.5 4.78899687509
128.75 4.83431049821
130.0 4.87965138721
131.25 4.92501856166
132.5 4.9704110885
133.75 5.01582807931
135.0 5.06126868778
136.25 5.1067321073
137.5 5.15221756874
138.75 5.19772433837
140.0 5.24325171592
141.25 5.28879903271
142.5 5.33436564995
143.75 5.37995095713
145.0 5.42555437052
146.25 5.47117533174
147.5 5.51681330639
148.75 5.56246778287
150.0 5.60813827113
151.25 5.65382430159
152.5 5.69952542412
153.75 5.745241207
155.0 5.79097123602
156.25 5.83671511364
157.5 5.88247245811
158.75 5.92824290271
160.0 5.97402609505
161.25 6.01982169632
162.5 6.06562938068
165.0 6.15727975642
167.5 6.24897485197
170.0 6.34071246808
172.5 6.4324905611
175.0 6.52430722912
177.5 6.61616069957
180.0 6.70804931798
182.5 6.79997153792
185.0 6.89192591193
187.5 6.98391108331
190.0 7.07592577867
192.5 7.16796880129
195.0 7.26003902494
197.5 7.35213538845
200.0 7.44425689064
202.5 7.5364025858
205.0 7.6285715795
207.5 7.72076302486
210.0 7.81297611905
212.5 7.90521010021
215.0 7.99746424449
217.5 8.08973786348
220.0 8.18203030177
222.5 8.27434093475
225.0 8.36666916657
230.0 8.55137617616
235.0 8.73614707196
240.0 8.92097795084
245.0 9.10586522373
250.0 9.29080558035
255.0 9.4757959589
260.0 9.66083352007
265.0 9.84591562455
270.0 10.0310398135
275.0 10.2162037918
280.0 10.401405413
285.0 10.5866426662
290.0 10.7719136653
295.0 10.957216638
300.0 11.1425499175
305.0 11.3279119342
310.0 11.5133012083
315.0 11.6987163442
320.0 11.8841560235
330.0 12.2551040992
340.0 12.6261362604
350.0 12.997244288
360.0 13.3684208056
370.0 13.7396591849
380.0 14.1109534632
390.0 14.482298272
400.0 14.8536887752
410.0 15.2251206141
420.0 15.5965898588
430.0 15.9680929652
440.0 16.3396267364
450.0 16.7111882885
460.0 17.0827750191
470.0 17.4543845802
480.0 17.8260148529
490.0 18.1976639247
500.0 18.5693300693
510.0 18.9410117286
520.0 19.3127074955
530.0 19.6844160996
540.0 20.0561363936
550.0 20.4278673409
560.0 20.7996080049
570.0 21.171357539
580.0 21.5431151778
590.0 21.9148802291
600.0 22.2866520663
610.0 22.6584301225
620.0 23.030213884
630.0 23.4020028854
640.0 23.7737967048
650.0 24.1455949594
660.0 24.5173973017
670.0 24.8892034158
680.0 25.261013015
690.0 25.6328258379
700.0 26.0046416468
710.0 26.3764602251
720.0 26.748281375
730.0 27.1201049162
740.0 27.4919306837
750.0 27.8637585267
760.0 28.2355883071
770.0 28.6074198983
780.0 28.979253184
790.0 29.3510880577
800.0 29.7229244211
810.0 30.0947621841
820.0 30.4666012632
830.0 30.8384415818
840.0 31.2102830689
850.0 31.5821256589
860.0 31.953969291
870.0 32.3258139091
880.0 32.6976594609
890.0 33.069505898
900.0 33.4413531752
910.0 33.8132012506
920.0 34.1850500852
930.0 34.5568996425
940.0 34.9287498885
950.0 35.3006007915
960.0 35.6724523217
970.0 36.0443044514
980.0 36.4161571544
990.0 36.7880104065
1000.0 37.1598641847
1010.0 37.5317184676
1020.0 37.9035732351
1030.0 38.2754284681
1040.0 38.6472841489
1050.0 39.0191402608
1060.0 39.390996788
1070.0 39.7628537158
1080.0 40.1347110301
1090.0 40.506568718
1100.0 40.8784267671
1110.0 41.2502851657
1120.0 41.6221439031
1130.0 41.9940029688
1140.0 42.3658623533
1150.0 42.7377220476
1160.0 43.109582043
1170.0 43.4814423317
1180.0 43.8533029061
1190.0 44.2251637593
1200.0 44.5970248846
1210.0 44.968886276
1220.0 45.3407479278
1230.0 45.7126098346
1240.0 46.0844719916
1250.0 46.4563343941
1260.0 46.8281970381
1270.0 47.2000599195
1280.0 47.571923035
1290.0 47.9437863812
1300.0 48.3156499554
1310.0 48.6875137547
1320.0 49.059377777
1330.0 49.4312420203
1340.0 49.8031064826
1350.0 50.1749711625
1360.0 50.5468360588
1370.0 50.9187011705
1380.0 51.2905664969
1390.0 51.6624320373
1400.0 52.0342977916
1410.0 52.4061637597
1420.0 52.7780299418
1430.0 53.1498963383
1440.0 53.5217629499
1450.0 53.8936297774
1460.0 54.2654968218
1470.0 54.6373640845
1480.0 55.009231567
1490.0 55.3810992709
1500.0 55.7529671981
1510.0 56.1248353507
1520.0 56.4967037311
1530.0 56.8685723418
1540.0 57.2404411855
1550.0 57.612310265
1560.0 57.9841795836
1570.0 58.3560491444
1580.0 58.7279189511
1590.0 59.0997890073
1600.0 59.4716593169
1610.0 59.843529884
1620.0 60.215400713
1630.0 60.5872718082
1640.0 60.9591431745
1650.0 61.3310148166
1660.0 61.7028867397
1670.0 62.0747589491
1680.0 62.4466314503
1690.0 62.8185042489
1700.0 63.1903773509
1710.0 63.5622507624
1720.0 63.9341244896
1730.0 64.3059985391
1740.0 64.6778729176
1750.0 65.049747632
1760.0 65.4216226896
1770.0 65.7934980975
1780.0 66.1653738634
1790.0 66.5372499951
1800.0 66.9091265006
1810.0 67.281003388
1820.0 67.6528806659
1830.0 68.0247583429
1840.0 68.3966364278
1850.0 68.7685149299
1860.0 69.1403938583
1870.0 69.5122732228
1880.0 69.8841530331
1890.0 70.2560332992
1900.0 70.6279140315
1910.0 70.9997952404
1920.0 71.3716769367
1930.0 71.7435591314
1940.0 72.1154418357
1950.0 72.4873250613
1960.0 72.8592088197
1970.0 73.231093123
1980.0 73.6029779835
1990.0 73.9748634136
2000.0 74.3467494262
2010.0 74.7186360343
2020.0 75.0905232511
2030.0 75.4624110904
2040.0 75.8342995658
2050.0 76.2061886916
2060.0 76.5780784821
2070.0 76.949968952
2080.0 77.3218601162
2090.0 77.6937519899
2100.0 78.0656445888
2110.0 78.4375379285
2120.0 78.8094320253
2130.0 79.1813268954
2140.0 79.5532225555
2150.0 79.9251190227
2160.0 80.2970163142
2170.0 80.6689144476
2180.0 81.0408134408
2190.0 81.412713312
2200.0 81.7846140797
2210.0 82.1565157627
2220.0 82.5284183801
2230.0 82.9003219514
2240.0 83.2722264963
2250.0 83.644132035
2260.0 84.0160385878
2270.0 84.3879461755
2280.0 84.7598548191
2290.0 85.13176454
2300.0 85.50367536
2310.0 85.8755873011
2320.0 86.2475003856
2330.0 86.6194146364
2340.0 86.9913300764
2350.0 87.3632467291
2360.0 87.7351646182
2370.0 88.1070837679
2380.0 88.4790042024
2390.0 88.8509259467
2400.0 89.2228490258
2410.0 89.5947734652
2420.0 89.9666992907
2430.0 90.3386265286
2440.0 90.7105552053
2450.0 91.0824853477
2460.0 91.4544169831
2470.0 91.826350139
2480.0 92.1982848434
2490.0 92.5702211247
2500.0 92.9421590114
2510.0 93.3140985326
2520.0 93.6860397177
2530.0 94.0579825964
2540.0 94.4299271988
2550.0 94.8018735553
2560.0 95.1738216968
2570.0 95.5457716545
2580.0 95.9177234598
2590.0 96.2896771447
2600.0 96.6616327415
2610.0 97.0335902826
2620.0 97.4055498012
2630.0 97.7775113304
2640.0 98.149474904
2650.0 98.5214405561
2660.0 98.8934083209
2670.0 99.2653782333
2680.0 99.6373503282
2690.0 100.009324641
2700.0 100.381301208
2710.0 100.753280065
2720.0 101.125261248
2730.0 101.497244794
2740.0 101.869230741
2750.0 102.241219126
2760.0 102.613209986
2770.0 102.98520336
2780.0 103.357199287
2790.0 103.729197804
2800.0 104.101198952
2810.0 104.47320277
2820.0 104.845209297
2830.0 105.217218574
2840.0 105.58923064
2850.0 105.961245537
2860.0 106.333263306
2870.0 106.705283988
2880.0 107.077307624
2890.0 107.449334257
2900.0 107.821363928
2910.0 108.19339668
2920.0 108.565432556
2930.0 108.937471599
2940.0 109.309513851
2950.0 109.681559357
2960.0 110.05360816
2970.0 110.425660305
2980.0 110.797715834
2990.0 111.169774794
3000.0 111.541837228
3010.0 111.913903182
3020.0 112.285972701
3030.0 112.658045829
3040.0 113.030122613
3050.0 113.402203099
3060.0 113.774287332
3070.0 114.146375358
3080.0 114.518467223
3090.0 114.890562975
3100.0 115.26266266
3110.0 115.634766324
3120.0 116.006874014
3130.0 116.378985778
3140.0 116.751101662
3150.0 117.123221714
3160.0 117.495345981
3170.0 117.867474511
3180.0 118.239607351
3190.0 118.611744548
3200.0 118.983886151
3210.0 119.356032207
3220.0 119.728182764
3230.0 120.10033787
3240.0 120.472497573
3250.0 120.84466192
3260.0 121.216830959
3270.0 121.589004738
3280.0 121.961183306
3290.0 122.333366709
3300.0 122.705554996
3310.0 123.077748214
3320.0 123.449946411
3330.0 123.822149635
3340.0 124.194357934
3350.0 124.566571353
3360.0 124.938789942
3370.0 125.311013746
3380.0 125.683242814
3390.0 126.055477192
3400.0 126.427716926
3410.0 126.799962064
3420.0 127.172212651
3430.0 127.544468734
3440.0 127.916730359
3450.0 128.288997572
3460.0 128.661270418
3470.0 129.033548942
3480.0 129.40583319
3490.0 129.778123206
3500.0 130.150419035
3510.0 130.522720721
3520.0 130.895028307
3530.0 131.267341838
3540.0 131.639661355
3550.0 132.011986903
3560.0 132.384318524
3570.0 132.756656259
3580.0 133.129000151
3590.0 133.50135024
3600.0 133.873706568
3610.0 134.246069175
3620.0 134.6184381
3630.0 134.990813383
3640.0 135.363195064
3650.0 135.73558318
3660.0 136.10797777
3670.0 136.480378871
3680.0 136.852786521
3690.0 137.225200754
3700.0 137.597621608
3710.0 137.970049117
3720.0 138.342483317
3730.0 138.71492424
3740.0 139.087371921
3750.0 139.459826393
3760.0 139.832287686
3770.0 140.204755834
3780.0 140.577230866
3790.0 140.949712813
3800.0 141.322201705
3810.0 141.694697569
3820.0 142.067200433
3830.0 142.439710326
3840.0 142.812227274
3850.0 143.184751301
3860.0 143.557282434
3870.0 143.929820696
3880.0 144.30236611
3890.0 144.674918699
3900.0 145.047478486
3910.0 145.420045489
3920.0 145.79261973
3930.0 146.165201228
3940.0 146.53779
3950.0 146.910386065
3960.0 147.282989438
3970.0 147.655600135
3980.0 148.028218171
3990.0 148.400843559
4000.0 148.773476313
4010.0 149.146116443
4020.0 149.518763962
4030.0 149.891418877
4040.0 150.264081199
4050.0 150.636750936
4060.0 151.009428093
4070.0 151.382112677
4080.0 151.754804694
4090.0 152.127504146
4100.0 152.500211036
4110.0 152.872925366
4120.0 153.245647137
4130.0 153.618376349
4140.0 153.991112999
4150.0 154.363857086
4160.0 154.736608605
4170.0 155.109367553
4180.0 155.482133923
4190.0 155.854907708
4200.0 156.227688901
4210.0 156.600477492
4220.0 156.973273471
4230.0 157.346076827
4240.0 157.718887548
4250.0 158.091705619
4260.0 158.464531026
4270.0 158.837363753
4280.0 159.210203784
4290.0 159.5830511
4300.0 159.955905681
4310.0 160.328767508
4320.0 160.701636559
4330.0 161.074512811
4340.0 161.447396241
4350.0 161.820286823
4360.0 162.193184531
4370.0 162.566089338
4380.0 162.939001216
4390.0 163.311920135
4400.0 163.684846065
4410.0 164.057778972
4420.0 164.430718826
4430.0 164.80366559
4440.0 165.176619231
4450.0 165.549579712
4460.0 165.922546995
4470.0 166.295521041
4480.0 166.668501811
4490.0 167.041489264
4500.0 167.414483358
4510.0 167.787484049
4520.0 168.160491295
4530.0 168.533505048
4540.0 168.906525264
4550.0 169.279551894
4560.0 169.652584889
4570.0 170.025624201
4580.0 170.398669779
4590.0 170.77172157
4600.0 171.144779523
4610.0 171.517843583
4620.0 171.890913696
4630.0 172.263989805
4640.0 172.637071854
4650.0 173.010159785
4660.0 173.383253539
4670.0 173.756353056
4680.0 174.129458276
4690.0 174.502569137
4700.0 174.875685576
4710.0 175.24880753
4720.0 175.621934934
4730.0 175.995067723
4740.0 176.368205831
4750.0 176.74134919
4760.0 177.114497733
4770.0 177.48765139
4780.0 177.860810092
4790.0 178.233973769
4800.0 178.607142349
4810.0 178.980315761
4820.0 179.35349393
4830.0 179.726676785
4840.0 180.099864251
4850.0 180.473056252
4860.0 180.846252713
4870.0 181.219453558
4880.0 181.59265871
4890.0 181.965868081
4900.0 182.339081609
4910.0 182.712299205
4920.0 183.08552079
4930.0 183.458746284
4940.0 183.831975606
4950.0 184.205208675
4960.0 184.57844541
4970.0 184.951685727
4980.0 185.324929544
4990.0 185.698176777
5000.0 186.071427342
5010.0 186.444681156
5020.0 186.817938133
5030.0 187.191198189
5040.0 187.564461237
5050.0 187.937727192
5060.0 188.310995968
5070.0 188.684267477
5080.0 189.057541634
5090.0 189.430818351
5100.0 189.80409754
5110.0 190.177379114
5120.0 190.550662985
5130.0 190.923949064
5140.0 191.297237264
5150.0 191.670527496
5160.0 192.043819672
5170.0 192.417113702
5180.0 192.790409499
5190.0 193.163706972
5200.0 193.537006034
5210.0 193.910306594
5220.0 194.283608565
5230.0 194.656911857
5240.0 195.030216382
5250.0 195.403522049
5260.0 195.776828771
5270.0 196.150136459
5280.0 196.523445024
5290.0 196.896754377
5300.0 197.270064431
5310.0 197.643375097
5320.0 198.016686286
5330.0 198.389997912
5340.0 198.763309886
5350.0 199.136622121
5360.0 199.509934531
5370.0 199.883247028
5380.0 200.256559526
5390.0 200.629871938
5400.0 201.003184179
5410.0 201.376496164
5420.0 201.749807807
5430.0 202.123119024
5440.0 202.496429731
5450.0 202.869739843
5460.0 203.243049277
5470.0 203.61635795
5480.0 203.989665781
5490.0 204.362972686
5500.0 204.736278585
5510.0 205.109583397
5520.0 205.482887041
5530.0 205.856189438
5540.0 206.229490509
5550.0 206.602790174
5560.0 206.976088357
5570.0 207.34938498
5580.0 207.722679965
5590.0 208.095973238
5600.0 208.469264723
5610.0 208.842554345
5620.0 209.215842031
5630.0 209.589127707
5640.0 209.962411301
5650.0 210.33569274
5660.0 210.708971955
5670.0 211.082248875
5680.0 211.45552343
5690.0 211.828795553
5700.0 212.202065174
5710.0 212.575332228
5720.0 212.948596648
5730.0 213.321858368
5740.0 213.695117325
5750.0 214.068373455
5760.0 214.441626694
5770.0 214.814876982
5780.0 215.188124257
5790.0 215.561368458
5800.0 215.934609528
5810.0 216.307847408
5820.0 216.681082039