0.0 0.0
120.0 4.50863142871
120.625 4.53114275714
121.25 4.55366283854
122.5 4.59872857088
123.75 4.64382729177
125.0 4.68895773566
126.25 4.73411870121
127.5 4.7793090475
128.75 4.82452769037
130.0 4.86977359908
131.25 4.91504579321
132.5 4.9603433397
133.75 5.00566535011
135.0 5.05101097815
136.25 5.09637941719
137.5 5.14176989812
138.75 5.1871816872
140.0 5.23261408417
141.25 5.27806642033
142.5 5.3235380569
143.75 5.36902838338
145.0 5.41453681603
146.25 5.46006279645
147.5 5.50560579028
148.75 5.55116528589
150.0 5.59674079325
151.25 5.64233184277
152.5 5.6879379843
153.75 5.73355878615
155.0 5.7791938341
156.25 5.82484273061
157.5 5.87050509392
158.75 5.91618055733
160.0 5.96186876842
161.25 6.00756938841
162.5 6.05328209144
165.0 6.14474250439
167.5 6.23624763698
170.0 6.32779528995
172.5 6.41938341964
175.0 6.51101012417
177.5 6.60267363093
180.0 6.69437228545
182.5 6.78610454133
185.0 6.87786895108
187.5 6.96966415801
190.0 7.06148888873
192.5 7.1533419465
195.0 7.2452222051
197.5 7.33712860336
200.0 7.4290601401
202.5 7.52101586959
205.0 7.61299489741
207.5 7.70499637668
210.0 7.79701950457
212.5 7.88906351921
215.0 7.98112769674
217.5 8.07321134876
220.0 8.16531381986
222.5 8.25743448542
225.0 8.34957274958
230.0 8.53389982317
235.0 8.718290782
240.0 8.90274172292
245.0 9.08724905685
250.0 9.27180947349
255.0 9.45641991101
260.0 9.64107753007
265.0 9.82577969133
270.0 10.010523936
275.0 10.1953079688
280.0 10.3801296432
285.0 10.5649869486
290.0 10.7498779986
295.0 10.934801021
300.0 11.1197543488
305.0 11.3047364125
310.0 11.4897457323
315.0 11.6747809125
320.0 11.8598406347
330.0 12.2300287918
340.0 12.6003010285
350.0 12.9706491251
360.0 13.3410657053
370.0 13.7115441403
380.0 14.082078467
390.0 14.4526633169
400.0 14.8232938533
410.0 15.1939657173
420.0 15.5646749786
430.0 15.9354180927
440.0 16.3061918624
450.0 16.6769934032
460.0 17.0478201126
470.0 17.418669642
480.0 17.7895398721
490.0 18.1604288899
500.0 18.5313349687
510.0 18.9022565497
520.0 19.2731922256
530.0 19.6441407253
540.0 20.015100901
550.0 20.3860717154
560.0 20.7570522315
570.0 21.128041602
580.0 21.4990390609
590.0 21.8700439153
600.0 22.241055538
610.0 22.6120733612
620.0 22.9830968708
630.0 23.3541256004
640.0 23.7251591274
650.0 24.0961970682
660.0 24.4672390743
670.0 24.8382848294
680.0 25.2093340453
690.0 25.5803864601
700.0 25.9514418351
710.0 26.3224999526
720.0 26.6935606138
730.0 27.0646236374
740.0 27.4356888572
750.0 27.8067561215
760.0 28.1778252907
770.0 28.5488962373
780.0 28.9199688437
790.0 29.291043002
800.0 29.6621186127
810.0 30.0331955842
820.0 30.4042738317
830.0 30.7753532771
840.0 31.1464338479
850.0 31.5175154769
860.0 31.8885981019
870.0 32.2596816648
880.0 32.6307661119
890.0 33.0018513928
900.0 33.3729374607
910.0 33.7440242718
920.0 34.115111785
930.0 34.4861999619
940.0 34.8572887666
950.0 35.228378165
960.0 35.5994681252
970.0 35.9705586174
980.0 36.341649613
990.0 36.7127410854
1000.0 37.0838330092
1010.0 37.4549253603
1020.0 37.8260181161
1030.0 38.1971112549
1040.0 38.5682047561
1050.0 38.9392986002
1060.0 39.3103927684
1070.0 39.6814872431
1080.0 40.0525820071
1090.0 40.4236770441
1100.0 40.7947723386
1110.0 41.1658678756
1120.0 41.5369636405
1130.0 41.9080596197
1140.0 42.2791557998
1150.0 42.6502521679
1160.0 43.0213487116
1170.0 43.392445419
1180.0 43.7635422784
1190.0 44.1346392786
1200.0 44.5057364087
1210.0 44.876833658
1220.0 45.2479310164
1230.0 45.6190284738
1240.0 45.9901260204
1250.0 46.3612236466
1260.0 46.7323213432
1270.0 47.103419101
1280.0 47.4745169112
1290.0 47.8456147649
1300.0 48.2167126535
1310.0 48.5878105687
1320.0 48.9589085021
1330.0 49.3300064454
1340.0 49.7011043907
1350.0 50.07220233
1360.0 50.4433002552
1370.0 50.8143981588
1380.0 51.1854960328
1390.0 51.5565938697
1400.0 51.9276916618
1410.0 52.2987894016
1420.0 52.6698870815
1430.0 53.040984694
1440.0 53.4120822316
1450.0 53.7831796869
1460.0 54.1542770524
1470.0 54.5253743206
1480.0 54.8964714842
1490.0 55.2675685356
1500.0 55.6386654673
1510.0 56.009762272
1520.0 56.3808589419
1530.0 56.7519554695
1540.0 57.1230518473
1550.0 57.4941480676
1560.0 57.8652441227
1570.0 58.2363400048
1580.0 58.6074357061
1590.0 58.9785312187
1600.0 59.3496265348
1610.0 59.7207216461
1620.0 60.0918165447
1630.0 60.4629112224
1640.0 60.8340056708
1650.0 61.2050998816
1660.0 61.5761938463
1670.0 61.9472875564
1680.0 62.3183810031
1690.0 62.6894741777
1700.0 63.0605670713
1710.0 63.4316596748
1720.0 63.8027519791
1730.0 64.173843975
1740.0 64.5449356529
1750.0 64.9160270034
1760.0 65.2871180168
1770.0 65.6582086833
1780.0 66.0292989928
1790.0 66.4003889353
1800.0 66.7714785004
1810.0 67.1425676778
1820.0 67.5136564569
1830.0 67.8847448268
1840.0 68.2558327766
1850.0 68.6269202952
1860.0 68.9980073714
1870.0 69.3690939936
1880.0 69.7401801502
1890.0 70.1112658293
1900.0 70.482351019
1910.0 70.8534357069
1920.0 71.2245198806
1930.0 71.5956035276
1940.0 71.9666866348
1950.0 72.3377691894
1960.0 72.708851178
1970.0 73.0799325871
1980.0 73.451013403
1990.0 73.8220936118
2000.0 74.1931731993
2010.0 74.5642521511
2020.0 74.9353304527
2030.0 75.306408089
2040.0 75.6774850451
2050.0 76.0485613056
2060.0 76.4196368548
2070.0 76.7907116769
2080.0 77.1617857558
2090.0 77.5328590752
2100.0 77.9039316184
2110.0 78.2750033685
2120.0 78.6460743083
2130.0 79.0171444205
2140.0 79.3882136873
2150.0 79.7592820908
2160.0 80.1303496126
2170.0 80.5014162343
2180.0 80.872481937
2190.0 81.2435467016
2200.0 81.6146105087
2210.0 81.9856733386
2220.0 82.3567351713
2230.0 82.7277959865
2240.0 83.0988557635
2250.0 83.4699144816
2260.0 83.8409721194
2270.0 84.2120286555
2280.0 84.583084068
2290.0 84.9541383348
2300.0 85.3251914334
2310.0 85.696243341
2320.0 86.0672940345
2330.0 86.4383434905
2340.0 86.8093916852
2350.0 87.1804385945
2360.0 87.551484194
2370.0 87.9225284591
2380.0 88.2935713645
2390.0 88.6646128848
2400.0 89.0356529944
2410.0 89.4066916671
2420.0 89.7777288765
2430.0 90.1487645958
2440.0 90.5197987979
2450.0 90.8908314554
2460.0 91.2618625403
2470.0 91.6328920247
2480.0 92.0039198799
2490.0 92.3749460771
2500.0 92.7459705872
2510.0 93.1169933805
2520.0 93.4880144273
2530.0 93.8590336971
2540.0 94.2300511594
2550.0 94.6010667834
2560.0 94.9720805375
2570.0 95.3430923903
2580.0 95.7141023097
2590.0 96.0851102632
2600.0 96.4561162183
2610.0 96.8271201419
2620.0 97.1981220004
2630.0 97.5691217603
2640.0 97.9401193872
2650.0 98.3111148469
2660.0 98.6821081044
2670.0 99.0530991246
2680.0 99.424087872
2690.0 99.7950743108
2700.0 100.166058405
2710.0 100.537040117
2720.0 100.908019412
2730.0 101.27899625
2740.0 101.649970596
2750.0 102.020942411
2760.0 102.391911657
2770.0 102.762878296
2780.0 103.133842288
2790.0 103.504803594
2800.0 103.875762175
2810.0 104.246717991
2820.0 104.617671002
2830.0 104.988621168
2840.0 105.359568447
2850.0 105.730512799
2860.0 106.101454182
2870.0 106.472392555
2880.0 106.843327876
2890.0 107.214260102
2900.0 107.585189192
2910.0 107.956115101
2920.0 108.327037788
2930.0 108.697957209
2940.0 109.068873321
2950.0 109.439786078
2960.0 109.810695439
2970.0 110.181601357
2980.0 110.552503789
2990.0 110.92340269
3000.0 111.294298015
3010.0 111.665189719
3020.0 112.036077755
3030.0 112.406962079
3040.0 112.777842645
3050.0 113.148719406
3060.0 113.519592316
3070.0 113.89046133
3080.0 114.2613264
3090.0 114.632187479
3100.0 115.003044521
3110.0 115.373897479
3120.0 115.744746306
3130.0 116.115590953
3140.0 116.486431375
3150.0 116.857267523
3160.0 117.228099349
3170.0 117.598926806
3180.0 117.969749847
3190.0 118.340568422
3200.0 118.711382485
3210.0 119.082191987
3220.0 119.45299688
3230.0 119.823797116
3240.0 120.194592647
3250.0 120.565383425
3260.0 120.936169402
3270.0 121.306950529
3280.0 121.677726759
3290.0 122.048498043
3300.0 122.419264334
3310.0 122.790025582
3320.0 123.160781741
3330.0 123.531532763
3340.0 123.9022786
3350.0 124.273019203
3360.0 124.643754527
3370.0 125.014484522
3380.0 125.385209142
3390.0 125.75592834
3400.0 126.126642068
3410.0 126.49735028
3420.0 126.86805293
3430.0 127.23874997
3440.0 127.609441355
3450.0 127.980127038
3460.0 128.350806974
3470.0 128.721481117
3480.0 129.092149422
3490.0 129.462811843
3500.0 129.833468337
3510.0 130.204118859
3520.0 130.574763364
3530.0 130.94540181
3540.0 131.316034152
3550.0 131.686660347
3560.0 132.057280353
3570.0 132.427894127
3580.0 132.798501628
3590.0 133.169102814
3600.0 133.539697644
3610.0 133.910286078
3620.0 134.280868074
3630.0 134.651443594
3640.0 135.022012598
3650.0 135.392575048
3660.0 135.763130904
3670.0 136.133680131
3680.0 136.504222689
3690.0 136.874758543
3700.0 137.245287657
3710.0 137.615809996
3720.0 137.986325523
3730.0 138.356834206
3740.0 138.72733601
3750.0 139.097830902
3760.0 139.468318851
3770.0 139.838799823
3780.0 140.209273789
3790.0 140.579740718
3800.0 140.95020058
3810.0 141.320653346
3820.0 141.691098989
3830.0 142.06153748
3840.0 142.431968793
3850.0 142.802392902
3860.0 143.172809782
3870.0 143.543219409
3880.0 143.913621758
3890.0 144.284016807
3900.0 144.654404535
3910.0 145.02478492
3920.0 145.395157942
3930.0 145.765523581
3940.0 146.13588182
3950.0 146.50623264
3960.0 146.876576024
3970.0 147.246911958
3980.0 147.617240426
3990.0 147.987561414
4000.0 148.35787491
4010.0 148.7281809
4020.0 149.098479375
4030.0 149.468770324
4040.0 149.839053738
4050.0 150.209329609
4060.0 150.579597929
4070.0 150.949858693
4080.0 151.320111895
4090.0 151.690357532
4100.0 152.0605956
4110.0 152.430826097
4120.0 152.801049023
4130.0 153.171264378
4140.0 153.541472162
4150.0 153.911672379
4160.0 154.28186503
4170.0 154.652050122
4180.0 155.022227659
4190.0 155.392397648
4200.0 155.762560096
4210.0 156.132715013
4220.0 156.502862408
4230.0 156.873002293
4240.0 157.24313468
4250.0 157.613259581
4260.0 157.983377012
4270.0 158.353486988
4280.0 158.723589525
4290.0 159.093684642
4300.0 159.463772357
4310.0 159.833852691
4320.0 160.203925665
4330.0 160.5739913
4340.0 160.944049622
4350.0 161.314100654
4360.0 161.684144422
4370.0 162.054180954
4380.0 162.424210277
4390.0 162.79423242
4400.0 163.164247415
4410.0 163.534255292
4420.0 163.904256085
4430.0 164.274249827
4440.0 164.644236552
4450.0 165.014216298
4460.0 165.384189102
4470.0 165.754155001
4480.0 166.124114035
4490.0 166.494066246
4500.0 166.864011673
4510.0 167.233950361
4520.0 167.603882353
4530.0 167.973807695
4540.0 168.343726431
4550.0 168.71363861
4560.0 169.08354428
4570.0 169.45344349
4580.0 169.823336289
4590.0 170.193222731
4600.0 170.563102866
4610.0 170.93297675
4620.0 171.302844435
4630.0 171.672705978
4640.0 172.042561435
4650.0 172.412410863
4660.0 172.782254322
4670.0 173.15209187
4680.0 173.521923568
4690.0 173.891749477
4700.0 174.261569661
4710.0 174.63138418
4720.0 175.001193101
4730.0 175.370996488
4740.0 175.740794407
4750.0 176.110586925
4760.0 176.480374109
4770.0 176.850156027
4780.0 177.21993275
4790.0 177.589704347
4800.0 177.959470889
4810.0 178.329232447
4820.0 178.698989095
4830.0 179.068740905
4840.0 179.438487952
4850.0 179.808230309
4860.0 180.177968052
4870.0 180.547701257
4880.0 180.917430001
4890.0 181.287154371
4900.0 181.656874429
4910.0 182.026590263
4920.0 182.396301951
4930.0 182.766009574
4940.0 183.135713212
4950.0 183.505412945
4960.0 183.875108855
4970.0 184.244801025
4980.0 184.614489537
4990.0 184.984174473
5000.0 185.353855917
5010.0 185.723533953
5020.0 186.093208666
5030.0 186.46288014
5040.0 186.83254846
5050.0 187.202213711
5060.0 187.571875981
5070.0 187.941535354
5080.0 188.311191917
5090.0 188.680845756
5100.0 189.05049696
5110.0 189.420145615
5120.0 189.789791809
5130.0 190.159435628
5140.0 190.529077162
5150.0 190.898716498
5160.0 191.268353724
5170.0 191.637988928
5180.0 192.007622199
5190.0 192.377253625
5200.0 192.746883295
5210.0 193.116511297
5220.0 193.486137719
5230.0 193.855762651
5240.0 194.22538618
5250.0 194.595008395
5260.0 194.964629384
5270.0 195.334249236
5280.0 195.703868039
5290.0 196.073485881
5300.0 196.443102849
5310.0 196.812719031
5320.0 197.182334515
5330.0 197.551949388
5340.0 197.921563737
5350.0 198.291177649
5360.0 198.66079121
5370.0 199.030404507
5380.0 199.400017626
5390.0 199.769630652
5400.0 200.13924367
5410.0 200.508856766
5420.0 200.878470023
5430.0 201.248083526
5440.0 201.617697359
5450.0 201.987311605
5460.0 202.356926346
5470.0 202.726541665
5480.0 203.096157644
5490.0 203.465774364
5500.0 203.835391905
5510.0 204.205010349
5520.0 204.574629774
5530.0 204.94425026
5540.0 205.313871885
5550.0 205.683494727
5560.0 206.053118864
5570.0 206.422744372
5580.0 206.792371326
5590.0 207.161999804
5600.0 207.531629877
5610.0 207.901261622
5620.0 208.270895111
5630.0 208.640530416
5640.0 209.01016761
5650.0 209.379806762
5660.0 209.749447945
5670.0 210.119091226
5680.0 210.488736674
5690.0 210.858384358
5700.0 211.228034344
5710.0 211.597686699
5720.0 211.967341488
5730.0 212.336998775
5740.0 212.706658625
5750.0 213.076321099
5760.0 213.44598626
5770.0 213.815654169
5780.0 214.185324886
5790.0 214.55499847
5800.0 214.92467498
5810.0 215.294354472
5820.0 215.664037004