0.0 0.0
120.0 4.51028584047
120.625 4.53280578564
121.25 4.55533448376
122.5 4.60041744956
123.75 4.64553340391
125.0 4.69068108124
126.25 4.73585928025
127.5 4.78106686
128.75 4.82630273632
130.0 4.87156587849
131.25 4.91685530608
132.5 4.96217008602
133.75 5.00750932989
135.0 5.05287219138
136.25 5.09825786388
137.5 5.14366557826
138.75 5.18909460081
140.0 5.23454423123
141.25 5.28001380084
142.5 5.32550267087
143.75 5.3710102308
145.0 5.41653589691
146.25 5.46207911079
147.5 5.50763933808
148.75 5.55321606714
150.0 5.59880880795
151.25 5.64441709093
152.5 5.69004046592
153.75 5.73567850122
155.0 5.78133078263
156.25 5.82699691259
157.5 5.87267650936
158.75 5.91836920622
160.0 5.96407465077
161.25 6.00979250421
162.5 6.05552244071
165.0 6.14701732057
167.5 6.23855692007
170.0 6.33013903995
172.5 6.42176163656
175.0 6.51342280799
177.5 6.60512078166
180.0 6.6968539031
182.5 6.78862062589
185.0 6.88041950255
187.5 6.97224917639
190.0 7.06410837402
192.5 7.1559958987
195.0 7.24791062422
197.5 7.33985148939
200.0 7.43181749304
202.5 7.52380768944
205.0 7.61582118418
207.5 7.70785713036
210.0 7.79991472516
212.5 7.89199320671
215.0 7.98409185116
217.5 8.07620997009
220.0 8.1683469081
222.5 8.26050204056
225.0 8.35267477164
230.0 8.53707077905
235.0 8.7215306717
240.0 8.90605054645
245.0 9.0906268142
250.0 9.27525616466
255.0 9.45993553601
260.0 9.64466208889
265.0 9.82943318398
270.0 10.0142463625
275.0 10.1990993291
280.0 10.3839899374
285.0 10.5689161766
290.0 10.7538761604
295.0 10.9388681166
300.0 11.1238903782
305.0 11.3089413757
310.0 11.4940196294
315.0 11.6791237433
320.0 11.8642523994
330.0 12.2345784242
340.0 12.6049885285
350.0 12.9754744928
360.0 13.3460289406
370.0 13.7166452432
380.0 14.0873174376
390.0 14.4580401551
400.0 14.8288085592
410.0 15.1996182909
420.0 15.5704654198
430.0 15.9413464015
440.0 16.3122580389
450.0 16.6831974473
460.0 17.0541620244
470.0 17.4251494215
480.0 17.7961575192
490.0 18.1671844046
500.0 18.538228351
510.0 18.9092877997
520.0 19.2803613432
530.0 19.6514477106
540.0 20.0225457539
550.0 20.393654436
560.0 20.7647728197
570.0 21.1359000579
580.0 21.5070353845
590.0 21.8781781065
600.0 22.2493275968
610.0 22.6204832877
620.0 22.9916446649
630.0 23.3628112622
640.0 23.7339826568
650.0 24.1051584652
660.0 24.4763383391
670.0 24.8475219617
680.0 25.2187090453
690.0 25.5898993278
700.0 25.9610925704
710.0 26.3322885555
720.0 26.7034870844
730.0 27.0746879756
740.0 27.4458910631
750.0 27.817096195
760.0 28.1883032319
770.0 28.5595120461
780.0 28.9307225202
790.0 29.3019345461
800.0 29.6731480245
810.0 30.0443628636
820.0 30.4155789788
830.0 30.7867962918
840.0 31.1580147302
850.0 31.5292342269
860.0 31.9004547195
870.0 32.2716761501
880.0 32.6428984648
890.0 33.0141216134
900.0 33.3853455489
910.0 33.7565702277
920.0 34.1277956085
930.0 34.4990216531
940.0 34.8702483254
950.0 35.2414755914
960.0 35.6127034194
970.0 35.9839317791
980.0 36.3551606424
990.0 36.7263899825
1000.0 37.0976197739
1010.0 37.4688499927
1020.0 37.8400806161
1030.0 38.2113116225
1040.0 38.5825429914
1050.0 38.9537747031
1060.0 39.325006739
1070.0 39.6962390813
1080.0 40.067471713
1090.0 40.4387046177
1100.0 40.8099377798
1110.0 41.1811711844
1120.0 41.552404817
1130.0 41.9236386638
1140.0 42.2948727116
1150.0 42.6661069473
1160.0 43.0373413587
1170.0 43.4085759337
1180.0 43.7798106607
1190.0 44.1510455286
1200.0 44.5222805263
1210.0 44.8935156433
1220.0 45.2647508694
1230.0 45.6359861944
1240.0 46.0072216086
1250.0 46.3784571025
1260.0 46.7496926667
1270.0 47.1209282922
1280.0 47.49216397
1290.0 47.8633996913
1300.0 48.2346354476
1310.0 48.6058712305
1320.0 48.9771070315
1330.0 49.3483428425
1340.0 49.7195786554
1350.0 50.0908144623
1360.0 50.4620502552
1370.0 50.8332860264
1380.0 51.2045217681
1390.0 51.5757574727
1400.0 51.9469931324
1410.0 52.3182287398
1420.0 52.6894642874
1430.0 53.0606997675
1440.0 53.4319351728
1450.0 53.8031704957
1460.0 54.1744057288
1470.0 54.5456408647
1480.0 54.916875896
1490.0 55.288110815
1500.0 55.6593456144
1510.0 56.0305802867
1520.0 56.4018148242
1530.0 56.7730492195
1540.0 57.144283465
1550.0 57.5155175529
1560.0 57.8867514756
1570.0 58.2579852254
1580.0 58.6292187943
1590.0 59.0004521746
1600.0 59.3716853583
1610.0 59.7429183373
1620.0 60.1141511035
1630.0 60.4853836488
1640.0 60.8566159649
1650.0 61.2278480433
1660.0 61.5990798757
1670.0 61.9703114534
1680.0 62.3415427678
1690.0 62.7127738101
1700.0 63.0840045713
1710.0 63.4552350425
1720.0 63.8264652144
1730.0 64.1976950779
1740.0 64.5689246235
1750.0 64.9401538417
1760.0 65.3113827227
1770.0 65.6826112568
1780.0 66.053839434
1790.0 66.4250672441
1800.0 66.7962946769
1810.0 67.167521722
1820.0 67.5387483686
1830.0 67.9099746062
1840.0 68.2812004237
1850.0 68.6524258099
1860.0 69.0236507538
1870.0 69.3948752436
1880.0 69.7660992679
1890.0 70.1373228146
1900.0 70.5085458719
1910.0 70.8797684275
1920.0 71.2509904689
1930.0 71.6222119834
1940.0 71.9934329584
1950.0 72.3646533806
1960.0 72.7358732368
1970.0 73.1070925135
1980.0 73.4783111971
1990.0 73.8495292735
2000.0 74.2207467287
2010.0 74.5919635482
2020.0 74.9631797174
2030.0 75.3343952214
2040.0 75.7056100451
2050.0 76.0768241732
2060.0 76.4480375901
2070.0 76.8192502798
2080.0 77.1904622264
2090.0 77.5616734134
2100.0 77.9328838243
2110.0 78.304093442
2120.0 78.6753022495
2130.0 79.0465102293
2140.0 79.4177173638
2150.0 79.7889236349
2160.0 80.1601290244
2170.0 80.5313335137
2180.0 80.9025370841
2190.0 81.2737397163
2200.0 81.6449413911
2210.0 82.0161420886
2220.0 82.3873417889
2230.0 82.7585404718
2240.0 83.1297381165
2250.0 83.5009347022
2260.0 83.8721302077
2270.0 84.2433246114
2280.0 84.6145178916
2290.0 84.985710026
2300.0 85.3569009922
2310.0 85.7280907675
2320.0 86.0992793286
2330.0 86.4704666522
2340.0 86.8416527146
2350.0 87.2128374916
2360.0 87.5840209588
2370.0 87.9552030914
2380.0 88.3263838645
2390.0 88.6975632525
2400.0 89.0687412297
2410.0 89.43991777
2420.0 89.8110928471
2430.0 90.182266434
2440.0 90.5534385038
2450.0 90.9246090289
2460.0 91.2957779815
2470.0 91.6669453335
2480.0 92.0381110564
2490.0 92.4092751213
2500.0 92.780437499
2510.0 93.15159816
2520.0 93.5227570743
2530.0 93.8939142118
2540.0 94.2650695418
2550.0 94.6362230334
2560.0 95.0073746552
2570.0 95.3785243756
2580.0 95.7496721626
2590.0 96.1208179838
2600.0 96.4919618066
2610.0 96.8631035978
2620.0 97.234243324
2630.0 97.6053809514
2640.0 97.9765164461
2650.0 98.3476497734
2660.0 98.7187808985
2670.0 99.0899097864
2680.0 99.4610364014
2690.0 99.8321607079
2700.0 100.203282669
2710.0 100.57440225
2720.0 100.945519412
2730.0 101.316634118
2740.0 101.687746332
2750.0 102.058856014
2760.0 102.429963128
2770.0 102.801067634
2780.0 103.172169493
2790.0 103.543268667
2800.0 103.914365116
2810.0 104.2854588
2820.0 104.656549678
2830.0 105.027637712
2840.0 105.398722859
2850.0 105.769805078
2860.0 106.140884329
2870.0 106.51196057
2880.0 106.883033758
2890.0 107.254103852
2900.0 107.625170809
2910.0 107.996234587
2920.0 108.367295141
2930.0 108.73835243
2940.0 109.109406409
2950.0 109.480457034
2960.0 109.851504262
2970.0 110.222548048
2980.0 110.593588348
2990.0 110.964625117
3000.0 111.335658309
3010.0 111.70668788
3020.0 112.077713784
3030.0 112.448735976
3040.0 112.819754409
3050.0 113.190769038
3060.0 113.561779816
3070.0 113.932786697
3080.0 114.303789635
3090.0 114.674788582
3100.0 115.045783492
3110.0 115.416774317
3120.0 115.787761012
3130.0 116.158743527
3140.0 116.529721816
3150.0 116.900695831
3160.0 117.271665525
3170.0 117.64263085
3180.0 118.013591758
3190.0 118.384548202
3200.0 118.755500132
3210.0 119.126447502
3220.0 119.497390262
3230.0 119.868328366
3240.0 120.239261765
3250.0 120.610190411
3260.0 120.981114255
3270.0 121.35203325
3280.0 121.722947347
3290.0 122.093856499
3300.0 122.464760657
3310.0 122.835659773
3320.0 123.2065538
3330.0 123.57744269
3340.0 123.948326394
3350.0 124.319204865
3360.0 124.690078056
3370.0 125.060945919
3380.0 125.431808407
3390.0 125.802665472
3400.0 126.173517068
3410.0 126.544363148
3420.0 126.915203665
3430.0 127.286038573
3440.0 127.656867825
3450.0 128.027691376
3460.0 128.39850918
3470.0 128.76932119
3480.0 129.140127363
3490.0 129.510927652
3500.0 129.881722014
3510.0 130.252510403
3520.0 130.623292776
3530.0 130.994069089
3540.0 131.364839299
3550.0 131.735603362
3560.0 132.106361235
3570.0 132.477112877
3580.0 132.847858246
3590.0 133.2185973
3600.0 133.589329997
3610.0 133.960056298
3620.0 134.330776162
3630.0 134.70148955
3640.0 135.072196422
3650.0 135.442896739
3660.0 135.813590463
3670.0 136.184277557
3680.0 136.554957983
3690.0 136.925631705
3700.0 137.296298687
3710.0 137.666958893
3720.0 138.037612288
3730.0 138.408258838
3740.0 138.77889851
3750.0 139.14953127
3760.0 139.520157086
3770.0 139.890775926
3780.0 140.26138776
3790.0 140.631992556
3800.0 141.002590286
3810.0 141.37318092
3820.0 141.74376443
3830.0 142.114340789
3840.0 142.48490997
3850.0 142.855471946
3860.0 143.226026694
3870.0 143.596574188
3880.0 143.967114405
3890.0 144.337647322
3900.0 144.708172917
3910.0 145.07869117
3920.0 145.449202059
3930.0 145.819705566
3940.0 146.190201673
3950.0 146.56069036
3960.0 146.931171613
3970.0 147.301645414
3980.0 147.67211175
3990.0 148.042570606
4000.0 148.413021969
4010.0 148.783465827
4020.0 149.153902169
4030.0 149.524330986
4040.0 149.894752267
4050.0 150.265166006
4060.0 150.635572194
4070.0 151.005970825
4080.0 151.376361895
4090.0 151.746745399
4100.0 152.117121335
4110.0 152.4874897
4120.0 152.857850494
4130.0 153.228203716
4140.0 153.598549368
4150.0 153.968887452
4160.0 154.339217972
4170.0 154.709540931
4180.0 155.079856335
4190.0 155.450164192
4200.0 155.820464508
4210.0 156.190757293
4220.0 156.561042556
4230.0 156.931320308
4240.0 157.301590562
4250.0 157.671853331
4260.0 158.04210863
4270.0 158.412356473
4280.0 158.782596878
4290.0 159.152829863
4300.0 159.523055445
4310.0 159.893273647
4320.0 160.263484488
4330.0 160.633687992
4340.0 161.003884181
4350.0 161.37407308
4360.0 161.744254716
4370.0 162.114429116
4380.0 162.484596306
4390.0 162.854756317
4400.0 163.22490918
4410.0 163.595054925
4420.0 163.965193585
4430.0 164.335325194
4440.0 164.705449788
4450.0 165.075567401
4460.0 165.445678072
4470.0 165.815781839
4480.0 166.185878741
4490.0 166.555968819
4500.0 166.926052114
4510.0 167.29612867
4520.0 167.66619853
4530.0 168.036261739
4540.0 168.406318343
4550.0 168.77636839
4560.0 169.146411927
4570.0 169.516449004
4580.0 169.886479672
4590.0 170.256503981
4600.0 170.626521984
4610.0 170.996533735
4620.0 171.366539288
4630.0 171.736538698
4640.0 172.106532023
4650.0 172.476519319
4660.0 172.846500645
4670.0 173.216476061
4680.0 173.586445627
4690.0 173.956409404
4700.0 174.326367455
4710.0 174.696319842
4720.0 175.066266631
4730.0 175.436207885
4740.0 175.806143672
4750.0 176.176074057
4760.0 176.545999109
4770.0 176.915918895
4780.0 177.285833485
4790.0 177.65574295
4800.0 178.025647359
4810.0 178.395546786
4820.0 178.765441301
4830.0 179.135330979
4840.0 179.505215893
4850.0 179.875096118
4860.0 180.244971729
4870.0 180.614842801
4880.0 180.984709413
4890.0 181.354571651
4900.0 181.724429576
4910.0 182.094283278
4920.0 182.464132833
4930.0 182.833978324
4940.0 183.203819829
4950.0 183.57365743
4960.0 183.943491208
4970.0 184.313321246
4980.0 184.683147625
4990.0 185.052970429
5000.0 185.422789741
5010.0 185.792605645
5020.0 186.162418225
5030.0 186.532227566
5040.0 186.902033754
5050.0 187.271836873
5060.0 187.64163701
5070.0 188.011434251
5080.0 188.381228681
5090.0 188.751020389
5100.0 189.12080946
5110.0 189.490595983
5120.0 189.860380044
5130.0 190.230161731
5140.0 190.599941133
5150.0 190.969718336
5160.0 191.339493429
5170.0 191.709266501
5180.0 192.07903764
5190.0 192.448806934
5200.0 192.818574471
5210.0 193.188340341
5220.0 193.558104631
5230.0 193.92786743
5240.0 194.297628827
5250.0 194.66738891
5260.0 195.037147767
5270.0 195.406905486
5280.0 195.776662157
5290.0 196.146417866
5300.0 196.516172701
5310.0 196.885926751
5320.0 197.255680103
5330.0 197.625432844
5340.0 197.995185061
5350.0 198.36493684
5360.0 198.734688269
5370.0 199.104439434
5380.0 199.47419042
5390.0 199.843941314
5400.0 200.2136922
5410.0 200.583443163
5420.0 200.953194288
5430.0 201.322945659
5440.0 201.692697359
5450.0 202.062449472
5460.0 202.432202081
5470.0 202.801955268
5480.0 203.171709114
5490.0 203.541463702
5500.0 203.911219111
5510.0 204.280975422
5520.0 204.650732715
5530.0 205.020491069
5540.0 205.390250561
5550.0 205.760011271
5560.0 206.129773276
5570.0 206.499536651
5580.0 206.869301474
5590.0 207.239067818
5600.0 207.60883576
5610.0 207.978605372
5620.0 208.348376729
5630.0 208.718149902
5640.0 209.087924963
5650.0 209.457701983
5660.0 209.827481033
5670.0 210.197262182
5680.0 210.567045498
5690.0 210.936831049
5700.0 211.306618903
5710.0 211.676409126
5720.0 212.046201782
5730.0 212.415996937
5740.0 212.785794654
5750.0 213.155594996
5760.0 213.525398025
5770.0 213.895203801
5780.0 214.265012386
5790.0 214.634823838
5800.0 215.004638215
5810.0 215.374455575
5820.0 215.744275975