0.0 0.0
120.0 4.50550642871
120.625 4.5280014811
121.25 4.55050528645
122.5 4.59553846671
123.75 4.64060463552
125.0 4.68570252732
126.25 4.73083094079
127.5 4.775988735
128.75 4.82117482578
130.0 4.86638818242
131.25 4.91162782446
132.5 4.95689281886
133.75 5.0021822772
135.0 5.04749535315
136.25 5.0928312401
137.5 5.13818916895
138.75 5.18356840595
140.0 5.22896825083
141.25 5.27438803491
142.5 5.3198271194
143.75 5.36528489379
145.0 5.41076077436
146.25 5.4562542027
147.5 5.50176464445
148.75 5.54729158798
150.0 5.59283454325
151.25 5.63839304068
152.5 5.68396663014
153.75 5.7295548799
155.0 5.77515737577
156.25 5.82077372019
157.5 5.86640353142
158.75 5.91204644274
160.0 5.95770210175
161.25 6.00337016966
162.5 6.04905032061
165.0 6.14044562939
167.5 6.23188565782
170.0 6.32336820662
172.5 6.41489123214
175.0 6.5064528325
177.5 6.59805123509
180.0 6.68968478545
182.5 6.78135193716
185.0 6.87305124275
187.5 6.96478134551
190.0 7.05654097206
192.5 7.14832892566
195.0 7.2401440801
197.5 7.3319853742
200.0 7.42385180676
202.5 7.51574243209
205.0 7.60765635575
207.5 7.69959273085
210.0 7.79155075457
212.5 7.88352966504
215.0 7.97552873841
217.5 8.06754728626
220.0 8.15958465319
222.5 8.25164021458
225.0 8.34371337458
230.0 8.52791023983
235.0 8.71217099033
240.0 8.89649172292
245.0 9.08086884852
250.0 9.26529905682
255.0 9.44977928601
260.0 9.63430669673
265.0 9.81887864967
270.0 10.003492686
275.0 10.1881465105
280.0 10.3728379766
285.0 10.5575650736
290.0 10.7423259153
295.0 10.9271187293
300.0 11.1119418488
305.0 11.2967937042
310.0 11.4816728157
315.0 11.6665777875
320.0 11.8515073014
330.0 12.2214350418
340.0 12.5914468618
350.0 12.9615345418
360.0 13.3316907053
370.0 13.7019087236
380.0 14.0721826337
390.0 14.4425070669
400.0 14.8128771867
410.0 15.183288634
420.0 15.5537374786
430.0 15.924220176
440.0 16.2947335291
450.0 16.6652746532
460.0 17.0358409459
470.0 17.4064300587
480.0 17.7770398721
490.0 18.1476684732
500.0 18.5183141353
510.0 18.8889752997
520.0 19.2596505589
530.0 19.630338642
540.0 20.001038401
550.0 20.3717487988
560.0 20.7424688982
570.0 21.113197852
580.0 21.4839348943
590.0 21.854679332
600.0 22.225430538
610.0 22.5961879446
620.0 22.9669510374
630.0 23.3377193504
640.0 23.7084924607
650.0 24.0792699848
660.0 24.4500515743
670.0 24.8208369127
680.0 25.191625712
690.0 25.5624177101
700.0 25.9332126684
710.0 26.3040103692
720.0 26.6748106138
730.0 27.0456132207
740.0 27.4164180239
750.0 27.7872248715
760.0 28.1580336241
770.0 28.528844154
780.0 28.8996563437
790.0 29.2704700853
800.0 29.6412852794
810.0 30.0121018342
820.0 30.382919665
830.0 30.7537386938
840.0 31.1245588479
850.0 31.4953800602
860.0 31.8662022685
870.0 32.2370254148
880.0 32.6078494452
890.0 32.9786743095
900.0 33.3494999607
910.0 33.7203263551
920.0 34.0911534517
930.0 34.4619812119
940.0 34.8328095999
950.0 35.2036385816
960.0 35.5744681252
970.0 35.9452982007
980.0 36.3161287797
990.0 36.6869598354
1000.0 37.0577913425
1010.0 37.428623277
1020.0 37.7994556161
1030.0 38.1702883382
1040.0 38.5411214227
1050.0 38.9119548502
1060.0 39.2827886018
1070.0 39.6536226598
1080.0 40.0244570071
1090.0 40.3952916275
1100.0 40.7661265053
1110.0 41.1369616256
1120.0 41.5077969739
1130.0 41.8786325364
1140.0 42.2494682998
1150.0 42.6203042512
1160.0 42.9911403783
1170.0 43.361976669
1180.0 43.7328131117
1190.0 44.1036496952
1200.0 44.4744864087
1210.0 44.8453232414
1220.0 45.2161601831
1230.0 45.5869972238
1240.0 45.9578343537
1250.0 46.3286715633
1260.0 46.6995088432
1270.0 47.0703461844
1280.0 47.4411835778
1290.0 47.8120210149
1300.0 48.1828584869
1310.0 48.5536959854
1320.0 48.9245335021
1330.0 49.2953710288
1340.0 49.6662085574
1350.0 50.03704608
1360.0 50.4078835886
1370.0 50.7787210755
1380.0 51.1495585328
1390.0 51.5203959531
1400.0 51.8912333285
1410.0 52.2620706516
1420.0 52.6329079148
1430.0 53.0037451106
1440.0 53.3745822316
1450.0 53.7454192702
1460.0 54.116256219
1470.0 54.4870930706
1480.0 54.8579298175
1490.0 55.2287664523
1500.0 55.5996029673
1510.0 55.9704393553
1520.0 56.3412756085
1530.0 56.7121117195
1540.0 57.0829476807
1550.0 57.4537834843
1560.0 57.8246191227
1570.0 58.1954545881
1580.0 58.5662898728
1590.0 58.9371249687
1600.0 59.3079598681
1610.0 59.6787945628
1620.0 60.0496290447
1630.0 60.4204633057
1640.0 60.7912973374
1650.0 61.1621311316
1660.0 61.5329646796
1670.0 61.903797973
1680.0 62.2746310031
1690.0 62.6454637611
1700.0 63.016296238
1710.0 63.3871284248
1720.0 63.7579603125
1730.0 64.1287918916
1740.0 64.4996231529
1750.0 64.8704540868
1760.0 65.2412846835
1770.0 65.6121149333
1780.0 65.9829448261
1790.0 66.3537743519
1800.0 66.7246035004
1810.0 67.0954322612
1820.0 67.4662606235
1830.0 67.8370885768
1840.0 68.2079161099
1850.0 68.5787432119
1860.0 68.9495698714
1870.0 69.3203960769
1880.0 69.6912218169
1890.0 70.0620470793
1900.0 70.4328718523
1910.0 70.8036961236
1920.0 71.1745198806
1930.0 71.5453431109
1940.0 71.9161658015
1950.0 72.2869879394
1960.0 72.6578095113
1970.0 73.0286305037
1980.0 73.399450903
1990.0 73.7702706951
2000.0 74.141089866
2010.0 74.5119084011
2020.0 74.882726286
2030.0 75.2535435057
2040.0 75.6243600451
2050.0 75.9951758889
2060.0 76.3659910214
2070.0 76.7368054269
2080.0 77.1076190892
2090.0 77.4784319919
2100.0 77.8492441184
2110.0 78.2200554518
2120.0 78.590865975
2130.0 78.9616756705
2140.0 79.3324845206
2150.0 79.7032925074
2160.0 80.0740996126
2170.0 80.4449058176
2180.0 80.8157111037
2190.0 81.1865154516
2200.0 81.557318842
2210.0 81.9281212553
2220.0 82.2989226713
2230.0 82.6697230698
2240.0 83.0405224302
2250.0 83.4113207316
2260.0 83.7821179528
2270.0 84.1529140722
2280.0 84.523709068
2290.0 84.8945029182
2300.0 85.2652956001
2310.0 85.636087091
2320.0 86.0068773678
2330.0 86.3776664071
2340.0 86.7484541852
2350.0 87.1192406778
2360.0 87.4900258607
2370.0 87.8608097091
2380.0 88.2315921978
2390.0 88.6023733015
2400.0 88.9731529944
2410.0 89.3439312504
2420.0 89.7147080432
2430.0 90.0854833458
2440.0 90.4562571313
2450.0 90.827029372
2460.0 91.1978000403
2470.0 91.568569108
2480.0 91.9393365466
2490.0 92.3101023271
2500.0 92.6808664205
2510.0 93.0516287972
2520.0 93.4223894273
2530.0 93.7931482804
2540.0 94.1639053261
2550.0 94.5346605334
2560.0 94.9054138709
2570.0 95.276165307
2580.0 95.6469148097
2590.0 96.0176623466
2600.0 96.388407885
2610.0 96.7591513919
2620.0 97.1298928338
2630.0 97.5006321769
2640.0 97.8713693872
2650.0 98.2421044302
2660.0 98.6128372711
2670.0 98.9835678746
2680.0 99.3542962054
2690.0 99.7250222275
2700.0 100.095745905
2710.0 100.466467201
2720.0 100.837186078
2730.0 101.2079025
2740.0 101.57861643
2750.0 101.949327828
2760.0 102.320036657
2770.0 102.690742879
2780.0 103.061446454
2790.0 103.432147344
2800.0 103.802845508
2810.0 104.173540908
2820.0 104.544233502
2830.0 104.914923251
2840.0 105.285610113
2850.0 105.656294049
2860.0 106.026975015
2870.0 106.397652972
2880.0 106.768327876
2890.0 107.138999685
2900.0 107.509668358
2910.0 107.880333851
2920.0 108.250996122
2930.0 108.621655126
2940.0 108.992310821
2950.0 109.362963162
2960.0 109.733612105
2970.0 110.104257607
2980.0 110.474899623
2990.0 110.845538107
3000.0 111.216173015
3010.0 111.586804302
3020.0 111.957431922
3030.0 112.328055829
3040.0 112.698675978
3050.0 113.069292322
3060.0 113.439904816
3070.0 113.810513413
3080.0 114.181118066
3090.0 114.551718729
3100.0 114.922315355
3110.0 115.292907896
3120.0 115.663496306
3130.0 116.034080537
3140.0 116.404660542
3150.0 116.775236273
3160.0 117.145807682
3170.0 117.516374723
3180.0 117.886937347
3190.0 118.257495505
3200.0 118.628049152
3210.0 118.998598237
3220.0 119.369142713
3230.0 119.739682533
3240.0 120.110217647
3250.0 120.480748009
3260.0 120.851273569
3270.0 121.221794279
3280.0 121.592310092
3290.0 121.96282096
3300.0 122.333326834
3310.0 122.703827666
3320.0 123.074323408
3330.0 123.444814013
3340.0 123.815299433
3350.0 124.18577962
3360.0 124.556254527
3370.0 124.926724105
3380.0 125.297188309
3390.0 125.66764709
3400.0 126.038100402
3410.0 126.408548197
3420.0 126.77899043
3430.0 127.149427053
3440.0 127.519858021
3450.0 127.890283288
3460.0 128.260702807
3470.0 128.631116533
3480.0 129.001524422
3490.0 129.371926427
3500.0 129.742322504
3510.0 130.112712609
3520.0 130.483096698
3530.0 130.853474726
3540.0 131.223846652
3550.0 131.59421243
3560.0 131.96457202
3570.0 132.334925377
3580.0 132.705272462
3590.0 133.075613231
3600.0 133.445947644
3610.0 133.816275661
3620.0 134.186597241
3630.0 134.556912344
3640.0 134.927220931
3650.0 135.297522964
3660.0 135.667818404
3670.0 136.038107214
3680.0 136.408389356
3690.0 136.778664793
3700.0 137.148933491
3710.0 137.519195412
3720.0 137.889450523
3730.0 138.259698789
3740.0 138.629940176
3750.0 139.000174652
3760.0 139.370402184
3770.0 139.74062274
3780.0 140.110836289
3790.0 140.481042801
3800.0 140.851242247
3810.0 141.221434596
3820.0 141.591619822
3830.0 141.961797897
3840.0 142.331968793
3850.0 142.702132485
3860.0 143.072288949
3870.0 143.442438159
3880.0 143.812580091
3890.0 144.182714724
3900.0 144.552842035
3910.0 144.922962003
3920.0 145.293074608
3930.0 145.663179831
3940.0 146.033277653
3950.0 146.403368056
3960.0 146.773451024
3970.0 147.143526542
3980.0 147.513594593
3990.0 147.883655164
4000.0 148.253708243
4010.0 148.623753817
4020.0 148.993791875
4030.0 149.363822408
4040.0 149.733845405
4050.0 150.103860859
4060.0 150.473868762
4070.0 150.843869109
4080.0 151.213861895
4090.0 151.583847115
4100.0 151.953824767
4110.0 152.323794847
4120.0 152.693757357
4130.0 153.063712295
4140.0 153.433659662
4150.0 153.803599462
4160.0 154.173531697
4170.0 154.543456372
4180.0 154.913373492
4190.0 155.283283064
4200.0 155.653185096
4210.0 156.023079596
4220.0 156.392966575
4230.0 156.762846043
4240.0 157.132718013
4250.0 157.502582498
4260.0 157.872439512
4270.0 158.242289071
4280.0 158.612131192
4290.0 158.981965892
4300.0 159.351793191
4310.0 159.721613108
4320.0 160.091425665
4330.0 160.461230884
4340.0 160.831028789
4350.0 161.200819404
4360.0 161.570602756
4370.0 161.94037887
4380.0 162.310147777
4390.0 162.679909504
4400.0 163.049664082
4410.0 163.419411542
4420.0 163.789151918
4430.0 164.158885243
4440.0 164.528611552
4450.0 164.898330882
4460.0 165.268043268
4470.0 165.637748751
4480.0 166.007447369
4490.0 166.377139162
4500.0 166.746824173
4510.0 167.116502445
4520.0 167.48617402
4530.0 167.855838945
4540.0 168.225497265
4550.0 168.595149027
4560.0 168.96479428
4570.0 169.334433073
4580.0 169.704065456
4590.0 170.073691481
4600.0 170.4433112
4610.0 170.812924666
4620.0 171.182531935
4630.0 171.552133061
4640.0 171.921728101
4650.0 172.291317113
4660.0 172.660900155
4670.0 173.030477287
4680.0 173.400048568
4690.0 173.769614061
4700.0 174.139173827
4710.0 174.50872793
4720.0 174.878276435
4730.0 175.247819405
4740.0 175.617356907
4750.0 175.986889008
4760.0 176.356415775
4770.0 176.725937277
4780.0 177.095453583
4790.0 177.464964763
4800.0 177.834470889
4810.0 178.203972031
4820.0 178.573468262
4830.0 178.942959655
4840.0 179.312446285
4850.0 179.681928226
4860.0 180.051405552
4870.0 180.420878341
4880.0 180.790346668
4890.0 181.159810621
4900.0 181.529270263
4910.0 181.898725679
4920.0 182.268176951
4930.0 182.637624157
4940.0 183.007067378
4950.0 183.376506695
4960.0 183.745942189
4970.0 184.115373942
4980.0 184.484802037
4990.0 184.854226556
5000.0 185.223647584
5010.0 185.593065203
5020.0 185.962479499
5030.0 186.331890556
5040.0 186.70129846
5050.0 187.070703295
5060.0 187.440105147
5070.0 187.809504104
5080.0 188.17890025
5090.0 188.548293673
5100.0 188.91768446
5110.0 189.287072698
5120.0 189.656458475
5130.0 190.025841878
5140.0 190.395222995
5150.0 190.764601914
5160.0 191.133978724
5170.0 191.503353511
5180.0 191.872726366
5190.0 192.242097375
5200.0 192.611466628
5210.0 192.980834213
5220.0 193.350200219
5230.0 193.719564734
5240.0 194.088927847
5250.0 194.458289645
5260.0 194.827650218
5270.0 195.197009653
5280.0 195.566368039
5290.0 195.935725464
5300.0 196.305082015
5310.0 196.674437781
5320.0 197.043792848
5330.0 197.413147305
5340.0 197.782501237
5350.0 198.151854732
5360.0 198.521207877
5370.0 198.890560757
5380.0 199.259913459
5390.0 199.629266069
5400.0 199.99861867
5410.0 200.367971349
5420.0 200.73732419
5430.0 201.106677276
5440.0 201.476030692
5450.0 201.845384521
5460.0 202.214738846
5470.0 202.584093748
5480.0 202.95344931
5490.0 203.322805614
5500.0 203.692162738
5510.0 204.061520765
5520.0 204.430879774
5530.0 204.800239843
5540.0 205.169601052
5550.0 205.538963477
5560.0 205.908327197
5570.0 206.277692288
5580.0 206.647058826
5590.0 207.016426887
5600.0 207.385796544
5610.0 207.755167872
5620.0 208.124540944
5630.0 208.493915833
5640.0 208.86329261
5650.0 209.232671346
5660.0 209.602052111
5670.0 209.971434976
5680.0 210.340820008
5690.0 210.710207275
5700.0 211.079596844
5710.0 211.448988783
5720.0 211.818383155
5730.0 212.187780025
5740.0 212.557179458
5750.0 212.926581516
5760.0 213.29598626
5770.0 213.665393752
5780.0 214.034804053
5790.0 214.40421722
5800.0 214.773633313
5810.0 215.143052389
5820.0 215.512474504