0.0 0.0
120.0 4.50495525794
120.625 4.52744744035
121.25 4.54994837574
122.5 4.59497581609
123.75 4.64003624502
125.0 4.68512839698
126.25 4.73025107065
127.5 4.77540312509
128.75 4.82058347615
130.0 4.86579109309
131.25 4.91102499548
132.5 4.95628425027
133.75 5.00156796902
135.0 5.04687530543
136.25 5.09220545288
137.5 5.13755764226
138.75 5.18293113984
140.0 5.22832524533
141.25 5.27373929006
142.5 5.31917263524
143.75 5.36462467037
145.0 5.4100948117
146.25 5.45558250086
147.5 5.50108720345
148.75 5.54660840787
150.0 5.59214562407
151.25 5.63769838248
152.5 5.68326623294
153.75 5.72884874376
155.0 5.77444550073
156.25 5.82005610629
157.5 5.8656801787
158.75 5.91131735124
160.0 5.95696727152
161.25 6.00262960073
162.5 6.04830401304
165.0 6.13968784466
167.5 6.23111639609
170.0 6.32258746808
172.5 6.41409901698
175.0 6.50564914089
177.5 6.59723606722
180.0 6.68885814151
182.5 6.78051381733
185.0 6.87220164722
187.5 6.96392027448
190.0 7.05566842573
192.5 7.14744490423
195.0 7.23924858377
197.5 7.33107840316
200.0 7.42293336123
202.5 7.51481251227
205.0 7.60671496185
207.5 7.69863986309
210.0 7.79058641317
212.5 7.88255385021
215.0 7.97454145037
217.5 8.06654852524
220.0 8.15857441942
222.5 8.25061850828
225.0 8.34268019598
230.0 8.52685411734
235.0 8.7110919249
240.0 8.89538971554
245.0 9.0797439002
250.0 9.26415116858
255.0 9.4486084589
260.0 9.63311293184
265.0 9.81766194808
270.0 10.0022530488
275.0 10.1868839389
280.0 10.3715524718
285.0 10.5562566368
290.0 10.7409945476
295.0 10.9257644322
300.0 11.1105646234
305.0 11.2953935518
310.0 11.4802497378
315.0 11.6651317853
320.0 11.8500383765
330.0 12.2199202757
340.0 12.5898862604
350.0 12.9599281115
360.0 13.3300384526
370.0 13.7002106555
380.0 14.0704387573
390.0 14.4407173896
400.0 14.8110417164
410.0 15.1814073788
420.0 15.5518104471
430.0 15.922247377
440.0 16.2927149717
450.0 16.6632103473
460.0 17.0337309014
470.0 17.4042742861
480.0 17.7748383823
490.0 18.1454212776
500.0 18.5160212458
510.0 18.8866367286
520.0 19.257266319
530.0 19.6279087467
540.0 19.9985628642
550.0 20.369227635
560.0 20.7399021225
570.0 21.1105854802
580.0 21.4812769425
590.0 21.8519758173
600.0 22.2226814781
610.0 22.5933933578
620.0 22.9641109428
630.0 23.3348337677
640.0 23.7055614107
650.0 24.0762934888
660.0 24.4470296546
670.0 24.8177695923
680.0 25.188513015
690.0 25.5592596614
700.0 25.9300092939
710.0 26.3007616957
720.0 26.6715166691
730.0 27.0422740338
740.0 27.4130336249
750.0 27.7837952914
760.0 28.1545588953
770.0 28.52532431
780.0 28.8960914193
790.0 29.2668601165
800.0 29.6376303035
810.0 30.00840189
820.0 30.3791747926
830.0 30.7499489348
840.0 31.1207242454
850.0 31.4915006589
860.0 31.8622781146
870.0 32.2330565562
880.0 32.6038359315
890.0 32.9746161921
900.0 33.3453972928
910.0 33.7161791918
920.0 34.0869618499
930.0 34.4577452308
940.0 34.8285293003
950.0 35.1993140268
960.0 35.5700993805
970.0 35.9408853337
980.0 36.3116718603
990.0 36.6824589359
1000.0 37.0532465377
1010.0 37.4240346441
1020.0 37.7948232351
1030.0 38.1656122916
1040.0 38.536401796
1050.0 38.9071917314
1060.0 39.2779820821
1070.0 39.6487728334
1080.0 40.0195639713
1090.0 40.3903554827
1100.0 40.7611473553
1110.0 41.1319395775
1120.0 41.5027321384
1130.0 41.8735250276
1140.0 42.2443182357
1150.0 42.6151117535
1160.0 42.9859055724
1170.0 43.3566996847
1180.0 43.7274940826
1190.0 44.0982887593
1200.0 44.4690837081
1210.0 44.8398789231
1220.0 45.2106743984
1230.0 45.5814701287
1240.0 45.9522661092
1250.0 46.3230623353
1260.0 46.6938588028
1270.0 47.0646555078
1280.0 47.4354524468
1290.0 47.8062496165
1300.0 48.1770470142
1310.0 48.5478446371
1320.0 48.9186424829
1330.0 49.2894405497
1340.0 49.6602388355
1350.0 50.031037339
1360.0 50.4018360588
1370.0 50.7726349941
1380.0 51.1434341439
1390.0 51.5142335079
1400.0 51.8850330857
1410.0 52.2558328773
1420.0 52.626632883
1430.0 52.997433103
1440.0 53.3682335381
1450.0 53.7390341892
1460.0 54.1098350571
1470.0 54.4806361434
1480.0 54.8514374493
1490.0 55.2222389767
1500.0 55.5930407275
1510.0 55.9638427037
1520.0 56.3346449076
1530.0 56.7054473418
1540.0 57.076250009
1550.0 57.4470529121
1560.0 57.8178560542
1570.0 58.1886594386
1580.0 58.5594630688
1590.0 58.9302669485
1600.0 59.3010710816
1610.0 59.6718754723
1620.0 60.0426801247
1630.0 60.4134850435
1640.0 60.7842902333
1650.0 61.155095699
1660.0 61.5259014456
1670.0 61.8967074786
1680.0 62.2675138033
1690.0 62.6383204254
1700.0 63.0091273509
1710.0 63.3799345859
1720.0 63.7507421367
1730.0 64.1215500097
1740.0 64.4923582117
1750.0 64.8631667497
1760.0 65.2339756307
1770.0 65.6047848622
1780.0 65.9755944516
1790.0 66.3464044069
1800.0 66.7172147359
1810.0 67.0880254468
1820.0 67.4588365482
1830.0 67.8296480487
1840.0 68.2004599572
1850.0 68.5712722828
1860.0 68.9420850348
1870.0 69.3128982228
1880.0 69.6837118566
1890.0 70.0545259463
1900.0 70.4253405021
1910.0 70.7961555345
1920.0 71.1669710543
1930.0 71.5377870726
1940.0 71.9086036005
1950.0 72.2794206495
1960.0 72.6502382314
1970.0 73.0210563583
1980.0 73.3918750423
1990.0 73.762694296
2000.0 74.1335141321
2010.0 74.5043345637
2020.0 74.8751556041
2030.0 75.2459772669
2040.0 75.6167995658
2050.0 75.9876225151
2060.0 76.3584461291
2070.0 76.7292704225
2080.0 77.1000954103
2090.0 77.4709211076
2100.0 77.84174753
2110.0 78.2125746932
2120.0 78.5834026135
2130.0 78.9542313071
2140.0 79.3250607908
2150.0 79.6958910815
2160.0 80.0667221966
2170.0 80.4375541535
2180.0 80.8083869702
2190.0 81.179220665
2200.0 81.5500552562
2210.0 81.9208907627
2220.0 82.2917272036
2230.0 82.6625645984
2240.0 83.0334029669
2250.0 83.4042423291
2260.0 83.7750827054
2270.0 84.1459241166
2280.0 84.5167665838
2290.0 84.8876101283
2300.0 85.2584547718
2310.0 85.6293005364
2320.0 86.0001474445
2330.0 86.3709955187
2340.0 86.7418447823
2350.0 87.1126952585
2360.0 87.4835469712
2370.0 87.8543999443
2380.0 88.2252542024
2390.0 88.5961097702
2400.0 88.9669666728
2410.0 89.3378249358
2420.0 89.7086845848
2430.0 90.0795456462
2440.0 90.4504081464
2450.0 90.8212721124
2460.0 91.1921375713
2470.0 91.5630045508
2480.0 91.9338730787
2490.0 92.3047431835
2500.0 92.6756148938
2510.0 93.0464882385
2520.0 93.4173632471
2530.0 93.7882399493
2540.0 94.1591183752
2550.0 94.5299985553
2560.0 94.9008805203
2570.0 95.2717643015
2580.0 95.6426499304
2590.0 96.0135374389
2600.0 96.3844268591
2610.0 96.7553182238
2620.0 97.1262115659
2630.0 97.4971069186
2640.0 97.8680043158
2650.0 98.2389037914
2660.0 98.6098053797
2670.0 98.9807091156
2680.0 99.3516150341
2690.0 99.7225231706
2700.0 100.093433561
2710.0 100.464346241
2720.0 100.835261248
2730.0 101.206178618
2740.0 101.577098388
2750.0 101.948020596
2760.0 102.31894528
2770.0 102.689872478
2780.0 103.060802228
2790.0 103.431734569
2800.0 103.802669541
2810.0 104.173607182
2820.0 104.544547532
2830.0 104.915490632
2840.0 105.286436522
2850.0 105.657385243
2860.0 106.028336836
2870.0 106.399291341
2880.0 106.770248801
2890.0 107.141209257
2900.0 107.512172752
2910.0 107.883139327
2920.0 108.254109027
2930.0 108.625081893
2940.0 108.996057969
2950.0 109.367037298
2960.0 109.738019925
2970.0 110.109005893
2980.0 110.479995246
2990.0 110.850988029
3000.0 111.221984287
3010.0 111.592984065
3020.0 111.963987407
3030.0 112.334994359
3040.0 112.706004966
3050.0 113.077019275
3060.0 113.448037332
3070.0 113.819059181
3080.0 114.19008487
3090.0 114.561114446
3100.0 114.932147954
3110.0 115.303185441
3120.0 115.674226955
3130.0 116.045272543
3140.0 116.41632225
3150.0 116.787376126
3160.0 117.158434217
3170.0 117.52949657
3180.0 117.900563233
3190.0 118.271634254
3200.0 118.642709681
3210.0 119.01378956
3220.0 119.384873941
3230.0 119.75596287
3240.0 120.127056396
3250.0 120.498154567
3260.0 120.869257429
3270.0 121.240365032
3280.0 121.611477423
3290.0 121.98259465
3300.0 122.353716761
3310.0 122.724843802
3320.0 123.095975823
3330.0 123.467112871
3340.0 123.838254992
3350.0 124.209402236
3360.0 124.580554648
3370.0 124.951712276
3380.0 125.322875167
3390.0 125.694043368
3400.0 126.065216926
3410.0 126.436395887
3420.0 126.807580298
3430.0 127.178770205
3440.0 127.549965653
3450.0 127.92116669
3460.0 128.292373359
3470.0 128.663585707
3480.0 129.034803778
3490.0 129.406027618
3500.0 129.77725727
3510.0 130.14849278
3520.0 130.519734189
3530.0 130.890981543
3540.0 131.262234885
3550.0 131.633494256
3560.0 132.004759701
3570.0 132.376031259
3580.0 132.747308975
3590.0 133.118592887
3600.0 133.489883039
3610.0 133.861179469
3620.0 134.232482217
3630.0 134.603791324
3640.0 134.975106829
3650.0 135.346428769
3660.0 135.717757182
3670.0 136.089092107
3680.0 136.460433579
3690.0 136.831781637
3700.0 137.203136314
3710.0 137.574497647
3720.0 137.94586567
3730.0 138.317240417
3740.0 138.688621921
3750.0 139.060010216
3760.0 139.431405333
3770.0 139.802807305
3780.0 140.17421616
3790.0 140.545631931
3800.0 140.917054646
3810.0 141.288484333
3820.0 141.659921022
3830.0 142.031364738
3840.0 142.402815509
3850.0 142.77427336
3860.0 143.145738316
3870.0 143.517210402
3880.0 143.888689639
3890.0 144.260176052
3900.0 144.631669662
3910.0 145.003170489
3920.0 145.374678554
3930.0 145.746193875
3940.0 146.117716471
3950.0 146.489246359
3960.0 146.860783555
3970.0 147.232328076
3980.0 147.603879936
3990.0 147.975439148
4000.0 148.347005725
4010.0 148.718579679
4020.0 149.09016102
4030.0 149.46174976
4040.0 149.833345905
4050.0 150.204949465
4060.0 150.576560446
4070.0 150.948178854
4080.0 151.319804694
4090.0 151.691437969
4100.0 152.063078683
4110.0 152.434726837
4120.0 152.806382431
4130.0 153.178045466
4140.0 153.54971594
4150.0 153.921393851
4160.0 154.293079194
4170.0 154.664771965
4180.0 155.036472158
4190.0 155.408179767
4200.0 155.779894784
4210.0 156.151617198
4220.0 156.523347001
4230.0 156.89508418
4240.0 157.266828724
4250.0 157.638580619
4260.0 158.01033985
4270.0 158.3821064
4280.0 158.753880255
4290.0 159.125661394
4300.0 159.497449799
4310.0 159.869245449
4320.0 160.241048324
4330.0 160.612858399
4340.0 160.984675653
4350.0 161.356500058
4360.0 161.72833159
4370.0 162.100170221
4380.0 162.472015922
4390.0 162.843868665
4400.0 163.215728418
4410.0 163.587595149
4420.0 163.959468826
4430.0 164.331349414
4440.0 164.703236878
4450.0 165.075131182
4460.0 165.447032289
4470.0 165.818940159
4480.0 166.190854752
4490.0 166.562776029
4500.0 166.934703946
4510.0 167.306638461
4520.0 167.67857953
4530.0 168.050527107
4540.0 168.422481146
4550.0 168.794441599
4560.0 169.166408419
4570.0 169.538381554
4580.0 169.910360955
4590.0 170.28234657
4600.0 170.654338347
4610.0 171.02633623
4620.0 171.398340166
4630.0 171.770350099
4640.0 172.142365971
4650.0 172.514387726
4660.0 172.886415303
4670.0 173.258448644
4680.0 173.630487688
4690.0 174.002532372
4700.0 174.374582635
4710.0 174.746638413
4720.0 175.11869964
4730.0 175.490766253
4740.0 175.862838184
4750.0 176.234915367
4760.0 176.606997733
4770.0 176.979085214
4780.0 177.351177739
4790.0 177.72327524
4800.0 178.095377643
4810.0 178.467484878
4820.0 178.839596872
4830.0 179.21171355
4840.0 179.583834839
4850.0 179.955960664
4860.0 180.328090949
4870.0 180.700225617
4880.0 181.072364593
4890.0 181.444507787
4900.0 181.816655138
4910.0 182.188806557
4920.0 182.560961966
4930.0 182.933121284
4940.0 183.30528443
4950.0 183.677451322
4960.0 184.04962188
4970.0 184.421796021
4980.0 184.793973661
4990.0 185.166154718
5000.0 185.538339107
5010.0 185.910526744
5020.0 186.282717545
5030.0 186.654911424
5040.0 187.027108296
5050.0 187.399308075
5060.0 187.771510674
5070.0 188.143716007
5080.0 188.515923987
5090.0 188.888134527
5100.0 189.26034754
5110.0 189.632562937
5120.0 190.004780632
5130.0 190.377000535
5140.0 190.749222558
5150.0 191.121446614
5160.0 191.493672613
5170.0 191.865900467
5180.0 192.238130087
5190.0 192.610361384
5200.0 192.982594269
5210.0 193.354828653
5220.0 193.727064448
5230.0 194.099301563
5240.0 194.471539911
5250.0 194.843779402
5260.0 195.216019948
5270.0 195.588261459
5280.0 195.960503848
5290.0 196.332747024
5300.0 196.704990902
5310.0 197.077235391
5320.0 197.449480404
5330.0 197.821725853
5340.0 198.193971651
5350.0 198.56621771
5360.0 198.938463943
5370.0 199.310710263
5380.0 199.682956584
5390.0 200.05520282
5400.0 200.427448885
5410.0 200.799694694
5420.0 201.17194016
5430.0 201.544185201
5440.0 201.916429731
5450.0 202.288673666
5460.0 202.660916924
5470.0 203.033159421
5480.0 203.405401075
5490.0 203.777641804
5500.0 204.149881526
5510.0 204.522120162
5520.0 204.894357629
5530.0 205.26659385
5540.0 205.638828744
5550.0 206.011062233
5560.0 206.383294239
5570.0 206.755524685
5580.0 207.127753495
5590.0 207.499980591
5600.0 207.8722059
5610.0 208.244429345
5620.0 208.616650855
5630.0 208.988870354
5640.0 209.361087771
5650.0 209.733303035
5660.0 210.105516073
5670.0 210.477726816
5680.0 210.849935195
5690.0 211.222141141
5700.0 211.594344586
5710.0 211.966545463
5720.0 212.338743707
5730.0 212.710939251
5740.0 213.083132031
5750.0 213.455321984
5760.0 213.827509047
5770.0 214.199693158
5780.0 214.571874257
5790.0 214.944052282
5800.0 215.316227175
5810.0 215.688398878
5820.0 216.060567333