0.0 0.0
120.0 4.50789613459
120.625 4.53040363337
121.25 4.55291988511
122.5 4.59797795813
123.75 4.64306901971
125.0 4.68819180428
126.25 4.73334511052
127.5 4.7785277975
128.75 4.82373878105
130.0 4.86897703045
131.25 4.91424156527
132.5 4.95953145244
133.75 5.00484580354
135.0 5.05018377226
136.25 5.09554455199
137.5 5.14092737361
138.75 5.18633150338
140.0 5.23175624103
141.25 5.27720091788
142.5 5.32266489513
143.75 5.3681475623
145.0 5.41364833563
146.25 5.45916665675
147.5 5.50470199126
148.75 5.55025382756
150.0 5.5958216756
151.25 5.6414050658
152.5 5.68700354803
153.75 5.73261669056
155.0 5.7782440792
156.25 5.82388531639
157.5 5.86954002039
158.75 5.91520782448
160.0 5.96088837626
161.25 6.00658133693
162.5 6.05228638066
165.0 6.14373147498
167.5 6.23522128894
170.0 6.32675362328
172.5 6.41832643435
175.0 6.50993782024
177.5 6.60158600838
180.0 6.69326934428
182.5 6.78498628152
185.0 6.87673537265
187.5 6.96851526095
190.0 7.06032467304
192.5 7.15216241218
195.0 7.24402735216
197.5 7.33591843179
200.0 7.4278346499
202.5 7.51977506076
205.0 7.61173876996
207.5 7.7037249306
210.0 7.79573273987
212.5 7.88776143587
215.0 7.97981029478
217.5 8.07187862818
220.0 8.16396578064
222.5 8.25607112757
225.0 8.34819407311
230.0 8.53249050944
235.0 8.71685083102
240.0 8.90127113468
245.0 9.08574783136
250.0 9.27027761074
255.0 9.45485741101
260.0 9.63948439281
265.0 9.82415591682
270.0 10.0088695242
275.0 10.1936229198
280.0 10.378413957
285.0 10.5632406251
290.0 10.7481010378
295.0 10.9329934229
300.0 11.1179161135
305.0 11.3028675399
310.0 11.4878462225
315.0 11.6728507654
320.0 11.8578798504
330.0 12.228006733
340.0 12.5982176951
350.0 12.9685045173
360.0 13.3388598229
370.0 13.7092769834
380.0 14.0797500357
390.0 14.450273611
400.0 14.820842873
410.0 15.1914534624
420.0 15.5621014492
430.0 15.9327832888
440.0 16.303495784
450.0 16.6742360503
460.0 17.0450014852
470.0 17.4157897401
480.0 17.7865986956
490.0 18.1574264389
500.0 18.5282712432
510.0 18.8991315497
520.0 19.2700059511
530.0 19.6408931763
540.0 20.0117920775
550.0 20.3827016174
560.0 20.753620859
570.0 21.124548955
580.0 21.4954851394
590.0 21.8664287192
600.0 22.2373790674
610.0 22.6083356161
620.0 22.9792978511
630.0 23.3502653063
640.0 23.7212375588
650.0 24.092214225
660.0 24.4631949567
670.0 24.8341794372
680.0 25.2051673786
690.0 25.576158519
700.0 25.9471526194
710.0 26.3181494624
720.0 26.6891488491
730.0 27.0601505982
740.0 27.4311545435
750.0 27.8021605332
760.0 28.173168428
770.0 28.5441781
780.0 28.9151894319
790.0 29.2862023157
800.0 29.6572166519
810.0 30.0282323489
820.0 30.3992493219
830.0 30.7702674928
840.0 31.141286789
850.0 31.5123071436
860.0 31.883328494
870.0 32.2543507825
880.0 32.625373955
890.0 32.9963979614
900.0 33.3674227548
910.0 33.7384482914
920.0 34.1094745301
930.0 34.4805014325
940.0 34.8515289626
950.0 35.2225570865
960.0 35.5935857723
970.0 35.9646149899
980.0 36.3356447111
990.0 36.7066749089
1000.0 37.0777055582
1010.0 37.4487366348
1020.0 37.8197681161
1030.0 38.1907999804
1040.0 38.5618322071
1050.0 38.9328647766
1060.0 39.3038976704
1070.0 39.6749308705
1080.0 40.04596436
1090.0 40.4169981226
1100.0 40.7880321425
1110.0 41.159066405
1120.0 41.5301008954
1130.0 41.9011356001
1140.0 42.2721705057
1150.0 42.6432055993
1160.0 43.0142408685
1170.0 43.3852763013
1180.0 43.7563118862
1190.0 44.1273476119
1200.0 44.4983834675
1210.0 44.8694194424
1220.0 45.2404555262
1230.0 45.6114917091
1240.0 45.9825279811
1250.0 46.3535643329
1260.0 46.724600755
1270.0 47.0956372383
1280.0 47.4666737739
1290.0 47.8377103531
1300.0 48.2087469672
1310.0 48.5797836079
1320.0 48.9508202668
1330.0 49.3218569356
1340.0 49.6928936064
1350.0 50.0639302711
1360.0 50.4349669219
1370.0 50.8060035509
1380.0 51.1770401505
1390.0 51.5480767129
1400.0 51.9191132305
1410.0 52.2901496957
1420.0 52.6611861011
1430.0 53.0322224391
1440.0 53.4032587022
1450.0 53.774294883
1460.0 54.1453309739
1470.0 54.5163669677
1480.0 54.8874028567
1490.0 55.2584386336
1500.0 55.6294742909
1510.0 56.000509821
1520.0 56.3715452164
1530.0 56.7425804695
1540.0 57.1136155728
1550.0 57.4846505186
1560.0 57.8556852992
1570.0 58.2267199068
1580.0 58.5977543336
1590.0 58.9687885717
1600.0 59.3398226132
1610.0 59.71085645
1620.0 60.0818900741
1630.0 60.4529234773
1640.0 60.8239566512
1650.0 61.1949895875
1660.0 61.5660222777
1670.0 61.9370547132
1680.0 62.3080868855
1690.0 62.6791187856
1700.0 63.0501504046
1710.0 63.4211817337
1720.0 63.7922127635
1730.0 64.1632434848
1740.0 64.5342738882
1750.0 64.9053039642
1760.0 65.2763337031
1770.0 65.647363095
1780.0 66.0183921301
1790.0 66.389420798
1800.0 66.7604490887
1810.0 67.1314769916
1820.0 67.5025044961
1830.0 67.8735315915
1840.0 68.2445582668
1850.0 68.6155845109
1860.0 68.9866103126
1870.0 69.3576356603
1880.0 69.7286605424
1890.0 70.099684947
1900.0 70.4707088621
1910.0 70.8417322755
1920.0 71.2127551748
1930.0 71.5837775472
1940.0 71.9547993799
1950.0 72.32582066
1960.0 72.696841374
1970.0 73.0678615086
1980.0 73.43888105
1990.0 73.8098999843
2000.0 74.1809182973
2010.0 74.5519359747
2020.0 74.9229530017
2030.0 75.2939693635
2040.0 75.6649850451
2050.0 76.036000031
2060.0 76.4070143058
2070.0 76.7780278534
2080.0 77.1490406578
2090.0 77.5200527026
2100.0 77.8910639713
2110.0 78.2620744469
2120.0 78.6330841122
2130.0 79.0040929499
2140.0 79.3751009422
2150.0 79.7461080712
2160.0 80.1171143185
2170.0 80.4881196657
2180.0 80.8591240939
2190.0 81.230127584
2200.0 81.6011301166
2210.0 81.9721316719
2220.0 82.3431322301
2230.0 82.7141317708
2240.0 83.0851302733
2250.0 83.4561277169
2260.0 83.8271240802
2270.0 84.1981193418
2280.0 84.5691134798
2290.0 84.9401064721
2300.0 85.3110982961
2310.0 85.6820889292
2320.0 86.0530783482
2330.0 86.4240665297
2340.0 86.7950534499
2350.0 87.1660390847
2360.0 87.5370234097
2370.0 87.9080064002
2380.0 88.2789880311
2390.0 88.649968277
2400.0 89.020947112
2410.0 89.3919245102
2420.0 89.7629004451
2430.0 90.1338748899
2440.0 90.5048478175
2450.0 90.8758192005
2460.0 91.2467890109
2470.0 91.6177572208
2480.0 91.9887238015
2490.0 92.3596887242
2500.0 92.7306519598
2510.0 93.1016134786
2520.0 93.4725732508
2530.0 93.8435312461
2540.0 94.2144874339
2550.0 94.5854417834
2560.0 94.956394263
2570.0 95.3273448413
2580.0 95.6982934861
2590.0 96.0692401652
2600.0 96.4401848458
2610.0 96.8111274948
2620.0 97.1820680789
2630.0 97.5530065642
2640.0 97.9239429167
2650.0 98.2948771018
2660.0 98.6658090848
2670.0 99.0367388305
2680.0 99.4076663034
2690.0 99.7785914677
2700.0 100.149514287
2710.0 100.520434725
2720.0 100.891352745
2730.0 101.262268309
2740.0 101.633181381
2750.0 102.004091921
2760.0 102.374999893
2770.0 102.745905256
2780.0 103.116807974
2790.0 103.487708006
2800.0 103.858605312
2810.0 104.229499854
2820.0 104.60039159
2830.0 104.971280481
2840.0 105.342166486
2850.0 105.713049563
2860.0 106.083929672
2870.0 106.454806771
2880.0 106.825680817
2890.0 107.196551769
2900.0 107.567419584
2910.0 107.938284219
2920.0 108.309145631
2930.0 108.680003778
2940.0 109.050858615
2950.0 109.421710098
2960.0 109.792558184
2970.0 110.163402828
2980.0 110.534243985
2990.0 110.905081612
3000.0 111.275915662
3010.0 111.646746091
3020.0 112.017572853
3030.0 112.388395903
3040.0 112.759215194
3050.0 113.13003068
3060.0 113.500842316
3070.0 113.871650055
3080.0 114.242453851
3090.0 114.613253656
3100.0 114.984049423
3110.0 115.354841107
3120.0 115.725628659
3130.0 116.096412032
3140.0 116.467191179
3150.0 116.837966052
3160.0 117.208736604
3170.0 117.579502787
3180.0 117.950264552
3190.0 118.321021853
3200.0 118.691774642
3210.0 119.062522869
3220.0 119.433266488
3230.0 119.80400545
3240.0 120.174739706
3250.0 120.54546921
3260.0 120.916193912
3270.0 121.286913765
3280.0 121.65762872
3290.0 122.028338729
3300.0 122.399043745
3310.0 122.76974372
3320.0 123.140438604
3330.0 123.511128351
3340.0 123.881812913
3350.0 124.252492243
3360.0 124.623166291
3370.0 124.993835012
3380.0 125.364498358
3390.0 125.735156281
3400.0 126.105808735
3410.0 126.476455673
3420.0 126.847097048
3430.0 127.217732813
3440.0 127.588362923
3450.0 127.958987332
3460.0 128.329605993
3470.0 128.700218862
3480.0 129.070825892
3490.0 129.441427039
3500.0 129.812022259
3510.0 130.182611506
3520.0 130.553194737
3530.0 130.923771908
3540.0 131.294342975
3550.0 131.664907896
3560.0 132.035466627
3570.0 132.406019127
3580.0 132.776565354
3590.0 133.147105265
3600.0 133.517638821
3610.0 133.88816598
3620.0 134.258686702
3630.0 134.629200947
3640.0 134.999708676
3650.0 135.370209851
3660.0 135.740704434
3670.0 136.111192385
3680.0 136.48167367
3690.0 136.852148249
3700.0 137.222616089
3710.0 137.593077153
3720.0 137.963531406
3730.0 138.333978814
3740.0 138.704419343
3750.0 139.074852961
3760.0 139.445279635
3770.0 139.815699333
3780.0 140.186112024
3790.0 140.556517679
3800.0 140.926916266
3810.0 141.297307758
3820.0 141.667692126
3830.0 142.038069343
3840.0 142.408439381
3850.0 142.778802216
3860.0 143.149157821
3870.0 143.519506173
3880.0 143.889847248
3890.0 144.260181023
3900.0 144.630507476
3910.0 145.000826587
3920.0 145.371138334
3930.0 145.741442699
3940.0 146.111739663
3950.0 146.482029208
3960.0 146.852311318
3970.0 147.222585978
3980.0 147.592853171
3990.0 147.963112885
4000.0 148.333365106
4010.0 148.703609822
4020.0 149.073847022
4030.0 149.444076697
4040.0 149.814298836
4050.0 150.184513432
4060.0 150.554720478
4070.0 150.924919967
4080.0 151.295111895
4090.0 151.665296257
4100.0 152.035473051
4110.0 152.405642274
4120.0 152.775803925
4130.0 153.145958005
4140.0 153.516104515
4150.0 153.886243457
4160.0 154.256374834
4170.0 154.626498651
4180.0 154.996614914
4190.0 155.366723628
4200.0 155.736824802
4210.0 156.106918444
4220.0 156.477004565
4230.0 156.847083176
4240.0 157.217154288
4250.0 157.587217915
4260.0 157.957274071
4270.0 158.327322772
4280.0 158.697364035
4290.0 159.067397877
4300.0 159.437424318
4310.0 159.807443377
4320.0 160.177455076
4330.0 160.547459438
4340.0 160.917456485
4350.0 161.287446242
4360.0 161.657428736
4370.0 162.027403993
4380.0 162.397372041
4390.0 162.767332911
4400.0 163.137286631
4410.0 163.507233233
4420.0 163.877172751
4430.0 164.247105219
4440.0 164.61703067
4450.0 164.986949141
4460.0 165.35686067
4470.0 165.726765295
4480.0 166.096663055
4490.0 166.466553991
4500.0 166.836438144
4510.0 167.206315557
4520.0 167.576186275
4530.0 167.946050342
4540.0 168.315907804
4550.0 168.685758708
4560.0 169.055603104
4570.0 169.425441039
4580.0 169.795272564
4590.0 170.165097731
4600.0 170.534916592
4610.0 170.904729201
4620.0 171.274535611
4630.0 171.64433588
4640.0 172.014130062
4650.0 172.383918216
4660.0 172.7537004
4670.0 173.123476674
4680.0 173.493247097
4690.0 173.863011732
4700.0 174.232770641
4710.0 174.602523886
4720.0 174.972271533
4730.0 175.342013645
4740.0 175.71175029
4750.0 176.081481533
4760.0 176.451207442
4770.0 176.820928086
4780.0 177.190643534
4790.0 177.560353857
4800.0 177.930059124
4810.0 178.299759408
4820.0 178.669454782
4830.0 179.039145317
4840.0 179.408831089
4850.0 179.778512172
4860.0 180.14818864
4870.0 180.517860571
4880.0 180.88752804
4890.0 181.257191136
4900.0 181.626849919
4910.0 181.996504478
4920.0 182.366154892
4930.0 182.735801241
4940.0 183.105443604
4950.0 183.475082063
4960.0 183.844716699
4970.0 184.214347594
4980.0 184.583974831
4990.0 184.953598492
5000.0 185.323218662
5010.0 185.692835424
5020.0 186.062448862
5030.0 186.432059061
5040.0 186.801666107
5050.0 187.171270084
5060.0 187.540871079
5070.0 187.910469177
5080.0 188.280064466
5090.0 188.649657031
5100.0 189.01924696
5110.0 189.388834341
5120.0 189.75841926
5130.0 190.128001805
5140.0 190.497582064
5150.0 190.867160125
5160.0 191.236736077
5170.0 191.606310006
5180.0 191.975882003
5190.0 192.345452155
5200.0 192.71502055
5210.0 193.084587277
5220.0 193.454152425
5230.0 193.823716082
5240.0 194.193278337
5250.0 194.562839277
5260.0 194.932398992
5270.0 195.30195757
5280.0 195.671515098
5290.0 196.041071665
5300.0 196.410627358
5310.0 196.780182266
5320.0 197.149736476
5330.0 197.519290074
5340.0 197.888843149
5350.0 198.258395786
5360.0 198.627948073
5370.0 198.997500096
5380.0 199.36705194
5390.0 199.736603691
5400.0 200.106155435
5410.0 200.475707256
5420.0 200.845259239
5430.0 201.214811467
5440.0 201.584364026
5450.0 201.953916997
5460.0 202.323470464
5470.0 202.693024508
5480.0 203.062579212
5490.0 203.432134658
5500.0 203.801690925
5510.0 204.171248094
5520.0 204.540806244
5530.0 204.910365456
5540.0 205.279925807
5550.0 205.649487374
5560.0 206.019050237
5570.0 206.38861447
5580.0 206.75818015
5590.0 207.127747353
5600.0 207.497316152
5610.0 207.866886622
5620.0 208.236458836
5630.0 208.606032867
5640.0 208.975608786
5650.0 209.345186664
5660.0 209.714766572
5670.0 210.084348579
5680.0 210.453932753
5690.0 210.823519162
5700.0 211.193107874
5710.0 211.562698954
5720.0 211.932292468
5730.0 212.301888481
5740.0 212.671487056
5750.0 213.041088256
5760.0 213.410692142
5770.0 213.780298777
5780.0 214.149908219
5790.0 214.519520529
5800.0 214.889135764
5810.0 215.258753982
5820.0 215.628375239