0.0 0.0
120.0 4.51065348753
120.625 4.53317534752
121.25 4.55570596047
122.5 4.60079275593
123.75 4.64591253993
125.0 4.69106404693
126.25 4.7362460756
127.5 4.781457485
128.75 4.82669719098
130.0 4.87196416281
131.25 4.91725742005
132.5 4.96257602965
133.75 5.00791910318
135.0 5.05328579432
136.25 5.09867529648
137.5 5.14408684052
138.75 5.18951969272
140.0 5.23497315279
141.25 5.28044655207
142.5 5.32593925175
143.75 5.37145064134
145.0 5.4169801371
146.25 5.46252718065
147.5 5.50809123759
148.75 5.55367179631
150.0 5.59926836678
151.25 5.64488047941
152.5 5.69050768406
153.75 5.73614954902
155.0 5.78180566008
156.25 5.8274756197
157.5 5.87315904613
158.75 5.91885557264
160.0 5.96456484685
161.25 6.01028652995
162.5 6.0560202961
165.0 6.14752283528
167.5 6.23907009409
170.0 6.33065987328
172.5 6.4222901292
175.0 6.51395895995
177.5 6.60566459294
180.0 6.69740537369
182.5 6.78917975579
185.0 6.88098629177
187.5 6.97282362492
190.0 7.06469048187
192.5 7.15658566586
195.0 7.24850805069
197.5 7.34045657518
200.0 7.43243023814
202.5 7.52442809385
205.0 7.6164492479
207.5 7.7084928534
210.0 7.80055810752
212.5 7.89264424837
215.0 7.98475055214
217.5 8.07687633038
220.0 8.1690209277
222.5 8.26118371948
225.0 8.35336410988
230.0 8.53777543591
235.0 8.72225064719
240.0 8.90678584056
245.0 9.09137742695
250.0 9.27602209604
255.0 9.46071678601
260.0 9.64545865752
265.0 9.83024507124
270.0 10.0150735683
275.0 10.1999418536
280.0 10.3848477805
285.0 10.5697893383
290.0 10.7547646408
295.0 10.9397719156
300.0 11.1248094959
305.0 11.309875812
310.0 11.4949693843
315.0 11.6800888169
320.0 11.8652327916
330.0 12.2355894536
340.0 12.6060301951
350.0 12.9765467967
360.0 13.3471318818
370.0 13.7177788217
380.0 14.0884816533
390.0 14.4592350081
400.0 14.8300340494
410.0 15.2008744183
420.0 15.5717521845
430.0 15.9426638035
440.0 16.3136060781
450.0 16.6845761238
460.0 17.0555713381
470.0 17.4265893724
480.0 17.7976281074
490.0 18.1686856301
500.0 18.5397602138
510.0 18.9108502997
520.0 19.2819544805
530.0 19.6530714851
540.0 20.0242001657
550.0 20.395339485
560.0 20.766488506
570.0 21.1376463814
580.0 21.5088123452
590.0 21.8799857045
600.0 22.2511658321
610.0 22.6223521603
620.0 22.9935441747
630.0 23.3647414092
640.0 23.7359434411
650.0 24.1071498868
660.0 24.4783603979
670.0 24.8495746578
680.0 25.2207923786
690.0 25.5920132984
700.0 25.9632371782
710.0 26.3344638006
720.0 26.7056929668
730.0 27.0769244952
740.0 27.44815822
750.0 27.8193939891
760.0 28.1906316633
770.0 28.5618711147
780.0 28.9331122261
790.0 29.3043548892
800.0 29.6755990049
810.0 30.0468444812
820.0 30.4180912337
830.0 30.789339184
840.0 31.1605882596
850.0 31.5318383936
860.0 31.9030895234
870.0 32.2743415913
880.0 32.6455945433
890.0 33.0168483291
900.0 33.3881029019
910.0 33.7593582179
920.0 34.130614236
930.0 34.5018709178
940.0 34.8731282273
950.0 35.2443861306
960.0 35.6156445958
970.0 35.9869035929
980.0 36.3581630934
990.0 36.7294230707
1000.0 37.1006834994
1010.0 37.4719443554
1020.0 37.8432056161
1030.0 38.2144672598
1040.0 38.5857292659
1050.0 38.9569916149
1060.0 39.328254288
1070.0 39.6995172676
1080.0 40.0707805365
1090.0 40.4420440785
1100.0 40.8133078778
1110.0 41.1845719197
1120.0 41.5558361896
1130.0 41.9271006736
1140.0 42.2983653586
1150.0 42.6696302316
1160.0 43.0408952803
1170.0 43.4121604925
1180.0 43.7834258568
1190.0 44.1546913619
1200.0 44.5259569969
1210.0 44.8972227512
1220.0 45.2684886145
1230.0 45.6397545767
1240.0 46.0110206282
1250.0 46.3822867593
1260.0 46.7535529608
1270.0 47.1248192236
1280.0 47.4960855386
1290.0 47.8673518972
1300.0 48.2386182908
1310.0 48.6098847108
1320.0 48.9811511491
1330.0 49.3524175974
1340.0 49.7236840476
1350.0 50.0949504917
1360.0 50.4662169219
1370.0 50.8374833304
1380.0 51.2087497093
1390.0 51.5800160511
1400.0 51.9512823481
1410.0 52.3225485928
1420.0 52.6938147776
1430.0 53.0650808949
1440.0 53.4363469375
1450.0 53.8076128977
1460.0 54.1788787681
1470.0 54.5501445412
1480.0 54.9214102097
1490.0 55.292675766
1500.0 55.6639412026
1510.0 56.0352065121
1520.0 56.406471687
1530.0 56.7777367195
1540.0 57.1490016022
1550.0 57.5202663274
1560.0 57.8915308874
1570.0 58.2627952744
1580.0 58.6340594806
1590.0 59.0053234982
1600.0 59.3765873191
1610.0 59.7478509353
1620.0 60.1191143388
1630.0 60.4903775214
1640.0 60.8616404747
1650.0 61.2329031904
1660.0 61.60416566
1670.0 61.975427875
1680.0 62.3466898266
1690.0 62.7179515062
1700.0 63.0892129046
1710.0 63.4604740131
1720.0 63.8317348223
1730.0 64.202995323
1740.0 64.5742555059
1750.0 64.9455153613
1760.0 65.3167748796
1770.0 65.6880340509
1780.0 66.0592928653
1790.0 66.4305513127
1800.0 66.8018093828
1810.0 67.1730670651
1820.0 67.544324349
1830.0 67.9155812238
1840.0 68.2868376786
1850.0 68.6580937021
1860.0 69.0293492832
1870.0 69.4006044103
1880.0 69.7718590718
1890.0 70.1431132558
1900.0 70.5143669504
1910.0 70.8856201432
1920.0 71.2568728218
1930.0 71.6281249736
1940.0 71.9993765858
1950.0 72.3706276453
1960.0 72.7418781387
1970.0 73.1131280527
1980.0 73.4843773736
1990.0 73.8556260873
2000.0 74.2268741797
2010.0 74.5981216364
2020.0 74.9693684429
2030.0 75.3406145841
2040.0 75.7118600451
2050.0 76.0831048105
2060.0 76.4543488646
2070.0 76.8255921916
2080.0 77.1968347754
2090.0 77.5680765997
2100.0 77.9393176478
2110.0 78.3105579028
2120.0 78.6817973475
2130.0 79.0530359646
2140.0 79.4242737363
2150.0 79.7955106447
2160.0 80.1667466714
2170.0 80.537981798
2180.0 80.9092160056
2190.0 81.2804492751
2200.0 81.6516815871
2210.0 82.0229129219
2220.0 82.3941432595
2230.0 82.7653725796
2240.0 83.1366008616
2250.0 83.5078280845
2260.0 83.8790542273
2270.0 84.2502792683
2280.0 84.6215031857
2290.0 84.9927259574
2300.0 85.3639475608
2310.0 85.7351679733
2320.0 86.1063871718
2330.0 86.4776051326
2340.0 86.8488218322
2350.0 87.2200372465
2360.0 87.5912513509
2370.0 87.9624641208
2380.0 88.3336755311
2390.0 88.7048855564
2400.0 89.0760941709
2410.0 89.4473013485
2420.0 89.8185070628
2430.0 90.189711287
2440.0 90.560913994
2450.0 90.9321151563
2460.0 91.3033147462
2470.0 91.6745127355
2480.0 92.0457090956
2490.0 92.4169037977
2500.0 92.7880968127
2510.0 93.1592881109
2520.0 93.5304776625
2530.0 93.9016654373
2540.0 94.2728514045
2550.0 94.6440355334
2560.0 95.0152177924
2570.0 95.3863981501
2580.0 95.7575765744
2590.0 96.1287530329
2600.0 96.4999274929
2610.0 96.8710999213
2620.0 97.2422702848
2630.0 97.6134385495
2640.0 97.9846046814
2650.0 98.3557686459
2660.0 98.7269304083
2670.0 99.0980899334
2680.0 99.4692471858
2690.0 99.8404021294
2700.0 100.211554728
2710.0 100.582704946
2720.0 100.953852745
2730.0 101.324998089
2740.0 101.696140939
2750.0 102.067281259
2760.0 102.43841901
2770.0 102.809554153
2780.0 103.18068665
2790.0 103.551816461
2800.0 103.922943547
2810.0 104.294067868
2820.0 104.665189384
2830.0 105.036308055
2840.0 105.407423839
2850.0 105.778536696
2860.0 106.149646584
2870.0 106.520753462
2880.0 106.891857288
2890.0 107.262958019
2900.0 107.634055613
2910.0 108.005150028
2920.0 108.37624122
2930.0 108.747329145
2940.0 109.118413762
2950.0 109.489495024
2960.0 109.86057289
2970.0 110.231647313
2980.0 110.60271825
2990.0 110.973785656
3000.0 111.344849486
3010.0 111.715909694
3020.0 112.086966235
3030.0 112.458019064
3040.0 112.829068135
3050.0 113.200113401
3060.0 113.571154816
3070.0 113.942192335
3080.0 114.313225909
3090.0 114.684255494
3100.0 115.055281041
3110.0 115.426302504
3120.0 115.797319835
3130.0 116.168332988
3140.0 116.539341914
3150.0 116.910346567
3160.0 117.281346898
3170.0 117.65234286
3180.0 118.023334405
3190.0 118.394321486
3200.0 118.765304053
3210.0 119.13628206
3220.0 119.507255458
3230.0 119.8782242
3240.0 120.249188236
3250.0 120.620147519
3260.0 120.991102
3270.0 121.362051632
3280.0 121.732996367
3290.0 122.103936156
3300.0 122.474870951
3310.0 122.845800705
3320.0 123.216725369
3330.0 123.587644896
3340.0 123.958559237
3350.0 124.329468345
3360.0 124.700372174
3370.0 125.071270674
3380.0 125.442163799
3390.0 125.813051502
3400.0 126.183933735
3410.0 126.554810452
3420.0 126.925681606
3430.0 127.296547151
3440.0 127.667407041
3450.0 128.038261229
3460.0 128.40910967
3470.0 128.779952318
3480.0 129.150789127
3490.0 129.521620054
3500.0 129.892445053
3510.0 130.26326408
3520.0 130.63407709
3530.0 131.00488404
3540.0 131.375684887
3550.0 131.746479587
3560.0 132.117268098
3570.0 132.488050377
3580.0 132.858826383
3590.0 133.229596074
3600.0 133.600359409
3610.0 133.971116347
3620.0 134.341866849
3630.0 134.712610873
3640.0 135.083348382
3650.0 135.454079337
3660.0 135.824803698
3670.0 136.19552143
3680.0 136.566232493
3690.0 136.936936852
3700.0 137.307634471
3710.0 137.678325314
3720.0 138.049009347
3730.0 138.419686534
3740.0 138.790356843
3750.0 139.16102024
3760.0 139.531676694
3770.0 139.902326171
3780.0 140.272968642
3790.0 140.643604076
3800.0 141.014232443
3810.0 141.384853714
3820.0 141.755467861
3830.0 142.126074857
3840.0 142.496674675
3850.0 142.867267289
3860.0 143.237852674
3870.0 143.608430806
3880.0 143.97900166
3890.0 144.349565214
3900.0 144.720121447
3910.0 145.090670337
3920.0 145.461211863
3930.0 145.831746008
3940.0 146.202272751
3950.0 146.572792076
3960.0 146.943303966
3970.0 147.313808404
3980.0 147.684305377
3990.0 148.05479487
4000.0 148.425276871
4010.0 148.795751366
4020.0 149.166218346
4030.0 149.5366778
4040.0 149.907129718
4050.0 150.277574094
4060.0 150.648010919
4070.0 151.018440188
4080.0 151.388861895
4090.0 151.759276037
4100.0 152.12968261
4110.0 152.500081612
4120.0 152.870473043
4130.0 153.240856902
4140.0 153.611233192
4150.0 153.981601913
4160.0 154.35196307
4170.0 154.722316666
4180.0 155.092662708
4190.0 155.463001202
4200.0 155.833332155
4210.0 156.203655577
4220.0 156.573971477
4230.0 156.944279867
4240.0 157.314580758
4250.0 157.684874165
4260.0 158.0551601
4270.0 158.425438581
4280.0 158.795709623
4290.0 159.165973245
4300.0 159.536229465
4310.0 159.906478304
4320.0 160.276719782
4330.0 160.646953923
4340.0 161.017180749
4350.0 161.387400286
4360.0 161.75761256
4370.0 162.127817596
4380.0 162.498015424
4390.0 162.868206072
4400.0 163.238389572
4410.0 163.608565954
4420.0 163.978735251
4430.0 164.348897498
4440.0 164.719052729
4450.0 165.08920098
4460.0 165.459342288
4470.0 165.829476692
4480.0 166.199604231
4490.0 166.569724947
4500.0 166.939838879
4510.0 167.309946072
4520.0 167.680046569
4530.0 168.050140415
4540.0 168.420227657
4550.0 168.790308341
4560.0 169.160382515
4570.0 169.53045023
4580.0 169.900511534
4590.0 170.270566481
4600.0 170.640615121
4610.0 171.010657509
4620.0 171.3806937
4630.0 171.750723747
4640.0 172.120747709
4650.0 172.490765643
4660.0 172.860777606
4670.0 173.230783659
4680.0 173.600783862
4690.0 173.970778276
4700.0 174.340766964
4710.0 174.710749989
4720.0 175.080727415
4730.0 175.450699307
4740.0 175.820665731
4750.0 176.190626753
4760.0 176.560582442
4770.0 176.930532865
4780.0 177.300478093
4790.0 177.670418195
4800.0 178.040353242
4810.0 178.410283305
4820.0 178.780208458
4830.0 179.150128773
4840.0 179.520044324
4850.0 179.889955186
4860.0 180.259861435
4870.0 180.629763145
4880.0 180.999660393
4890.0 181.369553268
4900.0 181.739441831
4910.0 182.10932617
4920.0 182.479206363
4930.0 182.849082491
4940.0 183.218954633
4950.0 183.588822871
4960.0 183.958687287
4970.0 184.328547962
4980.0 184.698404978
4990.0 185.068258419
5000.0 185.438108368
5010.0 185.807954909
5020.0 186.177798127
5030.0 186.547638105
5040.0 186.91747493
5050.0 187.287308687
5060.0 187.657139461
5070.0 188.026967339
5080.0 188.396792407
5090.0 188.766614752
5100.0 189.13643446
5110.0 189.50625162
5120.0 189.876066318
5130.0 190.245878643
5140.0 190.615688682
5150.0 190.985496522
5160.0 191.355302253
5170.0 191.725105962
5180.0 192.094907738
5190.0 192.464707669
5200.0 192.834505844
5210.0 193.204302351
5220.0 193.574097278
5230.0 193.943890715
5240.0 194.313682749
5250.0 194.683473469
5260.0 195.053262963
5270.0 195.42305132
5280.0 195.792838627
5290.0 196.162624974
5300.0 196.532410447
5310.0 196.902195134
5320.0 197.271979123
5330.0 197.641762501
5340.0 198.011545355
5350.0 198.381327772
5360.0 198.751109838
5370.0 199.12089164
5380.0 199.490673263
5390.0 199.860454794
5400.0 200.230236317
5410.0 200.600017918
5420.0 200.96979968
5430.0 201.339581688
5440.0 201.709364026
5450.0 202.079146776
5460.0 202.448930022
5470.0 202.818713846
5480.0 203.18849833
5490.0 203.558283555
5500.0 203.928069601
5510.0 204.29785655
5520.0 204.66764448
5530.0 205.037433471
5540.0 205.407223601
5550.0 205.777014948
5560.0 206.146807589
5570.0 206.516601602
5580.0 206.886397062
5590.0 207.256194044
5600.0 207.625992623
5610.0 207.995792872
5620.0 208.365594866
5630.0 208.735398676
5640.0 209.105204374
5650.0 209.475012032
5660.0 209.844821719
5670.0 210.214633505
5680.0 210.584447458
5690.0 210.954263647
5700.0 211.324082138
5710.0 211.693902998
5720.0 212.063726292
5730.0 212.433552084
5740.0 212.803380438
5750.0 213.173211418
5760.0 213.543045084
5770.0 213.912881498
5780.0 214.282720719
5790.0 214.652562808
5800.0 215.022407823
5810.0 215.39225582
5820.0 215.762106857