0.0 0.0
120.0 4.51774907577
120.625 4.54030789195
121.25 4.56287546109
122.5 4.60803616892
123.75 4.6532298653
125.0 4.69845528467
126.25 4.74371122572
127.5 4.7889965475
128.75 4.83431016586
130.0 4.87965105006
131.25 4.92501821968
132.5 4.97041074166
133.75 5.01582772756
135.0 5.06126833109
136.25 5.10673174562
137.5 5.15221720204
138.75 5.19772396662
140.0 5.24325133907
141.25 5.28879865072
142.5 5.33436526278
143.75 5.37995056475
145.0 5.42555397289
146.25 5.47117492881
147.5 5.51681289813
148.75 5.56246736923
150.0 5.60813785207
151.25 5.65382387708
152.5 5.69952499411
153.75 5.74524077144
155.0 5.79097079489
156.25 5.83671466688
157.5 5.88247200568
158.75 5.92824244458
160.0 5.97402563116
161.25 6.01982122664
162.5 6.06562890517
165.0 6.1572792691
167.5 6.24897435267
170.0 6.34071195662
172.5 6.43249003729
175.0 6.52430669279
177.5 6.61616015053
180.0 6.70804875604
182.5 6.7999709629
185.0 6.89192532363
187.5 6.98391048154
190.0 7.07592516324
192.5 7.16796817199
195.0 7.26003838157
197.5 7.35213473081
200.0 7.44425621853
202.5 7.536401899
205.0 7.6285708778
207.5 7.72076230805
210.0 7.81297538693
212.5 7.90520935254
215.0 7.99746348106
217.5 8.08973708406
220.0 8.18202950614
222.5 8.27434012267
225.0 8.36666833782
230.0 8.55137531336
235.0 8.73614617415
240.0 8.92097701703
245.0 9.10586425293
250.0 9.29080457153
255.0 9.47579491101
260.0 9.66083243203
265.0 9.84591449526
270.0 10.0310386419
275.0 10.2162025766
280.0 10.401404153
285.0 10.5866413604
290.0 10.7719123123
295.0 10.9572152367
300.0 11.1425484665
305.0 11.3279104321
310.0 11.5132996539
315.0 11.698714736
320.0 11.8841543602
330.0 12.2551023212
340.0 12.6261343618
350.0 12.9972422624
360.0 13.3684186465
370.0 13.7396568854
380.0 14.1109510161
390.0 14.4822956698
400.0 14.8536860102
410.0 15.2251176781
420.0 15.5965867433
430.0 15.9680896613
440.0 16.3396232349
450.0 16.7111845797
460.0 17.082771093
470.0 17.4543804264
480.0 17.8260104603
490.0 18.197659282
500.0 18.5693251648
510.0 18.9410065497
520.0 19.3127020295
530.0 19.6844103332
540.0 20.0561303127
550.0 20.4278609311
560.0 20.7996012511
570.0 21.1713504256
580.0 21.5431076884
590.0 21.9148723467
600.0 22.2866437733
610.0 22.6584214005
620.0 23.0302047139
630.0 23.4019932474
640.0 23.7737865784
650.0 24.1455843231
660.0 24.5173861332
670.0 24.8891916921
680.0 25.261000712
690.0 25.6328129307
700.0 26.0046281096
710.0 26.376446031
720.0 26.7482664962
730.0 27.1200893236
740.0 27.4919143474
750.0 27.8637414156
760.0 28.2355703888
770.0 28.6074011393
780.0 28.9792335496
790.0 29.3510675118
800.0 29.7229029264
810.0 30.0947397018
820.0 30.4665777533
830.0 30.8384170026
840.0 31.2102573773
850.0 31.5820988102
860.0 31.9539412391
870.0 32.325784606
880.0 32.697628857
890.0 33.0694739418
900.0 33.4413198137
910.0 33.8131664286
920.0 34.1850137458
930.0 34.5568617266
940.0 34.9287103352
950.0 35.3005595375
960.0 35.6724093017
970.0 36.0442595978
980.0 36.4161103973
990.0 36.7879616736
1000.0 37.1598134013
1010.0 37.5316655564
1020.0 37.9035181161
1030.0 38.2753710588
1040.0 38.6472243639
1050.0 39.0190780119
1060.0 39.3909319841
1070.0 39.7627862627
1080.0 40.1346408306
1090.0 40.5064956716
1100.0 40.87835077
1110.0 41.2502061108
1120.0 41.6220616798
1130.0 41.9939174629
1140.0 42.3657734469
1150.0 42.7376296189
1160.0 43.1094859665
1170.0 43.4813424778
1180.0 43.8531991411
1190.0 44.2250559452
1200.0 44.5969128792
1210.0 44.9687699325
1220.0 45.3406270949
1230.0 45.7124843561
1240.0 46.0843417066
1250.0 46.4561991368
1260.0 46.8280566373
1270.0 47.1999141991
1280.0 47.5717718131
1290.0 47.9436294707
1300.0 48.3154871633
1310.0 48.6873448824
1320.0 49.0592026197
1330.0 49.431060367
1340.0 49.8029181162
1350.0 50.1747758594
1360.0 50.5466335886
1370.0 50.918491296
1380.0 51.290348974
1390.0 51.6622066148
1400.0 52.0340642109
1410.0 52.4059217545
1420.0 52.7777792383
1430.0 53.1496366547
1440.0 53.5214939963
1450.0 53.8933512555
1460.0 54.2652084249
1470.0 54.6370654971
1480.0 55.0089224646
1490.0 55.3807793199
1500.0 55.7526360556
1510.0 56.1244926641
1520.0 56.4963491379
1530.0 56.8682054695
1540.0 57.2400616513
1550.0 57.6119176755
1560.0 57.9837735345
1570.0 58.3556292205
1580.0 58.7274847257
1590.0 59.0993400423
1600.0 59.4711951622
1610.0 59.8430500775
1620.0 60.21490478
1630.0 60.5867592616
1640.0 60.9586135139
1650.0 61.3304675286
1660.0 61.7023212973
1670.0 62.0741748113
1680.0 62.4460280619
1690.0 62.8178810405
1700.0 63.189733738
1710.0 63.5615861454
1720.0 63.9334382537
1730.0 64.3052900534
1740.0 64.6771415353
1750.0 65.0489926897
1760.0 65.420843507
1770.0 65.7926939774
1780.0 66.1645440908
1790.0 66.5363938372
1800.0 66.9082432063
1810.0 67.2800921876
1820.0 67.6519407706
1830.0 68.0237889444
1840.0 68.3956366982
1850.0 68.7674840207
1860.0 69.1393309008
1870.0 69.5111773269
1880.0 69.8830232875
1890.0 70.2548687705
1900.0 70.6267137641
1910.0 70.9985582559
1920.0 71.3704022336
1930.0 71.7422456844
1940.0 72.1140885956
1950.0 72.4859309541
1960.0 72.8577727466
1970.0 73.2296139596
1980.0 73.6014545794
1990.0 73.9732945922
2000.0 74.3451339836
2010.0 74.7169727394
2020.0 75.0888108448
2030.0 75.4606482851
2040.0 75.8324850451
2050.0 76.2043211095
2060.0 76.5761564626
2070.0 76.9479910887
2080.0 77.3198249715
2090.0 77.6916580948
2100.0 78.0634904419
2110.0 78.4353219959
2120.0 78.8071527397
2130.0 79.1789826558
2140.0 79.5508117265
2150.0 79.9226399339
2160.0 80.2944672597
2170.0 80.6662936853
2180.0 81.0381191919
2190.0 81.4099437604
2200.0 81.7817673715
2210.0 82.1535900053
2220.0 82.5254116419
2230.0 82.897232261
2240.0 83.269051842
2250.0 83.640870364
2260.0 84.0126878057
2270.0 84.3845041457
2280.0 84.7563193622
2290.0 85.1281334329
2300.0 85.4999463354
2310.0 85.8717580469
2320.0 86.2435685443
2330.0 86.6153778042
2340.0 86.9871858028
2350.0 87.3589925161
2360.0 87.7307979195
2370.0 88.1026019885
2380.0 88.4744046978
2390.0 88.8462060221
2400.0 89.2180059356
2410.0 89.5898044122
2420.0 89.9616014255
2430.0 90.3333969488
2440.0 90.7051909548
2450.0 91.0769834162
2460.0 91.448774305
2470.0 91.8205635933
2480.0 92.1923512525
2490.0 92.5641372536
2500.0 92.9359215676
2510.0 93.3077041649
2520.0 93.6794850155
2530.0 94.0512640892
2540.0 94.4230413555
2550.0 94.7948167834
2560.0 95.1665903415
2570.0 95.5383619981
2580.0 95.9101317214
2590.0 96.2818994789
2600.0 96.6536652379
2610.0 97.0254289654
2620.0 97.3971906279
2630.0 97.7689501916
2640.0 98.1407076225
2650.0 98.5124628861
2660.0 98.8842159475
2670.0 99.2559667717
2680.0 99.627715323
2690.0 99.9994615657
2700.0 100.371205464
2710.0 100.74294698
2720.0 101.114686078
2730.0 101.486422721
2740.0 101.858156871
2750.0 102.22988849
2760.0 102.60161754
2770.0 102.973343982
2780.0 103.345067778
2790.0 103.716788888
2800.0 104.088507273
2810.0 104.460222893
2820.0 104.831935708
2830.0 105.203645677
2840.0 105.575352761
2850.0 105.947056916
2860.0 106.318758104
2870.0 106.690456281
2880.0 107.062151405
2890.0 107.433843435
2900.0 107.805532329
2910.0 108.177218042
2920.0 108.548900533
2930.0 108.920579758
2940.0 109.292255673
2950.0 109.663928235
2960.0 110.0355974
2970.0 110.407263122
2980.0 110.778925358
2990.0 111.150584063
3000.0 111.522239192
3010.0 111.893890699
3020.0 112.265538539
3030.0 112.637182667
3040.0 113.008823037
3050.0 113.380459602
3060.0 113.752092316
3070.0 114.123721134
3080.0 114.495346007
3090.0 114.866966891
3100.0 115.238583737
3110.0 115.610196499
3120.0 115.981805129
3130.0 116.353409581
3140.0 116.725009806
3150.0 117.096605758
3160.0 117.468197388
3170.0 117.839784649
3180.0 118.211367494
3190.0 118.582945873
3200.0 118.95451974
3210.0 119.326089046
3220.0 119.697653743
3230.0 120.069213783
3240.0 120.440769118
3250.0 120.8123197
3260.0 121.183865481
3270.0 121.555406412
3280.0 121.926942445
3290.0 122.298473533
3300.0 122.669999628
3310.0 123.04152068
3320.0 123.413036643
3330.0 123.784547469
3340.0 124.15605311
3350.0 124.527553517
3360.0 124.899048644
3370.0 125.270538443
3380.0 125.642022867
3390.0 126.013501869
3400.0 126.384975402
3410.0 126.756443418
3420.0 127.127905871
3430.0 127.499362715
3440.0 127.870813904
3450.0 128.242259391
3460.0 128.613699131
3470.0 128.985133077
3480.0 129.356561186
3490.0 129.727983412
3500.0 130.09939971
3510.0 130.470810035
3520.0 130.842214345
3530.0 131.213612594
3540.0 131.58500474
3550.0 131.956390739
3560.0 132.327770549
3570.0 132.699144127
3580.0 133.070511432
3590.0 133.441872422
3600.0 133.813227056
3610.0 134.184575293
3620.0 134.555917094
3630.0 134.927252418
3640.0 135.298581225
3650.0 135.669903479
3660.0 136.04121914
3670.0 136.41252817
3680.0 136.783830532
3690.0 137.155126191
3700.0 137.526415108
3710.0 137.897697251
3720.0 138.268972582
3730.0 138.640241069
3740.0 139.011502676
3750.0 139.382757373
3760.0 139.754005125
3770.0 140.125245902
3780.0 140.496479671
3790.0 140.867706404
3800.0 141.23892607
3810.0 141.61013864
3820.0 141.981344087
3830.0 142.352542382
3840.0 142.723733499
3850.0 143.094917412
3860.0 143.466094096
3870.0 143.837263526
3880.0 144.208425679
3890.0 144.579580533
3900.0 144.950728064
3910.0 145.321868253
3920.0 145.693001079
3930.0 146.064126522
3940.0 146.435244565
3950.0 146.806355189
3960.0 147.177458377
3970.0 147.548554115
3980.0 147.919642387
3990.0 148.290723179
4000.0 148.661796478
4010.0 149.032862273
4020.0 149.403920552
4030.0 149.774971305
4040.0 150.146014522
4050.0 150.517050197
4060.0 150.888078321
4070.0 151.259098889
4080.0 151.630111895
4090.0 152.001117336
4100.0 152.372115208
4110.0 152.743105509
4120.0 153.114088239
4130.0 153.485063398
4140.0 153.856030986
4150.0 154.226991006
4160.0 154.597943462
4170.0 154.968888357
4180.0 155.339825698
4190.0 155.710755491
4200.0 156.081677743
4210.0 156.452592464
4220.0 156.823499663
4230.0 157.194399352
4240.0 157.565291543
4250.0 157.936176248
4260.0 158.307053483
4270.0 158.677923262
4280.0 159.048785604
4290.0 159.419640524
4300.0 159.790488043
4310.0 160.161328181
4320.0 160.532160959
4330.0 160.902986398
4340.0 161.273804524
4350.0 161.64461536
4360.0 162.015418932
4370.0 162.386215268
4380.0 162.757004394
4390.0 163.127786342
4400.0 163.49856114
4410.0 163.869328822
4420.0 164.240089418
4430.0 164.610842964
4440.0 164.981589493
4450.0 165.352329043
4460.0 165.723061651
4470.0 166.093787354
4480.0 166.464506192
4490.0 166.835218206
4500.0 167.205923438
4510.0 167.57662193
4520.0 167.947313726
4530.0 168.317998871
4540.0 168.688677412
4550.0 169.059349395
4560.0 169.430014868
4570.0 169.800673882
4580.0 170.171326485
4590.0 170.541972731
4600.0 170.91261267
4610.0 171.283246357
4620.0 171.653873847
4630.0 172.024495193
4640.0 172.395110454
4650.0 172.765719687
4660.0 173.136322949
4670.0 173.506920301
4680.0 173.877511803
4690.0 174.248097517
4700.0 174.618677504
4710.0 174.989251828
4720.0 175.359820552
4730.0 175.730383743
4740.0 176.100941466
4750.0 176.471493787
4760.0 176.842040775
4770.0 177.212582498
4780.0 177.583119024
4790.0 177.953650425
4800.0 178.324176771
4810.0 178.694698134
4820.0 179.065214585
4830.0 179.4357262
4840.0 179.80623305
4850.0 180.176735211
4860.0 180.547232758
4870.0 180.917725767
4880.0 181.288214315
4890.0 181.658698489
4900.0 182.029178351
4910.0 182.399653988
4920.0 182.770125481
4930.0 183.140592907
4940.0 183.511056349
4950.0 183.881515886
4960.0 184.251971601
4970.0 184.622423574
4980.0 184.99287189
4990.0 185.36331663
5000.0 185.733757878
5010.0 186.104195718
5020.0 186.474630235
5030.0 186.845061512
5040.0 187.215489636
5050.0 187.585914692
5060.0 187.956336765
5070.0 188.326755942
5080.0 188.697172309
5090.0 189.067585953
5100.0 189.43799696
5110.0 189.808405419
5120.0 190.178811416
5130.0 190.54921504
5140.0 190.919616378
5150.0 191.290015517
5160.0 191.660412547
5170.0 192.030807555
5180.0 192.40120063
5190.0 192.77159186
5200.0 193.141981334
5210.0 193.51236914
5220.0 193.882755366
5230.0 194.253140102
5240.0 194.623523435
5250.0 194.993905454
5260.0 195.364286247
5270.0 195.734665903
5280.0 196.10504451
5290.0 196.475422155
5300.0 196.845798927
5310.0 197.216174913
5320.0 197.586550201
5330.0 197.956924878
5340.0 198.327299031
5350.0 198.697672747
5360.0 199.068046112
5370.0 199.438419213
5380.0 199.808792136
5390.0 200.179164966
5400.0 200.549537788
5410.0 200.919910687
5420.0 201.290283749
5430.0 201.660657056
5440.0 202.031030692
5450.0 202.401404742
5460.0 202.771779287
5470.0 203.14215441
5480.0 203.512530193
5490.0 203.882906716
5500.0 204.253284062
5510.0 204.623662309
5520.0 204.994041539
5530.0 205.364421828
5540.0 205.734803257
5550.0 206.105185904
5560.0 206.475569844
5570.0 206.845955156
5580.0 207.216341915
5590.0 207.586730196
5600.0 207.957120074
5610.0 208.327511622
5620.0 208.697904915
5630.0 209.068300024
5640.0 209.438697022
5650.0 209.809095978
5660.0 210.179496964
5670.0 210.549900049
5680.0 210.920305302
5690.0 211.290712789
5700.0 211.66112258
5710.0 212.031534738
5720.0 212.401949331
5730.0 212.772366422
5740.0 213.142786076
5750.0 213.513208354
5760.0 213.883633319
5770.0 214.254061032
5780.0 214.624491553
5790.0 214.994924941
5800.0 215.365361254
5810.0 215.735800551
5820.0 216.106242887