0.0 0.0
120.0 4.51333761088
120.625 4.53587345138
121.25 4.55841804485
122.5 4.60353280138
123.75 4.64868054649
125.0 4.69386001463
126.25 4.73907000448
127.5 4.78430937509
128.75 4.82957704233
130.0 4.87487197544
131.25 4.92019319401
132.5 4.96553976497
133.75 5.0109107999
135.0 5.05630545249
136.25 5.10172291612
137.5 5.14716242168
138.75 5.19262323543
140.0 5.2381046571
141.25 5.283606018
142.5 5.32912667936
143.75 5.37466603066
145.0 5.42022348817
146.25 5.4657984935
147.5 5.51139051227
148.75 5.55699903287
150.0 5.60262356525
151.25 5.64826363983
152.5 5.69391880647
153.75 5.73958863347
155.0 5.78527270661
156.25 5.83097062835
157.5 5.87668201693
158.75 5.92240650566
160.0 5.96814374211
161.25 6.0138933875
162.5 6.05965511598
165.0 6.15121357995
167.5 6.24281676374
170.0 6.33446246808
172.5 6.42614864933
175.0 6.5178734056
177.5 6.60963496428
180.0 6.70143167092
182.5 6.79326197909
185.0 6.88512444134
187.5 6.97701770095
190.0 7.06894048456
192.5 7.16089159541
195.0 7.2528699073
197.5 7.34487435904
200.0 7.43690394947
202.5 7.52895773286
205.0 7.62103481479
207.5 7.71313434839
210.0 7.80525553082
212.5 7.89739760021
215.0 7.98955983273
217.5 8.08174153995
220.0 8.17394206647
222.5 8.26616078769
225.0 8.35839710774
230.0 8.54292029381
235.0 8.72750736608
240.0 8.91215442142
245.0 9.09685787079
250.0 9.28161440388
255.0 9.4664209589
260.0 9.65127469654
265.0 9.83617297749
270.0 10.021113343
275.0 10.2060934977
280.0 10.3911112953
285.0 10.576164725
290.0 10.7612519006
295.0 10.9463710498
300.0 11.1315205058
305.0 11.3166986989
310.0 11.5019041495
315.0 11.6871354618
320.0 11.8723913177
330.0 12.2429717463
340.0 12.6136362604
350.0 12.9843766409
360.0 13.3551855115
370.0 13.7260562437
380.0 14.0969828749
390.0 14.4679600367
400.0 14.8389828929
410.0 15.2100470847
420.0 15.5811486823
430.0 15.9522841417
440.0 16.3234502659
450.0 16.6946441708
460.0 17.0658632544
470.0 17.4371051685
480.0 17.8083677941
490.0 18.1796492188
500.0 18.5509477164
510.0 18.9222617286
520.0 19.2935898484
530.0 19.6649308055
540.0 20.0362834524
550.0 20.4076467527
560.0 20.7790197696
570.0 21.1504016566
580.0 21.5217916484
590.0 21.8931890526
600.0 22.2645932428
610.0 22.6360036519
620.0 23.0074197663
630.0 23.3788411207
640.0 23.7502672931
650.0 24.1216979006
660.0 24.4931325958
670.0 24.8645710629
680.0 25.236013015
690.0 25.6074581908
700.0 25.9789063527
710.0 26.3503572839
720.0 26.7218107868
730.0 27.0932666809
740.0 27.4647248014
750.0 27.8361849973
760.0 28.2076471306
770.0 28.5791110747
780.0 28.9505767134
790.0 29.32204394
800.0 29.6935126564
810.0 30.0649827723
820.0 30.4364542044
830.0 30.8079268759
840.0 31.1794007159
850.0 31.5508756589
860.0 31.922351644
870.0 32.293828615
880.0 32.6653065197
890.0 33.0367853097
900.0 33.4082649399
910.0 33.7797453683
920.0 34.1512265558
930.0 34.5227084661
940.0 34.894191065
950.0 35.2656743209
960.0 35.6371582041
970.0 36.0086426867
980.0 36.3801277427
990.0 36.7516133477
1000.0 37.1230994789
1010.0 37.4945861147
1020.0 37.8660732351
1030.0 38.237560821
1040.0 38.6090488548
1050.0 38.9805373196
1060.0 39.3520261998
1070.0 39.7235154805
1080.0 40.0950051478
1090.0 40.4664951886
1100.0 40.8379855906
1110.0 41.2094763422
1120.0 41.5809674325
1130.0 41.9524588512
1140.0 42.3239505886
1150.0 42.6954426358
1160.0 43.0669349842
1170.0 43.4384276258
1180.0 43.8099205532
1190.0 44.1814137593
1200.0 44.5529072376
1210.0 44.9244009819
1220.0 45.2958949866
1230.0 45.6673892464
1240.0 46.0388837563
1250.0 46.4103785118
1260.0 46.7818735087
1270.0 47.1533687431
1280.0 47.5248642115
1290.0 47.8963599107
1300.0 48.2678558377
1310.0 48.63935199
1320.0 49.0108483653
1330.0 49.3823449614
1340.0 49.7538417767
1350.0 50.1253388096
1360.0 50.4968360588
1370.0 50.8683335235
1380.0 51.2398312027
1390.0 51.6113290961
1400.0 51.9828272034
1410.0 52.3543255244
1420.0 52.7258240595
1430.0 53.0973228089
1440.0 53.4688217734
1450.0 53.8403209539
1460.0 54.2118203512
1470.0 54.5833199669
1480.0 54.9548198023
1490.0 55.3263198591
1500.0 55.6978201392
1510.0 56.0693206448
1520.0 56.4408213782
1530.0 56.8123223418
1540.0 57.1838235384
1550.0 57.5553249709
1560.0 57.9268266424
1570.0 58.2983285562
1580.0 58.6698307158
1590.0 59.0413331249
1600.0 59.4128357875
1610.0 59.7843387076
1620.0 60.1558418894
1630.0 60.5273453376
1640.0 60.8988490568
1650.0 61.2703530519
1660.0 61.641857328
1670.0 62.0133618903
1680.0 62.3848667444
1690.0 62.756371896
1700.0 63.1278773509
1710.0 63.4993831153
1720.0 63.8708891955
1730.0 64.2423955979
1740.0 64.6139023294
1750.0 64.9854093968
1760.0 65.3569168072
1770.0 65.7284245681
1780.0 66.0999326869
1790.0 66.4714411716
1800.0 66.84295003
1810.0 67.2144592704
1820.0 67.5859689012
1830.0 67.9574789311
1840.0 68.328989369
1850.0 68.700500224
1860.0 69.0720115054
1870.0 69.4435232228
1880.0 69.815035386
1890.0 70.1865480051
1900.0 70.5580610903
1910.0 70.9295746521
1920.0 71.3010887014
1930.0 71.672603249
1940.0 72.0441183063
1950.0 72.4156338848
1960.0 72.7871499961
1970.0 73.1586666524
1980.0 73.5301838658
1990.0 73.9017016489
2000.0 74.2732200144
2010.0 74.6447389754
2020.0 75.0162585453
2030.0 75.3877787374
2040.0 75.7592995658
2050.0 76.1308210445
2060.0 76.502343188
2070.0 76.8738660108
2080.0 77.2453895279
2090.0 77.6169137546
2100.0 77.9884387064
2110.0 78.3599643991
2120.0 78.7314908488
2130.0 79.1030180718
2140.0 79.4745460849
2150.0 79.8460749051
2160.0 80.2176045495
2170.0 80.5891350359
2180.0 80.960666382
2190.0 81.3321986061
2200.0 81.7037317267
2210.0 82.0752657627
2220.0 82.446800733
2230.0 82.8183366572
2240.0 83.1898735551
2250.0 83.5614114467
2260.0 83.9329503525
2270.0 84.3044902931
2280.0 84.6760312897
2290.0 85.0475733635
2300.0 85.4191165365
2310.0 85.7906608305
2320.0 86.162206268
2330.0 86.5337528717
2340.0 86.9053006647
2350.0 87.2768496703
2360.0 87.6483999124
2370.0 88.0199514149
2380.0 88.3915042024
2390.0 88.7630582996
2400.0 89.1346137316
2410.0 89.506170524
2420.0 89.8777287025
2430.0 90.2492882933
2440.0 90.6208493229
2450.0 90.9924118183
2460.0 91.3639758066
2470.0 91.7355413155
2480.0 92.1071083729
2490.0 92.478677007
2500.0 92.8502472467
2510.0 93.2218191209
2520.0 93.5933926589
2530.0 93.9649678905
2540.0 94.3365448458
2550.0 94.7081235553
2560.0 95.0797040498
2570.0 95.4512863604
2580.0 95.8228705186
2590.0 96.1944565565
2600.0 96.5660445062
2610.0 96.9376344003
2620.0 97.3092262718
2630.0 97.6808201539
2640.0 98.0524160805
2650.0 98.4240140855
2660.0 98.7956142033
2670.0 99.1672164686
2680.0 99.5388209165
2690.0 99.9104275824
2700.0 100.282036502
2710.0 100.653647712
2720.0 101.025261248
2730.0 101.396877147
2740.0 101.768495447
2750.0 102.140116185
2760.0 102.511739398
2770.0 102.883365125
2780.0 103.254993404
2790.0 103.626624275
2800.0 103.998257776
2810.0 104.369893946
2820.0 104.741532826
2830.0 105.113174456
2840.0 105.484818875
2850.0 105.856466126
2860.0 106.228116247
2870.0 106.599769282
2880.0 106.971425271
2890.0 107.343084257
2900.0 107.714746281
2910.0 108.086411386
2920.0 108.458079615
2930.0 108.829751011
2940.0 109.201425616
2950.0 109.573103475
2960.0 109.944784631
2970.0 110.316469128
2980.0 110.688157011
2990.0 111.059848324
3000.0 111.431543111
3010.0 111.803241418
3020.0 112.174943289
3030.0 112.54664877
3040.0 112.918357908
3050.0 113.290070746
3060.0 113.661787332
3070.0 114.033507711
3080.0 114.405231929
3090.0 114.776960034
3100.0 115.148692072
3110.0 115.520428089
3120.0 115.892168132
3130.0 116.263912248
3140.0 116.635660486
3150.0 117.007412891
3160.0 117.379169511
3170.0 117.750930393
3180.0 118.122695586
3190.0 118.494465137
3200.0 118.866239092
3210.0 119.238017501
3220.0 119.609800411
3230.0 119.98158787
3240.0 120.353379926
3250.0 120.725176625
3260.0 121.096978018
3270.0 121.46878415
3280.0 121.84059507
3290.0 122.212410827
3300.0 122.584231466
3310.0 122.956057038
3320.0 123.327887588
3330.0 123.699723165
3340.0 124.071563816
3350.0 124.443409589
3360.0 124.81526053
3370.0 125.187116687
3380.0 125.558978108
3390.0 125.930844839
3400.0 126.302716926
3410.0 126.674594416
3420.0 127.046477357
3430.0 127.418365793
3440.0 127.790259771
3450.0 128.162159337
3460.0 128.534064536
3470.0 128.905975413
3480.0 129.277892014
3490.0 129.649814383
3500.0 130.021742565
3510.0 130.393676603
3520.0 130.765616542
3530.0 131.137562426
3540.0 131.509514297
3550.0 131.881472198
3560.0 132.253436171
3570.0 132.625406259
3580.0 132.997382504
3590.0 133.369364946
3600.0 133.741353627
3610.0 134.113348586
3620.0 134.485349865
3630.0 134.857357501
3640.0 135.229371535
3650.0 135.601392004
3660.0 135.973418947
3670.0 136.345452401
3680.0 136.717492403
3690.0 137.08953899
3700.0 137.461592196
3710.0 137.833652059
3720.0 138.205718611
3730.0 138.577791887
3740.0 138.949871921
3750.0 139.321958746
3760.0 139.694052392
3770.0 140.066152893
3780.0 140.438260278
3790.0 140.810374578
3800.0 141.182495822
3810.0 141.554624039
3820.0 141.926759257
3830.0 142.298901503
3840.0 142.671050803
3850.0 143.043207184
3860.0 143.415370669
3870.0 143.787541284
3880.0 144.159719051
3890.0 144.531903994
3900.0 144.904096133
3910.0 145.276295489
3920.0 145.648502083
3930.0 146.020715934
3940.0 146.392937059
3950.0 146.765165476
3960.0 147.137401203
3970.0 147.509644253
3980.0 147.881894642
3990.0 148.254152383
4000.0 148.626417489
4010.0 148.998689973
4020.0 149.370969844
4030.0 149.743257112
4040.0 150.115551787
4050.0 150.487853877
4060.0 150.860163387
4070.0 151.232480325
4080.0 151.604804694
4090.0 151.977136499
4100.0 152.349475742
4110.0 152.721822425
4120.0 153.094176549
4130.0 153.466538113
4140.0 153.838907117
4150.0 154.211283556
4160.0 154.583667429
4170.0 154.95605873
4180.0 155.328457452
4190.0 155.700863591
4200.0 156.073277136
4210.0 156.445698081
4220.0 156.818126413
4230.0 157.190562122
4240.0 157.563005195
4250.0 157.935455619
4260.0 158.307913379
4270.0 158.680378459
4280.0 159.052850843
4290.0 159.425330511
4300.0 159.797817446
4310.0 160.170311626
4320.0 160.54281303
4330.0 160.915321635
4340.0 161.287837417
4350.0 161.660360352
4360.0 162.032890413
4370.0 162.405427574
4380.0 162.777971805
4390.0 163.150523076
4400.0 163.523081359
4410.0 163.89564662
4420.0 164.268218826
4430.0 164.640797943
4440.0 165.013383937
4450.0 165.385976771
4460.0 165.758576406
4470.0 166.131182806
4480.0 166.503795929
4490.0 166.876415735
4500.0 167.249042181
4510.0 167.621675226
4520.0 167.994314824
4530.0 168.366960931
4540.0 168.739613499
4550.0 169.112272482
4560.0 169.48493783
4570.0 169.857609495
4580.0 170.230287426
4590.0 170.60297157
4600.0 170.975661876
4610.0 171.348358289
4620.0 171.721060754
4630.0 172.093769216
4640.0 172.466483618
4650.0 172.839203902
4660.0 173.211930009
4670.0 173.58466188
4680.0 173.957399453
4690.0 174.330142666
4700.0 174.702891459
4710.0 175.075645766
4720.0 175.448405523
4730.0 175.821170665
4740.0 176.193941125
4750.0 176.566716837
4760.0 176.939497733
4770.0 177.312283743
4780.0 177.685074798
4790.0 178.057870828
4800.0 178.430671761
4810.0 178.803477525
4820.0 179.176288048
4830.0 179.549103256
4840.0 179.921923074
4850.0 180.294747428
4860.0 180.667576243
4870.0 181.040409441
4880.0 181.413246946
4890.0 181.786088669
4900.0 182.15893455
4910.0 182.531784499
4920.0 182.904638437
4930.0 183.277496284
4940.0 183.650357959
4950.0 184.023223381
4960.0 184.396092469
4970.0 184.768965139
4980.0 185.141841308
4990.0 185.514720894
5000.0 185.887603813
5010.0 186.26048998
5020.0 186.63337931
5030.0 187.006271718
5040.0 187.379167119
5050.0 187.752065427
5060.0 188.124966556
5070.0 188.497870419
5080.0 188.870776928
5090.0 189.243685998
5100.0 189.61659754
5110.0 189.989511467
5120.0 190.362427691
5130.0 190.735346123
5140.0 191.108266676
5150.0 191.481189261
5160.0 191.85411379
5170.0 192.227040173
5180.0 192.599968322
5190.0 192.972898149
5200.0 193.345829563
5210.0 193.718762477
5220.0 194.091696801
5230.0 194.464632446
5240.0 194.837569323
5250.0 195.210507343
5260.0 195.583446418
5270.0 195.956386459
5280.0 196.329327377
5290.0 196.702269083
5300.0 197.07521149
5310.0 197.448154508
5320.0 197.821098051
5330.0 198.194042029
5340.0 198.566986356
5350.0 198.939930945
5360.0 199.312875707
5370.0 199.685820557
5380.0 200.058765408
5390.0 200.431710173
5400.0 200.804654768
5410.0 201.177599105
5420.0 201.550543102
5430.0 201.923486671
5440.0 202.296429731
5450.0 202.669372195
5460.0 203.042313983
5470.0 203.415255009
5480.0 203.788195192
5490.0 204.161134451
5500.0 204.534072703
5510.0 204.907009867
5520.0 205.279945865
5530.0 205.652880615
5540.0 206.025814038
5550.0 206.398746057
5560.0 206.771676592
5570.0 207.144605568
5580.0 207.517532906
5590.0 207.890458532
5600.0 208.26338237
5610.0 208.636304345
5620.0 209.009224384
5630.0 209.382142413
5640.0 209.755058359
5650.0 210.127972152
5660.0 210.50088372
5670.0 210.873792993
5680.0 211.246699901
5690.0 211.619604376
5700.0 211.992506351
5710.0 212.365405758
5720.0 212.73830253
5730.0 213.111196604
5740.0 213.484087913
5750.0 213.856976396
5760.0 214.229861988
5770.0 214.602744629
5780.0 214.975624257
5790.0 215.348500811
5800.0 215.721374234
5810.0 216.094244466
5820.0 216.467111451