0.0 0.0
120.0 4.50495495812
120.625 4.52744713827
121.25 4.54994807138
122.5 4.59497550715
123.75 4.64003593148
125.0 4.68512807879
126.25 4.73025074778
127.5 4.7754027975
128.75 4.8205831438
130.0 4.86579075595
131.25 4.91102465351
132.5 4.95628390342
133.75 5.00156761727
135.0 5.04687494873
136.25 5.09220509121
137.5 5.13755727557
138.75 5.18293076809
140.0 5.22832486848
141.25 5.27373890807
142.5 5.31917224807
143.75 5.36462427799
145.0 5.41009441407
146.25 5.45558209792
147.5 5.50108679519
148.75 5.54660799423
150.0 5.59214520501
151.25 5.63769795796
152.5 5.68326580293
153.75 5.72884830821
155.0 5.77444505959
156.25 5.82005565953
157.5 5.86567972627
158.75 5.91131689311
160.0 5.95696680763
161.25 6.00262913105
162.5 6.04830353752
165.0 6.13968735734
167.5 6.23111589679
170.0 6.32258695662
172.5 6.41409849317
175.0 6.50564860456
177.5 6.59723551818
180.0 6.68885757957
182.5 6.78051324231
185.0 6.87220105893
187.5 6.96391967271
190.0 7.0556678103
192.5 7.14744427493
195.0 7.2392479404
197.5 7.33107774552
200.0 7.42293268912
202.5 7.51481182547
205.0 7.60671426016
207.5 7.69863914629
210.0 7.79058568104
212.5 7.88255310254
215.0 7.97454068694
217.5 8.06654774582
220.0 8.15857362378
222.5 8.2506176962
225.0 8.34267936723
230.0 8.52685325454
235.0 8.71109102709
240.0 8.89538878174
245.0 9.0797429294
250.0 9.26415015976
255.0 9.44860741101
260.0 9.63311184379
265.0 9.81766081878
270.0 10.0022518772
275.0 10.1868827237
280.0 10.3715512119
285.0 10.556255331
290.0 10.7409931947
295.0 10.9257630308
300.0 11.1105631724
305.0 11.2953920497
310.0 11.4802481833
315.0 11.6651301772
320.0 11.8500367132
330.0 12.2199184977
340.0 12.5898843618
350.0 12.9599260859
360.0 13.3300362935
370.0 13.700208356
380.0 14.0704363102
390.0 14.4407147875
400.0 14.8110389514
410.0 15.1814044428
420.0 15.5518073315
430.0 15.9222440731
440.0 16.2927114702
450.0 16.6632066385
460.0 17.0337269754
470.0 17.4042701322
480.0 17.7748339898
490.0 18.145416635
500.0 18.5160163412
510.0 18.8866315497
520.0 19.257260853
530.0 19.6279029802
540.0 19.9985567833
550.0 20.3692212252
560.0 20.7398953688
570.0 21.1105783667
580.0 21.4812694531
590.0 21.8519679349
600.0 22.222673185
610.0 22.5933846357
620.0 22.9641017727
630.0 23.3348241298
640.0 23.7055512843
650.0 24.0762828525
660.0 24.4470184861
670.0 24.8177578686
680.0 25.188500712
690.0 25.5592467543
700.0 25.9299957567
710.0 26.3007475016
720.0 26.6715017903
730.0 27.0422584413
740.0 27.4130172886
750.0 27.7837781803
760.0 28.154540977
770.0 28.525305551
780.0 28.8960717849
790.0 29.2668395706
800.0 29.6376088088
810.0 30.0083794077
820.0 30.3791512827
830.0 30.7499243555
840.0 31.1206985538
850.0 31.4914738102
860.0 31.8622500626
870.0 32.233027253
880.0 32.6038053276
890.0 32.9745842359
900.0 33.3453639313
910.0 33.7161443698
920.0 34.0869255105
930.0 34.4577073149
940.0 34.8284897469
950.0 35.1992727728
960.0 35.5700563605
970.0 35.9408404801
980.0 36.3116251032
990.0 36.6824102031
1000.0 37.0531957543
1010.0 37.4239817329
1020.0 37.7947681161
1030.0 38.1655548823
1040.0 38.536342011
1050.0 38.9071294825
1060.0 39.2779172782
1070.0 39.6487053803
1080.0 40.0194937718
1090.0 40.3902824363
1100.0 40.7610713582
1110.0 41.1318605226
1120.0 41.502649915
1130.0 41.8734395217
1140.0 42.2442293292
1150.0 42.6150193248
1160.0 42.9858094959
1170.0 43.3565998308
1180.0 43.7273903176
1190.0 44.0981809452
1200.0 44.4689717028
1210.0 44.8397625796
1220.0 45.2105535654
1230.0 45.5813446503
1240.0 45.9521358243
1250.0 46.322927078
1260.0 46.693718402
1270.0 47.0645097873
1280.0 47.4353012249
1290.0 47.806092706
1300.0 48.1768842221
1310.0 48.5476757648
1320.0 48.9184673256
1330.0 49.2892588964
1340.0 49.6600504691
1350.0 50.0308420358
1360.0 50.4016335886
1370.0 50.7724251196
1380.0 51.1432166211
1390.0 51.5140080854
1400.0 51.884799505
1410.0 52.2555908722
1420.0 52.6263821795
1430.0 52.9971734195
1440.0 53.3679645845
1450.0 53.7387556673
1460.0 54.1095466602
1470.0 54.4803375559
1480.0 54.8511283469
1490.0 55.2219190258
1500.0 55.592709585
1510.0 55.963500017
1520.0 56.3342903144
1530.0 56.7050804695
1540.0 57.0758704748
1550.0 57.4466603225
1560.0 57.817450005
1570.0 58.1882395146
1580.0 58.5590288434
1590.0 58.9298179834
1600.0 59.3006069269
1610.0 59.6713956657
1620.0 60.0421841918
1630.0 60.4129724969
1640.0 60.7837605727
1650.0 61.154548411
1660.0 61.5253360032
1670.0 61.8961233407
1680.0 62.2669104149
1690.0 62.6376972169
1700.0 63.008483738
1710.0 63.379269969
1720.0 63.7500559007
1730.0 64.120841524
1740.0 64.4916268294
1750.0 64.8624118074
1760.0 65.2331964482
1770.0 65.6039807421
1780.0 65.9747646791
1790.0 66.345548249
1800.0 66.7163314416
1810.0 67.0871142465
1820.0 67.457896653
1830.0 67.8286786503
1840.0 68.1994602276
1850.0 68.5702413737
1860.0 68.9410220773
1870.0 69.3118023269
1880.0 69.682582111
1890.0 70.0533614176
1900.0 70.4241402347
1910.0 70.79491855
1920.0 71.1656963512
1930.0 71.5364736256
1940.0 71.9072503603
1950.0 72.2780265423
1960.0 72.6488021584
1970.0 73.0195771949
1980.0 73.3903516383
1990.0 73.7611254745
2000.0 74.1318986895
2010.0 74.5026712688
2020.0 74.8734431978
2030.0 75.2442144616
2040.0 75.6149850451
2050.0 75.985754933
2060.0 76.3565241097
2070.0 76.7272925593
2080.0 77.0980602656
2090.0 77.4688272124
2100.0 77.8395933831
2110.0 78.2103587606
2120.0 78.5811233279
2130.0 78.9518870676
2140.0 79.3226499618
2150.0 79.6934119927
2160.0 80.064173142
2170.0 80.4349333912
2180.0 80.8056927213
2190.0 81.1764511134
2200.0 81.5472085479
2210.0 81.9179650053
2220.0 82.2887204654
2230.0 82.659474908
2240.0 83.0302283126
2250.0 83.4009806581
2260.0 83.7717319234
2270.0 84.1424820869
2280.0 84.5132311269
2290.0 84.8839790211
2300.0 85.2547257471
2310.0 85.6254712822
2320.0 85.9962156031
2330.0 86.3669586866
2340.0 86.7377005087
2350.0 87.1084410455
2360.0 87.4791802725
2370.0 87.8499181649
2380.0 88.2206546978
2390.0 88.5913898456
2400.0 88.9621235826
2410.0 89.3328558828
2420.0 89.7035867196
2430.0 90.0743160664
2440.0 90.445043896
2450.0 90.8157701809
2460.0 91.1864948933
2470.0 91.5572180051
2480.0 91.9279394877
2490.0 92.2986593124
2500.0 92.66937745
2510.0 93.0400938707
2520.0 93.4108085449
2530.0 93.7815214422
2540.0 94.152232532
2550.0 94.5229417834
2560.0 94.893649165
2570.0 95.2643546452
2580.0 95.635058192
2590.0 96.0057597731
2600.0 96.3764593556
2610.0 96.7471569066
2620.0 97.1178523926
2630.0 97.4885457799
2640.0 97.8592370343
2650.0 98.2299261214
2660.0 98.6006130064
2670.0 98.971297654
2680.0 99.3419800289
2690.0 99.7126600951
2700.0 100.083337816
2710.0 100.454013156
2720.0 100.824686078
2730.0 101.195356545
2740.0 101.566024518
2750.0 101.93668996
2760.0 102.307352834
2770.0 102.6780131
2780.0 103.048670719
2790.0 103.419325653
2800.0 103.789977861
2810.0 104.160627305
2820.0 104.531273943
2830.0 104.901917736
2840.0 105.272558643
2850.0 105.643196622
2860.0 106.013831633
2870.0 106.384463633
2880.0 106.755092582
2890.0 107.125718435
2900.0 107.496341152
2910.0 107.86696069
2920.0 108.237577004
2930.0 108.608190052
2940.0 108.978799791
2950.0 109.349406176
2960.0 109.720009164
2970.0 110.09060871
2980.0 110.46120477
2990.0 110.831797298
3000.0 111.20238625
3010.0 111.572971581
3020.0 111.943553245
3030.0 112.314131197
3040.0 112.68470539
3050.0 113.055275778
3060.0 113.425842316
3070.0 113.796404957
3080.0 114.166963655
3090.0 114.537518361
3100.0 114.908069031
3110.0 115.278615616
3120.0 115.64915807
3130.0 116.019696346
3140.0 116.390230394
3150.0 116.76076017
3160.0 117.131285623
3170.0 117.501806708
3180.0 117.872323376
3190.0 118.242835579
3200.0 118.613343269
3210.0 118.983846399
3220.0 119.354344919
3230.0 119.724838783
3240.0 120.095327941
3250.0 120.465812347
3260.0 120.836291951
3270.0 121.206766706
3280.0 121.577236563
3290.0 121.947701474
3300.0 122.318161392
3310.0 122.688616269
3320.0 123.059066055
3330.0 123.429510704
3340.0 123.799950168
3350.0 124.170384399
3360.0 124.54081335
3370.0 124.911236973
3380.0 125.28165522
3390.0 125.652068046
3400.0 126.022475402
3410.0 126.392877241
3420.0 126.763273518
3430.0 127.133664186
3440.0 127.504049198
3450.0 127.874428508
3460.0 128.244802072
3470.0 128.615169842
3480.0 128.985531775
3490.0 129.355887824
3500.0 129.726237945
3510.0 130.096582094
3520.0 130.466920227
3530.0 130.8372523
3540.0 131.207578269
3550.0 131.577898092
3560.0 131.948211725
3570.0 132.318519127
3580.0 132.688820256
3590.0 133.059115069
3600.0 133.429403527
3610.0 133.799685587
3620.0 134.169961211
3630.0 134.540230359
3640.0 134.91049299
3650.0 135.280749067
3660.0 135.650998551
3670.0 136.021241405
3680.0 136.391477591
3690.0 136.761707073
3700.0 137.131929814
3710.0 137.50214578
3720.0 137.872354935
3730.0 138.242557245
3740.0 138.612752676
3750.0 138.982941196
3760.0 139.353122772
3770.0 139.723297372
3780.0 140.093464966
3790.0 140.463625522
3800.0 140.833779011
3810.0 141.203925405
3820.0 141.574064675
3830.0 141.944196794
3840.0 142.314321734
3850.0 142.684439471
3860.0 143.054549978
3870.0 143.424653232
3880.0 143.794749209
3890.0 144.164837886
3900.0 144.534919241
3910.0 144.904993253
3920.0 145.275059902
3930.0 145.645119169
3940.0 146.015171035
3950.0 146.385215483
3960.0 146.755252495
3970.0 147.125282056
3980.0 147.495304152
3990.0 147.865318767
4000.0 148.23532589
4010.0 148.605325508
4020.0 148.975317611
4030.0 149.345302187
4040.0 149.715279228
4050.0 150.085248726
4060.0 150.455210674
4070.0 150.825165065
4080.0 151.195111895
4090.0 151.565051159
4100.0 151.934982855
4110.0 152.30490698
4120.0 152.674823533
4130.0 153.044732515
4140.0 153.414633927
4150.0 153.784527771
4160.0 154.15441405
4170.0 154.524292769
4180.0 154.894163933
4190.0 155.26402755
4200.0 155.633883626
4210.0 156.00373217
4220.0 156.373573193
4230.0 156.743406705
4240.0 157.113232719
4250.0 157.483051248
4260.0 157.852862306
4270.0 158.222665909
4280.0 158.592462074
4290.0 158.962250818
4300.0 159.332032161
4310.0 159.701806122
4320.0 160.071572723
4330.0 160.441331987
4340.0 160.811083936
4350.0 161.180828595
4360.0 161.550565991
4370.0 161.92029615
4380.0 162.2900191
4390.0 162.659734871
4400.0 163.029443493
4410.0 163.399144998
4420.0 163.768839418
4430.0 164.138526787
4440.0 164.508207141
4450.0 164.877880514
4460.0 165.247546945
4470.0 165.617206472
4480.0 165.986859133
4490.0 166.356504971
4500.0 166.726144026
4510.0 167.095776342
4520.0 167.465401961
4530.0 167.83502093
4540.0 168.204633294
4550.0 168.574239101
4560.0 168.943838398
4570.0 169.313431235
4580.0 169.683017662
4590.0 170.052597731
4600.0 170.422171494
4610.0 170.791739004
4620.0 171.161300317
4630.0 171.530855487
4640.0 171.900404572
4650.0 172.269947628
4660.0 172.639484714
4670.0 173.00901589
4680.0 173.378541215
4690.0 173.748060752
4700.0 174.117574563
4710.0 174.48708271
4720.0 174.856585258
4730.0 175.226082273
4740.0 175.595573819
4750.0 175.965059964
4760.0 176.334540775
4770.0 176.704016321
4780.0 177.073486671
4790.0 177.442951896
4800.0 177.812412065
4810.0 178.181867251
4820.0 178.551317527
4830.0 178.920762964
4840.0 179.290203638
4850.0 179.659639623
4860.0 180.029070993
4870.0 180.398497826
4880.0 180.767920197
4890.0 181.137338195
4900.0 181.50675188
4910.0 181.876161341
4920.0 182.245566657
4930.0 182.614967907
4940.0 182.984365172
4950.0 183.353758533
4960.0 183.723148071
4970.0 184.092533868
4980.0 184.461916007
4990.0 184.831294571
5000.0 185.200669643
5010.0 185.570041306
5020.0 185.939409646
5030.0 186.308774748
5040.0 186.678136695
5050.0 187.047495574
5060.0 187.416851471
5070.0 187.786204471
5080.0 188.155554662
5090.0 188.524902129
5100.0 188.89424696
5110.0 189.263589243
5120.0 189.632929063
5130.0 190.002266511
5140.0 190.371601672
5150.0 190.740934635
5160.0 191.110265488
5170.0 191.47959432
5180.0 191.848921219
5190.0 192.218246272
5200.0 192.587569569
5210.0 192.956891199
5220.0 193.326211249
5230.0 193.695529808
5240.0 194.064846964
5250.0 194.434162807
5260.0 194.803477424
5270.0 195.172790903
5280.0 195.542103333
5290.0 195.911414802
5300.0 196.280725398
5310.0 196.650035207
5320.0 197.019344319
5330.0 197.388652819
5340.0 197.757960796
5350.0 198.127268335
5360.0 198.496575524
5370.0 198.865882449
5380.0 199.235189195
5390.0 199.604495848
5400.0 199.973802494
5410.0 200.343109217
5420.0 200.712416101
5430.0 201.081723232
5440.0 201.451030692
5450.0 201.820338565
5460.0 202.189646934
5470.0 202.558955881
5480.0 202.928265487
5490.0 203.297575834
5500.0 203.666887003
5510.0 204.036199074
5520.0 204.405512127
5530.0 204.77482624
5540.0 205.144141493
5550.0 205.513457963
5560.0 205.882775727
5570.0 206.252094862
5580.0 206.621415444
5590.0 206.990737549
5600.0 207.36006125
5610.0 207.729386622
5620.0 208.098713738
5630.0 208.468042671
5640.0 208.837373492
5650.0 209.206706272
5660.0 209.576041082
5670.0 209.94537799
5680.0 210.314717066
5690.0 210.684058378
5700.0 211.053401991
5710.0 211.422747974
5720.0 211.79209639
5730.0 212.161447305
5740.0 212.530800782
5750.0 212.900156883
5760.0 213.269515672
5770.0 213.638877208
5780.0 214.008241553
5790.0 214.377608764
5800.0 214.746978901
5810.0 215.116352021
5820.0 215.485728181