0.0 0.0
120.0 4.50669937558
120.625 4.52920064195
121.25 4.55171066128
122.5 4.59675626952
123.75 4.64183486635
125.0 4.6869451862
126.25 4.73208602776
127.5 4.77725625009
128.75 4.82245476904
130.0 4.86768055388
131.25 4.91293262416
132.5 4.95821004683
133.75 5.00351193348
135.0 5.04883743778
136.25 5.09418575313
137.5 5.1395561104
138.75 5.18494777587
140.0 5.23036004926
141.25 5.27579226188
142.5 5.32124377495
143.75 5.36671397796
145.0 5.41220228719
146.25 5.45770814424
147.5 5.50323101473
148.75 5.54877038704
150.0 5.59432577113
151.25 5.63989669743
152.5 5.68548271579
153.75 5.7310833945
155.0 5.77669831936
156.25 5.82232709281
157.5 5.86796933311
158.75 5.91362467355
160.0 5.95929276172
161.25 6.00497325882
162.5 6.05066583902
165.0 6.14208600642
167.5 6.23355089364
170.0 6.32505830142
172.5 6.4166061861
175.0 6.50819264579
177.5 6.59981590791
180.0 6.69147431798
182.5 6.78316632958
185.0 6.87489049526
187.5 6.96664545831
190.0 7.05842994534
192.5 7.15024275962
195.0 7.24208277494
197.5 7.33394893012
200.0 7.42584022398
202.5 7.5177557108
205.0 7.60969449617
207.5 7.70165573319
210.0 7.79363861905
212.5 7.88564239188
215.0 7.97766632782
217.5 8.06970973848
220.0 8.16177196844
222.5 8.25385239308
225.0 8.34595041657
230.0 8.5301970095
235.0 8.71450748863
240.0 8.89887795084
245.0 9.08330480706
250.0 9.26778474701
255.0 9.4523147089
260.0 9.63689185341
265.0 9.82151354122
270.0 10.0061773135
275.0 10.1908808752
280.0 10.3756220796
285.0 10.5603989162
290.0 10.7452094986
295.0 10.9300520547
300.0 11.1149249175
305.0 11.2998265175
310.0 11.484755375
315.0 11.6697100942
320.0 11.8546893569
330.0 12.2247165992
340.0 12.5948279271
350.0 12.9650151213
360.0 13.3352708056
370.0 13.7055883516
380.0 14.0759617965
390.0 14.446385772
400.0 14.8168554419
410.0 15.1873664474
420.0 15.5579148588
430.0 15.9284971319
440.0 16.2991100698
450.0 16.6697507885
460.0 17.0404166858
470.0 17.4111054136
480.0 17.7818148529
490.0 18.1525430914
500.0 18.5232884027
510.0 18.8940492286
520.0 19.2648241621
530.0 19.635611933
540.0 20.0064113936
550.0 20.3772215076
560.0 20.7480413382
570.0 21.118870039
580.0 21.4897068445
590.0 21.8605510624
600.0 22.2314020663
610.0 22.6022592891
620.0 22.9731222173
630.0 23.3439903854
640.0 23.7148633715
650.0 24.0857407927
660.0 24.4566223017
670.0 24.8275075825
680.0 25.1983963483
690.0 25.5692883379
700.0 25.9401833135
710.0 26.3110810584
720.0 26.681981375
730.0 27.0528840829
740.0 27.423789017
750.0 27.7946960267
760.0 28.1656049738
770.0 28.5365157316
780.0 28.907428184
790.0 29.2783422244
800.0 29.6492577545
810.0 30.0201746841
820.0 30.3910929299
830.0 30.7620124151
840.0 31.1329330689
850.0 31.5038548255
860.0 31.8747776244
870.0 32.2457014091
880.0 32.6166261276
890.0 32.9875517313
900.0 33.3584781752
910.0 33.7294054173
920.0 34.1003334185
930.0 34.4712621425
940.0 34.8421915552
950.0 35.2131216248
960.0 35.5840523217
970.0 35.954983618
980.0 36.3259154878
990.0 36.6968479065
1000.0 37.0677808514
1010.0 37.438714301
1020.0 37.8096482351
1030.0 38.1805826348
1040.0 38.5515174822
1050.0 38.9224527608
1060.0 39.2933884547
1070.0 39.6643245491
1080.0 40.0352610301
1090.0 40.4061978847
1100.0 40.7771351004
1110.0 41.1480726657
1120.0 41.5190105697
1130.0 41.8899488021
1140.0 42.2608873533
1150.0 42.6318262143
1160.0 43.0027653764
1170.0 43.3737048317
1180.0 43.7446445728
1190.0 44.1155845926
1200.0 44.4865248846
1210.0 44.8574654427
1220.0 45.2284062611
1230.0 45.5993473346
1240.0 45.9702886582
1250.0 46.3412302275
1260.0 46.7121720381
1270.0 47.0831140862
1280.0 47.4540563683
1290.0 47.8249988812
1300.0 48.195941622
1310.0 48.5668845881
1320.0 48.937827777
1330.0 49.3087711869
1340.0 49.6797148159
1350.0 50.0506586625
1360.0 50.4216027255
1370.0 50.7925470039
1380.0 51.1634914969
1390.0 51.534436204
1400.0 51.9053811249
1410.0 52.2763262597
1420.0 52.6472716085
1430.0 53.0182171717
1440.0 53.3891629499
1450.0 53.7601089441
1460.0 54.1310551552
1470.0 54.5020015845
1480.0 54.8729482336
1490.0 55.2438951042
1500.0 55.6148421981
1510.0 55.9857895174
1520.0 56.3567370645
1530.0 56.7276848418
1540.0 57.0986328522
1550.0 57.4695810984
1560.0 57.8405295836
1570.0 58.2114783111
1580.0 58.5824272844
1590.0 58.9533765073
1600.0 59.3243259836
1610.0 59.6952757174
1620.0 60.066225713
1630.0 60.4371759749
1640.0 60.8081265078
1650.0 61.1790773166
1660.0 61.5500284064
1670.0 61.9209797825
1680.0 62.2919314503
1690.0 62.6628834156
1700.0 63.0338356843
1710.0 63.4047882624
1720.0 63.7757411563
1730.0 64.1466943724
1740.0 64.5176479176
1750.0 64.8886017987
1760.0 65.2595560229
1770.0 65.6305105975
1780.0 66.0014655301
1790.0 66.3724208284
1800.0 66.7433765006
1810.0 67.1143325547
1820.0 67.4852889992
1830.0 67.8562458429
1840.0 68.2272030945
1850.0 68.5981607632
1860.0 68.9691188583
1870.0 69.3400773895
1880.0 69.7110363664
1890.0 70.0819957992
1900.0 70.4529556981
1910.0 70.8239160737
1920.0 71.1948769367
1930.0 71.5658382981
1940.0 71.9368001691
1950.0 72.3077625613
1960.0 72.6787254863
1970.0 73.0496889563
1980.0 73.4206529835
1990.0 73.7916175803
2000.0 74.1625827595
2010.0 74.5335485343
2020.0 74.9045149178
2030.0 75.2754819237
2040.0 75.6464495658
2050.0 76.0174178583
2060.0 76.3883868154
2070.0 76.759356452
2080.0 77.1303267828
2090.0 77.5012978233
2100.0 77.8722695888
2110.0 78.2432420952
2120.0 78.6142153586
2130.0 78.9851893954
2140.0 79.3561642222
2150.0 79.727139856
2160.0 80.0981163142
2170.0 80.4690936143
2180.0 80.8400717742
2190.0 81.211050812
2200.0 81.5820307464
2210.0 81.953011596
2220.0 82.3239933801
2230.0 82.694976118
2240.0 83.0659598296
2250.0 83.436944535
2260.0 83.8079302544
2270.0 84.1789170088
2280.0 84.5499048191
2290.0 84.9208937067
2300.0 85.2918836933
2310.0 85.6628748011
2320.0 86.0338670523
2330.0 86.4048604697
2340.0 86.7758550764
2350.0 87.1468508958
2360.0 87.5178479516
2370.0 87.8888462679
2380.0 88.2598458691
2390.0 88.63084678
2400.0 89.0018490258
2410.0 89.3728526318
2420.0 89.743857624
2430.0 90.1148640286
2440.0 90.4858718719
2450.0 90.856881181
2460.0 91.2278919831
2470.0 91.5989043057
2480.0 91.9699181768
2490.0 92.3409336247
2500.0 92.7119506781
2510.0 93.0829693659
2520.0 93.4539897177
2530.0 93.825011763
2540.0 94.1960355321
2550.0 94.5670610553
2560.0 94.9380883635
2570.0 95.3091174878
2580.0 95.6801484598
2590.0 96.0511813114
2600.0 96.4222160748
2610.0 96.7932527826
2620.0 97.1642914678
2630.0 97.5353321637
2640.0 97.906374904
2650.0 98.2774197228
2660.0 98.6484666542
2670.0 99.0195157333
2680.0 99.3905669949
2690.0 99.7616204746
2700.0 100.132676208
2710.0 100.503734231
2720.0 100.874794581
2730.0 101.245857294
2740.0 101.616922408
2750.0 101.987989959
2760.0 102.359059986
2770.0 102.730132527
2780.0 103.10120762
2790.0 103.472285304
2800.0 103.843365619
2810.0 104.214448603
2820.0 104.585534297
2830.0 104.95662274
2840.0 105.327713973
2850.0 105.698808037
2860.0 106.069904973
2870.0 106.441004821
2880.0 106.812107624
2890.0 107.183213423
2900.0 107.554322261
2910.0 107.92543418
2920.0 108.296549223
2930.0 108.667667432
2940.0 109.038788851
2950.0 109.409913524
2960.0 109.781041494
2970.0 110.152172805
2980.0 110.523307501
2990.0 110.894445627
3000.0 111.265587228
3010.0 111.636732349
3020.0 112.007881034
3030.0 112.379033329
3040.0 112.75018928
3050.0 113.121348932
3060.0 113.492512332
3070.0 113.863679524
3080.0 114.234850557
3090.0 114.606025475
3100.0 114.977204326
3110.0 115.348387157
3120.0 115.719574014
3130.0 116.090764945
3140.0 116.461959995
3150.0 116.833159214
3160.0 117.204362648
3170.0 117.575570344
3180.0 117.946782351
3190.0 118.317998715
3200.0 118.689219485
3210.0 119.060444707
3220.0 119.431674431
3230.0 119.802908704
3240.0 120.174147573
3250.0 120.545391086
3260.0 120.916639292
3270.0 121.287892238
3280.0 121.659149972
3290.0 122.030412542
3300.0 122.401679996
3310.0 122.772952381
3320.0 123.144229745
3330.0 123.515512135
3340.0 123.8867996
3350.0 124.258092187
3360.0 124.629389942
3370.0 125.000692913
3380.0 125.372001147
3390.0 125.743314692
3400.0 126.114633593
3410.0 126.485957897
3420.0 126.857287651
3430.0 127.228622901
3440.0 127.599963693
3450.0 127.971310072
3460.0 128.342662085
3470.0 128.714019776
3480.0 129.08538319
3490.0 129.456752373
3500.0 129.828127368
3510.0 130.199508221
3520.0 130.570894974
3530.0 130.942287671
3540.0 131.313686355
3550.0 131.68509107
3560.0 132.056501857
3570.0 132.427918759
3580.0 132.799341818
3590.0 133.170771074
3600.0 133.542206568
3610.0 133.913648341
3620.0 134.285096433
3630.0 134.656550883
3640.0 135.028011731
3650.0 135.399479014
3660.0 135.77095277
3670.0 136.142433038
3680.0 136.513919854
3690.0 136.885413254
3700.0 137.256913275
3710.0 137.628419951
3720.0 137.999933317
3730.0 138.371453407
3740.0 138.742980255
3750.0 139.114513893
3760.0 139.486054353
3770.0 139.857601667
3780.0 140.229155866
3790.0 140.60071698
3800.0 140.972285038
3810.0 141.343860069
3820.0 141.7154421
3830.0 142.08703116
3840.0 142.458627274
3850.0 142.830230468
3860.0 143.201840767
3870.0 143.573458196
3880.0 143.945082777
3890.0 144.316714533
3900.0 144.688353486
3910.0 145.059999656
3920.0 145.431653063
3930.0 145.803313728
3940.0 146.174981667
3950.0 146.546656898
3960.0 146.918339438
3970.0 147.290029302
3980.0 147.661726504
3990.0 148.033431059
4000.0 148.40514298
4010.0 148.776862277
4020.0 149.148588962
4030.0 149.520323044
4040.0 149.892064533
4050.0 150.263813436
4060.0 150.63556976
4070.0 151.007333511
4080.0 151.379104694
4090.0 151.750883312
4100.0 152.122669369
4110.0 152.494462866
4120.0 152.866263804
4130.0 153.238072182
4140.0 153.609887999
4150.0 153.981711253
4160.0 154.353541939
4170.0 154.725380053
4180.0 155.09722559
4190.0 155.469078542
4200.0 155.840938901
4210.0 156.212806659
4220.0 156.584681805
4230.0 156.956564327
4240.0 157.328454214
4250.0 157.700351452
4260.0 158.072256026
4270.0 158.44416792
4280.0 158.816087117
4290.0 159.1880136
4300.0 159.559947348
4310.0 159.931888341
4320.0 160.303836559
4330.0 160.675791978
4340.0 161.047754574
4350.0 161.419724323
4360.0 161.791701198
4370.0 162.163685172
4380.0 162.535676216
4390.0 162.907674302
4400.0 163.279679398
4410.0 163.651691472
4420.0 164.023710492
4430.0 164.395736424
4440.0 164.767769231
4450.0 165.139808879
4460.0 165.511855328
4470.0 165.883908541
4480.0 166.255968478
4490.0 166.628035097
4500.0 167.000108358
4510.0 167.372188216
4520.0 167.744274628
4530.0 168.116367548
4540.0 168.48846693
4550.0 168.860572727
4560.0 169.232684889
4570.0 169.604803368
4580.0 169.976928112
4590.0 170.34905907
4600.0 170.72119619
4610.0 171.093339416
4620.0 171.465488696
4630.0 171.837643971
4640.0 172.209805187
4650.0 172.581972285
4660.0 172.954145205
4670.0 173.326323889
4680.0 173.698508276
4690.0 174.070698304
4700.0 174.44289391
4710.0 174.81509503
4720.0 175.187301601
4730.0 175.559513557
4740.0 175.931730831
4750.0 176.303953357
4760.0 176.676181066
4770.0 177.04841389
4780.0 177.420651759
4790.0 177.792894602
4800.0 178.165142349
4810.0 178.537394927
4820.0 178.909652264
4830.0 179.281914285
4840.0 179.654180917
4850.0 180.026452085
4860.0 180.398727713
4870.0 180.771007725
4880.0 181.143292044
4890.0 181.515580581
4900.0 181.887873275
4910.0 182.260170038
4920.0 182.63247079
4930.0 183.00477545
4940.0 183.377083939
4950.0 183.749396175
4960.0 184.121712076
4970.0 184.49403156
4980.0 184.866354544
4990.0 185.238680943
5000.0 185.611010676
5010.0 185.983343656
5020.0 186.3556798
5030.0 186.728019022
5040.0 187.100361237
5050.0 187.472706359
5060.0 187.845054301
5070.0 188.217404977
5080.0 188.589758301
5090.0 188.962114184
5100.0 189.33447254
5110.0 189.706833281
5120.0 190.079196318
5130.0 190.451561564
5140.0 190.823928931
5150.0 191.19629833
5160.0 191.568669672
5170.0 191.941042869
5180.0 192.313417832
5190.0 192.685794472
5200.0 193.0581727
5210.0 193.430552428
5220.0 193.802933565
5230.0 194.175316024
5240.0 194.547699715
5250.0 194.920084549
5260.0 195.292470438
5270.0 195.664857292
5280.0 196.037245024
5290.0 196.409633544
5300.0 196.782022764
5310.0 197.154412597
5320.0 197.526802953
5330.0 197.899193745
5340.0 198.271584886
5350.0 198.643976288
5360.0 199.016367864
5370.0 199.388759528
5380.0 199.761151192
5390.0 200.133542771
5400.0 200.505934179
5410.0 200.878325331
5420.0 201.250716141
5430.0 201.623106524
5440.0 201.995496397
5450.0 202.367885676
5460.0 202.740274277
5470.0 203.112662117
5480.0 203.485049114
5490.0 203.857435186
5500.0 204.229820252
5510.0 204.60220423
5520.0 204.974587041
5530.0 205.346968605
5540.0 205.719348842
5550.0 206.091727674
5560.0 206.464105024
5570.0 206.836480813
5580.0 207.208854965
5590.0 207.581227405
5600.0 207.953598057
5610.0 208.325966845
5620.0 208.698333698
5630.0 209.07069854
5640.0 209.443061301
5650.0 209.815421907
5660.0 210.187780289
5670.0 210.560136375
5680.0 210.932490097
5690.0 211.304841386
5700.0 211.677190174
5710.0 212.049536395
5720.0 212.421879981
5730.0 212.794220868
5740.0 213.166558992
5750.0 213.538894288
5760.0 213.911226694
5770.0 214.283556148
5780.0 214.65588259
5790.0 215.028205958
5800.0 215.400526195
5810.0 215.772843241
5820.0 216.145157039