0.0 0.0
120.0 4.51690348753
120.625 4.53945789961
121.25 4.56202106464
122.5 4.60717296426
123.75 4.65235785243
125.0 4.6975744636
126.25 4.74282159643
127.5 4.78809811
128.75 4.83340292014
130.0 4.87873499614
131.25 4.92409335755
132.5 4.96947707131
133.75 5.01488524901
135.0 5.06031704432
136.25 5.10577165064
137.5 5.15124829885
138.75 5.19674625522
140.0 5.24226481946
141.25 5.2878033229
142.5 5.33336112675
143.75 5.37893762051
145.0 5.42453222044
146.25 5.47014436815
147.5 5.51577352925
148.75 5.56141919214
150.0 5.60708086678
151.25 5.65275808357
152.5 5.69845039239
153.75 5.74415736152
155.0 5.78987857675
156.25 5.83561364054
157.5 5.88136217113
158.75 5.92712380181
160.0 5.97289818018
161.25 6.01868496745
162.5 6.06448383776
165.0 6.15611658528
167.5 6.24779405242
170.0 6.33951403995
172.5 6.4312745042
175.0 6.52307354328
177.5 6.6149093846
180.0 6.70678037369
182.5 6.79868496412
185.0 6.89062170844
187.5 6.98258924992
190.0 7.0745863152
192.5 7.16661170753
195.0 7.25866430069
197.5 7.35074303351
200.0 7.4428469048
202.5 7.53497496885
205.0 7.62712633124
207.5 7.71930014506
210.0 7.81149560752
212.5 7.90371195671
215.0 7.9959484688
217.5 8.08820445538
220.0 8.18047926104
222.5 8.27277226115
225.0 8.36508285988
230.0 8.54975460258
235.0 8.73449023052
240.0 8.91928584056
245.0 9.10413784362
250.0 9.28904292937
255.0 9.47399803601
260.0 9.65900032419
265.0 9.84404715457
270.0 10.0291360683
275.0 10.2142647703
280.0 10.3994311138
285.0 10.5846330883
290.0 10.7698688074
295.0 10.9551364989
300.0 11.1404344959
305.0 11.3257612287
310.0 11.5111152176
315.0 11.6964950669
320.0 11.8818994583
330.0 12.2527769536
340.0 12.6237385285
350.0 12.9947759633
360.0 13.3658818818
370.0 13.737049655
380.0 14.10827332
390.0 14.4795475081
400.0 14.8508673828
410.0 15.222228585
420.0 15.5936271845
430.0 15.9650596368
440.0 16.3365227447
450.0 16.7080136238
460.0 17.0795296714
470.0 17.4510685391
480.0 17.8226281074
490.0 18.1942064634
500.0 18.5658018804
510.0 18.9374127997
520.0 19.3090378138
530.0 19.6806756518
540.0 20.0523251657
550.0 20.4239853184
560.0 20.7956551727
570.0 21.1673338814
580.0 21.5390206786
590.0 21.9107148712
600.0 22.2824158321
610.0 22.6541229936
620.0 23.0258358413
630.0 23.3975539092
640.0 23.7692767745
650.0 24.1410040535
660.0 24.5127353979
670.0 24.8844704911
680.0 25.2562090453
690.0 25.6279507984
700.0 25.9996955116
710.0 26.3714429673
720.0 26.7431929668
730.0 27.1149453285
740.0 27.4866998867
750.0 27.8584564891
760.0 28.2302149966
770.0 28.6019752814
780.0 28.9737372261
790.0 29.3455007226
800.0 29.7172656715
810.0 30.0890319812
820.0 30.460799567
830.0 30.8325683506
840.0 31.2043382596
850.0 31.5761092269
860.0 31.9478811901
870.0 32.3196540913
880.0 32.6914278766
890.0 33.0632024957
900.0 33.4349779019
910.0 33.8067540512
920.0 34.1785309026
930.0 34.5503084178
940.0 34.9220865607
950.0 35.2938652973
960.0 35.6656445958
970.0 36.0374244262
980.0 36.4092047601
990.0 36.7809855707
1000.0 37.1527668327
1010.0 37.5245485221
1020.0 37.8963306161
1030.0 38.2681130931
1040.0 38.6398959325
1050.0 39.0116791149
1060.0 39.3834626214
1070.0 39.7552464343
1080.0 40.1270305365
1090.0 40.4988149118
1100.0 40.8705995445
1110.0 41.2423844197
1120.0 41.6141695229
1130.0 41.9859548403
1140.0 42.3577403586
1150.0 42.729526065
1160.0 43.1013119469
1170.0 43.4730979925
1180.0 43.8448841902
1190.0 44.2166705286
1200.0 44.5884569969
1210.0 44.9602435845
1220.0 45.3320302811
1230.0 45.7038170767
1240.0 46.0756039615
1250.0 46.447390926
1260.0 46.8191779608
1270.0 47.1909650569
1280.0 47.5627522053
1290.0 47.9345393972
1300.0 48.3063266241
1310.0 48.6781138775
1320.0 49.0499011491
1330.0 49.4216884307
1340.0 49.7934757142
1350.0 50.1652629917
1360.0 50.5370502552
1370.0 50.908837497
1380.0 51.2806247093
1390.0 51.6524118844
1400.0 52.0241990148
1410.0 52.3959860928
1420.0 52.7677731109
1430.0 53.1395600616
1440.0 53.5113469375
1450.0 53.883133731
1460.0 54.2549204347
1470.0 54.6267070412
1480.0 54.998493543
1490.0 55.3702799327
1500.0 55.7420662026
1510.0 56.1138523455
1520.0 56.4856383536
1530.0 56.8574242195
1540.0 57.2292099356
1550.0 57.6009954941
1560.0 57.9727808874
1570.0 58.3445661077
1580.0 58.7163511473
1590.0 59.0881359982
1600.0 59.4599206524
1610.0 59.831705102
1620.0 60.2034893388
1630.0 60.5752733547
1640.0 60.9470571414
1650.0 61.3188406904
1660.0 61.6906239934
1670.0 62.0624070417
1680.0 62.4341898266
1690.0 62.8059723395
1700.0 63.1777545713
1710.0 63.5495365131
1720.0 63.9213181556
1730.0 64.2930994897
1740.0 64.6648805059
1750.0 65.0366611946
1760.0 65.4084415462
1770.0 65.7802215509
1780.0 66.1520011987
1790.0 66.5237804794
1800.0 66.8955593828
1810.0 67.2673378984
1820.0 67.6391160157
1830.0 68.0108937238
1840.0 68.3826710119
1850.0 68.7544478688
1860.0 69.1262242832
1870.0 69.4980002436
1880.0 69.8697757384
1890.0 70.2415507558
1900.0 70.6133252837
1910.0 70.9850993098
1920.0 71.3568728218
1930.0 71.728645807
1940.0 72.1004182525
1950.0 72.4721901453
1960.0 72.8439614721
1970.0 73.2157322194
1980.0 73.5875023736
1990.0 73.9592719206
2000.0 74.3310408463
2010.0 74.7028091364
2020.0 75.0745767762
2030.0 75.4463437508
2040.0 75.8181100451
2050.0 76.1898756438
2060.0 76.5616405312
2070.0 76.9334046916
2080.0 77.3051681088
2090.0 77.6769307664
2100.0 78.0486926478
2110.0 78.4204537361
2120.0 78.7922140142
2130.0 79.1639734646
2140.0 79.5357320697
2150.0 79.9074898114
2160.0 80.2792466714
2170.0 80.6510026314
2180.0 81.0227576723
2190.0 81.3945117751
2200.0 81.7662649205
2210.0 82.1380170886
2220.0 82.5097682595
2230.0 82.8815184129
2240.0 83.2532675282
2250.0 83.6250155845
2260.0 83.9967625606
2270.0 84.3685084349
2280.0 84.7402531857
2290.0 85.1119967907
2300.0 85.4837392275
2310.0 85.8554804733
2320.0 86.2272205051
2330.0 86.5989592993
2340.0 86.9706968322
2350.0 87.3424330798
2360.0 87.7141680176
2370.0 88.0859016208
2380.0 88.4576338645
2390.0 88.8293647231
2400.0 89.2010941709
2410.0 89.5728221818
2420.0 89.9445487294
2430.0 90.316273787
2440.0 90.6879973273
2450.0 91.059719323
2460.0 91.4314397462
2470.0 91.8031585688
2480.0 92.1748757623
2490.0 92.5465912977
2500.0 92.918305146
2510.0 93.2900172776
2520.0 93.6617276625
2530.0 94.0334362706
2540.0 94.4051430712
2550.0 94.7768480334
2560.0 95.1485511258
2570.0 95.5202523168
2580.0 95.8919515744
2590.0 96.2636488662
2600.0 96.6353441595
2610.0 97.0070374213
2620.0 97.3787286181
2630.0 97.7504177162
2640.0 98.1221046814
2650.0 98.4937894792
2660.0 98.865472075
2670.0 99.2371524334
2680.0 99.6088305191
2690.0 99.9805062961
2700.0 100.352179728
2710.0 100.723850779
2720.0 101.095519412
2730.0 101.467185589
2740.0 101.838849273
2750.0 102.210510426
2760.0 102.58216901
2770.0 102.953824987
2780.0 103.325478317
2790.0 103.697128961
2800.0 104.068776881
2810.0 104.440422035
2820.0 104.812064384
2830.0 105.183703888
2840.0 105.555340506
2850.0 105.926974196
2860.0 106.298604917
2870.0 106.670232629
2880.0 107.041857288
2890.0 107.413478852
2900.0 107.78509728
2910.0 108.156712528
2920.0 108.528324553
2930.0 108.899933312
2940.0 109.271538762
2950.0 109.643140858
2960.0 110.014739556
2970.0 110.386334813
2980.0 110.757926584
2990.0 111.129514823
3000.0 111.501099486
3010.0 111.872680527
3020.0 112.244257902
3030.0 112.615831564
3040.0 112.987401468
3050.0 113.358967568
3060.0 113.730529816
3070.0 114.102088168
3080.0 114.473642576
3090.0 114.845192994
3100.0 115.216739374
3110.0 115.58828167
3120.0 115.959819835
3130.0 116.331353821
3140.0 116.702883581
3150.0 117.074409067
3160.0 117.445930231
3170.0 117.817447027
3180.0 118.188959405
3190.0 118.560467319
3200.0 118.93197072
3210.0 119.30346956
3220.0 119.674963792
3230.0 120.046453366
3240.0 120.417938236
3250.0 120.789418352
3260.0 121.160893667
3270.0 121.532364132
3280.0 121.9038297
3290.0 122.275290323
3300.0 122.646745951
3310.0 123.018196538
3320.0 123.389642036
3330.0 123.761082396
3340.0 124.13251757
3350.0 124.503947512
3360.0 124.875372174
3370.0 125.246791507
3380.0 125.618205465
3390.0 125.989614002
3400.0 126.361017068
3410.0 126.732414619
3420.0 127.103806606
3430.0 127.475192985
3440.0 127.846573708
3450.0 128.217948729
3460.0 128.589318003
3470.0 128.960681484
3480.0 129.332039127
3490.0 129.703390887
3500.0 130.07473672
3510.0 130.44607658
3520.0 130.817410423
3530.0 131.188738207
3540.0 131.560059887
3550.0 131.93137542
3560.0 132.302684765
3570.0 132.673987877
3580.0 133.045284717
3590.0 133.416575241
3600.0 133.787859409
3610.0 134.159137181
3620.0 134.530408515
3630.0 134.901673373
3640.0 135.272931716
3650.0 135.644183503
3660.0 136.015428698
3670.0 136.386667263
3680.0 136.75789916
3690.0 137.129124352
3700.0 137.500342805
3710.0 137.871554481
3720.0 138.242759347
3730.0 138.613957368
3740.0 138.98514851
3750.0 139.35633274
3760.0 139.727510027
3770.0 140.098680338
3780.0 140.469843642
3790.0 140.840999909
3800.0 141.212149109
3810.0 141.583291214
3820.0 141.954426195
3830.0 142.325554024
3840.0 142.696674675
3850.0 143.067788123
3860.0 143.438894341
3870.0 143.809993306
3880.0 144.181084993
3890.0 144.552169381
3900.0 144.923246447
3910.0 145.29431617
3920.0 145.66537853
3930.0 146.036433508
3940.0 146.407481084
3950.0 146.778521243
3960.0 147.149553966
3970.0 147.520579238
3980.0 147.891597044
3990.0 148.26260737
4000.0 148.633610204
4010.0 149.004605533
4020.0 149.375593346
4030.0 149.746573633
4040.0 150.117546385
4050.0 150.488511594
4060.0 150.859469252
4070.0 151.230419354
4080.0 151.601361895
4090.0 151.97229687
4100.0 152.343224276
4110.0 152.714144112
4120.0 153.085056376
4130.0 153.455961069
4140.0 153.826858192
4150.0 154.197747746
4160.0 154.568629736
4170.0 154.939504166
4180.0 155.310371041
4190.0 155.681230368
4200.0 156.052082155
4210.0 156.42292641
4220.0 156.793763144
4230.0 157.164592367
4240.0 157.535414092
4250.0 157.906228331
4260.0 158.2770351
4270.0 158.647834414
4280.0 159.01862629
4290.0 159.389410745
4300.0 159.760187798
4310.0 160.13095747
4320.0 160.501719782
4330.0 160.872474756
4340.0 161.243222416
4350.0 161.613962786
4360.0 161.984695893
4370.0 162.355421763
4380.0 162.726140424
4390.0 163.096851906
4400.0 163.467556238
4410.0 163.838253454
4420.0 164.208943585
4430.0 164.579626665
4440.0 164.950302729
4450.0 165.320971813
4460.0 165.691633955
4470.0 166.062289192
4480.0 166.432937565
4490.0 166.803579113
4500.0 167.174213879
4510.0 167.544841905
4520.0 167.915463236
4530.0 168.286077915
4540.0 168.65668599
4550.0 169.027287507
4560.0 169.397882515
4570.0 169.768471063
4580.0 170.139053201
4590.0 170.509628981
4600.0 170.880198455
4610.0 171.250761676
4620.0 171.6213187
4630.0 171.991869581
4640.0 172.362414376
4650.0 172.732953143
4660.0 173.103485939
4670.0 173.474012826
4680.0 173.844533862
4690.0 174.21504911
4700.0 174.585558631
4710.0 174.956062489
4720.0 175.326560748
4730.0 175.697053474
4740.0 176.067540731
4750.0 176.438022586
4760.0 176.808499109
4770.0 177.178970365
4780.0 177.549436426
4790.0 177.919897361
4800.0 178.290353242
4810.0 178.660804139
4820.0 179.031250125
4830.0 179.401691273
4840.0 179.772127658
4850.0 180.142559353
4860.0 180.512986435
4870.0 180.883408978
4880.0 181.25382706
4890.0 181.624240768
4900.0 181.994650164
4910.0 182.365055336
4920.0 182.735456363
4930.0 183.105853324
4940.0 183.4762463
4950.0 183.846635371
4960.0 184.21702062
4970.0 184.587402128
4980.0 184.957779978
4990.0 185.328154252
5000.0 185.698525035
5010.0 186.068892409
5020.0 186.43925646
5030.0 186.809617272
5040.0 187.17997493
5050.0 187.55032952
5060.0 187.920681128
5070.0 188.291029839
5080.0 188.66137574
5090.0 189.031718918
5100.0 189.40205946
5110.0 189.772397453
5120.0 190.142732985
5130.0 190.513066143
5140.0 190.883397015
5150.0 191.253725689
5160.0 191.624052253
5170.0 191.994376796
5180.0 192.364699405
5190.0 192.735020169
5200.0 193.105339177
5210.0 193.475656517
5220.0 193.845972278
5230.0 194.216286548
5240.0 194.586599415
5250.0 194.956910969
5260.0 195.327221296
5270.0 195.697530486
5280.0 196.067838627
5290.0 196.438145807
5300.0 196.808452113
5310.0 197.178757634
5320.0 197.549062456
5330.0 197.919366667
5340.0 198.289670355
5350.0 198.659973605
5360.0 199.030276505
5370.0 199.40057914
5380.0 199.770881597
5390.0 200.141183961
5400.0 200.511486317
5410.0 200.881788751
5420.0 201.252091347
5430.0 201.622394188
5440.0 201.992697359
5450.0 202.363000943
5460.0 202.733305022
5470.0 203.10360968
5480.0 203.473914997
5490.0 203.844221055
5500.0 204.214527934
5510.0 204.584835716
5520.0 204.95514448
5530.0 205.325454304
5540.0 205.695765267
5550.0 206.066077448
5560.0 206.436390923
5570.0 206.806705769
5580.0 207.177022062
5590.0 207.547339877
5600.0 207.917659289
5610.0 208.287980372
5620.0 208.658303199
5630.0 209.028627843
5640.0 209.398954374
5650.0 209.769282865
5660.0 210.139613386
5670.0 210.509946005
5680.0 210.880280792
5690.0 211.250617814
5700.0 211.620957138
5710.0 211.991298832
5720.0 212.361642959
5730.0 212.731989584
5740.0 213.102338772
5750.0 213.472690584
5760.0 213.843045084
5770.0 214.213402331
5780.0 214.583762386
5790.0 214.954125308
5800.0 215.324491156
5810.0 215.694859987
5820.0 216.065231857