0.0 0.0
120.0 5.38336784975
121.25 5.44025596341
122.5 5.49711476248
123.75 5.5539449844
125.0 5.61074736008
126.25 5.667522613
127.5 5.72427145849
128.75 5.78099460299
130.0 5.83769274351
131.25 5.89436656702
132.5 5.95101674999
133.75 6.00764395803
135.0 6.06424884545
136.25 6.12083205502
137.5 6.17739421769
138.75 6.23393595237
140.0 6.29045786577
141.25 6.34696055227
142.5 6.40344459382
143.75 6.45991055987
145.0 6.51635900732
146.25 6.57279048057
147.5 6.62920551146
148.75 6.68560461936
150.0 6.74198831121
151.25 6.79835708162
152.5 6.85471141294
153.75 6.91105177536
155.0 6.9673786271
156.25 7.02369241445
157.5 7.07999357202
158.75 7.13628252282
160.0 7.19255967847
162.5 7.30508019481
165.0 7.4175581927
167.5 7.52999657311
170.0 7.64239807269
172.5 7.7547652702
175.0 7.86710059316
177.5 7.97940632442
180.0 8.0916846088
182.5 8.20393745961
185.0 8.31616676511
187.5 8.42837429481
190.0 8.54056170559
192.5 8.65273054772
195.0 8.76488227061
197.5 8.8770182284
200.0 8.98913968534
202.5 9.10124782092
205.0 9.21334373483
210.0 9.43750292549
215.0 9.66162463262
220.0 9.88571523434
225.0 10.1097802323
230.0 10.33382436
235.0 10.5578516795
240.0 10.781865667
245.0 11.0058692894
250.0 11.2298650712
260.0 11.6778413465
270.0 12.1258079133
280.0 12.5737742112
290.0 13.0217467423
300.0 13.4697298592
310.0 13.9177263538
320.0 14.3657378972
330.0 14.8137653632
340.0 15.2618090674
350.0 15.7098689406
360.0 16.1579446557
370.0 16.606035718
380.0 17.0541415305
390.0 17.5022614391
400.0 17.9503947648
410.0 18.3985408255
420.0 18.8466989509
430.0 19.2948684913
440.0 19.7430488241
450.0 20.1912393566
460.0 20.6394395279
470.0 21.0876488088
480.0 21.5358667015
490.0 21.9840927385
500.0 22.4323264814
510.0 22.8805675191
520.0 23.3288154668
530.0 23.7770699636
540.0 24.2253306717
550.0 24.6735972745
560.0 25.1218694752
570.0 25.5701469956
580.0 26.0184295748
590.0 26.4667169679
600.0 26.9150089451
610.0 27.3633052907
620.0 27.811605802
630.0 28.2599102885
640.0 28.7082185712
650.0 29.1565304818
660.0 29.604845862
670.0 30.0531645627
680.0 30.5014864441
690.0 30.9498113741
700.0 31.3981392287
710.0 31.8464698912
720.0 32.2948032516
730.0 32.7431392065
740.0 33.1914776586
750.0 33.6398185163
760.0 34.0881616935
770.0 34.5365071092
780.0 34.9848546873
790.0 35.4332043563
800.0 35.8815560491
810.0 36.3299097027
820.0 36.778265258
830.0 37.2266226596
840.0 37.674981856
850.0 38.1233427986
860.0 38.5717054423
870.0 39.0200697452
880.0 39.468435668
890.0 39.9168031746
900.0 40.3651722314
910.0 40.8135428073
920.0 41.261914874
930.0 41.7102884053
940.0 42.1586633774
950.0 42.6070397688
960.0 43.0554175601
970.0 43.503796734
980.0 43.952177275
990.0 44.40055917
1000.0 44.8489424075
1010.0 45.2973269777
1020.0 45.745712873
1030.0 46.1941000874
1040.0 46.6424886165
1050.0 47.0908784577
1060.0 47.53926961
1070.0 47.9876620743
1080.0 48.4360558529
1090.0 48.8844509496
1100.0 49.33284737
1110.0 49.7812451211
1120.0 50.2296442118
1130.0 50.678044652
1140.0 51.1264464537
1150.0 51.5748496302
1160.0 52.0232541963
1170.0 52.4716601684
1180.0 52.9200675647
1190.0 53.3684764047
1200.0 53.8168867096
1210.0 54.2652985021
1220.0 54.7137118067
1230.0 55.1621266495
1240.0 55.6105430582
1250.0 56.0589610622
1260.0 56.5073806926
1270.0 56.9558019823
1280.0 57.404224966
1290.0 57.8526496801
1300.0 58.301076163
1310.0 58.7495044549
1320.0 59.1979345978
1330.0 59.6463666359
1340.0 60.0948006153
1350.0 60.5432365842
1360.0 60.9916745928
1370.0 61.4401146935
1380.0 61.8885569411
1390.0 62.3370013924
1400.0 62.7854481067
1410.0 63.2338971457
1420.0 63.6823485733
1430.0 64.1308024563
1440.0 64.5792588639
1450.0 65.0277178677
1460.0 65.4761795426
1470.0 65.9246439657
1480.0 66.3731112174
1490.0 66.8215813809
1500.0 67.2700545424
1510.0 67.7185307912
1520.0 68.16701022
1530.0 68.6154929245
1540.0 69.0639790041
1550.0 69.5124685614
1560.0 69.9609617027
1570.0 70.4094585379
1580.0 70.8579591809
1590.0 71.3064637491
1600.0 71.7549723642
1610.0 72.2034851518
1620.0 72.6520022417
1630.0 73.100523768
1640.0 73.5490498694
1650.0 73.9975806889
1660.0 74.4461163742
1670.0 74.8946570779
1680.0 75.3432029573
1690.0 75.7917541748
1700.0 76.2403108981
1710.0 76.6888732998
1720.0 77.1374415584
1730.0 77.5860158575
1740.0 78.0345963867
1750.0 78.4831833411
1760.0 78.931776922
1770.0 79.3803773368
1780.0 79.8289847989
1790.0 80.2775995283
1800.0 80.7262217516
1810.0 81.1748517018
1820.0 81.6234896189
1830.0 82.0721357499
1840.0 82.520790349
1850.0 82.9694536775
1860.0 83.4181260043
1870.0 83.8668076058
1880.0 84.3154987664
1890.0 84.7641997782
1900.0 85.2129109414
1910.0 85.6616325647
1920.0 86.1103649649
1930.0 86.5591084676
1940.0 87.007863407
1950.0 87.4566301265
1960.0 87.9054089782
1970.0 88.3542003238
1980.0 88.8030045341
1990.0 89.2518219897
2000.0 89.7006530809
2010.0 90.149498208
2020.0 90.5983577812
2030.0 91.047232221
2040.0 91.4961219585
2050.0 91.9450274351
2060.0 92.3939491032
2070.0 92.8428874259
2080.0 93.2918428774
2090.0 93.7408159433
2100.0 94.1898071204
2110.0 94.638816917
2120.0 95.0878458533
2130.0 95.5368944611
2140.0 95.9859632843
2150.0 96.435052879
2160.0 96.8841638134
2170.0 97.3332966682
2180.0 97.7824520368
2190.0 98.231630525
2200.0 98.6808327515
2210.0 99.1300593481
2220.0 99.5793109594
2230.0 100.028588243
2240.0 100.477891871
2250.0 100.927222527
2260.0 101.37658091
2270.0 101.82596773
2280.0 102.275383714
2290.0 102.724829599
2300.0 103.17430614
2310.0 103.623814103
2320.0 104.073354268
2330.0 104.52292743
2340.0 104.972534397
2350.0 105.422175994
2360.0 105.871853055
2370.0 106.321566434
2380.0 106.771316994
2390.0 107.221105615
2400.0 107.670933192
2410.0 108.120800631
2420.0 108.570708854
2430.0 109.020658798
2440.0 109.470651412
2450.0 109.920687661
2460.0 110.370768522
2470.0 110.820894988
2480.0 111.271068064
2490.0 111.72128877
2500.0 112.171558138
2510.0 112.621877215
2520.0 113.072247061
2530.0 113.522668749
2540.0 113.973143366
2550.0 114.423672009
2560.0 114.87425579
2570.0 115.324895835
2580.0 115.775593279
2590.0 116.226349271
2600.0 116.677164972
2610.0 117.128041553
2620.0 117.578980198
2630.0 118.029982102
2640.0 118.48104847
2650.0 118.932180518
2660.0 119.383379472
2670.0 119.834646568
2680.0 120.28598305
2690.0 120.737390175
2700.0 121.188869205
2710.0 121.640421412
2720.0 122.092048076
2730.0 122.543750484
2740.0 122.99552993
2750.0 123.447387717
2760.0 123.899325151
2770.0 124.351343546
2780.0 124.80344422
2790.0 125.255628497
2800.0 125.707897704
2810.0 126.160253174
2820.0 126.61269624
2830.0 127.06522824
2840.0 127.517850514
2850.0 127.970564401
2860.0 128.423371245
2870.0 128.876272387
2880.0 129.32926917
2890.0 129.782362933
2900.0 130.235555017
2910.0 130.688846758
2920.0 131.142239491
2930.0 131.595734546
2940.0 132.049333249
2950.0 132.503036922
2960.0 132.95684688
2970.0 133.410764432
2980.0 133.86479088
2990.0 134.318927519
3000.0 134.773175634
3010.0 135.227536501
3020.0 135.682011385
3030.0 136.136601542
3040.0 136.591308216
3050.0 137.046132636
3060.0 137.501076021
3070.0 137.956139574
3080.0 138.411324483
3090.0 138.866631922
3100.0 139.322063047
3110.0 139.777618998
3120.0 140.233300895
3130.0 140.68910984
3140.0 141.145046917
3150.0 141.601113187
3160.0 142.057309692
3170.0 142.513637449
3180.0 142.970097456
3190.0 143.426690683
3200.0 143.883418078
3210.0 144.340280563
3220.0 144.797279036
3230.0 145.254414364
3240.0 145.71168739
3250.0 146.169098926
3260.0 146.626649757
3270.0 147.084340636
3280.0 147.542172287
3290.0 148.000145403
3300.0 148.458260642
3310.0 148.916518632
3320.0 149.374919966
3330.0 149.833465203
3340.0 150.292154868
3350.0 150.75098945
3360.0 151.209969401
3370.0 151.669095136
3380.0 152.128367035
3390.0 152.587785437
3400.0 153.047350645
3410.0 153.50706292
3420.0 153.966922487
3430.0 154.426929527
3440.0 154.887084183
3450.0 155.347386555
3460.0 155.807836704
3470.0 156.268434646
3480.0 156.729180357
3490.0 157.190073769
3500.0 157.65111477
3510.0 158.112303206
3520.0 158.57363888
3530.0 159.035121548
3540.0 159.496750924
3550.0 159.958526678
3560.0 160.420448432
3570.0 160.882515768
3580.0 161.344728218
3590.0 161.807085272
3600.0 162.269586374
3610.0 162.732230923
3620.0 163.195018271
3630.0 163.657947727
3640.0 164.121018554
3650.0 164.584229969
3660.0 165.047581144
3670.0 165.511071208
3680.0 165.974699242
3690.0 166.438464286
3700.0 166.902365332
3710.0 167.366401331
3720.0 167.830571187
3730.0 168.294873764
3740.0 168.759307879
3750.0 169.223872309
3760.0 169.688565788
3770.0 170.153387007
3780.0 170.618334616
3790.0 171.083407225
3800.0 171.548603401
3810.0 172.013921674
3820.0 172.479360533
3830.0 172.944918428
3840.0 173.410593772
3850.0 173.876384939
3860.0 174.342290269
3870.0 174.808308063
3880.0 175.274436589
3890.0 175.74067408
3900.0 176.207018735