0.0 0.0
120.0 5.37298744432
121.25 5.42976733308
122.5 5.48651790505
123.75 5.54323989768
125.0 5.59993404186
126.25 5.65660106107
127.5 5.71324167062
128.75 5.76985657697
130.0 5.8264464771
131.25 5.88301205797
132.5 5.93955399606
133.75 5.99607295696
135.0 6.05256959497
136.25 6.10904455287
137.5 6.16549846159
138.75 6.22193194003
140.0 6.2783455949
141.25 6.33474002056
142.5 6.39111579897
143.75 6.44747349956
145.0 6.50381367924
146.25 6.56013688237
147.5 6.61644364081
148.75 6.67273447392
150.0 6.72900988863
151.25 6.78527037953
152.5 6.84151642897
155.0 6.95396707223
157.5 7.0663654367
160.0 7.17871495307
162.5 7.29101886964
165.0 7.40328025799
167.5 7.51550201906
170.0 7.62768688941
172.5 7.73983744776
175.0 7.85195612155
177.5 7.96404519357
180.0 8.07610680857
182.5 8.1881429798
185.0 8.30015559546
187.5 8.41214642498
190.0 8.52411712519
195.0 8.7480042376
200.0 8.97182815733
205.0 9.19559866889
210.0 9.41932427813
215.0 9.6430123598
220.0 9.86666929146
225.0 10.0903005742
230.0 10.313910941
240.0 10.7610845864
250.0 11.2082161391
260.0 11.6553243681
270.0 12.1024226889
280.0 12.5495205358
290.0 12.9966244061
300.0 13.4437386468
310.0 13.8908660447
320.0 14.3380082651
330.0 14.7851661763
340.0 15.232340088
350.0 15.6795299252
360.0 16.1267353548
370.0 16.5739558758
380.0 17.0211908849
390.0 17.4684397215
400.0 17.9157017
410.0 18.3629761316
420.0 18.8102623389
430.0 19.2575596651
440.0 19.7048674805
450.0 20.1521851848
460.0 20.5995122095
470.0 21.0468480175
480.0 21.4941921032
490.0 21.9415439908
500.0 22.3889032335
510.0 22.8362694117
520.0 23.2836421317
530.0 23.7310210237
540.0 24.1784057405
550.0 24.6257959561
560.0 25.073191364
570.0 25.5205916761
580.0 25.9679966212
590.0 26.415405944
600.0 26.8628194041
610.0 27.3102367745
620.0 27.7576578414
630.0 28.2050824027
640.0 28.6525102675
650.0 29.0999412553
660.0 29.5473751952
670.0 29.9948119255
680.0 30.4422512929
690.0 30.8896931519
700.0 31.3371373646
710.0 31.7845837999
720.0 32.2320323331
730.0 32.6794828457
740.0 33.1269352249
750.0 33.5743893632
760.0 34.021845158
770.0 34.4693025113
780.0 34.9167613299
790.0 35.3642215242
800.0 35.8116830088
810.0 36.2591457017
820.0 36.7066095243
830.0 37.1540744014
840.0 37.6015402605
850.0 38.0490070319
860.0 38.4964746487
870.0 38.9439430461
880.0 39.3914121618
890.0 39.8388819356
900.0 40.2863523092
910.0 40.733823226
920.0 41.1812946314
930.0 41.6287664721
940.0 42.0762386964
950.0 42.5237112539
960.0 42.9711840955
970.0 43.418657173
980.0 43.8661304394
990.0 44.3136038488
1000.0 44.7610773558
1010.0 45.2085509159
1020.0 45.6560244853
1030.0 46.1034980208
1040.0 46.5509714797
1050.0 46.9984448196
1060.0 47.4459179986
1070.0 47.8933909749
1080.0 48.3408637071
1090.0 48.7883361538
1100.0 49.2358082738
1110.0 49.6832800257
1120.0 50.1307513682
1130.0 50.5782222598
1140.0 51.0256926587
1150.0 51.4731625231
1160.0 51.9206318106
1170.0 52.3681004785
1180.0 52.8155684836
1190.0 53.2630357824
1200.0 53.7105023305
1210.0 54.1579680831
1220.0 54.6054329945
1230.0 55.0528970185
1240.0 55.5003601079
1250.0 55.9478222145
1260.0 56.3952832892
1270.0 56.8427432822
1280.0 57.2902021421
1290.0 57.7376598168
1300.0 58.1851162526
1310.0 58.6325713948
1320.0 59.0800251872
1330.0 59.5274775723
1340.0 59.974928491
1350.0 60.4223778827
1360.0 60.8698256851
1370.0 61.3172718343
1380.0 61.7647162645
1390.0 62.2121589082
1400.0 62.6595996957
1410.0 63.1070385557
1420.0 63.5544754145
1430.0 64.0019101962
1440.0 64.4493428229
1450.0 64.8967732141
1460.0 65.3442012871
1470.0 65.7916269566
1480.0 66.2390501347
1490.0 66.6864707308
1500.0 67.1338886514
1510.0 67.5813038004
1520.0 68.0287160786
1530.0 68.4761253837
1540.0 68.9235316101
1550.0 69.3709346493
1560.0 69.818334389
1570.0 70.2657307137
1580.0 70.7131235044
1590.0 71.1605126379
1600.0 71.6078979879
1610.0 72.0552794235
1620.0 72.5026568103
1630.0 72.9500300094
1640.0 73.3973988778
1650.0 73.844763268
1660.0 74.2921230281
1670.0 74.7394780014
1680.0 75.1868280266
1690.0 75.6341729374
1700.0 76.0815125624
1710.0 76.5288467252
1720.0 76.976175244
1730.0 77.4234979315
1740.0 77.8708145949
1750.0 78.3181250356
1760.0 78.7654290494
1770.0 79.2127264257
1780.0 79.660016948
1790.0 80.1073003934
1800.0 80.5545765325
1810.0 81.0018451295
1820.0 81.4491059416
1830.0 81.8963587192
1840.0 82.3436032055
1850.0 82.7908391367
1860.0 83.2380662414
1870.0 83.6852842408
1880.0 84.1324928482
1890.0 84.5796917691
1900.0 85.0268807011
1910.0 85.4740593335
1920.0 85.9212273471
1930.0 86.3683844143
1940.0 86.8155301987
1950.0 87.2626643553
1960.0 87.7097865296
1970.0 88.1568963583
1980.0 88.6039934685
1990.0 89.0510774778
2000.0 89.4981479942
2010.0 89.9452046156
2020.0 90.3922469301
2030.0 90.8392745154
2040.0 91.2862869388
2050.0 91.7332837572
2060.0 92.1802645168
2070.0 92.6272287528
2080.0 93.0741759893
2090.0 93.5211057395
2100.0 93.968017505
2110.0 94.414910776
2120.0 94.8617850309
2130.0 95.3086397365
2140.0 95.7554743475
2150.0 96.2022883065
2160.0 96.649081044
2170.0 97.0958519778
2180.0 97.5426005135
2190.0 97.9893260439
2200.0 98.436027949
2210.0 98.8827055959
2220.0 99.3293583387
2230.0 99.7759855183
2240.0 100.222586462
2250.0 100.669160485
2260.0 101.115706888
2270.0 101.562224958
2280.0 102.008713968
2290.0 102.455173179
2300.0 102.901601837
2310.0 103.347999174
2320.0 103.794364408
2330.0 104.240696743
2340.0 104.686995371
2350.0 105.133259467
2360.0 105.579488193
2370.0 106.025680697
2380.0 106.471836113
2390.0 106.917953561
2400.0 107.364032147
2410.0 107.810070961
2420.0 108.25606908
2430.0 108.702025569
2440.0 109.147939476
2450.0 109.593809836
2460.0 110.03963567
2470.0 110.485415986
2480.0 110.931149778
2490.0 111.376836024
2500.0 111.822473691
2510.0 112.268061732
2520.0 112.713599086
2530.0 113.15908468
2540.0 113.604517426
2550.0 114.049896226
2560.0 114.495219966
2570.0 114.940487521
2580.0 115.385697755
2590.0 115.830849519
2600.0 116.27594165
2610.0 116.720972976
2620.0 117.165942313
2630.0 117.610848466
2640.0 118.055690228
2650.0 118.500466384
2660.0 118.945175707
2670.0 119.389816959
2680.0 119.834388896
2690.0 120.278890261
2700.0 120.723319791
2710.0 121.167676214
2720.0 121.611958249
2730.0 122.056164607
2740.0 122.500293995
2750.0 122.94434511
2760.0 123.388316644
2770.0 123.832207283
2780.0 124.276015708
2790.0 124.719740595
2800.0 125.163380616
2810.0 125.60693444
2820.0 126.050400729
2830.0 126.493778148
2840.0 126.937065356
2850.0 127.380261011
2860.0 127.823363771
2870.0 128.266372294
2880.0 128.709285237
2890.0 129.152101258
2900.0 129.594819019
2910.0 130.037437181
2920.0 130.47995441
2930.0 130.922369375
2940.0 131.36468075
2950.0 131.806887211
2960.0 132.248987444
2970.0 132.690980139
2980.0 133.132863994
2990.0 133.574637713
3000.0 134.016300012
3010.0 134.457849613
3020.0 134.89928525
3030.0 135.340605668
3040.0 135.781809623
3050.0 136.222895884
3060.0 136.663863233
3070.0 137.104710466
3080.0 137.545436395
3090.0 137.986039845
3100.0 138.42651966
3110.0 138.8668747
3120.0 139.307103843
3130.0 139.747205988
3140.0 140.187180051
3150.0 140.627024969
3160.0 141.066739702
3170.0 141.50632323
3180.0 141.945774558
3190.0 142.385092712
3200.0 142.824276746
3210.0 143.263325736
3220.0 143.702238786
3230.0 144.141015027
3240.0 144.579653615
3250.0 145.01815374
3260.0 145.456514614
3270.0 145.894735485
3280.0 146.332815629
3290.0 146.770754353
3300.0 147.208550998
3310.0 147.646204935
3320.0 148.083715572
3330.0 148.521082349
3340.0 148.958304741
3350.0 149.395382258
3360.0 149.832314449
3370.0 150.269100897
3380.0 150.705741224
3390.0 151.142235089
3400.0 151.578582189
3410.0 152.014782262
3420.0 152.450835085
3430.0 152.886740475
3440.0 153.322498289
3450.0 153.758108425
3460.0 154.193570826
3470.0 154.628885471
3480.0 155.064052388
3490.0 155.499071642
3500.0 155.933943346
3510.0 156.368667652
3520.0 156.803244759
3530.0 157.237674909
3540.0 157.671958388
3550.0 158.106095528
3560.0 158.540086703
3570.0 158.973932334
3580.0 159.407632887
3590.0 159.841188872
3600.0 160.274600846
3610.0 160.707869409
3620.0 161.140995208
3630.0 161.573978934
3640.0 162.006821325
3650.0 162.439523162
3660.0 162.872085274
3670.0 163.304508531
3680.0 163.736793853
3690.0 164.168942199
3700.0 164.600954576
3710.0 165.032832035
3720.0 165.46457567
3730.0 165.896186617
3740.0 166.327666059
3750.0 166.759015218
3760.0 167.190235362
3770.0 167.621327798
3780.0 168.052293876
3790.0 168.483134986
3800.0 168.913852561
3810.0 169.34444807
3820.0 169.774923025
3830.0 170.205278975
3840.0 170.635517508
3850.0 171.065640247
3860.0 171.495648856
3870.0 171.92554503
3880.0 172.355330502
3890.0 172.78500704
3900.0 173.214576444