0.0 0.0
120.0 5.37981560061
121.25 5.43666671168
122.5 5.49348850815
123.75 5.55028172748
125.0 5.60704710056
126.25 5.66378535089
127.5 5.72049719378
128.75 5.77718333569
130.0 5.83384447362
131.25 5.89048129453
132.5 5.94709447491
133.75 6.00368468035
135.0 6.06025256517
136.25 6.11679877215
137.5 6.17332393222
138.75 6.22982866431
140.0 6.28631357511
141.25 6.34277925902
142.5 6.39922629797
143.75 6.45565526142
145.0 6.51206670628
146.25 6.56846117693
147.5 6.62483920523
148.75 6.68120131053
150.0 6.73754799979
151.25 6.79387976761
152.5 6.85019709633
153.75 6.90650045616
155.0 6.9627903053
156.25 7.01906709006
157.5 7.07533124503
158.75 7.13158319324
160.0 7.18782334629
162.5 7.30026985744
165.0 7.41267385014
167.5 7.52503822536
170.0 7.63736571975
172.5 7.74965891207
175.0 7.86192022984
177.5 7.97415195591
180.0 8.08635623509
182.5 8.19853508072
185.0 8.31069038103
187.5 8.42282390554
190.0 8.53493731113
192.5 8.64703214806
195.0 8.75910986576
197.5 8.87117181836
200.0 8.98321927011
202.5 9.0952534005
205.0 9.20727530923
210.0 9.4312864895
215.0 9.65526018625
220.0 9.87920277759
225.0 10.1031197652
230.0 10.3270158825
235.0 10.5508951916
240.0 10.7747611687
245.0 10.9986167807
250.0 11.2224645521
260.0 11.6701448067
270.0 12.1178153527
280.0 12.5654856298
290.0 13.0131621403
300.0 13.4608492363
310.0 13.9085497102
320.0 14.3562652329
330.0 14.8039966781
340.0 15.2517443615
350.0 15.6995082139
360.0 16.1472879083
370.0 16.5950829499
380.0 17.0428927416
390.0 17.4907166294
400.0 17.9385539343
410.0 18.3864039743
420.0 18.8342660789
430.0 19.2821395986
440.0 19.7300239106
450.0 20.1779184224
460.0 20.6258225729
470.0 21.073735833
480.0 21.521657705
490.0 21.9695877212
500.0 22.4175254433
510.0 22.8654704603
520.0 23.3134223872
530.0 23.7613808633
540.0 24.2093455506
550.0 24.6573161327
560.0 25.1052923126
570.0 25.5532738122
580.0 26.0012603706
590.0 26.449251743
600.0 26.8972476995
610.0 27.3452480243
620.0 27.7932525148
630.0 28.2412609806
640.0 28.6892732425
650.0 29.1372891323
660.0 29.5853084917
670.0 30.0333311717
680.0 30.4813570323
690.0 30.9293859416
700.0 31.3774177754
710.0 31.8254524171
720.0 32.2734897568
730.0 32.7215296909
740.0 33.1695721222
750.0 33.6176169592
760.0 34.0656641156
770.0 34.5137135106
780.0 34.9617650679
790.0 35.4098187162
800.0 35.8578743882
810.0 36.305932021
820.0 36.7539915555
830.0 37.2020529365
840.0 37.650116112
850.0 38.0981810339
860.0 38.5462476569
870.0 38.994315939
880.0 39.4423858411
890.0 39.8904573269
900.0 40.3385303629
910.0 40.7866049181
920.0 41.234680964
930.0 41.6827584745
940.0 42.1308374259
950.0 42.5789177965
960.0 43.026999567
970.0 43.4750827201
980.0 43.9231672404
990.0 44.3712531147
1000.0 44.8193403313
1010.0 45.2674288808
1020.0 45.7155187554
1030.0 46.163609949
1040.0 46.6117024573
1050.0 47.0597962777
1060.0 47.5078914094
1070.0 47.9559878529
1080.0 48.4040856107
1090.0 48.8521846866
1100.0 49.3002850862
1110.0 49.7483868167
1120.0 50.1964898865
1130.0 50.644594306
1140.0 51.0927000869
1150.0 51.5408072426
1160.0 51.988915788
1170.0 52.4370257394
1180.0 52.8851371149
1190.0 53.3332499341
1200.0 53.7813642182
1210.0 54.22947999
1220.0 54.6775972738
1230.0 55.1257160959
1240.0 55.5738364838
1250.0 56.021958467
1260.0 56.4700820766
1270.0 56.9182073456
1280.0 57.3663343085
1290.0 57.8144630019
1300.0 58.262593464
1310.0 58.7107257351
1320.0 59.1588598573
1330.0 59.6069958747
1340.0 60.0551338333
1350.0 60.5032737814
1360.0 60.9514157692
1370.0 61.3995598492
1380.0 61.8477060761
1390.0 62.2958545066
1400.0 62.7440052002
1410.0 63.1921582183
1420.0 63.6403136252
1430.0 64.0884714875
1440.0 64.5366318742
1450.0 64.9847948574
1460.0 65.4329605114
1470.0 65.8811289138
1480.0 66.3293001448
1490.0 66.7774742875
1500.0 67.2256514282
1510.0 67.6738316563
1520.0 68.1220150643
1530.0 68.570201748
1540.0 69.0183918068
1550.0 69.4665853434
1560.0 69.9147824639
1570.0 70.3629832784
1580.0 70.8111879006
1590.0 71.2593964481
1600.0 71.7076090424
1610.0 72.1558258092
1620.0 72.6040468783
1630.0 73.0522723839
1640.0 73.5005024646
1650.0 73.9487372633
1660.0 74.3969769278
1670.0 74.8452216107
1680.0 75.2934714694
1690.0 75.7417266662
1700.0 76.1899873686
1710.0 76.6382537497
1720.0 77.0865259875
1730.0 77.5348042658
1740.0 77.9830887742
1750.0 78.4313797079
1760.0 78.8796772681
1770.0 79.327981662
1780.0 79.7762931034
1790.0 80.2246118121
1800.0 80.6729380146
1810.0 81.121271944
1820.0 81.5696138403
1830.0 82.0179639506
1840.0 82.4663225289
1850.0 82.9146898366
1860.0 83.3630661427
1870.0 83.8114517235
1880.0 84.2598468633
1890.0 84.7082518543
1900.0 85.1566669968
1910.0 85.6050925993
1920.0 86.0535289787
1930.0 86.5019764607
1940.0 86.9504353794
1950.0 87.3989060781
1960.0 87.847388909
1970.0 88.2958842338
1980.0 88.7443924233
1990.0 89.1929138582
2000.0 89.6414489287
2010.0 90.089998035
2020.0 90.5385615874
2030.0 90.9871400065
2040.0 91.4357337232
2050.0 91.8843431791
2060.0 92.3329688264
2070.0 92.7816111283
2080.0 93.2302705591
2090.0 93.6789476042
2100.0 94.1276427605
2110.0 94.5763565364
2120.0 95.0250894519
2130.0 95.4738420389
2140.0 95.9226148414
2150.0 96.3714084153
2160.0 96.820223329
2170.0 97.269060163
2180.0 97.7179195108
2190.0 98.1668019782
2200.0 98.615708184
2210.0 99.0646387598
2220.0 99.5135943504
2230.0 99.9625756136
2240.0 100.411583221
2250.0 100.860617856
2260.0 101.309680218
2270.0 101.758771017
2280.0 102.20789098
2290.0 102.657040845
2300.0 103.106221365
2310.0 103.555433307
2320.0 104.004677451
2330.0 104.453954592
2340.0 104.903265539
2350.0 105.352611115
2360.0 105.801992156
2370.0 106.251409513
2380.0 106.700864053
2390.0 107.150356653
2400.0 107.599888209
2410.0 108.049459627
2420.0 108.49907183
2430.0 108.948725753
2440.0 109.398422346
2450.0 109.848162574
2460.0 110.297947415
2470.0 110.74777786
2480.0 111.197654915
2490.0 111.6475796
2500.0 112.097552948
2510.0 112.547576004
2520.0 112.997649829
2530.0 113.447775497
2540.0 113.897954092
2550.0 114.348186714
2560.0 114.798474475
2570.0 115.248818499
2580.0 115.699219923
2590.0 116.149679894
2600.0 116.600199574
2610.0 117.050780134
2620.0 117.501422759
2630.0 117.952128642
2640.0 118.402898989
2650.0 118.853735016
2660.0 119.304637949
2670.0 119.755609024
2680.0 120.206649486
2690.0 120.65776059
2700.0 121.108943599
2710.0 121.560199786
2720.0 122.011530429
2730.0 122.462936816
2740.0 122.914420242
2750.0 123.365982007
2760.0 123.817623421
2770.0 124.269345795
2780.0 124.721150448
2790.0 125.173038705
2800.0 125.625011891
2810.0 126.07707134
2820.0 126.529218385
2830.0 126.981454365
2840.0 127.433780617
2850.0 127.886198484
2860.0 128.338709307
2870.0 128.791314429
2880.0 129.244015191
2890.0 129.696812933
2900.0 130.149708996
2910.0 130.602704717
2920.0 131.055801429
2930.0 131.509000463
2940.0 131.962303145
2950.0 132.415710797
2960.0 132.869224734
2970.0 133.322846266
2980.0 133.776576693
2990.0 134.230417312
3000.0 134.684369406
3010.0 135.138434252
3020.0 135.592613115
3030.0 136.046907252
3040.0 136.501317905
3050.0 136.955846304
3060.0 137.410493668
3070.0 137.8652612
3080.0 138.320150089
3090.0 138.775161507
3100.0 139.230296611
3110.0 139.685556541
3120.0 140.140942417
3130.0 140.596455342
3140.0 141.052096398
3150.0 141.507866648
3160.0 141.963767131
3170.0 142.419798868
3180.0 142.875962854
3190.0 143.33226006
3200.0 143.788691434
3210.0 144.245257899
3220.0 144.701960351
3230.0 145.158799658
3240.0 145.615776663
3250.0 146.072892178
3260.0 146.530146988
3270.0 146.987541847
3280.0 147.445077478
3290.0 147.902754572
3300.0 148.360573791
3310.0 148.81853576
3320.0 149.276641073
3330.0 149.73489029
3340.0 150.193283934
3350.0 150.651822495
3360.0 151.110506425
3370.0 151.56933614
3380.0 152.028312018
3390.0 152.487434399
3400.0 152.946703586
3410.0 153.406119841
3420.0 153.865683387
3430.0 154.325394406
3440.0 154.785253041
3450.0 155.245259393
3460.0 155.705413521
3470.0 156.165715442
3480.0 156.626165132
3490.0 157.086762523
3500.0 157.547507503
3510.0 158.008399919
3520.0 158.469439572
3530.0 158.930626219
3540.0 159.391959575
3550.0 159.853439307
3560.0 160.315065041
3570.0 160.776836356
3580.0 161.238752785
3590.0 161.700813819
3600.0 162.1630189
3610.0 162.625367428
3620.0 163.087858755
3630.0 163.550492191
3640.0 164.013266997
3650.0 164.476182391
3660.0 164.939237545
3670.0 165.402431588
3680.0 165.865763602
3690.0 166.329232625
3700.0 166.792837651
3710.0 167.256577628
3720.0 167.720451464
3730.0 168.18445802
3740.0 168.648596114
3750.0 169.112864524
3760.0 169.577261982
3770.0 170.04178718
3780.0 170.506438768
3790.0 170.971215356
3800.0 171.436115512
3810.0 171.901137764
3820.0 172.366280602
3830.0 172.831542476
3840.0 173.296921799
3850.0 173.762416946
3860.0 174.228026255
3870.0 174.693748029
3880.0 175.159580534
3890.0 175.625522004
3900.0 176.091570638