0.0 0.0
120.0 5.37458315022
121.25 5.43137966091
122.5 5.48814685482
123.75 5.54488546939
125.0 5.6015962355
126.25 5.65827987665
127.5 5.71493710814
128.75 5.77156863642
130.0 5.82817515849
131.25 5.88475736129
132.5 5.94131592132
133.75 5.99785150415
135.0 6.0543647641
136.25 6.11085634394
137.5 6.16732687459
138.75 6.22377697497
140.0 6.28020725177
141.25 6.33661829938
142.5 6.39301069972
143.75 6.44938502225
145.0 6.50574182386
146.25 6.56208164893
147.5 6.61840502931
148.75 6.67471248435
150.0 6.731004521
151.25 6.78728163384
152.5 6.84354430521
155.0 6.95602819235
157.5 7.06845980069
160.0 7.18084256093
162.5 7.29317972137
165.0 7.4054743536
167.5 7.51772935854
170.0 7.62994747277
172.5 7.74213127499
175.0 7.85428319265
177.5 7.96640550854
180.0 8.07850036741
182.5 8.19056978252
185.0 8.30261564205
187.5 8.41463971544
190.0 8.52664365952
195.0 8.75059725968
200.0 8.97448766716
205.0 9.19832466646
210.0 9.42211676345
215.0 9.64587133287
220.0 9.86959475227
225.0 10.0932925228
230.0 10.3169693773
240.0 10.7642759982
250.0 11.2115405264
260.0 11.6587817309
270.0 12.1060130271
280.0 12.5532438496
290.0 13.0004806954
300.0 13.4477279115
310.0 13.8949882849
320.0 14.3422634808
330.0 14.7895543675
340.0 15.2368612547
350.0 15.6841840674
360.0 16.1315224724
370.0 16.578875969
380.0 17.0262439536
390.0 17.4736257656
400.0 17.9210207197
410.0 18.3684281268
420.0 18.8158473095
430.0 19.2632776113
440.0 19.7107184021
450.0 20.1581690819
460.0 20.6056290821
470.0 21.0530978656
480.0 21.5005749268
490.0 21.9480597899
500.0 22.3955520081
510.0 22.8430511618
520.0 23.2905568573
530.0 23.7380687247
540.0 24.185586417
550.0 24.6331096081
560.0 25.0806379915
570.0 25.5281712791
580.0 25.9757091997
590.0 26.423251498
600.0 26.8707979335
610.0 27.3183482795
620.0 27.7659023219
630.0 28.2134598587
640.0 28.661020699
650.0 29.1085846622
660.0 29.5561515777
670.0 30.0037212835
680.0 30.4512936263
690.0 30.8988684608
700.0 31.346445649
710.0 31.7940250598
720.0 32.2416065685
730.0 32.6891900566
740.0 33.1367754113
750.0 33.584362525
760.0 34.0319512953
770.0 34.4795416242
780.0 34.9271334182
790.0 35.374726588
800.0 35.8223210481
810.0 36.2699167165
820.0 36.7175135146
830.0 37.1651113672
840.0 37.6127102018
850.0 38.0603099487
860.0 38.5079105409
870.0 38.9555119138
880.0 39.403114005
890.0 39.8507167543
900.0 40.2983201034
910.0 40.7459239957
920.0 41.1935283766
930.0 41.6411331928
940.0 42.0887383926
950.0 42.5363439256
960.0 42.9839497426
970.0 43.4315557956
980.0 43.8791620376
990.0 44.3267684224
1000.0 44.7743749049
1010.0 45.2219814405
1020.0 45.6695879854
1030.0 46.1171944965
1040.0 46.5648009308
1050.0 47.0124072462
1060.0 47.4600134006
1070.0 47.9076193524
1080.0 48.3552250601
1090.0 48.8028304824
1100.0 49.2504355778
1110.0 49.6980403052
1120.0 50.1456446232
1130.0 50.5932484903
1140.0 51.0408518648
1150.0 51.4884547046
1160.0 51.9360569676
1170.0 52.3836586109
1180.0 52.8312595916
1190.0 53.2788598658
1200.0 53.7264593894
1210.0 54.1740581175
1220.0 54.6216560045
1230.0 55.069253004
1240.0 55.5168490688
1250.0 55.9644441509
1260.0 56.4120382011
1270.0 56.8596311696
1280.0 57.307223005
1290.0 57.7548136551
1300.0 58.2024030664
1310.0 58.6499911841
1320.0 59.0975779521
1330.0 59.5451633127
1340.0 59.9927472069
1350.0 60.440329574
1360.0 60.8879103519
1370.0 61.3354894766
1380.0 61.7830668823
1390.0 62.2306425015
1400.0 62.6782162645
1410.0 63.1257881
1420.0 63.5733579342
1430.0 64.0209256914
1440.0 64.4684912936
1450.0 64.9160546603
1460.0 65.3636157089
1470.0 65.8111743539
1480.0 66.2587305074
1490.0 66.706284079
1500.0 67.1538349751
1510.0 67.6013830996
1520.0 68.0489283533
1530.0 68.4964706338
1540.0 68.9440098358
1550.0 69.3915458504
1560.0 69.8390785656
1570.0 70.2866078659
1580.0 70.734133632
1590.0 71.1816557411
1600.0 71.6291740665
1610.0 72.0766884776
1620.0 72.5241988399
1630.0 72.9717050145
1640.0 73.4192068584
1650.0 73.8667042241
1660.0 74.3141969597
1670.0 74.7616849085
1680.0 75.2091679092
1690.0 75.6566457954
1700.0 76.1041183959
1710.0 76.5515855342
1720.0 76.9990470285
1730.0 77.4465026914
1740.0 77.8939523303
1750.0 78.3413957466
1760.0 78.7888327359
1770.0 79.2362630877
1780.0 79.6836865854
1790.0 80.1311030063
1800.0 80.578512121
1810.0 81.0259136934
1820.0 81.473307481
1830.0 81.9206932341
1840.0 82.3680706959
1850.0 82.8154396026
1860.0 83.2627996828
1870.0 83.7101506576
1880.0 84.1574922405
1890.0 84.604824137
1900.0 85.0521460445
1910.0 85.4994576523
1920.0 85.9467586414
1930.0 86.3940486841
1940.0 86.841327444
1950.0 87.2885945761
1960.0 87.7358497259
1970.0 88.1830925301
1980.0 88.6303226158
1990.0 89.0775396006
2000.0 89.5247430925
2010.0 89.9719326894
2020.0 90.4191079793
2030.0 90.8662685401
2040.0 91.313413939
2050.0 91.760543733
2060.0 92.207657468
2070.0 92.6547546795
2080.0 93.1018348915
2090.0 93.5488976172
2100.0 93.9959423582
2110.0 94.4429686046
2120.0 94.8899758351
2130.0 95.3369635161
2140.0 95.7839311026
2150.0 96.2308780371
2160.0 96.6778037501
2170.0 97.1247076594
2180.0 97.5715891706
2190.0 98.0184476765
2200.0 98.4652825571
2210.0 98.9120931794
2220.0 99.3588788977
2230.0 99.8056390528
2240.0 100.252372972
2250.0 100.699079971
2260.0 101.145759349
2270.0 101.592410394
2280.0 102.03903238
2290.0 102.485624567
2300.0 102.9321862
2310.0 103.378716512
2320.0 103.825214722
2330.0 104.271680033
2340.0 104.718111636
2350.0 105.164508707
2360.0 105.610870409
2370.0 106.057195888
2380.0 106.50348428
2390.0 106.949734704
2400.0 107.395946265
2410.0 107.842118054
2420.0 108.288249149
2430.0 108.734338614
2440.0 109.180385496
2450.0 109.626388831
2460.0 110.072347641
2470.0 110.518260933
2480.0 110.964127699
2490.0 111.409946921
2500.0 111.855717563
2510.0 112.30143858
2520.0 112.74710891
2530.0 113.192727479
2540.0 113.638293201
2550.0 114.083804976
2560.0 114.529261692
2570.0 114.974662223
2580.0 115.420005432
2590.0 115.865290171
2600.0 116.310515277
2610.0 116.755679579
2620.0 117.200781892
2630.0 117.64582102
2640.0 118.090795758
2650.0 118.53570489
2660.0 118.980547188
2670.0 119.425321416
2680.0 119.870026328
2690.0 120.314660668
2700.0 120.759223174
2710.0 121.203712572
2720.0 121.648127582
2730.0 122.092466916
2740.0 122.53672928
2750.0 122.98091337
2760.0 123.425017879
2770.0 123.869041494
2780.0 124.312982895
2790.0 124.756840757
2800.0 125.200613754
2810.0 125.644300553
2820.0 126.087899818
2830.0 126.531410212
2840.0 126.974830395
2850.0 127.418159026
2860.0 127.861394761
2870.0 128.30453626
2880.0 128.747582178
2890.0 129.190531175
2900.0 129.633381912
2910.0 130.076133049
2920.0 130.518783254
2930.0 130.961331194
2940.0 131.403775544
2950.0 131.846114981
2960.0 132.28834819
2970.0 132.73047386
2980.0 133.17249069
2990.0 133.614397385
3000.0 134.056192659
3010.0 134.497875236
3020.0 134.939443848
3030.0 135.380897242
3040.0 135.822234172
3050.0 136.263453409
3060.0 136.704553734
3070.0 137.145533942
3080.0 137.586392846
3090.0 138.027129271
3100.0 138.467742062
3110.0 138.908230077
3120.0 139.348592197
3130.0 139.788827317
3140.0 140.228934355
3150.0 140.668912249
3160.0 141.108759957
3170.0 141.548476461
3180.0 141.988060764
3190.0 142.427511894
3200.0 142.866828903
3210.0 143.306010869
3220.0 143.745056894
3230.0 144.18396611
3240.0 144.622737675
3250.0 145.061370774
3260.0 145.499864624
3270.0 145.938218471
3280.0 146.37643159
3290.0 146.81450329
3300.0 147.25243291
3310.0 147.690219823
3320.0 148.127863435
3330.0 148.565363187
3340.0 149.002718555
3350.0 149.439929048
3360.0 149.876994214
3370.0 150.313913638
3380.0 150.75068694
3390.0 151.18731378
3400.0 151.623793856
3410.0 152.060126905
3420.0 152.496312703
3430.0 152.932351068
3440.0 153.368241858
3450.0 153.80398497
3460.0 154.239580346
3470.0 154.675027967
3480.0 155.110327859
3490.0 155.545480089
3500.0 155.980484767
3510.0 156.415342049
3520.0 156.850052132
3530.0 157.284615257
3540.0 157.719031712
3550.0 158.153301827
3560.0 158.587425978
3570.0 159.021404584
3580.0 159.455238113
3590.0 159.888927074
3600.0 160.322472023
3610.0 160.755873561
3620.0 161.189132335
3630.0 161.622249037
3640.0 162.055224403
3650.0 162.488059216
3660.0 162.920754303
3670.0 163.353310537
3680.0 163.785728833
3690.0 164.218010155
3700.0 164.650155508
3710.0 165.082165942
3720.0 165.514042552
3730.0 165.945786475
3740.0 166.377398893
3750.0 166.808881028
3760.0 167.240234147
3770.0 167.671459558
3780.0 168.102558612
3790.0 168.533532697
3800.0 168.964383247
3810.0 169.395111732
3820.0 169.825719663
3830.0 170.256208589
3840.0 170.686580097
3850.0 171.116835812
3860.0 171.546977395
3870.0 171.977006545
3880.0 172.406924993
3890.0 172.836734507
3900.0 173.266436886