0.0 0.0
120.0 5.38148065252
121.25 5.43834910787
122.5 5.49518824864
123.75 5.55199881226
125.0 5.60878152963
126.25 5.66553712424
127.5 5.72226631143
128.75 5.77896979763
130.0 5.83564827985
131.25 5.89230244505
132.5 5.94893296972
133.75 6.00554051945
135.0 6.06212574856
136.25 6.11868929983
137.5 6.1752318042
138.75 6.23175388057
140.0 6.28825613567
141.25 6.34473916387
142.5 6.40120354711
143.75 6.45764985485
145.0 6.514078644
146.25 6.57049045894
147.5 6.62688583153
148.75 6.68326528112
150.0 6.73962931467
151.25 6.79597842678
152.5 6.85231309979
153.75 6.90863380391
155.0 6.96494099734
156.25 7.02123512639
157.5 7.07751662565
158.75 7.13378591815
160.0 7.1900434155
162.5 7.30252461523
165.0 7.4149632965
167.5 7.52736236031
170.0 7.63972454328
172.5 7.75205242418
175.0 7.86434843053
177.5 7.97661484518
180.0 8.08885381295
182.5 8.20106734715
185.0 8.31325733605
187.5 8.42542554913
190.0 8.53757364331
192.5 8.64970316883
195.0 8.7618155751
197.5 8.87391221629
200.0 8.98599435662
202.5 9.09806317559
205.0 9.21011977289
210.0 9.43420033033
215.0 9.65824340424
220.0 9.88225537275
225.0 10.1062417375
230.0 10.330207232
235.0 10.5541559182
240.0 10.7780912725
245.0 11.0020162617
250.0 11.2259334103
260.0 11.6737524191
270.0 12.1215617195
280.0 12.569370751
290.0 13.0171860157
300.0 13.4650118661
310.0 13.9128510943
320.0 14.3607053713
330.0 14.8085755709
340.0 15.2564620085
350.0 15.7043646153
360.0 16.152283064
370.0 16.6002168599
380.0 17.0481654059
390.0 17.4961280481
400.0 17.9441041073
410.0 18.3920929017
420.0 18.8400937606
430.0 19.2881060346
440.0 19.7361291009
450.0 20.184162367
460.0 20.6322052719
470.0 21.0802572863
480.0 21.5283179126
490.0 21.9763866831
500.0 22.4244631596
510.0 22.8725469309
520.0 23.3206376121
530.0 23.7687348425
540.0 24.2168382842
550.0 24.6649476205
560.0 25.1130625548
570.0 25.5611828088
580.0 26.0093081215
590.0 26.4574382482
600.0 26.905572959
610.0 27.3537120382
620.0 27.801855283
630.0 28.2500025031
640.0 28.6981535193
650.0 29.1463081635
660.0 29.5944662772
670.0 30.0426277115
680.0 30.4907923264
690.0 30.93895999
700.0 31.3871305782
710.0 31.8353039742
720.0 32.2834800682
730.0 32.7316587566
740.0 33.1798399423
750.0 33.6280235336
760.0 34.0762094443
770.0 34.5243975936
780.0 34.9725879053
790.0 35.4207803079
800.0 35.8689747342
810.0 36.3171711214
820.0 36.7653694102
830.0 37.2135695455
840.0 37.6617714754
850.0 38.1099751515
860.0 38.5581805288
870.0 39.0063875653
880.0 39.4545962217
890.0 39.9028064618
900.0 40.3510182522
910.0 40.7992315617
920.0 41.2474463619
930.0 41.6956626267
940.0 42.1438803324
950.0 42.5920994574
960.0 43.0403199823
970.0 43.4885418897
980.0 43.9367651643
990.0 44.3849897929
1000.0 44.8332157639
1010.0 45.2814430677
1020.0 45.7296716966
1030.0 46.1779016445
1040.0 46.6261329071
1050.0 47.0743654819
1060.0 47.5225993678
1070.0 47.9708345657
1080.0 48.4190710778
1090.0 48.8673089081
1100.0 49.315548062
1110.0 49.7637885468
1120.0 50.2120303709
1130.0 50.6602735448
1140.0 51.10851808
1150.0 51.55676399
1160.0 52.0050112897
1170.0 52.4532599954
1180.0 52.9015101253
1190.0 53.3497616988
1200.0 53.7980147372
1210.0 54.2462692633
1220.0 54.6945253015
1230.0 55.1427828779
1240.0 55.5910420201
1250.0 56.0393027577
1260.0 56.4875651216
1270.0 56.9358291449
1280.0 57.3840948622
1290.0 57.8323623099
1300.0 58.2806315263
1310.0 58.7289025517
1320.0 59.1771754282
1330.0 59.6254501999
1340.0 60.0737269129
1350.0 60.5220056153
1360.0 60.9702863575
1370.0 61.4185691918
1380.0 61.8668541729
1390.0 62.3151413578
1400.0 62.7634308057
1410.0 63.2117225782
1420.0 63.6600167394
1430.0 64.108313356
1440.0 64.5566124971
1450.0 65.0049142345
1460.0 65.4532186429
1470.0 65.9015257996
1480.0 66.3498357849
1490.0 66.7981486819
1500.0 67.246464577
1510.0 67.6947835594
1520.0 68.1431057217
1530.0 68.5914311598
1540.0 69.0397599729
1550.0 69.4880922638
1560.0 69.9364281386
1570.0 70.3847677075
1580.0 70.833111084
1590.0 71.2814583858
1600.0 71.7298097344
1610.0 72.1781652556
1620.0 72.626525079
1630.0 73.074889339
1640.0 73.5232581739
1650.0 73.971631727
1660.0 74.4200101458
1670.0 74.8683935831
1680.0 75.316782196
1690.0 75.7651761471
1700.0 76.2135756039
1710.0 76.6619807393
1720.0 77.1103917314
1730.0 77.5588087641
1740.0 78.0072320268
1750.0 78.4556617148
1760.0 78.9040980293
1770.0 79.3525411776
1780.0 79.8009913733
1790.0 80.2494488363
1800.0 80.6979137931
1810.0 81.1463864768
1820.0 81.5948671275
1830.0 82.0433559921
1840.0 82.4918533247
1850.0 82.9403593868
1860.0 83.3888744472
1870.0 83.8373987823
1880.0 84.2859326764
1890.0 84.7344764218
1900.0 85.1830303186
1910.0 85.6315946754
1920.0 86.0801698092
1930.0 86.5287560454
1940.0 86.9773537185
1950.0 87.4259631715
1960.0 87.8745847568
1970.0 88.3232188359
1980.0 88.7718657797
1990.0 89.2205259689
2000.0 89.6691997937
2010.0 90.1178876544
2020.0 90.5665899611
2030.0 91.0153071345
2040.0 91.4640396056
2050.0 91.9127878157
2060.0 92.3615522174
2070.0 92.8103332736
2080.0 93.2591314588
2090.0 93.7079472582
2100.0 94.1567811688
2110.0 94.605633699
2120.0 95.0545053689
2130.0 95.5033967102
2140.0 95.952308267
2150.0 96.4012405952
2160.0 96.8501942632
2170.0 97.2991698516
2180.0 97.7481679537
2190.0 98.1971891755
2200.0 98.6462341356
2210.0 99.0953034657
2220.0 99.5443978106
2230.0 99.9935178281
2240.0 100.442664189
2250.0 100.891837579
2260.0 101.341038695
2270.0 101.790268249
2280.0 102.239526966
2290.0 102.688815586
2300.0 103.13813486
2310.0 103.587485556
2320.0 104.036868455
2330.0 104.48628435
2340.0 104.935734051
2350.0 105.385218381
2360.0 105.834738177
2370.0 106.284294288
2380.0 106.733887582
2390.0 107.183518937
2400.0 107.633189247
2410.0 108.082899419
2420.0 108.532650376
2430.0 108.982443054
2440.0 109.432278401
2450.0 109.882157384
2460.0 110.332080979
2470.0 110.782050178
2480.0 111.232065988
2490.0 111.682129427
2500.0 112.132241529
2510.0 112.58240334
2520.0 113.032615919
2530.0 113.482880341
2540.0 113.933197691
2550.0 114.383569067
2560.0 114.833995583
2570.0 115.284478361
2580.0 115.735018539
2590.0 116.185617264
2600.0 116.636275698
2610.0 117.086995013
2620.0 117.537776392
2630.0 117.98862103
2640.0 118.439530131
2650.0 118.890504913
2660.0 119.3415466
2670.0 119.792656429
2680.0 120.243835646
2690.0 120.695085504
2700.0 121.146407267
2710.0 121.597802208
2720.0 122.049271605
2730.0 122.500816747
2740.0 122.952438927
2750.0 123.404139447
2760.0 123.855919614
2770.0 124.307780743
2780.0 124.759724151
2790.0 125.211751161
2800.0 125.663863102
2810.0 126.116061305
2820.0 126.568347105
2830.0 127.020721839
2840.0 127.473186846
2850.0 127.925743467
2860.0 128.378393045
2870.0 128.83113692
2880.0 129.283976436
2890.0 129.736912933
2900.0 130.189947751
2910.0 130.643082225
2920.0 131.096317692
2930.0 131.54965548
2940.0 132.003096917
2950.0 132.456643323
2960.0 132.910296015
2970.0 133.3640563
2980.0 133.817925482
2990.0 134.271904855
3000.0 134.725995703
3010.0 135.180199303
3020.0 135.634516921
3030.0 136.088949812
3040.0 136.543499219
3050.0 136.998166373
3060.0 137.452952492
3070.0 137.907858778
3080.0 138.362886421
3090.0 138.818036594
3100.0 139.273310452
3110.0 139.728709136
3120.0 140.184233767
3130.0 140.639885446
3140.0 141.095665256
3150.0 141.55157426
3160.0 142.007613498
3170.0 142.463783989
3180.0 142.920086729
3190.0 143.376522689
3200.0 143.833092818
3210.0 144.289798038
3220.0 144.746639243
3230.0 145.203617305
3240.0 145.660733064
3250.0 146.117987334
3260.0 146.575380898
3270.0 147.032914511
3280.0 147.490588896
3290.0 147.948404745
3300.0 148.406362718
3310.0 148.864463441
3320.0 149.322707509
3330.0 149.78109548
3340.0 150.239627879
3350.0 150.698305194
3360.0 151.157127878
3370.0 151.616096347
3380.0 152.07521098
3390.0 152.534472116
3400.0 152.993880057
3410.0 153.453435066
3420.0 153.913137366
3430.0 154.372987139
3440.0 154.832984529
3450.0 155.293129635
3460.0 155.753422517
3470.0 156.213863193
3480.0 156.674451637
3490.0 157.135187782
3500.0 157.596071517
3510.0 158.057102687
3520.0 158.518281094
3530.0 158.979606496
3540.0 159.441078606
3550.0 159.902697093
3560.0 160.364461581
3570.0 160.82637165
3580.0 161.288426834
3590.0 161.750626622
3600.0 162.212970457
3610.0 162.675457739
3620.0 163.138087821
3630.0 163.600860011
3640.0 164.063773571
3650.0 164.526827719
3660.0 164.990021628
3670.0 165.453354426
3680.0 165.916825194
3690.0 166.380432971
3700.0 166.844176751
3710.0 167.308055483
3720.0 167.772068073
3730.0 168.236213383
3740.0 168.700490232
3750.0 169.164897396
3760.0 169.629433608
3770.0 170.09409756
3780.0 170.558887903
3790.0 171.023803245
3800.0 171.488842155
3810.0 171.954003162
3820.0 172.419284754
3830.0 172.884685383
3840.0 173.35020346
3850.0 173.815837362
3860.0 174.281585425
3870.0 174.747445953
3880.0 175.213417212
3890.0 175.679497437
3900.0 176.145684825