0.0 0.0
120.0 5.37975662376
121.25 5.4366070248
122.5 5.49342810906
123.75 5.55022061398
125.0 5.60698527044
126.25 5.66372280194
127.5 5.72043392378
128.75 5.77711934241
130.0 5.83377975483
131.25 5.89041584798
132.5 5.94702829836
133.75 6.00361777154
135.0 6.06018492184
136.25 6.11673039202
137.5 6.17325481303
138.75 6.22975880375
140.0 6.28624297091
141.25 6.34270790886
142.5 6.39915419956
143.75 6.45558241243
145.0 6.51199310439
146.25 6.56838681981
147.5 6.62476409054
148.75 6.68112543593
150.0 6.73747136293
151.25 6.79380236612
152.5 6.85011892784
155.0 6.96271059568
157.5 7.07524998472
160.0 7.18774052565
162.5 7.30018546679
165.0 7.41258787972
167.5 7.52495066536
170.0 7.63727656029
172.5 7.74956814321
175.0 7.86182784157
177.5 7.97405793816
180.0 8.08626057773
182.5 8.19843777353
185.0 8.31059141377
187.5 8.42272326786
190.0 8.53483499264
195.0 8.75900415419
200.0 8.98311012306
205.0 9.20716268377
210.0 9.43117034215
215.0 9.65514047297
220.0 9.87907945377
225.0 10.1029927857
230.0 10.3268852016
240.0 10.7746229453
250.0 11.2223185963
260.0 11.6699909236
270.0 12.1176533426
280.0 12.5653152879
290.0 13.0129832564
300.0 13.4606615954
310.0 13.9083530916
320.0 14.3560594102
330.0 14.8037814197
340.0 15.2515194297
350.0 15.6992733652
360.0 16.1470428931
370.0 16.5948275124
380.0 17.0426266198
390.0 17.4904395547
400.0 17.9382656315
410.0 18.3861041614
420.0 18.8339544669
430.0 19.2818158915
440.0 19.7296878051
450.0 20.1775696077
460.0 20.6254607307
470.0 21.073360637
480.0 21.521268821
490.0 21.9691848068
500.0 22.4171081478
510.0 22.8650384244
520.0 23.3129752426
530.0 23.7609182329
540.0 24.208867048
550.0 24.6568213619
560.0 25.1047808681
570.0 25.5527452784
580.0 26.0007143218
590.0 26.4486877429
600.0 26.8966653013
610.0 27.34464677
620.0 27.7926319352
630.0 28.2406205948
640.0 28.6886125579
650.0 29.1366076439
660.0 29.5846056821
670.0 30.0326065107
680.0 30.4806099764
690.0 30.9286159337
700.0 31.3766242447
710.0 31.8246347782
720.0 32.2726474097
730.0 32.7206620207
740.0 33.1686784982
750.0 33.6166967347
760.0 34.0647166277
770.0 34.5127380794
780.0 34.9607609962
790.0 35.4087852888
800.0 35.8568108717
810.0 36.3048376629
820.0 36.7528655838
830.0 37.2008945592
840.0 37.6489245166
850.0 38.0969553863
860.0 38.5449871013
870.0 38.993019597
880.0 39.441052811
890.0 39.8890866831
900.0 40.3371211549
910.0 40.7851561701
920.0 41.2331916738
930.0 41.6812276128
940.0 42.1292639354
950.0 42.5773005912
960.0 43.025337531
970.0 43.4733747068
980.0 43.9214120715
990.0 44.3694495792
1000.0 44.8174871844
1010.0 45.2655248428
1020.0 45.7135625106
1030.0 46.1616001444
1040.0 46.6096377015
1050.0 47.0576751397
1060.0 47.5057124169
1070.0 47.9537494915
1080.0 48.401786322
1090.0 48.8498228671
1100.0 49.2978590853
1110.0 49.7458949355
1120.0 50.1939303763
1130.0 50.6419653662
1140.0 51.0899998634
1150.0 51.5380338261
1160.0 51.9860672118
1170.0 52.434099978
1180.0 52.8821320814
1190.0 53.3301634785
1200.0 53.7781941249
1210.0 54.2262239758
1220.0 54.6742529855
1230.0 55.1222811078
1240.0 55.5703082954
1250.0 56.0183345003
1260.0 56.4663596734
1270.0 56.9143837646
1280.0 57.3624067228
1290.0 57.8104284957
1300.0 58.2584490298
1310.0 58.7064682703
1320.0 59.1544861611
1330.0 59.6025026444
1340.0 60.0505176614
1350.0 60.4985311514
1360.0 60.9465430521
1370.0 61.3945532996
1380.0 61.8425618281
1390.0 62.29056857
1400.0 62.7385734559
1410.0 63.1865764141
1420.0 63.6345773712
1430.0 64.0825762512
1440.0 64.5305729761
1450.0 64.9785674657
1460.0 65.426559637
1470.0 65.8745494048
1480.0 66.3225366811
1490.0 66.7705213755
1500.0 67.2185033944
1510.0 67.6664826417
1520.0 68.1144590182
1530.0 68.5624324215
1540.0 69.0104027463
1550.0 69.4583698837
1560.0 69.9063337217
1570.0 70.3542941447
1580.0 70.8022510336
1590.0 71.2502042655
1600.0 71.6981537137
1610.0 72.1460992477
1620.0 72.5940407327
1630.0 73.0419780301
1640.0 73.4899109968
1650.0 73.9378394853
1660.0 74.3857633437
1670.0 74.8336824153
1680.0 75.2815965388
1690.0 75.7295055478
1700.0 76.1774092712
1710.0 76.6253075322
1720.0 77.0732001493
1730.0 77.521086935
1740.0 77.9689676967
1750.0 78.4168422358
1760.0 78.8647103478
1770.0 79.3125718224
1780.0 79.760426443
1790.0 80.2082739867
1800.0 80.6561142241
1810.0 81.1039469194
1820.0 81.5517718298
1830.0 81.9995887056
1840.0 82.4473972903
1850.0 82.8951973197
1860.0 83.3429885227
1870.0 83.7907706204
1880.0 84.238543326
1890.0 84.6863063453
1900.0 85.1340593756
1910.0 85.5818021062
1920.0 86.0295342181
1930.0 86.4772553836
1940.0 86.9249652663
1950.0 87.3726635211
1960.0 87.8203497938
1970.0 88.2680237208
1980.0 88.7156849292
1990.0 89.1633330369
2000.0 89.6109676515
2010.0 90.0585883712
2020.0 90.506194784
2030.0 90.9537864675
2040.0 91.4013629893
2050.0 91.848923906
2060.0 92.2964687639
2070.0 92.7439970981
2080.0 93.191508433
2090.0 93.6390022814
2100.0 94.0864781452
2110.0 94.5339355144
2120.0 94.9813738677
2130.0 95.4287926715
2140.0 95.8761913808
2150.0 96.3235694381
2160.0 96.7709262739
2170.0 97.218261306
2180.0 97.66557394
2190.0 98.1128635687
2200.0 98.560129572
2210.0 99.0073713172
2220.0 99.4545881583
2230.0 99.9017794362
2240.0 100.348944479
2250.0 100.7960826
2260.0 101.243193101
2270.0 101.690275269
2280.0 102.137328378
2290.0 102.584351687
2300.0 103.031344443
2310.0 103.478305878
2320.0 103.92523521
2330.0 104.372131644
2340.0 104.81899437
2350.0 105.265822564
2360.0 105.712615388
2370.0 106.159371991
2380.0 106.606091506
2390.0 107.052773052
2400.0 107.499415736
2410.0 107.946018648
2420.0 108.392580866
2430.0 108.839101453
2440.0 109.285579458
2450.0 109.732013916
2460.0 110.178403849
2470.0 110.624748263
2480.0 111.071046153
2490.0 111.517296497
2500.0 111.963498262
2510.0 112.409650402
2520.0 112.855751854
2530.0 113.301801546
2540.0 113.747798391
2550.0 114.193741289
2560.0 114.639629127
2570.0 115.085460781
2580.0 115.531235113
2590.0 115.976950975
2600.0 116.422607204
2610.0 116.868202628
2620.0 117.313736064
2630.0 117.759206315
2640.0 118.204612176
2650.0 118.64995243
2660.0 119.095225851
2670.0 119.540431202
2680.0 119.985567237
2690.0 120.4306327
2700.0 120.875626329
2710.0 121.32054685
2720.0 121.765392983
2730.0 122.210163439
2740.0 122.654856925
2750.0 123.099472139
2760.0 123.544007771
2770.0 123.988462508
2780.0 124.432835032
2790.0 124.877124017
2800.0 125.321328137
2810.0 125.765446058
2820.0 126.209476446
2830.0 126.653417963
2840.0 127.097269269
2850.0 127.541029022
2860.0 127.984695881
2870.0 128.428268502
2880.0 128.871745543
2890.0 129.315125663
2900.0 129.758407522
2910.0 130.201589783
2920.0 130.64467111
2930.0 131.087650173
2940.0 131.530525646
2950.0 131.973296206
2960.0 132.415960537
2970.0 132.85851733
2980.0 133.300965283
2990.0 133.743303101
3000.0 134.185529498
3010.0 134.627643197
3020.0 135.069642932
3030.0 135.511527449
3040.0 135.953295502
3050.0 136.394945862
3060.0 136.836477309
3070.0 137.27788864
3080.0 137.719178667
3090.0 138.160346215
3100.0 138.601390128
3110.0 139.042309267
3120.0 139.483102509
3130.0 139.923768752
3140.0 140.364306913
3150.0 140.80471593
3160.0 141.244994761
3170.0 141.685142387
3180.0 142.125157813
3190.0 142.565040066
3200.0 143.004788198
3210.0 143.444401286
3220.0 143.883878434
3230.0 144.323218773
3240.0 144.76242146
3250.0 145.201485683
3260.0 145.640410656
3270.0 146.079195625
3280.0 146.517839867
3290.0 146.95634269
3300.0 147.394703433
3310.0 147.832921468
3320.0 148.270996203
3330.0 148.708927078
3340.0 149.146713568
3350.0 149.584355184
3360.0 150.021851474
3370.0 150.45920202
3380.0 150.896406445
3390.0 151.333464408
3400.0 151.770375606
3410.0 152.207139778
3420.0 152.643756699
3430.0 153.080226187
3440.0 153.516548099
3450.0 153.952722334
3460.0 154.388748833
3470.0 154.824627577
3480.0 155.260358592
3490.0 155.695941944
3500.0 156.131377746
3510.0 156.56666615
3520.0 157.001807356
3530.0 157.436801604
3540.0 157.871649182
3550.0 158.306350419
3560.0 158.740905693
3570.0 159.175315422
3580.0 159.609580074
3590.0 160.043700157
3600.0 160.477676229
3610.0 160.91150889
3620.0 161.345198787
3630.0 161.778746612
3640.0 162.212153101
3650.0 162.645419037
3660.0 163.078545247
3670.0 163.511532603
3680.0 163.944382022
3690.0 164.377094467
3700.0 164.809670942
3710.0 165.242112499
3720.0 165.674420232
3730.0 166.106595278
3740.0 166.538638818
3750.0 166.970552076
3760.0 167.402336318
3770.0 167.833992852
3780.0 168.265523028
3790.0 168.696928237
3800.0 169.12820991
3810.0 169.559369517
3820.0 169.990408571
3830.0 170.421328619
3840.0 170.85213125
3850.0 171.282818088
3860.0 171.713390794
3870.0 172.143851067
3880.0 172.574200637
3890.0 173.004441274
3900.0 173.434574776