0.0 0.0
120.0 5.37951248643
121.25 5.43636044005
122.5 5.49317907909
123.75 5.54996914098
125.0 5.60673135662
126.25 5.6634664495
127.5 5.72017513496
128.75 5.77685811943
130.0 5.83351609992
131.25 5.89014976339
132.5 5.94675978633
133.75 6.00334683433
135.0 6.05991156171
136.25 6.11645461125
137.5 6.17297661388
138.75 6.22947818853
140.0 6.2859599419
141.25 6.34242246836
142.5 6.39886634988
143.75 6.45529215589
145.0 6.51170044331
146.25 6.56809175652
147.5 6.62446662737
148.75 6.68082557524
150.0 6.73716910706
151.25 6.79349771744
152.5 6.84981188872
153.75 6.90611209111
155.0 6.9623987828
156.25 7.01867241013
157.5 7.07493340766
158.75 7.13118219843
160.0 7.18741919404
162.5 7.29985939032
165.0 7.41225706813
167.5 7.52461512847
170.0 7.63693630798
172.5 7.74922318543
175.0 7.86147818832
177.5 7.97370359951
180.0 8.08590156381
182.5 8.19807409456
185.0 8.31022307999
187.5 8.42235028962
190.0 8.53445738033
192.5 8.64654590239
195.0 8.75861730521
197.5 8.87067294293
200.0 8.9827140798
202.5 9.09474189531
205.0 9.20675748916
210.0 9.43075603968
215.0 9.65471710667
220.0 9.87864706825
225.0 10.1025514261
230.0 10.3264349137
235.0 10.550301593
240.0 10.7741549403
245.0 10.9979979226
250.0 11.2218330642
260.0 11.6694880593
270.0 12.1171333458
280.0 12.5647783634
290.0 13.0124296143
300.0 13.4600914508
310.0 13.9077666653
320.0 14.3554569284
330.0 14.8031631141
340.0 15.2508855379
350.0 15.6986241309
360.0 16.1463785657
370.0 16.5941483478
380.0 17.04193288
390.0 17.4897315083
400.0 17.9375435537
410.0 18.3853683342
420.0 18.8332051793
430.0 19.2810534394
440.0 19.7289124919
450.0 20.1767817442
460.0 20.6246606352
470.0 21.0725486358
480.0 21.5204452482
490.0 21.9683500049
500.0 22.4162624675
510.0 22.864182225
520.0 23.3121088924
530.0 23.760042109
540.0 24.2079815368
550.0 24.6559268593
560.0 25.1038777797
570.0 25.5518340198
580.0 25.9997953187
590.0 26.4477614316
600.0 26.8957321285
610.0 27.3437071939
620.0 27.7916864249
630.0 28.2396696311
640.0 28.6876566335
650.0 29.1356472638
660.0 29.5836413637
670.0 30.0316387842
680.0 30.4796393852
690.0 30.927643035
700.0 31.3756496093
710.0 31.8236589915
720.0 32.2716710716
730.0 32.7196857463
740.0 33.1677029181
750.0 33.6157224955
760.0 34.0637443924
770.0 34.5117685279
780.0 34.9597948257
790.0 35.4078232145
800.0 35.855853627
810.0 36.3038860003
820.0 36.7519202753
830.0 37.1999563967
840.0 37.6479943127
850.0 38.096033975
860.0 38.5440753385
870.0 38.9921183611
880.0 39.4401630037
890.0 39.88820923
900.0 40.3362570065
910.0 40.7843063022
920.0 41.2323570885
930.0 41.6804093395
940.0 42.1284630314
950.0 42.5765181425
960.0 43.0245746535
970.0 43.4726325471
980.0 43.9206918079
990.0 44.3687524226
1000.0 44.8168143798
1010.0 45.2648776698
1020.0 45.7129422848
1030.0 46.1610082189
1040.0 46.6090754677
1050.0 47.0571440286
1060.0 47.5052139007
1070.0 47.9532850847
1080.0 48.401357583
1090.0 48.8494313994
1100.0 49.2975065395
1110.0 49.7455830104
1120.0 50.1936608208
1130.0 50.6417399807
1140.0 51.0898205022
1150.0 51.5379023983
1160.0 51.9859856841
1170.0 52.434070376
1180.0 52.882156492
1190.0 53.3302440517
1200.0 53.7783330763
1210.0 54.2264235886
1220.0 54.674515613
1230.0 55.1226091755
1240.0 55.5707043039
1250.0 56.0188010276
1260.0 56.4668993777
1270.0 56.9149993871
1280.0 57.3631010905
1290.0 57.8112045244
1300.0 58.259309727
1310.0 58.7074167386
1320.0 59.1555256013
1330.0 59.6036363591
1340.0 60.0517490582
1350.0 60.4998637468
1360.0 60.9479804751
1370.0 61.3960992956
1380.0 61.8442202629
1390.0 62.2923434339
1400.0 62.740468868
1410.0 63.1885966266
1420.0 63.636726774
1430.0 64.0848593767
1440.0 64.532994504
1450.0 64.9811322276
1460.0 65.4292726222
1470.0 65.877415765
1480.0 66.3255617365
1490.0 66.7737106197
1500.0 67.2218625009
1510.0 67.6700174694
1520.0 68.1181756179
1530.0 68.5663370422
1540.0 69.0145018414
1550.0 69.4626701184
1560.0 69.9108419795
1570.0 70.3590175345
1580.0 70.8071968971
1590.0 71.2553801851
1600.0 71.7035675199
1610.0 72.1517590272
1620.0 72.5999548368
1630.0 73.0481550829
1640.0 73.496359904
1650.0 73.9445694432
1660.0 74.3927838483
1670.0 74.8410032716
1680.0 75.2892278708
1690.0 75.737457808
1700.0 76.185693251
1710.0 76.6339343725
1720.0 77.0821813508
1730.0 77.5304343697
1740.0 77.9786936185
1750.0 78.4269592927
1760.0 78.8752315933
1770.0 79.3235107278
1780.0 79.7717969096
1790.0 80.2200903588
1800.0 80.6683913018
1810.0 81.1166999717
1820.0 81.5650166085
1830.0 82.0133414593
1840.0 82.461674778
1850.0 82.9100168263
1860.0 83.3583678728
1870.0 83.8067281941
1880.0 84.2550980744
1890.0 84.7034778059
1900.0 85.1518676888
1910.0 85.6002680318
1920.0 86.0486791517
1930.0 86.4971013742
1940.0 86.9455350333
1950.0 87.3939804725
1960.0 87.842438044
1970.0 88.2909081092
1980.0 88.7393910393
1990.0 89.1878872146
2000.0 89.6363970256
2010.0 90.0849208724
2020.0 90.5334591653
2030.0 90.9820123248
2040.0 91.430580782
2050.0 91.8791649784
2060.0 92.3277653662
2070.0 92.7763824086
2080.0 93.2250165799
2090.0 93.6736683655
2100.0 94.1223382623
2110.0 94.5710267786
2120.0 95.0197344346
2130.0 95.4684617621
2140.0 95.9172093051
2150.0 96.3659776195
2160.0 96.8147672736
2170.0 97.2635788482
2180.0 97.7124129364
2190.0 98.1612701443
2200.0 98.6101510906
2210.0 99.0590564069
2220.0 99.5079867379
2230.0 99.9569427416
2240.0 100.405925089
2250.0 100.854934465
2260.0 101.303971567
2270.0 101.753037107
2280.0 102.202131811
2290.0 102.651256416
2300.0 103.100411677
2310.0 103.549598359
2320.0 103.998817244
2330.0 104.448069125
2340.0 104.897354813
2350.0 105.346675129
2360.0 105.79603091
2370.0 106.245423008
2380.0 106.694852288
2390.0 107.144319629
2400.0 107.593825925
2410.0 108.043372084
2420.0 108.492959027
2430.0 108.94258769
2440.0 109.392259024
2450.0 109.841973993
2460.0 110.291733574
2470.0 110.74153876
2480.0 111.191390555
2490.0 111.641289981
2500.0 112.091238069
2510.0 112.541235866
2520.0 112.991284432
2530.0 113.441384839
2540.0 113.891538175
2550.0 114.341745538
2560.0 114.792008039
2570.0 115.242326804
2580.0 115.692702968
2590.0 116.143137679
2600.0 116.5936321
2610.0 117.044187401
2620.0 117.494804766
2630.0 117.94548539
2640.0 118.396230477
2650.0 118.847041245
2660.0 119.297918918
2670.0 119.748864734
2680.0 120.199879936
2690.0 120.650965781
2700.0 121.10212353
2710.0 121.553354457
2720.0 122.00465984
2730.0 122.456040968
2740.0 122.907499134
2750.0 123.359035641
2760.0 123.810651794
2770.0 124.262348909
2780.0 124.714128303
2790.0 125.1659913
2800.0 125.617939227
2810.0 126.069973416
2820.0 126.522095202
2830.0 126.974305922
2840.0 127.426606915
2850.0 127.878999522
2860.0 128.331485086
2870.0 128.784064948
2880.0 129.23674045
2890.0 129.689512933
2900.0 130.142383737
2910.0 130.595354198
2920.0 131.04842565
2930.0 131.501599425
2940.0 131.954876848
2950.0 132.40825924
2960.0 132.861747918
2970.0 133.31534419
2980.0 133.769049358
2990.0 134.222864716
3000.0 134.676791551
3010.0 135.130831137
3020.0 135.584984742
3030.0 136.039253619
3040.0 136.493639012
3050.0 136.948142152
3060.0 137.402764257
3070.0 137.857506529
3080.0 138.312370158
3090.0 138.767356317
3100.0 139.222466162
3110.0 139.677700832
3120.0 140.133061448
3130.0 140.588549113
3140.0 141.04416491
3150.0 141.4999099
3160.0 141.955785124
3170.0 142.411791602
3180.0 142.867930328
3190.0 143.324202274
3200.0 143.780608389
3210.0 144.237149595
3220.0 144.693826787
3230.0 145.150640834
3240.0 145.60759258
3250.0 146.064682836
3260.0 146.521912386
3270.0 146.979281985
3280.0 147.436792357
3290.0 147.894444192
3300.0 148.352238151
3310.0 148.81017486
3320.0 149.268254914
3330.0 149.726478871
3340.0 150.184847256
3350.0 150.643360557
3360.0 151.102019228
3370.0 151.560823683
3380.0 152.019774302
3390.0 152.478871424
3400.0 152.938115351
3410.0 153.397506346
3420.0 153.857044632
3430.0 154.316730392
3440.0 154.776563767
3450.0 155.23654486
3460.0 155.696673728
3470.0 156.15695039
3480.0 156.617374821
3490.0 157.077946952
3500.0 157.538666673
3510.0 157.999533829
3520.0 158.460548222
3530.0 158.92170961
3540.0 159.383017706
3550.0 159.844472179
3560.0 160.306072654
3570.0 160.767818709
3580.0 161.229709879
3590.0 161.691745653
3600.0 162.153925474
3610.0 162.616248743
3620.0 163.078714811
3630.0 163.541322986
3640.0 164.004072533
3650.0 164.466962667
3660.0 164.929992563
3670.0 165.393161346
3680.0 165.856468101
3690.0 166.319911864
3700.0 166.78349163
3710.0 167.247206348
3720.0 167.711054924
3730.0 168.17503622
3740.0 168.639149055
3750.0 169.103392205
3760.0 169.567764404
3770.0 170.032264342
3780.0 170.496890671
3790.0 170.961642
3800.0 171.426516896
3810.0 171.891513889
3820.0 172.356631467
3830.0 172.821868082
3840.0 173.287222145
3850.0 173.752692033
3860.0 174.218276082
3870.0 174.683972596
3880.0 175.149779842
3890.0 175.615696052
3900.0 176.081719427