0.0 0.0
120.0 5.46324051411
121.25 5.52096063469
122.5 5.57865144068
123.75 5.63631366952
125.0 5.69394805212
126.25 5.75155531196
127.5 5.80913616437
128.75 5.8666913158
130.0 5.92422146324
131.25 5.98172729366
132.5 6.03920948356
133.75 6.09666869851
135.0 6.15410559285
136.25 6.21152080935
137.5 6.26891497894
138.75 6.32628872054
140.0 6.38364264086
141.25 6.44097733428
142.5 6.49829338275
143.75 6.55559135571
145.0 6.61287181009
146.25 6.67013529026
147.5 6.72738232807
148.75 6.78461344289
150.0 6.84182914166
151.25 6.89902991899
152.5 6.95621625723
153.75 7.01338862657
155.0 7.07054748523
156.25 7.1276932795
157.5 7.18482644399
158.75 7.24194740172
160.0 7.29905656429
162.5 7.41324109447
165.0 7.52738310619
167.5 7.64148550045
170.0 7.75555101386
172.5 7.86958222522
175.0 7.98358156202
177.5 8.09755130712
180.0 8.21149360534
182.5 8.32541046999
185.0 8.43930378934
187.5 8.55317533287
190.0 8.66702675749
192.5 8.78085961346
195.0 8.89467535019
197.5 9.00847532182
200.0 9.1222607926
202.5 9.23603294202
205.0 9.34979286978
210.0 9.57728008812
215.0 9.80472982293
220.0 10.0321484523
225.0 10.259541478
230.0 10.4869136334
235.0 10.7142689805
240.0 10.9416109957
245.0 11.1689426458
250.0 11.3962664552
260.0 11.8508987859
270.0 12.3055214081
280.0 12.7601437613
290.0 13.2147723479
300.0 13.6694115201
310.0 14.1240640701
320.0 14.5787316688
330.0 15.0334151902
340.0 15.4881149497
350.0 15.9428308783
360.0 16.3975626487
370.0 16.8523097665
380.0 17.3070716343
390.0 17.7618475982
400.0 18.2166369793
410.0 18.6714390954
420.0 19.1262532761
430.0 19.5810788719
440.0 20.0359152601
450.0 20.490761848
460.0 20.9456180746
470.0 21.4004834109
480.0 21.8553573589
490.0 22.3102394513
500.0 22.7651292495
510.0 23.2200263427
520.0 23.6749303457
530.0 24.1298408979
540.0 24.5847576614
550.0 25.0396803195
560.0 25.4946085756
570.0 25.9495421513
580.0 26.4044807859
590.0 26.8594242343
600.0 27.3143722669
610.0 27.7693246679
620.0 28.2242812346
630.0 28.6792417764
640.0 29.1342061145
650.0 29.5891740804
660.0 30.0441455159
670.0 30.4991202721
680.0 30.9540982088
690.0 31.4090791942
700.0 31.8640631042
710.0 32.319049822
720.0 32.7740392377
730.0 33.229031248
740.0 33.6840257554
750.0 34.1390226685
760.0 34.5940219011
770.0 35.0490233721
780.0 35.5040270056
790.0 35.95903273
800.0 36.4140404782
810.0 36.8690501871
820.0 37.3240617978
830.0 37.7790752548
840.0 38.2340905065
850.0 38.6891075045
860.0 39.1441262036
870.0 39.5991465618
880.0 40.05416854
890.0 40.509192102
900.0 40.9642172141
910.0 41.4192438454
920.0 41.8742719674
930.0 42.3293015541
940.0 42.7843325816
950.0 43.2393650283
960.0 43.694398875
970.0 44.1494341042
980.0 44.6044707006
990.0 45.059508651
1000.0 45.5145479438
1010.0 45.9695885694
1020.0 46.4246305201
1030.0 46.8796737898
1040.0 47.3347183742
1050.0 47.7897642708
1060.0 48.2448114786
1070.0 48.6998599982
1080.0 49.1549098321
1090.0 49.6099609842
1100.0 50.0650134599
1110.0 50.5200672665
1120.0 50.9751224125
1130.0 51.4301789081
1140.0 51.8852367651
1150.0 52.340295997
1160.0 52.7953566184
1170.0 53.2504186459
1180.0 53.7054820976
1190.0 54.1605469929
1200.0 54.6156133531
1210.0 55.0706812011
1220.0 55.525750561
1230.0 55.9808214592
1240.0 56.4358939232
1250.0 56.8909679826
1260.0 57.3460436683
1270.0 57.8011210134
1280.0 58.2562000525
1290.0 58.711280822
1300.0 59.1663633602
1310.0 59.6214477075
1320.0 60.0765339058
1330.0 60.5316219992
1340.0 60.986712034
1350.0 61.4418040582
1360.0 61.8968981222
1370.0 62.3519942783
1380.0 62.8070925812
1390.0 63.2621930879
1400.0 63.7172958576
1410.0 64.1724009519
1420.0 64.6275084349
1430.0 65.0826183733
1440.0 65.5377308362
1450.0 65.9928458954
1460.0 66.4479636256
1470.0 66.9030841041
1480.0 67.3582074112
1490.0 67.81333363
1500.0 68.2684628469
1510.0 68.7235951511
1520.0 69.1787306352
1530.0 69.6338693951
1540.0 70.08901153
1550.0 70.5441571427
1560.0 70.9993063393
1570.0 71.45445923
1580.0 71.9096159283
1590.0 72.3647765519
1600.0 72.8199412223
1610.0 73.2751100653
1620.0 73.7302832105
1630.0 74.1854607922
1640.0 74.640642949
1650.0 75.0958298238
1660.0 75.5510215645
1670.0 76.0062183235
1680.0 76.4614202583
1690.0 76.9166275312
1700.0 77.3718403098
1710.0 77.827058767
1720.0 78.2822830809
1730.0 78.7375134354
1740.0 79.1927500199
1750.0 79.6479930297
1760.0 80.103242666
1770.0 80.5584991361
1780.0 81.0137626536
1790.0 81.4690334384
1800.0 81.924311717
1810.0 82.3795977225
1820.0 82.834891695
1830.0 83.2901938814
1840.0 83.7455045358
1850.0 84.2008239197
1860.0 84.6561523018
1870.0 85.1114899588
1880.0 85.5668371747
1890.0 86.0221942419
1900.0 86.4775614605
1910.0 86.9329391391
1920.0 87.3883275947
1930.0 87.8437271527
1940.0 88.2991381475
1950.0 88.7545609223
1960.0 89.2099958294
1970.0 89.6654432303
1980.0 90.120903496
1990.0 90.576377007
2000.0 91.0318641536
2010.0 91.487365336
2020.0 91.9428809646
2030.0 92.3984114598
2040.0 92.8539572526
2050.0 93.3095187846
2060.0 93.765096508
2070.0 94.2206908861
2080.0 94.676302393
2090.0 95.1319315143
2100.0 95.5875787467
2110.0 96.0432445987
2120.0 96.4989295903
2130.0 96.9546342535
2140.0 97.4103591321
2150.0 97.8661047821
2160.0 98.3218717719
2170.0 98.7776606821
2180.0 99.233472106
2190.0 99.6893066495
2200.0 100.145164931
2210.0 100.601047583
2220.0 101.05695525
2230.0 101.512888589
2240.0 101.968848273
2250.0 102.424834984
2260.0 102.880849422
2270.0 103.336892298
2280.0 103.792964337
2290.0 104.249066278
2300.0 104.705198874
2310.0 105.161362892
2320.0 105.617559112
2330.0 106.073788329
2340.0 106.530051352
2350.0 106.986349004
2360.0 107.442682121
2370.0 107.899051555
2380.0 108.35545817
2390.0 108.811902847
2400.0 109.268386479
2410.0 109.724909973
2420.0 110.181474252
2430.0 110.638080251
2440.0 111.09472892
2450.0 111.551421225
2460.0 112.008158141
2470.0 112.464940663
2480.0 112.921769794
2490.0 113.378646555
2500.0 113.835571979
2510.0 114.292547111
2520.0 114.749573013
2530.0 115.206650756
2540.0 115.663781428
2550.0 116.120966126
2560.0 116.578205963
2570.0 117.035502063
2580.0 117.492855563
2590.0 117.95026761
2600.0 118.407739366
2610.0 118.865272003
2620.0 119.322866704
2630.0 119.780524663
2640.0 120.238247086
2650.0 120.696035189
2660.0 121.153890199
2670.0 121.61181335
2680.0 122.069805888
2690.0 122.527869068
2700.0 122.986004153
2710.0 123.444212415
2720.0 123.902495134
2730.0 124.360853598
2740.0 124.8192891
2750.0 125.277802942
2760.0 125.736396431
2770.0 126.195070881
2780.0 126.653827611
2790.0 127.112667943
2800.0 127.571593206
2810.0 128.030604731
2820.0 128.489703853
2830.0 128.948891908
2840.0 129.408170237
2850.0 129.86754018
2860.0 130.327003079
2870.0 130.786560277
2880.0 131.246213114
2890.0 131.705962933
2900.0 132.165811072
2910.0 132.625758869
2920.0 133.085807657
2930.0 133.545958767
2940.0 134.006213526
2950.0 134.466573254
2960.0 134.927039267
2970.0 135.387612875
2980.0 135.848295379
2990.0 136.309088073
3000.0 136.769992243
3010.0 137.231009165
3020.0 137.692140105
3030.0 138.153386318
3040.0 138.614749046
3050.0 139.076229522
3060.0 139.537828962
3070.0 139.999548571
3080.0 140.461389535
3090.0 140.92335303
3100.0 141.38544021
3110.0 141.847652216
3120.0 142.309990168
3130.0 142.772455169
3140.0 143.235048301
3150.0 143.697770627
3160.0 144.160623187
3170.0 144.623607
3180.0 145.086723061
3190.0 145.549972343
3200.0 146.013355794
3210.0 146.476874335
3220.0 146.940528863
3230.0 147.404320246
3240.0 147.868249327
3250.0 148.332316919
3260.0 148.796523805
3270.0 149.26087074
3280.0 149.725358447
3290.0 150.189987617
3300.0 150.654758912
3310.0 151.119672957
3320.0 151.584730346
3330.0 152.049931639
3340.0 152.51527736
3350.0 152.980767997
3360.0 153.446404003
3370.0 153.912185794
3380.0 154.378113748
3390.0 154.844188206
3400.0 155.310409469
3410.0 155.776777799
3420.0 156.243293421
3430.0 156.709956517
3440.0 157.176767228
3450.0 157.643725656
3460.0 158.11083186
3470.0 158.578085857
3480.0 159.045487624
3490.0 159.51303709
3500.0 159.980734147
3510.0 160.448578639
3520.0 160.916570367
3530.0 161.384709091
3540.0 161.852994523
3550.0 162.321426332
3560.0 162.790004142
3570.0 163.258727532
3580.0 163.727596038
3590.0 164.196609148
3600.0 164.665766305
3610.0 165.135066909
3620.0 165.604510312
3630.0 166.074095824
3640.0 166.543822706
3650.0 167.013690176
3660.0 167.483697407
3670.0 167.953843526
3680.0 168.424127616
3690.0 168.894548715
3700.0 169.365105817
3710.0 169.835797871
3720.0 170.306623782
3730.0 170.777582414
3740.0 171.248672585
3750.0 171.71989307
3760.0 172.191242604
3770.0 172.662719879
3780.0 173.134323543
3790.0 173.606052207
3800.0 174.077904439
3810.0 174.549878768
3820.0 175.021973682
3830.0 175.494187632
3840.0 175.966519031
3850.0 176.438966254
3860.0 176.911527639
3870.0 177.384201489
3880.0 177.85698607
3890.0 178.329879616
3900.0 178.802880327