0.0 0.0
120.0 5.38051648535
121.25 5.43737480162
122.5 5.4942038011
123.75 5.55100422125
125.0 5.60777679293
126.25 5.66452223965
127.5 5.72124127672
128.75 5.77793461058
130.0 5.83460293822
131.25 5.8912469466
132.5 5.9478673122
133.75 6.0044647006
135.0 6.06103976613
136.25 6.11759315154
137.5 6.17412548777
138.75 6.23063739372
140.0 6.2871294761
141.25 6.34360232928
142.5 6.4000565352
143.75 6.45649266329
145.0 6.51291127048
146.25 6.56931290113
147.5 6.62569808708
148.75 6.6820673477
150.0 6.73842118992
151.25 6.79476010833
152.5 6.85108458528
155.0 6.96369208357
157.5 7.07624730306
160.0 7.18875367444
162.5 7.30121444603
165.0 7.41363268941
167.5 7.5260113055
170.0 7.63835303088
172.5 7.75066044425
175.0 7.86293597305
177.5 7.97518190009
180.0 8.08740037012
182.5 8.19959339637
185.0 8.31176286705
187.5 8.42391055159
190.0 8.53603810682
195.0 8.76023892928
200.0 8.98437655905
205.0 9.20846078065
210.0 9.43250009994
215.0 9.65650189165
220.0 9.88047253335
225.0 10.1044175261
230.0 10.328341603
240.0 10.7761426685
250.0 11.2239016413
260.0 11.6716372904
270.0 12.1193630312
280.0 12.5670882982
290.0 13.0148195886
300.0 13.4625612494
310.0 13.9103160673
320.0 14.3580857078
330.0 14.8058710391
340.0 15.2536723709
350.0 15.7014896282
360.0 16.1493224778
370.0 16.597170419
380.0 17.0450328482
390.0 17.4929091048
400.0 17.9407985034
410.0 18.3887003551
420.0 18.8366139825
430.0 19.2845387288
440.0 19.7324739642
450.0 20.1804190887
460.0 20.6283735334
470.0 21.0763367616
480.0 21.5243082673
490.0 21.972287575
500.0 22.4202742378
510.0 22.8682678361
520.0 23.3162679762
530.0 23.7642742882
540.0 24.2122864251
550.0 24.6603040608
560.0 25.1083268888
570.0 25.556354621
580.0 26.0043869862
590.0 26.4524237291
600.0 26.9004646092
610.0 27.3485093997
620.0 27.7965578867
630.0 28.2446098681
640.0 28.692665153
650.0 29.1407235609
660.0 29.5887849209
670.0 30.0368490713
680.0 30.4849158588
690.0 30.9329851379
700.0 31.3810567706
710.0 31.829130626
720.0 32.2772065793
730.0 32.725284512
740.0 33.1733643113
750.0 33.6214458696
760.0 34.0695290845
770.0 34.517613858
780.0 34.9657000966
790.0 35.413787711
800.0 35.8618766156
810.0 36.3099667286
820.0 36.7580579714
830.0 37.2061502686
840.0 37.6542435477
850.0 38.1023377392
860.0 38.5504327761
870.0 38.9985285936
880.0 39.4466251294
890.0 39.8947223232
900.0 40.3428201169
910.0 40.7909184538
920.0 41.2390172793
930.0 41.6871165401
940.0 42.1352161845
950.0 42.5833161621
960.0 43.0314164237
970.0 43.4795169213
980.0 43.9276176079
990.0 44.3757184373
1000.0 44.8238193643
1010.0 45.2719203446
1020.0 45.7200213341
1030.0 46.1681222897
1040.0 46.6162231687
1050.0 47.0643239286
1060.0 47.5124245277
1070.0 47.9605249241
1080.0 48.4086250764
1090.0 48.8567249432
1100.0 49.3048244832
1110.0 49.7529236553
1120.0 50.2010224178
1130.0 50.6491207295
1140.0 51.0972185485
1150.0 51.545315833
1160.0 51.9934125405
1170.0 52.4415086285
1180.0 52.8896040537
1190.0 53.3376987726
1200.0 53.7857927408
1210.0 54.2338859135
1220.0 54.681978245
1230.0 55.1300696891
1240.0 55.5781601985
1250.0 56.0262497252
1260.0 56.4743382201
1270.0 56.9224256331
1280.0 57.3705119131
1290.0 57.8185970078
1300.0 58.2666808637
1310.0 58.714763426
1320.0 59.1628446386
1330.0 59.6109244437
1340.0 60.0590027825
1350.0 60.5070795943
1360.0 60.9551548168
1370.0 61.4032283861
1380.0 61.8513002364
1390.0 62.2993703001
1400.0 62.7474385078
1410.0 63.1955047878
1420.0 63.6435690667
1430.0 64.0916312685
1440.0 64.5396913152
1450.0 64.9877491266
1460.0 65.4358046197
1470.0 65.8838577093
1480.0 66.3319083074
1490.0 66.7799563236
1500.0 67.2280016643
1510.0 67.6760442334
1520.0 68.1240839317
1530.0 68.5721206568
1540.0 69.0201543034
1550.0 69.4681847626
1560.0 69.9162119224
1570.0 70.3642356672
1580.0 70.8122558779
1590.0 71.2602724316
1600.0 71.7082852016
1610.0 72.1562940574
1620.0 72.6042988642
1630.0 73.0522994834
1640.0 73.5002957719
1650.0 73.9482875822
1660.0 74.3962747624
1670.0 74.8442571558
1680.0 75.2922346011
1690.0 75.7402069319
1700.0 76.188173977
1710.0 76.6361355599
1720.0 77.0840914988
1730.0 77.5320416063
1740.0 77.9799856898
1750.0 78.4279235507
1760.0 78.8758549845
1770.0 79.3237797809
1780.0 79.7716977233
1790.0 80.2196085888
1800.0 80.667512148
1810.0 81.1154081651
1820.0 81.5632963972
1830.0 82.0111765949
1840.0 82.4590485013
1850.0 82.9069118526
1860.0 83.3547663774
1870.0 83.8026117968
1880.0 84.2504478243
1890.0 84.6982741654
1900.0 85.1460905174
1910.0 85.5938965699
1920.0 86.0416920036
1930.0 86.4894764908
1940.0 86.9372496954
1950.0 87.385011272
1960.0 87.8327608664
1970.0 88.2804981152
1980.0 88.7282226455
1990.0 89.1759340749
2000.0 89.6236320114
2010.0 90.0713160529
2020.0 90.5189857875
2030.0 90.9666407928
2040.0 91.4142806363
2050.0 91.8619048749
2060.0 92.3095130545
2070.0 92.7571047106
2080.0 93.2046793672
2090.0 93.6522365375
2100.0 94.0997757231
2110.0 94.5472964141
2120.0 94.9947980891
2130.0 95.4422802148
2140.0 95.8897422459
2150.0 96.337183625
2160.0 96.7846037825
2170.0 97.2320021364
2180.0 97.6793780922
2190.0 98.1267310427
2200.0 98.5740603679
2210.0 99.0213654349
2220.0 99.4686455977
2230.0 99.9159001975
2240.0 100.363128562
2250.0 100.810330005
2260.0 101.257503828
2270.0 101.704649317
2280.0 102.151765748
2290.0 102.598852379
2300.0 103.045908457
2310.0 103.492933213
2320.0 103.939925867
2330.0 104.386885623
2340.0 104.833811671
2350.0 105.280703187
2360.0 105.727559333
2370.0 106.174379257
2380.0 106.621162094
2390.0 107.067906962
2400.0 107.514612967
2410.0 107.961279201
2420.0 108.407904741
2430.0 108.85448865
2440.0 109.301029977
2450.0 109.747527757
2460.0 110.193981012
2470.0 110.640388748
2480.0 111.086749959
2490.0 111.533063625
2500.0 111.979328712
2510.0 112.425544173
2520.0 112.871708948
2530.0 113.317821962
2540.0 113.763882128
2550.0 114.209888348
2560.0 114.655839508
2570.0 115.101734484
2580.0 115.547572138
2590.0 115.993351321
2600.0 116.439070872
2610.0 116.884729618
2620.0 117.330326375
2630.0 117.775859948
2640.0 118.221329131
2650.0 118.666732707
2660.0 119.11206945
2670.0 119.557338122
2680.0 120.002537479
2690.0 120.447666264
2700.0 120.892723215
2710.0 121.337707057
2720.0 121.782616512
2730.0 122.227450291
2740.0 122.672207098
2750.0 123.116885633
2760.0 123.561484587
2770.0 124.006002647
2780.0 124.450438492
2790.0 124.894790799
2800.0 125.33905824
2810.0 125.783239484
2820.0 126.227333194
2830.0 126.671338032
2840.0 127.11525266
2850.0 127.559075735
2860.0 128.002805916
2870.0 128.446441858
2880.0 128.889982221
2890.0 129.333425663
2900.0 129.776770844
2910.0 130.220016426
2920.0 130.663161075
2930.0 131.106203461
2940.0 131.549142255
2950.0 131.991976137
2960.0 132.43470379
2970.0 132.877323905
2980.0 133.319835179
2990.0 133.762236319
3000.0 134.204526037
3010.0 134.646703059
3020.0 135.088766116
3030.0 135.530713954
3040.0 135.972545329
3050.0 136.41425901
3060.0 136.85585378
3070.0 137.297328433
3080.0 137.738681781
3090.0 138.179912651
3100.0 138.621019886
3110.0 139.062002346
3120.0 139.50285891
3130.0 139.943588475
3140.0 140.384189958
3150.0 140.824662296
3160.0 141.265004449
3170.0 141.705215398
3180.0 142.145294145
3190.0 142.58523972
3200.0 143.025051173
3210.0 143.464727584
3220.0 143.904268054
3230.0 144.343671714
3240.0 144.782937723
3250.0 145.222065267
3260.0 145.661053562
3270.0 146.099901853
3280.0 146.538609417
3290.0 146.977175562
3300.0 147.415599626
3310.0 147.853880984
3320.0 148.292019041
3330.0 148.730013237
3340.0 149.167863049
3350.0 149.605567987
3360.0 150.043127598
3370.0 150.480541466
3380.0 150.917809213
3390.0 151.354930498
3400.0 151.791905018
3410.0 152.228732511
3420.0 152.665412754
3430.0 153.101945564
3440.0 153.538330798
3450.0 153.974568355
3460.0 154.410658175
3470.0 154.846600241
3480.0 155.282394578
3490.0 155.718041252
3500.0 156.153540376
3510.0 156.588892102
3520.0 157.024096629
3530.0 157.459154199
3540.0 157.894065099
3550.0 158.328829658
3560.0 158.763448253
3570.0 159.197921305
3580.0 159.632249278
3590.0 160.066432683
3600.0 160.500472077
3610.0 160.93436806
3620.0 161.368121279
3630.0 161.801732425
3640.0 162.235202236
3650.0 162.668531493
3660.0 163.101721025
3670.0 163.534771703
3680.0 163.967684444
3690.0 164.400460211
3700.0 164.833100008
3710.0 165.265604887
3720.0 165.697975941
3730.0 166.130214309
3740.0 166.562321171
3750.0 166.994297751
3760.0 167.426145314
3770.0 167.85786517
3780.0 168.289458668
3790.0 168.720927199
3800.0 169.152272193
3810.0 169.583495123
3820.0 170.014597498
3830.0 170.445580868
3840.0 170.876446821
3850.0 171.307196981
3860.0 171.737833009
3870.0 172.168356603
3880.0 172.598769496
3890.0 173.029073454
3900.0 173.459270278