0.0 0.0
120.0 5.3745922639
121.25 5.43138886953
122.5 5.48815615837
123.75 5.54489486787
125.0 5.60160572892
126.25 5.658289465
127.5 5.71494679142
128.75 5.77157841465
130.0 5.82818503164
131.25 5.88476732938
132.5 5.94132598435
133.75 5.99786166211
135.0 6.054375017
136.25 6.11086669177
137.5 6.16733731735
138.75 6.22378751266
140.0 6.2802178844
141.25 6.33662902694
142.5 6.39302152222
143.75 6.44939593968
145.0 6.50575283623
146.25 6.56209275623
147.5 6.61841623154
148.75 6.67472378152
150.0 6.7310159131
151.25 6.78729312087
152.5 6.84355588718
155.0 6.95603996419
157.5 7.0684717624
160.0 7.18085471251
162.5 7.29319206281
165.0 7.40548688491
167.5 7.51774207972
170.0 7.62996038382
172.5 7.74214437591
175.0 7.85429648344
177.5 7.96641898919
180.0 8.07851403794
182.5 8.19058364291
185.0 8.30262969231
187.5 8.41465395557
190.0 8.52665808952
195.0 8.75061206942
200.0 8.97450285663
205.0 9.19834023567
210.0 9.42213271239
215.0 9.64588766155
220.0 9.86961146069
225.0 10.0933096109
230.0 10.3169868452
240.0 10.7642942256
250.0 11.2115595133
260.0 11.6588014772
270.0 12.1060335329
280.0 12.5532651148
290.0 13.0005027201
300.0 13.4477506957
310.0 13.8950118286
320.0 14.3422877839
330.0 14.7895794301
340.0 15.2368870768
350.0 15.684210649
360.0 16.1315498135
370.0 16.5789040695
380.0 17.0262728136
390.0 17.4736553851
400.0 17.9210510986
410.0 18.3684592652
420.0 18.8158792074
430.0 19.2633102686
440.0 19.7107518189
450.0 20.1582032582
460.0 20.6056640179
470.0 21.0531335609
480.0 21.5006113815
490.0 21.9480970041
500.0 22.3955899817
510.0 22.843089895
520.0 23.2905963499
530.0 23.7381089768
540.0 24.1856274286
550.0 24.6331513792
560.0 25.0806805221
570.0 25.5282145691
580.0 25.9757532492
590.0 26.423296307
600.0 26.8708435019
610.0 27.3183946074
620.0 27.7659494092
630.0 28.2135077055
640.0 28.6610693053
650.0 29.108634028
660.0 29.5562017029
670.0 30.0037721682
680.0 30.4513452705
690.0 30.8989208645
700.0 31.3464988122
710.0 31.7940789824
720.0 32.2416612506
730.0 32.6892454982
740.0 33.1368316123
750.0 33.5844194856
760.0 34.0320090153
770.0 34.4796001036
780.0 34.9271926571
790.0 35.3747865864
800.0 35.822381806
810.0 36.2699782338
820.0 36.7175757915
830.0 37.1651744035
840.0 37.6127739975
850.0 38.0603745039
860.0 38.5079758556
870.0 38.955577988
880.0 39.4031808387
890.0 39.8507843475
900.0 40.298388456
910.0 40.7459931078
920.0 41.1935982482
930.0 41.6412038238
940.0 42.0888097831
950.0 42.5364160756
960.0 42.9840226521
970.0 43.4316294646
980.0 43.879236466
990.0 44.3268436103
1000.0 44.7744508522
1010.0 45.2220581473
1020.0 45.6696654517
1030.0 46.1172727222
1040.0 46.5648799161
1050.0 47.0124869909
1060.0 47.4600939048
1070.0 47.9077006161
1080.0 48.3553070833
1090.0 48.802913265
1100.0 49.2505191199
1110.0 49.6981246068
1120.0 50.1457296843
1130.0 50.5933343108
1140.0 51.0409384447
1150.0 51.4885420441
1160.0 51.9361450665
1170.0 52.3837474693
1180.0 52.8313492095
1190.0 53.2789502432
1200.0 53.7265505263
1210.0 54.1741500138
1220.0 54.6217486603
1230.0 55.0693464192
1240.0 55.5169432435
1250.0 55.9645390851
1260.0 56.4121338948
1270.0 56.8597276227
1280.0 57.3073202176
1290.0 57.7549116272
1300.0 58.202501798
1310.0 58.6500906752
1320.0 59.0976782026
1330.0 59.5452643226
1340.0 59.9928489763
1350.0 60.440432103
1360.0 60.8880136403
1370.0 61.3355935245
1380.0 61.7831716897
1390.0 62.2307480683
1400.0 62.6783225908
1410.0 63.1258951857
1420.0 63.5734657795
1430.0 64.0210342962
1440.0 64.4686006578
1450.0 64.916164784
1460.0 65.363726592
1470.0 65.8112859965
1480.0 66.2588429095
1490.0 66.7063972405
1500.0 67.1539488961
1510.0 67.6014977801
1520.0 68.0490437933
1530.0 68.4965868333
1540.0 68.9441267947
1550.0 69.3916635688
1560.0 69.8391970435
1570.0 70.2867271032
1580.0 70.7342536288
1590.0 71.1817764974
1600.0 71.6292955822
1610.0 72.0768107529
1620.0 72.5243218746
1630.0 72.9718288087
1640.0 73.419331412
1650.0 73.8668295372
1660.0 74.3143230323
1670.0 74.7618117406
1680.0 75.2092955007
1690.0 75.6567741465
1700.0 76.1042475065
1710.0 76.5517154042
1720.0 76.9991776579
1730.0 77.4466340804
1740.0 77.8940844787
1750.0 78.3415286545
1760.0 78.7889664032
1770.0 79.2363975145
1780.0 79.6838217717
1790.0 80.1312389521
1800.0 80.5786488262
1810.0 81.0260511581
1820.0 81.4734457052
1830.0 81.9208322177
1840.0 82.368210439
1850.0 82.8155801052
1860.0 83.2629409449
1870.0 83.7102926792
1880.0 84.1576350215
1890.0 84.6049676775
1900.0 85.0522903444
1910.0 85.4996027118
1920.0 85.9469044603
1930.0 86.3941952625
1940.0 86.8414747819
1950.0 87.2887426734
1960.0 87.7359985827
1970.0 88.1832421464
1980.0 88.6304729915
1990.0 89.0776907358
2000.0 89.5248949872
2010.0 89.9720853436
2020.0 90.419261393
2030.0 90.8664227132
2040.0 91.3135688716
2050.0 91.760699425
2060.0 92.2078139196
2070.0 92.6549118905
2080.0 93.101992862
2090.0 93.5490563472
2100.0 93.9961018476
2110.0 94.4431288535
2120.0 94.8901368434
2130.0 95.337125284
2140.0 95.78409363
2150.0 96.231041324
2160.0 96.6779677964
2170.0 97.1248724652
2180.0 97.5717547358
2190.0 98.0186140012
2200.0 98.4654496412
2210.0 98.9122610231
2220.0 99.3590475009
2230.0 99.8058084154
2240.0 100.252543095
2250.0 100.699250853
2260.0 101.14593099
2270.0 101.592582795
2280.0 102.03920554
2290.0 102.485798486
2300.0 102.932360879
2310.0 103.37889195
2320.0 103.825390919
2330.0 104.27185699
2340.0 104.718289353
2350.0 105.164687183
2360.0 105.611049644
2370.0 106.057375884
2380.0 106.503665035
2390.0 106.949916218
2400.0 107.396128538
2410.0 107.842301087
2420.0 108.288432942
2430.0 108.734523166
2440.0 109.180570807
2450.0 109.626574902
2460.0 110.072534472
2470.0 110.518448523
2480.0 110.964316049
2490.0 111.41013603
2500.0 111.855907432
2510.0 112.301629208
2520.0 112.747300297
2530.0 113.192919626
2540.0 113.638486107
2550.0 114.083998642
2560.0 114.529456117
2570.0 114.974857407
2580.0 115.420201376
2590.0 115.865486874
2600.0 116.31071274
2610.0 116.755877802
2620.0 117.200980874
2630.0 117.646020761
2640.0 118.090996259
2650.0 118.53590615
2660.0 118.980749207
2670.0 119.425524195
2680.0 119.870229866
2690.0 120.314864967
2700.0 120.759428232
2710.0 121.203918389
2720.0 121.648334159
2730.0 122.092674253
2740.0 122.536937375
2750.0 122.981122225
2760.0 123.425227494
2770.0 123.869251868
2780.0 124.313194028
2790.0 124.75705265
2800.0 125.200826407
2810.0 125.644513965
2820.0 126.088113989
2830.0 126.531625143
2840.0 126.975046086
2850.0 127.418375476
2860.0 127.861611971
2870.0 128.304754229
2880.0 128.747800907
2890.0 129.190750663
2900.0 129.633602159
2910.0 130.076354056
2920.0 130.51900502
2930.0 130.96155372
2940.0 131.403998829
2950.0 131.846339026
2960.0 132.288572994
2970.0 132.730699424
2980.0 133.172717013
2990.0 133.614624468
3000.0 134.056420501
3010.0 134.498103837
3020.0 134.939673209
3030.0 135.381127362
3040.0 135.822465052
3050.0 136.263685049
3060.0 136.704786133
3070.0 137.145767101
3080.0 137.586626764
3090.0 138.027363949
3100.0 138.467977499
3110.0 138.908466274
3120.0 139.348829152
3130.0 139.789065032
3140.0 140.22917283
3150.0 140.669151483
3160.0 141.108999951
3170.0 141.548717214
3180.0 141.988302277
3190.0 142.427754166
3200.0 142.867071935
3210.0 143.30625466
3220.0 143.745301445
3230.0 144.18421142
3240.0 144.622983744
3250.0 145.061617603
3260.0 145.500112213
3270.0 145.938466819
3280.0 146.376680698
3290.0 146.814753157
3300.0 147.252683536
3310.0 147.690471209
3320.0 148.128115581
3330.0 148.565616092
3340.0 149.002972219
3350.0 149.440183472
3360.0 149.877249397
3370.0 150.314169581
3380.0 150.750943642
3390.0 151.187571242
3400.0 151.624052077
3410.0 152.060385885
3420.0 152.496572443
3430.0 152.932611568
3440.0 153.368503116
3450.0 153.804246988
3460.0 154.239843123
3470.0 154.675291504
3480.0 155.110592156
3490.0 155.545745145
3500.0 155.980750583
3510.0 156.415608624
3520.0 156.850319466
3530.0 157.284883351
3540.0 157.719300566
3550.0 158.15357144
3560.0 158.58769635
3570.0 159.021675717
3580.0 159.455510005
3590.0 159.889199725
3600.0 160.322745433
3610.0 160.756147731
3620.0 161.189407265
3630.0 161.622524726
3640.0 162.055500852
3650.0 162.488336424
3660.0 162.921032271
3670.0 163.353589264
3680.0 163.78600832
3690.0 164.218290401
3700.0 164.650436513
3710.0 165.082447707
3720.0 165.514325076
3730.0 165.946069759
3740.0 166.377682936
3750.0 166.80916583
3760.0 167.240519709
3770.0 167.67174588
3780.0 168.102845693
3790.0 168.533820538
3800.0 168.964671847
3810.0 169.395401092
3820.0 169.826009782
3830.0 170.256499467
3840.0 170.686871734
3850.0 171.117128209
3860.0 171.547270552
3870.0 171.977300461
3880.0 172.407219669
3890.0 172.837029942
3900.0 173.266733081