0.0 0.0
120.0 5.38021214041
121.25 5.43706738209
122.5 5.49389330919
123.75 5.55069065914
125.0 5.60746016285
126.25 5.66420254379
127.5 5.72091851731
128.75 5.77760878985
130.0 5.83427405839
131.25 5.89091500992
132.5 5.94753232093
133.75 6.00412665699
135.0 6.06069867244
136.25 6.11724901004
137.5 6.17377830074
138.75 6.23028716344
140.0 6.28677620487
141.25 6.3432460194
142.5 6.39969718898
143.75 6.45613028305
145.0 6.51254585853
146.25 6.56894445981
147.5 6.62532661872
148.75 6.68169285465
150.0 6.73804367454
151.25 6.79437957297
152.5 6.85070103232
153.75 6.90700852277
155.0 6.96330250253
156.25 7.01958341791
157.5 7.07585170351
158.75 7.13210778234
160.0 7.18835206602
162.5 7.30080683841
165.0 7.41321909235
167.5 7.52559172882
170.0 7.63792748445
172.5 7.75022893802
175.0 7.86249851704
177.5 7.97473850435
180.0 8.08695104478
182.5 8.19913815165
185.0 8.31130171321
187.5 8.42344349896
190.0 8.5355651658
192.5 8.64766826398
195.0 8.75975424292
197.5 8.87182445677
200.0 8.98388016976
202.5 9.0959225614
205.0 9.20795273137
210.0 9.43198043414
215.0 9.65597065338
220.0 9.87992976721
225.0 10.1038632773
230.0 10.3277759171
235.0 10.5516717487
240.0 10.7755542483
245.0 10.9994263828
250.0 11.2232906767
260.0 11.6710039762
270.0 12.1187075673
280.0 12.5664108894
290.0 13.0141204447
300.0 13.4618405858
310.0 13.9095741047
320.0 14.3573226723
330.0 14.8050871626
340.0 15.2528678909
350.0 15.7006647883
360.0 16.1484775276
370.0 16.5963056142
380.0 17.0441484509
390.0 17.4920053837
400.0 17.9398757336
410.0 18.3877588186
420.0 18.8356539682
430.0 19.2835605328
440.0 19.7314778898
450.0 20.1794054466
460.0 20.6273426421
470.0 21.0752889472
480.0 21.5232438641
490.0 21.9712069253
500.0 22.4191776924
510.0 22.8671557544
520.0 23.3151407263
530.0 23.7631322474
540.0 24.2111299797
550.0 24.6591336067
560.0 25.1071428316
570.0 25.5551573763
580.0 26.0031769796
590.0 26.451201397
600.0 26.8992303984
610.0 27.3472637683
620.0 27.7953013038
630.0 28.2433428145
640.0 28.6913881214
650.0 29.1394370562
660.0 29.5874894606
670.0 30.0355451856
680.0 30.4836040911
690.0 30.9316660454
700.0 31.3797309242
710.0 31.8277986109
720.0 32.2758689955
730.0 32.7239419746
740.0 33.1720174509
750.0 33.6200953329
760.0 34.0681755343
770.0 34.5162579742
780.0 34.9643425766
790.0 35.4124292698
800.0 35.8605179868
810.0 36.3086086646
820.0 36.7567012441
830.0 37.20479567
840.0 37.6528918906
850.0 38.1009898574
860.0 38.5490895254
870.0 38.9971908524
880.0 39.4452937995
890.0 39.8933983303
900.0 40.3415044113
910.0 40.7896120115
920.0 41.2377211024
930.0 41.6858316579
940.0 42.1339436542
950.0 42.5820570699
960.0 43.0301718854
970.0 43.4782880834
980.0 43.9264056487
990.0 44.374524568
1000.0 44.8226448296
1010.0 45.2707664241
1020.0 45.7188893436
1030.0 46.1670135822
1040.0 46.6151391355
1050.0 47.0632660009
1060.0 47.5113941775
1070.0 47.959523666
1080.0 48.4076544688
1090.0 48.8557865897
1100.0 49.3039200343
1110.0 49.7520548097
1120.0 50.2001909246
1130.0 50.648328389
1140.0 51.096467215
1150.0 51.5446074156
1160.0 51.9927490059
1170.0 52.4408920023
1180.0 52.8890364228
1190.0 53.337182287
1200.0 53.7853296161
1210.0 54.2334784329
1220.0 54.6816287617
1230.0 55.1297806287
1240.0 55.5779340616
1250.0 56.0260890898
1260.0 56.4742457445
1270.0 56.9224040584
1280.0 57.3705640663
1290.0 57.8187258047
1300.0 58.2668893118
1310.0 58.7150546279
1320.0 59.163221795
1330.0 59.6113908574
1340.0 60.059561861
1350.0 60.5077348541
1360.0 60.9559098869
1370.0 61.4040870119
1380.0 61.8522662837
1390.0 62.3004477592
1400.0 62.7486314977
1410.0 63.1968175609
1420.0 63.6450060128
1430.0 64.09319692
1440.0 64.5413903517
1450.0 64.9895863799
1460.0 65.4377850789
1470.0 65.8859865263
1480.0 66.3341908022
1490.0 66.7823979899
1500.0 67.2306081756
1510.0 67.6788214487
1520.0 68.1270379016
1530.0 68.5752576304
1540.0 69.0234807342
1550.0 69.4717073157
1560.0 69.9199374812
1570.0 70.3681713407
1580.0 70.8164090079
1590.0 71.2646506003
1600.0 71.7128962396
1610.0 72.1611460514
1620.0 72.6094001655
1630.0 73.0576587161
1640.0 73.5059218417
1650.0 73.9541896854
1660.0 74.402462395
1670.0 74.8507401229
1680.0 75.2990230265
1690.0 75.7473112682
1700.0 76.1956050157
1710.0 76.6439044417
1720.0 77.0922097245
1730.0 77.5405210479
1740.0 77.9888386012
1750.0 78.4371625799
1760.0 78.885493185
1770.0 79.333830624
1780.0 79.7821751103
1790.0 80.230526864
1800.0 80.6788861114
1810.0 81.1272530858
1820.0 81.5756280272
1830.0 82.0240111824
1840.0 82.4724028057
1850.0 82.9208031584
1860.0 83.3692125094
1870.0 83.8176311352
1880.0 84.26605932
1890.0 84.714497356
1900.0 85.1629455435
1910.0 85.611404191
1920.0 86.0598736154
1930.0 86.5083541423
1940.0 86.956846106
1950.0 87.4053498497
1960.0 87.8538657256
1970.0 88.3023940954
1980.0 88.7509353299
1990.0 89.1994898098
2000.0 89.6480579252
2010.0 90.0966400765
2020.0 90.5452366739
2030.0 90.993848138
2040.0 91.4424748997
2050.0 91.8911174005
2060.0 92.3397760928
2070.0 92.7884514397
2080.0 93.2371439155
2090.0 93.6858540056
2100.0 94.1345822069
2110.0 94.5833290278
2120.0 95.0320949882
2130.0 95.4808806203
2140.0 95.9296864677
2150.0 96.3785130866
2160.0 96.8273610452
2170.0 97.2762309243
2180.0 97.7251233171
2190.0 98.1740388295
2200.0 98.6229780802
2210.0 99.071941701
2220.0 99.5209303366
2230.0 99.9699446447
2240.0 100.418985297
2250.0 100.868052977
2260.0 101.317148384
2270.0 101.766272228
2280.0 102.215425236
2290.0 102.664608146
2300.0 103.113821711
2310.0 103.563066698
2320.0 104.012343887
2330.0 104.461654073
2340.0 104.910998065
2350.0 105.360376686
2360.0 105.809790772
2370.0 106.259241174
2380.0 106.708728759
2390.0 107.158254404
2400.0 107.607819005
2410.0 108.057423468
2420.0 108.507068715
2430.0 108.956755683
2440.0 109.406485322
2450.0 109.856258595
2460.0 110.306076481
2470.0 110.755939971
2480.0 111.205850071
2490.0 111.655807801
2500.0 112.105814193
2510.0 112.555870295
2520.0 113.005977165
2530.0 113.456135877
2540.0 113.906347518
2550.0 114.356613185
2560.0 114.806933991
2570.0 115.25731106
2580.0 115.707745528
2590.0 116.158238545
2600.0 116.608791269
2610.0 117.059404875
2620.0 117.510080544
2630.0 117.960819473
2640.0 118.411622865
2650.0 118.862491937
2660.0 119.313427915
2670.0 119.764432035
2680.0 120.215505542
2690.0 120.666649691
2700.0 121.117865745
2710.0 121.569154976
2720.0 122.020518664
2730.0 122.471958096
2740.0 122.923474567
2750.0 123.375069378
2760.0 123.826743836
2770.0 124.278499255
2780.0 124.730336953
2790.0 125.182258255
2800.0 125.634264486
2810.0 126.08635698
2820.0 126.538537071
2830.0 126.990806095
2840.0 127.443165392
2850.0 127.895616304
2860.0 128.348160173
2870.0 128.800798339
2880.0 129.253532146
2890.0 129.706362933
2900.0 130.159292041
2910.0 130.612320807
2920.0 131.065450564
2930.0 131.518682643
2940.0 131.97201837
2950.0 132.425459067
2960.0 132.879006049
2970.0 133.332660626
2980.0 133.786424098
2990.0 134.240297761
3000.0 134.6942829
3010.0 135.148380791
3020.0 135.6025927
3030.0 136.056919882
3040.0 136.511363579
3050.0 136.965925024
3060.0 137.420605433
3070.0 137.87540601
3080.0 138.330327944
3090.0 138.785372407
3100.0 139.240540556
3110.0 139.695833531
3120.0 140.151252452
3130.0 140.606798421
3140.0 141.062472523
3150.0 141.518275817
3160.0 141.974209346
3170.0 142.430274128
3180.0 142.886471158
3190.0 143.342801409
3200.0 143.799265829
3210.0 144.255865339
3220.0 144.712600835
3230.0 145.169473187
3240.0 145.626483237
3250.0 146.083631798
3260.0 146.540919653
3270.0 146.998347556
3280.0 147.455916232
3290.0 147.913626372
3300.0 148.371478635
3310.0 148.829473649
3320.0 149.287612007
3330.0 149.745894269
3340.0 150.204320958
3350.0 150.662892564
3360.0 151.121609539
3370.0 151.580472299
3380.0 152.039481222
3390.0 152.498636649
3400.0 152.95793888
3410.0 153.41738818
3420.0 153.876984771
3430.0 154.336728835
3440.0 154.796620515
3450.0 155.256659912
3460.0 155.716847085
3470.0 156.177182051
3480.0 156.637664786
3490.0 157.098295222
3500.0 157.559073247
3510.0 158.019998708
3520.0 158.481071405
3530.0 158.942291098
3540.0 159.403657499
3550.0 159.865170276
3560.0 160.326829055
3570.0 160.788633415
3580.0 161.250582889
3590.0 161.712676968
3600.0 162.174915094
3610.0 162.637296667
3620.0 163.099821039
3630.0 163.562487519
3640.0 164.02529537
3650.0 164.488243809
3660.0 164.951332009
3670.0 165.414559097
3680.0 165.877924156
3690.0 166.341426224
3700.0 166.805064294
3710.0 167.268837317
3720.0 167.732744198
3730.0 168.196783798
3740.0 168.660954938
3750.0 169.125256392
3760.0 169.589686895
3770.0 170.054245138
3780.0 170.518929772
3790.0 170.983739405
3800.0 171.448672605
3810.0 171.913727903
3820.0 172.378903786
3830.0 172.844198705
3840.0 173.309611073
3850.0 173.775139265
3860.0 174.240781619
3870.0 174.706536437
3880.0 175.172401987
3890.0 175.638376502
3900.0 176.104458181