0.0 0.0
120.0 5.37807911511
121.25 5.4349120421
122.5 5.49171565232
123.75 5.54849068318
125.0 5.6052378656
126.25 5.66195792304
127.5 5.71865157084
128.75 5.77531951542
130.0 5.83196245379
131.25 5.88858107289
132.5 5.94517604922
133.75 6.00174804836
135.0 6.05829772461
136.25 6.11482572074
137.5 6.1713326677
138.75 6.22781918438
140.0 6.28428587748
141.25 6.34073334139
142.5 6.39716215803
143.75 6.45357289686
145.0 6.50996611477
146.25 6.56634235615
147.5 6.62270215282
148.75 6.67904602417
150.0 6.73537447711
151.25 6.79168800625
152.5 6.84798709393
155.0 6.96054381367
157.5 7.07304825461
160.0 7.18550384745
162.5 7.2979138405
165.0 7.41028130533
167.5 7.52260914287
170.0 7.6349000897
172.5 7.74715672452
175.0 7.85938147478
177.5 7.97157662328
180.0 8.08374431475
182.5 8.19588656246
185.0 8.3080052546
187.5 8.42010216059
190.0 8.53217893727
195.0 8.75627820263
200.0 8.98031427531
205.0 9.20429693982
210.0 9.42823470201
215.0 9.65213493663
220.0 9.87600402124
225.0 10.0998474569
230.0 10.3236699767
240.0 10.771267928
250.0 11.2188237866
260.0 11.6663563215
270.0 12.1138789481
280.0 12.561401101
290.0 13.0089292772
300.0 13.4564678238
310.0 13.9040195275
320.0 14.3515860538
330.0 14.7991682709
340.0 15.2467664885
350.0 15.6943806317
360.0 16.1420103671
370.0 16.5896551941
380.0 17.0373145091
390.0 17.4849876516
400.0 17.932673936
410.0 18.3803726735
420.0 18.8280831866
430.0 19.2758048188
440.0 19.72353694
450.0 20.1712789503
460.0 20.6190302808
470.0 21.0667903948
480.0 21.5145587864
490.0 21.9623349799
500.0 22.4101185285
510.0 22.8579090126
520.0 23.3057060385
530.0 23.7535092363
540.0 24.2013182591
550.0 24.6491327806
560.0 25.0969524944
570.0 25.5447771124
580.0 25.9926063633
590.0 26.4404399921
600.0 26.888277758
610.0 27.3361194343
620.0 27.7839648071
630.0 28.2318136743
640.0 28.679665845
650.0 29.1275211387
660.0 29.5753793846
670.0 30.0232404208
680.0 30.471104094
690.0 30.918970259
700.0 31.3668387776
710.0 31.8147095187
720.0 32.2625823578
730.0 32.7104571764
740.0 33.1583338615
750.0 33.6062123056
760.0 34.0540924063
770.0 34.5019740656
780.0 34.94985719
790.0 35.3977416902
800.0 35.8456274807
810.0 36.2935144795
820.0 36.7414026081
830.0 37.189291791
840.0 37.637181956
850.0 38.0850730334
860.0 38.532964956
870.0 38.9808576593
880.0 39.4287510809
890.0 39.8766451606
900.0 40.3245398401
910.0 40.7724350628
920.0 41.2203307741
930.0 41.6682269207
940.0 42.1161234509
950.0 42.5640203143
960.0 43.0119174618
970.0 43.4598148452
980.0 43.9077124175
990.0 44.3556101328
1000.0 44.8035079457
1010.0 45.2514058117
1020.0 45.699303687
1030.0 46.1472015285
1040.0 46.5950992932
1050.0 47.042996939
1060.0 47.4908944239
1070.0 47.9387917061
1080.0 48.3866887442
1090.0 48.8345854968
1100.0 49.2824819227
1110.0 49.7303779805
1120.0 50.1782736289
1130.0 50.6261688264
1140.0 51.0740635312
1150.0 51.5219577015
1160.0 51.9698512949
1170.0 52.4177442686
1180.0 52.8656365797
1190.0 53.3135281844
1200.0 53.7614190384
1210.0 54.2093090969
1220.0 54.6571983142
1230.0 55.1050866441
1240.0 55.5529740394
1250.0 56.0008604518
1260.0 56.4487458325
1270.0 56.8966301314
1280.0 57.3445132972
1290.0 57.7923952777
1300.0 58.2402760195
1310.0 58.6881554676
1320.0 59.1360335659
1330.0 59.5839102569
1340.0 60.0317854815
1350.0 60.4796591791
1360.0 60.9275312874
1370.0 61.3754017425
1380.0 61.8232704786
1390.0 62.2711374281
1400.0 62.7190025216
1410.0 63.1668656875
1420.0 63.6147268521
1430.0 64.0625859397
1440.0 64.5104428723
1450.0 64.9582975695
1460.0 65.4061499484
1470.0 65.8539999238
1480.0 66.3018474078
1490.0 66.7496923097
1500.0 67.1975345363
1510.0 67.6453739912
1520.0 68.0932105753
1530.0 68.5410441862
1540.0 68.9888747186
1550.0 69.4367020636
1560.0 69.8845261093
1570.0 70.3323467399
1580.0 70.7801638364
1590.0 71.2279772759
1600.0 71.6757869317
1610.0 72.1235926733
1620.0 72.571394366
1630.0 73.019191871
1640.0 73.4669850453
1650.0 73.9147737414
1660.0 74.3625578074
1670.0 74.8103370866
1680.0 75.2581114177
1690.0 75.7058806344
1700.0 76.1536445653
1710.0 76.601403034
1720.0 77.0491558586
1730.0 77.496902852
1740.0 77.9446438213
1750.0 78.392378568
1760.0 78.8401068876
1770.0 79.2878285698
1780.0 79.735543398
1790.0 80.1832511493
1800.0 80.6309515944
1810.0 81.0786444972
1820.0 81.5263296152
1830.0 81.9740066987
1840.0 82.4216754909
1850.0 82.869335728
1860.0 83.3169871386
1870.0 83.7646294439
1880.0 84.2122623572
1890.0 84.659885584
1900.0 85.1074988219
1910.0 85.5551017602
1920.0 86.0026940797
1930.0 86.4502754528
1940.0 86.8978455431
1950.0 87.3454040056
1960.0 87.7929504858
1970.0 88.2404846204
1980.0 88.6880060365
1990.0 89.1355143517
2000.0 89.583009174
2010.0 90.0304901013
2020.0 90.4779567217
2030.0 90.9254086129
2040.0 91.3728453422
2050.0 91.8202664666
2060.0 92.267671532
2070.0 92.7150600739
2080.0 93.1624316164
2090.0 93.6097856724
2100.0 94.0571217438
2110.0 94.5044393207
2120.0 94.9517378815
2130.0 95.399016893
2140.0 95.8462758099
2150.0 96.2935140748
2160.0 96.7407311182
2170.0 97.1879263579
2180.0 97.6350991995
2190.0 98.0822490358
2200.0 98.5293752468
2210.0 98.9764771996
2220.0 99.4235542483
2230.0 99.8706057338
2240.0 100.317630984
2250.0 100.764629313
2260.0 101.211600021
2270.0 101.658542397
2280.0 102.105455713
2290.0 102.55233923
2300.0 102.999192194
2310.0 103.446013836
2320.0 103.892803376
2330.0 104.339560018
2340.0 104.786282951
2350.0 105.232971353
2360.0 105.679624385
2370.0 106.126241195
2380.0 106.572820917
2390.0 107.019362671
2400.0 107.465865562
2410.0 107.912328682
2420.0 108.358751108
2430.0 108.805131903
2440.0 109.251470115
2450.0 109.697764781
2460.0 110.144014922
2470.0 110.590219544
2480.0 111.03637764
2490.0 111.482488192
2500.0 111.928550165
2510.0 112.374562512
2520.0 112.820524173
2530.0 113.266434072
2540.0 113.712291125
2550.0 114.15809423
2560.0 114.603842276
2570.0 115.049534137
2580.0 115.495168677
2590.0 115.940744746
2600.0 116.386261183
2610.0 116.831716815
2620.0 117.277110458
2630.0 117.722440917
2640.0 118.167706986
2650.0 118.612907448
2660.0 119.058041076
2670.0 119.503106634
2680.0 119.948102877
2690.0 120.393028548
2700.0 120.837882384
2710.0 121.282663113
2720.0 121.727369453
2730.0 122.172000118
2740.0 122.616553811
2750.0 123.061029232
2760.0 123.505425072
2770.0 123.949740017
2780.0 124.393972748
2790.0 124.838121941
2800.0 125.282186268
2810.0 125.726164397
2820.0 126.170054993
2830.0 126.613856717
2840.0 127.057568231
2850.0 127.501188192
2860.0 127.944715258
2870.0 128.388148087
2880.0 128.831485336
2890.0 129.274725663
2900.0 129.71786773
2910.0 130.160910198
2920.0 130.603851733
2930.0 131.046691004
2940.0 131.489426684
2950.0 131.932057451
2960.0 132.37458199
2970.0 132.816998991
2980.0 133.259307152
2990.0 133.701505177
3000.0 134.143591781
3010.0 134.585565688
3020.0 135.027425631
3030.0 135.469170355
3040.0 135.910798616
3050.0 136.352309183
3060.0 136.793700838
3070.0 137.234972377
3080.0 137.676122612
3090.0 138.117150368
3100.0 138.558054488
3110.0 138.998833834
3120.0 139.439487284
3130.0 139.880013734
3140.0 140.320412103
3150.0 140.760681327
3160.0 141.200820366
3170.0 141.6408282
3180.0 142.080703834
3190.0 142.520446294
3200.0 142.960054634
3210.0 143.39952793
3220.0 143.838865286
3230.0 144.278065832
3240.0 144.717128727
3250.0 145.156053157
3260.0 145.594838337
3270.0 146.033483514
3280.0 146.471987964
3290.0 146.910350994
3300.0 147.348571945
3310.0 147.786650188
3320.0 148.224585131
3330.0 148.662376213
3340.0 149.100022911
3350.0 149.537524734
3360.0 149.974881231
3370.0 150.412091985
3380.0 150.849156618
3390.0 151.286074788
3400.0 151.722846195
3410.0 152.159470574
3420.0 152.595947703
3430.0 153.032277398
3440.0 153.468459518
3450.0 153.904493961
3460.0 154.340380667
3470.0 154.776119618
3480.0 155.211710841
3490.0 155.647154401
3500.0 156.08245041
3510.0 156.517599022
3520.0 156.952600435
3530.0 157.387454891
3540.0 157.822162676
3550.0 158.256724122
3560.0 158.691139603
3570.0 159.12540954
3580.0 159.559534399
3590.0 159.99351469
3600.0 160.42735097
3610.0 160.861043838
3620.0 161.294593943
3630.0 161.728001975
3640.0 162.161268672
3650.0 162.594394815
3660.0 163.027381233
3670.0 163.460228796
3680.0 163.892938423
3690.0 164.325511076
3700.0 164.757947759
3710.0 165.190249524
3720.0 165.622417464
3730.0 166.054452718
3740.0 166.486356465
3750.0 166.918129931
3760.0 167.34977438
3770.0 167.781291122
3780.0 168.212681506
3790.0 168.643946922
3800.0 169.075088802
3810.0 169.506108618
3820.0 169.937007879
3830.0 170.367788135
3840.0 170.798450973
3850.0 171.228998019
3860.0 171.659430933
3870.0 172.089751413
3880.0 172.519961191
3890.0 172.950062035
3900.0 173.380055745