0.0 0.0
120.0 5.38017288674
121.25 5.43702762385
122.5 5.49385304418
123.75 5.55064988517
125.0 5.60741887771
126.25 5.66416074528
127.5 5.72087620319
128.75 5.7775659579
130.0 5.83423070638
131.25 5.89087113561
132.5 5.94748792206
133.75 6.00408173131
135.0 6.06065321769
136.25 6.11720302395
137.5 6.17373178102
138.75 6.23024010782
140.0 6.28672861105
141.25 6.34319788507
142.5 6.39964851184
143.75 6.45608106079
145.0 6.51249608882
146.25 6.56889414031
147.5 6.62527574711
148.75 6.68164142858
150.0 6.73799169165
151.25 6.79432703091
152.5 6.8506479287
155.0 6.96324826869
157.5 7.07579632987
160.0 7.18829554296
162.5 7.30074915624
165.0 7.41316024131
167.5 7.5255316991
170.0 7.63786626617
172.5 7.75016652124
175.0 7.86243489174
177.5 7.97467366047
180.0 8.08688497219
182.5 8.19907084014
185.0 8.31123315252
187.5 8.42337367876
190.0 8.53549407568
195.0 8.75968058153
200.0 8.98380389469
205.0 9.20787379969
210.0 9.43189880236
215.0 9.65588627746
220.0 9.87984260256
225.0 10.1037732787
230.0 10.3276830389
240.0 10.7754554713
250.0 11.2231858108
260.0 11.6708928267
270.0 12.1185899343
280.0 12.5662865681
290.0 13.0139892253
300.0 13.4617022528
310.0 13.9094284376
320.0 14.3571694448
330.0 14.8049261429
340.0 15.2526988415
350.0 15.7004874656
360.0 16.148291682
370.0 16.5961109899
380.0 17.0439447859
390.0 17.4917924093
400.0 17.9396531747
410.0 18.3875263932
420.0 18.8354113873
430.0 19.2833075005
440.0 19.7312141027
450.0 20.1791305938
460.0 20.6270564054
470.0 21.0749910003
480.0 21.5229338729
490.0 21.9708845473
500.0 22.4188425769
510.0 22.866807542
520.0 23.3147790488
530.0 23.7627567277
540.0 24.2107402314
550.0 24.6587292338
560.0 25.1067234286
570.0 25.5547225276
580.0 26.0027262595
590.0 26.4507343692
600.0 26.8987466161
610.0 27.3467627734
620.0 27.7947826272
630.0 28.2428059754
640.0 28.6908326271
650.0 29.1388624017
660.0 29.5868951285
670.0 30.0349306457
680.0 30.4829687999
690.0 30.9310094458
700.0 31.3790524454
710.0 31.8270976675
720.0 32.2751449876
730.0 32.7231942871
740.0 33.1712454532
750.0 33.6192983783
760.0 34.0673529599
770.0 34.5154091002
780.0 34.9634667056
790.0 35.4115256868
800.0 35.8595859582
810.0 36.307647438
820.0 36.7557100475
830.0 37.2037737115
840.0 37.6518383574
850.0 38.0999039157
860.0 38.5479703193
870.0 38.9960375036
880.0 39.4441054062
890.0 39.8921739668
900.0 40.3402431273
910.0 40.788312831
920.0 41.2363830232
930.0 41.6844536508
940.0 42.132524662
950.0 42.5805960064
960.0 43.0286676348
970.0 43.4767394992
980.0 43.9248115525
990.0 44.3728837487
1000.0 44.8209560425
1010.0 45.2690283895
1020.0 45.7171007459
1030.0 46.1651730682
1040.0 46.613245314
1050.0 47.0613174407
1060.0 47.5093894066
1070.0 47.9574611697
1080.0 48.4055326888
1090.0 48.8536039224
1100.0 49.3016748293
1110.0 49.7497453681
1120.0 50.1978154974
1130.0 50.6458851759
1140.0 51.0939543617
1150.0 51.5420230129
1160.0 51.9900910873
1170.0 52.438158542
1180.0 52.886225334
1190.0 53.3342914197
1200.0 53.7823567546
1210.0 54.2304212941
1220.0 54.6784849924
1230.0 55.1265478033
1240.0 55.5746096795
1250.0 56.0226705729
1260.0 56.4707304346
1270.0 56.9187892144
1280.0 57.3668468612
1290.0 57.8149033227
1300.0 58.2629585454
1310.0 58.7110124745
1320.0 59.1590650538
1330.0 59.6071162258
1340.0 60.0551659313
1350.0 60.5032141099
1360.0 60.9512606992
1370.0 61.3993056352
1380.0 61.8473488523
1390.0 62.2953902828
1400.0 62.7434298573
1410.0 63.1914675041
1420.0 63.6395031497
1430.0 64.0875367183
1440.0 64.5355681318
1450.0 64.98359731
1460.0 65.4316241699
1470.0 65.8796486262
1480.0 66.3276705912
1490.0 66.7756899741
1500.0 67.2237066816
1510.0 67.6717206175
1520.0 68.1197316825
1530.0 68.5677397745
1540.0 69.0157447878
1550.0 69.4637466138
1560.0 69.9117451404
1570.0 70.359740252
1580.0 70.8077318295
1590.0 71.25571975
1600.0 71.7037038867
1610.0 72.1516841093
1620.0 72.5996602829
1630.0 73.0476322689
1640.0 73.4955999241
1650.0 73.9435631012
1660.0 74.3915216482
1670.0 74.8394754084
1680.0 75.2874242204
1690.0 75.7353679181
1700.0 76.18330633
1710.0 76.6312392796
1720.0 77.0791665853
1730.0 77.5270880596
1740.0 77.9750035099
1750.0 78.4229127375
1760.0 78.8708155381
1770.0 79.3187117013
1780.0 79.7666010105
1790.0 80.2144832427
1800.0 80.6623581688
1810.0 81.1102255526
1820.0 81.5580851516
1830.0 82.005936716
1840.0 82.4537799892
1850.0 82.9016147073
1860.0 83.3494405989
1870.0 83.7972573851
1880.0 84.2450647793
1890.0 84.6928624872
1900.0 85.140650206
1910.0 85.5884276252
1920.0 86.0361944257
1930.0 86.4839502798
1940.0 86.9316948511
1950.0 87.3794277945
1960.0 87.8271487557
1970.0 88.2748573713
1980.0 88.7225532683
1990.0 89.1702360645
2000.0 89.6179053678
2010.0 90.0655607761
2020.0 90.5132018774
2030.0 90.9608282496
2040.0 91.4084394599
2050.0 91.8560350652
2060.0 92.3036146116
2070.0 92.7511776344
2080.0 93.1987236579
2090.0 93.6462521949
2100.0 94.0937627473
2110.0 94.5412548051
2120.0 94.9887278469
2130.0 95.4361813394
2140.0 95.8836147372
2150.0 96.3310274831
2160.0 96.7784190074
2170.0 97.2257887281
2180.0 97.6731360507
2190.0 98.120460368
2200.0 98.5677610599
2210.0 99.0150374937
2220.0 99.4622890233
2230.0 99.9095149898
2240.0 100.356714721
2250.0 100.803887531
2260.0 101.25103272
2270.0 101.698149577
2280.0 102.145237374
2290.0 102.592295372
2300.0 103.039322816
2310.0 103.48631894
2320.0 103.933282961
2330.0 104.380214083
2340.0 104.827111498
2350.0 105.273974381
2360.0 105.720801893
2370.0 106.167593185
2380.0 106.614347388
2390.0 107.061063623
2400.0 107.507740995
2410.0 107.954378596
2420.0 108.400975502
2430.0 108.847530778
2440.0 109.294043472
2450.0 109.740512619
2460.0 110.18693724
2470.0 110.633316343
2480.0 111.079648921
2490.0 111.525933954
2500.0 111.972170408
2510.0 112.418357236
2520.0 112.864493377
2530.0 113.310577757
2540.0 113.756609291
2550.0 114.202586877
2560.0 114.648509404
2570.0 115.094375746
2580.0 115.540184767
2590.0 115.985935317
2600.0 116.431626235
2610.0 116.877256348
2620.0 117.322824472
2630.0 117.768329412
2640.0 118.213769962
2650.0 118.659144904
2660.0 119.104453014
2670.0 119.549693053
2680.0 119.994863777
2690.0 120.439963929
2700.0 120.884992246
2710.0 121.329947455
2720.0 121.774828277
2730.0 122.219633422
2740.0 122.664361597
2750.0 123.109011498
2760.0 123.553581819
2770.0 123.998071245
2780.0 124.442478457
2790.0 124.886802131
2800.0 125.331040939
2810.0 125.775193549
2820.0 126.219258626
2830.0 126.663234832
2840.0 127.107120826
2850.0 127.550915268
2860.0 127.994616815
2870.0 128.438224125
2880.0 128.881735855
2890.0 129.325150663
2900.0 129.768467211
2910.0 130.21168416
2920.0 130.654800176
2930.0 131.097813928
2940.0 131.540724089
2950.0 131.983529337
2960.0 132.426228357
2970.0 132.868819839
2980.0 133.31130248
2990.0 133.753674987
3000.0 134.195936072
3010.0 134.63808446
3020.0 135.080118884
3030.0 135.522038089
3040.0 135.963840831
3050.0 136.405525879
3060.0 136.847092015
3070.0 137.288538035
3080.0 137.72986275
3090.0 138.171064987
3100.0 138.612143589
3110.0 139.053097415
3120.0 139.493925346
3130.0 139.934626278
3140.0 140.375199127
3150.0 140.815642833
3160.0 141.255956352
3170.0 141.696138668
3180.0 142.136188782
3190.0 142.576105723
3200.0 143.015888544
3210.0 143.455536321
3220.0 143.895048158
3230.0 144.334423185
3240.0 144.773660561
3250.0 145.212759472
3260.0 145.651719133
3270.0 146.090538791
3280.0 146.529217722
3290.0 146.967755233
3300.0 147.406150664
3310.0 147.844403389
3320.0 148.282512812
3330.0 148.720478376
3340.0 149.158299554
3350.0 149.595975859
3360.0 150.033506837
3370.0 150.470892072
3380.0 150.908131185
3390.0 151.345223837
3400.0 151.782169724
3410.0 152.218968584
3420.0 152.655620194
3430.0 153.09212437
3440.0 153.528480971
3450.0 153.964689895
3460.0 154.400751082
3470.0 154.836664515
3480.0 155.272430218
3490.0 155.708048259
3500.0 156.143518749
3510.0 156.578841842
3520.0 157.014017736
3530.0 157.449046673
3540.0 157.883928939
3550.0 158.318664866
3560.0 158.753254828
3570.0 159.187699246
3580.0 159.621998586
3590.0 160.056153358
3600.0 160.490164118
3610.0 160.924031468
3620.0 161.357756054
3630.0 161.791338567
3640.0 162.224779745
3650.0 162.658080369
3660.0 163.091241267
3670.0 163.524263312
3680.0 163.95714742
3690.0 164.389894553
3700.0 164.822505717
3710.0 165.254981963
3720.0 165.687324384
3730.0 166.119534119
3740.0 166.551612347
3750.0 166.983560294
3760.0 167.415379224
3770.0 167.847070447
3780.0 168.278635312
3790.0 168.710075209
3800.0 169.14139157
3810.0 169.572585867
3820.0 170.003659609
3830.0 170.434614346
3840.0 170.865451665
3850.0 171.296173192
3860.0 171.726780587
3870.0 172.157275548
3880.0 172.587659807
3890.0 173.017935132
3900.0 173.448103323