0.0 0.0
120.0 5.37887011857
121.25 5.43571128518
122.5 5.49252313501
123.75 5.5493064055
125.0 5.60606182754
126.25 5.6627901246
127.5 5.71949201201
128.75 5.77616819622
130.0 5.8328193742
131.25 5.88944623293
132.5 5.94604944888
133.75 6.00262968763
135.0 6.0591876035
136.25 6.11572383926
137.5 6.17223902583
138.75 6.22873378213
140.0 6.28520871485
141.25 6.34166441838
142.5 6.39810147464
143.75 6.45452045309
145.0 6.51092191062
146.25 6.56730639161
147.5 6.62367442791
148.75 6.68002653887
150.0 6.73636323144
151.25 6.7926850002
152.5 6.84899232749
155.0 6.96156552647
157.5 7.07408644665
160.0 7.18655851873
162.5 7.29898499102
165.0 7.41136893509
167.5 7.52371325187
170.0 7.63602067793
172.5 7.748293792
175.0 7.8605350215
177.5 7.97274664923
180.0 8.08493081994
182.5 8.19708954689
185.0 8.30922471826
187.5 8.4213381035
190.0 8.53343135942
195.0 8.75756358326
200.0 8.98163261441
205.0 9.2056482374
210.0 9.42961895807
215.0 9.65355215117
220.0 9.87745419425
225.0 10.1013305884
230.0 10.3251860666
240.0 10.7728499349
250.0 11.2204717105
260.0 11.6680701623
270.0 12.1156587059
280.0 12.5632467757
290.0 13.0108408689
300.0 13.4584453324
310.0 13.9060629531
320.0 14.3536953964
330.0 14.8013435305
340.0 15.249007665
350.0 15.6966877251
360.0 16.1443833775
370.0 16.5920941214
380.0 17.0398193534
390.0 17.4875584128
400.0 17.9353106142
410.0 18.3830752686
420.0 18.8308516988
430.0 19.2786392479
440.0 19.726437286
450.0 20.1742452132
460.0 20.6220624608
470.0 21.0698884917
480.0 21.5177228002
490.0 21.9655649107
500.0 22.4134143762
510.0 22.8612707773
520.0 23.3091337201
530.0 23.7570028349
540.0 24.2048777746
550.0 24.6527582131
560.0 25.1006438439
570.0 25.5485343788
580.0 25.9964295467
590.0 26.4443290924
600.0 26.8922327753
610.0 27.3401403686
620.0 27.7880516584
630.0 28.2359664425
640.0 28.6838845302
650.0 29.1318057408
660.0 29.5797299036
670.0 30.0276568568
680.0 30.475586447
690.0 30.9235185289
700.0 31.3714529644
710.0 31.8193896225
720.0 32.2673283786
730.0 32.7152691141
740.0 33.1632117161
750.0 33.6111560773
760.0 34.0591020949
770.0 34.5070496711
780.0 34.9549987125
790.0 35.4029491297
800.0 35.8509008371
810.0 36.2988537528
820.0 36.7468077984
830.0 37.1947628983
840.0 37.6427189802
850.0 38.0906759745
860.0 38.5386338141
870.0 38.9865924344
880.0 39.434551773
890.0 39.8825117696
900.0 40.330472366
910.0 40.7784335057
920.0 41.226395134
930.0 41.6743571975
940.0 42.1223196447
950.0 42.5702824251
960.0 43.0182454895
970.0 43.4662087898
980.0 43.9141722791
990.0 44.3621359113
1000.0 44.8100996412
1010.0 45.2580634241
1020.0 45.7060272164
1030.0 46.1539909748
1040.0 46.6019546565
1050.0 47.0499182193
1060.0 47.4978816211
1070.0 47.9458448203
1080.0 48.3938077753
1090.0 48.8417704449
1100.0 49.2897327877
1110.0 49.7376947625
1120.0 50.1856563279
1130.0 50.6336174423
1140.0 51.0815780641
1150.0 51.5295381513
1160.0 51.9774976617
1170.0 52.4254565524
1180.0 52.8734147804
1190.0 53.321372302
1200.0 53.769329073
1210.0 54.2172850484
1220.0 54.6652401827
1230.0 55.1131944296
1240.0 55.5611477418
1250.0 56.0091000712
1260.0 56.4570513689
1270.0 56.9050015847
1280.0 57.3529506674
1290.0 57.8008985649
1300.0 58.2488452236
1310.0 58.6967905887
1320.0 59.144734604
1330.0 59.5926772119
1340.0 60.0406183535
1350.0 60.488557968
1360.0 60.9364959933
1370.0 61.3844323653
1380.0 61.8323670184
1390.0 62.2802998849
1400.0 62.7282308953
1410.0 63.1761599781
1420.0 63.6240870597
1430.0 64.0720120643
1440.0 64.5199349138
1450.0 64.967855528
1460.0 65.4157738238
1470.0 65.8636897162
1480.0 66.3116031171
1490.0 66.759513936
1500.0 67.2074220795
1510.0 67.6553274514
1520.0 68.1032299524
1530.0 68.5511294803
1540.0 68.9990259297
1550.0 69.4469191916
1560.0 69.8948091542
1570.0 70.3426957018
1580.0 70.7905787153
1590.0 71.2384580718
1600.0 71.6863336445
1610.0 72.134205303
1620.0 72.5820729127
1630.0 73.0299363346
1640.0 73.4777954259
1650.0 73.925650039
1660.0 74.3735000219
1670.0 74.8213452181
1680.0 75.2691854661
1690.0 75.7170205997
1700.0 76.1648504476
1710.0 76.6126748333
1720.0 77.0604935749
1730.0 77.5083064852
1740.0 77.9561133715
1750.0 78.4039140351
1760.0 78.8517082717
1770.0 79.2994958709
1780.0 79.747276616
1790.0 80.1950502843
1800.0 80.6428166463
1810.0 81.0905754661
1820.0 81.538326501
1830.0 81.9860695015
1840.0 82.4338042107
1850.0 82.8815303647
1860.0 83.3292476923
1870.0 83.7769559145
1880.0 84.2246547447
1890.0 84.6723438885
1900.0 85.1200230434
1910.0 85.5676918986
1920.0 86.015350135
1930.0 86.4629974251
1940.0 86.9106334324
1950.0 87.3582578118
1960.0 87.805870209
1970.0 88.2534702605
1980.0 88.7010575936
1990.0 89.1486318258
2000.0 89.596192565
2010.0 90.0437394093
2020.0 90.4912719466
2030.0 90.9387897547
2040.0 91.386292401
2050.0 91.8337794423
2060.0 92.2812504248
2070.0 92.7287048836
2080.0 93.176142343
2090.0 93.623562316
2100.0 94.0709643044
2110.0 94.5183477982
2120.0 94.965712276
2130.0 95.4130572044
2140.0 95.8603820383
2150.0 96.3076862202
2160.0 96.7549691804
2170.0 97.2022303371
2180.0 97.6494690957
2190.0 98.0966848489
2200.0 98.5438769769
2210.0 98.9910448466
2220.0 99.4381878123
2230.0 99.8853052148
2240.0 100.332396382
2250.0 100.779460628
2260.0 101.226497253
2270.0 101.673505546
2280.0 102.120484779
2290.0 102.567434213
2300.0 103.014353093
2310.0 103.461240653
2320.0 103.90809611
2330.0 104.354918668
2340.0 104.801707519
2350.0 105.248461837
2360.0 105.695180786
2370.0 106.141863513
2380.0 106.588509153
2390.0 107.035116824
2400.0 107.481685632
2410.0 107.928214668
2420.0 108.374703011
2430.0 108.821149723
2440.0 109.267553852
2450.0 109.713914435
2460.0 110.160230493
2470.0 110.606501031
2480.0 111.052725045
2490.0 111.498901514
2500.0 111.945029404
2510.0 112.391107668
2520.0 112.837135245
2530.0 113.283111062
2540.0 113.729034031
2550.0 114.174903054
2560.0 114.620717016
2570.0 115.066474795
2580.0 115.512175252
2590.0 115.957817238
2600.0 116.403399592
2610.0 116.848921141
2620.0 117.294380701
2630.0 117.739777076
2640.0 118.185109062
2650.0 118.630375441
2660.0 119.075574986
2670.0 119.520706461
2680.0 119.965768621
2690.0 120.410760209
2700.0 120.855679962
2710.0 121.300526607
2720.0 121.745298865
2730.0 122.189995446
2740.0 122.634615057
2750.0 123.079156395
2760.0 123.523618151
2770.0 123.967999013
2780.0 124.412297661
2790.0 124.856512772
2800.0 125.300643016
2810.0 125.744687062
2820.0 126.188643574
2830.0 126.632511216
2840.0 127.076288646
2850.0 127.519974524
2860.0 127.963567507
2870.0 128.407066253
2880.0 128.850469419
2890.0 129.293775663
2900.0 129.736983647
2910.0 130.180092032
2920.0 130.623099484
2930.0 131.066004672
2940.0 131.508806269
2950.0 131.951502953
2960.0 132.394093409
2970.0 132.836576327
2980.0 133.278950404
2990.0 133.721214347
3000.0 134.163366868
3010.0 134.605406692
3020.0 135.047332552
3030.0 135.489143193
3040.0 135.930837371
3050.0 136.372413855
3060.0 136.813871427
3070.0 137.255208883
3080.0 137.696425034
3090.0 138.137518707
3100.0 138.578488744
3110.0 139.019334007
3120.0 139.460053374
3130.0 139.900645741
3140.0 140.341110027
3150.0 140.781445168
3160.0 141.221650124
3170.0 141.661723875
3180.0 142.101665426
3190.0 142.541473803
3200.0 142.981148059
3210.0 143.420687272
3220.0 143.860090545
3230.0 144.299357008
3240.0 144.73848582
3250.0 145.177476167
3260.0 145.616327265
3270.0 146.055038359
3280.0 146.493608725
3290.0 146.932037672
3300.0 147.37032454
3310.0 147.8084687
3320.0 148.24646956
3330.0 148.684326559
3340.0 149.122039174
3350.0 149.559606914
3360.0 149.997029328
3370.0 150.434305999
3380.0 150.871436549
3390.0 151.308420636
3400.0 151.745257959
3410.0 152.181948255
3420.0 152.618491301
3430.0 153.054886914
3440.0 153.49113495
3450.0 153.92723531
3460.0 154.363187933
3470.0 154.798992802
3480.0 155.234649941
3490.0 155.670159418
3500.0 156.105521344
3510.0 156.540735873
3520.0 156.975803203
3530.0 157.410723576
3540.0 157.845497278
3550.0 158.280124641
3560.0 158.714606039
3570.0 159.148941893
3580.0 159.583132669
3590.0 160.017178877
3600.0 160.451081073
3610.0 160.884839859
3620.0 161.318455881
3630.0 161.75192983
3640.0 162.185262443
3650.0 162.618454504
3660.0 163.051506838
3670.0 163.484420319
3680.0 163.917195863
3690.0 164.349834432
3700.0 164.782337032
3710.0 165.214704714
3720.0 165.646938571
3730.0 166.079039742
3740.0 166.511009406
3750.0 166.942848789
3760.0 167.374559155
3770.0 167.806141814
3780.0 168.237598115
3790.0 168.668929448
3800.0 169.100137245
3810.0 169.531222978
3820.0 169.962188156
3830.0 170.393034329
3840.0 170.823763084
3850.0 171.254376046
3860.0 171.684874877
3870.0 172.115261274
3880.0 172.54553697
3890.0 172.975703731
3900.0 173.405763358