0.0 0.0
30.0 1.62466848382
30.15625 1.6322827285
30.3125 1.63990443321
30.46875 1.64753345609
30.625 1.65516965868
30.78125 1.66281290582
30.9375 1.67046306558
31.09375 1.67812000913
31.25 1.68578361069
31.40625 1.69345374741
31.5625 1.70113029932
31.71875 1.70881314921
31.875 1.71650218259
32.03125 1.7241972876
32.1875 1.73189835493
32.34375 1.73960527775
32.5 1.74731795165
32.65625 1.75503627459
32.8125 1.7627601468
32.96875 1.77048947073
33.125 1.77822415101
33.28125 1.78596409436
33.4375 1.79370920958
33.59375 1.80145940745
33.75 1.80921460068
33.90625 1.8169747039
34.0625 1.82473963357
34.21875 1.83250930794
34.375 1.84028364703
34.53125 1.84806257254
34.6875 1.85584600785
34.84375 1.86363387793
35.0 1.87142610937
35.15625 1.87922263025
35.3125 1.88702337019
35.46875 1.89482826023
35.625 1.90263723285
35.78125 1.91045022194
35.9375 1.91826716271
36.09375 1.92608799171
36.25 1.93391264677
36.40625 1.94174106698
36.5625 1.94957319265
36.875 1.96524832757
37.1875 1.98093759745
37.5 1.99664056599
37.8125 2.01235681383
38.125 2.02808593779
38.4375 2.04382755008
38.75 2.05958127762
39.0625 2.07534676137
39.375 2.09112365568
39.6875 2.10691162771
40.0 2.12271035682
40.3125 2.13851953408
40.625 2.15433886173
40.9375 2.17016805269
41.25 2.18600683011
41.5625 2.20185492694
41.875 2.21771208548
42.1875 2.23357805702
42.5 2.24945260146
42.8125 2.26533548692
43.125 2.28122648943
43.4375 2.29712539261
43.75 2.31303198733
44.0625 2.32894607145
44.375 2.34486744953
44.6875 2.36079593253
45.0 2.37673133761
45.3125 2.39267348785
45.625 2.40862221204
45.9375 2.42457734444
46.25 2.44053872458
46.5625 2.45650619705
46.875 2.47247961133
47.1875 2.48845882156
47.5 2.50444368642
47.8125 2.52043406892
48.125 2.53642983628
48.4375 2.55243085971
48.75 2.56843701433
49.375 2.60046423618
50.0 2.6325105752
50.625 2.66457515845
51.25 2.69665716296
51.875 2.72875581234
52.5 2.76087037356
53.125 2.79300015409
53.75 2.82514449922
54.375 2.85730278957
55.0 2.88947443881
55.625 2.92165889155
56.25 2.95385562138
56.875 2.98606412906
57.5 3.01828394083
58.125 3.05051460687
58.75 3.08275569981
59.375 3.11500681345
60.0 3.14726756144
60.625 3.17953757614
61.25 3.21181650754
61.875 3.24410402225
62.5 3.27639980253
63.125 3.30870354542
63.75 3.34101496191
64.375 3.3733337762
65.0 3.40565972493
66.25 3.47033203057
67.5 3.53502999658
68.75 3.599751901
70.0 3.66449616594
71.25 3.7292613432
72.5 3.79404610158
73.75 3.8588492156
75.0 3.92366955552
76.25 3.98850607841
77.5 4.05335782018
78.75 4.1182238885
80.0 4.18310345639
81.25 4.24799575654
82.5 4.31290007616
83.75 4.37781575234
85.0 4.4427421679
86.25 4.50767874762
87.5 4.5726249548
90.0 4.70254427936
92.5 4.83249650868
95.0 4.96247845632
97.5 5.09248731749
100.0 5.22252061499
102.5 5.35257615399
105.0 5.48265198391
107.5 5.61274636624
110.0 5.74285774723
112.5 5.87298473456
115.0 6.00312607754
117.5 6.13328064991
120.0 6.26344743521
122.5 6.39362551401
125.0 6.52381405296
127.5 6.65401229514
130.0 6.78421955175
132.5 6.91443519482
135.0 7.04465865077
137.5 7.17488939484
140.0 7.30512694608
142.5 7.43537086301
145.0 7.56562073976
147.5 7.69587620257
150.0 7.82613690683
152.5 7.95640253428
155.0 8.0866727906
157.5 8.21694740327
160.0 8.34722611958
162.5 8.4775087049
165.0 8.60779494112
167.5 8.7380846252
170.0 8.86837756789
172.5 8.99867359261
175.0 9.12897253436
177.5 9.25927423876
180.0 9.38957856122
182.5 9.51988536613
185.0 9.65019452609
187.5 9.78050592132
190.0 9.91081943901
192.5 10.0411349728
195.0 10.1714524221
197.5 10.3017716919
200.0 10.4320926921
202.5 10.5624153372
205.0 10.6927395459
207.5 10.8230652405
210.0 10.9533923472
212.5 11.083720795
215.0 11.2140505159
217.5 11.3443814445
220.0 11.4747135177
222.5 11.6050466744
225.0 11.7353808553
227.5 11.8657160026
230.0 11.9960520599
232.5 12.1263889718
235.0 12.2567266836
237.5 12.3870651413
240.0 12.5174042914
242.5 12.6477440803
245.0 12.7780844542
247.5 12.9084253593
250.0 13.038766741
252.5 13.1691085438
255.0 13.2994507111
257.5 13.4297931851
260.0 13.5601359062
262.5 13.690478813
265.0 13.8208218417
267.5 13.9511649261
270.0 14.0815079972
272.5 14.2118509826
275.0 14.3421938065
277.5 14.4725363892
280.0 14.6028786466
282.5 14.7332204898
285.0 14.863561825
287.5 14.9939025524
290.0 15.1242425663
292.5 15.2545817543
295.0 15.3849199969
297.5 15.5152571667
300.0 15.6455931281
302.5 15.7759277363
305.0 15.906260837
307.5 16.0365922653
310.0 16.1669218455
312.5 16.2972493895
315.0 16.4275746968
317.5 16.5578975531
320.0 16.6882177295
322.5 16.8185349815
325.0 16.948849048
327.5 17.0791596503
330.0 17.2094664906
332.5 17.3397692515
335.0 17.4700675939
337.5 17.6003611562
340.0 17.7306495529
342.5 17.860932373
345.0 17.9912091783
347.5 18.1214795024
350.0 18.2517428483
352.5 18.3819986872
355.0 18.5122464563
357.5 18.6424855574
360.0 18.7727153542
362.5 18.9029351709
365.0 19.0331442896
367.5 19.1633419484
370.0 19.2935273387
372.5 19.4236996032
375.0 19.5538578329
377.5 19.684001065
380.0 19.8141282797
382.5 19.9442383979
385.0 20.074330278
387.5 20.2044027127
390.0 20.3344544266
392.5 20.4644840723
395.0 20.5944902275
397.5 20.7244713917
400.0 20.8544259821
402.5 20.9843523311
405.0 21.1142486815
407.5 21.2441131835
410.0 21.3739438907
412.5 21.5037387558
415.0 21.6334956272
417.5 21.7632122442
420.0 21.8928862335
422.5 22.0225151045
425.0 22.1520962449
427.5 22.2816269167
430.0 22.4111042515
432.5 22.5405252461
435.0 22.6698867577
437.5 22.7991854996
440.0 22.9284180365
442.5 23.0575807797
445.0 23.1866699826
447.5 23.3156817358
450.0 23.4446119627
452.5 23.5734564146
455.0 23.7022106663
457.5 23.8308701113
460.0 23.959429957
462.5 24.0878852209
465.0 24.2162307253
467.5 24.3444610937
470.0 24.4725707462
472.5 24.6005538951
475.0 24.7284045415
477.5 24.8561164709
480.0 24.9836832498
482.5 25.1110982222
485.0 25.2383545057
487.5 25.3654449893
490.0 25.4923623298
492.5 25.6190989492
495.0 25.7456470329
496.25 25.8088478663
497.5 25.8719985267
498.75 25.9350979698
500.0 25.9981451359
501.25 26.0611389504
502.5 26.1240783232
503.75 26.1869621491
505.0 26.2497893077
506.25 26.3125586631
507.5 26.3752690643
508.75 26.4379193449
510.0 26.5005083232
511.25 26.5630348023
512.5 26.6254975699
513.75 26.6878953985
515.0 26.7502270455
516.25 26.8124912529
517.5 26.8746867478
518.75 26.936812242
520.0 26.9988664324
521.25 27.0608480008
522.5 27.1227556144
523.75 27.1845879254
525.0 27.2463435711
526.25 27.3080211746
527.5 27.3696193443
528.75 27.431136674
530.0 27.4925717436
531.25 27.5539231186
532.5 27.6151893506
533.75 27.6763689775
535.0 27.7374605232
536.25 27.7984624984
537.5 27.8593734002
538.75 27.9201917128
540.0 27.9809159072
541.25 28.0415444418
542.5 28.1020757625
543.75 28.1625083029
545.0 28.2228404843
546.25 28.2830707164
547.5 28.3431973973
548.75 28.4032189137
550.0 28.4631336414
551.25 28.5229399454
552.5 28.5826361801
553.75 28.64222069
555.0 28.7016918095
556.25 28.7610478639
557.5 28.8202871688
558.75 28.8794080313
560.0 28.9384087501
561.25 28.9972876156
562.5 29.0560429106
563.75 29.1146729104
565.0 29.1731758835
566.25 29.2315500919
567.5 29.2897937913
568.75 29.3479052321
570.0 29.4058826589
571.25 29.4637243119
572.5 29.5214284269
573.75 29.5789932357
575.0 29.6364169668
576.25 29.6936978459
577.5 29.750834096
578.75 29.8078239384
580.0 29.8646655931
581.25 29.9213572791
582.5 29.977897215
583.75 30.0342836199
585.0 30.0905147135
586.25 30.1465887167
587.5 30.2025038527
588.75 30.2582583469
590.0 30.3138504279
591.25 30.3692783279
592.5 30.4245402835
593.75 30.479634536
595.0 30.5345593326
596.25 30.5893129264
597.5 30.6438935771
598.75 30.6982995523
600.0 30.7525291273
601.25 30.8065805863
602.5 30.860452223
603.75 30.9141423409
605.0 30.9676492545
606.25 31.0209712896
607.5 31.0741067841
608.75 31.1270540889
610.0 31.1798115682
611.25 31.2323776004
612.5 31.284750579
613.75 31.3369289129
615.0 31.3889110275
616.25 31.4406953651
617.5 31.4922803858
618.75 31.5436645683
619.375 31.5692808749
620.0 31.5948464103
620.625 31.6203609896
621.25 31.6458244296
621.875 31.6712365482
622.5 31.6965971647
623.125 31.7219060997
623.75 31.7471631752
624.375 31.7723682147
625.0 31.7975210431
625.625 31.8226214866
626.25 31.8476693731
626.875 31.8726645318
627.5 31.8976067935
628.125 31.9224959905
628.75 31.9473319568
629.375 31.9721145279
630.0 31.9968435408
630.625 32.0215188342
631.25 32.0461402486
631.875 32.070707626
632.5 32.0952208102
633.125 32.1196796466
633.75 32.1440839825
634.375 32.1684336668
635.0 32.1927285504
635.625 32.2169684859
636.25 32.2411533276
636.875 32.2652829319
637.5 32.2893571568
638.125 32.3133758626
638.75 32.3373389111
639.375 32.3612461663
640.0 32.385097494
640.625 32.4088927623
641.25 32.4326318408
641.875 32.4563146017
642.5 32.4799409188
643.125 32.5035106682
643.75 32.527023728
644.375 32.5504799786
645.0 32.5738793022
645.625 32.5972215835
646.25 32.6205067092
646.875 32.6437345682
647.5 32.6669050518
648.125 32.6900180532
648.75 32.7130734682
649.375 32.7360711947
650.0 32.759011133
650.625 32.7818931857
651.25 32.8047172576
651.875 32.8274832561
652.5 32.8501910907
653.125 32.8728406737
653.75 32.8954319194
654.375 32.9179647448
655.0 32.9404390693
655.625 32.9628548148
656.25 32.9852119056
656.875 33.0075102686
657.5 33.0297498332
658.125 33.0519305315
658.75 33.0740522978
659.375 33.0961150695
660.0 33.1181187862
660.625 33.1400633903
661.25 33.1619488267
661.875 33.1837750432
662.5 33.2055419901
663.125 33.2272496204
663.75 33.24889789
664.375 33.2704867571
665.0 33.2920161831
665.625 33.3134861319
666.25 33.3348965703
666.875 33.3562474678
667.5 33.3775387968
668.125 33.3987705323
668.75 33.4199426524
669.375 33.441055138
670.0 33.4621079727
670.625 33.4831011431
671.25 33.5040346387
671.875 33.5249084518
672.5 33.5457225779
673.125 33.566477015
673.75 33.5871717644
674.375 33.6078068302
675.0 33.6283822195
675.625 33.6488979425
676.25 33.6693540121
676.875 33.6897504444
677.5 33.7100872587
678.125 33.7303644769
678.75 33.7505821244
679.375 33.7707402292
680.0 33.7908388227
680.625 33.8108779393
681.25 33.8308576164
681.875 33.8507778944
682.5 33.8706388171
683.125 33.8904404311
683.75 33.9101827863
684.375 33.9298659358
685.0 33.9494899355
685.625 33.9690548447
686.25 33.9885607259
686.875 34.0080076445
687.5 34.0273956694
688.125 34.0467248723
688.75 34.0659953283
689.375 34.0852071157
690.0 34.1043603159
690.625 34.1234550136
691.25 34.1424912964
691.875 34.1614692555
692.5 34.180388985
693.125 34.1992505824
693.75 34.2180541483
694.375 34.2367997867
695.0 34.2554876045
695.625 34.274117712
696.25 34.2926902229
696.875 34.3112052538
697.5 34.3296629247
698.125 34.3480633589
698.75 34.3664066828
699.375 34.3846930261
700.0 34.4029225216
700.625 34.4210953056
701.25 34.4392115174
701.875 34.4572712995
702.5 34.4752747979
703.125 34.4932221616
703.75 34.5111135429
704.375 34.5289490974
705.0 34.5467289837
705.625 34.5644533638
706.25 34.5821224029
706.875 34.5997362694
707.5 34.6172951349
708.125 34.6347991743
708.75 34.6522485655
709.375 34.6696434897
710.0 34.6869841314
710.625 34.7042706781
711.25 34.7215033206
711.875 34.7386822529
712.5 34.7558076721
713.125 34.7728797784
713.75 34.7898987753
714.375 34.8068648694
715.0 34.8237782703
715.625 34.840639191
716.25 34.8574478473
716.875 34.8742044584
717.5 34.8909092465
718.125 34.9075624368
718.75 34.9241642576
719.375 34.9407149405
720.0 34.95721472
720.625 34.9736638334
721.25 34.9900625216
721.875 35.006411028
722.5 35.0227095993
723.125 35.0389584852
723.75 35.0551579382
724.375 35.071308214
725.0 35.0874095712
725.625 35.1034622712
726.25 35.1194665785
726.875 35.1354227605
727.5 35.1513310875
728.125 35.1671918326
728.75 35.1830052719
729.375 35.1987716843
730.0 35.2144913515
730.625 35.2301645582
731.25 35.2457915916
731.875 35.2613727421
732.5 35.2769083025
733.125 35.2923985685
733.75 35.3078438386
734.375 35.323244414
735.0 35.3386005985
735.625 35.3539126987
736.25 35.3691810237
736.875 35.3844058855
737.5 35.3995875985
738.125 35.4147264798
738.75 35.4298228489
739.375 35.4448770282
740.0 35.4598893424
740.625 35.4748601187
741.25 35.4897896869
741.875 35.5046783791
742.5 35.5195265301
743.125 35.5343344769
743.75 35.549102559
744.375 35.5638311183
745.0 35.5785204989
745.625 35.5931710475
746.25 35.6077831127
746.875 35.6223570458
747.5 35.6368932001
748.125 35.6513919311
748.75 35.6658535967
749.375 35.6802785567
750.0 35.6946671733
750.625 35.7090198106
751.25 35.7233368349
751.875 35.7376186146
752.5 35.7518655201
753.75 35.7802561996
755.0 35.808511876
756.25 35.8366355823
757.5 35.8646303811
758.75 35.8924993637
760.0 35.9202456489
761.25 35.947872382
762.5 35.9753827339
763.75 36.0027798996
765.0 36.0300670974
766.25 36.0572475676
767.5 36.0843248676
768.75 36.1113018739
770.0 36.1381821257
771.25 36.1649689487
772.5 36.1916656879
773.75 36.2182757069
775.0 36.2448023863
776.25 36.2712491225
777.5 36.2976193268
778.75 36.3239164241
780.0 36.3501438517
781.25 36.3763050581
782.5 36.4024035021
783.75 36.4284426511
785.0 36.4544259806
786.25 36.4803569726
787.5 36.5062391149
788.75 36.5320758991
790.0 36.5578708206
791.25 36.5836273766
792.5 36.6093490654
795.0 36.6607018318
797.5 36.7119570822
800.0 36.7631427225
802.5 36.8142865667
805.0 36.8654163021
807.5 36.9165594545
810.0 36.9677433541