0.0 0.0
120.0 5.37599553141
121.25 5.43280685009
122.5 5.48958885417
123.75 5.54634228111
125.0 5.60306786181
126.25 5.65976631975
127.5 5.71643837025
128.75 5.77308471978
130.0 5.82970606531
131.25 5.88630309384
132.5 5.94287648183
133.75 5.99942689488
135.0 6.05595498732
136.25 6.11246140191
137.5 6.16894676959
138.75 6.22541170929
140.0 6.28185682771
141.25 6.33828271923
142.5 6.39468996579
143.75 6.45107913686
145.0 6.50745078933
146.25 6.56380546759
147.5 6.6201437035
148.75 6.67646601642
150.0 6.73277291329
151.25 6.78906488872
152.5 6.84534242505
153.75 6.90160599249
155.0 6.95785604924
156.25 7.01409304161
157.5 7.0703174042
158.75 7.12652956002
160.0 7.18272992069
162.5 7.29509684706
165.0 7.40742125498
167.5 7.51970604543
170.0 7.63195395504
172.5 7.74416756259
175.0 7.85634929558
177.5 7.96850143688
180.0 8.08062613129
182.5 8.19272539214
185.0 8.30480110768
187.5 8.4168550474
190.0 8.52888886822
192.5 8.64090412038
195.0 8.75290225331
197.5 8.86488462113
200.0 8.9768524881
202.5 9.08880703372
205.0 9.20074935767
210.0 9.4246013684
215.0 9.64841589559
220.0 9.87219931738
225.0 10.0959571354
230.0 10.3196940832
235.0 10.5434142227
240.0 10.7671210303
245.0 10.9908174728
250.0 11.2145060746
260.0 11.6618679901
270.0 12.109220197
280.0 12.556572135
290.0 13.0039303063
300.0 13.4512990633
310.0 13.8986811981
320.0 14.3460783817
330.0 14.7934914878
340.0 15.2409208321
350.0 15.6883663454
360.0 16.1358277006
370.0 16.5833044031
380.0 17.0307958558
390.0 17.4783014045
400.0 17.9258203703
410.0 18.3733520712
420.0 18.8208958367
430.0 19.2684510173
440.0 19.7160169902
450.0 20.1635931629
460.0 20.6111789743
470.0 21.0587738953
480.0 21.5063774281
490.0 21.9539891053
500.0 22.4016084883
510.0 22.8492351662
520.0 23.296868754
530.0 23.744508891
540.0 24.1921552392
550.0 24.6398074821
560.0 25.087465323
570.0 25.5351284835
580.0 25.9827967028
590.0 26.4304697361
600.0 26.8781473534
610.0 27.3258293392
620.0 27.7735154906
630.0 28.2212056173
640.0 28.6688995401
650.0 29.1165970908
660.0 29.5642981111
670.0 30.012002452
680.0 30.4597099735
690.0 30.9074205436
700.0 31.3551340384
710.0 31.802850341
720.0 32.2505693415
730.0 32.6982909366
740.0 33.1460150288
750.0 33.5937415266
760.0 34.041470344
770.0 34.4892013998
780.0 34.9369346181
790.0 35.3846699273
800.0 35.8324072602
810.0 36.2801465539
820.0 36.7278877493
830.0 37.1756307911
840.0 37.6233756276
850.0 38.0711222103
860.0 38.5188704942
870.0 38.9666204372
880.0 39.4143720002
890.0 39.862125147
900.0 40.3098798439
910.0 40.7576360599
920.0 41.2053937667
930.0 41.6531529382
940.0 42.1009135504
950.0 42.548675582
960.0 42.9964390134
970.0 43.4442038274
980.0 43.8919700086
990.0 44.3397375437
1000.0 44.7875064213
1010.0 45.2352766317
1020.0 45.6830481672
1030.0 46.1308210216
1040.0 46.5785951909
1050.0 47.0263706722
1060.0 47.4741474647
1070.0 47.9219255692
1080.0 48.3697049878
1090.0 48.8174857247
1100.0 49.2652677852
1110.0 49.7130511765
1120.0 50.1608359073
1130.0 50.6086219877
1140.0 51.0564094295
1150.0 51.5041982461
1160.0 51.9519884523
1170.0 52.3997800646
1180.0 52.847573101
1190.0 53.2953675812
1200.0 53.7431635262
1210.0 54.1909609588
1220.0 54.6387599036
1230.0 55.0865603865
1240.0 55.5343624353
1250.0 55.9821660795
1260.0 56.42997135
1270.0 56.8777782799
1280.0 57.3255869037
1290.0 57.773397258
1300.0 58.221209381
1310.0 58.669023313
1320.0 59.1168390961
1330.0 59.5646567743
1340.0 60.0124763939
1350.0 60.4602980029
1360.0 60.9081216516
1370.0 61.3559473925
1380.0 61.8037752802
1390.0 62.2516053717
1400.0 62.6994377261
1410.0 63.1472724052
1420.0 63.595109473
1430.0 64.0429489961
1440.0 64.4907910438
1450.0 64.9386356878
1460.0 65.3864830028
1470.0 65.8343330661
1480.0 66.2821859579
1490.0 66.7300417615
1500.0 67.1779005631
1510.0 67.6257624521
1520.0 68.073627521
1530.0 68.5214958657
1540.0 68.9693675854
1550.0 69.4172427828
1560.0 69.8651215642
1570.0 70.3130040396
1580.0 70.7608903227
1590.0 71.2087805311
1600.0 71.6566747863
1610.0 72.104573214
1620.0 72.5524759441
1630.0 73.0003831106
1640.0 73.4482948521
1650.0 73.8962113117
1660.0 74.3441326372
1670.0 74.792058981
1680.0 75.2399905005
1690.0 75.6879273582
1700.0 76.1358697216
1710.0 76.5838177635
1720.0 77.0317716622
1730.0 77.4797316015
1740.0 77.9276977708
1750.0 78.3756703653
1760.0 78.8236495864
1770.0 79.2716356413
1780.0 79.7196287435
1790.0 80.1676291131
1800.0 80.6156369765
1810.0 81.0636525668
1820.0 81.5116761241
1830.0 81.9597078952
1840.0 82.4077481344
1850.0 82.8557971031
1860.0 83.30385507
1870.0 83.7519223117
1880.0 84.1999991124
1890.0 84.6480857643
1900.0 85.0961825677
1910.0 85.5442898311
1920.0 85.9924078715
1930.0 86.4405370143
1940.0 86.8886775939
1950.0 87.3368299535
1960.0 87.7849944453
1970.0 88.233171431
1980.0 88.6813612815
1990.0 89.1295643772
2000.0 89.5777811086
2010.0 90.0260118758
2020.0 90.4742570891
2030.0 90.9225171691
2040.0 91.3707925467
2050.0 91.8190836635
2060.0 92.2673909717
2070.0 92.7157149345
2080.0 93.1640560262
2090.0 93.6124147323
2100.0 94.0607915495
2110.0 94.5091869862
2120.0 94.9576015626
2130.0 95.4060358106
2140.0 95.8544902739
2150.0 96.3029655087
2160.0 96.7514620833
2170.0 97.1999805783
2180.0 97.648521587
2190.0 98.0970857153
2200.0 98.5456735819
2210.0 98.9942858187
2220.0 99.4429230701
2230.0 99.8915859942
2240.0 100.340275262
2250.0 100.788991558
2260.0 101.237735581
2270.0 101.686508041
2280.0 102.135309665
2290.0 102.584141191
2300.0 103.033003372
2310.0 103.481896975
2320.0 103.93082278
2330.0 104.379781582
2340.0 104.82877419
2350.0 105.277801426
2360.0 105.726864128
2370.0 106.175963147
2380.0 106.625099347
2390.0 107.074273609
2400.0 107.523486825
2410.0 107.972739904
2420.0 108.422033767
2430.0 108.871369351
2440.0 109.320747606
2450.0 109.770169495
2460.0 110.219635996
2470.0 110.669148102
2480.0 111.118706818
2490.0 111.568313164
2500.0 112.017968172
2510.0 112.46767289
2520.0 112.917428376
2530.0 113.367235704
2540.0 113.817095961
2550.0 114.267010244
2560.0 114.716979666
2570.0 115.167005351
2580.0 115.617088435
2590.0 116.067230067
2600.0 116.517431408
2610.0 116.967693629
2620.0 117.418017915
2630.0 117.868405459
2640.0 118.318857467
2650.0 118.769375155
2660.0 119.219959749
2670.0 119.670612484
2680.0 120.121334607
2690.0 120.572127372
2700.0 121.022992042
2710.0 121.473929889
2720.0 121.924942193
2730.0 122.376030241
2740.0 122.827195328
2750.0 123.278438755
2760.0 123.729761829
2770.0 124.181165864
2780.0 124.632652178
2790.0 125.084222096
2800.0 125.535876943
2810.0 125.987618053
2820.0 126.439446759
2830.0 126.891364399
2840.0 127.343372313
2850.0 127.795471841
2860.0 128.247664325
2870.0 128.699951107
2880.0 129.15233353
2890.0 129.604812933
2900.0 130.057390657
2910.0 130.510068038
2920.0 130.962846411
2930.0 131.415727106
2940.0 131.86871145
2950.0 132.321800763
2960.0 132.774996361
2970.0 133.228299553
2980.0 133.681711642
2990.0 134.135233921
3000.0 134.588867676
3010.0 135.042614182
3020.0 135.496474707
3030.0 135.950450504
3040.0 136.404542818
3050.0 136.858752879
3060.0 137.313081904
3070.0 137.767531097
3080.0 138.222101646
3090.0 138.676794725
3100.0 139.13161149
3110.0 139.586553081
3120.0 140.041620618
3130.0 140.496815203
3140.0 140.95213792
3150.0 141.407589831
3160.0 141.863171976
3170.0 142.318885373
3180.0 142.77473102
3190.0 143.230709887
3200.0 143.686822922
3210.0 144.143071048
3220.0 144.59945516
3230.0 145.055976129
3240.0 145.512634794
3250.0 145.969431971
3260.0 146.426368442
3270.0 146.883444961
3280.0 147.340662253
3290.0 147.798021008
3300.0 148.255521888
3310.0 148.713165518
3320.0 149.170952492
3330.0 149.628883369
3340.0 150.086958675
3350.0 150.545178896
3360.0 151.003544487
3370.0 151.462055863
3380.0 151.920713402
3390.0 152.379517444
3400.0 152.838468292
3410.0 153.297566208
3420.0 153.756811414
3430.0 154.216204094
3440.0 154.67574439
3450.0 155.135432403
3460.0 155.595268192
3470.0 156.055251774
3480.0 156.515383125
3490.0 156.975662177
3500.0 157.436088818
3510.0 157.896662895
3520.0 158.357384208
3530.0 158.818252517
3540.0 159.279267533
3550.0 159.740428927
3560.0 160.201736322
3570.0 160.663189297
3580.0 161.124787388
3590.0 161.586530082
3600.0 162.048416824
3610.0 162.510447013
3620.0 162.972620001
3630.0 163.434935097
3640.0 163.897391564
3650.0 164.359988619
3660.0 164.822725435
3670.0 165.285601139
3680.0 165.748614813
3690.0 166.211765497
3700.0 166.675052184
3710.0 167.138473822
3720.0 167.602029319
3730.0 168.065717535
3740.0 168.529537291
3750.0 168.993487361
3760.0 169.45756648
3770.0 169.921773339
3780.0 170.386106588
3790.0 170.850564837
3800.0 171.315146654
3810.0 171.779850567
3820.0 172.244675066
3830.0 172.709618601
3840.0 173.174679585
3850.0 173.639856393
3860.0 174.105147363
3870.0 174.570550797
3880.0 175.036064963
3890.0 175.501688094
3900.0 175.967418389