0.0 0.0
120.0 5.38555193279
121.25 5.44246279732
122.5 5.49934434725
123.75 5.55619732004
125.0 5.61302244658
126.25 5.66982045037
127.5 5.72659204672
128.75 5.78333794209
130.0 5.84005883348
131.25 5.89675540785
132.5 5.95342834169
133.75 6.01007830059
135.0 6.06670593888
136.25 6.12331189931
137.5 6.17989681285
138.75 6.23646129839
140.0 6.29300596266
141.25 6.34953140003
142.5 6.40603819244
143.75 6.46252690935
145.0 6.51899810767
146.25 6.57545233178
147.5 6.63189011353
148.75 6.6883119723
150.0 6.74471841502
151.25 6.8011099363
152.5 6.85748701847
153.75 6.91385013177
155.0 6.97019973436
156.25 7.02653627258
157.5 7.08286018102
158.75 7.13917188268
160.0 7.1954717892
162.5 7.30803780727
165.0 7.42056130689
167.5 7.53304518903
170.0 7.64549219033
172.5 7.75790488958
175.0 7.87028571427
177.5 7.98263694726
180.0 8.09496073336
182.5 8.20725908591
185.0 8.31953389314
187.5 8.43178692457
190.0 8.54401983708
192.5 8.65623418094
195.0 8.76843140555
197.5 8.88061286508
200.0 8.99277982374
202.5 9.10493346105
205.0 9.2170748767
210.0 9.44132507082
215.0 9.66553778141
220.0 9.88971938659
225.0 10.113875388
230.0 10.3380105192
235.0 10.5621288421
240.0 10.7862338331
245.0 11.0103284589
250.0 11.2344152442
260.0 11.6825735264
270.0 12.1307221001
280.0 12.5788704049
290.0 13.027024943
300.0 13.4751900668
310.0 13.9233685684
320.0 14.3715621187
330.0 14.8197715916
340.0 15.2679973027
350.0 15.7162391828
360.0 16.1644969048
370.0 16.6127699741
380.0 17.0610577935
390.0 17.509359709
400.0 17.9576750416
410.0 18.4060031093
420.0 18.8543432415
430.0 19.3026947889
440.0 19.7510571286
450.0 20.1994296681
460.0 20.6478118463
470.0 21.0962031341
480.0 21.5446030337
490.0 21.9930110776
500.0 22.4414268274
510.0 22.8898498721
520.0 23.3382798266
530.0 23.7867163304
540.0 24.2351590454
550.0 24.6836076552
560.0 25.1320618628
570.0 25.5805213901
580.0 26.0289859762
590.0 26.4774553762
600.0 26.9259293604
610.0 27.3744077129
620.0 27.8228902311
630.0 28.2713767245
640.0 28.7198670141
650.0 29.1683609316
660.0 29.6168583187
670.0 30.0653590264
680.0 30.5138629147
690.0 30.9623698516
700.0 31.4108797131
710.0 31.8593923825
720.0 32.3079077498
730.0 32.7564257117
740.0 33.2049461707
750.0 33.6534690353
760.0 34.1019942194
770.0 34.550521642
780.0 34.9990512271
790.0 35.447582903
800.0 35.8961166028
810.0 36.3446522632
820.0 36.7931898254
830.0 37.241729234
840.0 37.6902704373
850.0 38.1388133868
860.0 38.5873580375
870.0 39.0359043473
880.0 39.484452277
890.0 39.9330017906
900.0 40.3815528542
910.0 40.8301054371
920.0 41.2786595107
930.0 41.7272150489
940.0 42.1757720279
950.0 42.6243304263
960.0 43.0728902245
970.0 43.5214514052
980.0 43.9700139532
990.0 44.4185778551
1000.0 44.8671430995
1010.0 45.3157096767
1020.0 45.7642775789
1030.0 46.2128468002
1040.0 46.6614173362
1050.0 47.1099891843
1060.0 47.5585623436
1070.0 48.0071368148
1080.0 48.4557126003
1090.0 48.9042897039
1100.0 49.3528681312
1110.0 49.8014478893
1120.0 50.2500289868
1130.0 50.698611434
1140.0 51.1471952426
1150.0 51.595780426
1160.0 52.044366999
1170.0 52.4929549781
1180.0 52.9415443813
1190.0 53.3901352282
1200.0 53.83872754
1210.0 54.2873213395
1220.0 54.735916651
1230.0 55.1845135007
1240.0 55.6331119163
1250.0 56.0817119272
1260.0 56.5303135645
1270.0 56.9789168612
1280.0 57.4275218518
1290.0 57.8761285728
1300.0 58.3247370627
1310.0 58.7733473614
1320.0 59.2219595113
1330.0 59.6705735563
1340.0 60.1191895427
1350.0 60.5678075184
1360.0 61.0164275339
1370.0 61.4650496416
1380.0 61.9136738961
1390.0 62.3623003544
1400.0 62.8109290756
1410.0 63.2595601215
1420.0 63.708193556
1430.0 64.156829446
1440.0 64.6054678604
1450.0 65.0541088712
1460.0 65.502752553
1470.0 65.951398983
1480.0 66.4000482417
1490.0 66.848700412
1500.0 67.2973555804
1510.0 67.7460138362
1520.0 68.1946752719
1530.0 68.6433399833
1540.0 69.0920080698
1550.0 69.540679634
1560.0 69.9893547822
1570.0 70.4380336244
1580.0 70.8867162743
1590.0 71.3354028495
1600.0 71.7840934715
1610.0 72.2327882659
1620.0 72.6814873628
1630.0 73.1301908961
1640.0 73.5788990044
1650.0 74.0276118308
1660.0 74.476329523
1670.0 74.9250522336
1680.0 75.3737801199
1690.0 75.8225133444
1700.0 76.2712520745
1710.0 76.7199964832
1720.0 77.1687467487
1730.0 77.6175030548
1740.0 78.0662655908
1750.0 78.5150345522
1760.0 78.96381014
1770.0 79.4125925617
1780.0 79.8613820307
1790.0 80.3101787671
1800.0 80.7589829973
1810.0 81.2077949544
1820.0 81.6566148784
1830.0 82.1054430163
1840.0 82.5542796223
1850.0 83.0031249577
1860.0 83.4519792915
1870.0 83.9008428999
1880.0 84.3497160674
1890.0 84.7985990861
1900.0 85.2474922563
1910.0 85.6963958865
1920.0 86.1453102936
1930.0 86.5942358032
1940.0 87.0431727496
1950.0 87.492121476
1960.0 87.9410823346
1970.0 88.3900556871
1980.0 88.8390419043
1990.0 89.2880413669
2000.0 89.737054465
2010.0 90.186081599
2020.0 90.6351231791
2030.0 91.0841796259
2040.0 91.5332513703
2050.0 91.9823388538
2060.0 92.4314425288
2070.0 92.8805628584
2080.0 93.3297003169
2090.0 93.7788553897
2100.0 94.2280285737
2110.0 94.6772203772
2120.0 95.1264313204
2130.0 95.5756619351
2140.0 96.0249127653
2150.0 96.4741843669
2160.0 96.9234773082
2170.0 97.37279217
2180.0 97.8221295454
2190.0 98.2714900405
2200.0 98.720874274
2210.0 99.1702828775
2220.0 99.6197164957
2230.0 100.069175787
2240.0 100.518661421
2250.0 100.968174084
2260.0 101.417714474
2270.0 101.867283301
2280.0 102.316881292
2290.0 102.766509184
2300.0 103.216167732
2310.0 103.665857701
2320.0 104.115579873
2330.0 104.565335042
2340.0 105.015124017
2350.0 105.46494762
2360.0 105.914806689
2370.0 106.364702074
2380.0 106.814634641
2390.0 107.264605269
2400.0 107.714614853
2410.0 108.164664298
2420.0 108.614754529
2430.0 109.064886479
2440.0 109.5150611
2450.0 109.965279356
2460.0 110.415542224
2470.0 110.865850697
2480.0 111.31620578
2490.0 111.766608493
2500.0 112.217059868
2510.0 112.667560952
2520.0 113.118112805
2530.0 113.5687165
2540.0 114.019373123
2550.0 114.470083773
2560.0 114.920849562
2570.0 115.371671614
2580.0 115.822551065
2590.0 116.273489064
2600.0 116.724486771
2610.0 117.175545359
2620.0 117.626666012
2630.0 118.077849922
2640.0 118.529098297
2650.0 118.980412352
2660.0 119.431793313
2670.0 119.883242415
2680.0 120.334760905
2690.0 120.786350037
2700.0 121.238011073
2710.0 121.689745287
2720.0 122.141553958
2730.0 122.593438373
2740.0 123.045399826
2750.0 123.49743962
2760.0 123.949559061
2770.0 124.401759463
2780.0 124.854042144
2790.0 125.306408428
2800.0 125.758859642
2810.0 126.211397119
2820.0 126.664022192
2830.0 127.116736199
2840.0 127.569540479
2850.0 128.022436374
2860.0 128.475425224
2870.0 128.928508374
2880.0 129.381687163
2890.0 129.834962933
2900.0 130.288337024
2910.0 130.741810772
2920.0 131.195385512
2930.0 131.649062573
2940.0 132.102843284
2950.0 132.556728963
2960.0 133.010720928
2970.0 133.464820487
2980.0 133.919028943
2990.0 134.373347588
3000.0 134.82777771
3010.0 135.282320584
3020.0 135.736977475
3030.0 136.191749639
3040.0 136.64663832
3050.0 137.101644747
3060.0 137.556770139
3070.0 138.012015699
3080.0 138.467382615
3090.0 138.922872061
3100.0 139.378485193
3110.0 139.83422315
3120.0 140.290087054
3130.0 140.746078006
3140.0 141.20219709
3150.0 141.658445367
3160.0 142.114823879
3170.0 142.571333643
3180.0 143.027975656
3190.0 143.48475089
3200.0 143.941660292
3210.0 144.398704785
3220.0 144.855885264
3230.0 145.313202599
3240.0 145.770657632
3250.0 146.228251175
3260.0 146.685984013
3270.0 147.143856899
3280.0 147.601870557
3290.0 148.06002568
3300.0 148.518322926
3310.0 148.976762922
3320.0 149.435346263
3330.0 149.894073508
3340.0 150.35294518
3350.0 150.811961768
3360.0 151.271123726
3370.0 151.730431469
3380.0 152.189885374
3390.0 152.649485783
3400.0 153.109232998
3410.0 153.56912728
3420.0 154.029168854
3430.0 154.489357901
3440.0 154.949694563
3450.0 155.410178943
3460.0 155.870811098
3470.0 156.331591048
3480.0 156.792518765
3490.0 157.253594184
3500.0 157.714817192
3510.0 158.176187635
3520.0 158.637705315
3530.0 159.099369991
3540.0 159.561181374
3550.0 160.023139134
3560.0 160.485242896
3570.0 160.947492238
3580.0 161.409886695
3590.0 161.872425757
3600.0 162.335108865
3610.0 162.797935421
3620.0 163.260904776
3630.0 163.724016239
3640.0 164.187269073
3650.0 164.650662494
3660.0 165.114195677
3670.0 165.577867748
3680.0 166.041677789
3690.0 166.50562484
3700.0 166.969707893
3710.0 167.433925898
3720.0 167.898277762
3730.0 168.362762345
3740.0 168.827378467
3750.0 169.292124904
3760.0 169.75700039
3770.0 170.222003616
3780.0 170.687133232
3790.0 171.152387847
3800.0 171.617766031
3810.0 172.083266311
3820.0 172.548887177
3830.0 173.014627079
3840.0 173.480484429
3850.0 173.946457604
3860.0 174.41254494
3870.0 174.878744742
3880.0 175.345055275
3890.0 175.811474772
3900.0 176.278001434