0.0 0.0
120.0 5.37625297086
121.25 5.43306697119
122.5 5.48985165694
123.75 5.54660776554
125.0 5.6033360279
126.25 5.6600371675
127.5 5.71671189966
128.75 5.77336093085
130.0 5.82998495805
131.25 5.88658466823
132.5 5.94316073788
133.75 5.9997138326
135.0 6.0562446067
136.25 6.11275370295
137.5 6.16924175229
138.75 6.22570937365
140.0 6.28215717373
141.25 6.33858574691
142.5 6.39499567514
143.75 6.45138752786
145.0 6.50776186199
146.25 6.56411922192
147.5 6.62046013948
148.75 6.67678513406
150.0 6.7330947126
151.25 6.78938936969
152.5 6.84566958768
153.75 6.90193583678
155.0 6.95818857519
156.25 7.01442824923
157.5 7.07065529347
158.75 7.12687013095
160.0 7.18307317328
162.5 7.29544546298
165.0 7.40777523422
167.5 7.52006538799
170.0 7.63231866092
172.5 7.74453763179
175.0 7.85672472811
177.5 7.96888223272
180.0 8.08101229046
182.5 8.19311691463
185.0 8.30519799349
187.5 8.41725729654
190.0 8.52929648068
192.5 8.64131709616
195.0 8.75332059241
197.5 8.86530832355
200.0 8.97728155385
202.5 9.08924146278
205.0 9.20118915006
210.0 9.42505188743
215.0 9.64887714127
220.0 9.8726712897
225.0 10.0964398344
230.0 10.3201875088
235.0 10.543918375
240.0 10.7676359092
245.0 10.9913430783
250.0 11.2150424068
260.0 11.6624257755
270.0 12.1097994358
280.0 12.5571728271
290.0 13.0045524517
300.0 13.4519426619
310.0 13.89934625
320.0 14.3467648868
330.0 14.7941994463
340.0 15.2416502438
350.0 15.6891172105
360.0 16.136600019
370.0 16.5840981748
380.0 17.0316110807
390.0 17.4791380827
400.0 17.9266785018
410.0 18.374231656
420.0 18.8217968748
430.0 19.2693735086
440.0 19.7169609348
450.0 20.1645585608
460.0 20.6121658255
470.0 21.0597821998
480.0 21.5074071859
490.0 21.9550403163
500.0 22.4026811526
510.0 22.8503292838
520.0 23.2979843249
530.0 23.7456459152
540.0 24.1933137167
550.0 24.6409874129
560.0 25.0886667071
570.0 25.5363513209
580.0 25.9840409935
590.0 26.43173548
600.0 26.8794345507
610.0 27.3271379897
620.0 27.7748455944
630.0 28.2225571743
640.0 28.6702725505
650.0 29.1179915545
660.0 29.565714028
670.0 30.0134398223
680.0 30.461168797
690.0 30.9089008205
700.0 31.3566357685
710.0 31.8043735244
720.0 32.2521139782
730.0 32.6998570265
740.0 33.1476025721
750.0 33.5953505232
760.0 34.0431007938
770.0 34.4908533029
780.0 34.9386079745
790.0 35.3863647369
800.0 35.8341235232
810.0 36.2818842702
820.0 36.7296469189
830.0 37.177411414
840.0 37.6251777037
850.0 38.0729457398
860.0 38.5207154769
870.0 38.9684868732
880.0 39.4162598895
890.0 39.8640344895
900.0 40.3118106397
910.0 40.7595883091
920.0 41.2073674692
930.0 41.6551480939
940.0 42.1029301594
950.0 42.5507136443
960.0 42.998498529
970.0 43.4462847962
980.0 43.8940724308
990.0 44.3418614192
1000.0 44.78965175
1010.0 45.2374434137
1020.0 45.6852364025
1030.0 46.1330307102
1040.0 46.5808263327
1050.0 47.0286232673
1060.0 47.4764215132
1070.0 47.9242210709
1080.0 48.3720219428
1090.0 48.819824133
1100.0 49.2676276468
1110.0 49.7154324914
1120.0 50.1632386754
1130.0 50.6110462091
1140.0 51.0588551042
1150.0 51.5066653741
1160.0 51.9544770336
1170.0 52.4022900992
1180.0 52.8501045889
1190.0 53.2979205223
1200.0 53.7457379206
1210.0 54.1935568066
1220.0 54.6413772046
1230.0 55.0891991409
1240.0 55.537022643
1250.0 55.9848477404
1260.0 56.4326744642
1270.0 56.8805028473
1280.0 57.3283329245
1290.0 57.776164732
1300.0 58.2239983083
1310.0 58.6718336936
1320.0 59.11967093
1330.0 59.5675100615
1340.0 60.0153511344
1350.0 60.4631941966
1360.0 60.9110392987
1370.0 61.3588864928
1380.0 61.8067358338
1390.0 62.2545873786
1400.0 62.7024411863
1410.0 63.1502973187
1420.0 63.5981558398
1430.0 64.0460168162
1440.0 64.4938803171
1450.0 64.9417464145
1460.0 65.3896151827
1470.0 65.8374866993
1480.0 66.2853610444
1490.0 66.7332383013
1500.0 67.1811185562
1510.0 67.6290018985
1520.0 68.0768884207
1530.0 68.5247782186
1540.0 68.9726713916
1550.0 69.4205680423
1560.0 69.868468277
1570.0 70.3163722057
1580.0 70.7642799421
1590.0 71.2121916038
1600.0 71.6601073123
1610.0 72.1080271933
1620.0 72.5559513766
1630.0 73.0038799964
1640.0 73.4518131912
1650.0 73.8997511041
1660.0 74.3476938829
1670.0 74.7956416799
1680.0 75.2435946528
1690.0 75.6915529637
1700.0 76.1395167804
1710.0 76.5874862756
1720.0 77.0354616276
1730.0 77.4834430202
1740.0 77.9314306427
1750.0 78.3794246906
1760.0 78.8274253649
1770.0 79.2754328731
1780.0 79.7234474287
1790.0 80.1714692515
1800.0 80.6194985682
1810.0 81.0675356118
1820.0 81.5155806223
1830.0 81.9636338468
1840.0 82.4116955393
1850.0 82.8597659612
1860.0 83.3078453814
1870.0 83.7559340764
1880.0 84.2040323304
1890.0 84.6521404356
1900.0 85.1002586923
1910.0 85.548387409
1920.0 85.9965269026
1930.0 86.4446774987
1940.0 86.8928395316
1950.0 87.3410133445
1960.0 87.7891992896
1970.0 88.2373977286
1980.0 88.6856090323
1990.0 89.1338335814
2000.0 89.5820717661
2010.0 90.0303239865
2020.0 90.4785906532
2030.0 90.9268721864
2040.0 91.3751690173
2050.0 91.8234815874
2060.0 92.2718103489
2070.0 92.720155765
2080.0 93.16851831
2090.0 93.6168984693
2100.0 94.0652967398
2110.0 94.5137136298
2120.0 94.9621496595
2130.0 95.4106053607
2140.0 95.8590812774
2150.0 96.3075779655
2160.0 96.7560959933
2170.0 97.2046359416
2180.0 97.6531984036
2190.0 98.1017839852
2200.0 98.5503933051
2210.0 98.9990269951
2220.0 99.4476856999
2230.0 99.8963700773
2240.0 100.345080798
2250.0 100.793818548
2260.0 101.242584024
2270.0 101.691377938
2280.0 102.140201015
2290.0 102.589053994
2300.0 103.037937628
2310.0 103.486852684
2320.0 103.935799942
2330.0 104.384780198
2340.0 104.833794259
2350.0 105.282842949
2360.0 105.731927104
2370.0 106.181047576
2380.0 106.630205229
2390.0 107.079400944
2400.0 107.528635614
2410.0 107.977910146
2420.0 108.427225463
2430.0 108.8765825
2440.0 109.325982208
2450.0 109.77542555
2460.0 110.224913505
2470.0 110.674447064
2480.0 111.124027234
2490.0 111.573655033
2500.0 112.023331494
2510.0 112.473057665
2520.0 112.922834605
2530.0 113.372663386
2540.0 113.822545096
2550.0 114.272480832
2560.0 114.722471707
2570.0 115.172518845
2580.0 115.622623383
2590.0 116.072786468
2600.0 116.523009262
2610.0 116.973292937
2620.0 117.423638676
2630.0 117.874047673
2640.0 118.324521135
2650.0 118.775060276
2660.0 119.225666323
2670.0 119.676340512
2680.0 120.127084088
2690.0 120.577898307
2700.0 121.02878443
2710.0 121.47974373
2720.0 121.930777487
2730.0 122.381886989
2740.0 122.833073529
2750.0 123.284338409
2760.0 123.735682936
2770.0 124.187108425
2780.0 124.638616192
2790.0 125.090207563
2800.0 125.541883864
2810.0 125.993646427
2820.0 126.445496586
2830.0 126.89743568
2840.0 127.349465046
2850.0 127.801586028
2860.0 128.253799965
2870.0 128.706108201
2880.0 129.158512076
2890.0 129.611012933
2900.0 130.06361211
2910.0 130.516310945
2920.0 130.969110771
2930.0 131.422012919
2940.0 131.875018716
2950.0 132.328129482
2960.0 132.781346534
2970.0 133.234671179
2980.0 133.688104721
2990.0 134.141648453
3000.0 134.595303662
3010.0 135.049071622
3020.0 135.5029536
3030.0 135.95695085
3040.0 136.411064617
3050.0 136.865296131
3060.0 137.319646609
3070.0 137.774117256
3080.0 138.228709259
3090.0 138.683423791
3100.0 139.138262009
3110.0 139.593225053
3120.0 140.048314043
3130.0 140.503530082
3140.0 140.958874253
3150.0 141.414347616
3160.0 141.869951214
3170.0 142.325686065
3180.0 142.781553165
3190.0 143.237553485
3200.0 143.693687974
3210.0 144.149957553
3220.0 144.606363119
3230.0 145.06290554
3240.0 145.519585659
3250.0 145.976404289
3260.0 146.433362213
3270.0 146.890460186
3280.0 147.347698931
3290.0 147.80507914
3300.0 148.262601472
3310.0 148.720266556
3320.0 149.178074983
3330.0 149.636027314
3340.0 150.094124073
3350.0 150.552365748
3360.0 151.010752792
3370.0 151.469285621
3380.0 151.927964613
3390.0 152.386790109
3400.0 152.84576241
3410.0 153.304881779
3420.0 153.764148438
3430.0 154.223562572
3440.0 154.683124321
3450.0 155.142833787
3460.0 155.602691029
3470.0 156.062696065
3480.0 156.522848869
3490.0 156.983149374
3500.0 157.443597469
3510.0 157.904192998
3520.0 158.364935765
3530.0 158.825825527
3540.0 159.286861997
3550.0 159.748044844
3560.0 160.209373692
3570.0 160.670848121
3580.0 161.132467664
3590.0 161.594231812
3600.0 162.056140007
3610.0 162.518191649
3620.0 162.980386091
3630.0 163.44272264
3640.0 163.905200561
3650.0 164.367819069
3660.0 164.830577338
3670.0 165.293474495
3680.0 165.756509623
3690.0 166.21968176
3700.0 166.6829899
3710.0 167.146432992
3720.0 167.610009942
3730.0 168.073719611
3740.0 168.53756082
3750.0 169.001532344
3760.0 169.465632916
3770.0 169.929861228
3780.0 170.394215931
3790.0 170.858695633
3800.0 171.323298903
3810.0 171.788024269
3820.0 172.252870221
3830.0 172.71783521
3840.0 173.182917647
3850.0 173.648115908
3860.0 174.113428331
3870.0 174.578853219
3880.0 175.044388839
3890.0 175.510033423
3900.0 175.975785171