0.0 0.0
120.0 5.37734206897
121.25 5.4341673184
122.5 5.49096325105
123.75 5.54773060435
125.0 5.6044701092
126.25 5.66118248909
127.5 5.71786845931
128.75 5.77452872634
130.0 5.83116398714
131.25 5.88777492868
132.5 5.94436222745
133.75 6.00092654901
135.0 6.0574685477
136.25 6.11398886627
137.5 6.17048813566
138.75 6.22696697478
140.0 6.28342599032
141.25 6.33986577666
142.5 6.39628691574
143.75 6.452689977
145.0 6.50907551735
146.25 6.56544408116
147.5 6.62179620028
148.75 6.67813239406
150.0 6.73445316944
151.25 6.79075902102
152.5 6.84705043113
155.0 6.95959179574
157.5 7.07208088156
160.0 7.18452111927
162.5 7.29691575718
165.0 7.40926786689
167.5 7.5215803493
170.0 7.633855941
172.5 7.7460972207
175.0 7.85830661583
177.5 7.9704864092
180.0 8.08263874554
182.5 8.19476563812
185.0 8.30686897513
187.5 8.418950526
190.0 8.53101194755
195.0 8.75508050266
200.0 8.97908586508
205.0 9.20303781934
210.0 9.42694487127
215.0 9.65081439563
220.0 9.87465276999
225.0 10.0984654954
230.0 10.3222573049
240.0 10.7697938357
250.0 11.2172882738
260.0 11.6647593882
270.0 12.1122205943
280.0 12.5596813267
290.0 13.0071480823
300.0 13.4546252084
310.0 13.9021154917
320.0 14.3496205975
330.0 14.7971413941
340.0 15.2446781911
350.0 15.6922309138
360.0 16.1397992287
370.0 16.5873826352
380.0 17.0349805296
390.0 17.4825922516
400.0 17.9302171155
410.0 18.3778544325
420.0 18.8255035252
430.0 19.2731637368
440.0 19.7208344375
450.0 20.1685150272
460.0 20.6162049373
470.0 21.0639036307
480.0 21.5116106018
490.0 21.9593253748
500.0 22.4070475029
510.0 22.8547765665
520.0 23.3025121719
530.0 23.7502539492
540.0 24.1980015514
550.0 24.6457546524
560.0 25.0935129457
570.0 25.5412761432
580.0 25.9890439737
590.0 26.4368161819
600.0 26.8845925273
610.0 27.3323727831
620.0 27.7801567354
630.0 28.2279441821
640.0 28.6757349323
650.0 29.1235288055
660.0 29.5713256308
670.0 30.0191252465
680.0 30.4669274993
690.0 30.9147322437
700.0 31.3625393417
710.0 31.8103486624
720.0 32.258160081
730.0 32.705973479
740.0 33.1537887436
750.0 33.6016057673
760.0 34.0494244474
770.0 34.4972446862
780.0 34.9450663901
790.0 35.3928894698
800.0 35.8407138398
810.0 36.288539418
820.0 36.7363661261
830.0 37.1841938886
840.0 37.632022633
850.0 38.0798522899
860.0 38.527682792
870.0 38.9755140748
880.0 39.4233460759
890.0 39.8711787351
900.0 40.319011994
910.0 40.7668457963
920.0 41.214680087
930.0 41.6625148131
940.0 42.1103499228
950.0 42.5581853657
960.0 43.0060210927
970.0 43.4538570556
980.0 43.9016932074
990.0 44.3495295021
1000.0 44.7973658945
1010.0 45.24520234
1020.0 45.6930387948
1030.0 46.1408752158
1040.0 46.58871156
1050.0 47.0365477853
1060.0 47.4843838496
1070.0 47.9322197113
1080.0 48.3800553289
1090.0 48.827890661
1100.0 49.2757256664
1110.0 49.7235603037
1120.0 50.1713945316
1130.0 50.6192283086
1140.0 51.0670615929
1150.0 51.5148943427
1160.0 51.9627265155
1170.0 52.4105580688
1180.0 52.8583889593
1190.0 53.3062191435
1200.0 53.754048577
1210.0 54.201877215
1220.0 54.6497050118
1230.0 55.0975319212
1240.0 55.5453578959
1250.0 55.9931828879
1260.0 56.4410068481
1270.0 56.8888297264
1280.0 57.3366514717
1290.0 57.7844720317
1300.0 58.2322913529
1310.0 58.6801093805
1320.0 59.1279260584
1330.0 59.5757413289
1340.0 60.0235551329
1350.0 60.47136741
1360.0 60.9191780978
1370.0 61.3669871324
1380.0 61.814794448
1390.0 62.262599977
1400.0 62.71040365
1410.0 63.1582053953
1420.0 63.6060051395
1430.0 64.0538028066
1440.0 64.5015983187
1450.0 64.9493915953
1460.0 65.3971825537
1470.0 65.8449711086
1480.0 66.292757172
1490.0 66.7405406535
1500.0 67.1883214595
1510.0 67.636099494
1520.0 68.0838746575
1530.0 68.5316468479
1540.0 68.9794159598
1550.0 69.4271818843
1560.0 69.8749445094
1570.0 70.3227037196
1580.0 70.7704593956
1590.0 71.2182114146
1600.0 71.6659596499
1610.0 72.1137039709
1620.0 72.5614442431
1630.0 73.0091803276
1640.0 73.4569120813
1650.0 73.904639357
1660.0 74.3523620024
1670.0 74.8000798611
1680.0 75.2477927717
1690.0 75.6955005679
1700.0 76.1432030783
1710.0 76.5909001265
1720.0 77.0385915306
1730.0 77.4862771035
1740.0 77.9339566523
1750.0 78.3816299784
1760.0 78.8292968776
1770.0 79.2769571393
1780.0 79.724610547
1790.0 80.1722568777
1800.0 80.6198959023
1810.0 81.0675273846
1820.0 81.5151510821
1830.0 81.9627667451
1840.0 82.4103741168
1850.0 82.8579729334
1860.0 83.3055629235
1870.0 83.7531438082
1880.0 84.200715301
1890.0 84.6482771073
1900.0 85.0958289247
1910.0 85.5433704425
1920.0 85.9909013414
1930.0 86.438421294
1940.0 86.8859299639
1950.0 87.3334270058
1960.0 87.7809120655
1970.0 88.2283847796
1980.0 88.6758447752
1990.0 89.1232916699
2000.0 89.5707250717
2010.0 90.0181445785
2020.0 90.4655497784
2030.0 90.912940249
2040.0 91.3603155578
2050.0 91.8076752617
2060.0 92.2550189066
2070.0 92.702346028
2080.0 93.1496561499
2090.0 93.5969487855
2100.0 94.0442234364
2110.0 94.4914795927
2120.0 94.938716733
2130.0 95.385934324
2140.0 95.8331318204
2150.0 96.2803086648
2160.0 96.7274642877
2170.0 97.1745981069
2180.0 97.621709528
2190.0 98.0687979437
2200.0 98.5158627342
2210.0 98.9629032665
2220.0 99.4099188947
2230.0 99.8569089597
2240.0 100.303872789
2250.0 100.750809698
2260.0 101.197718986
2270.0 101.644599941
2280.0 102.091451837
2290.0 102.538273933
2300.0 102.985065476
2310.0 103.431825698
2320.0 103.878553817
2330.0 104.325249039
2340.0 104.771910551
2350.0 105.218537533
2360.0 105.665129144
2370.0 106.111684534
2380.0 106.558202836
2390.0 107.004683169
2400.0 107.45112464
2410.0 107.897526339
2420.0 108.343887344
2430.0 108.790206718
2440.0 109.236483511
2450.0 109.682716756
2460.0 110.128905476
2470.0 110.575048677
2480.0 111.021145354
2490.0 111.467194485
2500.0 111.913195038
2510.0 112.359145964
2520.0 112.805046204
2530.0 113.250894683
2540.0 113.696690315
2550.0 114.142432
2560.0 114.588118625
2570.0 115.033749066
2580.0 115.479322185
2590.0 115.924836834
2600.0 116.37029185
2610.0 116.815686062
2620.0 117.261018284
2630.0 117.706287323
2640.0 118.151491971
2650.0 118.596631012
2660.0 119.04170322
2670.0 119.486707358
2680.0 119.93164218
2690.0 120.37650643
2700.0 120.821298846
2710.0 121.266018154
2720.0 121.710663074
2730.0 122.155232318
2740.0 122.599724591
2750.0 123.044138591
2760.0 123.488473011
2770.0 123.932726535
2780.0 124.376897846
2790.0 124.820985618
2800.0 125.264988525
2810.0 125.708905233
2820.0 126.152734409
2830.0 126.596474713
2840.0 127.040124806
2850.0 127.483683346
2860.0 127.927148992
2870.0 128.3705204
2880.0 128.813796228
2890.0 129.256975135
2900.0 129.700055781
2910.0 130.143036829
2920.0 130.585916944
2930.0 131.028694794
2940.0 131.471369053
2950.0 131.9139384
2960.0 132.356401519
2970.0 132.798757099
2980.0 133.241003839
2990.0 133.683140444
3000.0 134.125165628
3010.0 134.567078114
3020.0 135.008876637
3030.0 135.45055994
3040.0 135.892126781
3050.0 136.333575927
3060.0 136.774906162
3070.0 137.21611628
3080.0 137.657205094
3090.0 138.098171429
3100.0 138.53901413
3110.0 138.979732055
3120.0 139.420324084
3130.0 139.860789114
3140.0 140.301126062
3150.0 140.741333866
3160.0 141.181411485
3170.0 141.621357898
3180.0 142.061172111
3190.0 142.500853151
3200.0 142.94040007
3210.0 143.379811945
3220.0 143.819087881
3230.0 144.258227007
3240.0 144.697228481
3250.0 145.13609149
3260.0 145.574815251
3270.0 146.013399007
3280.0 146.451842036
3290.0 146.890143646
3300.0 147.328303176
3310.0 147.766319999
3320.0 148.204193521
3330.0 148.641923183
3340.0 149.07950846
3350.0 149.516948863
3360.0 149.954243939
3370.0 150.391393273
3380.0 150.828396485
3390.0 151.265253235
3400.0 151.701963221
3410.0 152.138526179
3420.0 152.574941888
3430.0 153.011210163
3440.0 153.447330862
3450.0 153.883303884
3460.0 154.31912917
3470.0 154.754806701
3480.0 155.190336503
3490.0 155.625718643
3500.0 156.060953231
3510.0 156.496040423
3520.0 156.930980415
3530.0 157.365773451
3540.0 157.800419815
3550.0 158.23491984
3560.0 158.669273901
3570.0 159.103482417
3580.0 159.537545856
3590.0 159.971464727
3600.0 160.405239585
3610.0 160.838871034
3620.0 161.272359718
3630.0 161.705706329
3640.0 162.138911606
3650.0 162.571976328
3660.0 163.004901325
3670.0 163.437687469
3680.0 163.870335675
3690.0 164.302846907
3700.0 164.73522217
3710.0 165.167462514
3720.0 165.599569034
3730.0 166.031542867
3740.0 166.463385194
3750.0 166.895097239
3760.0 167.326680268
3770.0 167.758135589
3780.0 168.189464552
3790.0 168.620668548
3800.0 169.051749008
3810.0 169.482707403
3820.0 169.913545243
3830.0 170.344264079
3840.0 170.774865497
3850.0 171.205351122
3860.0 171.635722615
3870.0 172.065981675
3880.0 172.496130033
3890.0 172.926169456
3900.0 173.356101746