0.0 0.0
120.0 5.37885146292
121.25 5.43569243521
122.5 5.49250409071
123.75 5.54928716686
125.0 5.60604239457
126.25 5.6627704973
127.5 5.71947219039
128.75 5.77614818026
130.0 5.83279916392
131.25 5.88942582831
132.5 5.94602884993
133.75 6.00260889435
135.0 6.0591666159
136.25 6.11570265732
137.5 6.17221764957
138.75 6.22871221153
140.0 6.28518694993
141.25 6.34164245913
142.5 6.39807932106
143.75 6.45449810517
145.0 6.51089936838
146.25 6.56728365504
147.5 6.62365149701
148.75 6.68000341364
150.0 6.73633991188
151.25 6.79266148631
152.5 6.84896861927
155.0 6.96154142959
157.5 7.07406196112
160.0 7.18653364454
162.5 7.29895972816
165.0 7.41134328357
167.5 7.52368721169
170.0 7.6359942491
172.5 7.7482669745
175.0 7.86050781534
177.5 7.97271905442
180.0 8.08490283647
182.5 8.19706117476
185.0 8.30919595747
187.5 8.42130895405
190.0 8.53340182131
195.0 8.75753326783
200.0 8.98160152167
205.0 9.20561636734
210.0 9.42958631068
215.0 9.65351872646
220.0 9.87741999223
225.0 10.1012956091
230.0 10.32515031
240.0 10.7728126236
250.0 11.2204328446
260.0 11.6680297418
270.0 12.1156167307
280.0 12.5632032459
290.0 13.0107957844
300.0 13.4583986933
310.0 13.9060147594
320.0 14.353645648
330.0 14.8012922274
340.0 15.2489548073
350.0 15.6966333128
360.0 16.1443274106
370.0 16.5920365998
380.0 17.0397602771
390.0 17.4874977819
400.0 17.9352484287
410.0 18.3830115285
420.0 18.830786404
430.0 19.2785723985
440.0 19.726368882
450.0 20.1741752545
460.0 20.6219909474
470.0 21.0698154237
480.0 21.5176481776
490.0 21.9654887334
500.0 22.4133366443
510.0 22.8611914908
520.0 23.309052879
530.0 23.7569204392
540.0 24.2047938242
550.0 24.652672708
560.0 25.1005567842
570.0 25.5484457645
580.0 25.9963393778
590.0 26.4442373688
600.0 26.8921394971
610.0 27.3400455357
620.0 27.7879552708
630.0 28.2358685004
640.0 28.6837850334
650.0 29.1317046894
660.0 29.5796272975
670.0 30.0275526961
680.0 30.4754807316
690.0 30.9234112589
700.0 31.3713441398
710.0 31.8192792433
720.0 32.2672164447
730.0 32.7151556256
740.0 33.163096673
750.0 33.6110394795
760.0 34.0589839424
770.0 34.506929964
780.0 34.9548774508
790.0 35.4028263133
800.0 35.8507764661
810.0 36.2987278272
820.0 36.7466803181
830.0 37.1946338634
840.0 37.6425883907
850.0 38.0905438304
860.0 38.5385001153
870.0 38.9864571809
880.0 39.4344149649
890.0 39.8823734069
900.0 40.3303324487
910.0 40.7782920337
920.0 41.2262521073
930.0 41.6742126163
940.0 42.1221735088
950.0 42.5701347345
960.0 43.0180962443
970.0 43.46605799
980.0 43.9140199247
990.0 44.3619820022
1000.0 44.8099441774
1010.0 45.2579064058
1020.0 45.7058686434
1030.0 46.1538308472
1040.0 46.6017929743
1050.0 47.0497549824
1060.0 47.4977168295
1070.0 47.9456784741
1080.0 48.3936398745
1090.0 48.8416009894
1100.0 49.2895617776
1110.0 49.7375221978
1120.0 50.1854822085
1130.0 50.6334417683
1140.0 51.0814008355
1150.0 51.529359368
1160.0 51.9773173237
1170.0 52.4252746598
1180.0 52.8732313332
1190.0 53.3211873002
1200.0 53.7691425165
1210.0 54.2170969373
1220.0 54.665050517
1230.0 55.1130032092
1240.0 55.5609549668
1250.0 56.0089057416
1260.0 56.4568554846
1270.0 56.9048041457
1280.0 57.3527516739
1290.0 57.8006980167
1300.0 58.2486431208
1310.0 58.6965869312
1320.0 59.1445293918
1330.0 59.5924704451
1340.0 60.0404100321
1350.0 60.488348092
1360.0 60.9362845626
1370.0 61.38421938
1380.0 61.8321524784
1390.0 62.2800837903
1400.0 62.7280132461
1410.0 63.1759407743
1420.0 63.6238663012
1430.0 64.0717897512
1440.0 64.5197110461
1450.0 64.9676301055
1460.0 65.4155468468
1470.0 65.8634611845
1480.0 66.3113730308
1490.0 66.759282295
1500.0 67.2071888839
1510.0 67.6550927012
1520.0 68.1029936476
1530.0 68.5508916208
1540.0 68.9987865155
1550.0 69.4466782229
1560.0 69.8945666308
1570.0 70.3424516238
1580.0 70.7903330826
1590.0 71.2382108844
1600.0 71.6860849026
1610.0 72.1339550064
1620.0 72.5818210614
1630.0 73.0296829287
1640.0 73.4775404654
1650.0 73.9253935238
1660.0 74.3732419521
1670.0 74.8210855936
1680.0 75.268924287
1690.0 75.716757866
1700.0 76.1645861593
1710.0 76.6124089903
1720.0 77.0602261773
1730.0 77.508037533
1740.0 77.9558428646
1750.0 78.4036419736
1760.0 78.8514346555
1770.0 79.2992207001
1780.0 79.7469998906
1790.0 80.1947720042
1800.0 80.6425368116
1810.0 81.0902940767
1820.0 81.538043557
1830.0 81.9857850028
1840.0 82.4335181574
1850.0 82.8812427568
1860.0 83.3289585297
1870.0 83.7766651973
1880.0 84.2243624729
1890.0 84.6720500621
1900.0 85.1197276623
1910.0 85.5673949629
1920.0 86.0150516447
1930.0 86.4626973801
1940.0 86.9103318328
1950.0 87.3579546575
1960.0 87.8055655001
1970.0 88.253163997
1980.0 88.7007497754
1990.0 89.148322453
2000.0 89.5958816376
2010.0 90.0434269272
2020.0 90.4909579099
2030.0 90.9384741634
2040.0 91.385975255
2050.0 91.8334607417
2060.0 92.2809301695
2070.0 92.7283830736
2080.0 93.1758189784
2090.0 93.6232373968
2100.0 94.0706378305
2110.0 94.5180197697
2120.0 94.9653826928
2130.0 95.4127260667
2140.0 95.8600493459
2150.0 96.3073519731
2160.0 96.7546333788
2170.0 97.2018929808
2180.0 97.6491301848
2190.0 98.0963443834
2200.0 98.5435349567
2210.0 98.9907012718
2220.0 99.4378426828
2230.0 99.8849585306
2240.0 100.332048143
2250.0 100.779110834
2260.0 101.226145905
2270.0 101.673152643
2280.0 102.120130322
2290.0 102.567078201
2300.0 103.013995527
2310.0 103.460881532
2320.0 103.907735434
2330.0 104.354556438
2340.0 104.801343734
2350.0 105.248096498
2360.0 105.694813892
2370.0 106.141495064
2380.0 106.588139149
2390.0 107.034745265
2400.0 107.481312519
2410.0 107.927840001
2420.0 108.374326789
2430.0 108.820771946
2440.0 109.267174521
2450.0 109.713533549
2460.0 110.159848052
2470.0 110.606117036
2480.0 111.052339495
2490.0 111.49851441
2500.0 111.944640745
2510.0 112.390717454
2520.0 112.836743477
2530.0 113.282717739
2540.0 113.728639153
2550.0 114.174506621
2560.0 114.620319029
2570.0 115.066075253
2580.0 115.511774155
2590.0 115.957414587
2600.0 116.402995386
2610.0 116.84851538
2620.0 117.293973386
2630.0 117.739368207
2640.0 118.184698638
2650.0 118.629963462
2660.0 119.075161452
2670.0 119.520291373
2680.0 119.965351978
2690.0 120.410342012
2700.0 120.85526021
2710.0 121.300105301
2720.0 121.744876004
2730.0 122.18957103
2740.0 122.634189086
2750.0 123.078728869
2760.0 123.523189071
2770.0 123.967568379
2780.0 124.411865472
2790.0 124.856079028
2800.0 125.300207717
2810.0 125.744250208
2820.0 126.188205166
2830.0 126.632071253
2840.0 127.075847129
2850.0 127.519531452
2860.0 127.963122881
2870.0 128.406620072
2880.0 128.850021683
2890.0 129.293326373
2900.0 129.736532802
2910.0 130.179639632
2920.0 130.62264553
2930.0 131.065549163
2940.0 131.508349205
2950.0 131.951044335
2960.0 132.393633236
2970.0 132.8361146
2980.0 133.278487122
2990.0 133.72074951
3000.0 134.162900477
3010.0 134.604938746
3020.0 135.046863051
3030.0 135.488672138
3040.0 135.930364761
3050.0 136.37193969
3060.0 136.813395708
3070.0 137.254731609
3080.0 137.695946205
3090.0 138.137038324
3100.0 138.578006807
3110.0 139.018850515
3120.0 139.459568327
3130.0 139.90015914
3140.0 140.340621871
3150.0 140.780955458
3160.0 141.221158859
3170.0 141.661231055
3180.0 142.101171051
3190.0 142.540977874
3200.0 142.980650575
3210.0 143.420188234
3220.0 143.859589952
3230.0 144.298854861
3240.0 144.737982118
3250.0 145.17697091
3260.0 145.615820453
3270.0 146.054529992
3280.0 146.493098804
3290.0 146.931526197
3300.0 147.369811509
3310.0 147.807954115
3320.0 148.24595342
3330.0 148.683808865
3340.0 149.121519925
3350.0 149.559086111
3360.0 149.99650697
3370.0 150.433782086
3380.0 150.870911081
3390.0 151.307893614
3400.0 151.744729383
3410.0 152.181418124
3420.0 152.617959615
3430.0 153.054353673
3440.0 153.490600155
3450.0 153.92669896
3460.0 154.362650029
3470.0 154.798453343
3480.0 155.234108927
3490.0 155.66961685
3500.0 156.104977221
3510.0 156.540190196
3520.0 156.975255971
3530.0 157.410174789
3540.0 157.844946937
3550.0 158.279572745
3560.0 158.714052588
3570.0 159.148386887
3580.0 159.582576109
3590.0 160.016620762
3600.0 160.450521404
3610.0 160.884278635
3620.0 161.317893102
3630.0 161.751365496
3640.0 162.184696555
3650.0 162.617887061
3660.0 163.050937841
3670.0 163.483849767
3680.0 163.916623756
3690.0 164.349260771
3700.0 164.781761817
3710.0 165.214127944
3720.0 165.646360246
3730.0 166.078459862
3740.0 166.510427972
3750.0 166.9422658
3760.0 167.373974612
3770.0 167.805555716
3780.0 168.237010462
3790.0 168.66834024
3800.0 169.099546483
3810.0 169.530630661
3820.0 169.961594284
3830.0 170.392438902
3840.0 170.823166103
3850.0 171.253777511
3860.0 171.684274787
3870.0 172.11465963
3880.0 172.54493377
3890.0 172.975098977
3900.0 173.405157049