0.0 0.0
120.0 5.37636923383
121.25 5.43318444524
122.5 5.48997034206
123.75 5.54672766174
125.0 5.60345713516
126.25 5.66015948584
127.5 5.71683542907
128.75 5.77348567133
130.0 5.8301109096
131.25 5.88671183086
132.5 5.94328911159
133.75 5.99984341737
135.0 6.05637540254
136.25 6.11288570987
137.5 6.16937497029
138.75 6.22584380272
140.0 6.28229281387
141.25 6.33872259812
142.5 6.39513373742
143.75 6.45152680122
145.0 6.50790234642
146.25 6.56426091742
147.5 6.62060304606
148.75 6.67692925171
150.0 6.73324004132
151.25 6.78953590948
152.5 6.84581733854
153.75 6.90208479872
155.0 6.9583387482
156.25 7.01457963331
157.5 7.07080788863
158.75 7.12702393718
160.0 7.18322819058
162.5 7.29560290243
165.0 7.40793509581
167.5 7.52022767173
170.0 7.6324833668
172.5 7.74470475982
175.0 7.85689427828
177.5 7.96905420504
180.0 8.08118668492
182.5 8.19329373124
185.0 8.30537723224
187.5 8.41743895744
190.0 8.52948056372
192.5 8.64150360135
195.0 8.75350951974
197.5 8.86549967303
200.0 8.97747532547
202.5 9.08943765656
205.0 9.20138776597
210.0 9.42525534764
215.0 9.64908544577
220.0 9.87288443849
225.0 10.0966578275
230.0 10.3204103462
235.0 10.5441460566
240.0 10.7678684351
245.0 10.9915804485
250.0 11.2152846213
260.0 11.6626776786
270.0 12.1100610275
280.0 12.5574441074
290.0 13.0048334205
300.0 13.4522333194
310.0 13.8996465961
320.0 14.3470749214
330.0 14.7945191695
340.0 15.2419796556
350.0 15.6894563108
360.0 16.1369488079
370.0 16.5844566523
380.0 17.0319792468
390.0 17.4795159373
400.0 17.927066045
410.0 18.3746288878
420.0 18.8222037952
430.0 19.2697901176
440.0 19.7173872324
450.0 20.1649945469
460.0 20.6126115002
470.0 21.0602375631
480.0 21.5078722378
490.0 21.9555150568
500.0 22.4031655817
510.0 22.8508234015
520.0 23.2984881311
530.0 23.74615941
540.0 24.1938369001
550.0 24.6415202849
560.0 25.0892092676
570.0 25.53690357
580.0 25.9846029312
590.0 26.4323071063
600.0 26.8800158656
610.0 27.3277289932
620.0 27.7754462865
630.0 28.223167555
640.0 28.6708926197
650.0 29.1186213123
660.0 29.5663534744
670.0 30.0140889572
680.0 30.4618276205
690.0 30.9095693326
700.0 31.3573139692
710.0 31.8050614137
720.0 32.2528115561
730.0 32.700564293
740.0 33.1483195271
750.0 33.5960771668
760.0 34.043837126
770.0 34.4915993237
780.0 34.9393636838
790.0 35.3871301349
800.0 35.8348986097
810.0 36.2826690452
820.0 36.7304413825
830.0 37.1782155662
840.0 37.6259915446
850.0 38.0737692692
860.0 38.5215486949
870.0 38.9693297798
880.0 39.4171124847
890.0 39.8648967733
900.0 40.312682612
910.0 40.76046997
920.0 41.2082588186
930.0 41.6560491319
940.0 42.1038408861
950.0 42.5516340595
960.0 42.9994286328
970.0 43.4472245886
980.0 43.8950219117
990.0 44.3428205887
1000.0 44.7906206081
1010.0 45.2384219604
1020.0 45.6862246377
1030.0 46.1340286341
1040.0 46.5818339452
1050.0 47.0296405684
1060.0 47.4774485028
1070.0 47.9252577491
1080.0 48.3730683096
1090.0 48.8208801883
1100.0 49.2686933907
1110.0 49.7165079239
1120.0 50.1643237965
1130.0 50.6121410188
1140.0 51.0599596025
1150.0 51.507779561
1160.0 51.9556009091
1170.0 52.4034236632
1180.0 52.8512478415
1190.0 53.2990734635
1200.0 53.7469005504
1210.0 54.1947291249
1220.0 54.6425592116
1230.0 55.0903908364
1240.0 55.538224027
1250.0 55.986058813
1260.0 56.4338952254
1270.0 56.8817332972
1280.0 57.3295730629
1290.0 57.777414559
1300.0 58.2252578239
1310.0 58.6731028978
1320.0 59.1209498227
1330.0 59.5687986428
1340.0 60.0166494043
1350.0 60.4645021551
1360.0 60.9123569457
1370.0 61.3602138285
1380.0 61.8080728581
1390.0 62.2559340914
1400.0 62.7037975877
1410.0 63.1516634086
1420.0 63.5995316183
1430.0 64.0474022833
1440.0 64.4952754728
1450.0 64.9431512587
1460.0 65.3910297156
1470.0 65.8389109207
1480.0 66.2867949545
1490.0 66.7346818999
1500.0 67.1825718434
1510.0 67.6304648743
1520.0 68.078361085
1530.0 68.5262605716
1540.0 68.9741634331
1550.0 69.4220697724
1560.0 69.8699796957
1570.0 70.317893313
1580.0 70.765810738
1590.0 71.2137320882
1600.0 71.6616574853
1610.0 72.1095870549
1620.0 72.5575209268
1630.0 73.0054592352
1640.0 73.4534021185
1650.0 73.90134972
1660.0 74.3493021874
1670.0 74.797259673
1680.0 75.2452223344
1690.0 75.693190334
1700.0 76.1411638392
1710.0 76.589143023
1720.0 77.0371280636
1730.0 77.4851191447
1740.0 77.9331164559
1750.0 78.3811201923
1760.0 78.8291305553
1770.0 79.277147752
1780.0 79.7251719961
1790.0 80.1732035076
1800.0 80.6212425128
1810.0 81.069289245
1820.0 81.5173439441
1830.0 81.9654068572
1840.0 82.4134782382
1850.0 82.8615583487
1860.0 83.3096474575
1870.0 83.7577458411
1880.0 84.2058537837
1890.0 84.6539715775
1900.0 85.1020995228
1910.0 85.550237928
1920.0 85.9983871102
1930.0 86.4465473949
1940.0 86.8947191164
1950.0 87.3429026178
1960.0 87.7910982516
1970.0 88.2393063791
1980.0 88.6875273714
1990.0 89.1357616091
2000.0 89.5840094823
2010.0 90.0322713914
2020.0 90.4805477466
2030.0 90.9288389684
2040.0 91.3771454879
2050.0 91.8254677465
2060.0 92.2738061966
2070.0 92.7221613013
2080.0 93.1705335349
2090.0 93.6189233828
2100.0 94.0673313419
2110.0 94.5157579205
2120.0 94.9642036388
2130.0 95.4126690286
2140.0 95.8611546338
2150.0 96.3096610105
2160.0 96.7581887269
2170.0 97.2067383637
2180.0 97.6553105143
2190.0 98.1039057845
2200.0 98.552524793
2210.0 99.0011681716
2220.0 99.4498365649
2230.0 99.8985306309
2240.0 100.347251041
2250.0 100.795998479
2260.0 101.244773643
2270.0 101.693577246
2280.0 102.142410011
2290.0 102.591272679
2300.0 103.040166002
2310.0 103.489090746
2320.0 103.938047693
2330.0 104.387037637
2340.0 104.836061387
2350.0 105.285119765
2360.0 105.734213609
2370.0 106.183343769
2380.0 106.632511112
2390.0 107.081716515
2400.0 107.530960873
2410.0 107.980245094
2420.0 108.429570099
2430.0 108.878936825
2440.0 109.328346222
2450.0 109.777799252
2460.0 110.227296896
2470.0 110.676840144
2480.0 111.126430002
2490.0 111.576067489
2500.0 112.02575364
2510.0 112.475489499
2520.0 112.925276127
2530.0 113.375114597
2540.0 113.825005995
2550.0 114.27495142
2560.0 114.724951984
2570.0 115.175008811
2580.0 115.625123037
2590.0 116.075295811
2600.0 116.525528294
2610.0 116.975821657
2620.0 117.426177084
2630.0 117.87659577
2640.0 118.32707892
2650.0 118.77762775
2660.0 119.228243486
2670.0 119.678927363
2680.0 120.129680628
2690.0 120.580504535
2700.0 121.031400347
2710.0 121.482369336
2720.0 121.933412782
2730.0 122.384531971
2740.0 122.8357282
2750.0 123.287002769
2760.0 123.738356985
2770.0 124.189792162
2780.0 124.641309618
2790.0 125.092910677
2800.0 125.544596666
2810.0 125.996368918
2820.0 126.448228766
2830.0 126.900177548
2840.0 127.352216604
2850.0 127.804347273
2860.0 128.256570899
2870.0 128.708888823
2880.0 129.161302388
2890.0 129.613812933
2900.0 130.066421799
2910.0 130.519130322
2920.0 130.971939837
2930.0 131.424851674
2940.0 131.877867159
2950.0 132.330987614
2960.0 132.784214354
2970.0 133.237548688
2980.0 133.690991918
2990.0 134.144545339
3000.0 134.598210236
3010.0 135.051987885
3020.0 135.505879551
3030.0 135.959886491
3040.0 136.414009946
3050.0 136.868251148
3060.0 137.322611315
3070.0 137.77709165
3080.0 138.231693342
3090.0 138.686417563
3100.0 139.14126547
3110.0 139.596238202
3120.0 140.051336881
3130.0 140.506562608
3140.0 140.961916467
3150.0 141.41739952
3160.0 141.873012806
3170.0 142.328757346
3180.0 142.784634134
3190.0 143.240644143
3200.0 143.69678832
3210.0 144.153067588
3220.0 144.609482842
3230.0 145.066034952
3240.0 145.52272476
3250.0 145.979553078
3260.0 146.436520691
3270.0 146.893628352
3280.0 147.350876786
3290.0 147.808266683
3300.0 148.265798704
3310.0 148.723473476
3320.0 149.181291592
3330.0 149.639253612
3340.0 150.097360059
3350.0 150.555611422
3360.0 151.014008155
3370.0 151.472550673
3380.0 151.931239353
3390.0 152.390074538
3400.0 152.849056527
3410.0 153.308185585
3420.0 153.767461933
3430.0 154.226885755
3440.0 154.686457193
3450.0 155.146176348
3460.0 155.606043278
3470.0 156.066058003
3480.0 156.526220495
3490.0 156.986530689
3500.0 157.446988472
3510.0 157.90759369
3520.0 158.368346146
3530.0 158.829245596
3540.0 159.290291755
3550.0 159.75148429
3560.0 160.212822827
3570.0 160.674306944
3580.0 161.135936176
3590.0 161.597710013
3600.0 162.059627897
3610.0 162.521689227
3620.0 162.983893357
3630.0 163.446239595
3640.0 163.908727204
3650.0 164.371355401
3660.0 164.834123359
3670.0 165.297030204
3680.0 165.760075021
3690.0 166.223256847
3700.0 166.686574675
3710.0 167.150027455
3720.0 167.613614094
3730.0 168.077333452
3740.0 168.541184349
3750.0 169.005165562
3760.0 169.469275822
3770.0 169.933513823
3780.0 170.397878215
3790.0 170.862367605
3800.0 171.326980564
3810.0 171.791715619
3820.0 172.25657126
3830.0 172.721545937
3840.0 173.186638062
3850.0 173.651846012
3860.0 174.117168124
3870.0 174.5826027
3880.0 175.048148008
3890.0 175.513802281
3900.0 175.979563718