0.0 0.0
120.0 5.37354278293
121.25 5.43032845646
122.5 5.48708481322
123.75 5.54381259062
125.0 5.60051251958
126.25 5.65718532356
127.5 5.71383171789
128.75 5.77045240902
130.0 5.82704809393
131.25 5.88361945957
132.5 5.94016718244
133.75 5.99669192811
135.0 6.05319435091
136.25 6.10967509358
137.5 6.16613478707
138.75 6.22257405029
140.0 6.27899348994
141.25 6.33539370039
142.5 6.39177526357
143.75 6.44813874893
145.0 6.50448471339
146.25 6.5608137013
147.5 6.61712624452
148.75 6.6734228624
150.0 6.72970406189
151.25 6.78597033757
152.5 6.84222217178
155.0 6.9546843846
157.5 7.06709431863
160.0 7.17945540455
162.5 7.29177089067
165.0 7.40404384858
167.5 7.5162771792
170.0 7.62847361911
172.5 7.74063574702
175.0 7.85276599036
177.5 7.96486663193
180.0 8.07693981648
182.5 8.18898755727
185.0 8.30101174249
187.5 8.41301414156
190.0 8.52499641132
195.0 8.74890666284
200.0 8.97275372168
205.0 9.19654737235
210.0 9.4202961207
215.0 9.64400734148
220.0 9.86768741225
225.0 10.0913418341
230.0 10.31497534
240.0 10.7621952637
250.0 11.2093730946
260.0 11.6565276018
270.0 12.1036722007
280.0 12.5508163259
290.0 12.9979664744
300.0 13.4451269933
310.0 13.8923006694
320.0 14.339489168
330.0 14.7866933574
340.0 15.2339135473
350.0 15.6811496628
360.0 16.1284013706
370.0 16.5756681699
380.0 17.0229494572
390.0 17.470244572
400.0 17.9175528287
410.0 18.3648735385
420.0 18.812206024
430.0 19.2595496285
440.0 19.706903722
450.0 20.1542677046
460.0 20.6016410075
470.0 21.0490230938
480.0 21.4964134576
490.0 21.9438116235
500.0 22.3912171444
510.0 22.8386296008
520.0 23.286048599
530.0 23.7334737692
540.0 24.1809047642
550.0 24.6283412581
560.0 25.0757829442
570.0 25.5232295345
580.0 25.9706807578
590.0 26.4181363589
600.0 26.8655960971
610.0 27.3130597458
620.0 27.7605270909
630.0 28.2079979304
640.0 28.6554720734
650.0 29.1029493394
660.0 29.5504295576
670.0 29.9979125661
680.0 30.4453982117
690.0 30.8928863489
700.0 31.3403768398
710.0 31.7878695533
720.0 32.2353643647
730.0 32.6828611556
740.0 33.130359813
750.0 33.5778602295
760.0 34.0253623025
770.0 34.4728659341
780.0 34.9203710308
790.0 35.3678775034
800.0 35.8153852662
810.0 36.2628942373
820.0 36.7104043382
830.0 37.1579154935
840.0 37.6054276308
850.0 38.0529406804
860.0 38.5004545754
870.0 38.947969251
880.0 39.3954846449
890.0 39.843000697
900.0 40.2905173487
910.0 40.7380345438
920.0 41.1855522274
930.0 41.6330703463
940.0 42.0805888489
950.0 42.5281076846
960.0 42.9756268043
970.0 43.4231461601
980.0 43.8706657047
990.0 44.3181853923
1000.0 44.7657051775
1010.0 45.2132250158
1020.0 45.6607448635
1030.0 46.1082646772
1040.0 46.5557844143
1050.0 47.0033040324
1060.0 47.4508234896
1070.0 47.8983427441
1080.0 48.3458617546
1090.0 48.7933804795
1100.0 49.2408988777
1110.0 49.6884169078
1120.0 50.1359345286
1130.0 50.5834516984
1140.0 51.0309683755
1150.0 51.4784845181
1160.0 51.9260000838
1170.0 52.3735150299
1180.0 52.8210293133
1190.0 53.2685428902
1200.0 53.7160557166
1210.0 54.1635677474
1220.0 54.6110789371
1230.0 55.0585892393
1240.0 55.5060986068
1250.0 55.9536069916
1260.0 56.4011143446
1270.0 56.8486206158
1280.0 57.2961257539
1290.0 57.7436297068
1300.0 58.1911324208
1310.0 58.6386338413
1320.0 59.0861339119
1330.0 59.5336325752
1340.0 59.9811297722
1350.0 60.4286254421
1360.0 60.8761195227
1370.0 61.3236119501
1380.0 61.7711026585
1390.0 62.2185915804
1400.0 62.6660786462
1410.0 63.1135637844
1420.0 63.5610469213
1430.0 64.0085279813
1440.0 64.4560068862
1450.0 64.9034835556
1460.0 65.3509579069
1470.0 65.7984298546
1480.0 66.2458993109
1490.0 66.6933661852
1500.0 67.140830384
1510.0 67.5882918113
1520.0 68.0357503677
1530.0 68.4832059509
1540.0 68.9306584556
1550.0 69.378107773
1560.0 69.8255537909
1570.0 70.2729963939
1580.0 70.7204354627
1590.0 71.1678708745
1600.0 71.6153025027
1610.0 72.0627302165
1620.0 72.5101538815
1630.0 72.9575733589
1640.0 73.4049885055
1650.0 73.8523991739
1660.0 74.2998052122
1670.0 74.7472064637
1680.0 75.1946027672
1690.0 75.6419939562
1700.0 76.0893798594
1710.0 76.5367603004
1720.0 76.9841350974
1730.0 77.4315040631
1740.0 77.8788670047
1750.0 78.3262237237
1760.0 78.7735740157
1770.0 79.2209176702
1780.0 79.6682544707
1790.0 80.1155841943
1800.0 80.5629066117
1810.0 81.0102214869
1820.0 81.4575285772
1830.0 81.904827633
1840.0 82.3521183975
1850.0 82.7994006069
1860.0 83.2466739899
1870.0 83.6939382674
1880.0 84.141193153
1890.0 84.5884383522
1900.0 85.0356735624
1910.0 85.482898473
1920.0 85.9301127648
1930.0 86.3773161102
1940.0 86.8245081729
1950.0 87.2716886076
1960.0 87.7188570602
1970.0 88.1660131671
1980.0 88.6131565555
1990.0 89.0602868431
2000.0 89.5074036377
2010.0 89.9545065373
2020.0 90.40159513
2030.0 90.8486689935
2040.0 91.2957276952
2050.0 91.7427707918
2060.0 92.1897978296
2070.0 92.6368083438
2080.0 93.0838018586
2090.0 93.530777887
2100.0 93.9777359307
2110.0 94.4246754798
2120.0 94.871596013
2130.0 95.3184969968
2140.0 95.765377886
2150.0 96.2122381233
2160.0 96.6590771389
2170.0 97.105894351
2180.0 97.5526891649
2190.0 97.9994609735
2200.0 98.4462091568
2210.0 98.8929330819
2220.0 99.3396321029
2230.0 99.7863055608
2240.0 100.232952783
2250.0 100.679573084
2260.0 101.126165765
2270.0 101.572730113
2280.0 102.019265402
2290.0 102.465770891
2300.0 102.912245827
2310.0 103.358689442
2320.0 103.805100954
2330.0 104.251479568
2340.0 104.697824474
2350.0 105.144134848
2360.0 105.590409852
2370.0 106.036648634
2380.0 106.482850329
2390.0 106.929014055
2400.0 107.375138919
2410.0 107.821224011
2420.0 108.267268409
2430.0 108.713271176
2440.0 109.159231361
2450.0 109.605147999
2460.0 110.051020112
2470.0 110.496846706
2480.0 110.942626775
2490.0 111.3883593
2500.0 111.834043245
2510.0 112.279677564
2520.0 112.725261197
2530.0 113.170793069
2540.0 113.616272094
2550.0 114.061697171
2560.0 114.507067189
2570.0 114.952381023
2580.0 115.397637536
2590.0 115.842835577
2600.0 116.287973986
2610.0 116.73305159
2620.0 117.178067206
2630.0 117.623019637
2640.0 118.067907678
2650.0 118.512730112
2660.0 118.957485713
2670.0 119.402173243
2680.0 119.846791458
2690.0 120.291339102
2700.0 120.73581491
2710.0 121.180217611
2720.0 121.624545924
2730.0 122.068798561
2740.0 122.512974226
2750.0 122.95707162
2760.0 123.401089432
2770.0 123.845026349
2780.0 124.288881052
2790.0 124.732652218
2800.0 125.176338517
2810.0 125.619938619
2820.0 126.063451187
2830.0 126.506874884
2840.0 126.950208369
2850.0 127.393450303
2860.0 127.836599341
2870.0 128.279654142
2880.0 128.722613363
2890.0 129.165475663
2900.0 129.608239702
2910.0 130.050904143
2920.0 130.49346765
2930.0 130.935928893
2940.0 131.378286545
2950.0 131.820539285
2960.0 132.262685797
2970.0 132.70472477
2980.0 133.146654903
2990.0 133.5884749
3000.0 134.030183477
3010.0 134.471779356
3020.0 134.913261272
3030.0 135.354627968
3040.0 135.795878201
3050.0 136.237010741
3060.0 136.678024368
3070.0 137.118917879
3080.0 137.559690086
3090.0 138.000339814
3100.0 138.440865907
3110.0 138.881267225
3120.0 139.321542647
3130.0 139.76169107
3140.0 140.201711411
3150.0 140.641602608
3160.0 141.081363619
3170.0 141.520993425
3180.0 141.960491031
3190.0 142.399855464
3200.0 142.839085776
3210.0 143.278181044
3220.0 143.717140372
3230.0 144.155962891
3240.0 144.594647758
3250.0 145.03319416
3260.0 145.471601313
3270.0 145.909868462
3280.0 146.347994885
3290.0 146.785979887
3300.0 147.22382281
3310.0 147.661523025
3320.0 148.09907994
3330.0 148.536492995
3340.0 148.973761665
3350.0 149.410885461
3360.0 149.84786393
3370.0 150.284696657
3380.0 150.721383261
3390.0 151.157923404
3400.0 151.594316783
3410.0 152.030563134
3420.0 152.466662235
3430.0 152.902613903
3440.0 153.338417995
3450.0 153.77407441
3460.0 154.209583089
3470.0 154.644944013
3480.0 155.080157208
3490.0 155.51522274
3500.0 155.950140722
3510.0 156.384911306
3520.0 156.819534691
3530.0 157.25401112
3540.0 157.688340877
3550.0 158.122524295
3560.0 158.556561748
3570.0 158.990453658
3580.0 159.424200489
3590.0 159.857802753
3600.0 160.291261004
3610.0 160.724575845
3620.0 161.157747922
3630.0 161.590777927
3640.0 162.023666596
3650.0 162.456414711
3660.0 162.889023101
3670.0 163.321492637
3680.0 163.753824237
3690.0 164.186018861
3700.0 164.618077517
3710.0 165.050001254
3720.0 165.481791166
3730.0 165.913448392
3740.0 166.344974112
3750.0 166.77636955
3760.0 167.207635972
3770.0 167.638774686
3780.0 168.069787042
3790.0 168.500674431
3800.0 168.931438283
3810.0 169.362080071
3820.0 169.792601304
3830.0 170.223003533
3840.0 170.653288343
3850.0 171.083457361
3860.0 171.513512248
3870.0 171.9434547
3880.0 172.373286451
3890.0 172.803009267
3900.0 173.232624949