0.0 0.0
120.0 5.38194224479
121.25 5.43881541272
122.5 5.49565926387
123.75 5.55247453567
125.0 5.60926195902
126.25 5.6660222574
127.5 5.72275614612
128.75 5.77946433165
130.0 5.83614751094
131.25 5.89280637099
132.5 5.94944158825
133.75 6.00605382831
135.0 6.0626437455
136.25 6.11921198257
137.5 6.17575917046
138.75 6.23228592807
140.0 6.28879286211
141.25 6.34528056695
142.5 6.40174962453
143.75 6.45820060429
145.0 6.51463406314
146.25 6.57105054545
147.5 6.62745058306
148.75 6.68383469534
150.0 6.74020338922
151.25 6.79655715929
152.5 6.8528964879
155.0 6.96553368951
157.5 7.07811861232
160.0 7.19065468703
162.5 7.30314516194
165.0 7.41559310864
167.5 7.52800142805
170.0 7.64037285675
172.5 7.75270997344
175.0 7.86501520557
177.5 7.97729083593
180.0 8.08953900928
182.5 8.20176173885
185.0 8.31396091286
187.5 8.42613830072
190.0 8.53829555927
195.0 8.76255578837
200.0 8.98675282478
205.0 9.21089645303
210.0 9.43499517896
215.0 9.65905637732
220.0 9.88308642566
225.0 10.1070908251
230.0 10.3310743085
240.0 10.7789941874
250.0 11.2268719735
260.0 11.6747264358
270.0 12.1225709899
280.0 12.5704150703
290.0 13.0182651739
300.0 13.466125648
310.0 13.9139992792
320.0 14.361887733
330.0 14.8097918776
340.0 15.2577120226
350.0 15.7056480932
360.0 16.1535997562
370.0 16.6015665106
380.0 17.0495477531
390.0 17.497542823
400.0 17.9455510349
410.0 18.3935716999
420.0 18.8416041405
430.0 19.2896477002
440.0 19.7377017489
450.0 20.1857656866
460.0 20.6338389446
470.0 21.0819209861
480.0 21.5300113051
490.0 21.9781094261
500.0 22.4262149021
510.0 22.8743273138
520.0 23.3224462671
530.0 23.7705713924
540.0 24.2187023426
550.0 24.6668387916
560.0 25.1149804329
570.0 25.5631269784
580.0 26.0112781568
590.0 26.459433713
600.0 26.9075934064
610.0 27.3557570102
620.0 27.8039243105
630.0 28.2520951052
640.0 28.7002692034
650.0 29.1484464245
660.0 29.5966265978
670.0 30.0448095615
680.0 30.4929951623
690.0 30.9411832547
700.0 31.3893737007
710.0 31.8375663693
720.0 32.2857611359
730.0 32.7339578819
740.0 33.1821564945
750.0 33.6303568661
760.0 34.0785588943
770.0 34.526762481
780.0 34.974967533
790.0 35.4231739606
800.0 35.8713816786
810.0 36.3195906048
820.0 36.7678006609
830.0 37.2160117714
840.0 37.6642238638
850.0 38.1124368686
860.0 38.5606507187
870.0 39.0088653495
880.0 39.4570806986
890.0 39.9052967058
900.0 40.3535133127
910.0 40.8017304629
920.0 41.2499481017
930.0 41.6981661758
940.0 42.1463846335
950.0 42.5946034243
960.0 43.0428224992
970.0 43.4910418101
980.0 43.93926131
990.0 44.3874809527
1000.0 44.835700693
1010.0 45.2839204865
1020.0 45.7321402893
1030.0 46.1803600582
1040.0 46.6285797505
1050.0 47.0767993237
1060.0 47.5250187361
1070.0 47.9732379457
1080.0 48.4214569113
1090.0 48.8696755914
1100.0 49.3178939448
1110.0 49.7661119301
1120.0 50.214329506
1130.0 50.6625466309
1140.0 51.1107632632
1150.0 51.558979361
1160.0 52.0071948818
1170.0 52.4554097831
1180.0 52.9036240216
1190.0 53.3518375537
1200.0 53.8000503352
1210.0 54.2482623212
1220.0 54.696473466
1230.0 55.1446837234
1240.0 55.5928930461
1250.0 56.041101386
1260.0 56.4893086942
1270.0 56.9375149205
1280.0 57.3857200138
1290.0 57.8339239218
1300.0 58.282126591
1310.0 58.7303279666
1320.0 59.1785279924
1330.0 59.6267266109
1340.0 60.074923763
1350.0 60.523119388
1360.0 60.9713134238
1370.0 61.4195058064
1380.0 61.8676964699
1390.0 62.315885347
1400.0 62.7640723679
1410.0 63.2122574613
1420.0 63.6604405534
1430.0 64.1086215685
1440.0 64.5568004285
1450.0 65.0049770531
1460.0 65.4531513595
1470.0 65.9013232624
1480.0 66.3494926739
1490.0 66.7976595033
1500.0 67.2458236573
1510.0 67.6939850397
1520.0 68.1421435513
1530.0 68.5902990897
1540.0 69.0384515495
1550.0 69.486600822
1560.0 69.9347467951
1570.0 70.3828893533
1580.0 70.8310283772
1590.0 71.2791637442
1600.0 71.7272953275
1610.0 72.1754229965
1620.0 72.6235466167
1630.0 73.0716660492
1640.0 73.5197811509
1650.0 73.9678917745
1660.0 74.415997768
1670.0 74.8640989747
1680.0 75.3121952332
1690.0 75.7602863774
1700.0 76.2083722358
1710.0 76.6564526319
1720.0 77.1045273841
1730.0 77.5525963049
1740.0 78.0006592017
1750.0 78.4487158759
1760.0 78.896766123
1770.0 79.3448097327
1780.0 79.7928464883
1790.0 80.2408761671
1800.0 80.6888985396
1810.0 81.13691337
1820.0 81.5849204154
1830.0 82.0329194264
1840.0 82.4809101461
1850.0 82.9288923107
1860.0 83.3768656487
1870.0 83.8248298815
1880.0 84.2727847222
1890.0 84.7207298765
1900.0 85.1686650419
1910.0 85.6165899076
1920.0 86.0645041546
1930.0 86.5124074552
1940.0 86.960299473
1950.0 87.4081798629
1960.0 87.8560482706
1970.0 88.3039043327
1980.0 88.7517476763
1990.0 89.199577919
2000.0 89.6473946687
2010.0 90.0951975235
2020.0 90.5429860714
2030.0 90.99075989
2040.0 91.4385185468
2050.0 91.8862615986
2060.0 92.3339885916
2070.0 92.7816990609
2080.0 93.2293925309
2090.0 93.6770685144
2100.0 94.1247265133
2110.0 94.5723660176
2120.0 95.0199865059
2130.0 95.4675874449
2140.0 95.9151682892
2150.0 96.3627284816
2160.0 96.8102674525
2170.0 97.2577846197
2180.0 97.7052793887
2190.0 98.1527511525
2200.0 98.600199291
2210.0 99.0476231712
2220.0 99.4950221474
2230.0 99.9423955604
2240.0 100.389742738
2250.0 100.837062994
2260.0 101.28435563
2270.0 101.731619933
2280.0 102.178855177
2290.0 102.626060622
2300.0 103.073235513
2310.0 103.520379083
2320.0 103.96749055
2330.0 104.414569119
2340.0 104.86161398
2350.0 105.308624309
2360.0 105.755599269
2370.0 106.202538006
2380.0 106.649439656
2390.0 107.096303337
2400.0 107.543128156
2410.0 107.989913203
2420.0 108.436657557
2430.0 108.883360279
2440.0 109.330020419
2450.0 109.776637012
2460.0 110.22320908
2470.0 110.669735629
2480.0 111.116215654
2490.0 111.562648133
2500.0 112.009032034
2510.0 112.455366308
2520.0 112.901649896
2530.0 113.347881723
2540.0 113.794060703
2550.0 114.240185736
2560.0 114.686255709
2570.0 115.132269498
2580.0 115.578225966
2590.0 116.024123962
2600.0 116.469962326
2610.0 116.915739886
2620.0 117.361455456
2630.0 117.807107843
2640.0 118.252695839
2650.0 118.698218228
2660.0 119.143673784
2670.0 119.58906127
2680.0 120.03437944
2690.0 120.479627039
2700.0 120.924802802
2710.0 121.369905458
2720.0 121.814933726
2730.0 122.259886318
2740.0 122.704761939
2750.0 123.149559287
2760.0 123.594277055
2770.0 124.038913927
2780.0 124.483468586
2790.0 124.927939706
2800.0 125.372325961
2810.0 125.816626017
2820.0 126.26083854
2830.0 126.704962192
2840.0 127.148995633
2850.0 127.592937522
2860.0 128.036786516
2870.0 128.480541272
2880.0 128.924200448
2890.0 129.367762703
2900.0 129.811226697
2910.0 130.254591093
2920.0 130.697854555
2930.0 131.141015754
2940.0 131.584073361
2950.0 132.027026056
2960.0 132.469872523
2970.0 132.912611451
2980.0 133.355241539
2990.0 133.797761492
3000.0 134.240170023
3010.0 134.682465858
3020.0 135.124647728
3030.0 135.56671438
3040.0 136.008664568
3050.0 136.450497063
3060.0 136.892210645
3070.0 137.333804112
3080.0 137.775276274
3090.0 138.216625957
3100.0 138.657852005
3110.0 139.098953278
3120.0 139.539928656
3130.0 139.980777034
3140.0 140.42149733
3150.0 140.862088482
3160.0 141.302549448
3170.0 141.74287921
3180.0 142.18307677
3190.0 142.623141158
3200.0 143.063071425
3210.0 143.502866649
3220.0 143.942525932
3230.0 144.382048406
3240.0 144.821433228
3250.0 145.260679586
3260.0 145.699786694
3270.0 146.138753798
3280.0 146.577580175
3290.0 147.016265133
3300.0 147.454808011
3310.0 147.893208182
3320.0 148.331465052
3330.0 148.769578062
3340.0 149.207546687
3350.0 149.645370438
3360.0 150.083048862
3370.0 150.520581544
3380.0 150.957968104
3390.0 151.395208202
3400.0 151.832301536
3410.0 152.269247842
3420.0 152.706046899
3430.0 153.142698522
3440.0 153.579202569
3450.0 154.015558939
3460.0 154.451767573
3470.0 154.887828452
3480.0 155.323741602
3490.0 155.759507089
3500.0 156.195125026
3510.0 156.630595566
3520.0 157.065918906
3530.0 157.501095289
3540.0 157.936125002
3550.0 158.371008375
3560.0 158.805745783
3570.0 159.240337648
3580.0 159.674784435
3590.0 160.109086653
3600.0 160.54324486
3610.0 160.977259656
3620.0 161.411131688
3630.0 161.844861648
3640.0 162.278450272
3650.0 162.711898343
3660.0 163.145206688
3670.0 163.578376179
3680.0 164.011407734
3690.0 164.444302313
3700.0 164.877060924
3710.0 165.309684616
3720.0 165.742174484
3730.0 166.174531665
3740.0 166.60675734
3750.0 167.038852733
3760.0 167.47081911
3770.0 167.90265778
3780.0 168.334370091
3790.0 168.765957435
3800.0 169.197421242
3810.0 169.628762985
3820.0 170.059984174
3830.0 170.491086357
3840.0 170.922071123
3850.0 171.352940096
3860.0 171.783694937
3870.0 172.214337345
3880.0 172.644869051
3890.0 173.075291822
3900.0 173.50560746