0.0 0.0
120.0 5.37927580823
121.25 5.43612129645
122.5 5.49293747009
123.75 5.54972506658
125.0 5.60648481683
126.25 5.66321744431
127.5 5.71992366437
128.75 5.77660418344
130.0 5.83325969853
131.25 5.8898908966
132.5 5.94649845415
133.75 6.00308303675
135.0 6.05964529874
136.25 6.11618588288
137.5 6.17270542011
138.75 6.22920452936
140.0 6.28568381733
141.25 6.3421438784
142.5 6.39858529451
143.75 6.45500863513
145.0 6.51141445715
146.25 6.56780330496
147.5 6.62417571042
148.75 6.68053219289
150.0 6.73687325931
151.25 6.79319940429
152.5 6.84951111017
153.75 6.90580884716
155.0 6.96209307346
156.25 7.01836423539
157.5 7.07462276752
158.75 7.13086909289
160.0 7.18710362311
162.5 7.29953888859
165.0 7.4119316356
167.5 7.52428476515
170.0 7.63660101386
172.5 7.74888296051
175.0 7.86113303261
177.5 7.973353513
180.0 8.08554654651
182.5 8.19771414646
185.0 8.3098582011
187.5 8.42198047993
190.0 8.53408263985
192.5 8.64616623111
195.0 8.75823270313
197.5 8.87028341006
200.0 8.98231961613
202.5 9.09434250085
205.0 9.2063531639
210.0 9.43034185283
215.0 9.65429305822
220.0 9.87821315821
225.0 10.1021076545
230.0 10.3259812805
235.0 10.5498380982
240.0 10.7736815839
245.0 10.9975147046
250.0 11.2213399847
260.0 11.6689752565
270.0 12.1166008199
280.0 12.5642261143
290.0 13.011857642
300.0 13.4594997553
310.0 13.9071552466
320.0 14.3548257865
330.0 14.8025122491
340.0 15.2502149497
350.0 15.6979338195
360.0 16.1456685311
370.0 16.59341859
380.0 17.041183399
390.0 17.4889623041
400.0 17.9367546263
410.0 18.3845596837
420.0 18.8323768056
430.0 19.2802053425
440.0 19.7280446718
450.0 20.1758942009
460.0 20.6237533688
470.0 21.0716216462
480.0 21.5194985354
490.0 21.9673835689
500.0 22.4152763083
510.0 22.8631763427
520.0 23.3110832869
530.0 23.7589967802
540.0 24.2069164849
550.0 24.6548420842
560.0 25.1027732815
570.0 25.5507097984
580.0 25.9986513741
590.0 26.4465977637
600.0 26.8945487375
610.0 27.3425040797
620.0 27.7904635875
630.0 28.2384270705
640.0 28.6863943498
650.0 29.1343652569
660.0 29.5823396336
670.0 30.0303173309
680.0 30.4782982088
690.0 30.9262821353
700.0 31.3742689865
710.0 31.8222586455
720.0 32.2702510024
730.0 32.7182459539
740.0 33.1662434025
750.0 33.6142432567
760.0 34.0622454305
770.0 34.5102498427
780.0 34.9582564174
790.0 35.406265083
800.0 35.8542757723
810.0 36.3022884224
820.0 36.7503029742
830.0 37.1983193725
840.0 37.6463375653
850.0 38.0943575045
860.0 38.5423791448
870.0 38.9904024441
880.0 39.4384273635
890.0 39.8864538667
900.0 40.33448192
910.0 40.7825114925
920.0 41.2305425557
930.0 41.6785750835
940.0 42.1266090522
950.0 42.5746444401
960.0 43.0226812279
970.0 43.4707193983
980.0 43.9187589359
990.0 44.3667998275
1000.0 44.8148420614
1010.0 45.2628856282
1020.0 45.7109305201
1030.0 46.158976731
1040.0 46.6070242566
1050.0 47.0550730943
1060.0 47.5031232433
1070.0 47.9511747041
1080.0 48.3992274792
1090.0 48.8472815724
1100.0 49.2953369894
1110.0 49.7433937371
1120.0 50.1914518242
1130.0 50.639511261
1140.0 51.0875720593
1150.0 51.5356342322
1160.0 51.9836977949
1170.0 52.4317627636
1180.0 52.8798291564
1190.0 53.3278969929
1200.0 53.7759662943
1210.0 54.2240370834
1220.0 54.6721093846
1230.0 55.1201832239
1240.0 55.5682586291
1250.0 56.0163356296
1260.0 56.4644142566
1270.0 56.9124945428
1280.0 57.3605765231
1290.0 57.8086602337
1300.0 58.2567457132
1310.0 58.7048330016
1320.0 59.1529221411
1330.0 59.6010131757
1340.0 60.0491061517
1350.0 60.4972011171
1360.0 60.9452981222
1370.0 61.3933972195
1380.0 61.8414984636
1390.0 62.2896019115
1400.0 62.7377076223
1410.0 63.1858156578
1420.0 63.633926082
1430.0 64.0820389615
1440.0 64.5301543656
1450.0 64.978272366
1460.0 65.4263930374
1470.0 65.8745164571
1480.0 66.3226427053
1490.0 66.7707718653
1500.0 67.2189040234
1510.0 67.6670392687
1520.0 68.115177694
1530.0 68.5633193951
1540.0 69.0114644712
1550.0 69.459613025
1560.0 69.9077651629
1570.0 70.3559209947
1580.0 70.8040806342
1590.0 71.2522441989
1600.0 71.7004118106
1610.0 72.1485835947
1620.0 72.5967596811
1630.0 73.044940204
1640.0 73.4931253019
1650.0 73.941315118
1660.0 74.3895097998
1670.0 74.8377095
1680.0 75.285914376
1690.0 75.73412459
1700.0 76.1823403098
1710.0 76.6305617082
1720.0 77.0787889633
1730.0 77.5270222589
1740.0 77.9752617846
1750.0 78.4235077356
1760.0 78.871760313
1770.0 79.3200197243
1780.0 79.768286183
1790.0 80.216559909
1800.0 80.6648411287
1810.0 81.1131300755
1820.0 81.5614269891
1830.0 82.0097321167
1840.0 82.4580457123
1850.0 82.9063680373
1860.0 83.3546993607
1870.0 83.8030399588
1880.0 84.2513901159
1890.0 84.6997501242
1900.0 85.148120284
1910.0 85.5965009038
1920.0 86.0448923005
1930.0 86.4932947998
1940.0 86.9417087358
1950.0 87.3901344518
1960.0 87.8385723
1970.0 88.2870226421
1980.0 88.7354858489
1990.0 89.1839623011
2000.0 89.6324523889
2010.0 90.0809565125
2020.0 90.5294750822
2030.0 90.9780085186
2040.0 91.4265572526
2050.0 91.8751217258
2060.0 92.3237023904
2070.0 92.7722997096
2080.0 93.2209141577
2090.0 93.6695462201
2100.0 94.1181963938
2110.0 94.5668651869
2120.0 95.0155531197
2130.0 95.4642607241
2140.0 95.9129885438
2150.0 96.361737135
2160.0 96.810507066
2170.0 97.2592989174
2180.0 97.7081132825
2190.0 98.1569507672
2200.0 98.6058119902
2210.0 99.0546975834
2220.0 99.5036081912
2230.0 99.9525444717
2240.0 100.401507096
2250.0 100.850496749
2260.0 101.299514128
2270.0 101.748559945
2280.0 102.197634925
2290.0 102.646739807
2300.0 103.095875344
2310.0 103.545042304
2320.0 103.994241465
2330.0 104.443473623
2340.0 104.892739588
2350.0 105.342040181
2360.0 105.791376239
2370.0 106.240748614
2380.0 106.69015817
2390.0 107.139605788
2400.0 107.589092361
2410.0 108.038618797
2420.0 108.488186016
2430.0 108.937794957
2440.0 109.387446568
2450.0 109.837141813
2460.0 110.286881671
2470.0 110.736667133
2480.0 111.186499206
2490.0 111.636378908
2500.0 112.086307273
2510.0 112.536285347
2520.0 112.986314189
2530.0 113.436394874
2540.0 113.886528487
2550.0 114.336716126
2560.0 114.786958905
2570.0 115.237257946
2580.0 115.687614386
2590.0 116.138029375
2600.0 116.588504072
2610.0 117.03903965
2620.0 117.489637292
2630.0 117.940298192
2640.0 118.391023557
2650.0 118.841814601
2660.0 119.292672552
2670.0 119.743598644
2680.0 120.194594123
2690.0 120.645660244
2700.0 121.096798271
2710.0 121.548009474
2720.0 121.999295134
2730.0 122.450656539
2740.0 122.902094982
2750.0 123.353611765
2760.0 123.805208196
2770.0 124.256885587
2780.0 124.708645258
2790.0 125.160488532
2800.0 125.612416736
2810.0 126.064431202
2820.0 126.516533264
2830.0 126.968724261
2840.0 127.421005531
2850.0 127.873378415
2860.0 128.325844256
2870.0 128.778404394
2880.0 129.231060173
2890.0 129.683812933
2900.0 130.136664014
2910.0 130.589614751
2920.0 131.042666481
2930.0 131.495820532
2940.0 131.949078232
2950.0 132.402440901
2960.0 132.855909855
2970.0 133.309486404
2980.0 133.763171849
2990.0 134.216967485
3000.0 134.670874596
3010.0 135.124894459
3020.0 135.57902834
3030.0 136.033277494
3040.0 136.487643164
3050.0 136.942126581
3060.0 137.396728962
3070.0 137.851451512
3080.0 138.306295418
3090.0 138.761261853
3100.0 139.216351975
3110.0 139.671566922
3120.0 140.126907815
3130.0 140.582375757
3140.0 141.03797183
3150.0 141.493697097
3160.0 141.949552598
3170.0 142.405539353
3180.0 142.861658355
3190.0 143.317910579
3200.0 143.77429697
3210.0 144.230818453
3220.0 144.687475922
3230.0 145.144270246
3240.0 145.601202268
3250.0 146.058272801
3260.0 146.515482628
3270.0 146.972832504
3280.0 147.430323152
3290.0 147.887955264
3300.0 148.3457295
3310.0 148.803646486
3320.0 149.261706817
3330.0 149.719911051
3340.0 150.178259713
3350.0 150.636753291
3360.0 151.095392238
3370.0 151.55417697
3380.0 152.013107866
3390.0 152.472185264
3400.0 152.931409469
3410.0 153.390780741
3420.0 153.850299303
3430.0 154.30996534
3440.0 154.769778992
3450.0 155.229740362
3460.0 155.689849507
3470.0 156.150106446
3480.0 156.610511153
3490.0 157.071063561
3500.0 157.531763559
3510.0 157.992610992
3520.0 158.453605662
3530.0 158.914747326
3540.0 159.376035699
3550.0 159.837470449
3560.0 160.299051201
3570.0 160.760777532
3580.0 161.222648979
3590.0 161.68466503
3600.0 162.146825128
3610.0 162.609128673
3620.0 163.071575018
3630.0 163.534163471
3640.0 163.996893294
3650.0 164.459763706
3660.0 164.922773878
3670.0 165.385922938
3680.0 165.849209969
3690.0 166.312634009
3700.0 166.776194052
3710.0 167.239889047
3720.0 167.7037179
3730.0 168.167679473
3740.0 168.631772585
3750.0 169.095996012
3760.0 169.560348487
3770.0 170.024828702
3780.0 170.489435308
3790.0 170.954166913
3800.0 171.419022086
3810.0 171.883999356
3820.0 172.349097211
3830.0 172.814314103
3840.0 173.279648443
3850.0 173.745098607
3860.0 174.210662933
3870.0 174.676339724
3880.0 175.142127247
3890.0 175.608023734
3900.0 176.074027385