0.0 0.0
120.0 5.38448796031
121.25 5.44138764611
122.5 5.49825801513
123.75 5.5550998048
125.0 5.61191374602
126.25 5.66870056227
127.5 5.72546096886
128.75 5.78219567225
130.0 5.83890536942
131.25 5.89559074733
132.5 5.95225248247
133.75 6.0088912404
135.0 6.06550767546
136.25 6.1221024304
137.5 6.17867613616
138.75 6.23522941164
140.0 6.29176286355
141.25 6.34827708626
142.5 6.40477266171
143.75 6.46125015934
145.0 6.51771013606
146.25 6.57415313623
147.5 6.63057969172
148.75 6.68699032186
150.0 6.74338553362
151.25 6.79976582156
152.5 6.85613166804
155.0 6.96882190539
157.5 7.08145986394
160.0 7.19404897439
162.5 7.30659248504
165.0 7.41909346748
167.5 7.53155482263
170.0 7.64397928707
172.5 7.7563694395
175.0 7.86872770737
177.5 7.98105637347
180.0 8.09335758255
182.5 8.20563334787
185.0 8.31788555762
187.5 8.43011598122
190.0 8.54232627551
195.0 8.76669257609
200.0 8.99099568398
205.0 9.21524538371
210.0 9.43945018112
215.0 9.66361745095
220.0 9.88775357078
225.0 10.1118640417
230.0 10.3359535966
240.0 10.7840856184
250.0 11.2321755475
260.0 11.6802421528
270.0 12.1282988498
280.0 12.5763550731
290.0 13.0244173198
300.0 13.4724899368
310.0 13.920575711
320.0 14.3686763077
330.0 14.8167925952
340.0 15.2649248833
350.0 15.7130730968
360.0 16.1612369027
370.0 16.6094158001
380.0 17.0576091855
390.0 17.5058163985
400.0 17.9540367533
410.0 18.4022695613
420.0 18.8505141448
430.0 19.2987698474
440.0 19.7470360391
450.0 20.1953121198
460.0 20.6435975208
470.0 21.0918917052
480.0 21.5401941672
490.0 21.9885044311
500.0 22.4368220501
510.0 22.8851466047
520.0 23.333477701
530.0 23.7818149693
540.0 24.2301580625
550.0 24.6785066544
560.0 25.1268604387
570.0 25.5752191271
580.0 26.0235824485
590.0 26.4719501476
600.0 26.920321984
610.0 27.3686977308
620.0 27.817077174
630.0 28.2654601117
640.0 28.7138463528
650.0 29.1622357169
660.0 29.6106280332
670.0 30.0590231398
680.0 30.5074208835
690.0 30.9558211189
700.0 31.4042237079
710.0 31.8526285195
720.0 32.301035429
730.0 32.749444318
740.0 33.1978550735
750.0 33.6462675881
760.0 34.0946817592
770.0 34.5430974889
780.0 34.9915146838
790.0 35.4399332545
800.0 35.8883531154
810.0 36.3367741846
820.0 36.7851963836
830.0 37.233619637
840.0 37.6820438724
850.0 38.1304690202
860.0 38.5788950133
870.0 39.027321787
880.0 39.4757492791
890.0 39.9241774292
900.0 40.3726061791
910.0 40.8210354723
920.0 41.269465254
930.0 41.717895471
940.0 42.1663260717
950.0 42.6147570055
960.0 43.0631882234
970.0 43.5116196772
980.0 43.96005132
990.0 44.4084831057
1000.0 44.856914989
1010.0 45.3053469255
1020.0 45.7537788712
1030.0 46.2022107831
1040.0 46.6506426183
1050.0 47.0990743345
1060.0 47.5475058898
1070.0 47.9959372425
1080.0 48.444368351
1090.0 48.8927991741
1100.0 49.3412296704
1110.0 49.7896597986
1120.0 50.2380895175
1130.0 50.6865187854
1140.0 51.1349475607
1150.0 51.5833758013
1160.0 52.0318034651
1170.0 52.4802305094
1180.0 52.9286568908
1190.0 53.3770825659
1200.0 53.8255074904
1210.0 54.2739316193
1220.0 54.7223549071
1230.0 55.1707773074
1240.0 55.6191987731
1250.0 56.067619256
1260.0 56.5160387071
1270.0 56.9644570764
1280.0 57.4128743127
1290.0 57.8612903636
1300.0 58.3097051758
1310.0 58.7581186943
1320.0 59.2065308631
1330.0 59.6549416245
1340.0 60.1033509196
1350.0 60.5517586876
1360.0 61.0001648663
1370.0 61.4485693919
1380.0 61.8969721984
1390.0 62.3453732184
1400.0 62.7937723823
1410.0 63.2421696186
1420.0 63.6905648537
1430.0 64.1389580117
1440.0 64.5873490147
1450.0 65.0357377823
1460.0 65.4841242317
1470.0 65.9325082775
1480.0 66.3808898319
1490.0 66.8292688043
1500.0 67.2776451013
1510.0 67.7260186267
1520.0 68.1743892812
1530.0 68.6227569625
1540.0 69.0711215653
1550.0 69.5194829808
1560.0 69.9678410969
1570.0 70.416195798
1580.0 70.8645469649
1590.0 71.3128944748
1600.0 71.7612382011
1610.0 72.2095780131
1620.0 72.6579137762
1630.0 73.1062453516
1640.0 73.5545725963
1650.0 74.0028953629
1660.0 74.4512134993
1670.0 74.899526849
1680.0 75.3478352505
1690.0 75.7961385376
1700.0 76.244436539
1710.0 76.6927290781
1720.0 77.1410159732
1730.0 77.589297037
1740.0 78.0375720767
1750.0 78.4858408938
1760.0 78.9341032839
1770.0 79.3823590366
1780.0 79.8306079352
1790.0 80.2788497569
1800.0 80.7270842724
1810.0 81.1753112457
1820.0 81.6235304341
1830.0 82.071741588
1840.0 82.5199444507
1850.0 82.9681387582
1860.0 83.4163242393
1870.0 83.8645006149
1880.0 84.3126675987
1890.0 84.760824896
1900.0 85.2089722043
1910.0 85.657109213
1920.0 86.1052356029
1930.0 86.5533510464
1940.0 87.0014552072
1950.0 87.4495477401
1960.0 87.8976282908
1970.0 88.3456964958
1980.0 88.7937519823
1990.0 89.241794368
2000.0 89.6898232607
2010.0 90.1378382585
2020.0 90.5858389493
2030.0 91.0338249109
2040.0 91.4817957106
2050.0 91.9297509054
2060.0 92.3776900413
2070.0 92.8256126536
2080.0 93.2735182665
2090.0 93.721406393
2100.0 94.1692765348
2110.0 94.6171281821
2120.0 95.0649608134
2130.0 95.5127738953
2140.0 95.9605668827
2150.0 96.408339218
2160.0 96.8560903318
2170.0 97.303819642
2180.0 97.751526554
2190.0 98.1992104607
2200.0 98.6468707421
2210.0 99.0945067654
2220.0 99.5421178845
2230.0 99.9897034404
2240.0 100.437262761
2250.0 100.88479516
2260.0 101.332299939
2270.0 101.779776385
2280.0 102.227223772
2290.0 102.674641359
2300.0 103.122028393
2310.0 103.569384106
2320.0 104.016707717
2330.0 104.463998429
2340.0 104.911255433
2350.0 105.358477905
2360.0 105.805665007
2370.0 106.252815888
2380.0 106.69992968
2390.0 107.147005505
2400.0 107.594042467
2410.0 108.041039657
2420.0 108.487996153
2430.0 108.934911018
2440.0 109.381783301
2450.0 109.828612038
2460.0 110.275396248
2470.0 110.722134941
2480.0 111.168827108
2490.0 111.61547173
2500.0 112.062067774
2510.0 112.508614191
2520.0 112.955109922
2530.0 113.401553892
2540.0 113.847945015
2550.0 114.294282191
2560.0 114.740564307
2570.0 115.186790239
2580.0 115.632958849
2590.0 116.079068989
2600.0 116.525119496
2610.0 116.971109198
2620.0 117.417036912
2630.0 117.862901441
2640.0 118.30870158
2650.0 118.754436112
2660.0 119.200103811
2670.0 119.64570344
2680.0 120.091233753
2690.0 120.536693495
2700.0 120.982081401
2710.0 121.4273962
2720.0 121.872636611
2730.0 122.317801346
2740.0 122.76288911
2750.0 123.207898601
2760.0 123.652828511
2770.0 124.097677527
2780.0 124.542444328
2790.0 124.987127592
2800.0 125.43172599
2810.0 125.876238189
2820.0 126.320662855
2830.0 126.76499865
2840.0 127.209244234
2850.0 127.653398265
2860.0 128.097459402
2870.0 128.541426301
2880.0 128.98529762
2890.0 129.429072018
2900.0 129.872748156
2910.0 130.316324694
2920.0 130.759800299
2930.0 131.203173641
2940.0 131.646443391
2950.0 132.089608229
2960.0 132.532666839
2970.0 132.97561791
2980.0 133.418460141
2990.0 133.861192237
3000.0 134.303812911
3010.0 134.746320889
3020.0 135.188714902
3030.0 135.630993697
3040.0 136.073156028
3050.0 136.515200666
3060.0 136.957126391
3070.0 137.398932001
3080.0 137.840616305
3090.0 138.282178131
3100.0 138.723616323
3110.0 139.164929739
3120.0 139.606117259
3130.0 140.04717778
3140.0 140.488110219
3150.0 140.928913514
3160.0 141.369586623
3170.0 141.810128528
3180.0 142.250538232
3190.0 142.690814763
3200.0 143.130957172
3210.0 143.570964539
3220.0 144.010835965
3230.0 144.450570582
3240.0 144.890167547
3250.0 145.329626048
3260.0 145.768945299
3270.0 146.208124546
3280.0 146.647163066
3290.0 147.086060167
3300.0 147.524815188
3310.0 147.963427502
3320.0 148.401896515
3330.0 148.840221668
3340.0 149.278402436
3350.0 149.71643833
3360.0 150.154328897
3370.0 150.592073721
3380.0 151.029672424
3390.0 151.467124665
3400.0 151.904430142
3410.0 152.341588592
3420.0 152.778599791
3430.0 153.215463557
3440.0 153.652179747
3450.0 154.08874826
3460.0 154.525169037
3470.0 154.961442059
3480.0 155.397567352
3490.0 155.833544982
3500.0 156.269375062
3510.0 156.705057744
3520.0 157.140593228
3530.0 157.575981754
3540.0 158.01122361
3550.0 158.446319126
3560.0 158.881268677
3570.0 159.316072685
3580.0 159.750731614
3590.0 160.185245976
3600.0 160.619616326
3610.0 161.053843265
3620.0 161.48792744
3630.0 161.921869543
3640.0 162.35567031
3650.0 162.789330523
3660.0 163.222851011
3670.0 163.656232645
3680.0 164.089476343
3690.0 164.522583066
3700.0 164.955553819
3710.0 165.388389655
3720.0 165.821091665
3730.0 166.253660989
3740.0 166.686098807
3750.0 167.118406343
3760.0 167.550584863
3770.0 167.982635675
3780.0 168.41456013
3790.0 168.846359616
3800.0 169.278035567
3810.0 169.709589453
3820.0 170.141022784
3830.0 170.572337111
3840.0 171.00353402
3850.0 171.434615136
3860.0 171.86558212
3870.0 172.29643667
3880.0 172.727180519
3890.0 173.157815434
3900.0 173.588343214