0.0 0.0
120.0 5.38320161364
121.25 5.44008789999
122.5 5.49694486956
123.75 5.55377325979
125.0 5.61057380156
126.25 5.66734721837
127.5 5.72409422552
128.75 5.78081552947
130.0 5.83751182719
131.25 5.89418380566
132.5 5.95083214135
133.75 6.00745749984
135.0 6.06406053545
136.25 6.12064189095
137.5 6.17720219726
138.75 6.2337420733
140.0 6.29026212576
141.25 6.34676294903
142.5 6.40324512504
143.75 6.45970922322
145.0 6.51615580049
146.25 6.57258540123
147.5 6.62899855726
148.75 6.68539578797
150.0 6.74177760027
151.25 6.79814448877
152.5 6.85449693581
155.0 6.96716037427
157.5 7.07977153393
160.0 7.19233384549
162.5 7.30485055725
165.0 7.4173247408
167.5 7.52975929707
170.0 7.64215696261
172.5 7.75452031616
175.0 7.86685178514
177.5 7.97915365235
180.0 8.09142806254
182.5 8.20367702897
185.0 8.31590243983
187.5 8.42810606454
190.0 8.54028955994
195.0 8.76460226274
200.0 8.98885177286
205.0 9.21304787481
210.0 9.43719907444
215.0 9.66131274649
220.0 9.88539526854
225.0 10.1094521417
230.0 10.3334880988
240.0 10.7815129251
250.0 11.2294956585
260.0 11.6774550683
270.0 12.1254045698
280.0 12.5733535976
290.0 13.0213086486
300.0 13.4692740701
310.0 13.9172526487
320.0 14.3652460499
330.0 14.8132551419
340.0 15.2612802343
350.0 15.7093212524
360.0 16.1573778627
370.0 16.6054495645
380.0 17.0535357544
390.0 17.5016357718
400.0 17.9497489311
410.0 18.3978745435
420.0 18.8460119315
430.0 19.2941604385
440.0 19.7423194346
450.0 20.1904883197
460.0 20.6386665252
470.0 21.086853514
480.0 21.5350487805
490.0 21.9832518488
500.0 22.4314622723
510.0 22.8796796313
520.0 23.3279035321
530.0 23.7761336048
540.0 24.2243695024
550.0 24.6726108988
560.0 25.1208574875
570.0 25.5691089804
580.0 26.0173651062
590.0 26.4656256098
600.0 26.9138902506
610.0 27.3621588019
620.0 27.8104310495
630.0 28.2587067916
640.0 28.7069858372
650.0 29.1552680058
660.0 29.6035531265
670.0 30.0518410376
680.0 30.5001315857
690.0 30.9484246255
700.0 31.396720019
710.0 31.845017635
720.0 32.293317349
730.0 32.7416190424
740.0 33.1899226024
750.0 33.6382279214
760.0 34.086534897
770.0 34.5348434311
780.0 34.9831534304
790.0 35.4314648055
800.0 35.8797774709
810.0 36.3280913445
820.0 36.776406348
830.0 37.2247224059
840.0 37.6730394457
850.0 38.1213573979
860.0 38.5696761954
870.0 39.0179957736
880.0 39.4663160701
890.0 39.9146370247
900.0 40.362958579
910.0 40.8112806767
920.0 41.2596032628
930.0 41.7079262843
940.0 42.1562496894
950.0 42.6045734277
960.0 43.05289745
970.0 43.5012217083
980.0 43.9495461555
990.0 44.3978707456
1000.0 44.8461954334
1010.0 45.2945201743
1020.0 45.7428449245
1030.0 46.1911696408
1040.0 46.6394942805
1050.0 47.0878188011
1060.0 47.5361431608
1070.0 47.9844673179
1080.0 48.4327912309
1090.0 48.8811148584
1100.0 49.3294381592
1110.0 49.7777610919
1120.0 50.2260836152
1130.0 50.6744056875
1140.0 51.1227272673
1150.0 51.5710483124
1160.0 52.0193687806
1170.0 52.4676886293
1180.0 52.9160078152
1190.0 53.3643262948
1200.0 53.8126440236
1210.0 54.260960957
1220.0 54.7092770493
1230.0 55.157592254
1240.0 55.6059065241
1250.0 56.0542198115
1260.0 56.5025320671
1270.0 56.9508432408
1280.0 57.3991532815
1290.0 57.8474621369
1300.0 58.2957697535
1310.0 58.7440760765
1320.0 59.1923810497
1330.0 59.6406846156
1340.0 60.0889867151
1350.0 60.5372872875
1360.0 60.9855862707
1370.0 61.4338836007
1380.0 61.8821792116
1390.0 62.3304730361
1400.0 62.7787650044
1410.0 63.2270550452
1420.0 63.6753430847
1430.0 64.1236290472
1440.0 64.5719128547
1450.0 65.0201944267
1460.0 65.4684736805
1470.0 65.9167505308
1480.0 66.3650248896
1490.0 66.8132966664
1500.0 67.2615657679
1510.0 67.7098320977
1520.0 68.1580955566
1530.0 68.6063560424
1540.0 69.0546134497
1550.0 69.5028676696
1560.0 69.9511185901
1570.0 70.3993660956
1580.0 70.847610067
1590.0 71.2958503814
1600.0 71.7440869121
1610.0 72.1923195285
1620.0 72.6405480961
1630.0 73.088772476
1640.0 73.5369925251
1650.0 73.9852080961
1660.0 74.433419037
1670.0 74.8816251911
1680.0 75.3298263971
1690.0 75.7780224886
1700.0 76.2262132944
1710.0 76.674398638
1720.0 77.1225783375
1730.0 77.5707522058
1740.0 78.0189200499
1750.0 78.4670816715
1760.0 78.915236866
1770.0 79.3633854231
1780.0 79.8115271262
1790.0 80.2596617524
1800.0 80.7077890723
1810.0 81.15590885
1820.0 81.6040208429
1830.0 82.0521248012
1840.0 82.5002204684
1850.0 82.9483075803
1860.0 83.3963858658
1870.0 83.8444550459
1880.0 84.2925148341
1890.0 84.7405649358
1900.0 85.1886050486
1910.0 85.6366348618
1920.0 86.0846540561
1930.0 86.5326623041
1940.0 86.9806592693
1950.0 87.4286446066
1960.0 87.8766179618
1970.0 88.3245789712
1980.0 88.7725272622
1990.0 89.2204624523
2000.0 89.6683841495
2010.0 90.1162919517
2020.0 90.5641854469
2030.0 91.012064213
2040.0 91.4599278172
2050.0 91.9077758164
2060.0 92.3556077568
2070.0 92.8034231735
2080.0 93.2512215908
2090.0 93.6990025218
2100.0 94.1467654681
2110.0 94.5945099198
2120.0 95.0422353555
2130.0 95.4899412419
2140.0 95.9376270336
2150.0 96.3852921734
2160.0 96.8329360917
2170.0 97.2805582063
2180.0 97.7281579228
2190.0 98.1757346339
2200.0 98.6232877198
2210.0 99.0708165474
2220.0 99.518320471
2230.0 99.9657988314
2240.0 100.413250956
2250.0 100.86067616
2260.0 101.308073744
2270.0 101.755442994
2280.0 102.202783185
2290.0 102.650093577
2300.0 103.097373415
2310.0 103.544621933
2320.0 103.991838348
2330.0 104.439021864
2340.0 104.886171673
2350.0 105.333286949
2360.0 105.780366856
2370.0 106.227410541
2380.0 106.674417138
2390.0 107.121385767
2400.0 107.568315533
2410.0 108.015205528
2420.0 108.462054828
2430.0 108.908862498
2440.0 109.355627585
2450.0 109.802349126
2460.0 110.249026141
2470.0 110.695657638
2480.0 111.14224261
2490.0 111.588780037
2500.0 112.035268885
2510.0 112.481708107
2520.0 112.928096642
2530.0 113.374433416
2540.0 113.820717344
2550.0 114.266947324
2560.0 114.713122245
2570.0 115.159240981
2580.0 115.605302396
2590.0 116.05130534
2600.0 116.497248651
2610.0 116.943131158
2620.0 117.388951676
2630.0 117.83470901
2640.0 118.280401953
2650.0 118.72602929
2660.0 119.171589793
2670.0 119.617082227
2680.0 120.062505344
2690.0 120.50785789
2700.0 120.953138601
2710.0 121.398346204
2720.0 121.84347942
2730.0 122.288536959
2740.0 122.733517528
2750.0 123.178419823
2760.0 123.623242538
2770.0 124.067984358
2780.0 124.512643964
2790.0 124.957220032
2800.0 125.401711234
2810.0 125.846116238
2820.0 126.290433708
2830.0 126.734662308
2840.0 127.178800696
2850.0 127.622847532
2860.0 128.066801473
2870.0 128.510661177
2880.0 128.9544253
2890.0 129.398092503
2900.0 129.841661444
2910.0 130.285130787
2920.0 130.728499197
2930.0 131.171765343
2940.0 131.614927898
2950.0 132.05798554
2960.0 132.500936954
2970.0 132.94378083
2980.0 133.386515865
2990.0 133.829140765
3000.0 134.271654245
3010.0 134.714055026
3020.0 135.156341844
3030.0 135.598513443
3040.0 136.040568579
3050.0 136.482506021
3060.0 136.924324551
3070.0 137.366022965
3080.0 137.807600074
3090.0 138.249054705
3100.0 138.6903857
3110.0 139.131591921
3120.0 139.572672245
3130.0 140.013625571
3140.0 140.454450815
3150.0 140.895146914
3160.0 141.335712827
3170.0 141.776147536
3180.0 142.216450045
3190.0 142.65661938
3200.0 143.096654594
3210.0 143.536554765
3220.0 143.976318996
3230.0 144.415946417
3240.0 144.855436187
3250.0 145.294787492
3260.0 145.733999547
3270.0 146.173071599
3280.0 146.612002924
3290.0 147.050792829
3300.0 147.489440654
3310.0 147.927945772
3320.0 148.36630759
3330.0 148.804525547
3340.0 149.24259912
3350.0 149.680527818
3360.0 150.11831119
3370.0 150.555948819
3380.0 150.993440326
3390.0 151.430785372
3400.0 151.867983653
3410.0 152.305034907
3420.0 152.741938911
3430.0 153.178695481
3440.0 153.615304476
3450.0 154.051765793
3460.0 154.488079374
3470.0 154.924245201
3480.0 155.360263298
3490.0 155.796133733
3500.0 156.231856617
3510.0 156.667432104
3520.0 157.102860392
3530.0 157.538141723
3540.0 157.973276383
3550.0 158.408264703
3560.0 158.843107059
3570.0 159.277803871
3580.0 159.712355605
3590.0 160.146762771
3600.0 160.581025926
3610.0 161.015145669
3620.0 161.449122649
3630.0 161.882957556
3640.0 162.316651127
3650.0 162.750204145
3660.0 163.183617438
3670.0 163.616891876
3680.0 164.050028378
3690.0 164.483027905
3700.0 164.915891464
3710.0 165.348620103
3720.0 165.781214918
3730.0 166.213677047
3740.0 166.646007669
3750.0 167.07820801
3760.0 167.510279334
3770.0 167.942222951
3780.0 168.374040209
3790.0 168.805732501
3800.0 169.237301256
3810.0 169.668747946
3820.0 170.100074082
3830.0 170.531281213
3840.0 170.962370926
3850.0 171.393344846
3860.0 171.824204635
3870.0 172.25495199
3880.0 172.685588644
3890.0 173.116116362
3900.0 173.546536947