0.0 0.0
120.0 5.3781837667
121.25 5.4350178795
122.5 5.4918226777
123.75 5.54859889876
125.0 5.60534727357
126.25 5.66206852563
127.5 5.71876337025
128.75 5.77543251389
130.0 5.83207665355
131.25 5.88869647619
132.5 5.9452926583
133.75 6.00186586547
135.0 6.05841675202
136.25 6.11494596073
137.5 6.17145412253
138.75 6.22794185635
140.0 6.28440976889
141.25 6.34085845452
142.5 6.39728849521
143.75 6.45370046038
145.0 6.51009490698
146.25 6.56647237936
147.5 6.62283340938
148.75 6.67917851642
150.0 6.73550820741
151.25 6.79182297695
152.5 6.8481233074
153.75 6.90440966896
155.0 6.96068251983
156.25 7.01694230632
157.5 7.07318946302
158.75 7.12942441296
160.0 7.18564756775
162.5 7.29806008236
165.0 7.41043007851
167.5 7.52276045719
170.0 7.63505395504
172.5 7.74731315082
175.0 7.85954047205
177.5 7.97173820158
180.0 8.08390848423
182.5 8.19605333331
185.0 8.30817463709
187.5 8.42027416505
190.0 8.5323535741
192.5 8.6444144145
195.0 8.75645813566
197.5 8.86848609172
200.0 8.98049954693
202.5 9.09249968078
205.0 9.20448759296
210.0 9.42843078016
215.0 9.65233648383
220.0 9.87621108209
225.0 10.1000600766
230.0 10.3238882009
235.0 10.5476995168
240.0 10.7714975009
245.0 10.9952851198
250.0 11.2190648982
260.0 11.6666091665
270.0 12.1141437264
280.0 12.5616780174
290.0 13.0092185416
300.0 13.4567696515
310.0 13.9043341393
320.0 14.3519136758
330.0 14.7995091349
340.0 15.2471208321
350.0 15.6947486984
360.0 16.1423924065
370.0 16.590051462
380.0 17.0377252675
390.0 17.4854131692
400.0 17.9331144879
410.0 18.3808285418
420.0 18.8285546602
430.0 19.2762921937
440.0 19.7240405196
450.0 20.1717990452
460.0 20.6195672096
470.0 21.0673444836
480.0 21.5151303693
490.0 21.9629243994
500.0 22.4107261353
510.0 22.8585351662
520.0 23.3063511069
530.0 23.7541735968
540.0 24.202002298
550.0 24.6498368939
560.0 25.0976770877
570.0 25.5455226012
580.0 25.9933731734
590.0 26.4412285596
600.0 26.8890885299
610.0 27.3369528686
620.0 27.784821373
630.0 28.2326938525
640.0 28.6805701283
650.0 29.128450032
660.0 29.5763334052
670.0 30.0242200991
680.0 30.4721099735
690.0 30.9200028966
700.0 31.3678987443
710.0 31.8157973998
720.0 32.2636987533
730.0 32.7116027013
740.0 33.1595091464
750.0 33.6074179972
760.0 34.0553291675
770.0 34.5032425763
780.0 34.9511581475
790.0 35.3990758096
800.0 35.8469954955
810.0 36.2949171421
820.0 36.7428406905
830.0 37.1907660853
840.0 37.6386932747
850.0 38.0866222103
860.0 38.5345528472
870.0 38.9824851431
880.0 39.430419059
890.0 39.8783545587
900.0 40.3262916086
910.0 40.7742301776
920.0 41.2221702373
930.0 41.6701117617
940.0 42.1180547269
950.0 42.5659991114
960.0 43.0139448957
970.0 43.4618920627
980.0 43.9098405968
990.0 44.3577904849
1000.0 44.8057417154
1010.0 45.2536942788
1020.0 45.7016481672
1030.0 46.1496033746
1040.0 46.5975598967
1050.0 47.045517731
1060.0 47.4934768765
1070.0 47.9414373339
1080.0 48.3893991055
1090.0 48.8373621953
1100.0 49.2853266087
1110.0 49.733292353
1120.0 50.1812594367
1130.0 50.62922787
1140.0 51.0771976648
1150.0 51.5251688343
1160.0 51.9731413935
1170.0 52.4211153587
1180.0 52.8690907481
1190.0 53.3170675812
1200.0 53.7650458791
1210.0 54.2130256647
1220.0 54.6610069624
1230.0 55.1089897983
1240.0 55.5569742001
1250.0 56.0049601971
1260.0 56.4529478206
1270.0 56.9009371034
1280.0 57.3489280802
1290.0 57.7969207874
1300.0 58.2449152634
1310.0 58.6929115483
1320.0 59.1409096843
1330.0 59.5889097155
1340.0 60.036911688
1350.0 60.4849156499
1360.0 60.9329216516
1370.0 61.3809297454
1380.0 61.8289399861
1390.0 62.2769524305
1400.0 62.7249671379
1410.0 63.1729841699
1420.0 63.6210035906
1430.0 64.0690254667
1440.0 64.5170498673
1450.0 64.9650768643
1460.0 65.4131065322
1470.0 65.8611389484
1480.0 66.3091741932
1490.0 66.7572123498
1500.0 67.2052535043
1510.0 67.6532977462
1520.0 68.1013451681
1530.0 68.5493958657
1540.0 68.9974499383
1550.0 69.4455074887
1560.0 69.8935686231
1570.0 70.3416334514
1580.0 70.7897020874
1590.0 71.2377746488
1600.0 71.6858512569
1610.0 72.1339320376
1620.0 72.5820171206
1630.0 73.03010664
1640.0 73.4782007345
1650.0 73.926299547
1660.0 74.3744032254
1670.0 74.8225119222
1680.0 75.2706257946
1690.0 75.7187450053
1700.0 76.1668697216
1710.0 76.6150001165
1720.0 77.0631363681
1730.0 77.5112786603
1740.0 77.9594271825
1750.0 78.40758213
1760.0 78.855743704
1770.0 79.3039121119
1780.0 79.7520875671
1790.0 80.2002702896
1800.0 80.6484605059
1810.0 81.0966584492
1820.0 81.5448643594
1830.0 81.9930784835
1840.0 82.4413010756
1850.0 82.8895323972
1860.0 83.3377727171
1870.0 83.7860223117
1880.0 84.2342814654
1890.0 84.6825504702
1900.0 85.1308296266
1910.0 85.5791192429
1920.0 86.0274196362
1930.0 86.4757311319
1940.0 86.9240540645
1950.0 87.372388777
1960.0 87.8207356218
1970.0 88.2690949604
1980.0 88.7174671638
1990.0 89.1658526125
2000.0 89.6142516969
2010.0 90.062664817
2020.0 90.5110923833
2030.0 90.9595348162
2040.0 91.4079925467
2050.0 91.8564660164
2060.0 92.3049556776
2070.0 92.7534619934
2080.0 93.201985438
2090.0 93.650526497
2100.0 94.0990856671
2110.0 94.5476634568
2120.0 94.9962603862
2130.0 95.444876987
2140.0 95.8935138033
2150.0 96.3421713911
2160.0 96.7908503186
2170.0 97.2395511665
2180.0 97.6882745281
2190.0 98.1370210094
2200.0 98.585791229
2210.0 99.0345858187
2220.0 99.4834054231
2230.0 99.9322507001
2240.0 100.381122321
2250.0 100.83002097
2260.0 101.278947346
2270.0 101.727902159
2280.0 102.176886136
2290.0 102.625900015
2300.0 103.074944549
2310.0 103.524020504
2320.0 103.973128662
2330.0 104.422269817
2340.0 104.871444778
2350.0 105.320654367
2360.0 105.769899422
2370.0 106.219180794
2380.0 106.668499347
2390.0 107.117855961
2400.0 107.567251531
2410.0 108.016686963
2420.0 108.466163179
2430.0 108.915681116
2440.0 109.365241723
2450.0 109.814845965
2460.0 110.26449482
2470.0 110.714189279
2480.0 111.163930348
2490.0 111.613719046
2500.0 112.063556408
2510.0 112.513443478
2520.0 112.963381317
2530.0 113.413370999
2540.0 113.863413608
2550.0 114.313510244
2560.0 114.763662019
2570.0 115.213870056
2580.0 115.664135494
2590.0 116.114459479
2600.0 116.564843172
2610.0 117.015287747
2620.0 117.465794385
2630.0 117.916364282
2640.0 118.366998643
2650.0 118.817698684
2660.0 119.268465631
2670.0 119.71930072
2680.0 120.170205196
2690.0 120.621180313
2700.0 121.072227336
2710.0 121.523347536
2720.0 121.974542193
2730.0 122.425812594
2740.0 122.877160034
2750.0 123.328585814
2760.0 123.780091241
2770.0 124.231677629
2780.0 124.683346296
2790.0 125.135098566
2800.0 125.586935767
2810.0 126.038859229
2820.0 126.490870289
2830.0 126.942970282
2840.0 127.395160548
2850.0 127.847442429
2860.0 128.299817266
2870.0 128.752286401
2880.0 129.204851177
2890.0 129.657512933
2900.0 130.11027301
2910.0 130.563132744
2920.0 131.01609347
2930.0 131.469156518
2940.0 131.922323214
2950.0 132.37559488
2960.0 132.828972831
2970.0 133.282458376
2980.0 133.736052818
2990.0 134.18975745
3000.0 134.643573558
3010.0 135.097502418
3020.0 135.551545295
3030.0 136.005703446
3040.0 136.459978112
3050.0 136.914370526
3060.0 137.368881904
3070.0 137.823513449
3080.0 138.278266352
3090.0 138.733141784
3100.0 139.188140902
3110.0 139.643264846
3120.0 140.098514735
3130.0 140.553891674
3140.0 141.009396744
3150.0 141.465031007
3160.0 141.920795505
3170.0 142.376691256
3180.0 142.832719255
3190.0 143.288880475
3200.0 143.745175863
3210.0 144.201606342
3220.0 144.658172807
3230.0 145.114876129
3240.0 145.571717147
3250.0 146.028696677
3260.0 146.4858155
3270.0 146.943074373
3280.0 147.400474017
3290.0 147.858015126
3300.0 148.315698358
3310.0 148.773524341
3320.0 149.231493668
3330.0 149.689606899
3340.0 150.147864557
3350.0 150.606267132
3360.0 151.064815076
3370.0 151.523508804
3380.0 151.982348696
3390.0 152.441335091
3400.0 152.900468292
3410.0 153.359748561
3420.0 153.81917612
3430.0 154.278751153
3440.0 154.738473802
3450.0 155.198344168
3460.0 155.65836231
3470.0 156.118528245
3480.0 156.578841949
3490.0 157.039303353
3500.0 157.499912348
3510.0 157.960668777
3520.0 158.421572444
3530.0 158.882623105
3540.0 159.343820474
3550.0 159.805164221
3560.0 160.266653969
3570.0 160.728289297
3580.0 161.19006974
3590.0 161.651994788
3600.0 162.114063883
3610.0 162.576276424
3620.0 163.038631766
3630.0 163.501129215
3640.0 163.963768035
3650.0 164.426547443
3660.0 164.889466611
3670.0 165.352524668
3680.0 165.815720696
3690.0 166.279053732
3700.0 166.742522772
3710.0 167.206126763
3720.0 167.669864613
3730.0 168.133735182
3740.0 168.597737291
3750.0 169.061869714
3760.0 169.526131186
3770.0 169.990520398
3780.0 170.455036
3790.0 170.919676602
3800.0 171.384440771
3810.0 171.849327037
3820.0 172.314333889
3830.0 172.779459777
3840.0 173.244703114
3850.0 173.710062275
3860.0 174.175535598
3870.0 174.641121385
3880.0 175.106817904
3890.0 175.572623388
3900.0 176.038536036