0.0 0.0
120.0 5.37963932272
121.25 5.43648850188
122.5 5.49330836425
123.75 5.55009964728
125.0 5.60686308186
126.25 5.66359939147
127.5 5.72030929142
128.75 5.77699348817
130.0 5.8336526787
131.25 5.89028754997
132.5 5.94689877846
133.75 6.00348702976
135.0 6.06005295817
136.25 6.11659720647
137.5 6.17312040559
138.75 6.22962317443
140.0 6.2861061197
141.25 6.34256983577
142.5 6.39901490457
143.75 6.45544189556
145.0 6.51185136564
146.25 6.56824385917
147.5 6.62461990801
148.75 6.68098003152
150.0 6.73732473663
151.25 6.79365451793
152.5 6.84996985777
155.0 6.96255908184
157.5 7.0750960271
160.0 7.18758412427
162.5 7.30002662164
165.0 7.41242659079
167.5 7.52478693266
170.0 7.63711038382
172.5 7.74939952297
175.0 7.86165677755
177.5 7.97388443037
180.0 8.08608462617
182.5 8.19825937821
185.0 8.31041057467
187.5 8.42253998499
190.0 8.53464926599
195.0 8.75881354
200.0 8.98291462133
205.0 9.2069622945
210.0 9.43096506533
215.0 9.65493030861
220.0 9.87886440187
225.0 10.1027728462
230.0 10.3266603746
240.0 10.7743883432
250.0 11.2220742191
260.0 11.6697367713
270.0 12.1173894153
280.0 12.5650415854
290.0 13.0126997789
300.0 13.4603683428
310.0 13.9080500639
320.0 14.3557466075
330.0 14.8034588419
340.0 15.2511870768
350.0 15.6989312372
360.0 16.14669099
370.0 16.5944658342
380.0 17.0422551665
390.0 17.4900583263
400.0 17.937874628
410.0 18.3857033828
420.0 18.8335439133
430.0 19.2813955628
440.0 19.7292577013
450.0 20.1771297288
460.0 20.6250110767
470.0 21.0729012079
480.0 21.5207996168
490.0 21.9687058276
500.0 22.4166193935
510.0 22.864539895
520.0 23.3124669381
530.0 23.7604001533
540.0 24.2083391933
550.0 24.6562837321
560.0 25.1042334632
570.0 25.5521880985
580.0 26.0001473668
590.0 26.4481110128
600.0 26.8960787961
610.0 27.3440504897
620.0 27.7920258798
630.0 28.2400047643
640.0 28.6879869523
650.0 29.1359722633
660.0 29.5839605264
670.0 30.0319515799
680.0 30.4799452705
690.0 30.9279414527
700.0 31.3759399886
710.0 31.8239407471
720.0 32.2719436035
730.0 32.7199484393
740.0 33.1679551418
750.0 33.6159636032
760.0 34.0639737212
770.0 34.5119853978
780.0 34.9599985395
790.0 35.408013057
800.0 35.8560288648
810.0 36.3040458809
820.0 36.7520640267
830.0 37.200083227
840.0 37.6481034093
850.0 38.0961245039
860.0 38.5441464439
870.0 38.9921691645
880.0 39.4401926034
890.0 39.8882167004
900.0 40.3362413972
910.0 40.7842666372
920.0 41.2322923658
930.0 41.6803185297
940.0 42.1283450772
950.0 42.5763719579
960.0 43.0243991227
970.0 43.4724265234
980.0 43.920454113
990.0 44.3684818456
1000.0 44.8165096758
1010.0 45.2645375591
1020.0 45.7125654517
1030.0 46.1605933105
1040.0 46.6086210925
1050.0 47.0566487556
1060.0 47.5046762578
1070.0 47.9527035573
1080.0 48.4007306127
1090.0 48.8487573826
1100.0 49.2967838258
1110.0 49.7448099009
1120.0 50.1928355666
1130.0 50.6408607814
1140.0 51.0888855036
1150.0 51.5369096911
1160.0 51.9849333018
1170.0 52.4329562929
1180.0 52.8809786212
1190.0 53.3290002432
1200.0 53.7770211145
1210.0 54.2250411903
1220.0 54.673060425
1230.0 55.1210787722
1240.0 55.5690961847
1250.0 56.0171126145
1260.0 56.4651280125
1270.0 56.9131423286
1280.0 57.3611555117
1290.0 57.8091675096
1300.0 58.2571782686
1310.0 58.705187734
1320.0 59.1531958496
1330.0 59.6012025579
1340.0 60.0492077998
1350.0 60.4972115147
1360.0 60.9452136403
1370.0 61.3932141127
1380.0 61.8412128661
1390.0 62.289209833
1400.0 62.7372049438
1410.0 63.1851981269
1420.0 63.6331893089
1430.0 64.0811784138
1440.0 64.5291653637
1450.0 64.9771500781
1460.0 65.4251324744
1470.0 65.8731124671
1480.0 66.3210899683
1490.0 66.7690648876
1500.0 67.2170371314
1510.0 67.6650066037
1520.0 68.112973205
1530.0 68.5609368333
1540.0 69.0088973829
1550.0 69.4568547453
1560.0 69.9048088082
1570.0 70.3527594562
1580.0 70.80070657
1590.0 71.2486500268
1600.0 71.6965896999
1610.0 72.1445254588
1620.0 72.5924571687
1630.0 73.040384691
1640.0 73.4883078826
1650.0 73.936226596
1660.0 74.3841406793
1670.0 74.8320499759
1680.0 75.2799543243
1690.0 75.7278535582
1700.0 76.1757475065
1710.0 76.6236359924
1720.0 77.0715188344
1730.0 77.5193958451
1740.0 77.9672668317
1750.0 78.4151315957
1760.0 78.8629899326
1770.0 79.3108416321
1780.0 79.7586864776
1790.0 80.2065242462
1800.0 80.6543547086
1810.0 81.1021776287
1820.0 81.549992764
1830.0 81.9977998648
1840.0 82.4455986743
1850.0 82.8933889287
1860.0 83.3411703566
1870.0 83.7889426792
1880.0 84.2367056098
1890.0 84.6844588539
1900.0 85.1322021091
1910.0 85.5799350647
1920.0 86.0276574015
1930.0 86.4753687919
1940.0 86.9230688995
1950.0 87.3707573793
1960.0 87.8184338768
1970.0 88.2660980287
1980.0 88.7137494621
1990.0 89.1613877947
2000.0 89.6090126342
2010.0 90.0566235789
2020.0 90.5042202165
2030.0 90.951802125
2040.0 91.3993688716
2050.0 91.8469200133
2060.0 92.294455096
2070.0 92.7419736552
2080.0 93.189475215
2090.0 93.6369592884
2100.0 94.084425377
2110.0 94.5318729712
2120.0 94.9793015493
2130.0 95.4267105781
2140.0 95.8740995123
2150.0 96.3214677945
2160.0 96.7688148552
2170.0 97.2161401122
2180.0 97.6634429711
2190.0 98.1107228247
2200.0 98.557979053
2210.0 99.0052110231
2220.0 99.4524180891
2230.0 99.8995995919
2240.0 100.346754859
2250.0 100.793883205
2260.0 101.240983931
2270.0 101.688056324
2280.0 102.135099658
2290.0 102.582113192
2300.0 103.029096173
2310.0 103.476047833
2320.0 103.92296739
2330.0 104.369854049
2340.0 104.816707
2350.0 105.263525419
2360.0 105.710308468
2370.0 106.157055295
2380.0 106.603765035
2390.0 107.050436806
2400.0 107.497069715
2410.0 107.943662852
2420.0 108.390215295
2430.0 108.836726107
2440.0 109.283194337
2450.0 109.72961902
2460.0 110.175999178
2470.0 110.622333817
2480.0 111.068621931
2490.0 111.5148625
2500.0 111.961054491
2510.0 112.407196855
2520.0 112.853288532
2530.0 113.299328449
2540.0 113.745315519
2550.0 114.191248642
2560.0 114.637126705
2570.0 115.082948584
2580.0 115.528713141
2590.0 115.974419227
2600.0 116.420065682
2610.0 116.865651331
2620.0 117.311174991
2630.0 117.756635467
2640.0 118.202031553
2650.0 118.647362032
2660.0 119.092625678
2670.0 119.537821254
2680.0 119.982947514
2690.0 120.428003202
2700.0 120.872987055
2710.0 121.317897801
2720.0 121.762734159
2730.0 122.207494841
2740.0 122.652178552
2750.0 123.09678399
2760.0 123.541309847
2770.0 123.985754809
2780.0 124.430117558
2790.0 124.874396768
2800.0 125.318591112
2810.0 125.762699259
2820.0 126.206719872
2830.0 126.650651614
2840.0 127.094493144
2850.0 127.538243123
2860.0 127.981900206
2870.0 128.425463052
2880.0 128.868930318
2890.0 129.312300663
2900.0 129.755572747
2910.0 130.198745233
2920.0 130.641816785
2930.0 131.084786073
2940.0 131.52765177
2950.0 131.970412555
2960.0 132.413067112
2970.0 132.85561413
2980.0 133.298052307
2990.0 133.74038035
3000.0 134.182596972
3010.0 134.624700896
3020.0 135.066690856
3030.0 135.508565598
3040.0 135.950323876
3050.0 136.39196446
3060.0 136.833486133
3070.0 137.274887689
3080.0 137.71616794
3090.0 138.157325714
3100.0 138.598359852
3110.0 139.039269215
3120.0 139.480052682
3130.0 139.92070915
3140.0 140.361237536
3150.0 140.801636777
3160.0 141.241905833
3170.0 141.682043685
3180.0 142.122049336
3190.0 142.561921813
3200.0 143.00166017
3210.0 143.441263483
3220.0 143.880730856
3230.0 144.32006142
3240.0 144.759254332
3250.0 145.19830878
3260.0 145.637223978
3270.0 146.075999172
3280.0 146.514633639
3290.0 146.953126686
3300.0 147.391477654
3310.0 147.829685915
3320.0 148.267750875
3330.0 148.705671974
3340.0 149.143448689
3350.0 149.58108053
3360.0 150.018567045
3370.0 150.455907816
3380.0 150.893102466
3390.0 151.330150653
3400.0 151.767052077
3410.0 152.203806473
3420.0 152.64041362
3430.0 153.076873332
3440.0 153.513185469
3450.0 153.949349929
3460.0 154.385366653
3470.0 154.821235622
3480.0 155.256956862
3490.0 155.692530439
3500.0 156.127956466
3510.0 156.563235095
3520.0 156.998366525
3530.0 157.433350998
3540.0 157.868188801
3550.0 158.302880264
3560.0 158.737425762
3570.0 159.171825717
3580.0 159.606080593
3590.0 160.040190901
3600.0 160.474157198
3610.0 160.907980084
3620.0 161.341660206
3630.0 161.775198255
3640.0 162.208594969
3650.0 162.64185113
3660.0 163.074967565
3670.0 163.507945146
3680.0 163.94078479
3690.0 164.37348746
3700.0 164.80605416
3710.0 165.238485942
3720.0 165.6707839
3730.0 166.102949171
3740.0 166.534982936
3750.0 166.966886419
3760.0 167.398660885
3770.0 167.830307644
3780.0 168.261828045
3790.0 168.693223479
3800.0 169.124495377
3810.0 169.555645209
3820.0 169.986674488
3830.0 170.417584761
3840.0 170.848377617
3850.0 171.27905468
3860.0 171.709617611
3870.0 172.140068108
3880.0 172.570407904
3890.0 173.000638765
3900.0 173.430762493