0.0 0.0
120.0 5.37843082553
121.25 5.43526751185
122.5 5.49207488359
123.75 5.54885367817
125.0 5.60560462651
126.25 5.6623284521
127.5 5.71902587025
128.75 5.77569758742
130.0 5.83234430061
131.25 5.88896669678
132.5 5.94556545242
133.75 6.00214123312
135.0 6.0586946932
136.25 6.11522647544
137.5 6.17173721077
138.75 6.22822751811
140.0 6.28469800418
141.25 6.34114926335
142.5 6.39758187756
143.75 6.45399641627
145.0 6.51039343639
146.25 6.5667734823
147.5 6.62313708585
148.75 6.67948476642
150.0 6.73581703094
151.25 6.79213437401
152.5 6.84843727799
153.75 6.90472621308
155.0 6.96100163748
156.25 7.0172639975
157.5 7.07351372773
158.75 7.1297512512
160.0 7.18597697951
162.5 7.29839464118
165.0 7.41076978439
167.5 7.52310531013
170.0 7.63540395504
172.5 7.74766829788
175.0 7.85990076617
177.5 7.97210364276
180.0 8.08427907247
182.5 8.19642906861
185.0 8.30855551944
187.5 8.42066019446
190.0 8.53274475057
192.5 8.64481073803
195.0 8.75685960625
197.5 8.86889270937
200.0 8.98091131163
202.5 9.09291659254
205.0 9.20490965179
210.0 9.4288631331
215.0 9.65277913089
220.0 9.87666402326
225.0 10.1005233119
230.0 10.3243617303
235.0 10.5481833404
240.0 10.7719916185
245.0 10.9957895316
250.0 11.219579604
260.0 11.6671444606
270.0 12.1146996088
280.0 12.562254488
290.0 13.0098156005
300.0 13.4573872986
310.0 13.9049723746
320.0 14.3525724993
330.0 14.8001885466
340.0 15.2478208321
350.0 15.6954692866
360.0 16.143133583
370.0 16.5908132267
380.0 17.0385076205
390.0 17.4862161103
400.0 17.9339380173
410.0 18.3816726594
420.0 18.8294193661
430.0 19.2771774878
440.0 19.7249464019
450.0 20.1727255158
460.0 20.6205142684
470.0 21.0683121306
480.0 21.5161186046
490.0 21.9639332229
500.0 22.4117555471
510.0 22.8595851662
520.0 23.3074216952
530.0 23.7552647733
540.0 24.2031140627
550.0 24.6509692468
560.0 25.0988300289
570.0 25.5466961306
580.0 25.9945672911
590.0 26.4424432655
600.0 26.890323824
610.0 27.338208751
620.0 27.7860978436
630.0 28.2339909114
640.0 28.6818877754
650.0 29.1297882673
660.0 29.5776922287
670.0 30.0255995108
680.0 30.4735099735
690.0 30.9214234848
700.0 31.3693399208
710.0 31.8172591645
720.0 32.2651811062
730.0 32.7131056425
740.0 33.1610326759
750.0 33.6089621149
760.0 34.0568938734
770.0 34.5048278704
780.0 34.9527640299
790.0 35.4007022802
800.0 35.8486425543
810.0 36.2965847892
820.0 36.7445289258
830.0 37.1924749088
840.0 37.6404226864
850.0 38.0883722103
860.0 38.5363234354
870.0 38.9842763196
880.0 39.4322308238
890.0 39.8801869117
900.0 40.3281445497
910.0 40.776103707
920.0 41.224064355
930.0 41.6720264676
940.0 42.119990021
950.0 42.5679549937
960.0 43.0159213663
970.0 43.4638891215
980.0 43.9118582439
990.0 44.3598287202
1000.0 44.8078005389
1010.0 45.2557736905
1020.0 45.7037481672
1030.0 46.1517239628
1040.0 46.5997010732
1050.0 47.0476794957
1060.0 47.4956592294
1070.0 47.943640275
1080.0 48.3916226349
1090.0 48.8396063129
1100.0 49.2875913146
1110.0 49.7355776471
1120.0 50.183565319
1130.0 50.6315543406
1140.0 51.0795447236
1150.0 51.5275364814
1160.0 51.9755296288
1170.0 52.4235241823
1180.0 52.8715201599
1190.0 53.3195175812
1200.0 53.7675164673
1210.0 54.2155168412
1220.0 54.6635187271
1230.0 55.1115221512
1240.0 55.5595271412
1250.0 56.0075337265
1260.0 56.4555419382
1270.0 56.9035518093
1280.0 57.3515633743
1290.0 57.7995766697
1300.0 58.2475917339
1310.0 58.6956086071
1320.0 59.1436273314
1330.0 59.5916479508
1340.0 60.0396705115
1350.0 60.4876950617
1360.0 60.9357216516
1370.0 61.3837503337
1380.0 61.8317811626
1390.0 62.2798141952
1400.0 62.7278494908
1410.0 63.1758871111
1420.0 63.62392712
1430.0 64.0719695844
1440.0 64.5200145732
1450.0 64.9680621584
1460.0 65.4161124145
1470.0 65.864165419
1480.0 66.312221252
1490.0 66.7602799968
1500.0 67.2083417396
1510.0 67.6564065698
1520.0 68.1044745798
1530.0 68.5525458657
1540.0 69.0006205266
1550.0 69.4486986652
1560.0 69.8967803878
1570.0 70.3448658044
1580.0 70.7929550286
1590.0 71.2410481782
1600.0 71.6891453746
1610.0 72.1372467435
1620.0 72.5853524147
1630.0 73.0334625223
1640.0 73.481577205
1650.0 73.9296966058
1660.0 74.3778208725
1670.0 74.8259501575
1680.0 75.2740846182
1690.0 75.722224417
1700.0 76.1703697216
1710.0 76.6185207047
1720.0 77.0666775446
1730.0 77.514840425
1740.0 77.9630095355
1750.0 78.4111850712
1760.0 78.8593672335
1770.0 79.3075562295
1780.0 79.755752273
1790.0 80.2039555837
1800.0 80.6521663883
1810.0 81.1003849198
1820.0 81.5486114182
1830.0 81.9968461305
1840.0 82.4450893109
1850.0 82.8933412207
1860.0 83.3416021288
1870.0 83.7898723117
1880.0 84.2381520536
1890.0 84.6864416467
1900.0 85.1347413913
1910.0 85.5830515958
1920.0 86.0313725773
1930.0 86.4797046614
1940.0 86.9280481821
1950.0 87.3764034829
1960.0 87.8247709159
1970.0 88.2731508428
1980.0 88.7215436344
1990.0 89.1699496714
2000.0 89.6183693439
2010.0 90.0668030523
2020.0 90.5152512068
2030.0 90.9637142279
2040.0 91.4121925467
2050.0 91.8606866047
2060.0 92.3091968541
2070.0 92.7577237581
2080.0 93.2062677909
2090.0 93.6548294381
2100.0 94.1034091965
2110.0 94.5520075745
2120.0 95.0006250921
2130.0 95.4492622812
2140.0 95.8979196857
2150.0 96.3465978617
2160.0 96.7952973774
2170.0 97.2440188136
2180.0 97.6927627634
2190.0 98.1415298329
2200.0 98.5903206408
2210.0 99.0391358187
2220.0 99.4879760113
2230.0 99.9368418766
2240.0 100.385734086
2250.0 100.834653323
2260.0 101.283600287
2270.0 101.732575689
2280.0 102.181580253
2290.0 102.630614721
2300.0 103.079679843
2310.0 103.528776387
2320.0 103.977905133
2330.0 104.427066876
2340.0 104.876262425
2350.0 105.325492603
2360.0 105.774758246
2370.0 106.224060205
2380.0 106.673399347
2390.0 107.12277655
2400.0 107.572192707
2410.0 108.021648727
2420.0 108.471145532
2430.0 108.920684057
2440.0 109.370265253
2450.0 109.819890083
2460.0 110.269559525
2470.0 110.719274573
2480.0 111.16903623
2490.0 111.618845517
2500.0 112.068703467
2510.0 112.518611125
2520.0 112.968569553
2530.0 113.418579822
2540.0 113.868643019
2550.0 114.318760244
2560.0 114.768932607
2570.0 115.219161233
2580.0 115.669447258
2590.0 116.119791832
2600.0 116.570196114
2610.0 117.020661276
2620.0 117.471188503
2630.0 117.921778988
2640.0 118.372433937
2650.0 118.823154567
2660.0 119.273942102
2670.0 119.724797779
2680.0 120.175722843
2690.0 120.626718549
2700.0 121.07778616
2710.0 121.528926948
2720.0 121.980142193
2730.0 122.431433182
2740.0 122.88280121
2750.0 123.334247578
2760.0 123.785773594
2770.0 124.23738057
2780.0 124.689069825
2790.0 125.140842684
2800.0 125.592700473
2810.0 126.044644523
2820.0 126.496676171
2830.0 126.948796752
2840.0 127.401007607
2850.0 127.853310076
2860.0 128.305705501
2870.0 128.758195225
2880.0 129.210780588
2890.0 129.663462933
2900.0 130.116243598
2910.0 130.569123921
2920.0 131.022105235
2930.0 131.475188871
2940.0 131.928376156
2950.0 132.38166841
2960.0 132.835066949
2970.0 133.288573082
2980.0 133.742188112
2990.0 134.195913332
3000.0 134.649750028
3010.0 135.103699476
3020.0 135.557762942
3030.0 136.011941681
3040.0 136.466236936
3050.0 136.920649937
3060.0 137.375181904
3070.0 137.829834038
3080.0 138.284607528
3090.0 138.739503549
3100.0 139.194523255
3110.0 139.649667787
3120.0 140.104938265
3130.0 140.560335792
3140.0 141.01586145
3150.0 141.471516302
3160.0 141.927301387
3170.0 142.383217726
3180.0 142.839266314
3190.0 143.295448122
3200.0 143.751764099
3210.0 144.208215166
3220.0 144.664802219
3230.0 145.121526129
3240.0 145.578387736
3250.0 146.035387853
3260.0 146.492527265
3270.0 146.949806726
3280.0 147.407226959
3290.0 147.864788655
3300.0 148.322492476
3310.0 148.780339047
3320.0 149.238328962
3330.0 149.696462781
3340.0 150.154741028
3350.0 150.613164191
3360.0 151.071732723
3370.0 151.53044704
3380.0 151.98930752
3390.0 152.448314503
3400.0 152.907468292
3410.0 153.366769149
3420.0 153.826217297
3430.0 154.285812918
3440.0 154.745556155
3450.0 155.205447109
3460.0 155.665485839
3470.0 156.125672363
3480.0 156.586006655
3490.0 157.046488647
3500.0 157.50711823
3510.0 157.967895248
3520.0 158.428819502
3530.0 158.889890752
3540.0 159.35110871
3550.0 159.812473044
3560.0 160.273983381
3570.0 160.735639297
3580.0 161.197440329
3590.0 161.659385964
3600.0 162.121475647
3610.0 162.583708777
3620.0 163.046084707
3630.0 163.508602744
3640.0 163.971262152
3650.0 164.434062148
3660.0 164.897001905
3670.0 165.36008055
3680.0 165.823297166
3690.0 166.286650791
3700.0 166.750140419
3710.0 167.213764999
3720.0 167.677523436
3730.0 168.141414594
3740.0 168.605437291
3750.0 169.069590302
3760.0 169.533872362
3770.0 169.998282163
3780.0 170.462818353
3790.0 170.927479543
3800.0 171.392264301
3810.0 171.857171155
3820.0 172.322198595
3830.0 172.787345072
3840.0 173.252608997
3850.0 173.717988746
3860.0 174.183482657
3870.0 174.649089032
3880.0 175.11480614
3890.0 175.580632212
3900.0 176.046565448