0.0 0.0
120.0 5.37628411273
121.25 5.43309843746
122.5 5.4898834476
123.75 5.5466398806
125.0 5.60336846734
126.25 5.66006993134
127.5 5.7167449879
128.75 5.77339434348
130.0 5.83001869507
131.25 5.88661872965
132.5 5.9431951237
133.75 5.9997485428
135.0 6.0562796413
136.25 6.11278906194
137.5 6.16927743568
138.75 6.22574538144
140.0 6.28219350591
141.25 6.33862240349
142.5 6.39503265611
143.75 6.45142483322
145.0 6.50779949175
146.25 6.56415717607
147.5 6.62049841803
148.75 6.676823737
150.0 6.73313363993
151.25 6.78942862142
152.5 6.8457091638
153.75 6.9019757373
155.0 6.95822880011
156.25 7.01446879853
157.5 7.07069616718
158.75 7.12691132905
160.0 7.18311469577
162.5 7.29548763426
165.0 7.40781805429
167.5 7.52010885685
170.0 7.63236277857
172.5 7.74458239823
175.0 7.85677014333
177.5 7.96892829674
180.0 8.08105900326
182.5 8.19316427622
185.0 8.30524600387
187.5 8.41730595571
190.0 8.52934578863
192.5 8.64136705291
195.0 8.75337119794
197.5 8.86535957788
200.0 8.97733345696
202.5 9.08929401469
205.0 9.20124235075
210.0 9.4251063857
215.0 9.64893293712
220.0 9.87272838313
225.0 10.0964982254
230.0 10.3202471974
235.0 10.5439793611
240.0 10.7676981929
245.0 10.9914066596
250.0 11.2151072857
260.0 11.6624932496
270.0 12.109869505
280.0 12.5572454914
290.0 13.0046277112
300.0 13.4520205166
310.0 13.8994266999
320.0 14.3468479318
330.0 14.7942850864
340.0 15.2417384791
350.0 15.6892080409
360.0 16.1366934446
370.0 16.5841941955
380.0 17.0317096966
390.0 17.4792392937
400.0 17.926782308
410.0 18.3743380574
420.0 18.8219058713
430.0 19.2694851003
440.0 19.7170751217
450.0 20.1646753428
460.0 20.6122852027
470.0 21.0599041721
480.0 21.5075317534
490.0 21.955167479
500.0 22.4028109104
510.0 22.8504616368
520.0 23.298119273
530.0 23.7457834584
540.0 24.1934538551
550.0 24.6411301465
560.0 25.0888120358
570.0 25.5364992448
580.0 25.9841915125
590.0 26.4318885942
600.0 26.87959026
610.0 27.3272962942
620.0 27.7750064941
630.0 28.2227206692
640.0 28.6704386404
650.0 29.1181602396
660.0 29.5658853083
670.0 30.0136136977
680.0 30.4613452676
690.0 30.9090798862
700.0 31.3568174294
710.0 31.8045577805
720.0 32.2523008294
730.0 32.7000464729
740.0 33.1477946136
750.0 33.5955451599
760.0 34.0432980256
770.0 34.4910531299
780.0 34.9388103966
790.0 35.3865697542
800.0 35.8343311356
810.0 36.2820944778
820.0 36.7298597216
830.0 37.1776268119
840.0 37.6253956968
850.0 38.073166328
860.0 38.5209386603
870.0 38.9687126518
880.0 39.4164882632
890.0 39.8642654584
900.0 40.3120442037
910.0 40.7598244682
920.0 41.2076062235
930.0 41.6553894434
940.0 42.1031741041
950.0 42.550960184
960.0 42.9987476639
970.0 43.4465365263
980.0 43.894326756
990.0 44.3421183396
1000.0 44.7899112656
1010.0 45.2377055244
1020.0 45.6855011083
1030.0 46.1332980113
1040.0 46.5810962289
1050.0 47.0288957587
1060.0 47.4766965997
1070.0 47.9244987525
1080.0 48.3723022197
1090.0 48.820107005
1100.0 49.2679131139
1110.0 49.7157205537
1120.0 50.1635293329
1130.0 50.6113394617
1140.0 51.059150952
1150.0 51.506963817
1160.0 51.9547780717
1170.0 52.4025937324
1180.0 52.8504108173
1190.0 53.2982293459
1200.0 53.7460493393
1210.0 54.1938708204
1220.0 54.6416938136
1230.0 55.089518345
1240.0 55.5373444423
1250.0 55.9851721348
1260.0 56.4330014538
1270.0 56.8808324321
1280.0 57.3286651044
1290.0 57.7764995071
1300.0 58.2243356786
1310.0 58.672173659
1320.0 59.1200134905
1330.0 59.5678552172
1340.0 60.0156988852
1350.0 60.4635445427
1360.0 60.9113922398
1370.0 61.3592420292
1380.0 61.8070939653
1390.0 62.2549481052
1400.0 62.7028045081
1410.0 63.1506632356
1420.0 63.5985243519
1430.0 64.0463879235
1440.0 64.4942540196
1450.0 64.942122712
1460.0 65.3899940754
1470.0 65.8378681872
1480.0 66.2857451275
1490.0 66.7336249795
1500.0 67.1815078296
1510.0 67.629393767
1520.0 68.0772828843
1530.0 68.5251752775
1540.0 68.9730710456
1550.0 69.4209702915
1560.0 69.8688731213
1570.0 70.3167796452
1580.0 70.7646899767
1590.0 71.2126042335
1600.0 71.6605225372
1610.0 72.1084450134
1620.0 72.5563717918
1630.0 73.0043030068
1640.0 73.4522387967
1650.0 73.9001793048
1660.0 74.3481246787
1670.0 74.796075071
1680.0 75.2440306389
1690.0 75.6919915451
1700.0 76.1399579569
1710.0 76.5879300473
1720.0 77.0359079944
1730.0 77.4838919821
1740.0 77.9318821998
1750.0 78.3798788428
1760.0 78.8278821123
1770.0 79.2758922157
1780.0 79.7239093664
1790.0 80.1719337844
1800.0 80.6199656962
1810.0 81.068005335
1820.0 81.5160529407
1830.0 81.9641087603
1840.0 82.4121730479
1850.0 82.860246065
1860.0 83.3083280804
1870.0 83.7564193705
1880.0 84.2045202197
1890.0 84.6526309201
1900.0 85.1007517719
1910.0 85.5488830837
1920.0 85.9970251725
1930.0 86.4451783638
1940.0 86.8933429918
1950.0 87.3415193999
1960.0 87.7897079402
1970.0 88.2379089743
1980.0 88.6861228732
1990.0 89.1343500174
2000.0 89.5825907972
2010.0 90.0308456128
2020.0 90.4791148746
2030.0 90.927399003
2040.0 91.3756984291
2050.0 91.8240135943
2060.0 92.2723449509
2070.0 92.7206929622
2080.0 93.1690581024
2090.0 93.6174408568
2100.0 94.0658417225
2110.0 94.5142612077
2120.0 94.9626998325
2130.0 95.4111581289
2140.0 95.8596366407
2150.0 96.308135924
2160.0 96.7566565469
2170.0 97.2051990904
2180.0 97.6537641475
2190.0 98.1023523243
2200.0 98.5509642394
2210.0 98.9996005245
2220.0 99.4482618244
2230.0 99.896948797
2240.0 100.345662113
2250.0 100.794402458
2260.0 101.243170529
2270.0 101.691967038
2280.0 102.14079271
2290.0 102.589648285
2300.0 103.038534514
2310.0 103.487452165
2320.0 103.936402019
2330.0 104.385384869
2340.0 104.834401525
2350.0 105.28345281
2360.0 105.732539561
2370.0 106.181662628
2380.0 106.630822876
2390.0 107.080021186
2400.0 107.529258451
2410.0 107.978535579
2420.0 108.42785349
2430.0 108.877213123
2440.0 109.326615426
2450.0 109.776061363
2460.0 110.225551913
2470.0 110.675088068
2480.0 111.124670832
2490.0 111.574301226
2500.0 112.023980283
2510.0 112.473709049
2520.0 112.923488584
2530.0 113.37331996
2540.0 113.823204265
2550.0 114.273142597
2560.0 114.723136067
2570.0 115.1731858
2580.0 115.623292933
2590.0 116.073458614
2600.0 116.523684003
2610.0 116.973970273
2620.0 117.424318607
2630.0 117.874730199
2640.0 118.325206256
2650.0 118.775747992
2660.0 119.226356635
2670.0 119.677033419
2680.0 120.12777959
2690.0 120.578596403
2700.0 121.029485122
2710.0 121.480447017
2720.0 121.93148337
2730.0 122.382595466
2740.0 122.833784601
2750.0 123.285052077
2760.0 123.736399199
2770.0 124.187827283
2780.0 124.639337645
2790.0 125.090931611
2800.0 125.542610507
2810.0 125.994375665
2820.0 126.44622842
2830.0 126.898170109
2840.0 127.350202071
2850.0 127.802325647
2860.0 128.254542179
2870.0 128.70685301
2880.0 129.159259481
2890.0 129.611762933
2900.0 130.064364706
2910.0 130.517066135
2920.0 130.969868557
2930.0 131.4227733
2940.0 131.875781692
2950.0 132.328895053
2960.0 132.7821147
2970.0 133.23544194
2980.0 133.688878078
2990.0 134.142424405
3000.0 134.596082208
3010.0 135.049852764
3020.0 135.503737337
3030.0 135.957737183
3040.0 136.411853545
3050.0 136.866087654
3060.0 137.320440727
3070.0 137.774913969
3080.0 138.229508567
3090.0 138.684225694
3100.0 139.139066508
3110.0 139.594032147
3120.0 140.049123732
3130.0 140.504342366
3140.0 140.959689132
3150.0 141.41516509
3160.0 141.870771284
3170.0 142.32650873
3180.0 142.782378424
3190.0 143.23838134
3200.0 143.694518424
3210.0 144.150790598
3220.0 144.607198759
3230.0 145.063743776
3240.0 145.52042649
3250.0 145.977247715
3260.0 146.434208234
3270.0 146.891308802
3280.0 147.348550142
3290.0 147.805932946
3300.0 148.263457874
3310.0 148.721125552
3320.0 149.178936575
3330.0 149.636891501
3340.0 150.094990855
3350.0 150.553235125
3360.0 151.011624764
3370.0 151.470160188
3380.0 151.928841776
3390.0 152.387669866
3400.0 152.846644763
3410.0 153.305766727
3420.0 153.765035982
3430.0 154.22445271
3440.0 154.684017055
3450.0 155.143729116
3460.0 155.603588953
3470.0 156.063596584
3480.0 156.523751983
3490.0 156.984055083
3500.0 157.444505773
3510.0 157.905103898
3520.0 158.36584926
3530.0 158.826741617
3540.0 159.287780682
3550.0 159.748966124
3560.0 160.210297567
3570.0 160.671774591
3580.0 161.13339673
3590.0 161.595163473
3600.0 162.057074263
3610.0 162.5191285
3620.0 162.981325537
3630.0 163.443664682
3640.0 163.906145197
3650.0 164.368766301
3660.0 164.831527165
3670.0 165.294426917
3680.0 165.75746464
3690.0 166.220639373
3700.0 166.683950107
3710.0 167.147395795
3720.0 167.610975339
3730.0 168.074687604
3740.0 168.538531408
3750.0 169.002505527
3760.0 169.466608694
3770.0 169.930839602
3780.0 170.3951969
3790.0 170.859679197
3800.0 171.324285062
3810.0 171.789013024
3820.0 172.253861571
3830.0 172.718829155
3840.0 173.183914187
3850.0 173.649115043
3860.0 174.114430062
3870.0 174.579857544
3880.0 175.045395759
3890.0 175.511042938
3900.0 175.976797282