0.0 0.0
120.0 5.43915331688
121.25 5.49662252915
122.5 5.55406242684
123.75 5.61147374738
125.0 5.66885722167
126.25 5.72621357321
127.5 5.78354351731
128.75 5.84084776043
130.0 5.89812699957
131.25 5.95538192169
132.5 6.01261320328
133.75 6.06982150993
135.0 6.12700749597
136.25 6.18417180416
137.5 6.24131506544
138.75 6.29843789874
140.0 6.35554091075
141.25 6.41262469587
142.5 6.46968983604
143.75 6.5267369007
145.0 6.58376644677
146.25 6.64077901863
147.5 6.69777514813
148.75 6.75475535465
150.0 6.81172014512
151.25 6.86867001415
152.5 6.92560544408
153.75 6.98252690512
155.0 7.03943485547
156.25 7.09632974144
157.5 7.15321199763
158.75 7.21008204704
160.0 7.26694030131
162.5 7.38062301488
165.0 7.49426321
167.5 7.60786378764
170.0 7.72142748445
172.5 7.8349568792
175.0 7.94845439939
177.5 8.06192232788
180.0 8.17536280949
182.5 8.28877785753
185.0 8.40216936027
187.5 8.5155390872
190.0 8.62888869521
192.5 8.74221973457
195.0 8.85553365469
197.5 8.96883180971
200.0 9.08211546388
202.5 9.19538579669
205.0 9.30864390784
210.0 9.53512749296
215.0 9.76157359456
220.0 9.98798859074
225.0 10.2143779832
230.0 10.4407465054
235.0 10.6670982193
240.0 10.8934366012
245.0 11.1197646181
250.0 11.3460847943
260.0 11.7987098586
270.0 12.2513252143
280.0 12.7039403011
290.0 13.1565616212
300.0 13.609193527
310.0 14.0618388106
320.0 14.5144991429
330.0 14.9671753978
340.0 15.4198678909
350.0 15.872576553
360.0 16.325301057
370.0 16.7780409083
380.0 17.2307955097
390.0 17.6835642072
400.0 18.1363463218
410.0 18.5891411716
420.0 19.0419480858
430.0 19.4947664152
440.0 19.9475955369
450.0 20.4004348584
460.0 20.8532838186
470.0 21.3061418884
480.0 21.75900857
490.0 22.2118833959
500.0 22.6647659277
510.0 23.1176557544
520.0 23.570552491
530.0 24.0234557768
540.0 24.4763652738
550.0 24.9292806655
560.0 25.3822016552
570.0 25.8351279645
580.0 26.2880593326
590.0 26.7409955146
600.0 27.1939362808
610.0 27.6468814153
620.0 28.0998307155
630.0 28.552783991
640.0 29.0057410626
650.0 29.4587017621
660.0 29.9116659312
670.0 30.3646334209
680.0 30.8176040911
690.0 31.2705778101
700.0 31.7235544536
710.0 32.176533905
720.0 32.6295160543
730.0 33.0825007982
740.0 33.5354880392
750.0 33.9884776858
760.0 34.4414696519
770.0 34.8944638566
780.0 35.3474602236
790.0 35.8004586816
800.0 36.2534591633
810.0 36.7064616058
820.0 37.15946595
830.0 37.6124721406
840.0 38.0654801259
850.0 38.5184898574
860.0 38.9715012901
870.0 39.4245143819
880.0 39.8775290936
890.0 40.3305453892
900.0 40.7835632349
910.0 41.2365825997
920.0 41.6896034553
930.0 42.1426257755
940.0 42.5956495366
950.0 43.0486747169
960.0 43.5017012971
970.0 43.9547292599
980.0 44.4077585899
990.0 44.8607892738
1000.0 45.3138213002
1010.0 45.7668546594
1020.0 46.2198893436
1030.0 46.6729253469
1040.0 47.1259626649
1050.0 47.579001295
1060.0 48.0320412363
1070.0 48.4850824896
1080.0 48.938125057
1090.0 49.3911689427
1100.0 49.844214152
1110.0 50.2972606921
1120.0 50.7503085716
1130.0 51.2033578008
1140.0 51.6564083914
1150.0 52.1094603568
1160.0 52.5625137118
1170.0 53.0155684729
1180.0 53.4686246581
1190.0 53.921682287
1200.0 54.3747413808
1210.0 54.8278019623
1220.0 55.2808640559
1230.0 55.7339276876
1240.0 56.1869928852
1250.0 56.6400596781
1260.0 57.0931280974
1270.0 57.5461981761
1280.0 57.9992699487
1290.0 58.4523434517
1300.0 58.9054187236
1310.0 59.3584958043
1320.0 59.8115747362
1330.0 60.2646555633
1340.0 60.7177383316
1350.0 61.1708230894
1360.0 61.6239098869
1370.0 62.0769987766
1380.0 62.5300898131
1390.0 62.9831830533
1400.0 63.4362785566
1410.0 63.8893763844
1420.0 64.342476601
1430.0 64.7955792729
1440.0 65.2486844694
1450.0 65.7017922622
1460.0 66.154902726
1470.0 66.608015938
1480.0 67.0611319787
1490.0 67.5142509311
1500.0 67.9673728815
1510.0 68.4204979192
1520.0 68.8736261369
1530.0 69.3267576304
1540.0 69.7798924989
1550.0 70.2330308451
1560.0 70.6861727753
1570.0 71.1393183995
1580.0 71.5924678314
1590.0 72.0456211886
1600.0 72.4987785926
1610.0 72.9519401691
1620.0 73.4051060479
1630.0 73.8582763632
1640.0 74.3114512535
1650.0 74.7646308619
1660.0 75.2178153362
1670.0 75.6710048287
1680.0 76.1241994971
1690.0 76.5773995035
1700.0 77.0306050157
1710.0 77.4838162064
1720.0 77.9370332539
1730.0 78.390256342
1740.0 78.84348566
1750.0 79.2967214034
1760.0 79.7499637732
1770.0 80.2032129769
1780.0 80.656469228
1790.0 81.1097327463
1800.0 81.5630037585
1810.0 82.0162824976
1820.0 82.4695692037
1830.0 82.9228641236
1840.0 83.3761675116
1850.0 83.829479629
1860.0 84.2828007447
1870.0 84.7361311352
1880.0 85.1894710847
1890.0 85.6428208855
1900.0 86.0961808376
1910.0 86.5495512498
1920.0 87.0029324389
1930.0 87.4563247306
1940.0 87.909728459
1950.0 88.3631439673
1960.0 88.816571608
1970.0 89.2700117424
1980.0 89.7234647417
1990.0 90.1769309862
2000.0 90.6304108664
2010.0 91.0839047824
2020.0 91.5374131445
2030.0 91.9909363733
2040.0 92.4444748997
2050.0 92.8980291652
2060.0 93.3515996222
2070.0 93.8051867338
2080.0 94.2587909743
2090.0 94.7124128291
2100.0 95.1660527951
2110.0 95.6197113807
2120.0 96.0733891059
2130.0 96.5270865026
2140.0 96.9808041148
2150.0 97.4345424984
2160.0 97.8883022217
2170.0 98.3420838655
2180.0 98.7958880229
2190.0 99.2497153
2200.0 99.7035663155
2210.0 100.157441701
2220.0 100.611342101
2230.0 101.065268174
2240.0 101.519220591
2250.0 101.973200036
2260.0 102.427207207
2270.0 102.881242817
2280.0 103.335307589
2290.0 103.789402264
2300.0 104.243527594
2310.0 104.697684345
2320.0 105.151873299
2330.0 105.60609525
2340.0 106.060351006
2350.0 106.514641392
2360.0 106.968967242
2370.0 107.42332941
2380.0 107.877728759
2390.0 108.332166169
2400.0 108.786642534
2410.0 109.241158762
2420.0 109.695715774
2430.0 110.150314507
2440.0 110.60495591
2450.0 111.059640948
2460.0 111.514370598
2470.0 111.969145853
2480.0 112.423967718
2490.0 112.878837213
2500.0 113.33375537
2510.0 113.788723236
2520.0 114.243741871
2530.0 114.698812348
2540.0 115.153935753
2550.0 115.609113185
2560.0 116.064345756
2570.0 116.519634589
2580.0 116.974980822
2590.0 117.430385603
2600.0 117.885850093
2610.0 118.341375463
2620.0 118.796962897
2630.0 119.25261359
2640.0 119.708328747
2650.0 120.164109584
2660.0 120.619957327
2670.0 121.075873211
2680.0 121.531858483
2690.0 121.987914397
2700.0 122.444042215
2710.0 122.900243211
2720.0 123.356518664
2730.0 123.812869861
2740.0 124.269298096
2750.0 124.725804672
2760.0 125.182390895
2770.0 125.639058079
2780.0 126.095807542
2790.0 126.552640608
2800.0 127.009558604
2810.0 127.466562863
2820.0 127.923654718
2830.0 128.380835507
2840.0 128.838106569
2850.0 129.295469246
2860.0 129.752924878
2870.0 130.21047481
2880.0 130.668120381
2890.0 131.125862933
2900.0 131.583703806
2910.0 132.041644336
2920.0 132.499685858
2930.0 132.957829701
2940.0 133.416077194
2950.0 133.874429655
2960.0 134.332888402
2970.0 134.791454743
2980.0 135.250129981
2990.0 135.708915409
3000.0 136.167812312
3010.0 136.626821968
3020.0 137.085945641
3030.0 137.545184587
3040.0 138.00454005
3050.0 138.464013259
3060.0 138.923605433
3070.0 139.383317775
3080.0 139.843151473
3090.0 140.303107701
3100.0 140.763187615
3110.0 141.223392354
3120.0 141.68372304
3130.0 142.144180774
3140.0 142.60476664
3150.0 143.065481699
3160.0 143.526326993
3170.0 143.987303539
3180.0 144.448412335
3190.0 144.90965435
3200.0 145.371030535
3210.0 145.832541809
3220.0 146.29418907
3230.0 146.755973187
3240.0 147.217895002
3250.0 147.679955327
3260.0 148.142154947
3270.0 148.604494615
3280.0 149.066975056
3290.0 149.52959696
3300.0 149.992360988
3310.0 150.455267767
3320.0 150.91831789
3330.0 151.381511916
3340.0 151.84485037
3350.0 152.308333741
3360.0 152.77196248
3370.0 153.235737005
3380.0 153.699657693
3390.0 154.163724884
3400.0 154.62793888
3410.0 155.092299945
3420.0 155.5568083
3430.0 156.021464129
3440.0 156.486267574
3450.0 156.951218735
3460.0 157.416317673
3470.0 157.881564404
3480.0 158.346958904
3490.0 158.812501104
3500.0 159.278190894
3510.0 159.74402812
3520.0 160.210012582
3530.0 160.676144039
3540.0 161.142422204
3550.0 161.608846747
3560.0 162.075417291
3570.0 162.542133415
3580.0 163.008994654
3590.0 163.476000497
3600.0 163.943150388
3610.0 164.410443725
3620.0 164.877879863
3630.0 165.345458108
3640.0 165.813177723
3650.0 166.281037927
3660.0 166.749037891
3670.0 167.217176744
3680.0 167.685453568
3690.0 168.1538674
3700.0 168.622417235
3710.0 169.091102023
3720.0 169.559920668
3730.0 170.028872034
3740.0 170.497954938
3750.0 170.967168157
3760.0 171.436510425
3770.0 171.905980432
3780.0 172.375576831
3790.0 172.845298228
3800.0 173.315143194
3810.0 173.785110255
3820.0 174.255197903
3830.0 174.725404587
3840.0 175.19572872
3850.0 175.666168676
3860.0 176.136722795
3870.0 176.607389378
3880.0 177.078166693
3890.0 177.549052973
3900.0 178.020046417