0.0 0.0
120.0 5.44190418193
121.25 5.49940204905
122.5 5.55687060158
123.75 5.61431057696
125.0 5.6717227061
126.25 5.72910771248
127.5 5.78646631143
128.75 5.8437992094
130.0 5.90110710338
131.25 5.95839068034
132.5 6.01565061678
133.75 6.07288757827
135.0 6.13010221915
136.25 6.18729518218
137.5 6.24446709831
138.75 6.30161858645
140.0 6.35875025332
141.25 6.41586269328
142.5 6.47295648829
143.75 6.53003220779
145.0 6.58709040871
146.25 6.64413163541
147.5 6.70115641976
148.75 6.75816528112
150.0 6.81515872644
151.25 6.87213725031
152.5 6.92910133508
153.75 6.98605145097
155.0 7.04298805616
156.25 7.09991159698
157.5 7.15682250801
158.75 7.21372121227
160.0 7.27060812138
162.5 7.38434814464
165.0 7.49804564945
167.5 7.61170353678
170.0 7.72532454327
172.5 7.83891124771
175.0 7.95246607759
177.5 8.06599131577
180.0 8.17948910707
182.5 8.2929614648
185.0 8.40641027723
187.5 8.51983731384
190.0 8.63324423154
192.5 8.74663258059
195.0 8.8600038104
197.5 8.97335927511
200.0 9.08670023897
202.5 9.20002788147
205.0 9.31334330231
210.0 9.5399415068
215.0 9.76650222777
220.0 9.99303184333
225.0 10.2195358552
230.0 10.4460189967
235.0 10.67248533
240.0 10.8989383313
245.0 11.1253809676
250.0 11.3518157632
260.0 11.8046700662
270.0 12.2575146607
280.0 12.7103589862
290.0 13.1632095451
300.0 13.6160706896
310.0 14.068945212
320.0 14.521834783
330.0 14.9747402767
340.0 15.4276620085
350.0 15.8805999094
360.0 16.3335536522
370.0 16.7865227422
380.0 17.2395065824
390.0 17.6925045186
400.0 18.145515872
410.0 18.5985399605
420.0 19.0515761135
430.0 19.5046236816
440.0 19.9576820421
450.0 20.4107506023
460.0 20.8638288013
470.0 21.3169161099
480.0 21.7700120302
490.0 22.2231160949
500.0 22.6762278654
510.0 23.1293469309
520.0 23.5824729062
530.0 24.0356054308
540.0 24.4887441666
550.0 24.941888797
560.0 25.3950390254
570.0 25.8481945735
580.0 26.3013551803
590.0 26.7545206011
600.0 27.207690606
610.0 27.6608649793
620.0 28.1140435183
630.0 28.5672260325
640.0 29.0204123429
650.0 29.4736022811
660.0 29.9267956889
670.0 30.3799924174
680.0 30.8331923264
690.0 31.2863952841
700.0 31.7396011664
710.0 32.1928098566
720.0 32.6460212447
730.0 33.0992352272
740.0 33.552451707
750.0 34.0056705924
760.0 34.4588917973
770.0 34.9121152407
780.0 35.3653408465
790.0 35.8185685432
800.0 36.2717982637
810.0 36.7250299449
820.0 37.1782635279
830.0 37.6314989572
840.0 38.0847361812
850.0 38.5379751515
860.0 38.991215823
870.0 39.4444581535
880.0 39.897702104
890.0 40.3509476383
900.0 40.8041947227
910.0 41.2574433264
920.0 41.7106934207
930.0 42.1639449797
940.0 42.6171979795
950.0 43.0704523986
960.0 43.5237082175
970.0 43.9769654191
980.0 44.4302239878
990.0 44.8834839105
1000.0 45.3367451756
1010.0 45.7900077736
1020.0 46.2432716966
1030.0 46.6965369386
1040.0 47.1498034954
1050.0 47.6030713642
1060.0 48.0563405443
1070.0 48.5096110363
1080.0 48.9628828425
1090.0 49.4161559669
1100.0 49.869430415
1110.0 50.3227061938
1120.0 50.7759833121
1130.0 51.2292617801
1140.0 51.6825416094
1150.0 52.1358228136
1160.0 52.5891054073
1170.0 53.0423894072
1180.0 53.4956748311
1190.0 53.9489616988
1200.0 54.4022500313
1210.0 54.8555398516
1220.0 55.3088311839
1230.0 55.7621240544
1240.0 56.2154184907
1250.0 56.6687145224
1260.0 57.1220121805
1270.0 57.5753114979
1280.0 58.0286125092
1290.0 58.481915251
1300.0 58.9352197616
1310.0 59.3885260812
1320.0 59.8418342518
1330.0 60.2951443176
1340.0 60.7484563247
1350.0 61.2017703212
1360.0 61.6550863575
1370.0 62.1084044859
1380.0 62.5617247612
1390.0 63.0150472402
1400.0 63.4683719822
1410.0 63.9216990488
1420.0 64.3750285041
1430.0 64.8283604148
1440.0 65.28169485
1450.0 65.7350318816
1460.0 66.1883715841
1470.0 66.6417140349
1480.0 67.0950593143
1490.0 67.5484075055
1500.0 68.0017586946
1510.0 68.4551129712
1520.0 68.9084704276
1530.0 69.3618311598
1540.0 69.815195267
1550.0 70.268562852
1560.0 70.721934021
1570.0 71.1753088839
1580.0 71.6286875546
1590.0 72.0820701505
1600.0 72.5354567933
1610.0 72.9888476085
1620.0 73.4422427261
1630.0 73.8956422801
1640.0 74.3490464092
1650.0 74.8024552564
1660.0 75.2558689694
1670.0 75.7092877007
1680.0 76.1627116078
1690.0 76.616140853
1700.0 77.0695756039
1710.0 77.5230160334
1720.0 77.9764623197
1730.0 78.4299146465
1740.0 78.8833732033
1750.0 79.3368381854
1760.0 79.790309794
1770.0 80.2437882364
1780.0 80.6972737262
1790.0 81.1507664834
1800.0 81.6042667343
1810.0 82.0577747121
1820.0 82.5112906569
1830.0 82.9648148157
1840.0 83.4183474424
1850.0 83.8718887986
1860.0 84.325439153
1870.0 84.7789987823
1880.0 85.2325679706
1890.0 85.68614701
1900.0 86.139736201
1910.0 86.5933358519
1920.0 87.0469462798
1930.0 87.5005678101
1940.0 87.9542007773
1950.0 88.4078455244
1960.0 88.8615024038
1970.0 89.315171777
1980.0 89.768854015
1990.0 90.2225494984
2000.0 90.6762586173
2010.0 91.129981772
2020.0 91.5837193729
2030.0 92.0374718404
2040.0 92.4912396056
2050.0 92.9450231099
2060.0 93.3988228056
2070.0 93.852639156
2080.0 94.3064726352
2090.0 94.7603237288
2100.0 95.2141929335
2110.0 95.6680807579
2120.0 96.1219877218
2130.0 96.5759143573
2140.0 97.0298612082
2150.0 97.4838288305
2160.0 97.9378177926
2170.0 98.3918286752
2180.0 98.8458620714
2190.0 99.2999185872
2200.0 99.7539988415
2210.0 100.208103466
2220.0 100.662233105
2230.0 101.116388416
2240.0 101.570570072
2250.0 102.024778756
2260.0 102.479015166
2270.0 102.933280014
2280.0 103.387574025
2290.0 103.841897939
2300.0 104.296252507
2310.0 104.750638497
2320.0 105.20505669
2330.0 105.65950788
2340.0 106.113992875
2350.0 106.568512499
2360.0 107.023067588
2370.0 107.477658994
2380.0 107.932287582
2390.0 108.386954231
2400.0 108.841659835
2410.0 109.296405302
2420.0 109.751191553
2430.0 110.206019524
2440.0 110.660890166
2450.0 111.115804443
2460.0 111.570763332
2470.0 112.025767825
2480.0 112.480818929
2490.0 112.935917662
2500.0 113.391065058
2510.0 113.846262163
2520.0 114.301510037
2530.0 114.756809753
2540.0 115.212162397
2550.0 115.667569067
2560.0 116.123030877
2570.0 116.578548949
2580.0 117.034124421
2590.0 117.489758441
2600.0 117.945452169
2610.0 118.401206778
2620.0 118.857023451
2630.0 119.312903383
2640.0 119.768847778
2650.0 120.224857854
2660.0 120.680934835
2670.0 121.137079959
2680.0 121.593294469
2690.0 122.049579621
2700.0 122.505936679
2710.0 122.962366914
2720.0 123.418871605
2730.0 123.875452041
2740.0 124.332109515
2750.0 124.788845329
2760.0 125.245660791
2770.0 125.702557213
2780.0 126.159535915
2790.0 126.61659822
2800.0 127.073745455
2810.0 127.530978953
2820.0 127.988300046
2830.0 128.445710074
2840.0 128.903210375
2850.0 129.360802291
2860.0 129.818487162
2870.0 130.276266332
2880.0 130.734141142
2890.0 131.192112933
2900.0 131.650183045
2910.0 132.108352814
2920.0 132.566623574
2930.0 133.024996656
2940.0 133.483473387
2950.0 133.942055088
2960.0 134.400743073
2970.0 134.859538653
2980.0 135.318443129
2990.0 135.777457796
3000.0 136.236583938
3010.0 136.695822833
3020.0 137.155175745
3030.0 137.61464393
3040.0 138.074228631
3050.0 138.533931079
3060.0 138.993752492
3070.0 139.453694072
3080.0 139.913757009
3090.0 140.373942476
3100.0 140.834251629
3110.0 141.294685607
3120.0 141.755245531
3130.0 142.215932504
3140.0 142.676747609
3150.0 143.137691907
3160.0 143.598766439
3170.0 144.059972225
3180.0 144.521310258
3190.0 144.982781513
3200.0 145.444386936
3210.0 145.906127449
3220.0 146.368003949
3230.0 146.830017305
3240.0 147.292168358
3250.0 147.754457922
3260.0 148.216886781
3270.0 148.679455688
3280.0 149.142165367
3290.0 149.60501651
3300.0 150.068009777
3310.0 150.531145794
3320.0 150.994425156
3330.0 151.457848421
3340.0 151.921416114
3350.0 152.385128723
3360.0 152.848986702
3370.0 153.312990465
3380.0 153.777140392
3390.0 154.241436822
3400.0 154.705880057
3410.0 155.17047036
3420.0 155.635207954
3430.0 156.100093022
3440.0 156.565125705
3450.0 157.030306105
3460.0 157.495634282
3470.0 157.961110252
3480.0 158.42673399
3490.0 158.892505429
3500.0 159.358424458
3510.0 159.824490922
3520.0 160.290704623
3530.0 160.757065319
3540.0 161.223572723
3550.0 161.690226505
3560.0 162.157026287
3570.0 162.62397165
3580.0 163.091062128
3590.0 163.55829721
3600.0 164.02567634
3610.0 164.493198916
3620.0 164.960864292
3630.0 165.428671775
3640.0 165.89662063
3650.0 166.364710072
3660.0 166.832939276
3670.0 167.301307367
3680.0 167.769813429
3690.0 168.238456501
3700.0 168.707235575
3710.0 169.176149601
3720.0 169.645197485
3730.0 170.114378089
3740.0 170.583690232
3750.0 171.05313269
3760.0 171.522704196
3770.0 171.992403443
3780.0 172.46222908
3790.0 172.932179716
3800.0 173.40225392
3810.0 173.872450221
3820.0 174.342767107
3830.0 174.81320303
3840.0 175.283756402
3850.0 175.754425597
3860.0 176.225208954
3870.0 176.696104776
3880.0 177.16711133
3890.0 177.638226848
3900.0 178.109449531