0.0 0.0
120.0 5.38603982207
121.25 5.44295576877
122.5 5.49984240089
123.75 5.55670045586
125.0 5.61353066458
126.25 5.67033375054
127.5 5.72711042907
128.75 5.78386140663
130.0 5.84058738019
131.25 5.89728903674
132.5 5.95396705276
133.75 6.01062209384
135.0 6.06725481431
136.25 6.12386585692
137.5 6.18045585264
138.75 6.23702542036
140.0 6.29357516681
141.25 6.35010568636
142.5 6.40661756095
143.75 6.46311136004
145.0 6.51958764054
146.25 6.57604694683
147.5 6.63248981076
148.75 6.68891675171
150.0 6.74532827661
151.25 6.80172488007
152.5 6.85810704443
153.75 6.9144752399
155.0 6.97082992467
156.25 7.02717154507
157.5 7.08350053569
158.75 7.13981731954
160.0 7.19612230823
162.5 7.30869849066
165.0 7.42123215464
167.5 7.53372620114
170.0 7.6461833668
172.5 7.75860623041
175.0 7.87099721946
177.5 7.98335861681
180.0 8.09569256727
182.5 8.20800108418
185.0 8.32028605577
187.5 8.43254925156
190.0 8.54479232843
192.5 8.65701683665
195.0 8.76922422562
197.5 8.88141584951
200.0 8.99359297253
202.5 9.1057567742
205.0 9.21790835421
210.0 9.44217887705
215.0 9.66641191636
220.0 9.89061385025
225.0 10.1147901804
230.0 10.3389456403
235.0 10.5630842919
240.0 10.7872096116
245.0 11.0113245662
250.0 11.2354316802
260.0 11.6836306198
270.0 12.131819851
280.0 12.5800088132
290.0 13.0282040088
300.0 13.4764097899
310.0 13.924628949
320.0 14.3728631567
330.0 14.8211132871
340.0 15.2693796556
350.0 15.7176621932
360.0 16.1659605726
370.0 16.6142742993
380.0 17.0626027762
390.0 17.5109453491
400.0 17.9593013391
410.0 18.4076700643
420.0 18.856050854
430.0 19.3044430588
440.0 19.7528460559
450.0 20.2012592528
460.0 20.6496820885
470.0 21.0981140337
480.0 21.5465545908
490.0 21.9950032921
500.0 22.4434596994
510.0 22.8919234015
520.0 23.3403940135
530.0 23.7888711747
540.0 24.2373545472
550.0 24.6858438143
560.0 25.1343386794
570.0 25.5828388641
580.0 26.0313441077
590.0 26.4798541651
600.0 26.9283688067
610.0 27.3768878167
620.0 27.8254109923
630.0 28.2739381432
640.0 28.7224690903
650.0 29.1710036652
660.0 29.6195417097
670.0 30.0680830749
680.0 30.5166276205
690.0 30.9651752149
700.0 31.4137257339
710.0 31.8622790607
720.0 32.3108350855
730.0 32.7593937047
740.0 33.2079548212
750.0 33.6565183432
760.0 34.1050841848
770.0 34.5536522649
780.0 35.0022225074
790.0 35.4507948408
800.0 35.8993691979
810.0 36.3479455158
820.0 36.7965237355
830.0 37.2451038015
840.0 37.6936856622
850.0 38.1422692692
860.0 38.5908545773
870.0 39.0394415445
880.0 39.4880301317
890.0 39.9366203027
900.0 40.3852120238
910.0 40.8338052641
920.0 41.2823999951
930.0 41.7309961908
940.0 42.1795938272
950.0 42.628192883
960.0 43.0767933387
970.0 43.5253951769
980.0 43.9739983823
990.0 44.4226029417
1000.0 44.8712088434
1010.0 45.3198160781
1020.0 45.7684246377
1030.0 46.2170345165
1040.0 46.6656457099
1050.0 47.1142582154
1060.0 47.5628720322
1070.0 48.0114871609
1080.0 48.4601036037
1090.0 48.9087213648
1100.0 49.3573404496
1110.0 49.8059608651
1120.0 50.2545826201
1130.0 50.7032057247
1140.0 51.1518301907
1150.0 51.6004560316
1160.0 52.049083262
1170.0 52.4977118985
1180.0 52.9463419592
1190.0 53.3949734635
1200.0 53.8436064327
1210.0 54.2922408896
1220.0 54.7408768586
1230.0 55.1895143658
1240.0 55.6381534388
1250.0 56.0867941071
1260.0 56.5354364019
1270.0 56.984080356
1280.0 57.432726004
1290.0 57.8813733825
1300.0 58.3300225298
1310.0 58.778673486
1320.0 59.2273262933
1330.0 59.6759809958
1340.0 60.1246376395
1350.0 60.5732962728
1360.0 61.0219569457
1370.0 61.4706197108
1380.0 61.9192846228
1390.0 62.3679517384
1400.0 62.8166211171
1410.0 63.2652928204
1420.0 63.7139669124
1430.0 64.1626434598
1440.0 64.6113225317
1450.0 65.0600041999
1460.0 65.5086885391
1470.0 65.9573756266
1480.0 66.4060655427
1490.0 66.8547583705
1500.0 67.3034541964
1510.0 67.7521531096
1520.0 68.2008552027
1530.0 68.6495605716
1540.0 69.0982693155
1550.0 69.5469815371
1560.0 69.9956973428
1570.0 70.4444168424
1580.0 70.8931401497
1590.0 71.3418673823
1600.0 71.7905986618
1610.0 72.2393341137
1620.0 72.688073868
1630.0 73.1368180587
1640.0 73.5855668244
1650.0 74.0343203083
1660.0 74.4830786579
1670.0 74.931842026
1680.0 75.3806105697
1690.0 75.8293844516
1700.0 76.2781638392
1710.0 76.7269489054
1720.0 77.1757398283
1730.0 77.6245367918
1740.0 78.0733399853
1750.0 78.5221496041
1760.0 78.9709658494
1770.0 79.4197889285
1780.0 79.868619055
1790.0 80.3174564488
1800.0 80.7663013364
1810.0 81.2151539509
1820.0 81.6640145324
1830.0 82.1128833278
1840.0 82.5617605912
1850.0 83.010646584
1860.0 83.4595415752
1870.0 83.9084458411
1880.0 84.3573596661
1890.0 84.8062833422
1900.0 85.2552171698
1910.0 85.7041614574
1920.0 86.153116522
1930.0 86.602082689
1940.0 87.0510602929
1950.0 87.5000496767
1960.0 87.9490511928
1970.0 88.3980652027
1980.0 88.8470920773
1990.0 89.2961321973
2000.0 89.7451859529
2010.0 90.1942537443
2020.0 90.6433359819
2030.0 91.0924330861
2040.0 91.5415454879
2050.0 91.9906736289
2060.0 92.4398179613
2070.0 92.8889789484
2080.0 93.3381570643
2090.0 93.7873527945
2100.0 94.236566636
2110.0 94.685799097
2120.0 95.1350506976
2130.0 95.5843219697
2140.0 96.0336134573
2150.0 96.4829257164
2160.0 96.9322593151
2170.0 97.3816148343
2180.0 97.8309928672
2190.0 98.2803940198
2200.0 98.7298189107
2210.0 99.1792681716
2220.0 99.6287424473
2230.0 100.078242396
2240.0 100.527768688
2250.0 100.977322008
2260.0 101.426903055
2270.0 101.87651254
2280.0 102.326151188
2290.0 102.775819738
2300.0 103.225518943
2310.0 103.67524957
2320.0 104.125012399
2330.0 104.574808226
2340.0 105.024637858
2350.0 105.474502118
2360.0 105.924401844
2370.0 106.374337887
2380.0 106.824311112
2390.0 107.274322397
2400.0 107.724372638
2410.0 108.174462741
2420.0 108.624593629
2430.0 109.074766237
2440.0 109.524981516
2450.0 109.975240429
2460.0 110.425543955
2470.0 110.875893085
2480.0 111.326288825
2490.0 111.776732195
2500.0 112.227224228
2510.0 112.677765969
2520.0 113.12835848
2530.0 113.579002832
2540.0 114.029700113
2550.0 114.48045142
2560.0 114.931257866
2570.0 115.382120575
2580.0 115.833040684
2590.0 116.28401934
2600.0 116.735057705
2610.0 117.186156951
2620.0 117.637318261
2630.0 118.088542829
2640.0 118.539831861
2650.0 118.991186574
2660.0 119.442608192
2670.0 119.894097952
2680.0 120.345657099
2690.0 120.797286888
2700.0 121.248988582
2710.0 121.700763453
2720.0 122.152612782
2730.0 122.604537854
2740.0 123.056539965
2750.0 123.508620416
2760.0 123.960780514
2770.0 124.413021573
2780.0 124.865344912
2790.0 125.317751853
2800.0 125.770243725
2810.0 126.222821859
2820.0 126.67548759
2830.0 127.128242254
2840.0 127.581087192
2850.0 128.034023744
2860.0 128.487053252
2870.0 128.940177059
2880.0 129.393396505
2890.0 129.846712933
2900.0 130.300127681
2910.0 130.753642087
2920.0 131.207257484
2930.0 131.660975203
2940.0 132.114796571
2950.0 132.568722908
2960.0 133.02275553
2970.0 133.476895747
2980.0 133.93114486
2990.0 134.385504163
3000.0 134.839974942
3010.0 135.294558473
3020.0 135.749256022
3030.0 136.204068844
3040.0 136.658998181
3050.0 137.114045266
3060.0 137.569211315
3070.0 138.024497533
3080.0 138.479905106
3090.0 138.93543521
3100.0 139.391088999
3110.0 139.846867614
3120.0 140.302772175
3130.0 140.758803785
3140.0 141.214963526
3150.0 141.671252461
3160.0 142.12767163
3170.0 142.584222052
3180.0 143.040904722
3190.0 143.497720613
3200.0 143.954670673
3210.0 144.411755823
3220.0 144.86897696
3230.0 145.326334952
3240.0 145.783830642
3250.0 146.241464843
3260.0 146.699238338
3270.0 147.157151882
3280.0 147.615206197
3290.0 148.073401977
3300.0 148.531739881
3310.0 148.990220535
3320.0 149.448844533
3330.0 149.907612435
3340.0 150.366524765
3350.0 150.825582011
3360.0 151.284784626
3370.0 151.744133026
3380.0 152.203627589
3390.0 152.663268655
3400.0 153.123056527
3410.0 153.582991467
3420.0 154.043073698
3430.0 154.503303402
3440.0 154.963680722
3450.0 155.424205759
3460.0 155.884878573
3470.0 156.345699179
3480.0 156.806667554
3490.0 157.26778363
3500.0 157.729047296
3510.0 158.190458396
3520.0 158.652016734
3530.0 159.113722067
3540.0 159.575574108
3550.0 160.037572525
3560.0 160.499716945
3570.0 160.962006944
3580.0 161.424442059
3590.0 161.887021777
3600.0 162.349745544
3610.0 162.812612756
3620.0 163.275622769
3630.0 163.73877489
3640.0 164.202068381
3650.0 164.66550246
3660.0 165.1290763
3670.0 165.592789028
3680.0 166.056639727
3690.0 166.520627435
3700.0 166.984751145
3710.0 167.449009808
3720.0 167.913402329
3730.0 168.37792757
3740.0 168.842584349
3750.0 169.307371444
3760.0 169.772287587
3770.0 170.23733147
3780.0 170.702501744
3790.0 171.167797017
3800.0 171.633215858
3810.0 172.098756795
3820.0 172.564418318
3830.0 173.030198878
3840.0 173.496096886
3850.0 173.962110718
3860.0 174.428238712
3870.0 174.894479171
3880.0 175.360830361
3890.0 175.827290516
3900.0 176.293857835