0.0 0.0
30.0 1.62443398461
30.15625 1.63204700794
30.3125 1.63966749131
30.46875 1.64729529284
30.625 1.65493027408
30.78125 1.66257229987
30.9375 1.67022123828
31.09375 1.67787696048
31.25 1.68553934068
31.40625 1.69320825605
31.5625 1.70088358661
31.71875 1.70856521515
31.875 1.71625302718
32.03125 1.72394691084
32.1875 1.73164675682
32.34375 1.73935245829
32.5 1.74706391085
32.65625 1.75478101244
32.8125 1.76250366329
32.96875 1.77023176587
33.125 1.7779652248
33.28125 1.78570394681
33.4375 1.79344784068
33.59375 1.80119681719
33.75 1.80895078907
33.90625 1.81670967094
34.0625 1.82447337926
34.21875 1.83224183229
34.375 1.84001495002
34.53125 1.84779265418
34.6875 1.85557486814
34.84375 1.86336151688
35.0 1.87115252696
35.15625 1.8789478265
35.3125 1.88674734508
35.46875 1.89455101377
35.625 1.90235876505
35.78125 1.91017053279
35.9375 1.91798625221
36.09375 1.92580585986
36.25 1.93362929357
36.40625 1.94145649242
36.5625 1.94928739674
36.875 1.96496008897
37.1875 1.98064691615
37.5 1.99634744199
37.8125 2.01206124713
38.125 2.02778792838
38.4375 2.04352709797
38.75 2.05927838281
39.0625 2.07504142386
39.375 2.09081587548
39.6875 2.1066014048
40.0 2.12239769121
40.3125 2.13820442578
40.625 2.15402131072
40.9375 2.16984805898
41.25 2.18568439371
41.5625 2.20153004783
41.875 2.21738476367
42.1875 2.23324829252
42.5 2.24912039425
42.8125 2.26500083701
43.125 2.28088939682
43.4375 2.2967858573
43.75 2.31269000932
44.0625 2.32860165075
44.375 2.34452058612
44.6875 2.36044662642
45.0 2.3763795888
45.3125 2.39231929634
45.625 2.40826557784
45.9375 2.42421826754
46.25 2.44017720498
46.5625 2.45614223475
46.875 2.47211320632
47.1875 2.48808997385
47.5 2.50407239601
47.8125 2.52006033581
48.125 2.53605366047
48.4375 2.5520522412
48.75 2.56805595312
49.375 2.60007828957
50.0 2.63211974319
50.625 2.66417944104
51.25 2.69625656016
51.875 2.72835032413
52.5 2.76045999995
53.125 2.79258489508
53.75 2.82472435481
54.375 2.85687775976
55.0 2.8890445236
55.625 2.92122409094
56.25 2.95341593537
56.875 2.98561955765
57.5 3.01783448402
58.125 3.05006026466
58.75 3.0822964722
59.375 3.11454270044
60.0 3.14679856303
60.625 3.17906369233
61.25 3.21133773833
61.875 3.24362036764
62.5 3.27591126252
63.125 3.30821012001
63.75 3.3405166511
64.375 3.37283057999
65.0 3.40515164332
66.25 3.46981417816
67.5 3.53450237337
68.75 3.59921450699
70.0 3.66394900113
71.25 3.72870440759
72.5 3.79347939517
73.75 3.85827273838
75.0 3.92308330751
76.25 3.98791005959
77.5 4.05275203057
78.75 4.11760832808
80.0 4.18247812517
81.25 4.24736065453
82.5 4.31225520335
83.75 4.37716110873
85.0 4.44207775349
86.25 4.5070045624
87.5 4.57194099879
90.0 4.70184078175
92.5 4.83177346947
95.0 4.96173587551
97.5 5.09172519507
100.0 5.22173895097
102.5 5.35177494837
105.0 5.48183123669
107.5 5.61190607743
110.0 5.74199791681
112.5 5.87210536255
115.0 6.00222716392
117.5 6.13236219469
120.0 6.26250943838
122.5 6.39266797559
125.0 6.52283697294
127.5 6.65301567351
130.0 6.78320338853
132.5 6.91339949
135.0 7.04360340435
137.5 7.17381460682
140.0 7.30403261646
142.5 7.43425699179
145.0 7.56448732693
147.5 7.69472324815
150.0 7.82496441081
152.5 7.95521049665
155.0 8.08546121137
157.5 8.21571628244
160.0 8.34597545715
162.5 8.47623850088
165.0 8.60650519549
167.5 8.73677533797
170.0 8.86704873906
172.5 8.99732522218
175.0 9.12760462233
177.5 9.25788678513
180.0 9.38817156599
182.5 9.51845882929
185.0 9.64874844765
187.5 9.77904030128
190.0 9.90933427737
192.5 10.0396302695
195.0 10.1699281772
197.5 10.3002279055
200.0 10.4305293641
202.5 10.5608324676
205.0 10.6911371346
207.5 10.8214432877
210.0 10.9517508527
212.5 11.0820597589
215.0 11.2123699382
217.5 11.3426813252
220.0 11.4729938568
222.5 11.6033074719
225.0 11.7336221112
227.5 11.863937717
230.0 11.9942542327
232.5 12.1245716029
235.0 12.2548897731
237.5 12.3852086893
240.0 12.5155282978
242.5 12.645848545
245.0 12.7761693774
247.5 12.9064907409
250.0 13.036812581
252.5 13.1671348421
255.0 13.2974574679
257.5 13.4277804003
260.0 13.5581035798
262.5 13.6884269449
265.0 13.818750432
267.5 13.9490739749
270.0 14.0793975043
272.5 14.2097209481
275.0 14.3400442305
277.5 14.4703672716
280.0 14.6006899873
282.5 14.731012289
285.0 14.8613340825
287.5 14.9916552683
290.0 15.1219757406
292.5 15.2522953871
295.0 15.3826140881
297.5 15.5129317163
300.0 15.643248136
302.5 15.7735632026
305.0 15.9038767617
307.5 16.0341886485
310.0 16.164498687
312.5 16.2948066895
315.0 16.4251124552
317.5 16.5554157699
320.0 16.6857164047
322.5 16.8160141151
325.0 16.94630864
327.5 17.0765997006
330.0 17.2068869994
332.5 17.3371702186
335.0 17.4674490194
337.5 17.5977230401
340.0 17.7279918952
342.5 17.8582551737
345.0 17.9885124375
347.5 18.1187632199
350.0 18.2490070242
352.5 18.3792433215
355.0 18.5094715491
357.5 18.6396911085
360.0 18.7699013637
362.5 18.9001016388
365.0 19.0302912159
367.5 19.1604693331
370.0 19.2906351819
372.5 19.4207879047
375.0 19.5509265929
377.5 19.6810502833
380.0 19.8111579565
382.5 19.9412485331
385.0 20.0713208715
387.5 20.2013737646
390.0 20.3314059369
392.5 20.461416041
395.0 20.5914026547
397.5 20.7213642772
400.0 20.8512993261
402.5 20.9812061334
405.0 21.1110829422
407.5 21.2409279027
410.0 21.3707390682
412.5 21.5005143918
415.0 21.6302517215
417.5 21.759948797
420.0 21.8896032447
422.5 22.019212574
425.0 22.1487741728
427.5 22.278285303
430.0 22.4077430962
432.5 22.5371445492
435.0 22.6664865192
437.5 22.7957657195
440.0 22.9249787148
442.5 23.0541219164
445.0 23.1831915777
447.5 23.3121837893
450.0 23.4410944746
452.5 23.5699193849
455.0 23.6986540951
457.5 23.8272939984
460.0 23.9558343025
462.5 24.0842700248
465.0 24.2125959876
467.5 24.3408068144
470.0 24.4688969253
472.5 24.5968605326
475.0 24.7246916374
477.5 24.8523840252
480.0 24.9799312626
482.5 25.1073266933
485.0 25.2345634352
487.5 25.3616343772
490.0 25.4885321761
492.5 25.6152492539
495.0 25.741777796
496.25 25.8049688586
497.5 25.8681097483
498.75 25.9311994205
500.0 25.9942368158
501.25 26.0572208595
502.5 26.1201504615
503.75 26.1830245166
505.0 26.2458419044
506.25 26.308601489
507.5 26.3713021194
508.75 26.4339426292
510.0 26.4965218367
511.25 26.559038545
512.5 26.6214915418
513.75 26.6838795996
515.0 26.7462014758
516.25 26.8084559124
517.5 26.8706416365
518.75 26.9327573599
520.0 26.9948017795
521.25 27.0567735771
522.5 27.1186714199
523.75 27.1804939601
525.0 27.242239835
526.25 27.3039076677
527.5 27.3654960666
528.75 27.4270036255
530.0 27.4884289243
531.25 27.5497705285
532.5 27.6110269898
533.75 27.6721968458
535.0 27.7332786207
536.25 27.7942708251
537.5 27.8551719561
538.75 27.9159804979
540.0 27.9766949215
541.25 28.0373136853
542.5 28.0978352352
543.75 28.1582580048
545.0 28.2185804154
546.25 28.2788008767
547.5 28.3389177868
548.75 28.3989295324
550.0 28.4588344893
551.25 28.5186310225
552.5 28.5783174864
553.75 28.6378922255
555.0 28.6973535742
556.25 28.7566998578
557.5 28.8159293919
558.75 28.8750404836
560.0 28.9340314316
561.25 28.9929005263
562.5 29.0516460505
563.75 29.1102662795
565.0 29.1687594818
566.25 29.2271239194
567.5 29.2853578481
568.75 29.343459518
570.0 29.401427174
571.25 29.4592590562
572.5 29.5169534004
573.75 29.5745084384
575.0 29.6319223987
576.25 29.689193507
577.5 29.7463199863
578.75 29.8033000579
580.0 29.8601319418
581.25 29.916813857
582.5 29.9733440221
583.75 30.0297206562
585.0 30.085941979
586.25 30.1420062114
587.5 30.1979115766
588.75 30.2536563
590.0 30.3092386102
591.25 30.3646567394
592.5 30.4199089242
593.75 30.4749934059
595.0 30.5299084317
596.25 30.5846522547
597.5 30.6392231346
598.75 30.693619339
600.0 30.7478391432
601.25 30.8018808314
602.5 30.8557426973
603.75 30.9094230444
605.0 30.9629201872
606.25 31.0162324515
607.5 31.0693581752
608.75 31.1222957092
610.0 31.1750434177
611.25 31.2275996791
612.5 31.2799628869
613.75 31.33213145
615.0 31.3841037938
616.25 31.4358783606
617.5 31.4874536105
618.75 31.5388280222
619.375 31.5644394434
620.0 31.5900000934
620.625 31.6155097873
621.25 31.6409683419
621.875 31.6663755751
622.5 31.6917313062
623.125 31.7170353558
623.75 31.7422875459
624.375 31.7674877
625.0 31.792635643
625.625 31.8177312011
626.25 31.8427742022
626.875 31.8677644755
627.5 31.8927018518
628.125 31.9175861634
628.75 31.9424172443
629.375 31.96719493
630.0 31.9919190575
630.625 32.0165894655
631.25 32.0412059945
631.875 32.0657684865
632.5 32.0902767853
633.125 32.1147307363
633.75 32.1391301868
634.375 32.1634749857
635.0 32.1877649839
635.625 32.212000034
636.25 32.2361799903
636.875 32.2603047092
637.5 32.2843740487
638.125 32.3083878691
638.75 32.3323460322
639.375 32.356248402
640.0 32.3800948443
640.625 32.4038852272
641.25 32.4276194203
641.875 32.4512972958
642.5 32.4749187275
643.125 32.4984835915
643.75 32.5219917659
644.375 32.545443131
645.0 32.5688375693
645.625 32.5921749652
646.25 32.6154552055
646.875 32.6386781791
647.5 32.6618437773
648.125 32.6849518933
648.75 32.7080024229
649.375 32.730995264
650.0 32.7539303169
650.625 32.7768074842
651.25 32.7996266707
651.875 32.8223877838
652.5 32.845090733
653.125 32.8677354306
653.75 32.8903217909
654.375 32.9128497309
655.0 32.93531917
655.625 32.9577300301
656.25 32.9800822355
656.875 33.0023757131
657.5 33.0246103923
658.125 33.0467862052
658.75 33.0689030861
659.375 33.0909609724
660.0 33.1129598037
660.625 33.1348995223
661.25 33.1567800734
661.875 33.1786014045
662.5 33.200363466
663.125 33.2220662109
663.75 33.243709595
664.375 33.2652935768
665.0 33.2868181174
665.625 33.3082831808
666.25 33.3296887338
666.875 33.3510347459
667.5 33.3723211895
668.125 33.3935480396
668.75 33.4147152743
669.375 33.4358228745
670.0 33.4568708238
670.625 33.4778591088
671.25 33.498787719
671.875 33.5196566467
672.5 33.5404658874
673.125 33.5612154391
673.75 33.5819053031
674.375 33.6025354835
675.0 33.6231059874
675.625 33.6436168249
676.25 33.6640680092
676.875 33.6844595561
677.5 33.704791485
678.125 33.7250638178
678.75 33.7452765799
679.375 33.7654297993
680.0 33.7855235074
680.625 33.8055577386
681.25 33.8255325302
681.875 33.8454479229
682.5 33.8653039602
683.125 33.8851006888
683.75 33.9048381586
684.375 33.9245164226
685.0 33.944135537
685.625 33.9636955608
686.25 33.9831965566
686.875 34.0026385898
687.5 34.0220217292
688.125 34.0413460468
688.75 34.0606116174
689.375 34.0798185194
690.0 34.0989668342
690.625 34.1180566464
691.25 34.1370880439
691.875 34.1560611175
692.5 34.1749759617
693.125 34.1938326737
693.75 34.2126313542
694.375 34.2313721072
695.0 34.2500550395
695.625 34.2686802617
696.25 34.2872478872
696.875 34.3057580327
697.5 34.3242108182
698.125 34.342606367
698.75 34.3609448055
699.375 34.3792262634
700.0 34.3974508735
700.625 34.4156187721
701.25 34.4337300984
701.875 34.4517849952
702.5 34.4697836082
703.125 34.4877260865
703.75 34.5056125824
704.375 34.5234432515
705.0 34.5412182523
705.625 34.5589377471
706.25 34.5766019008
706.875 34.5942108819
707.5 34.611764862
708.125 34.629264016
708.75 34.6467085218
709.375 34.6640985606
710.0 34.6814343169
710.625 34.6987159782
711.25 34.7159437353
711.875 34.7331177822
712.5 34.750238316
713.125 34.7673055369
713.75 34.7843196484
714.375 34.8012808571
715.0 34.8181893726
715.625 34.8350454078
716.25 34.8518491788
716.875 34.8686009045
717.5 34.8853008072
718.125 34.901949112
718.75 34.9185460475
719.375 34.935091845
720.0 34.951586739
720.625 34.9680309671
721.25 34.9844247699
721.875 35.0007683909
722.5 35.0170620768
723.125 35.0333060773
723.75 35.0495006449
724.375 35.0656460353
725.0 35.0817425071
725.625 35.0977903217
726.25 35.1137897436
726.875 35.1297410402
727.5 35.1456444818
728.125 35.1615003415
728.75 35.1773088954
729.375 35.1930704223
730.0 35.2087852042
730.625 35.2244535254
731.25 35.2400756735
731.875 35.2556519385
732.5 35.2711826135
733.125 35.2866679942
733.75 35.3021083789
734.375 35.3175040689
735.0 35.332855368
735.625 35.3481625828
736.25 35.3634260224
736.875 35.3786459988
737.5 35.3938228264
738.125 35.4089568222
738.75 35.424048306
739.375 35.4390975999
740.0 35.4541050287
740.625 35.4690709196
741.25 35.4839956023
741.875 35.4988794092
742.5 35.5137226747
743.125 35.5285257362
743.75 35.5432889329
744.375 35.5580126068
745.0 35.572697102
745.625 35.5873427651
746.25 35.601949945
746.875 35.6165189927
747.5 35.6310502616
748.125 35.6455441072
748.75 35.6600008874
749.375 35.674420962
750.0 35.6888046932
750.625 35.7031524451
751.25 35.717464584
751.875 35.7317414783
752.5 35.7459834983
753.75 35.7743644071
755.0 35.8026103127
756.25 35.8307242481
757.5 35.8587092761
758.75 35.8865684879
760.0 35.9143050023
761.25 35.9419219647
762.5 35.9694225457
763.75 35.9968099406
765.0 36.0240873677
766.25 36.0512580671
767.5 36.0783255963
768.75 36.1052928318
770.0 36.1321633128
771.25 36.1589403649
772.5 36.1856273334
773.75 36.2122275816
775.0 36.2387444901
776.25 36.2651814555
777.5 36.2915418891
778.75 36.3178292156
780.0 36.3440468724
781.25 36.370198308
782.5 36.3962869811
783.75 36.4223163593
785.0 36.448289918
786.25 36.4742111393
787.5 36.5000835107
788.75 36.5259105242
790.0 36.5516956749
791.25 36.5774424601
792.5 36.603154378
795.0 36.6544876029
797.5 36.7057233117
800.0 36.7568894104
802.5 36.8080137129
805.0 36.8591239067
807.5 36.9102475175
810.0 36.9614118756