0.0 0.0
120.0 5.3860005684
121.25 5.44291601053
122.5 5.49980213588
123.75 5.55665968189
125.0 5.61348937944
126.25 5.67029195202
127.5 5.72706811495
128.75 5.78381857468
130.0 5.84054402818
131.25 5.89724516243
132.5 5.9539226539
133.75 6.01057716817
135.0 6.06720935956
136.25 6.12381987083
137.5 6.18040933292
138.75 6.23697836474
140.0 6.29352757298
141.25 6.35005755203
142.5 6.40656888381
143.75 6.46306213778
145.0 6.51953787083
146.25 6.57599662734
147.5 6.63243893916
148.75 6.68886532564
150.0 6.74527629372
151.25 6.801672338
152.5 6.85805394081
155.0 6.97077569083
157.5 7.08344516205
160.0 7.19606578517
162.5 7.30864080849
165.0 7.4211733036
167.5 7.53366617142
170.0 7.64612214852
172.5 7.75854381362
175.0 7.87093359416
177.5 7.98329377293
180.0 8.09562649468
182.5 8.20793377267
185.0 8.32021749508
187.5 8.43247943135
190.0 8.54472123831
195.0 8.76915056422
200.0 8.99351669746
205.0 9.21782942252
210.0 9.44209724527
215.0 9.66632754044
220.0 9.8905266856
225.0 10.1147001819
230.0 10.3388527621
240.0 10.7871108346
250.0 11.2353268143
260.0 11.6835194703
270.0 12.131702218
280.0 12.579884492
290.0 13.0280727893
300.0 13.476271457
310.0 13.9244832819
320.0 14.3727099293
330.0 14.8209522675
340.0 15.2692106062
350.0 15.7174848704
360.0 16.165774727
370.0 16.6140796751
380.0 17.0623991111
390.0 17.5107323747
400.0 17.9590787803
410.0 18.4074376389
420.0 18.8558082731
430.0 19.3041900264
440.0 19.7525822687
450.0 20.2009844001
460.0 20.6493958518
470.0 21.0978160868
480.0 21.5462445995
490.0 21.9946809141
500.0 22.4431245838
510.0 22.8915751891
520.0 23.340032336
530.0 23.788495655
540.0 24.2369647988
550.0 24.6854394415
560.0 25.1339192764
570.0 25.5824040155
580.0 26.0308933876
590.0 26.4793871374
600.0 26.9278850244
610.0 27.3763868219
620.0 27.8248923158
630.0 28.2734013041
640.0 28.7219135959
650.0 29.1704290107
660.0 29.6189473776
670.0 30.067468535
680.0 30.5159923293
690.0 30.9645186154
700.0 31.4130472551
710.0 31.8615781173
720.0 32.3101110775
730.0 32.7586460172
740.0 33.2071828234
750.0 33.6557213887
760.0 34.1042616104
770.0 34.5528033908
780.0 35.0013466364
790.0 35.4498912577
800.0 35.8984371693
810.0 36.3469842892
820.0 36.7955325389
830.0 37.2440818429
840.0 37.692632129
850.0 38.1411833275
860.0 38.5897353712
870.0 39.0382881956
880.0 39.4868417384
890.0 39.9353959392
900.0 40.3839507397
910.0 40.8325060836
920.0 41.281061916
930.0 41.7296181837
940.0 42.178174835
950.0 42.6267318195
960.0 43.0752890881
970.0 43.5238465926
980.0 43.9724042861
990.0 44.4209621224
1000.0 44.8695200564
1010.0 45.3180780435
1020.0 45.76663604
1030.0 46.2151940025
1040.0 46.6637518884
1050.0 47.1123096553
1060.0 47.5608672612
1070.0 48.0094246646
1080.0 48.4579818238
1090.0 48.9065386975
1100.0 49.3550952445
1110.0 49.8036514234
1120.0 50.2522071929
1130.0 50.7007625115
1140.0 51.1493173375
1150.0 51.5978716288
1160.0 52.0464253433
1170.0 52.4949784382
1180.0 52.9435308704
1190.0 53.3920825961
1200.0 53.8406335712
1210.0 54.2891837508
1220.0 54.7377330893
1230.0 55.1862815403
1240.0 55.6348290567
1250.0 56.0833755903
1260.0 56.531921092
1270.0 56.980465512
1280.0 57.4290087989
1290.0 57.8775509006
1300.0 58.3260917634
1310.0 58.7746313326
1320.0 59.2231695521
1330.0 59.6717063642
1340.0 60.1202417099
1350.0 60.5687755286
1360.0 61.017307758
1370.0 61.4658383342
1380.0 61.9143671914
1390.0 62.362894262
1400.0 62.8114194766
1410.0 63.2599427636
1420.0 63.7084640494
1430.0 64.1569832581
1440.0 64.6055003118
1450.0 65.05401513
1460.0 65.5025276301
1470.0 65.9510377266
1480.0 66.3995453316
1490.0 66.8480503547
1500.0 67.2965527024
1510.0 67.7450522784
1520.0 68.1935489836
1530.0 68.6420427156
1540.0 69.0905333691
1550.0 69.5390208352
1560.0 69.987505002
1570.0 70.4359857537
1580.0 70.8844629714
1590.0 71.332936532
1600.0 71.7814063089
1610.0 72.2298721716
1620.0 72.6783339853
1630.0 73.1267916115
1640.0 73.5752449068
1650.0 74.0236937241
1660.0 74.4721379112
1670.0 74.9205773115
1680.0 75.3690117637
1690.0 75.8174411015
1700.0 76.2658651535
1710.0 76.7142837433
1720.0 77.1626966891
1730.0 77.6111038036
1740.0 78.059504894
1750.0 78.5078997617
1760.0 78.9562882025
1770.0 79.4046700058
1780.0 79.8530449551
1790.0 80.3014128275
1800.0 80.7497733937
1810.0 81.1981264177
1820.0 81.6464716568
1830.0 82.0948088613
1840.0 82.5431377747
1850.0 82.9914581329
1860.0 83.4397696646
1870.0 83.888072091
1880.0 84.3363651253
1890.0 84.7846484733
1900.0 85.2329218323
1910.0 85.6811848917
1920.0 86.1294373323
1930.0 86.5776788265
1940.0 87.025909038
1950.0 87.4741276215
1960.0 87.9223342228
1970.0 88.3705284785
1980.0 88.8187100157
1990.0 89.2668784521
2000.0 89.7150333955
2010.0 90.1631744439
2020.0 90.6113011854
2030.0 91.0594131977
2040.0 91.5075100481
2050.0 91.9555912935
2060.0 92.4036564801
2070.0 92.8517051431
2080.0 93.2997368067
2090.0 93.7477509839
2100.0 94.1957471764
2110.0 94.6437248743
2120.0 95.0916835562
2130.0 95.5396226888
2140.0 95.9875417268
2150.0 96.4354401129
2160.0 96.8833172773
2170.0 97.3311726382
2180.0 97.7790056009
2190.0 98.2268155583
2200.0 98.6746018904
2210.0 99.1223639643
2220.0 99.5701011341
2230.0 100.017812741
2240.0 100.465498112
2250.0 100.913156562
2260.0 101.360787392
2270.0 101.808389888
2280.0 102.255963326
2290.0 102.703506964
2300.0 103.151020048
2310.0 103.598501812
2320.0 104.045951473
2330.0 104.493368236
2340.0 104.94075129
2350.0 105.388099813
2360.0 105.835412966
2370.0 106.282689897
2380.0 106.729929741
2390.0 107.177131616
2400.0 107.624294628
2410.0 108.071417869
2420.0 108.518500416
2430.0 108.965541332
2440.0 109.412539666
2450.0 109.859494453
2460.0 110.306404714
2470.0 110.753269457
2480.0 111.200087675
2490.0 111.646858348
2500.0 112.093580442
2510.0 112.54025291
2520.0 112.986874692
2530.0 113.433444712
2540.0 113.879961886
2550.0 114.326425112
2560.0 114.772833279
2570.0 115.219185262
2580.0 115.665479923
2590.0 116.111716113
2600.0 116.557892671
2610.0 117.004008424
2620.0 117.450062188
2630.0 117.896052768
2640.0 118.341978958
2650.0 118.787839541
2660.0 119.233633291
2670.0 119.67935897
2680.0 120.125015334
2690.0 120.570601126
2700.0 121.016115083
2710.0 121.461555933
2720.0 121.906922394
2730.0 122.35221318
2740.0 122.797426995
2750.0 123.242562536
2760.0 123.687618497
2770.0 124.132593564
2780.0 124.577486416
2790.0 125.02229573
2800.0 125.467020178
2810.0 125.911658428
2820.0 126.356209145
2830.0 126.800670991
2840.0 127.245042625
2850.0 127.689322708
2860.0 128.133509895
2870.0 128.577602845
2880.0 129.021600214
2890.0 129.465500663
2900.0 129.909302851
2910.0 130.35300544
2920.0 130.796607096
2930.0 131.240106488
2940.0 131.683502289
2950.0 132.126793178
2960.0 132.569977838
2970.0 133.01305496
2980.0 133.456023242
2990.0 133.898881388
3000.0 134.341628114
3010.0 134.784262142
3020.0 135.226782206
3030.0 135.669187051
3040.0 136.111475433
3050.0 136.553646121
3060.0 136.995697897
3070.0 137.437629557
3080.0 137.879439913
3090.0 138.32112779
3100.0 138.762692031
3110.0 139.204131499
3120.0 139.645445069
3130.0 140.086631641
3140.0 140.527690131
3150.0 140.968619476
3160.0 141.409418636
3170.0 141.850086591
3180.0 142.290622346
3190.0 142.731024927
3200.0 143.171293388
3210.0 143.611426805
3220.0 144.051424282
3230.0 144.49128495
3240.0 144.931007966
3250.0 145.370592517
3260.0 145.810037818
3270.0 146.249343116
3280.0 146.688507687
3290.0 147.127530839
3300.0 147.56641191
3310.0 148.005150275
3320.0 148.443745338
3330.0 148.882196542
3340.0 149.320503361
3350.0 149.758665305
3360.0 150.196681923
3370.0 150.634552799
3380.0 151.072277552
3390.0 151.509855844
3400.0 151.947287371
3410.0 152.384571871
3420.0 152.821709121
3430.0 153.258698938
3440.0 153.695541179
3450.0 154.132235743
3460.0 154.56878257
3470.0 155.005181643
3480.0 155.441432986
3490.0 155.877536668
3500.0 156.313492798
3510.0 156.749301531
3520.0 157.184963065
3530.0 157.620477642
3540.0 158.055845548
3550.0 158.491067115
3560.0 158.926142717
3570.0 159.361072775
3580.0 159.795857755
3590.0 160.230498168
3600.0 160.664994568
3610.0 161.099347558
3620.0 161.533557784
3630.0 161.967625937
3640.0 162.401552755
3650.0 162.835339019
3660.0 163.268985558
3670.0 163.702493243
3680.0 164.135862991
3690.0 164.569095764
3700.0 165.002192569
3710.0 165.435154455
3720.0 165.867982516
3730.0 166.300677891
3740.0 166.733241759
3750.0 167.165675346
3760.0 167.597979917
3770.0 168.030156779
3780.0 168.462207284
3790.0 168.894132822
3800.0 169.325934823
3810.0 169.75761476
3820.0 170.189174142
3830.0 170.620614519
3840.0 171.051937478
3850.0 171.483144645
3860.0 171.91423768
3870.0 172.345218281
3880.0 172.776088181
3890.0 173.206849146
3900.0 173.637502977