0.0 0.0
120.0 5.37627788435
121.25 5.4330921442
122.5 5.48987708947
123.75 5.54663345759
125.0 5.60336197946
126.25 5.66006337857
127.5 5.71673837025
128.75 5.77338766095
130.0 5.83001194767
131.25 5.88661191736
132.5 5.94318824653
133.75 5.99974160076
135.0 6.05627263438
136.25 6.11278199014
137.5 6.16927029901
138.75 6.22573817988
140.0 6.28218623947
141.25 6.33861507217
142.5 6.39502525991
143.75 6.45141737215
145.0 6.5077919658
146.25 6.56414958524
147.5 6.62049076232
148.75 6.67681601642
150.0 6.73312585447
151.25 6.78942077107
152.5 6.84570124858
153.75 6.9019677572
155.0 6.95822075512
156.25 7.01446068867
157.5 7.07068799244
158.75 7.12690308943
160.0 7.18310639127
162.5 7.2954792
165.0 7.40780949028
167.5 7.52010016308
170.0 7.63235395504
172.5 7.74457344494
175.0 7.85676106029
177.5 7.96891908393
180.0 8.0810496607
182.5 8.1931548039
185.0 8.30523640179
187.5 8.41729622388
190.0 8.52933592704
192.5 8.64135706156
195.0 8.75336107683
197.5 8.86534932701
200.0 8.97732307634
202.5 9.08928350431
205.0 9.20123171061
210.0 9.42509548604
215.0 9.64892177795
220.0 9.87271696444
225.0 10.0964865472
230.0 10.3202352597
235.0 10.5439671639
240.0 10.7676857362
245.0 10.9913939434
250.0 11.2150943099
260.0 11.6624797548
270.0 12.1098554912
280.0 12.5572309586
290.0 13.0046126593
300.0 13.4520049457
310.0 13.8994106099
320.0 14.3468313228
330.0 14.7942679584
340.0 15.2417208321
350.0 15.6891898748
360.0 16.1366747595
370.0 16.5841749914
380.0 17.0316899734
390.0 17.4792190515
400.0 17.9267615468
410.0 18.3743167771
420.0 18.821884072
430.0 19.269462782
440.0 19.7170522843
450.0 20.1646519864
460.0 20.6122613272
470.0 21.0598797777
480.0 21.5075068399
490.0 21.9551420464
500.0 22.4027849589
510.0 22.8504351662
520.0 23.2980922834
530.0 23.7457559498
540.0 24.1934258275
550.0 24.6411015998
560.0 25.08878297
570.0 25.53646966
580.0 25.9841614087
590.0 26.4318579714
600.0 26.8795591182
610.0 27.3272646333
620.0 27.7749743141
630.0 28.2226879702
640.0 28.6704054224
650.0 29.1181265026
660.0 29.5658510523
670.0 30.0135789226
680.0 30.4613099735
690.0 30.9090440731
700.0 31.3567810972
710.0 31.8045209292
720.0 32.2522634592
730.0 32.7000085836
740.0 33.1477562053
750.0 33.5955062325
760.0 34.0432585793
770.0 34.4910131645
780.0 34.9387699122
790.0 35.3865287508
800.0 35.8342896131
810.0 36.2820524362
820.0 36.7298171611
830.0 37.1775837323
840.0 37.6253520982
850.0 38.0731222103
860.0 38.5208940236
870.0 38.968667496
880.0 39.4164425885
890.0 39.8642192646
900.0 40.3119974909
910.0 40.7597772364
920.0 41.2075584726
930.0 41.6553411735
940.0 42.1031253151
950.0 42.5509108761
960.0 42.9986978369
970.0 43.4464861803
980.0 43.894275891
990.0 44.3420669555
1000.0 44.7898593625
1010.0 45.2376531023
1020.0 45.6854481672
1030.0 46.1332445511
1040.0 46.5810422497
1050.0 47.0288412604
1060.0 47.4766415824
1070.0 47.9244432162
1080.0 48.3722461643
1090.0 48.8200504306
1100.0 49.2678560205
1110.0 49.7156629412
1120.0 50.1634712014
1130.0 50.6112808112
1140.0 51.0590917824
1150.0 51.5069041284
1160.0 51.9547178641
1170.0 52.4025330058
1180.0 52.8503495716
1190.0 53.2981675812
1200.0 53.7459870556
1210.0 54.1938080177
1220.0 54.6416304918
1230.0 55.0894545042
1240.0 55.5372800824
1250.0 55.9851072559
1260.0 56.4329360559
1270.0 56.8807665152
1280.0 57.3285986684
1290.0 57.7764325521
1300.0 58.2242682045
1310.0 58.6721056659
1320.0 59.1199449784
1330.0 59.5677861861
1340.0 60.015629335
1350.0 60.4634744735
1360.0 60.9113216516
1370.0 61.3591709219
1380.0 61.807022339
1390.0 62.2548759599
1400.0 62.7027318438
1410.0 63.1505900522
1420.0 63.5984506495
1430.0 64.046313702
1440.0 64.4941792791
1450.0 64.9420474525
1460.0 65.3899182969
1470.0 65.8377918896
1480.0 66.2856683109
1490.0 66.7335476439
1500.0 67.1814299749
1510.0 67.6293153933
1520.0 68.0772039916
1530.0 68.5250958657
1540.0 68.9729911148
1550.0 69.4208898416
1560.0 69.8687921525
1570.0 70.3166981573
1580.0 70.7646079698
1590.0 71.2125217076
1600.0 71.6604394922
1610.0 72.1083614493
1620.0 72.5562877088
1630.0 73.0042184047
1640.0 73.4521536756
1650.0 73.9000936647
1660.0 74.3480385195
1670.0 74.7959883928
1680.0 75.2439434417
1690.0 75.6919038288
1700.0 76.1398697216
1710.0 76.5878412929
1720.0 77.035818721
1730.0 77.4838021897
1740.0 77.9317918884
1750.0 78.3797880124
1760.0 78.8277907629
1770.0 79.2758003472
1780.0 79.7238169788
1790.0 80.1718408778
1800.0 80.6198722706
1810.0 81.0679113903
1820.0 81.515958477
1830.0 81.9640137776
1840.0 82.4120775462
1850.0 82.8601500442
1860.0 83.3082315406
1870.0 83.7563223117
1880.0 84.2044226418
1890.0 84.6525328232
1900.0 85.100653156
1910.0 85.5487839488
1920.0 85.9969255185
1930.0 86.4450781908
1940.0 86.8932422998
1950.0 87.3414181888
1960.0 87.7896062101
1970.0 88.2378067251
1980.0 88.686020105
1990.0 89.1342467302
2000.0 89.582486991
2010.0 90.0307412876
2020.0 90.4790100303
2030.0 90.9272936397
2040.0 91.3755925467
2050.0 91.8239071929
2060.0 92.2722380305
2070.0 92.7205855228
2080.0 93.1689501439
2090.0 93.6173323793
2100.0 94.0657327259
2110.0 94.5141516921
2120.0 94.9625897979
2130.0 95.4110475753
2140.0 95.8595255681
2150.0 96.3080243323
2160.0 96.7565444362
2170.0 97.2050864606
2180.0 97.6536509987
2190.0 98.1022386564
2200.0 98.5508500525
2210.0 98.9994858187
2220.0 99.4481465995
2230.0 99.896833053
2240.0 100.34554585
2250.0 100.794285676
2260.0 101.243053228
2270.0 101.691849218
2280.0 102.140674371
2290.0 102.589529426
2300.0 103.038415137
2310.0 103.487332269
2320.0 103.936281603
2330.0 104.385263935
2340.0 104.834280072
2350.0 105.283330838
2360.0 105.732417069
2370.0 106.181539617
2380.0 106.630699347
2390.0 107.079897138
2400.0 107.529133884
2410.0 107.978410492
2420.0 108.427727885
2430.0 108.877086998
2440.0 109.326488782
2450.0 109.7759342
2460.0 110.225424231
2470.0 110.674959867
2480.0 111.124542112
2490.0 111.574171988
2500.0 112.023850525
2510.0 112.473578772
2520.0 112.923357788
2530.0 113.373188646
2540.0 113.823072431
2550.0 114.273010244
2560.0 114.723003195
2570.0 115.173052409
2580.0 115.623159023
2590.0 116.073324185
2600.0 116.523549055
2610.0 116.973834806
2620.0 117.424182621
2630.0 117.874593694
2640.0 118.325069232
2650.0 118.775610449
2660.0 119.226218572
2670.0 119.676894837
2680.0 120.12764049
2690.0 120.578456784
2700.0 121.029344984
2710.0 121.48030636
2720.0 121.931342193
2730.0 122.382453771
2740.0 122.833642387
2750.0 123.284909343
2760.0 123.736255947
2770.0 124.187683511
2780.0 124.639193355
2790.0 125.090786801
2800.0 125.542465179
2810.0 125.994229818
2820.0 126.446082053
2830.0 126.898023223
2840.0 127.350054666
2850.0 127.802177723
2860.0 128.254393737
2870.0 128.706704048
2880.0 129.15911
2890.0 129.611612933
2900.0 130.064214187
2910.0 130.516915097
2920.0 130.969717
2930.0 131.422621224
2940.0 131.875629097
2950.0 132.328741939
2960.0 132.781961066
2970.0 133.235287788
2980.0 133.688723406
2990.0 134.142269215
3000.0 134.595926499
3010.0 135.049696535
3020.0 135.503580589
3030.0 135.957579916
3040.0 136.411695759
3050.0 136.865929349
3060.0 137.320281904
3070.0 137.774754626
3080.0 138.229348705
3090.0 138.684065313
3100.0 139.138905608
3110.0 139.593870728
3120.0 140.048961794
3130.0 140.504179909
3140.0 140.959526156
3150.0 141.415001596
3160.0 141.87060727
3170.0 142.326344197
3180.0 142.782213373
3190.0 143.238215769
3200.0 143.694352334
3210.0 144.150623989
3220.0 144.607031631
3230.0 145.063576129
3240.0 145.520258324
3250.0 145.97707903
3260.0 146.43403903
3270.0 146.891139079
3280.0 147.3483799
3290.0 147.805762185
3300.0 148.263286593
3310.0 148.720953753
3320.0 149.178764256
3330.0 149.636718663
3340.0 150.094817498
3350.0 150.553061249
3360.0 151.01145037
3370.0 151.469985275
3380.0 151.928666343
3390.0 152.387493915
3400.0 152.846468292
3410.0 153.305589737
3420.0 153.764858473
3430.0 154.224274683
3440.0 154.683838508
3450.0 155.14355005
3460.0 155.603409368
3470.0 156.06341648
3480.0 156.523571361
3490.0 156.983873942
3500.0 157.444324112
3510.0 157.904921718
3520.0 158.365666561
3530.0 158.826558399
3540.0 159.287596945
3550.0 159.748781868
3560.0 160.210112792
3570.0 160.671589297
3580.0 161.133210917
3590.0 161.594977141
3600.0 162.056887412
3610.0 162.51894113
3620.0 162.981137648
3630.0 163.443476274
3640.0 163.90595627
3650.0 164.368576854
3660.0 164.831337199
3670.0 165.294236433
3680.0 165.757273637
3690.0 166.22044785
3700.0 166.683758066
3710.0 167.147203234
3720.0 167.61078226
3730.0 168.074494006
3740.0 168.538337291
3750.0 169.00231089
3760.0 169.466413539
3770.0 169.930643927
3780.0 170.395000706
3790.0 170.859482484
3800.0 171.32408783
3810.0 171.788815273
3820.0 172.253663301
3830.0 172.718630366
3840.0 173.183714879
3850.0 173.648915216
3860.0 174.114229715
3870.0 174.579656679
3880.0 175.045194375
3890.0 175.510841035
3900.0 175.976594859