0.0 0.0
120.0 5.37657496286
121.25 5.4333922216
122.5 5.49018016356
123.75 5.54693952618
125.0 5.60367104034
126.25 5.66037542953
127.5 5.71705340907
128.75 5.77370568541
130.0 5.83033295552
131.25 5.88693590637
132.5 5.94351521445
133.75 6.00007154533
135.0 6.05660555333
136.25 6.11311788121
137.5 6.16960915991
138.75 6.22608000834
140.0 6.28253103319
141.25 6.33896282885
142.5 6.39537597724
143.75 6.45177104781
145.0 6.50814859747
146.25 6.56450917059
147.5 6.62085329902
148.75 6.67718150211
150.0 6.7334942868
151.25 6.78979214769
152.5 6.84607556711
155.0 6.95860095035
157.5 7.07107405479
160.0 7.18349831112
162.5 7.29587696766
165.0 7.40821309598
167.5 7.52050959702
170.0 7.63276920735
172.5 7.74499450567
175.0 7.85718791942
177.5 7.96935173141
180.0 8.08148808638
182.5 8.19359899758
185.0 8.30568635321
187.5 8.4177519227
190.0 8.52979736288
195.0 8.75383395523
200.0 8.9778073549
205.0 9.2017273464
210.0 9.42560243558
215.0 9.64943999719
220.0 9.87324640879
225.0 10.0970271715
230.0 10.3207870182
240.0 10.7682596235
250.0 11.2156901361
260.0 11.663097325
270.0 12.1104946056
280.0 12.5578914124
290.0 13.0052942426
300.0 13.4527074431
310.0 13.9001338009
320.0 14.3475749812
330.0 14.7950318523
340.0 15.2425047238
350.0 15.6899935209
360.0 16.1374979104
370.0 16.5850173913
380.0 17.0325513603
390.0 17.4800991567
400.0 17.9276600951
410.0 18.3752334866
420.0 18.8228186538
430.0 19.2704149399
440.0 19.7180217151
450.0 20.1656383793
460.0 20.6132643639
470.0 21.0608991318
480.0 21.5085421774
490.0 21.9561930248
500.0 22.4038512274
510.0 22.8515163655
520.0 23.2991880454
530.0 23.7468658972
540.0 24.1945495739
550.0 24.6422387494
560.0 25.0899331172
570.0 25.5376323892
580.0 25.9853362941
590.0 26.4330445768
600.0 26.8807569968
610.0 27.3284733271
620.0 27.7761933539
630.0 28.223916875
640.0 28.6716436997
650.0 29.1193736474
660.0 29.5671065472
670.0 30.0148422374
680.0 30.4625805646
690.0 30.9103213835
700.0 31.3580645561
710.0 31.8058099512
720.0 32.2535574443
730.0 32.7013069168
740.0 33.1490582559
750.0 33.5968113541
760.0 34.0445661087
770.0 34.492322422
780.0 34.9400802004
790.0 35.3878393546
800.0 35.835599799
810.0 36.2833614518
820.0 36.7311242344
830.0 37.1788880713
840.0 37.6266528903
850.0 38.0744186216
860.0 38.5221851982
870.0 38.9699525555
880.0 39.4177206311
890.0 39.8654893648
900.0 40.3132586982
910.0 40.7610285749
920.0 41.2087989402
930.0 41.6565697408
940.0 42.104340925
950.0 42.5521124424
960.0 42.9998842438
970.0 43.4476562812
980.0 43.8954285075
990.0 44.3432008767
1000.0 44.7909733436
1010.0 45.2387458636
1020.0 45.6865183929
1030.0 46.1342908883
1040.0 46.5820633071
1050.0 47.0298356068
1060.0 47.4776077457
1070.0 47.9253796819
1080.0 48.3731513739
1090.0 48.8209227806
1100.0 49.2686938604
1110.0 49.7164645722
1120.0 50.1642348746
1130.0 50.612004726
1140.0 51.0597740849
1150.0 51.5075429091
1160.0 51.9553111565
1170.0 52.4030787842
1180.0 52.8508457493
1190.0 53.2986120079
1200.0 53.7463775159
1210.0 54.1941422284
1220.0 54.6419060997
1230.0 55.0896690836
1240.0 55.5374311328
1250.0 55.9851921992
1260.0 56.4329522339
1270.0 56.8807111867
1280.0 57.3284690065
1290.0 57.7762256411
1300.0 58.2239810368
1310.0 58.6717351388
1320.0 59.1194878912
1330.0 59.5672392361
1340.0 60.0149891147
1350.0 60.4627374663
1360.0 60.9104842286
1370.0 61.3582293376
1380.0 61.8059727277
1390.0 62.2537143312
1400.0 62.7014540787
1410.0 63.1491918986
1420.0 63.5969277172
1430.0 64.0446614588
1440.0 64.4923930453
1450.0 64.9401223965
1460.0 65.3878494294
1470.0 65.8355740587
1480.0 66.2832961967
1490.0 66.7310157526
1500.0 67.1787326332
1510.0 67.6264467421
1520.0 68.0741579801
1530.0 68.521866245
1540.0 68.9695714314
1550.0 69.4172734304
1560.0 69.86497213
1570.0 70.3126674146
1580.0 70.7603591651
1590.0 71.2080472586
1600.0 71.6557315684
1610.0 72.1034119639
1620.0 72.5510883106
1630.0 72.9987604696
1640.0 73.4464282978
1650.0 73.8940916479
1660.0 74.3417503679
1670.0 74.7894043011
1680.0 75.2370532862
1690.0 75.6846971568
1700.0 76.1323357417
1710.0 76.5799688644
1720.0 77.027596343
1730.0 77.4752179904
1740.0 77.9228336137
1750.0 78.3704430143
1760.0 78.818045988
1770.0 79.2656423242
1780.0 79.7132318063
1790.0 80.1608142116
1800.0 80.6083893106
1810.0 81.0559568675
1820.0 81.5035166395
1830.0 81.9510683769
1840.0 82.3986118231
1850.0 82.8461467142
1860.0 83.2936727788
1870.0 83.741189738
1880.0 84.1886973053
1890.0 84.6361951861
1900.0 85.083683078
1910.0 85.5311606702
1920.0 85.9786276437
1930.0 86.4260836708
1940.0 86.8735284151
1950.0 87.3209615315
1960.0 87.7683826657
1970.0 88.2157914543
1980.0 88.6631875244
1990.0 89.1105704936
2000.0 89.5579399699
2010.0 90.0052955512
2020.0 90.4526368255
2030.0 90.8999633707
2040.0 91.347274754
2050.0 91.7945705323
2060.0 92.2418502518
2070.0 92.6891134476
2080.0 93.136359644
2090.0 93.5835883541
2100.0 94.0307990795
2110.0 94.4779913103
2120.0 94.9251645251
2130.0 95.3723181906
2140.0 95.8194517615
2150.0 96.2665646804
2160.0 96.7136563777
2170.0 97.1607262714
2180.0 97.607773767
2190.0 98.0547982572
2200.0 98.5017991222
2210.0 98.948775729
2220.0 99.3957274316
2230.0 99.8426535712
2240.0 100.289553475
2250.0 100.736426458
2260.0 101.183271821
2270.0 101.63008885
2280.0 102.07687682
2290.0 102.523634991
2300.0 102.970362609
2310.0 103.417058905
2320.0 103.863723099
2330.0 104.310354395
2340.0 104.756951982
2350.0 105.203515038
2360.0 105.650042724
2370.0 106.096534188
2380.0 106.542988564
2390.0 106.989404972
2400.0 107.435782518
2410.0 107.882120291
2420.0 108.328417371
2430.0 108.77467282
2440.0 109.220885686
2450.0 109.667055006
2460.0 110.113179801
2470.0 110.559259076
2480.0 111.005291827
2490.0 111.451277033
2500.0 111.89721366
2510.0 112.343100661
2520.0 112.788936975
2530.0 113.234721529
2540.0 113.680453235
2550.0 114.126130995
2560.0 114.571753695
2570.0 115.01732021
2580.0 115.462829404
2590.0 115.908280127
2600.0 116.353671218
2610.0 116.799001504
2620.0 117.244269801
2630.0 117.689474914
2640.0 118.134615636
2650.0 118.579690752
2660.0 119.024699034
2670.0 119.469639247
2680.0 119.914510143
2690.0 120.359310469
2700.0 120.804038959
2710.0 121.248694341
2720.0 121.693275335
2730.0 122.137780654
2740.0 122.582209002
2750.0 123.026559076
2760.0 123.47082957
2770.0 123.915019169
2780.0 124.359126554
2790.0 124.803150401
2800.0 125.247089382
2810.0 125.690942165
2820.0 126.134707415
2830.0 126.578383794
2840.0 127.021969961
2850.0 127.465464576
2860.0 127.908866296
2870.0 128.352173779
2880.0 128.795385682
2890.0 129.238500663
2900.0 129.681517384
2910.0 130.124434506
2920.0 130.567250695
2930.0 131.00996462
2940.0 131.452574954
2950.0 131.895080375
2960.0 132.337479568
2970.0 132.779771223
2980.0 133.221954038
2990.0 133.664026717
3000.0 134.105987975
3010.0 134.547836536
3020.0 134.989571133
3030.0 135.431190511
3040.0 135.872693426
3050.0 136.314078647
3060.0 136.755344956
3070.0 137.196491149
3080.0 137.637516037
3090.0 138.078418447
3100.0 138.519197222
3110.0 138.959851222
3120.0 139.400379325
3130.0 139.84078043
3140.0 140.281053453
3150.0 140.721197331
3160.0 141.161211024
3170.0 141.601093512
3180.0 142.040843799
3190.0 142.480460914
3200.0 142.919943907
3210.0 143.359291857
3220.0 143.798503867
3230.0 144.237579067
3240.0 144.676516616
3250.0 145.1153157
3260.0 145.553975535
3270.0 145.992495366
3280.0 146.430874469
3290.0 146.869112153
3300.0 147.307207758
3310.0 147.745160655
3320.0 148.182970252
3330.0 148.620635988
3340.0 149.05815734
3350.0 149.495533818
3360.0 149.932764968
3370.0 150.369850376
3380.0 150.806789663
3390.0 151.243582487
3400.0 151.680228547
3410.0 152.116727581
3420.0 152.553079363
3430.0 152.989283713
3440.0 153.425340487
3450.0 153.861249583
3460.0 154.297010943
3470.0 154.732624549
3480.0 155.168090426
3490.0 155.60340864
3500.0 156.038579303
3510.0 156.473602569
3520.0 156.908478636
3530.0 157.343207746
3540.0 157.777790185
3550.0 158.212226284
3560.0 158.646516419
3570.0 159.080661011
3580.0 159.514660524
3590.0 159.948515469
3600.0 160.382226402
3610.0 160.815793925
3620.0 161.249218684
3630.0 161.68250137
3640.0 162.11564272
3650.0 162.548643518
3660.0 162.981504589
3670.0 163.414226807
3680.0 163.846811088
3690.0 164.279258394
3700.0 164.711569731
3710.0 165.14374615
3720.0 165.575788744
3730.0 166.007698652
3740.0 166.439477053
3750.0 166.871125173
3760.0 167.302644276
3770.0 167.734035672
3780.0 168.16530071
3790.0 168.59644078
3800.0 169.027457314
3810.0 169.458351784
3820.0 169.889125699
3830.0 170.319780609
3840.0 170.750318101
3850.0 171.180739801
3860.0 171.611047369
3870.0 172.041242503
3880.0 172.471326935
3890.0 172.901302433
3900.0 173.331170797