0.0 0.0
120.0 4.51503595981
120.625 4.53752070648
121.25 4.56001420618
122.5 4.60502677537
123.75 4.65007233344
125.0 4.6951496148
126.25 4.74025741815
127.5 4.78539460255
128.75 4.83056008384
130.0 4.8757528313
131.25 4.92097186448
132.5 4.96621625033
133.75 5.01148510043
135.0 5.05677756847
136.25 5.10209284783
137.5 5.14743016939
138.75 5.19278879943
140.0 5.23816803765
141.25 5.2835672154
142.5 5.32898569387
143.75 5.37442286257
145.0 5.41987813775
146.25 5.46535096103
147.5 5.51084079804
148.75 5.55634713714
150.0 5.6018694883
151.25 5.64740738195
152.5 5.69296036794
153.75 5.73852801455
155.0 5.78410990759
156.25 5.82970564951
157.5 5.87531485855
158.75 5.92093716801
160.0 5.96657222547
161.25 6.01221969215
162.5 6.0578792422
165.0 6.14923335015
167.5 6.24063217903
170.0 6.33207352957
172.5 6.42355535814
175.0 6.51507576284
177.5 6.60663297107
180.0 6.69822532838
182.5 6.78985128833
185.0 6.88150940347
187.5 6.97319831709
190.0 7.06491675583
192.5 7.15666352292
195.0 7.24843749217
197.5 7.34023760239
200.0 7.43206285241
202.5 7.52391229651
205.0 7.61578504027
207.5 7.70768023681
210.0 7.79959708331
212.5 7.89153481788
215.0 7.9834927167
217.5 8.07547009134
220.0 8.1674662864
222.5 8.25948067727
225.0 8.3515126681
230.0 8.53562719907
235.0 8.71980562072
240.0 8.90404402993
245.0 9.08833883764
250.0 9.27268673356
255.0 9.4570846559
260.0 9.64152976534
265.0 9.82601942258
270.0 10.0105511688
275.0 10.1951227088
280.0 10.3797318962
285.0 10.5643767202
290.0 10.7490552945
295.0 10.933765847
300.0 11.1185067107
305.0 11.3032763161
310.0 11.4880731835
315.0 11.672895917
320.0 11.8577431986
330.0 12.2275064923
340.0 12.5973538896
350.0 12.9672771712
360.0 13.3372689611
370.0 13.7073226307
380.0 14.0774322173
390.0 14.4475923526
400.0 14.8177982005
410.0 15.1880454021
420.0 15.5583300278
430.0 15.9286485333
440.0 16.2989977218
450.0 16.6693747093
460.0 17.0397768936
470.0 17.4102019267
480.0 17.7806476895
490.0 18.1511122697
500.0 18.521593941
510.0 18.8920911452
520.0 19.2626024754
530.0 19.6331266611
540.0 20.003662555
550.0 20.3742091205
560.0 20.7447654211
570.0 21.1153306101
580.0 21.4859039223
590.0 21.8564846652
600.0 22.2270722126
610.0 22.5976659973
620.0 22.9682655058
630.0 23.3388702727
640.0 23.709479876
650.0 24.080093933
660.0 24.4507120962
670.0 24.8213340498
680.0 25.1919595068
690.0 25.5625882062
700.0 25.9332199102
710.0 26.303854402
720.0 26.6744914842
730.0 27.0451309761
740.0 27.415772713
750.0 27.7864165441
760.0 28.1570623311
770.0 28.5277099476
780.0 28.8983592774
790.0 29.2690102137
800.0 29.6396626586
810.0 30.0103165216
820.0 30.3809717196
830.0 30.7516281758
840.0 31.1222858192
850.0 31.4929445843
860.0 31.8636044104
870.0 32.2342652413
880.0 32.6049270247
890.0 32.9755897121
900.0 33.3462532586
910.0 33.7169176222
920.0 34.0875827638
930.0 34.458248647
940.0 34.8289152379
950.0 35.1995825046
960.0 35.5702504176
970.0 35.9409189489
980.0 36.3115880727
990.0 36.6822577644
1000.0 37.0529280013
1010.0 37.423598762
1020.0 37.7942700261
1030.0 38.164941775
1040.0 38.5356139907
1050.0 38.9062866566
1060.0 39.2769597569
1070.0 39.6476332768
1080.0 40.0183072026
1090.0 40.388981521
1100.0 40.7596562197
1110.0 41.1303312873
1120.0 41.5010067127
1130.0 41.8716824857
1140.0 42.2423585968
1150.0 42.6130350368
1160.0 42.9837117974
1170.0 43.3543888704
1180.0 43.7250662485
1190.0 44.0957439246
1200.0 44.4664218922
1210.0 44.8371001453
1220.0 45.2077786781
1230.0 45.5784574854
1240.0 45.9491365622
1250.0 46.319815904
1260.0 46.6904955066
1270.0 47.0611753662
1280.0 47.4318554793
1290.0 47.8025358427
1300.0 48.1732164534
1310.0 48.5438973089
1320.0 48.9145784069
1330.0 49.2852597453
1340.0 49.6559413224
1350.0 50.0266231368
1360.0 50.3973051871
1370.0 50.7679874724
1380.0 51.138669992
1390.0 51.5093527454
1400.0 51.8800357323
1410.0 52.2507189527
1420.0 52.6214024068
1430.0 52.9920860951
1440.0 53.3627700182
1450.0 53.7334541769
1460.0 54.1041385724
1470.0 54.474823206
1480.0 54.8455080791
1490.0 55.2161931935
1500.0 55.5868785511
1510.0 55.957564154
1520.0 56.3282500046
1530.0 56.6989361053
1540.0 57.0696224589
1550.0 57.4403090684
1560.0 57.8109959369
1570.0 58.1816830676
1580.0 58.5523704641
1590.0 58.9230581302
1600.0 59.2937460698
1610.0 59.6644342869
1620.0 60.0351227859
1630.0 60.4058115713
1640.0 60.7765006478
1650.0 61.1471900204
1660.0 61.5178796941
1670.0 61.8885696742
1680.0 62.2592599663
1690.0 62.6299505761
1700.0 63.0006415094
1710.0 63.3713327725
1720.0 63.7420243716
1730.0 64.1127163132
1740.0 64.4834086042
1750.0 64.8541012514
1760.0 65.224794262
1770.0 65.5954876434
1780.0 65.9661814032
1790.0 66.3368755492
1800.0 66.7075700893
1810.0 67.0782650319
1820.0 67.4489603853
1830.0 67.8196561584
1840.0 68.1903523599
1850.0 68.561048999
1860.0 68.9317460851
1870.0 69.3024436278
1880.0 69.6731416368
1890.0 70.0438401223
1900.0 70.4145390945
1910.0 70.785238564
1920.0 71.1559385416
1930.0 71.5266390383
1940.0 71.8973400653
1950.0 72.2680416342
1960.0 72.6387437567
1970.0 73.0094464449
1980.0 73.380149711
1990.0 73.7508535676
2000.0 74.1215580275
2010.0 74.4922631037
2020.0 74.8629688096
2030.0 75.2336751587
2040.0 75.6043821649
2050.0 75.9750898424
2060.0 76.3457982055
2070.0 76.7165072691
2080.0 77.0872170479
2090.0 77.4579275573
2100.0 77.8286388128
2110.0 78.1993508303
2120.0 78.5700636258
2130.0 78.9407772158
2140.0 79.311491617
2150.0 79.6822068464
2160.0 80.0529229212
2170.0 80.4236398592
2180.0 80.7943576781
2190.0 81.1650763963
2200.0 81.5357960321
2210.0 81.9065166046
2220.0 82.2772381328
2230.0 82.6479606362
2240.0 83.0186841346
2250.0 83.3894086481
2260.0 83.7601341971
2270.0 84.1308608023
2280.0 84.501588485
2290.0 84.8723172664
2300.0 85.2430471684
2310.0 85.6137782129
2320.0 85.9845104224
2330.0 86.3552438197
2340.0 86.7259784279
2350.0 87.0967142703
2360.0 87.4674513707
2370.0 87.8381897532
2380.0 88.2089294424
2390.0 88.5796704629
2400.0 88.95041284
2410.0 89.3211565992
2420.0 89.6919017662
2430.0 90.0626483673
2440.0 90.4333964291
2450.0 90.8041459784
2460.0 91.1748970425
2470.0 91.5456496491
2480.0 91.916403826
2490.0 92.2871596017
2500.0 92.6579170048
2510.0 93.0286760644
2520.0 93.3994368098
2530.0 93.7701992709
2540.0 94.1409634777
2550.0 94.5117294608
2560.0 94.8824972509
2570.0 95.2532668792
2580.0 95.6240383774
2590.0 95.9948117774
2600.0 96.3655871113
2610.0 96.7363644119
2620.0 97.1071437122
2630.0 97.4779250454
2640.0 97.8487084453
2650.0 98.2194939459
2660.0 98.5902815816
2670.0 98.9610713873
2680.0 99.3318633979
2690.0 99.7026576491
2700.0 100.073454176
2710.0 100.444253016
2720.0 100.815054205
2730.0 101.18585778
2740.0 101.556663777
2750.0 101.927472235
2760.0 102.298283191
2770.0 102.669096684
2780.0 103.039912751
2790.0 103.410731433
2800.0 103.781552767
2810.0 104.152376794
2820.0 104.523203553
2830.0 104.894033084
2840.0 105.264865429
2850.0 105.635700626
2860.0 106.006538719
2870.0 106.377379747
2880.0 106.748223752
2890.0 107.119070777
2900.0 107.489920863
2910.0 107.860774054
2920.0 108.231630391
2930.0 108.602489918
2940.0 108.973352678
2950.0 109.344218715
2960.0 109.715088071
2970.0 110.085960793
2980.0 110.456836923
2990.0 110.827716506
3000.0 111.198599587
3010.0 111.56948621
3020.0 111.940376422
3030.0 112.311270267
3040.0 112.682167792
3050.0 113.053069041
3060.0 113.42397406
3070.0 113.794882897
3080.0 114.165795596
3090.0 114.536712206
3100.0 114.907632771
3110.0 115.27855734
3120.0 115.649485959
3130.0 116.020418674
3140.0 116.391355534
3150.0 116.762296585
3160.0 117.133241876
3170.0 117.504191452
3180.0 117.875145363
3190.0 118.246103655
3200.0 118.617066376
3210.0 118.988033575
3220.0 119.359005298
3230.0 119.729981594
3240.0 120.100962511
3250.0 120.471948096
3260.0 120.842938398
3270.0 121.213933463
3280.0 121.584933342
3290.0 121.95593808
3300.0 122.326947726
3310.0 122.697962327
3320.0 123.068981932
3330.0 123.440006588
3340.0 123.811036342
3350.0 124.182071242
3360.0 124.553111335
3370.0 124.924156669
3380.0 125.29520729
3390.0 125.666263246
3400.0 126.037324583
3410.0 126.408391348
3420.0 126.779463588
3430.0 127.150541348
3440.0 127.521624674
3450.0 127.892713613
3460.0 128.263808209
3470.0 128.634908509
3480.0 129.006014557
3490.0 129.377126399
3500.0 129.748244077
3510.0 130.119367638
3520.0 130.490497124
3530.0 130.861632579
3540.0 131.232774047
3550.0 131.60392157
3560.0 131.975075191
3570.0 132.346234951
3580.0 132.717400893
3590.0 133.088573058
3600.0 133.459751486
3610.0 133.830936219
3620.0 134.202127295
3630.0 134.573324756
3640.0 134.944528638
3650.0 135.315738982
3660.0 135.686955825
3670.0 136.058179205
3680.0 136.429409158
3690.0 136.800645721
3700.0 137.17188893
3710.0 137.543138821
3720.0 137.914395427
3730.0 138.285658782
3740.0 138.656928921
3750.0 139.028205877
3760.0 139.39948968
3770.0 139.770780363
3780.0 140.142077957
3790.0 140.513382492
3800.0 140.884693997
3810.0 141.2560125
3820.0 141.627338031
3830.0 141.998670616
3840.0 142.370010281
3850.0 142.741357053
3860.0 143.112710956
3870.0 143.484072015
3880.0 143.855440252
3890.0 144.226815691
3900.0 144.598198353
3910.0 144.969588259
3920.0 145.340985429
3930.0 145.712389883
3940.0 146.083801637
3950.0 146.45522071
3960.0 146.826647119
3970.0 147.198080879
3980.0 147.569522004
3990.0 147.940970508
4000.0 148.312426404
4010.0 148.683889704
4020.0 149.055360419
4030.0 149.426838558
4040.0 149.79832413
4050.0 150.169817144
4060.0 150.541317607
4070.0 150.912825523
4080.0 151.284340899
4090.0 151.655863737
4100.0 152.027394041
4110.0 152.398931813
4120.0 152.770477052
4130.0 153.14202976
4140.0 153.513589934
4150.0 153.885157572
4160.0 154.25673267
4170.0 154.628315224
4180.0 154.999905228
4190.0 155.371502675
4200.0 155.743107558
4210.0 156.114719867
4220.0 156.486339591
4230.0 156.857966721
4240.0 157.229601242
4250.0 157.601243143
4260.0 157.972892408
4270.0 158.344549021
4280.0 158.716212965
4290.0 159.087884223
4300.0 159.459562775
4310.0 159.831248601
4320.0 160.202941679
4330.0 160.574641987
4340.0 160.946349501
4350.0 161.318064196
4360.0 161.689786046
4370.0 162.061515023
4380.0 162.4332511
4390.0 162.804994247
4400.0 163.176744433
4410.0 163.548501626
4420.0 163.920265794
4430.0 164.292036902
4440.0 164.663814915
4450.0 165.035599797
4460.0 165.407391511
4470.0 165.779190017
4480.0 166.150995277
4490.0 166.522807248
4500.0 166.894625891
4510.0 167.26645116
4520.0 167.638283012
4530.0 168.010121403
4540.0 168.381966284
4550.0 168.753817611
4560.0 169.125675332
4570.0 169.4975394
4580.0 169.869409763
4590.0 170.241286371
4600.0 170.613169169
4610.0 170.985058105
4620.0 171.356953123
4630.0 171.728854168
4640.0 172.100761184
4650.0 172.472674111
4660.0 172.844592892
4670.0 173.216517467
4680.0 173.588447776
4690.0 173.960383755
4700.0 174.332325344
4710.0 174.704272478
4720.0 175.076225093
4730.0 175.448183124
4740.0 175.820146505
4750.0 176.192115167
4760.0 176.564089045
4770.0 176.936068068
4780.0 177.308052167
4790.0 177.680041273
4800.0 178.052035313
4810.0 178.424034215
4820.0 178.796037908
4830.0 179.168046317
4840.0 179.540059368
4850.0 179.912076987
4860.0 180.284099098
4870.0 180.656125625
4880.0 181.02815649
4890.0 181.400191606
4900.0 181.772230911
4910.0 182.144274316
4920.0 182.516321743
4930.0 182.888373111
4940.0 183.26042834
4950.0 183.632487348
4960.0 184.004550054
4970.0 184.376616375
4980.0 184.748686229
4990.0 185.120759532
5000.0 185.4928362
5010.0 185.864916149
5020.0 186.236999295
5030.0 186.609085552
5040.0 186.981174835
5050.0 187.353267058
5060.0 187.725362135
5070.0 188.09745998
5080.0 188.469560505
5090.0 188.841663624
5100.0 189.213769249
5110.0 189.585877293
5120.0 189.957987667
5130.0 190.330100284
5140.0 190.702215056
5150.0 191.074331894
5160.0 191.44645071
5170.0 191.818571415
5180.0 192.19069392
5190.0 192.562818137
5200.0 192.934943976
5210.0 193.30707135
5220.0 193.679200169
5230.0 194.051330343
5240.0 194.423461785
5250.0 194.795594406
5260.0 195.167728116
5270.0 195.539862827
5280.0 195.911998451
5290.0 196.284134899
5300.0 196.656272082
5310.0 197.028409914
5320.0 197.400548305
5330.0 197.772687168
5340.0 198.144826416
5350.0 198.516965961
5360.0 198.889105717
5370.0 199.261245596
5380.0 199.633385513
5390.0 200.005525381
5400.0 200.377665115
5410.0 200.749804629
5420.0 201.121943838
5430.0 201.494082658
5440.0 201.866221005
5450.0 202.238358795
5460.0 202.610495944
5470.0 202.98263237
5480.0 203.354767991
5490.0 203.726902725
5500.0 204.09903649
5510.0 204.471169206
5520.0 204.843300793
5530.0 205.21543117
5540.0 205.58756026
5550.0 205.959687984
5560.0 206.331814263
5570.0 206.703939021
5580.0 207.076062181
5590.0 207.448183667
5600.0 207.820303405
5610.0 208.192421319
5620.0 208.564537336
5630.0 208.936651383
5640.0 209.308763388
5650.0 209.680873279
5660.0 210.052980985
5670.0 210.425086436
5680.0 210.797189563
5690.0 211.169290298
5700.0 211.541388573
5710.0 211.913484321
5720.0 212.285577475
5730.0 212.657667972
5740.0 213.029755747
5750.0 213.401840735
5760.0 213.773922876
5770.0 214.146002106
5780.0 214.518078365
5790.0 214.890151594
5800.0 215.262221733
5810.0 215.634288724
5820.0 216.006352511