0.0 0.0
120.0 4.52094932839
120.625 4.54346487315
121.25 4.56598917093
122.5 4.61106333626
123.75 4.65617049042
125.0 4.70130936784
126.25 4.74647876721
127.5 4.79167754759
128.75 4.83690462484
130.0 4.8821589682
131.25 4.92743959726
132.5 4.97274557895
133.75 5.01807602486
135.0 5.06343008865
136.25 5.10880696374
137.5 5.15420588098
138.75 5.19962610667
140.0 5.24506694051
141.25 5.29052771382
142.5 5.33600778782
143.75 5.38150655201
145.0 5.42702342265
146.25 5.47255784134
147.5 5.51810927371
148.75 5.56367720814
150.0 5.6092611546
151.25 5.65486064349
152.5 5.70047522469
153.75 5.74610446647
155.0 5.79174795464
156.25 5.83740529164
157.5 5.88307609572
158.75 5.92876000017
160.0 5.97445665259
161.25 6.02016571418
162.5 6.0658868591
165.0 6.15736415666
167.5 6.24888617496
170.0 6.34045071476
172.5 6.43205573241
175.0 6.52369932599
177.5 6.61537972293
180.0 6.70709526875
182.5 6.79884441703
185.0 6.89062572031
187.5 6.98243782187
190.0 7.07427944835
192.5 7.16614940299
195.0 7.25804655958
197.5 7.34996985694
200.0 7.4419182939
202.5 7.53389092473
205.0 7.62588685501
207.5 7.71790523785
210.0 7.80994527044
212.5 7.90200619088
215.0 7.99408727534
217.5 8.08618783541
220.0 8.17830721567
222.5 8.27044479151
225.0 8.36259996708
230.0 8.54696086682
235.0 8.73138565629
240.0 8.91587043234
245.0 9.10041160587
250.0 9.28500586659
255.0 9.46965015268
260.0 9.6543416248
265.0 9.83907764362
270.0 10.0238557503
275.0 10.2086736496
280.0 10.3935291951
285.0 10.578420376
290.0 10.763345306
295.0 10.9483022129
300.0 11.1332894298
305.0 11.3183053869
310.0 11.5033486048
315.0 11.6884176874
320.0 11.8735113167
330.0 12.2437673014
340.0 12.6141073837
350.0 12.984523344
360.0 13.3550078059
370.0 13.7255541408
380.0 14.0961563855
390.0 14.4668091714
400.0 14.8375076621
410.0 15.2082474984
420.0 15.5790247502
430.0 15.949835873
440.0 16.3206776695
450.0 16.6915472554
460.0 17.062442028
470.0 17.433359639
480.0 17.8042979687
490.0 18.1752551045
500.0 18.5462293196
510.0 18.9172190551
520.0 19.2882229038
530.0 19.6592395947
540.0 20.0302679798
550.0 20.4013070221
560.0 20.7723557843
570.0 21.1434134193
580.0 21.5144791612
590.0 21.8855523168
600.0 22.2566322592
610.0 22.6277184206
620.0 22.9988102867
630.0 23.3699073913
640.0 23.7410093118
650.0 24.1121156646
660.0 24.4832261012
670.0 24.8543403052
680.0 25.2254579887
690.0 25.5965788895
700.0 25.9677027691
710.0 26.3388294097
720.0 26.7099586127
730.0 27.0810901966
740.0 27.4522239955
750.0 27.8233598573
760.0 28.1944976428
770.0 28.5656372243
780.0 28.9367784843
790.0 29.3079213148
800.0 29.6790656165
810.0 30.0502112976
820.0 30.4213582736
830.0 30.7925064662
840.0 31.1636558029
850.0 31.5348062166
860.0 31.9059576451
870.0 32.2771100303
880.0 32.6482633185
890.0 33.0194174595
900.0 33.3905724062
910.0 33.761728115
920.0 34.1328845448
930.0 34.5040416572
940.0 34.8751994163
950.0 35.246357788
960.0 35.6175167406
970.0 35.988676244
980.0 36.3598362699
990.0 36.7309967915
1000.0 37.1021577836
1010.0 37.473319222
1020.0 37.8444810841
1030.0 38.2156433483
1040.0 38.586805994
1050.0 38.9579690016
1060.0 39.3291323525
1070.0 39.700296029
1080.0 40.0714600139
1090.0 40.4426242911
1100.0 40.8137888448
1110.0 41.1849536602
1120.0 41.5561187228
1130.0 41.9272840189
1140.0 42.2984495351
1150.0 42.6696152585
1160.0 43.0407811769
1170.0 43.4119472782
1180.0 43.7831135508
1190.0 44.1542799836
1200.0 44.5254465655
1210.0 44.8966132862
1220.0 45.2677801351
1230.0 45.6389471025
1240.0 46.0101141785
1250.0 46.3812813535
1260.0 46.7524486184
1270.0 47.1236159639
1280.0 47.4947833813
1290.0 47.8659508617
1300.0 48.2371183965
1310.0 48.6082859774
1320.0 48.979453596
1330.0 49.3506212441
1340.0 49.7217889138
1350.0 50.092956597
1360.0 50.4641242859
1370.0 50.8352919726
1380.0 51.2064596495
1390.0 51.5776273089
1400.0 51.9487949432
1410.0 52.3199625449
1420.0 52.6911301063
1430.0 53.0622976201
1440.0 53.4334650788
1450.0 53.804632475
1460.0 54.1757998011
1470.0 54.5469670498
1480.0 54.9181342136
1490.0 55.2893012851
1500.0 55.6604682568
1510.0 56.0316351212
1520.0 56.4028018708
1530.0 56.7739684981
1540.0 57.1451349955
1550.0 57.5163013553
1560.0 57.8874675698
1570.0 58.2586336313
1580.0 58.6297995321
1590.0 59.0009652642
1600.0 59.3721308197
1610.0 59.7432961907
1620.0 60.1144613689
1630.0 60.4856263463
1640.0 60.8567911146
1650.0 61.2279556653
1660.0 61.5991199902
1670.0 61.9702840806
1680.0 62.3414479278
1690.0 62.7126115231
1700.0 63.0837748576
1710.0 63.4549379223
1720.0 63.8261007081
1730.0 64.1972632056
1740.0 64.5684254056
1750.0 64.9395872985
1760.0 65.3107488746
1770.0 65.6819101241
1780.0 66.053071037
1790.0 66.4242316033
1800.0 66.7953918128
1810.0 67.1665516549
1820.0 67.537711119
1830.0 67.9088701946
1840.0 68.2800288705
1850.0 68.6511871358
1860.0 69.0223449792
1870.0 69.3935023891
1880.0 69.7646593541
1890.0 70.1358158621
1900.0 70.5069719013
1910.0 70.8781274594
1920.0 71.249282524
1930.0 71.6204370824
1940.0 71.9915911219
1950.0 72.3627446294
1960.0 72.7338975917
1970.0 73.1050499952
1980.0 73.4762018264
1990.0 73.8473530712
2000.0 74.2185037156
2010.0 74.5896537451
2020.0 74.9608031452
2030.0 75.331951901
2040.0 75.7030999975
2050.0 76.0742474192
2060.0 76.4453941507
2070.0 76.816540176
2080.0 77.1876854791
2090.0 77.5588300437
2100.0 77.9299738531
2110.0 78.3011168905
2120.0 78.6722591388
2130.0 79.0434005804
2140.0 79.4145411978
2150.0 79.785680973
2160.0 80.1568198878
2170.0 80.5279579236
2180.0 80.8990950616
2190.0 81.2702312827
2200.0 81.6413665676
2210.0 82.0125008966
2220.0 82.3836342496
2230.0 82.7547666065
2240.0 83.1258979465
2250.0 83.497028249
2260.0 83.8681574926
2270.0 84.2392856559
2280.0 84.610412717
2290.0 84.9815386538
2300.0 85.3526634439
2310.0 85.7237870646
2320.0 86.0949094926
2330.0 86.4660307047
2340.0 86.8371506771
2350.0 87.2082693857
2360.0 87.5793868061
2370.0 87.9505029136
2380.0 88.3216176832
2390.0 88.6927310894
2400.0 89.0638431066
2410.0 89.4349537086
2420.0 89.806062869
2430.0 90.1771705612
2440.0 90.5482767579
2450.0 90.9193814318
2460.0 91.2904845551
2470.0 91.6615860997
2480.0 92.032686037
2490.0 92.4037843382
2500.0 92.7748809743
2510.0 93.1459759155
2520.0 93.5170691322
2530.0 93.888160594
2540.0 94.2592502703
2550.0 94.6303381303
2560.0 95.0014241426
2570.0 95.3725082757
2580.0 95.7435904975
2590.0 96.1146707757
2600.0 96.4857490775
2610.0 96.8568253701
2620.0 97.2278996199
2630.0 97.5989717933
2640.0 97.9700418561
2650.0 98.3411097739
2660.0 98.7121755119
2670.0 99.083239035
2680.0 99.4543003077
2690.0 99.8253592941
2700.0 100.196415958
2710.0 100.567470263
2720.0 100.938522173
2730.0 101.309571649
2740.0 101.680618655
2750.0 102.051663153
2760.0 102.422705105
2770.0 102.793744471
2780.0 103.164781214
2790.0 103.535815293
2800.0 103.90684667
2810.0 104.277875305
2820.0 104.648901158
2830.0 105.019924188
2840.0 105.390944354
2850.0 105.761961616
2860.0 106.132975933
2870.0 106.503987262
2880.0 106.874995561
2890.0 107.246000789
2900.0 107.617002904
2910.0 107.988001861
2920.0 108.358997619
2930.0 108.729990134
2940.0 109.100979362
2950.0 109.47196526
2960.0 109.842947784
2970.0 110.213926889
2980.0 110.584902531
2990.0 110.955874665
3000.0 111.326843246
3010.0 111.697808228
3020.0 112.068769568
3030.0 112.439727218
3040.0 112.810681133
3050.0 113.181631268
3060.0 113.552577575
3070.0 113.923520008
3080.0 114.294458521
3090.0 114.665393068
3100.0 115.036323601
3110.0 115.407250073
3120.0 115.778172437
3130.0 116.149090646
3140.0 116.520004653
3150.0 116.89091441
3160.0 117.261819869
3170.0 117.632720982
3180.0 118.003617703
3190.0 118.374509983
3200.0 118.745397774
3210.0 119.116281027
3220.0 119.487159696
3230.0 119.858033732
3240.0 120.228903088
3250.0 120.599767713
3260.0 120.970627562
3270.0 121.341482585
3280.0 121.712332735
3290.0 122.083177964
3300.0 122.454018223
3310.0 122.824853464
3320.0 123.19568364
3330.0 123.566508703
3340.0 123.937328606
3350.0 124.308143299
3360.0 124.678952737
3370.0 125.049756871
3380.0 125.420555655
3390.0 125.79134904
3400.0 126.162136981
3410.0 126.53291943
3420.0 126.903696341
3430.0 127.274467667
3440.0 127.645233363
3450.0 128.015993382
3460.0 128.386747678
3470.0 128.757496206
3480.0 129.12823892
3490.0 129.498975777
3500.0 129.86970673
3510.0 130.240431737
3520.0 130.611150751
3530.0 130.981863731
3540.0 131.352570632
3550.0 131.723271412
3560.0 132.093966028
3570.0 132.464654437
3580.0 132.835336598
3590.0 133.206012469
3600.0 133.576682009
3610.0 133.947345178
3620.0 134.318001935
3630.0 134.688652242
3640.0 135.059296057
3650.0 135.429933344
3660.0 135.800564063
3670.0 136.171188178
3680.0 136.54180565
3690.0 136.912416443
3700.0 137.283020522
3710.0 137.653617851
3720.0 138.024208394
3730.0 138.394792119
3740.0 138.765368991
3750.0 139.135938976
3760.0 139.506502044
3770.0 139.877058162
3780.0 140.247607299
3790.0 140.618149425
3800.0 140.98868451
3810.0 141.359212526
3820.0 141.729733444
3830.0 142.100247236
3840.0 142.470753877
3850.0 142.84125334
3860.0 143.2117456
3870.0 143.582230633
3880.0 143.952708415
3890.0 144.323178923
3900.0 144.693642137
3910.0 145.064098034
3920.0 145.434546594
3930.0 145.804987798
3940.0 146.175421629
3950.0 146.545848067
3960.0 146.916267097
3970.0 147.286678702
3980.0 147.657082869
3990.0 148.027479583
4000.0 148.39786883
4010.0 148.7682506
4020.0 149.138624881
4030.0 149.508991663
4040.0 149.879350937
4050.0 150.249702695
4060.0 150.620046929
4070.0 150.990383635
4080.0 151.360712806
4090.0 151.731034439
4100.0 152.10134853
4110.0 152.471655079
4120.0 152.841954083
4130.0 153.212245543
4140.0 153.58252946
4150.0 153.952805838
4160.0 154.323074678
4170.0 154.693335985
4180.0 155.063589766
4190.0 155.433836026
4200.0 155.804074774
4210.0 156.174306018
4220.0 156.544529768
4230.0 156.914746036
4240.0 157.284954833
4250.0 157.655156174
4260.0 158.025350072
4270.0 158.395536543
4280.0 158.765715604
4290.0 159.135887272
4300.0 159.506051568
4310.0 159.87620851
4320.0 160.24635812
4330.0 160.616500422
4340.0 160.986635437
4350.0 161.356763191
4360.0 161.726883711
4370.0 162.096997022
4380.0 162.467103154
4390.0 162.837202134
4400.0 163.207293995
4410.0 163.577378768
4420.0 163.947456484
4430.0 164.317527179
4440.0 164.687590887
4450.0 165.057647644
4460.0 165.427697488
4470.0 165.797740457
4480.0 166.16777659
4490.0 166.537805929
4500.0 166.907828514
4510.0 167.277844389
4520.0 167.647853598
4530.0 168.017856186
4540.0 168.387852199
4550.0 168.757841683
4560.0 169.127824689
4570.0 169.497801263
4580.0 169.867771458
4590.0 170.237735325
4600.0 170.607692916
4610.0 170.977644285
4620.0 171.347589485
4630.0 171.717528574
4640.0 172.087461607
4650.0 172.457388641
4660.0 172.827309737
4670.0 173.197224952
4680.0 173.567134348
4690.0 173.937037986
4700.0 174.306935928
4710.0 174.676828238
4720.0 175.046714979
4730.0 175.416596217
4740.0 175.786472018
4750.0 176.156342449
4760.0 176.526207578
4770.0 176.896067472
4780.0 177.265922201
4790.0 177.635771836
4800.0 178.005616447
4810.0 178.375456107
4820.0 178.745290887
4830.0 179.115120861
4840.0 179.484946103
4850.0 179.854766688
4860.0 180.22458269
4870.0 180.594394186
4880.0 180.964201252
4890.0 181.334003977
4900.0 181.703802422
4910.0 182.073596675
4920.0 182.443386815
4930.0 182.813172921
4940.0 183.182955075
4950.0 183.552733357
4960.0 183.922507848
4970.0 184.292278632
4980.0 184.662045789
4990.0 185.031809405
5000.0 185.401569561
5010.0 185.771326342
5020.0 186.141079833
5030.0 186.510830118
5040.0 186.880577283
5050.0 187.250321412
5060.0 187.620062592
5070.0 187.98980091
5080.0 188.359536451
5090.0 188.729269302
5100.0 189.098999552
5110.0 189.468727286
5120.0 189.838452593
5130.0 190.208175559
5140.0 190.577896274
5150.0 190.947614826
5160.0 191.317331301
5170.0 191.687045789
5180.0 192.056758379
5190.0 192.426469158
5200.0 192.796178216
5210.0 193.16588564
5220.0 193.53559152
5230.0 193.905295944
5240.0 194.274999
5250.0 194.644700778
5260.0 195.014401365
5270.0 195.38410085
5280.0 195.753799321
5290.0 196.123496866
5300.0 196.493193574
5310.0 196.862889531
5320.0 197.232584826
5330.0 197.602279547
5340.0 197.971973779
5350.0 198.34166761
5360.0 198.711361127
5370.0 199.081054417
5380.0 199.450747564
5390.0 199.820440655
5400.0 200.190133775
5410.0 200.559827009
5420.0 200.929520442
5430.0 201.299214158
5440.0 201.668908241
5450.0 202.038602774
5460.0 202.40829784
5470.0 202.777993522
5480.0 203.1476899
5490.0 203.517387058
5500.0 203.887085075
5510.0 204.256784033
5520.0 204.62648401
5530.0 204.996185086
5540.0 205.36588734
5550.0 205.73559085
5560.0 206.105295693
5570.0 206.475001945
5580.0 206.844709684
5590.0 207.214418984
5600.0 207.58412992
5610.0 207.953842566
5620.0 208.323556996
5630.0 208.693273282
5640.0 209.062991497
5650.0 209.43271171
5660.0 209.802433993
5670.0 210.172158415
5680.0 210.541885045
5690.0 210.911613951
5700.0 211.2813452
5710.0 211.651078858
5720.0 212.020814991
5730.0 212.390553665
5740.0 212.760294941
5750.0 213.130038884
5760.0 213.499785556
5770.0 213.869535017
5780.0 214.239287328
5790.0 214.609042549
5800.0 214.978800737
5810.0 215.348561951
5820.0 215.718326247