0.0 0.0
30.0 1.62421538366
30.15625 1.63182726844
30.3125 1.63944661326
30.46875 1.64707327625
30.625 1.65470711894
30.78125 1.66234800618
30.9375 1.66999580604
31.09375 1.6776503897
31.25 1.68531163136
31.40625 1.69297940818
31.5625 1.70065360019
31.71875 1.70833409018
31.875 1.71602076367
32.03125 1.72371350878
32.1875 1.73141221621
32.34375 1.73911677914
32.5 1.74682709315
32.65625 1.75454305619
32.8125 1.7622645685
32.96875 1.76999153253
33.125 1.77772385291
33.28125 1.78546143637
33.4375 1.7932041917
33.59375 1.80095202966
33.75 1.808704863
33.90625 1.81646260632
34.0625 1.82422517609
34.21875 1.83199249057
34.375 1.83976446976
34.53125 1.84754103538
34.6875 1.85532211079
34.84375 1.86310762098
35.0 1.87089749252
35.15625 1.87869165351
35.3125 1.88649003354
35.46875 1.89429256368
35.625 1.90209917642
35.78125 1.90990980561
35.9375 1.91772438648
36.09375 1.92554285558
36.25 1.93336515075
36.40625 1.94119121106
36.5625 1.94902097683
36.875 1.96469139196
37.1875 1.98037594205
37.5 1.99607419079
37.8125 2.01178571884
38.125 2.027510123
38.4375 2.0432470155
38.75 2.05899602325
39.0625 2.07475678721
39.375 2.09052896173
39.6875 2.10631221396
40.0 2.12210622328
40.3125 2.13791068074
40.625 2.1537252886
40.9375 2.16954975976
41.25 2.18538381739
41.5625 2.20122719443
41.875 2.21707963317
42.1875 2.23294088492
42.5 2.24881070957
42.8125 2.26468887523
43.125 2.28057515795
43.4375 2.29646934134
43.75 2.31237121627
44.0625 2.3282805806
44.375 2.34419723887
44.6875 2.36012100208
45.0 2.37605168737
45.3125 2.39198911782
45.625 2.40793312222
45.9375 2.42388353483
46.25 2.43984019517
46.5625 2.45580294785
46.875 2.47177164233
47.1875 2.48774613276
47.5 2.50372627783
47.8125 2.51971194054
48.125 2.5357029881
48.4375 2.55169929174
48.75 2.56770072657
49.375 2.59971850884
50.0 2.63175540827
50.625 2.66381055193
51.25 2.69588311686
51.875 2.72797232665
52.5 2.76007744828
53.125 2.79219778922
53.75 2.82433269477
54.375 2.85648154553
55.0 2.88864375519
55.625 2.92081876834
56.25 2.95300605858
56.875 2.98520512668
57.5 3.01741549886
58.125 3.04963672531
58.75 3.08186837867
59.375 3.11411005272
60.0 3.14636136112
60.625 3.17862193623
61.25 3.21089142805
61.875 3.24316950318
62.5 3.27545584387
63.125 3.30775014717
63.75 3.34005212408
64.375 3.37236149878
65.0 3.40467800792
66.25 3.46933143439
67.5 3.53401052122
68.75 3.59871354647
70.0 3.66343893224
71.25 3.72818523033
72.5 3.79295110953
73.75 3.85773534437
75.0 3.92253680512
76.25 3.98735444884
77.5 4.05218731143
78.75 4.11703450058
80.0 4.1818951893
81.25 4.24676861028
82.5 4.31165405072
83.75 4.37655084773
85.0 4.44145838412
86.25 4.50637608466
87.5 4.57130341267
90.0 4.70118497889
92.5 4.83109944986
95.0 4.96104363915
97.5 5.09101474197
100.0 5.22101028113
102.5 5.35102806178
105.0 5.48106613336
107.5 5.61112275734
110.0 5.74119637998
112.5 5.87128560897
115.0 6.0013891936
117.5 6.13150600762
120.0 6.26163503457
122.5 6.39177535503
125.0 6.52192613563
127.5 6.65208661946
130.0 6.78225611773
132.5 6.91243400245
135.0 7.04261970006
137.5 7.17281268578
140.0 7.30301247867
142.5 7.43321863726
145.0 7.56343075566
147.5 7.69364846013
150.0 7.82387140604
152.5 7.95409927514
155.0 8.08433177311
157.5 8.21456862743
160.0 8.3448095854
162.5 8.47505441237
165.0 8.60530289025
167.5 8.73555481598
170.0 8.86581000032
172.5 8.9960682667
175.0 9.12632945009
177.5 9.25659339615
180.0 9.38685996027
182.5 9.51712900682
185.0 9.64740040844
187.5 9.77767404532
190.0 9.90794980467
192.5 10.0382275801
195.0 10.168507271
197.5 10.2987887825
200.0 10.4290720244
202.5 10.5593569111
205.0 10.6896433614
207.5 10.8199312978
210.0 10.9502206461
212.5 11.0805113355
215.0 11.2108032981
217.5 11.3410964683
220.0 11.4713907832
222.5 11.6016861815
225.0 11.7319826041
227.5 11.8622799931
230.0 11.992578292
232.5 12.1228774455
235.0 12.253177399
237.5 12.3834780984
240.0 12.5137794901
242.5 12.6440815206
245.0 12.7743841363
247.5 12.904687283
250.0 13.0349909063
252.5 13.1652949508
255.0 13.2955993598
257.5 13.4259040754
260.0 13.5562090382
262.5 13.6865141866
265.0 13.816819457
267.5 13.947124783
270.0 14.0774300957
272.5 14.2077353228
275.0 14.3380403884
277.5 14.4683452127
280.0 14.5986497118
282.5 14.7289537967
285.0 14.8592573735
287.5 14.9895603425
290.0 15.1198625981
292.5 15.2501640278
295.0 15.380464512
297.5 15.5107639235
300.0 15.6410621265
302.5 15.7713589764
305.0 15.9016543187
307.5 16.0319479887
310.0 16.1622398105
312.5 16.2925295962
315.0 16.4228171452
317.5 16.5531022431
320.0 16.6833846612
322.5 16.8136641548
325.0 16.943940463
327.5 17.0742133069
330.0 17.2044823889
332.5 17.3347473914
335.0 17.4650079754
337.5 17.5952637794
340.0 17.7255144178
342.5 17.8557594795
345.0 17.9859985265
347.5 18.1162310922
350.0 18.2464566798
352.5 18.3766747603
355.0 18.5068847711
357.5 18.6370861138
360.0 18.7672781523
362.5 18.8974602106
365.0 19.027631571
367.5 19.1577914714
370.0 19.2879391034
372.5 19.4180736096
375.0 19.5481940809
377.5 19.6782995546
380.0 19.808389011
382.5 19.9384613709
385.0 20.0685154926
387.5 20.198550169
390.0 20.3285641245
392.5 20.4585560119
395.0 20.5885244088
397.5 20.7184678146
400.0 20.8483846467
402.5 20.9782732373
405.0 21.1081318293
407.5 21.237958573
410.0 21.3677515218
412.5 21.4975086286
415.0 21.6272277417
417.5 21.7569066004
420.0 21.8865428313
422.5 22.0161339439
425.0 22.1456773259
427.5 22.2751702394
430.0 22.4046098159
432.5 22.5339930521
435.0 22.6633168054
437.5 22.792577789
440.0 22.9217725675
442.5 23.0508975524
445.0 23.1799489969
447.5 23.3089229917
450.0 23.4378154603
452.5 23.5666221539
455.0 23.6953386473
457.5 23.8239603338
460.0 23.9524824212
462.5 24.0808999267
465.0 24.2092076728
467.5 24.3374002829
470.0 24.465472177
472.5 24.5934175676
475.0 24.7212304556
477.5 24.8489046267
480.0 24.9764336473
482.5 25.1038108613
485.0 25.2310293865
487.5 25.3580821117
490.0 25.4849616938
492.5 25.611660555
495.0 25.7381708803
496.25 25.8013528345
497.5 25.8644846158
498.75 25.9275651797
500.0 25.9905934666
501.25 26.0535684019
502.5 26.1164888955
503.75 26.1793538423
505.0 26.2421621216
506.25 26.3049125979
507.5 26.3676041199
508.75 26.4302355213
510.0 26.4928056205
511.25 26.5553132204
512.5 26.6177571088
513.75 26.6801360583
515.0 26.7424488261
516.25 26.8046941544
517.5 26.86687077
518.75 26.9289773851
520.0 26.9910126963
521.25 27.0529753856
522.5 27.11486412
523.75 27.1766775518
525.0 27.2384143183
526.25 27.3000730427
527.5 27.3616523331
528.75 27.4231507837
530.0 27.4845669741
531.25 27.5458994699
532.5 27.6071468228
533.75 27.6683075705
535.0 27.7293802371
536.25 27.790363333
537.5 27.8512553557
538.75 27.9120547891
540.0 27.9727601043
541.25 28.0333697598
542.5 28.0938822013
543.75 28.1542958625
545.0 28.2146091647
546.25 28.2748205177
547.5 28.3349283194
548.75 28.3949309566
550.0 28.4548268052
551.25 28.5146142299
552.5 28.5742915855
553.75 28.6338572162
555.0 28.6933094566
556.25 28.7526466317
557.5 28.8118670575
558.75 28.8709690409
560.0 28.9299508805
561.25 28.9888108668
562.5 29.0475472826
563.75 29.1061584032
565.0 29.1646424972
566.25 29.2229978264
567.5 29.2812226467
568.75 29.3393152082
570.0 29.3972737559
571.25 29.4550965297
572.5 29.5127817655
573.75 29.5703276952
575.0 29.6277325471
576.25 29.684994547
577.5 29.7421119179
578.75 29.7990828812
580.0 29.8559056567
581.25 29.9125784635
582.5 29.9690995203
583.75 30.025467046
585.0 30.0816792604
586.25 30.1377343845
587.5 30.1936306413
588.75 30.2493662563
590.0 30.3049394581
591.25 30.3603484789
592.5 30.4155915553
593.75 30.4706669287
595.0 30.5255728461
596.25 30.5803075607
597.5 30.6348693323
598.75 30.6892564283
600.0 30.7434671241
601.25 30.797499704
602.5 30.8513524615
603.75 30.9050237002
605.0 30.9585117346
606.25 31.0118148905
607.5 31.0649315059
608.75 31.1178599315
610.0 31.1705985316
611.25 31.2231456847
612.5 31.2754997841
613.75 31.3276592388
615.0 31.3796224742
616.25 31.4313879326
617.5 31.4829540742
618.75 31.5343193775
619.375 31.5599262446
620.0 31.5854823403
620.625 31.6109874801
621.25 31.6364414805
621.875 31.6618441595
622.5 31.6871953364
623.125 31.7124948318
623.75 31.7377424677
624.375 31.7629380677
625.0 31.7880814565
625.625 31.8131724604
626.25 31.8382109073
626.875 31.8631966264
627.5 31.8881294485
628.125 31.913009206
628.75 31.9378357327
629.375 31.9626088641
630.0 31.9873284374
630.625 32.0119942913
631.25 32.0366062661
631.875 32.0611642039
632.5 32.0856679485
633.125 32.1101173453
633.75 32.1345122416
634.375 32.1588524864
635.0 32.1831379304
635.625 32.2073684263
636.25 32.2315438284
636.875 32.2556639931
637.5 32.2797287785
638.125 32.3037380446
638.75 32.3276916535
639.375 32.3515894691
640.0 32.3754313573
640.625 32.399217186
641.25 32.422946825
641.875 32.4466201462
642.5 32.4702370237
643.125 32.4937973335
643.75 32.5173009538
644.375 32.5407477647
645.0 32.5641376488
645.625 32.5874704905
646.25 32.6107461766
646.875 32.633964596
647.5 32.65712564
648.125 32.6802292019
648.75 32.7032751773
649.375 32.7262634642
650.0 32.7491939629
650.625 32.772066576
651.25 32.7948812083
651.875 32.8176377672
652.5 32.8403361623
653.125 32.8629763056
653.75 32.8855581118
654.375 32.9080814976
655.0 32.9305463825
655.625 32.9529526884
656.25 32.9753003396
656.875 32.997589263
657.5 33.0198193881
658.125 33.0419906467
658.75 33.0641029735
659.375 33.0861563056
660.0 33.1081505827
660.625 33.1300857472
661.25 33.151961744
661.875 33.173778521
662.5 33.1955360283
663.125 33.217234219
663.75 33.2388730489
664.375 33.2604524765
665.0 33.2819724629
665.625 33.3034329722
666.25 33.324833971
666.875 33.3461754289
667.5 33.3674573182
668.125 33.3886796142
668.75 33.4098422947
669.375 33.4309453407
670.0 33.4519887358
670.625 33.4729724666
671.25 33.4938965226
671.875 33.5147608962
672.5 33.5355655826
673.125 33.5563105802
673.75 33.57699589
674.375 33.5976215162
675.0 33.618187466
675.625 33.6386937493
676.25 33.6591403793
676.875 33.6795273721
677.5 33.6998547468
678.125 33.7201225254
678.75 33.7403307333
679.375 33.7604793985
680.0 33.7805685525
680.625 33.8005982295
681.25 33.8205684669
681.875 33.8404793054
682.5 33.8603307885
683.125 33.8801229629
683.75 33.8998558786
684.375 33.9195295884
685.0 33.9391441485
685.625 33.9586996182
686.25 33.9781960597
686.875 33.9976335388
687.5 34.017012124
688.125 34.0363318874
688.75 34.0555929038
689.375 34.0747952517
690.0 34.0939390123
690.625 34.1130242703
691.25 34.1320511136
691.875 34.151019633
692.5 34.169929923
693.125 34.1887820808
693.75 34.2075762072
694.375 34.2263124059
695.0 34.2449907841
695.625 34.2636114521
696.25 34.2821745234
696.875 34.3006801147
697.5 34.3191283461
698.125 34.3375193407
698.75 34.355853225
699.375 34.3741301286
700.0 34.3923501846
700.625 34.410513529
701.25 34.4286203011
701.875 34.4466706437
702.5 34.4646647025
703.125 34.4826026267
703.75 34.5004845684
704.375 34.5183106832
705.0 34.5360811299
705.625 34.5537960705
706.25 34.57145567
706.875 34.5890600969
707.5 34.6066095229
708.125 34.6241041226
708.75 34.6415440742
709.375 34.6589295589
710.0 34.6762607609
710.625 34.6935378681
711.25 34.710761071
711.875 34.7279305637
712.5 34.7450465433
713.125 34.7621092101
713.75 34.7791187674
714.375 34.7960754218
715.0 34.8129793832
715.625 34.8298308643
716.25 34.846630081
716.875 34.8633772525
717.5 34.880072601
718.125 34.8967163517
718.75 34.913308733
719.375 34.9298499763
720.0 34.9463403161
720.625 34.96277999
721.25 34.9791692386
721.875 34.9955083054
722.5 35.0117974372
723.125 35.0280368835
723.75 35.0442268969
724.375 35.0603677331
725.0 35.0764596507
725.625 35.0925029111
726.25 35.1084977788
726.875 35.1244445212
727.5 35.1403434086
728.125 35.1561947141
728.75 35.1719987139
729.375 35.1877556867
730.0 35.2034659143
730.625 35.2191296814
731.25 35.2347472752
731.875 35.2503189861
732.5 35.2658451069
733.125 35.2813259334
733.75 35.2967617639
734.375 35.3121528997
735.0 35.3274996446
735.625 35.3428023052
736.25 35.3580611907
736.875 35.3732766129
737.5 35.3884488863
738.125 35.4035783279
738.75 35.4186652575
739.375 35.4337099972
740.0 35.4487128718
740.625 35.4636742085
741.25 35.4785943371
741.875 35.4934735897
742.5 35.5083123011
743.125 35.5231108084
743.75 35.5378694509
744.375 35.5525885706
745.0 35.5672685116
745.625 35.5819096206
746.25 35.5965122463
746.875 35.6110767398
747.5 35.6256034545
748.125 35.6400927459
748.75 35.6545449719
749.375 35.6689604923
750.0 35.6833396693
750.625 35.697682867
751.25 35.7119904518
751.875 35.7262627919
752.5 35.7405002578
753.75 35.7688720581
755.0 35.7971088553
756.25 35.8252136824
757.5 35.8531896021
758.75 35.8810397055
760.0 35.9087671115
761.25 35.9363749655
762.5 35.9638664382
763.75 35.9912447247
765.0 36.0185130433
766.25 36.0456746344
767.5 36.0727330552
768.75 36.0996911823
770.0 36.126552555
771.25 36.1533204987
772.5 36.1799983588
773.75 36.2065894986
775.0 36.2330972988
776.25 36.2595251558
777.5 36.285876481
778.75 36.3121546992
780.0 36.3383632476
781.25 36.3645055748
782.5 36.3905851396
783.75 36.4166054094
785.0 36.4425698597
786.25 36.4684819726
787.5 36.4943452357
788.75 36.5201631408
790.0 36.5459391831
791.25 36.57167686
792.5 36.5973796695
795.0 36.6486946776
797.5 36.6999121697
800.0 36.7510600516
802.5 36.8021661374
805.0 36.8532581145
807.5 36.9043635085
810.0 36.9555096498