0.0 0.0
120.0 4.52161139292
120.625 4.54413038663
121.25 4.56665813338
122.5 4.61173919666
123.75 4.65685324881
125.0 4.70199902426
126.25 4.7471753217
127.5 4.79238100019
128.75 4.83761497557
130.0 4.88287621711
131.25 4.92816374439
132.5 4.97347662433
133.75 5.01881396852
135.0 5.06417493064
136.25 5.10955870409
137.5 5.15496451974
138.75 5.20039164387
140.0 5.24583937618
141.25 5.29130704801
142.5 5.33679402057
143.75 5.38229968336
145.0 5.42782345263
146.25 5.47336477
147.5 5.5189231011
148.75 5.56449793429
150.0 5.61008877954
151.25 5.65569516727
152.5 5.70131664735
153.75 5.74695278805
155.0 5.79260317519
156.25 5.83826741119
157.5 5.88394511432
158.75 5.92963591786
160.0 5.97533946942
161.25 6.02105543019
162.5 6.06678347433
165.0 6.15827457045
167.5 6.24981038751
170.0 6.34138872623
172.5 6.43300754298
175.0 6.52466493585
177.5 6.61635913226
180.0 6.70808847774
182.5 6.79985142587
185.0 6.89164652919
187.5 6.98347243099
190.0 7.0753278579
192.5 7.16721161317
195.0 7.2591225706
197.5 7.35105966899
200.0 7.44302190719
202.5 7.53500833947
205.0 7.62701807141
207.5 7.71905025613
210.0 7.8111040908
212.5 7.90317881355
215.0 7.99527370054
217.5 8.08738806336
220.0 8.1795212466
222.5 8.27167262564
225.0 8.36384160465
230.0 8.54823011198
235.0 8.73268250999
240.0 8.91719489555
245.0 9.10176367961
250.0 9.28638555189
255.0 9.47105745058
260.0 9.65577653638
265.0 9.84054016997
270.0 10.0253458926
275.0 10.2101914089
280.0 10.3950745727
285.0 10.579993373
290.0 10.7649459237
295.0 10.9499304525
300.0 11.1349452926
305.0 11.3199888743
310.0 11.505059718
315.0 11.6901564279
320.0 11.8752776859
330.0 12.2455889323
340.0 12.6159842823
350.0 12.9864555167
360.0 13.3569952592
370.0 13.7275968815
380.0 14.0982544208
390.0 14.4689625089
400.0 14.8397163094
410.0 15.2105114638
420.0 15.5813440422
430.0 15.9522105004
440.0 16.3231076416
450.0 16.6940325818
460.0 17.0649827188
470.0 17.4359557046
480.0 17.8069494202
490.0 18.177961953
500.0 18.5489915771
510.0 18.920036734
520.0 19.2910960169
530.0 19.6621681553
540.0 20.0332520019
550.0 20.4043465201
560.0 20.7754507734
570.0 21.1465639151
580.0 21.51768518
590.0 21.8888138757
600.0 22.2599493758
610.0 22.6310911132
620.0 23.0022385744
630.0 23.373391294
640.0 23.74454885
650.0 24.1157108597
660.0 24.4868769756
670.0 24.8580468819
680.0 25.2292202916
690.0 25.6003969437
700.0 25.9715766004
710.0 26.342759045
720.0 26.7139440798
730.0 27.0851315245
740.0 27.4563212141
750.0 27.8275129979
760.0 28.1987067376
770.0 28.5699023068
780.0 28.9410995893
790.0 29.3122984783
800.0 29.6834988759
810.0 30.0547006917
820.0 30.4259038424
830.0 30.7971082513
840.0 31.1683138474
850.0 31.5395205652
860.0 31.910728344
870.0 32.2819371276
880.0 32.6531468637
890.0 33.0243575038
900.0 33.395569003
910.0 33.7667813193
920.0 34.1379944136
930.0 34.5092082496
940.0 34.8804227932
950.0 35.2516380126
960.0 35.6228538783
970.0 35.9940703623
980.0 36.3652874388
990.0 36.7365050832
1000.0 37.1077232729
1010.0 37.4789419862
1020.0 37.8501612031
1030.0 38.2213809046
1040.0 38.592601073
1050.0 38.9638216916
1060.0 39.3350427446
1070.0 39.7062642173
1080.0 40.0774860958
1090.0 40.4487083669
1100.0 40.8199310183
1110.0 41.1911540386
1120.0 41.5623774167
1130.0 41.9336011425
1140.0 42.3048252063
1150.0 42.676049599
1160.0 43.0472743122
1170.0 43.418499338
1180.0 43.7897246688
1190.0 44.1609502976
1200.0 44.532176218
1210.0 44.9034024237
1220.0 45.2746289092
1230.0 45.6458556692
1240.0 46.0170826987
1250.0 46.3883099932
1260.0 46.7595375486
1270.0 47.1307653609
1280.0 47.5019934267
1290.0 47.8732217427
1300.0 48.2444503062
1310.0 48.6156791144
1320.0 48.9869081651
1330.0 49.3581374562
1340.0 49.7293669861
1350.0 50.1005967531
1360.0 50.4718267561
1370.0 50.8430569942
1380.0 51.2142874665
1390.0 51.5855181726
1400.0 51.9567491122
1410.0 52.3279802853
1420.0 52.6992116921
1430.0 53.0704433331
1440.0 53.4416752089
1450.0 53.8129073204
1460.0 54.1841396686
1470.0 54.5553722549
1480.0 54.9266050807
1490.0 55.2978381478
1500.0 55.6690714581
1510.0 56.0403050137
1520.0 56.411538817
1530.0 56.7827728704
1540.0 57.1540071768
1550.0 57.5252417389
1560.0 57.8964765601
1570.0 58.2677116435
1580.0 58.6389469928
1590.0 59.0101826116
1600.0 59.3814185038
1610.0 59.7526546737
1620.0 60.1238911254
1630.0 60.4951278635
1640.0 60.8663648928
1650.0 61.237602218
1660.0 61.6088398444
1670.0 61.9800777773
1680.0 62.3513160221
1690.0 62.7225545845
1700.0 63.0937934706
1710.0 63.4650326864
1720.0 63.8362722382
1730.0 64.2075121325
1740.0 64.5787523762
1750.0 64.9499929761
1760.0 65.3212339394
1770.0 65.6924752736
1780.0 66.0637169861
1790.0 66.4349590847
1800.0 66.8062015776
1810.0 67.1774444729
1820.0 67.548687779
1830.0 67.9199315048
1840.0 68.291175659
1850.0 68.6624202508
1860.0 69.0336652896
1870.0 69.404910785
1880.0 69.7761567467
1890.0 70.1474031849
1900.0 70.5186501099
1910.0 70.8898975321
1920.0 71.2611454624
1930.0 71.6323939118
1940.0 72.0036428915
1950.0 72.3748924131
1960.0 72.7461424883
1970.0 73.1173931292
1980.0 73.488644348
1990.0 73.8598961574
2000.0 74.2311485699
2010.0 74.6024015989
2020.0 74.9736552574
2030.0 75.3449095593
2040.0 75.7161645182
2050.0 76.0874201484
2060.0 76.4586764643
2070.0 76.8299334805
2080.0 77.201191212
2090.0 77.5724496741
2100.0 77.9437088824
2110.0 78.3149688526
2120.0 78.6862296008
2130.0 79.0574911435
2140.0 79.4287534974
2150.0 79.8000166795
2160.0 80.1712807071
2170.0 80.5425455977
2180.0 80.9138113693
2190.0 81.2850780402
2200.0 81.6563456288
2210.0 82.027614154
2220.0 82.3988836349
2230.0 82.770154091
2240.0 83.1414255421
2250.0 83.5126980082
2260.0 83.88397151
2270.0 84.255246068
2280.0 84.6265217033
2290.0 84.9977984374
2300.0 85.3690762921
2310.0 85.7403552893
2320.0 86.1116354516
2330.0 86.4829168016
2340.0 86.8541993624
2350.0 87.2254831575
2360.0 87.5967682107
2370.0 87.9680545459
2380.0 88.3393421878
2390.0 88.7106311611
2400.0 89.0819214909
2410.0 89.4532132027
2420.0 89.8245063225
2430.0 90.1958008763
2440.0 90.5670968908
2450.0 90.9383943928
2460.0 91.3096934096
2470.0 91.6809939689
2480.0 92.0522960986
2490.0 92.423599827
2500.0 92.7949051828
2510.0 93.1662121951
2520.0 93.5375208932
2530.0 93.908831307
2540.0 94.2801434665
2550.0 94.6514574022
2560.0 95.0227731451
2570.0 95.3940907261
2580.0 95.7654101771
2590.0 96.1367315297
2600.0 96.5080548164
2610.0 96.8793800697
2620.0 97.2507073226
2630.0 97.6220366085
2640.0 97.9933679611
2650.0 98.3647014144
2660.0 98.7360370029
2670.0 99.1073747613
2680.0 99.4787147246
2690.0 99.8500569285
2700.0 100.221401409
2710.0 100.592748201
2720.0 100.964097343
2730.0 101.33544887
2740.0 101.70680282
2750.0 102.07815923
2760.0 102.449518139
2770.0 102.820879585
2780.0 103.192243605
2790.0 103.563610239
2800.0 103.934979526
2810.0 104.306351506
2820.0 104.677726218
2830.0 105.049103702
2840.0 105.420483999
2850.0 105.791867149
2860.0 106.163253194
2870.0 106.534642175
2880.0 106.906034133
2890.0 107.277429111
2900.0 107.64882715
2910.0 108.020228293
2920.0 108.391632583
2930.0 108.763040062
2940.0 109.134450775
2950.0 109.505864764
2960.0 109.877282074
2970.0 110.248702748
2980.0 110.620126831
2990.0 110.991554366
3000.0 111.3629854
3010.0 111.734419977
3020.0 112.105858141
3030.0 112.477299939
3040.0 112.848745416
3050.0 113.220194617
3060.0 113.59164759
3070.0 113.963104379
3080.0 114.334565031
3090.0 114.706029593
3100.0 115.077498112
3110.0 115.448970633
3120.0 115.820447204
3130.0 116.191927873
3140.0 116.563412685
3150.0 116.934901689
3160.0 117.306394932
3170.0 117.677892462
3180.0 118.049394325
3190.0 118.42090057
3200.0 118.792411244
3210.0 119.163926395
3220.0 119.535446071
3230.0 119.90697032
3240.0 120.278499189
3250.0 120.650032727
3260.0 121.021570981
3270.0 121.393114
3280.0 121.764661831
3290.0 122.136214522
3300.0 122.50777212
3310.0 122.879334674
3320.0 123.250902232
3330.0 123.62247484
3340.0 123.994052547
3350.0 124.3656354
3360.0 124.737223446
3370.0 125.108816733
3380.0 125.480415307
3390.0 125.852019215
3400.0 126.223628505
3410.0 126.595243223
3420.0 126.966863415
3430.0 127.338489128
3440.0 127.710120407
3450.0 128.081757298
3460.0 128.453399847
3470.0 128.8250481
3480.0 129.196702101
3490.0 129.568361895
3500.0 129.940027526
3510.0 130.311699039
3520.0 130.683376478
3530.0 131.055059886
3540.0 131.426749307
3550.0 131.798444782
3560.0 132.170146356
3570.0 132.541854069
3580.0 132.913567964
3590.0 133.285288081
3600.0 133.657014462
3610.0 134.028747148
3620.0 134.400486177
3630.0 134.77223159
3640.0 135.143983425
3650.0 135.515741722
3660.0 135.887506517
3670.0 136.25927785
3680.0 136.631055756
3690.0 137.002840272
3700.0 137.374631433
3710.0 137.746429276
3720.0 138.118233835
3730.0 138.490045144
3740.0 138.861863235
3750.0 139.233688143
3760.0 139.6055199
3770.0 139.977358535
3780.0 140.349204082
3790.0 140.721056569
3800.0 141.092916027
3810.0 141.464782483
3820.0 141.836655967
3830.0 142.208536504
3840.0 142.580424122
3850.0 142.952318847
3860.0 143.324220703
3870.0 143.696129714
3880.0 144.068045904
3890.0 144.439969296
3900.0 144.811899911
3910.0 145.183837769
3920.0 145.555782892
3930.0 145.927735298
3940.0 146.299695005
3950.0 146.671662031
3960.0 147.043636393
3970.0 147.415618105
3980.0 147.787607183
3990.0 148.159603639
4000.0 148.531607488
4010.0 148.903618741
4020.0 149.275637408
4030.0 149.6476635
4040.0 150.019697026
4050.0 150.391737992
4060.0 150.763786407
4070.0 151.135842276
4080.0 151.507905605
4090.0 151.879976396
4100.0 152.252054652
4110.0 152.624140377
4120.0 152.996233569
4130.0 153.368334229
4140.0 153.740442356
4150.0 154.112557947
4160.0 154.484680998
4170.0 154.856811505
4180.0 155.228949461
4190.0 155.601094861
4200.0 155.973247696
4210.0 156.345407958
4220.0 156.717575635
4230.0 157.089750717
4240.0 157.461933192
4250.0 157.834123045
4260.0 158.206320262
4270.0 158.578524828
4280.0 158.950736725
4290.0 159.322955936
4300.0 159.695182441
4310.0 160.067416219
4320.0 160.43965725
4330.0 160.811905511
4340.0 161.184160977
4350.0 161.556423625
4360.0 161.928693427
4370.0 162.300970358
4380.0 162.673254387
4390.0 163.045545487
4400.0 163.417843625
4410.0 163.790148771
4420.0 164.162460892
4430.0 164.534779953
4440.0 164.907105919
4450.0 165.279438754
4460.0 165.65177842
4470.0 166.024124879
4480.0 166.396478091
4490.0 166.768838016
4500.0 167.14120461
4510.0 167.513577832
4520.0 167.885957638
4530.0 168.258343981
4540.0 168.630736815
4550.0 169.003136094
4560.0 169.375541768
4570.0 169.747953789
4580.0 170.120372105
4590.0 170.492796665
4600.0 170.865227416
4610.0 171.237664304
4620.0 171.610107275
4630.0 171.982556273
4640.0 172.355011241
4650.0 172.727472122
4660.0 173.099938856
4670.0 173.472411383
4680.0 173.844889644
4690.0 174.217373577
4700.0 174.589863118
4710.0 174.962358205
4720.0 175.334858773
4730.0 175.707364756
4740.0 176.079876089
4750.0 176.452392705
4760.0 176.824914535
4770.0 177.197441511
4780.0 177.569973563
4790.0 177.942510621
4800.0 178.315052614
4810.0 178.687599469
4820.0 179.060151114
4830.0 179.432707476
4840.0 179.80526848
4850.0 180.177834052
4860.0 180.550404116
4870.0 180.922978595
4880.0 181.295557413
4890.0 181.668140481
4900.0 182.040727739
4910.0 182.413319097
4920.0 182.785914477
4930.0 183.158513798
4940.0 183.531116979
4950.0 183.90372394
4960.0 184.276334598
4970.0 184.648948872
4980.0 185.021566679
4990.0 185.394187934
5000.0 185.766812555
5010.0 186.139440457
5020.0 186.512071555
5030.0 186.884705765
5040.0 187.257343001
5050.0 187.629983177
5060.0 188.002626207
5070.0 188.375272004
5080.0 188.747920482
5090.0 189.120571554
5100.0 189.493225131
5110.0 189.865881128
5120.0 190.238539455
5130.0 190.611200025
5140.0 190.983862749
5150.0 191.35652754
5160.0 191.729194308
5170.0 192.101862966
5180.0 192.474533424
5190.0 192.847205594
5200.0 193.219879386
5210.0 193.592554712
5220.0 193.965231484
5230.0 194.337909611
5240.0 194.710589006
5250.0 195.083269579
5260.0 195.455951242
5270.0 195.828633906
5280.0 196.201317482
5290.0 196.574001883
5300.0 196.946687019
5310.0 197.319372803
5320.0 197.692059147
5330.0 198.064745963
5340.0 198.437433163
5350.0 198.810120661
5360.0 199.182808369
5370.0 199.555496202
5380.0 199.928184071
5390.0 200.300871892
5400.0 200.673559578
5410.0 201.046247045
5420.0 201.418934207
5430.0 201.79162098
5440.0 202.16430728
5450.0 202.536993022
5460.0 202.909678124
5470.0 203.282362503
5480.0 203.655046077
5490.0 204.027728763
5500.0 204.400410481
5510.0 204.77309115
5520.0 205.145770689
5530.0 205.518449019
5540.0 205.891126062
5550.0 206.263801738
5560.0 206.63647597
5570.0 207.00914868
5580.0 207.381819793
5590.0 207.754489232
5600.0 208.127156923
5610.0 208.49982279
5620.0 208.87248676
5630.0 209.245148759
5640.0 209.617808717
5650.0 209.99046656
5660.0 210.363122219
5670.0 210.735775623
5680.0 211.108426703
5690.0 211.48107539
5700.0 211.853721618
5710.0 212.226365318
5720.0 212.599006426
5730.0 212.971644875
5740.0 213.344280602
5750.0 213.716913544
5760.0 214.089543637
5770.0 214.46217082
5780.0 214.834795032
5790.0 215.207416213
5800.0 215.580034305
5810.0 215.952649249
5820.0 216.325260988