0.0 0.0
120.0 4.51653756369
120.625 4.5390301305
121.25 4.56153145034
122.5 4.60655965979
123.75 4.65162085806
125.0 4.6967137796
126.25 4.74183722309
127.5 4.78699004759
128.75 4.83217116895
130.0 4.87737955644
131.25 4.92261422962
132.5 4.96787425542
133.75 5.01315874544
135.0 5.05846685336
136.25 5.10379777256
137.5 5.14915073392
138.75 5.19452500373
140.0 5.23991988168
141.25 5.28533469911
142.5 5.33076881723
143.75 5.37622162554
145.0 5.42169254029
146.25 5.4671810031
147.5 5.51268647959
148.75 5.55820845814
150.0 5.60374644871
151.25 5.64929998173
152.5 5.69486860704
153.75 5.74045189294
155.0 5.78604942523
156.25 5.83166080634
157.5 5.87728565454
158.75 5.92292360311
160.0 5.96857429965
161.25 6.01423740536
162.5 6.0599125944
165.0 6.15129798019
167.5 6.24272808673
170.0 6.33420071476
172.5 6.42571382064
175.0 6.51726550246
177.5 6.60885398763
180.0 6.70047762169
182.5 6.7921348582
185.0 6.88382424972
187.5 6.97554443952
190.0 7.06729415423
192.5 7.1590721971
195.0 7.25087744193
197.5 7.34270882753
200.0 7.43456535272
202.5 7.52644607179
205.0 7.6183500903
207.5 7.71027656138
210.0 7.8022246822
212.5 7.89419369088
215.0 7.98618286358
217.5 8.07819151188
220.0 8.17021898038
222.5 8.26226464445
225.0 8.35432790826
230.0 8.53850498447
235.0 8.72274595041
240.0 8.90704690292
245.0 9.09140425293
250.0 9.27581469012
255.0 9.46027515268
260.0 9.64478280127
265.0 9.82933499656
270.0 10.0139292797
275.0 10.1985633555
280.0 10.3832350775
285.0 10.5679424348
290.0 10.7526835413
295.0 10.9374566247
300.0 11.122260018
305.0 11.3070921516
310.0 11.491951546
315.0 11.6768368051
320.0 11.8617466109
330.0 12.2316349485
340.0 12.6016073837
350.0 12.9716556969
360.0 13.3417725118
370.0 13.7119511996
380.0 14.0821857973
390.0 14.4524709361
400.0 14.8228017797
410.0 15.193173969
420.0 15.5635835737
430.0 15.9340270494
440.0 16.3045011989
450.0 16.6750031377
460.0 17.0455302633
470.0 17.4160802272
480.0 17.7866509099
490.0 18.1572403986
500.0 18.5278469666
510.0 18.8984690551
520.0 19.2691052568
530.0 19.6397543006
540.0 20.0104150386
550.0 20.3810864338
560.0 20.751767549
570.0 21.122457537
580.0 21.4931556317
590.0 21.8638611403
600.0 22.2345734357
610.0 22.60529195
620.0 22.976016169
630.0 23.3467456266
640.0 23.7174799001
650.0 24.0882186057
660.0 24.4589613953
670.0 24.8297079523
680.0 25.2004579887
690.0 25.5712112425
700.0 25.941967475
710.0 26.3127264685
720.0 26.6834880245
730.0 27.0542519614
740.0 27.4250181131
750.0 27.7957863279
760.0 28.1665564664
770.0 28.5373284007
780.0 28.9081020137
790.0 29.2788771972
800.0 29.6496538518
810.0 30.0204318859
820.0 30.3912112148
830.0 30.7619917603
840.0 31.1327734499
850.0 31.5035562166
860.0 31.874339998
870.0 32.2451247362
880.0 32.6159103774
890.0 32.9866968712
900.0 33.3574841709
910.0 33.7282722326
920.0 34.0990610154
930.0 34.4698504808
940.0 34.8406405927
950.0 35.2114313174
960.0 35.582222623
970.0 35.9530144793
980.0 36.3238068582
990.0 36.6945997327
1000.0 37.0653930777
1010.0 37.4361868691
1020.0 37.8069810841
1030.0 38.1777757012
1040.0 38.5485706998
1050.0 38.9193660604
1060.0 39.2901617643
1070.0 39.6609577937
1080.0 40.0317541316
1090.0 40.4025507616
1100.0 40.7733476683
1110.0 41.1441448366
1120.0 41.5149422522
1130.0 41.8857399012
1140.0 42.2565377704
1150.0 42.6273358468
1160.0 42.9981341181
1170.0 43.3689325723
1180.0 43.7397311979
1190.0 44.1105299836
1200.0 44.4813289185
1210.0 44.852127992
1220.0 45.222927194
1230.0 45.5937265143
1240.0 45.9645259432
1250.0 46.3353254712
1260.0 46.706125089
1270.0 47.0769247875
1280.0 47.4477245577
1290.0 47.8185243911
1300.0 48.1893242788
1310.0 48.5601242127
1320.0 48.9309241842
1330.0 49.3017241853
1340.0 49.6725242079
1350.0 50.0433242441
1360.0 50.4141242859
1370.0 50.7849243256
1380.0 51.1557243554
1390.0 51.5265243677
1400.0 51.897324355
1410.0 52.2681243096
1420.0 52.638924224
1430.0 53.0097240907
1440.0 53.3805239024
1450.0 53.7513236514
1460.0 54.1221233305
1470.0 54.4929229321
1480.0 54.8637224489
1490.0 55.2345218733
1500.0 55.605321198
1510.0 55.9761204153
1520.0 56.3469195179
1530.0 56.7177184981
1540.0 57.0885173484
1550.0 57.4593160611
1560.0 57.8301146286
1570.0 58.2009130431
1580.0 58.5717112968
1590.0 58.9425093819
1600.0 59.3133072903
1610.0 59.6841050142
1620.0 60.0549025454
1630.0 60.4256998757
1640.0 60.7964969969
1650.0 61.1672939006
1660.0 61.5380905784
1670.0 61.9088870218
1680.0 62.2796832219
1690.0 62.6504791702
1700.0 63.0212748576
1710.0 63.3920702753
1720.0 63.762865414
1730.0 64.1336602645
1740.0 64.5044548174
1750.0 64.8752490632
1760.0 65.2460429922
1770.0 65.6168365946
1780.0 65.9876298606
1790.0 66.3584227798
1800.0 66.7292153422
1810.0 67.1000075372
1820.0 67.4707993543
1830.0 67.8415907828
1840.0 68.2123818117
1850.0 68.5831724299
1860.0 68.9539626262
1870.0 69.3247523891
1880.0 69.695541707
1890.0 70.066330568
1900.0 70.4371189601
1910.0 70.8079068712
1920.0 71.1786942887
1930.0 71.5494812001
1940.0 71.9202675925
1950.0 72.291053453
1960.0 72.6618387682
1970.0 73.0326235247
1980.0 73.4034077087
1990.0 73.7741913065
2000.0 74.1449743038
2010.0 74.5157566863
2020.0 74.8865384393
2030.0 75.2573195481
2040.0 75.6280999975
2050.0 75.9988797722
2060.0 76.3696588566
2070.0 76.7404372348
2080.0 77.1112148909
2090.0 77.4819918084
2100.0 77.8527679708
2110.0 78.2235433611
2120.0 78.5943179623
2130.0 78.9650917569
2140.0 79.3358647273
2150.0 79.7066368554
2160.0 80.0774081231
2170.0 80.4481785118
2180.0 80.8189480028
2190.0 81.1897165769
2200.0 81.5604842147
2210.0 81.9312508966
2220.0 82.3020166025
2230.0 82.6727813123
2240.0 83.0435450054
2250.0 83.4143076608
2260.0 83.7850692573
2270.0 84.1558297735
2280.0 84.5265891876
2290.0 84.8973474773
2300.0 85.2681046204
2310.0 85.638860594
2320.0 86.009615375
2330.0 86.38036894
2340.0 86.7511212653
2350.0 87.1218723268
2360.0 87.4926221002
2370.0 87.8633705607
2380.0 88.2341176832
2390.0 88.6048634424
2400.0 88.9756078125
2410.0 89.3463507674
2420.0 89.7170922808
2430.0 90.0878323259
2440.0 90.4585708756
2450.0 90.8293079024
2460.0 91.2000433787
2470.0 91.5707772761
2480.0 91.9415095664
2490.0 92.3122402206
2500.0 92.6829692096
2510.0 93.0536965038
2520.0 93.4244220733
2530.0 93.7951458881
2540.0 94.1658679174
2550.0 94.5365881303
2560.0 94.9073064956
2570.0 95.2780229816
2580.0 95.6487375563
2590.0 96.0194501874
2600.0 96.3901608423
2610.0 96.7608694877
2620.0 97.1315760905
2630.0 97.5022806168
2640.0 97.8729830325
2650.0 98.2436833033
2660.0 98.6143813942
2670.0 98.9850772703
2680.0 99.3557708959
2690.0 99.7264622353
2700.0 100.097151252
2710.0 100.46783791
2720.0 100.838522173
2730.0 101.209204002
2740.0 101.579883361
2750.0 101.950560212
2760.0 102.321234516
2770.0 102.691906236
2780.0 103.062575331
2790.0 103.433241764
2800.0 103.803905494
2810.0 104.174566482
2820.0 104.545224687
2830.0 104.91588007
2840.0 105.28653259
2850.0 105.657182205
2860.0 106.027828874
2870.0 106.398472556
2880.0 106.769113208
2890.0 107.139750789
2900.0 107.510385256
2910.0 107.881016567
2920.0 108.251644678
2930.0 108.622269545
2940.0 108.992891127
2950.0 109.363509378
2960.0 109.734124254
2970.0 110.104735712
2980.0 110.475343707
2990.0 110.845948194
3000.0 111.216549128
3010.0 111.587146464
3020.0 111.957740156
3030.0 112.328330159
3040.0 112.698916427
3050.0 113.069498915
3060.0 113.440077575
3070.0 113.810652361
3080.0 114.181223227
3090.0 114.551790127
3100.0 114.922353012
3110.0 115.292911838
3120.0 115.663466555
3130.0 116.034017117
3140.0 116.404563477
3150.0 116.775105586
3160.0 117.145643398
3170.0 117.516176865
3180.0 117.886705938
3190.0 118.257230571
3200.0 118.627750715
3210.0 118.998266322
3220.0 119.368777343
3230.0 119.739283732
3240.0 120.10978544
3250.0 120.480282419
3260.0 120.850774621
3270.0 121.221261997
3280.0 121.5917445
3290.0 121.962222081
3300.0 122.332694693
3310.0 122.703162288
3320.0 123.073624817
3330.0 123.444082233
3340.0 123.814534488
3350.0 124.184981535
3360.0 124.555423325
3370.0 124.925859812
3380.0 125.296290949
3390.0 125.666716687
3400.0 126.037136981
3410.0 126.407551783
3420.0 126.777961047
3430.0 127.148364726
3440.0 127.518762775
3450.0 127.889155146
3460.0 128.259541795
3470.0 128.629922676
3480.0 129.000297744
3490.0 129.370666953
3500.0 129.74103026
3510.0 130.111387619
3520.0 130.481738987
3530.0 130.852084319
3540.0 131.222423574
3550.0 131.592756706
3560.0 131.963083675
3570.0 132.333404437
3580.0 132.703718951
3590.0 133.074027175
3600.0 133.444329068
3610.0 133.81462459
3620.0 134.1849137
3630.0 134.555196359
3640.0 134.925472528
3650.0 135.295742167
3660.0 135.66600524
3670.0 136.036261707
3680.0 136.406511532
3690.0 136.776754679
3700.0 137.14699111
3710.0 137.517220792
3720.0 137.887443689
3730.0 138.257659766
3740.0 138.627868991
3750.0 138.998071329
3760.0 139.36826675
3770.0 139.738455221
3780.0 140.108636711
3790.0 140.47881119
3800.0 140.848978628
3810.0 141.219138996
3820.0 141.589292267
3830.0 141.959438413
3840.0 142.329577406
3850.0 142.699709222
3860.0 143.069833835
3870.0 143.439951221
3880.0 143.810061356
3890.0 144.180164217
3900.0 144.550259784
3910.0 144.920348034
3920.0 145.290428947
3930.0 145.660502504
3940.0 146.030568687
3950.0 146.400627479
3960.0 146.770678861
3970.0 147.14072282
3980.0 147.51075934
3990.0 147.880788406
4000.0 148.250810007
4010.0 148.620824129
4020.0 148.990830763
4030.0 149.360829898
4040.0 149.730821525
4050.0 150.100805636
4060.0 150.470782224
4070.0 150.840751282
4080.0 151.210712806
4090.0 151.580666792
4100.0 151.950613236
4110.0 152.320552137
4120.0 152.690483495
4130.0 153.060407308
4140.0 153.430323578
4150.0 153.800232308
4160.0 154.170133501
4170.0 154.540027162
4180.0 154.909913295
4190.0 155.279791908
4200.0 155.649663009
4210.0 156.019526606
4220.0 156.389382709
4230.0 156.75923133
4240.0 157.129072481
4250.0 157.498906174
4260.0 157.868732425
4270.0 158.238551249
4280.0 158.608362663
4290.0 158.978166684
4300.0 159.347963332
4310.0 159.717752628
4320.0 160.087534591
4330.0 160.457309245
4340.0 160.827076613
4350.0 161.196836721
4360.0 161.566589593
4370.0 161.936335257
4380.0 162.306073742
4390.0 162.675805076
4400.0 163.045529289
4410.0 163.415246415
4420.0 163.784956484
4430.0 164.154659532
4440.0 164.524355593
4450.0 164.894044703
4460.0 165.2637269
4470.0 165.633402221
4480.0 166.003070708
4490.0 166.372732399
4500.0 166.742387338
4510.0 167.112035566
4520.0 167.481677128
4530.0 167.851312068
4540.0 168.220940434
4550.0 168.590562272
4560.0 168.96017763
4570.0 169.329786558
4580.0 169.699389106
4590.0 170.068985325
4600.0 170.438575269
4610.0 170.80815899
4620.0 171.177736544
4630.0 171.547307986
4640.0 171.916873371
4650.0 172.286432759
4660.0 172.655986207
4670.0 173.025533776
4680.0 173.395075524
4690.0 173.764611515
4700.0 174.13414181
4710.0 174.503666473
4720.0 174.873185567
4730.0 175.242699158
4740.0 175.612207313
4750.0 175.981710096
4760.0 176.351207578
4770.0 176.720699825
4780.0 177.090186907
4790.0 177.459668895
4800.0 177.829145859
4810.0 178.198617872
4820.0 178.568085005
4830.0 178.937547332
4840.0 179.307004927
4850.0 179.676457864
4860.0 180.045906219
4870.0 180.415350068
4880.0 180.784789488
4890.0 181.154224566
4900.0 181.523655363
4910.0 181.893081969
4920.0 182.262504462
4930.0 182.631922921
4940.0 183.001337428
4950.0 183.370748062
4960.0 183.740154907
4970.0 184.109558043
4980.0 184.478957554
4990.0 184.848353522
5000.0 185.217746032
5010.0 185.587135166
5020.0 185.95652101
5030.0 186.325903648
5040.0 186.695283165
5050.0 187.064659647
5060.0 187.43403318
5070.0 187.803403851
5080.0 188.172771745
5090.0 188.54213695
5100.0 188.911499552
5110.0 189.280859639
5120.0 189.650217298
5130.0 190.019572618
5140.0 190.388925686
5150.0 190.75827659
5160.0 191.127625419
5170.0 191.49697226
5180.0 191.866317203
5190.0 192.235660335
5200.0 192.605001745
5210.0 192.974341522
5220.0 193.343679755
5230.0 193.713016532
5240.0 194.082351941
5250.0 194.451686072
5260.0 194.821019012
5270.0 195.19035085
5280.0 195.559681674
5290.0 195.929011572
5300.0 196.298340632
5310.0 196.667668943
5320.0 197.036996591
5330.0 197.406323664
5340.0 197.77565025
5350.0 198.144976434
5360.0 198.514302304
5370.0 198.883627946
5380.0 199.252953446
5390.0 199.62227889
5400.0 199.991604363
5410.0 200.36092995
5420.0 200.730255737
5430.0 201.099581806
5440.0 201.468908241
5450.0 201.838235127
5460.0 202.207562546
5470.0 202.576890581
5480.0 202.946219312
5490.0 203.315548823
5500.0 203.684879193
5510.0 204.054210503
5520.0 204.423542833
5530.0 204.792876263
5540.0 205.16221087
5550.0 205.531546732
5560.0 205.900883928
5570.0 206.270222533
5580.0 206.639562625
5590.0 207.008904278
5600.0 207.378247567
5610.0 207.747592566
5620.0 208.116939349
5630.0 208.486287988
5640.0 208.855638555
5650.0 209.224991122
5660.0 209.594345757
5670.0 209.963702532
5680.0 210.333061515
5690.0 210.702422774
5700.0 211.071786376
5710.0 211.441152387
5720.0 211.810520874
5730.0 212.1798919
5740.0 212.549265529
5750.0 212.918641825
5760.0 213.28802085
5770.0 213.657402664
5780.0 214.026787328
5790.0 214.396174902
5800.0 214.765565443
5810.0 215.13495901
5820.0 215.504355659