0.0 0.0
120.0 4.51638051056
120.625 4.5388722601
121.25 4.56137276267
122.5 4.60639933759
123.75 4.65145890139
125.0 4.69655018848
126.25 4.74167199756
127.5 4.78682318769
128.75 4.83200267471
130.0 4.8772094279
131.25 4.92244246681
132.5 4.9677008584
133.75 5.01298371423
135.0 5.05829018799
136.25 5.10361947308
137.5 5.14897080038
138.75 5.19434343614
140.0 5.2397366801
141.25 5.28514986358
142.5 5.33058234778
143.75 5.37603352221
145.0 5.42150280312
146.25 5.46698963214
147.5 5.51249347487
148.75 5.5580138197
150.0 5.6035501766
151.25 5.64910207598
152.5 5.69466906769
153.75 5.74025072004
155.0 5.78584661881
156.25 5.83145636646
157.5 5.87707958123
158.75 5.92271589642
160.0 5.96836495961
161.25 6.01402643202
162.5 6.05969998781
165.0 6.15108210722
167.5 6.24250894755
170.0 6.33397830956
172.5 6.42548814959
175.0 6.51703656575
177.5 6.60862178545
180.0 6.70024215421
182.5 6.79189612563
185.0 6.88358225223
187.5 6.97529917731
190.0 7.06704562751
192.5 7.15882040606
195.0 7.25062238677
197.5 7.34245050846
200.0 7.43430376994
202.5 7.5261812255
205.0 7.61808198073
207.5 7.71000518872
210.0 7.80195004668
212.5 7.89391579272
215.0 7.98590170299
217.5 8.0779070891
220.0 8.16993129562
222.5 8.26197369795
225.0 8.35403370024
230.0 8.53820425413
235.0 8.72243869871
240.0 8.90673313084
245.0 9.09108396148
250.0 9.27548788032
255.0 9.45994182558
260.0 9.64444295795
265.0 9.82898863811
270.0 10.0135764073
275.0 10.1982039702
280.0 10.3828691805
285.0 10.5675700274
290.0 10.7523046247
295.0 10.9370712
300.0 11.1218680867
305.0 11.306693715
310.0 11.4915466053
315.0 11.6764253618
320.0 11.8613286663
330.0 12.2312040058
340.0 12.601163449
350.0 12.9711987765
360.0 13.3413026121
370.0 13.7114683276
380.0 14.0816899601
390.0 14.4519621412
400.0 14.8222800349
410.0 15.1926392825
420.0 15.5630359539
430.0 15.9334665053
440.0 16.3039277396
450.0 16.674416773
460.0 17.0449310031
470.0 17.4154680821
480.0 17.7860258907
490.0 18.1566025168
500.0 18.5271962339
510.0 18.897805484
520.0 19.26842886
530.0 19.6390650916
540.0 20.0097130313
550.0 20.3803716426
560.0 20.7510399891
570.0 21.121717224
580.0 21.492402582
590.0 21.8630953708
600.0 22.233794964
610.0 22.6045007946
620.0 22.9752123489
630.0 23.3459291616
640.0 23.7166508108
650.0 24.0873769137
660.0 24.4581071226
670.0 24.8288411221
680.0 25.199578625
690.0 25.5703193702
700.0 25.94106312
710.0 26.3118096577
720.0 26.6825587857
730.0 27.0533103235
740.0 27.4240641063
750.0 27.7948199831
760.0 28.165577816
770.0 28.5363374784
780.0 28.907098854
790.0 29.2778618362
800.0 29.6486263269
810.0 30.0193922358
820.0 30.3901594796
830.0 30.7609279817
840.0 31.1316976709
850.0 31.5024684819
860.0 31.8732403538
870.0 32.2440132305
880.0 32.6147870597
890.0 32.985561793
900.0 33.3563373854
910.0 33.7271137948
920.0 34.0978909823
930.0 34.4686689114
940.0 34.8394475481
950.0 35.2102268607
960.0 35.5810068194
970.0 35.9517873966
980.0 36.3225685662
990.0 36.6933503038
1000.0 37.0641325866
1010.0 37.4349153931
1020.0 37.8056987031
1030.0 38.1764824978
1040.0 38.5472667593
1050.0 38.918051471
1060.0 39.2888366172
1070.0 39.659622183
1080.0 40.0304081546
1090.0 40.4011945188
1100.0 40.7719812634
1110.0 41.1427683768
1120.0 41.5135558481
1130.0 41.884343667
1140.0 42.2551318239
1150.0 42.6259203098
1160.0 42.9967091162
1170.0 43.367498235
1180.0 43.738287659
1190.0 44.1090773809
1200.0 44.4798673944
1210.0 44.8506576933
1220.0 45.221448272
1230.0 45.5922391251
1240.0 45.9630302477
1250.0 46.3338216354
1260.0 46.7046132839
1270.0 47.0754051893
1280.0 47.4461973483
1290.0 47.8169897575
1300.0 48.187782414
1310.0 48.5585753154
1320.0 48.9293684592
1330.0 49.3001618435
1340.0 49.6709554665
1350.0 50.0417493266
1360.0 50.4125434228
1370.0 50.783337754
1380.0 51.1541323194
1390.0 51.5249271186
1400.0 51.8957221514
1410.0 52.2665174177
1420.0 52.6373129176
1430.0 53.0081086518
1440.0 53.3789046207
1450.0 53.7497008253
1460.0 54.1204972666
1470.0 54.491293946
1480.0 54.862090865
1490.0 55.2328880252
1500.0 55.6036854287
1510.0 55.9744830774
1520.0 56.3452809738
1530.0 56.7160791204
1540.0 57.0868775199
1550.0 57.4576761752
1560.0 57.8284750895
1570.0 58.1992742661
1580.0 58.5700737085
1590.0 58.9408734204
1600.0 59.3116734058
1610.0 59.6824736688
1620.0 60.0532742136
1630.0 60.4240750449
1640.0 60.7948761673
1650.0 61.1656775857
1660.0 61.5364793052
1670.0 61.9072813312
1680.0 62.2780836691
1690.0 62.6488863247
1700.0 63.0196893039
1710.0 63.3904926128
1720.0 63.7612962578
1730.0 64.1321002453
1740.0 64.5029045821
1750.0 64.8737092751
1760.0 65.2445143316
1770.0 65.6153197589
1780.0 65.9861255645
1790.0 66.3569317563
1800.0 66.7277383423
1810.0 67.0985453307
1820.0 67.46935273
1830.0 67.8401605489
1840.0 68.2109687963
1850.0 68.5817774812
1860.0 68.9525866132
1870.0 69.3233962017
1880.0 69.6942062565
1890.0 70.0650167879
1900.0 70.435827806
1910.0 70.8066393213
1920.0 71.1774513447
1930.0 71.5482638872
1940.0 71.9190769601
1950.0 72.2898905748
1960.0 72.6607047432
1970.0 73.0315194772
1980.0 73.4023347892
1990.0 73.7731506917
2000.0 74.1439671974
2010.0 74.5147843194
2020.0 74.8856020712
2030.0 75.2564204661
2040.0 75.6272395182
2050.0 75.9980592415
2060.0 76.3688796505
2070.0 76.7397007599
2080.0 77.1105225846
2090.0 77.4813451398
2100.0 77.8521684412
2110.0 78.2229925045
2120.0 78.5938173459
2130.0 78.9646429818
2140.0 79.3354694288
2150.0 79.706296704
2160.0 80.0771248247
2170.0 80.4479538085
2180.0 80.8187836733
2190.0 81.1896144372
2200.0 81.560446119
2210.0 81.9312787373
2220.0 82.3021123113
2230.0 82.6729468606
2240.0 83.0437824048
2250.0 83.4146189641
2260.0 83.785456559
2270.0 84.1562952101
2280.0 84.5271349386
2290.0 84.8979757659
2300.0 85.2688177137
2310.0 85.6396608041
2320.0 86.0105050594
2330.0 86.3813505026
2340.0 86.7521971566
2350.0 87.1230450448
2360.0 87.4938941911
2370.0 87.8647446195
2380.0 88.2355963545
2390.0 88.6064494209
2400.0 88.9773038438
2410.0 89.3481596488
2420.0 89.7190168617
2430.0 90.0898755086
2440.0 90.4607356162
2450.0 90.8315972114
2460.0 91.2024603214
2470.0 91.5733249738
2480.0 91.9441911966
2490.0 92.3150590181
2500.0 92.6859284671
2510.0 93.0567995725
2520.0 93.4276723638
2530.0 93.7985468707
2540.0 94.1694231234
2550.0 94.5403011522
2560.0 94.9111809882
2570.0 95.2820626624
2580.0 95.6529462065
2590.0 96.0238316522
2600.0 96.394719032
2610.0 96.7656083785
2620.0 97.1364997246
2630.0 97.5073931036
2640.0 97.8782885494
2650.0 98.2491860958
2660.0 98.6200857774
2670.0 98.9909876289
2680.0 99.3618916854
2690.0 99.7327979824
2700.0 100.103706556
2710.0 100.474617441
2720.0 100.845530676
2730.0 101.216446296
2740.0 101.58736434
2750.0 101.958284843
2760.0 102.329207845
2770.0 102.700133384
2780.0 103.071061497
2790.0 103.441992224
2800.0 103.812925605
2810.0 104.183861677
2820.0 104.554800482
2830.0 104.92574206
2840.0 105.29668645
2850.0 105.667633693
2860.0 106.038583831
2870.0 106.409536905
2880.0 106.780492957
2890.0 107.151452027
2900.0 107.52241416
2910.0 107.893379396
2920.0 108.264347779
2930.0 108.635319352
2940.0 109.006294158
2950.0 109.37727224
2960.0 109.748253643
2970.0 110.11923841
2980.0 110.490226585
2990.0 110.861218214
3000.0 111.232213341
3010.0 111.603212011
3020.0 111.974214268
3030.0 112.34522016
3040.0 112.71622973
3050.0 113.087243024
3060.0 113.45826009
3070.0 113.829280972
3080.0 114.200305718
3090.0 114.571334373
3100.0 114.942366984
3110.0 115.313403599
3120.0 115.684444263
3130.0 116.055489025
3140.0 116.426537931
3150.0 116.797591028
3160.0 117.168648364
3170.0 117.539709986
3180.0 117.910775943
3190.0 118.281846281
3200.0 118.652921048
3210.0 119.024000292
3220.0 119.395084061
3230.0 119.766172403
3240.0 120.137265366
3250.0 120.508362997
3260.0 120.879465344
3270.0 121.250572456
3280.0 121.62168438
3290.0 121.992801164
3300.0 122.363922855
3310.0 122.735049503
3320.0 123.106181154
3330.0 123.477317855
3340.0 123.848459655
3350.0 124.219606601
3360.0 124.59075874
3370.0 124.96191612
3380.0 125.333078787
3390.0 125.704246789
3400.0 126.075420172
3410.0 126.446598983
3420.0 126.817783268
3430.0 127.188973074
3440.0 127.560168446
3450.0 127.93136943
3460.0 128.302576073
3470.0 128.673788419
3480.0 129.045006513
3490.0 129.4162304
3500.0 129.787460124
3510.0 130.158695731
3520.0 130.529937263
3530.0 130.901184764
3540.0 131.272438277
3550.0 131.643697846
3560.0 132.014963513
3570.0 132.386235319
3580.0 132.757513307
3590.0 133.128797517
3600.0 133.500087992
3610.0 133.87138477
3620.0 134.242687893
3630.0 134.613997399
3640.0 134.985313327
3650.0 135.356635717
3660.0 135.727964606
3670.0 136.099300031
3680.0 136.47064203
3690.0 136.841990639
3700.0 137.213345894
3710.0 137.58470783
3720.0 137.956076482
3730.0 138.327451884
3740.0 138.698834069
3750.0 139.07022307
3760.0 139.441618919
3770.0 139.813021648
3780.0 140.184431288
3790.0 140.555847868
3800.0 140.927271419
3810.0 141.298701969
3820.0 141.670139545
3830.0 142.041584176
3840.0 142.413035887
3850.0 142.784494705
3860.0 143.155960654
3870.0 143.527433758
3880.0 143.898914041
3890.0 144.270401526
3900.0 144.641896234
3910.0 145.013398186
3920.0 145.384907402
3930.0 145.756423901
3940.0 146.127947701
3950.0 146.499478821
3960.0 146.871017275
3970.0 147.24256308
3980.0 147.614116251
3990.0 147.985676801
4000.0 148.357244743
4010.0 148.728820089
4020.0 149.10040285
4030.0 149.471993035
4040.0 149.843590653
4050.0 150.215195713
4060.0 150.586808221
4070.0 150.958428183
4080.0 151.330055605
4090.0 151.701690489
4100.0 152.073332839
4110.0 152.444982656
4120.0 152.816639942
4130.0 153.188304695
4140.0 153.559976915
4150.0 153.931656599
4160.0 154.303343743
4170.0 154.675038343
4180.0 155.046740393
4190.0 155.418449886
4200.0 155.790166814
4210.0 156.161891169
4220.0 156.533622939
4230.0 156.905362114
4240.0 157.277108682
4250.0 157.648862628
4260.0 158.020623939
4270.0 158.392392598
4280.0 158.764168588
4290.0 159.135951892
4300.0 159.50774249
4310.0 159.879540361
4320.0 160.251345485
4330.0 160.623157839
4340.0 160.994977399
4350.0 161.36680414
4360.0 161.738638035
4370.0 162.110479059
4380.0 162.482327181
4390.0 162.854182374
4400.0 163.226044606
4410.0 163.597913845
4420.0 163.969790058
4430.0 164.341673212
4440.0 164.713563272
4450.0 165.0854602
4460.0 165.457363959
4470.0 165.829274511
4480.0 166.201191817
4490.0 166.573115834
4500.0 166.945046522
4510.0 167.316983837
4520.0 167.688927736
4530.0 168.060878172
4540.0 168.4328351
4550.0 168.804798471
4560.0 169.176768239
4570.0 169.548744353
4580.0 169.920726762
4590.0 170.292715415
4600.0 170.664710259
4610.0 171.036711241
4620.0 171.408718305
4630.0 171.780731396
4640.0 172.152750457
4650.0 172.524775431
4660.0 172.896806258
4670.0 173.268842879
4680.0 173.640885233
4690.0 174.012933258
4700.0 174.384986893
4710.0 174.757046073
4720.0 175.129110734
4730.0 175.50118081
4740.0 175.873256236
4750.0 176.245336945
4760.0 176.617422868
4770.0 176.989513937
4780.0 177.361610083
4790.0 177.733711234
4800.0 178.10581732
4810.0 178.477928268
4820.0 178.850044007
4830.0 179.222164462
4840.0 179.594289559
4850.0 179.966419224
4860.0 180.33855338
4870.0 180.710691953
4880.0 181.082834864
4890.0 181.454982025
4900.0 181.827133376
4910.0 182.199288827
4920.0 182.5714483
4930.0 182.943611714
4940.0 183.315778989
4950.0 183.687950043
4960.0 184.060124795
4970.0 184.432303162
4980.0 184.804485061
4990.0 185.17667041
5000.0 185.548859124
5010.0 185.921051119
5020.0 186.29324631
5030.0 186.665444613
5040.0 187.037645942
5050.0 187.409850211
5060.0 187.782057334
5070.0 188.154267225
5080.0 188.526479796
5090.0 188.898694961
5100.0 189.270912631
5110.0 189.643132721
5120.0 190.015355141
5130.0 190.387579804
5140.0 190.759806622
5150.0 191.132035506
5160.0 191.504266367
5170.0 191.876499118
5180.0 192.248733669
5190.0 192.620969932
5200.0 192.993207817
5210.0 193.365447237
5220.0 193.737688101
5230.0 194.109930322
5240.0 194.48217381
5250.0 194.854418476
5260.0 195.226664232
5270.0 195.598910989
5280.0 195.971158659
5290.0 196.343407152
5300.0 196.715656382
5310.0 197.087906259
5320.0 197.460156696
5330.0 197.832407605
5340.0 198.204658898
5350.0 198.57691049
5360.0 198.949162291
5370.0 199.321414216
5380.0 199.693666179
5390.0 200.065918093
5400.0 200.438169872
5410.0 200.810421432
5420.0 201.182672688
5430.0 201.554923554
5440.0 201.927173946
5450.0 202.299423782
5460.0 202.671672977
5470.0 203.043921449
5480.0 203.416169116
5490.0 203.788415895
5500.0 204.160661706
5510.0 204.532906468
5520.0 204.905150101
5530.0 205.277392524
5540.0 205.64963366
5550.0 206.021873429
5560.0 206.394111754
5570.0 206.766348558
5580.0 207.138583764
5590.0 207.510817296
5600.0 207.883049079
5610.0 208.25527904
5620.0 208.627507103
5630.0 208.999733196
5640.0 209.371957246
5650.0 209.744179183
5660.0 210.116398935
5670.0 210.488616432
5680.0 210.860831605
5690.0 211.233044386
5700.0 211.605254706
5710.0 211.9774625
5720.0 212.3496677
5730.0 212.721870243
5740.0 213.094070063
5750.0 213.466267098
5760.0 213.838461284
5770.0 214.21065256
5780.0 214.582840865
5790.0 214.95502614
5800.0 215.327208325
5810.0 215.699387362
5820.0 216.071563194