0.0 0.0
120.0 4.51317669805
120.625 4.53565176036
121.25 4.5581355757
122.5 4.60312877613
123.75 4.64815496539
125.0 4.69321287792
126.25 4.7383013124
127.5 4.78341912789
128.75 4.82856524024
130.0 4.87373861872
131.25 4.91893828288
132.5 4.96416329968
133.75 5.00941278069
135.0 5.05468587959
136.25 5.09998178978
137.5 5.14529974214
138.75 5.19063900293
140.0 5.23599887187
141.25 5.28137868029
142.5 5.3267777894
143.75 5.3721955887
145.0 5.41763149444
146.25 5.46308494824
147.5 5.50855541572
148.75 5.55404238526
150.0 5.59954536682
151.25 5.64506389082
152.5 5.69059750713
153.75 5.73614578401
155.0 5.78170830729
156.25 5.82728467939
157.5 5.87287451858
158.75 5.91847745814
160.0 5.96409314567
161.25 6.00972124237
162.5 6.05536142239
165.0 6.14667679017
167.5 6.23803687868
170.0 6.3294394887
172.5 6.42088257655
175.0 6.51236424035
177.5 6.6038827075
180.0 6.69543632353
182.5 6.78702354203
185.0 6.87864291552
187.5 6.9702930873
190.0 7.06197278399
192.5 7.15368080884
195.0 7.24541603565
197.5 7.33717740323
200.0 7.4289639104
202.5 7.52077461144
205.0 7.61260861193
207.5 7.70446506499
210.0 7.79634316779
212.5 7.88824215845
215.0 7.98016131312
217.5 8.0720999434
220.0 8.16405739388
222.5 8.25603303993
225.0 8.34802628571
230.0 8.53206332589
235.0 8.71616425578
240.0 8.90032517225
245.0 9.08454248622
250.0 9.26881288737
255.0 9.45313331388
260.0 9.63750092643
265.0 9.82191308567
270.0 10.0063673328
275.0 10.1908613725
280.0 10.3753930584
285.0 10.5599603798
290.0 10.7445614502
295.0 10.9291944975
300.0 11.1138578548
305.0 11.2985499524
310.0 11.4832693107
315.0 11.6680145337
320.0 11.8527843035
330.0 12.222392569
340.0 12.5920849322
350.0 12.9618531733
360.0 13.3316899161
370.0 13.7015885318
380.0 14.0715430574
390.0 14.4415481242
400.0 14.8115988957
410.0 15.1816910129
420.0 15.5518205455
430.0 15.9219839491
440.0 16.2921780265
450.0 16.6623998932
460.0 17.0326469468
470.0 17.4029168385
480.0 17.7732074492
490.0 18.1435168658
500.0 18.5138433617
510.0 18.8841853781
520.0 19.2545415077
530.0 19.6249104794
540.0 19.9952911454
550.0 20.3656824685
560.0 20.7360835116
570.0 21.1064934275
580.0 21.4769114501
590.0 21.8473368866
600.0 22.2177691099
610.0 22.5882075521
620.0 22.9586516991
630.0 23.3291010846
640.0 23.6995552859
650.0 24.0700139195
660.0 24.440476637
670.0 24.8109431219
680.0 25.1814130862
690.0 25.5518862679
700.0 25.9223624283
710.0 26.2928413498
720.0 26.6633228337
730.0 27.0338066984
740.0 27.4042927781
750.0 27.7747809208
760.0 28.1452709872
770.0 28.5157628495
780.0 28.8862563903
790.0 29.2567515017
800.0 29.6272480843
810.0 29.9977460463
820.0 30.3682453031
830.0 30.7387457765
840.0 31.1092473941
850.0 31.4797500887
860.0 31.850253798
870.0 32.2207584641
880.0 32.5912640332
890.0 32.9617704549
900.0 33.3322776825
910.0 33.7027856722
920.0 34.0732943828
930.0 34.4438037761
940.0 34.814313816
950.0 35.1848244686
960.0 35.5553357021
970.0 35.9258474863
980.0 36.2963597931
990.0 36.6668725956
1000.0 37.0373858684
1010.0 37.4078995877
1020.0 37.7784137307
1030.0 38.1489282757
1040.0 38.5194432022
1050.0 38.8899584907
1060.0 39.2604741225
1070.0 39.6309900798
1080.0 40.0015063456
1090.0 40.3720229036
1100.0 40.7425397382
1110.0 41.1130568345
1120.0 41.4835741779
1130.0 41.8540917549
1140.0 42.2246095519
1150.0 42.5951275562
1160.0 42.9656457555
1170.0 43.3361641376
1180.0 43.7066826911
1190.0 44.0772014047
1200.0 44.4477202675
1210.0 44.818239269
1220.0 45.1887583988
1230.0 45.559277647
1240.0 45.9297970039
1250.0 46.3003164598
1260.0 46.6708360055
1270.0 47.0413556319
1280.0 47.4118753301
1290.0 47.7823950913
1300.0 48.152914907
1310.0 48.5234347687
1320.0 48.8939546682
1330.0 49.2644745972
1340.0 49.6349945477
1350.0 50.0055145118
1360.0 50.3760344815
1370.0 50.7465544491
1380.0 51.1170744069
1390.0 51.4875943471
1400.0 51.8581142623
1410.0 52.2286341448
1420.0 52.5991539871
1430.0 52.9696737818
1440.0 53.3401935213
1450.0 53.7107131983
1460.0 54.0812328053
1470.0 54.4517523348
1480.0 54.8222717795
1490.0 55.1927911318
1500.0 55.5633103844
1510.0 55.9338295297
1520.0 56.3043485601
1530.0 56.6748674683
1540.0 57.0453862465
1550.0 57.4159048871
1560.0 57.7864233825
1570.0 58.1569417249
1580.0 58.5274599065
1590.0 58.8979779195
1600.0 59.2684957559
1610.0 59.6390134077
1620.0 60.0095308668
1630.0 60.380048125
1640.0 60.7505651741
1650.0 61.1210820058
1660.0 61.4915986115
1670.0 61.8621149827
1680.0 62.2326311108
1690.0 62.603146987
1700.0 62.9736626023
1710.0 63.3441779479
1720.0 63.7146930145
1730.0 64.0852077929
1740.0 64.4557222737
1750.0 64.8262364475
1760.0 65.1967503044
1770.0 65.5672638347
1780.0 65.9377770286
1790.0 66.3082898757
1800.0 66.678802366
1810.0 67.049314489
1820.0 67.419826234
1830.0 67.7903375904
1840.0 68.1608485472
1850.0 68.5313590934
1860.0 68.9018692176
1870.0 69.2723789084
1880.0 69.6428881541
1890.0 70.0133969431
1900.0 70.3839052631
1910.0 70.7544131021
1920.0 71.1249204475
1930.0 71.4954272868
1940.0 71.8659336072
1950.0 72.2364393955
1960.0 72.6069446386
1970.0 72.977449323
1980.0 73.347953435
1990.0 73.7184569607
2000.0 74.0889598859
2010.0 74.4594621963
2020.0 74.8299638773
2030.0 75.2004649139
2040.0 75.5709652912
2050.0 75.9414649938
2060.0 76.3119640061
2070.0 76.6824623123
2080.0 77.0529598963
2090.0 77.4234567417
2100.0 77.793952832
2110.0 78.1644481503
2120.0 78.5349426794
2130.0 78.9054364019
2140.0 79.2759293002
2150.0 79.6464213562
2160.0 80.0169125518
2170.0 80.3874028685
2180.0 80.7578922873
2190.0 81.1283807893
2200.0 81.4988683551
2210.0 81.8693549649
2220.0 82.2398405988
2230.0 82.6103252365
2240.0 82.9808088574
2250.0 83.3512914407
2260.0 83.7217729652
2270.0 84.0922534093
2280.0 84.4627327512
2290.0 84.8332109689
2300.0 85.2036880399
2310.0 85.5741639414
2320.0 85.9446386503
2330.0 86.3151121432
2340.0 86.6855843965
2350.0 87.0560553859
2360.0 87.4265250872
2370.0 87.7969934756
2380.0 88.167460526
2390.0 88.5379262131
2400.0 88.9083905111
2410.0 89.278853394
2420.0 89.6493148353
2430.0 90.0197748083
2440.0 90.3902332859
2450.0 90.7606902406
2460.0 91.1311456448
2470.0 91.5015994702
2480.0 91.8720516883
2490.0 92.2425022704
2500.0 92.6129511873
2510.0 92.9833984095
2520.0 93.353843907
2530.0 93.7242876496
2540.0 94.0947296068
2550.0 94.4651697476
2560.0 94.8356080408
2570.0 95.2060444547
2580.0 95.5764789574
2590.0 95.9469115164
2600.0 96.3173420992
2610.0 96.6877706726
2620.0 97.0581972033
2630.0 97.4286216575
2640.0 97.7990440011
2650.0 98.1694641998
2660.0 98.5398822186
2670.0 98.9102980226
2680.0 99.2807115761
2690.0 99.6511228434
2700.0 100.021531788
2710.0 100.391938374
2720.0 100.762342565
2730.0 101.132744322
2740.0 101.503143609
2750.0 101.873540388
2760.0 102.24393462
2770.0 102.614326267
2780.0 102.984715291
2790.0 103.355101651
2800.0 103.725485309
2810.0 104.095866225
2820.0 104.466244358
2830.0 104.836619669
2840.0 105.206992117
2850.0 105.577361659
2860.0 105.947728257
2870.0 106.318091866
2880.0 106.688452447
2890.0 107.058809956
2900.0 107.429164351
2910.0 107.799515589
2920.0 108.169863628
2930.0 108.540208424
2940.0 108.910549933
2950.0 109.280888112
2960.0 109.651222916
2970.0 110.021554302
2980.0 110.391882225
2990.0 110.762206639
3000.0 111.132527501
3010.0 111.502844765
3020.0 111.873158385
3030.0 112.243468316
3040.0 112.613774512
3050.0 112.984076928
3060.0 113.354375515
3070.0 113.72467023
3080.0 114.094961024
3090.0 114.465247851
3100.0 114.835530665
3110.0 115.205809418
3120.0 115.576084063
3130.0 115.946354553
3140.0 116.316620841
3150.0 116.686882878
3160.0 117.057140618
3170.0 117.427394013
3180.0 117.797643014
3190.0 118.167887575
3200.0 118.538127646
3210.0 118.908363181
3220.0 119.278594131
3230.0 119.648820448
3240.0 120.019042084
3250.0 120.389258991
3260.0 120.75947112
3270.0 121.129678424
3280.0 121.499880855
3290.0 121.870078364
3300.0 122.240270904
3310.0 122.610458426
3320.0 122.980640883
3330.0 123.350818227
3340.0 123.72099041
3350.0 124.091157385
3360.0 124.461319103
3370.0 124.831475518
3380.0 125.201626583
3390.0 125.571772249
3400.0 125.941912471
3410.0 126.312047201
3420.0 126.682176393
3430.0 127.0523
3440.0 127.422417976
3450.0 127.792530276
3460.0 128.162636853
3470.0 128.532737662
3480.0 128.902832657
3490.0 129.272921794
3500.0 129.643005029
3510.0 130.013082316
3520.0 130.383153612
3530.0 130.753218872
3540.0 131.123278054
3550.0 131.493331115
3560.0 131.863378011
3570.0 132.233418701
3580.0 132.603453143
3590.0 132.973481295
3600.0 133.343503116
3610.0 133.713518566
3620.0 134.083527604
3630.0 134.453530191
3640.0 134.823526288
3650.0 135.193515855
3660.0 135.563498855
3670.0 135.933475251
3680.0 136.303445004
3690.0 136.673408078
3700.0 137.043364438
3710.0 137.413314047
3720.0 137.783256872
3730.0 138.153192877
3740.0 138.52312203
3750.0 138.893044296
3760.0 139.262959645
3770.0 139.632868044
3780.0 140.002769461
3790.0 140.372663868
3800.0 140.742551234
3810.0 141.112431531
3820.0 141.482304729
3830.0 141.852170803
3840.0 142.222029724
3850.0 142.591881468
3860.0 142.961726009
3870.0 143.331563323
3880.0 143.701393386
3890.0 144.071216175
3900.0 144.441031669
3910.0 144.810839847
3920.0 145.180640688
3930.0 145.550434174
3940.0 145.920220285
3950.0 146.289999004
3960.0 146.659770315
3970.0 147.029534201
3980.0 147.399290648
3990.0 147.769039643
4000.0 148.138781171
4010.0 148.508515222
4020.0 148.878241784
4030.0 149.247960847
4040.0 149.617672402
4050.0 149.98737644
4060.0 150.357072956
4070.0 150.726761942
4080.0 151.096443394
4090.0 151.466117308
4100.0 151.83578368
4110.0 152.205442509
4120.0 152.575093794
4130.0 152.944737535
4140.0 153.314373734
4150.0 153.684002392
4160.0 154.053623513
4170.0 154.423237101
4180.0 154.792843162
4190.0 155.162441704
4200.0 155.532032732
4210.0 155.901616257
4220.0 156.271192288
4230.0 156.640760837
4240.0 157.010321915
4250.0 157.379875537
4260.0 157.749421715
4270.0 158.118960467
4280.0 158.488491809
4290.0 158.858015758
4300.0 159.227532335
4310.0 159.597041558
4320.0 159.966543449
4330.0 160.336038031
4340.0 160.705525327
4350.0 161.075005363
4360.0 161.444478163
4370.0 161.813943755
4380.0 162.183402167
4390.0 162.552853429
4400.0 162.922297571
4410.0 163.291734624
4420.0 163.661164621
4430.0 164.030587597
4440.0 164.400003586
4450.0 164.769412624
4460.0 165.138814748
4470.0 165.508209998
4480.0 165.877598412
4490.0 166.246980032
4500.0 166.616354898
4510.0 166.985723054
4520.0 167.355084544
4530.0 167.724439413
4540.0 168.093787706
4550.0 168.463129472
4560.0 168.832464758
4570.0 169.201793613
4580.0 169.571116089
4590.0 169.940432237
4600.0 170.309742109
4610.0 170.679045758
4620.0 171.048343239
4630.0 171.417634609
4640.0 171.786919923
4650.0 172.156199238
4660.0 172.525472614
4670.0 172.894740111
4680.0 173.264001787
4690.0 173.633257706
4700.0 174.002507929
4710.0 174.371752519
4720.0 174.740991542
4730.0 175.110225061
4740.0 175.479453143
4750.0 175.848675855
4760.0 176.217893264
4770.0 176.587105439
4780.0 176.956312449
4790.0 177.325514365
4800.0 177.694711257
4810.0 178.063903197
4820.0 178.433090258
4830.0 178.802272513
4840.0 179.171450036
4850.0 179.540622901
4860.0 179.909791184
4870.0 180.278954961
4880.0 180.648114309
4890.0 181.017269315
4900.0 181.38642004
4910.0 181.755566574
4920.0 182.124708994
4930.0 182.493847382
4940.0 182.862981816
4950.0 183.232112379
4960.0 183.601239151
4970.0 183.970362216
4980.0 184.339481654
4990.0 184.708597551
5000.0 185.077709988
5010.0 185.44681905
5020.0 185.815924822
5030.0 186.185027387
5040.0 186.554126833
5050.0 186.923223243
5060.0 187.292316704
5070.0 187.661407302
5080.0 188.030495124
5090.0 188.399580257
5100.0 188.768662787
5110.0 189.137742802
5120.0 189.506820389
5130.0 189.875895637
5140.0 190.244968633
5150.0 190.614039465
5160.0 190.983108221
5170.0 191.352174991
5180.0 191.721239861
5190.0 192.090302921
5200.0 192.45936426
5210.0 192.828423965
5220.0 193.197482125
5230.0 193.56653883
5240.0 193.935594167
5250.0 194.304648226
5260.0 194.673701094
5270.0 195.042752859
5280.0 195.411803611
5290.0 195.780853438
5300.0 196.149902426
5310.0 196.518950664
5320.0 196.88799824
5330.0 197.257045241
5340.0 197.626091755
5350.0 197.995137867
5360.0 198.364183665
5370.0 198.733229235
5380.0 199.102274663
5390.0 199.471320035
5400.0 199.840365436
5410.0 200.209410951
5420.0 200.578456665
5430.0 200.947502662
5440.0 201.316549026
5450.0 201.685595839
5460.0 202.054643186
5470.0 202.423691148
5480.0 202.792739808
5490.0 203.161789247
5500.0 203.530839545
5510.0 203.899890783
5520.0 204.268943041
5530.0 204.637996398
5540.0 205.007050933
5550.0 205.376106723
5560.0 205.745163847
5570.0 206.114222381
5580.0 206.4832824
5590.0 206.852343981
5600.0 207.221407198
5610.0 207.590472125
5620.0 207.959538836
5630.0 208.328607403
5640.0 208.697677898
5650.0 209.066750392
5660.0 209.435824956
5670.0 209.804901659
5680.0 210.173980569
5690.0 210.543061756
5700.0 210.912145286
5710.0 211.281231225
5720.0 211.65031964
5730.0 212.019410594
5740.0 212.388504151
5750.0 212.757600375
5760.0 213.126699327
5770.0 213.495801069
5780.0 213.864905661
5790.0 214.234013163
5800.0 214.603123632
5810.0 214.972237127
5820.0 215.341353704