0.0 0.0
120.0 4.51855962251
120.625 4.54106272088
121.25 4.56357457228
122.5 4.60862384484
123.75 4.65370610622
125.0 4.69882009088
126.25 4.74396459748
127.5 4.78913848509
128.75 4.83434066957
130.0 4.87957012016
131.25 4.92482585646
132.5 4.97010694537
133.75 5.01541249851
135.0 5.06074166953
136.25 5.10609365185
137.5 5.15146767633
138.75 5.19686300924
140.0 5.24227895031
141.25 5.28771483085
142.5 5.33317001209
143.75 5.3786438835
145.0 5.42413586137
146.25 5.46964538729
147.5 5.5151719269
148.75 5.56071496856
150.0 5.60627402224
151.25 5.65184861837
152.5 5.6974383068
153.75 5.74304265581
155.0 5.78866125121
156.25 5.83429369543
157.5 5.87993960675
158.75 5.92559861843
160.0 5.97127037808
161.25 6.0169545469
162.5 6.06265079905
165.0 6.15407831107
167.5 6.24555054384
170.0 6.3370652981
172.5 6.4286205302
175.0 6.52021433824
177.5 6.61184494964
180.0 6.70351070992
182.5 6.79521007266
185.0 6.8869415904
187.5 6.97870390643
190.0 7.07049574737
192.5 7.16231591647
195.0 7.25416328752
197.5 7.34603679935
200.0 7.43793545076
202.5 7.52985829605
205.0 7.62180444079
207.5 7.7137730381
210.0 7.80576328514
212.5 7.89777442005
215.0 7.98980571897
217.5 8.0818564935
220.0 8.17392608822
222.5 8.26601387852
225.0 8.35811926855
230.0 8.54238059722
235.0 8.72670581561
240.0 8.91109102057
245.0 9.09553262303
250.0 9.28002731267
255.0 9.46457202768
260.0 9.64916392873
265.0 9.83380037646
270.0 10.0184789121
275.0 10.2031972403
280.0 10.3879532147
285.0 10.5727448246
290.0 10.7575701835
295.0 10.9424275193
300.0 11.127315165
305.0 11.3122315511
310.0 11.4971751979
315.0 11.6821447095
320.0 11.8671387677
330.0 12.2371956102
340.0 12.6073365504
350.0 12.9775533685
360.0 13.3478386883
370.0 13.718185881
380.0 14.0885889836
390.0 14.4590426273
400.0 14.8295419758
410.0 15.20008267
420.0 15.5706607796
430.0 15.9412727602
440.0 16.3119154146
450.0 16.6825858583
460.0 17.0532814888
470.0 17.4239999576
480.0 17.7947391452
490.0 18.1654971388
500.0 18.5362722117
510.0 18.9070628051
520.0 19.2778675117
530.0 19.6486850604
540.0 20.0195143033
550.0 20.3903542034
560.0 20.7612038235
570.0 21.1320623164
580.0 21.5029289161
590.0 21.8738029295
600.0 22.2446837298
610.0 22.615570749
620.0 22.9864634729
630.0 23.3573614354
640.0 23.7282642138
650.0 24.0991714244
660.0 24.4700827189
670.0 24.8409977807
680.0 25.211916322
690.0 25.5828380807
700.0 25.9537628181
710.0 26.3246903166
720.0 26.6956203774
730.0 27.0665528192
740.0 27.4374874759
750.0 27.8084241955
760.0 28.1793628389
770.0 28.5503032782
780.0 28.921245396
790.0 29.2921890844
800.0 29.6631342439
810.0 30.0340807829
820.0 30.4050286167
830.0 30.7759776671
840.0 31.1469278617
850.0 31.5178791333
860.0 31.8888314196
870.0 32.2597846627
880.0 32.6307388087
890.0 33.0016938075
900.0 33.3726496121
910.0 33.7436061787
920.0 34.1145634664
930.0 34.4855214367
940.0 34.8564800535
950.0 35.2274392831
960.0 35.5983990936
970.0 35.9693594548
980.0 36.3403203386
990.0 36.711281718
1000.0 37.0822435679
1010.0 37.4532058642
1020.0 37.8241685841
1030.0 38.1951317061
1040.0 38.5660952096
1050.0 38.9370590751
1060.0 39.3080232839
1070.0 39.6789878182
1080.0 40.049952661
1090.0 40.420917796
1100.0 40.7918832075
1110.0 41.1628488808
1120.0 41.5338148012
1130.0 41.9047809552
1140.0 42.2757473292
1150.0 42.6467139105
1160.0 43.0176806867
1170.0 43.3886476458
1180.0 43.7596147763
1190.0 44.1305820669
1200.0 44.5015495067
1210.0 44.8725170852
1220.0 45.243484792
1230.0 45.6144526172
1240.0 45.985420551
1250.0 46.3563885839
1260.0 46.7273567066
1270.0 47.09832491
1280.0 47.4692931852
1290.0 47.8402615234
1300.0 48.2112299161
1310.0 48.5821983548
1320.0 48.9531668313
1330.0 49.3241353373
1340.0 49.6951038648
1350.0 50.0660724058
1360.0 50.4370409525
1370.0 50.8080094971
1380.0 51.1789780319
1390.0 51.5499465491
1400.0 51.9209150413
1410.0 52.2918835007
1420.0 52.6628519201
1430.0 53.0338202917
1440.0 53.4047886082
1450.0 53.7757568622
1460.0 54.1467250462
1470.0 54.5176931527
1480.0 54.8886611744
1490.0 55.2596291037
1500.0 55.6305969333
1510.0 56.0015646555
1520.0 56.372532263
1530.0 56.7434997481
1540.0 57.1144671033
1550.0 57.4854343209
1560.0 57.8564013933
1570.0 58.2273683127
1580.0 58.5983350713
1590.0 58.9693016613
1600.0 59.3402680746
1610.0 59.7112343034
1620.0 60.0822003395
1630.0 60.4531661747
1640.0 60.8241318008
1650.0 61.1950972095
1660.0 61.5660623922
1670.0 61.9370273404
1680.0 62.3079920455
1690.0 62.6789564986
1700.0 63.049920691
1710.0 63.4208846135
1720.0 63.7918482571
1730.0 64.1628116125
1740.0 64.5337746703
1750.0 64.904737421
1760.0 65.275699855
1770.0 65.6466619623
1780.0 66.0176237331
1790.0 66.3885851573
1800.0 66.7595462245
1810.0 67.1305069245
1820.0 67.5014672465
1830.0 67.8724271799
1840.0 68.2433867137
1850.0 68.6143458368
1860.0 68.985304538
1870.0 69.3562628058
1880.0 69.7272206286
1890.0 70.0981779945
1900.0 70.4691348915
1910.0 70.8400913074
1920.0 71.2110472299
1930.0 71.5820026462
1940.0 71.9529575435
1950.0 72.3239119089
1960.0 72.694865729
1970.0 73.0658189903
1980.0 73.4367716793
1990.0 73.807723782
2000.0 74.1786752842
2010.0 74.5496261716
2020.0 74.9205764295
2030.0 75.2915260432
2040.0 75.6624749975
2050.0 76.0334232771
2060.0 76.4043708664
2070.0 76.7753177495
2080.0 77.1462639105
2090.0 77.5172093329
2100.0 77.8881540002
2110.0 78.2590978954
2120.0 78.6300410015
2130.0 79.000983301
2140.0 79.3719247763
2150.0 79.7428654093
2160.0 80.1138051819
2170.0 80.4847440755
2180.0 80.8556820714
2190.0 81.2266191504
2200.0 81.5975552931
2210.0 81.9684904799
2220.0 82.3394246908
2230.0 82.7103579055
2240.0 83.0812901034
2250.0 83.4522212637
2260.0 83.8231513651
2270.0 84.1940803863
2280.0 84.5650083052
2290.0 84.9359350999
2300.0 85.3068607479
2310.0 85.6777852263
2320.0 86.0487085122
2330.0 86.4196305822
2340.0 86.7905514124
2350.0 87.1614709788
2360.0 87.5323892571
2370.0 87.9033062224
2380.0 88.2742218499
2390.0 88.6451361139
2400.0 89.0160489889
2410.0 89.3869604488
2420.0 89.7578704671
2430.0 90.1287790171
2440.0 90.4996860716
2450.0 90.8705916034
2460.0 91.2414955845
2470.0 91.6123979869
2480.0 91.9832987821
2490.0 92.3541979412
2500.0 92.725095435
2510.0 93.0959912342
2520.0 93.4668853086
2530.0 93.8377776283
2540.0 94.2086681625
2550.0 94.5795568803
2560.0 94.9504437505
2570.0 95.3213287414
2580.0 95.692211821
2590.0 96.063092957
2600.0 96.4339721168
2610.0 96.8048492672
2620.0 97.1757243748
2630.0 97.546597406
2640.0 97.9174683267
2650.0 98.2883371023
2660.0 98.6592036982
2670.0 99.0300680791
2680.0 99.4009302096
2690.0 99.7717900539
2700.0 100.142647576
2710.0 100.513502739
2720.0 100.884355506
2730.0 101.255205841
2740.0 101.626053704
2750.0 101.99689906
2760.0 102.367741869
2770.0 102.738582093
2780.0 103.109419694
2790.0 103.480254631
2800.0 103.851086866
2810.0 104.221916359
2820.0 104.59274307
2830.0 104.963566958
2840.0 105.334387982
2850.0 105.705206102
2860.0 106.076021276
2870.0 106.446833463
2880.0 106.81764262
2890.0 107.188448706
2900.0 107.559251678
2910.0 107.930051493
2920.0 108.300848109
2930.0 108.671641482
2940.0 109.042431568
2950.0 109.413218324
2960.0 109.784001705
2970.0 110.154781668
2980.0 110.525558168
2990.0 110.89633116
3000.0 111.267100599
3010.0 111.637866439
3020.0 112.008628636
3030.0 112.379387145
3040.0 112.750141918
3050.0 113.12089291
3060.0 113.491640075
3070.0 113.862383366
3080.0 114.233122737
3090.0 114.603858141
3100.0 114.974589532
3110.0 115.345316862
3120.0 115.716040084
3130.0 116.086759151
3140.0 116.457474016
3150.0 116.82818463
3160.0 117.198890947
3170.0 117.569592919
3180.0 117.940290497
3190.0 118.310983635
3200.0 118.681672283
3210.0 119.052356395
3220.0 119.423035922
3230.0 119.793710816
3240.0 120.164381029
3250.0 120.535046512
3260.0 120.905707219
3270.0 121.2763631
3280.0 121.647014108
3290.0 122.017660194
3300.0 122.388301311
3310.0 122.75893741
3320.0 123.129568444
3330.0 123.500194365
3340.0 123.870815125
3350.0 124.241430677
3360.0 124.612040972
3370.0 124.982645964
3380.0 125.353245605
3390.0 125.723839849
3400.0 126.094428648
3410.0 126.465011955
3420.0 126.835589723
3430.0 127.206161908
3440.0 127.576728461
3450.0 127.947289337
3460.0 128.317844491
3470.0 128.688393877
3480.0 129.05893745
3490.0 129.429475164
3500.0 129.800006975
3510.0 130.170532839
3520.0 130.541052712
3530.0 130.91156655
3540.0 131.282074309
3550.0 131.652575946
3560.0 132.02307142
3570.0 132.393560687
3580.0 132.764043706
3590.0 133.134520435
3600.0 133.504990833
3610.0 133.87545486
3620.0 134.245912475
3630.0 134.616363639
3640.0 134.986808312
3650.0 135.357246457
3660.0 135.727678034
3670.0 136.098103006
3680.0 136.468521336
3690.0 136.838932987
3700.0 137.209337924
3710.0 137.579736111
3720.0 137.950127512
3730.0 138.320512094
3740.0 138.690889824
3750.0 139.061260668
3760.0 139.431624593
3770.0 139.801981569
3780.0 140.172331564
3790.0 140.542674547
3800.0 140.913010491
3810.0 141.283339364
3820.0 141.65366114
3830.0 142.02397579
3840.0 142.394283289
3850.0 142.764583609
3860.0 143.134876727
3870.0 143.505162618
3880.0 143.875441258
3890.0 144.245712624
3900.0 144.615976695
3910.0 144.98623345
3920.0 145.356482868
3930.0 145.726724931
3940.0 146.096959619
3950.0 146.467186915
3960.0 146.837406803
3970.0 147.207619266
3980.0 147.57782429
3990.0 147.948021862
4000.0 148.318211967
4010.0 148.688394595
4020.0 149.058569734
4030.0 149.428737374
4040.0 149.798897506
4050.0 150.169050121
4060.0 150.539195214
4070.0 150.909332777
4080.0 151.279462806
4090.0 151.649585297
4100.0 152.019700246
4110.0 152.389807652
4120.0 152.759907514
4130.0 153.129999832
4140.0 153.500084608
4150.0 153.870161842
4160.0 154.24023154
4170.0 154.610293706
4180.0 154.980348344
4190.0 155.350395462
4200.0 155.720435068
4210.0 156.09046717
4220.0 156.460491778
4230.0 156.830508904
4240.0 157.200518559
4250.0 157.570520757
4260.0 157.940515513
4270.0 158.310502842
4280.0 158.680482761
4290.0 159.050455287
4300.0 159.42042044
4310.0 159.79037824
4320.0 160.160328709
4330.0 160.530271868
4340.0 160.900207741
4350.0 161.270136353
4360.0 161.64005773
4370.0 162.0099719
4380.0 162.379878889
4390.0 162.749778728
4400.0 163.119671446
4410.0 163.489557076
4420.0 163.859435651
4430.0 164.229307203
4440.0 164.599171769
4450.0 164.969029384
4460.0 165.338880086
4470.0 165.708723913
4480.0 166.078560904
4490.0 166.4483911
4500.0 166.818214544
4510.0 167.188031277
4520.0 167.557841343
4530.0 167.927644789
4540.0 168.297441659
4550.0 168.667232002
4560.0 169.037015865
4570.0 169.406793298
4580.0 169.776564351
4590.0 170.146329075
4600.0 170.516087524
4610.0 170.88583975
4620.0 171.255585809
4630.0 171.625325755
4640.0 171.995059646
4650.0 172.364787539
4660.0 172.734509492
4670.0 173.104225565
4680.0 173.473935819
4690.0 173.843640314
4700.0 174.213339114
4710.0 174.583032282
4720.0 174.952719881
4730.0 175.322401977
4740.0 175.692078636
4750.0 176.061749925
4760.0 176.431415911
4770.0 176.801076663
4780.0 177.17073225
4790.0 177.540382743
4800.0 177.910028212
4810.0 178.27966873
4820.0 178.649304368
4830.0 179.018935199
4840.0 179.388561299
4850.0 179.758182741
4860.0 180.127799601
4870.0 180.497411955
4880.0 180.86701988
4890.0 181.236623463
4900.0 181.606222765
4910.0 181.975817876
4920.0 182.345408873
4930.0 182.714995838
4940.0 183.084578849
4950.0 183.454157989
4960.0 183.823733338
4970.0 184.19330498
4980.0 184.562872995
4990.0 184.932437469
5000.0 185.301998483
5010.0 185.671556122
5020.0 186.04111047
5030.0 186.410661613
5040.0 186.780209636
5050.0 187.149754623
5060.0 187.519296661
5070.0 187.888835836
5080.0 188.258372235
5090.0 188.627905945
5100.0 188.997437052
5110.0 189.366965644
5120.0 189.736491808
5130.0 190.106015633
5140.0 190.475537206
5150.0 190.845056615
5160.0 191.214573948
5170.0 191.584089294
5180.0 191.953602742
5190.0 192.323114379
5200.0 192.692624294
5210.0 193.062132576
5220.0 193.431639314
5230.0 193.801144596
5240.0 194.17064851
5250.0 194.540151145
5260.0 194.90965259
5270.0 195.279152933
5280.0 195.648652262
5290.0 196.018150665
5300.0 196.387648231
5310.0 196.757145046
5320.0 197.126641199
5330.0 197.496136777
5340.0 197.865631867
5350.0 198.235126556
5360.0 198.604620931
5370.0 198.974115078
5380.0 199.343609083
5390.0 199.713103032
5400.0 200.08259701
5410.0 200.452091102
5420.0 200.821585393
5430.0 201.191079967
5440.0 201.560574908
5450.0 201.930070299
5460.0 202.299566223
5470.0 202.669062762
5480.0 203.038559999
5490.0 203.408058014
5500.0 203.777556889
5510.0 204.147056704
5520.0 204.516557539
5530.0 204.886059473
5540.0 205.255562585
5550.0 205.625066953
5560.0 205.994572653
5570.0 206.364079764
5580.0 206.73358836
5590.0 207.103098518
5600.0 207.472610312
5610.0 207.842123816
5620.0 208.211639104
5630.0 208.581156248
5640.0 208.95067532
5650.0 209.320196391
5660.0 209.689719532
5670.0 210.059244812
5680.0 210.4287723
5690.0 210.798302063
5700.0 211.16783417
5710.0 211.537368686
5720.0 211.906905678
5730.0 212.276445209
5740.0 212.645987343
5750.0 213.015532144
5760.0 213.385079673
5770.0 213.754629992
5780.0 214.124183161
5790.0 214.49373924
5800.0 214.863298286
5810.0 215.232860358
5820.0 215.602425512