0.0 0.0
120.0 4.50575775912
120.625 4.52819418182
121.25 4.55063935756
122.5 4.59555527884
123.75 4.64050418897
125.0 4.68548482241
126.25 4.73049597784
127.5 4.77553651431
128.75 4.82060534768
130.0 4.86570144721
131.25 4.91082383247
132.5 4.9559715704
133.75 5.00114377258
135.0 5.04633959269
136.25 5.09155822412
137.5 5.13679889776
138.75 5.18206087988
140.0 5.22734347018
141.25 5.272646
142.5 5.31796783055
143.75 5.36330835132
145.0 5.40866697858
146.25 5.45404315394
147.5 5.49943634302
148.75 5.5448460342
150.0 5.59027173744
151.25 5.63571298316
152.5 5.68116932122
153.75 5.72664031991
155.0 5.77212556503
156.25 5.81762465902
157.5 5.86313722014
158.75 5.90866288167
160.0 5.95420129122
161.25 5.99975210997
162.5 6.0453150121
165.0 6.1364758242
167.5 6.22768135723
170.0 6.31892941193
172.5 6.41021794465
175.0 6.5015450535
177.5 6.59290896588
180.0 6.68430802734
182.5 6.77574069144
185.0 6.86720551074
187.5 6.95870112851
190.0 7.0502262714
192.5 7.14177974264
195.0 7.23336041604
197.5 7.32496723042
200.0 7.41659918459
202.5 7.50825533284
205.0 7.59993478076
207.5 7.69163668145
210.0 7.7833602321
212.5 7.87510467082
215.0 7.96686927379
217.5 8.05865335258
220.0 8.1504562518
222.5 8.24227734682
225.0 8.3341160418
230.0 8.51784398107
235.0 8.70163581103
240.0 8.88548762855
245.0 9.06939584456
250.0 9.25335714878
255.0 9.43736847942
260.0 9.62142699717
265.0 9.80553006272
270.0 9.98967521726
275.0 10.1738601656
280.0 10.3580827613
285.0 10.5423409936
290.0 10.7266329762
295.0 10.9109569369
300.0 11.095311209
305.0 11.2796942226
310.0 11.4641044983
315.0 11.6485406402
320.0 11.8330013301
330.0 12.2019914404
340.0 12.5710656543
350.0 12.9402157526
360.0 13.309434359
370.0 13.6787148452
380.0 14.0480512484
390.0 14.4174382004
400.0 14.7868708648
410.0 15.1563448831
420.0 15.5258563254
430.0 15.8954016475
440.0 16.2649776526
450.0 16.6345814567
460.0 17.0042104576
470.0 17.3738623073
480.0 17.7435348867
490.0 18.1132262835
500.0 18.4829347715
510.0 18.8526587923
520.0 19.222396939
530.0 19.5921479414
540.0 19.9619106519
550.0 20.331684034
560.0 20.7014671512
570.0 21.0712591568
580.0 21.4410592856
590.0 21.8108668452
600.0 22.1806812092
610.0 22.5505018105
620.0 22.9203281356
630.0 23.2901597191
640.0 23.659996139
650.0 24.0298370126
660.0 24.3996819924
670.0 24.7695307626
680.0 25.1393830362
690.0 25.5092385522
700.0 25.8790970728
710.0 26.2489583813
720.0 26.61882228
730.0 26.9886885886
740.0 27.3585571421
750.0 27.7284277897
760.0 28.0983003934
770.0 28.4681748265
780.0 28.8380509729
790.0 29.2079287258
800.0 29.5778079873
810.0 29.9476886669
820.0 30.3175706816
830.0 30.6874539543
840.0 31.0573384144
850.0 31.4272239961
860.0 31.7971106388
870.0 32.1669982863
880.0 32.5368868862
890.0 32.9067763903
900.0 33.2766667534
910.0 33.6465579336
920.0 34.0164498918
930.0 34.3863425917
940.0 34.7562359991
950.0 35.1261300825
960.0 35.496024812
970.0 35.86592016
980.0 36.2358161003
990.0 36.6057126087
1000.0 36.9756096622
1010.0 37.3455072395
1020.0 37.7154053203
1030.0 38.0853038857
1040.0 38.455202918
1050.0 38.8251024005
1060.0 39.1950023174
1070.0 39.564902654
1080.0 39.9348033963
1090.0 40.3047045313
1100.0 40.6746060467
1110.0 41.0445079309
1120.0 41.4144101729
1130.0 41.7843127625
1140.0 42.1542156902
1150.0 42.5241189469
1160.0 42.894022524
1170.0 43.2639264136
1180.0 43.6338306083
1190.0 44.0037351011
1200.0 44.3736398853
1210.0 44.743544955
1220.0 45.1134503044
1230.0 45.4833559283
1240.0 45.8532618217
1250.0 46.2231679801
1260.0 46.5930743993
1270.0 46.9629810756
1280.0 47.3328880053
1290.0 47.7027951852
1300.0 48.0727026125
1310.0 48.4426102847
1320.0 48.8125181992
1330.0 49.1824263543
1340.0 49.552334748
1350.0 49.922243379
1360.0 50.2921522459
1370.0 50.6620613478
1380.0 51.031970684
1390.0 51.401880254
1400.0 51.7717900575
1410.0 52.1417000946
1420.0 52.5116103653
1430.0 52.8815208702
1440.0 53.2514316099
1450.0 53.6213425852
1460.0 53.9912537974
1470.0 54.3611652475
1480.0 54.7310769372
1490.0 55.1009888682
1500.0 55.4709010424
1510.0 55.840813462
1520.0 56.2107261291
1530.0 56.5806390465
1540.0 56.9505522167
1550.0 57.3204656428
1560.0 57.6903793279
1570.0 58.0602932752
1580.0 58.4302074884
1590.0 58.800121971
1600.0 59.1700367272
1610.0 59.5399517609
1620.0 59.9098670765
1630.0 60.2797826786
1640.0 60.6496985717
1650.0 61.0196147609
1660.0 61.3895312512
1670.0 61.7594480479
1680.0 62.1293651566
1690.0 62.499282583
1700.0 62.8692003329
1710.0 63.2391184126
1720.0 63.6090368283
1730.0 63.9789555866
1740.0 64.3488746941
1750.0 64.718794158
1760.0 65.0887139852
1770.0 65.4586341832
1780.0 65.8285547596
1790.0 66.1984757222
1800.0 66.5683970789
1810.0 66.9383188381
1820.0 67.3082410082
1830.0 67.6781635978
1840.0 68.0480866159
1850.0 68.4180100717
1860.0 68.7879339744
1870.0 69.1578583336
1880.0 69.5277831593
1890.0 69.8977084614
1900.0 70.2676342502
1910.0 70.6375605363
1920.0 71.0074873305
1930.0 71.3774146438
1940.0 71.7473424874
1950.0 72.1172708729
1960.0 72.487199812
1970.0 72.8571293168
1980.0 73.2270593996
1990.0 73.5969900728
2000.0 73.9669213493
2010.0 74.3368532421
2020.0 74.7067857646
2030.0 75.0767189303
2040.0 75.4466527531
2050.0 75.8165872472
2060.0 76.186522427
2070.0 76.5564583071
2080.0 76.9263949026
2090.0 77.2963322286
2100.0 77.6662703007
2110.0 78.0362091348
2120.0 78.4061487469
2130.0 78.7760891536
2140.0 79.1460303714
2150.0 79.5159724173
2160.0 79.8859153088
2170.0 80.2558590633
2180.0 80.6258036989
2190.0 80.9957492336
2200.0 81.3656956861
2210.0 81.7356430752
2220.0 82.10559142
2230.0 82.47554074
2240.0 82.845491055
2250.0 83.2154423851
2260.0 83.5853947507
2270.0 83.9553481726
2280.0 84.3253026718
2290.0 84.6952582699
2300.0 85.0652149884
2310.0 85.4351728496
2320.0 85.8051318757
2330.0 86.1750920896
2340.0 86.5450535144
2350.0 86.9150161734
2360.0 87.2849800904
2370.0 87.6549452896
2380.0 88.0249117953
2390.0 88.3948796325
2400.0 88.7648488262
2410.0 89.1348194019
2420.0 89.5047913856
2430.0 89.8747648033
2440.0 90.2447396817
2450.0 90.6147160476
2460.0 90.9846939283
2470.0 91.3546733515
2480.0 91.7246543451
2490.0 92.0946369374
2500.0 92.4646211571
2510.0 92.8346070333
2520.0 93.2045945953
2530.0 93.574583873
2540.0 93.9445748964
2550.0 94.3145676961
2560.0 94.6845623028
2570.0 95.0545587478
2580.0 95.4245570626
2590.0 95.7945572791
2600.0 96.1645594297
2610.0 96.5345635469
2620.0 96.9045696637
2630.0 97.2745778135
2640.0 97.64458803
2650.0 98.0146003473
2660.0 98.3846147996
2670.0 98.7546314219
2680.0 99.1246502491
2690.0 99.4946713169
2700.0 99.8646946609
2710.0 100.234720317
2720.0 100.604748323
2730.0 100.974778714
2740.0 101.344811528
2750.0 101.714846802
2760.0 102.084884575
2770.0 102.454924884
2780.0 102.824967769
2790.0 103.195013267
2800.0 103.565061418
2810.0 103.935112261
2820.0 104.305165837
2830.0 104.675222185
2840.0 105.045281346
2850.0 105.41534336
2860.0 105.785408269
2870.0 106.155476113
2880.0 106.525546936
2890.0 106.895620777
2900.0 107.26569768
2910.0 107.635777687
2920.0 108.005860841
2930.0 108.375947184
2940.0 108.746036761
2950.0 109.116129614
2960.0 109.486225788
2970.0 109.856325326
2980.0 110.226428272
2990.0 110.596534672
3000.0 110.966644569
3010.0 111.33675801
3020.0 111.706875038
3030.0 112.0769957
3040.0 112.447120041
3050.0 112.817248106
3060.0 113.187379943
3070.0 113.557515596
3080.0 113.927655112
3090.0 114.297798538
3100.0 114.66794592
3110.0 115.038097305
3120.0 115.408252741
3130.0 115.778412273
3140.0 116.148575949
3150.0 116.518743817
3160.0 116.888915924
3170.0 117.259092317
3180.0 117.629273044
3190.0 117.999458153
3200.0 118.369647691
3210.0 118.739841706
3220.0 119.110040246
3230.0 119.480243359
3240.0 119.850451092
3250.0 120.220663494
3260.0 120.590880612
3270.0 120.961102495
3280.0 121.331329189
3290.0 121.701560744
3300.0 122.071797206
3310.0 122.442038625
3320.0 122.812285046
3330.0 123.182536518
3340.0 123.552793089
3350.0 123.923054806
3360.0 124.293321716
3370.0 124.663593866
3380.0 125.033871304
3390.0 125.404154077
3400.0 125.774442231
3410.0 126.144735812
3420.0 126.515034868
3430.0 126.885339444
3440.0 127.255649587
3450.0 127.625965343
3460.0 127.996286756
3470.0 128.366613872
3480.0 128.736946737
3490.0 129.107285395
3500.0 129.47762989
3510.0 129.847980268
3520.0 130.21833657
3530.0 130.588698842
3540.0 130.959067127
3550.0 131.329441466
3560.0 131.699821903
3570.0 132.070208481
3580.0 132.440601239
3590.0 132.811000221
3600.0 133.181405466
3610.0 133.551817015
3620.0 133.922234908
3630.0 134.292659185
3640.0 134.663089884
3650.0 135.033527045
3660.0 135.403970704
3670.0 135.7744209
3680.0 136.14487767
3690.0 136.51534105
3700.0 136.885811076
3710.0 137.256287783
3720.0 137.626771205
3730.0 137.997261378
3740.0 138.367758333
3750.0 138.738262105
3760.0 139.108772725
3770.0 139.479290225
3780.0 139.849814636
3790.0 140.220345987
3800.0 140.590884308
3810.0 140.961429628
3820.0 141.331981976
3830.0 141.702541377
3840.0 142.073107859
3850.0 142.443681447
3860.0 142.814262167
3870.0 143.184850043
3880.0 143.555445097
3890.0 143.926047352
3900.0 144.296656831
3910.0 144.667273554
3920.0 145.03789754
3930.0 145.40852881
3940.0 145.779167381
3950.0 146.149813271
3960.0 146.520466496
3970.0 146.891127072
3980.0 147.261795014
3990.0 147.632470335
4000.0 148.003153048
4010.0 148.373843164
4020.0 148.744540695
4030.0 149.115245651
4040.0 149.48595804
4050.0 149.856677871
4060.0 150.22740515
4070.0 150.598139883
4080.0 150.968882075
4090.0 151.33963173
4100.0 151.710388851
4110.0 152.081153439
4120.0 152.451925495
4130.0 152.822705019
4140.0 153.19349201
4150.0 153.564286464
4160.0 153.935088379
4170.0 154.30589775
4180.0 154.676714571
4190.0 155.047538835
4200.0 155.418370534
4210.0 155.789209659
4220.0 156.1600562
4230.0 156.530910146
4240.0 156.901771485
4250.0 157.272640202
4260.0 157.643516283
4270.0 158.014399713
4280.0 158.385290474
4290.0 158.756188548
4300.0 159.127093917
4310.0 159.498006559
4320.0 159.868926454
4330.0 160.239853579
4340.0 160.610787909
4350.0 160.981729421
4360.0 161.352678087
4370.0 161.723633881
4380.0 162.094596775
4390.0 162.465566738
4400.0 162.83654374
4410.0 163.20752775
4420.0 163.578518735
4430.0 163.94951666
4440.0 164.320521489
4450.0 164.691533188
4460.0 165.062551719
4470.0 165.433577042
4480.0 165.804609118
4490.0 166.175647906
4500.0 166.546693365
4510.0 166.917745451
4520.0 167.28880412
4530.0 167.659869326
4540.0 168.030941025
4550.0 168.402019168
4560.0 168.773103706
4570.0 169.14419459
4580.0 169.51529177
4590.0 169.886395194
4600.0 170.257504809
4610.0 170.628620561
4620.0 170.999742396
4630.0 171.370870258
4640.0 171.74200409
4650.0 172.113143834
4660.0 172.484289432
4670.0 172.855440824
4680.0 173.226597949
4690.0 173.597760745
4700.0 173.96892915
4710.0 174.340103101
4720.0 174.711282533
4730.0 175.08246738
4740.0 175.453657577
4750.0 175.824853057
4760.0 176.196053751
4770.0 176.56725959
4780.0 176.938470507
4790.0 177.309686428
4800.0 177.680907285
4810.0 178.052133004
4820.0 178.423363513
4830.0 178.794598739
4840.0 179.165838607
4850.0 179.537083043
4860.0 179.90833197
4870.0 180.279585313
4880.0 180.650842995
4890.0 181.022104928
4900.0 181.393371049
4910.0 181.764641271
4920.0 182.135915515
4930.0 182.507193699
4940.0 182.878475745
4950.0 183.24976157
4960.0 183.621051092
4970.0 183.99234423
4980.0 184.3636409
4990.0 184.734941019
5000.0 185.106244504
5010.0 185.47755127
5020.0 185.848861232
5030.0 186.220174306
5040.0 186.591490406
5050.0 186.962809446
5060.0 187.334131339
5070.0 187.705456001
5080.0 188.076783343
5090.0 188.448113278
5100.0 188.81944572
5110.0 189.19078058
5120.0 189.562117771
5130.0 189.933457205
5140.0 190.304798793
5150.0 190.676142448
5160.0 191.04748808
5170.0 191.418835601
5180.0 191.790184923
5190.0 192.161535957
5200.0 192.532888613
5210.0 192.904242803
5220.0 193.275598439
5230.0 193.64695543
5240.0 194.018313688
5250.0 194.389673125
5260.0 194.761033652
5270.0 195.13239518
5280.0 195.50375762
5290.0 195.875120885
5300.0 196.246484885
5310.0 196.617849533
5320.0 196.989214741
5330.0 197.36058042
5340.0 197.731946485
5350.0 198.103312847
5360.0 198.474679419
5370.0 198.846046115
5380.0 199.217412848
5390.0 199.588779533
5400.0 199.960146083
5410.0 200.331512414
5420.0 200.70287844
5430.0 201.074244077
5440.0 201.44560924
5450.0 201.816973847
5460.0 202.188337813
5470.0 202.559701055
5480.0 202.931063493
5490.0 203.302425043
5500.0 203.673785625
5510.0 204.045145158
5520.0 204.416503561
5530.0 204.787860755
5540.0 205.159216662
5550.0 205.530571202
5560.0 205.901924297
5570.0 206.273275872
5580.0 206.644625849
5590.0 207.015974152
5600.0 207.387320706
5610.0 207.758665437
5620.0 208.13000827
5630.0 208.501349134
5640.0 208.872687956
5650.0 209.244024663
5660.0 209.615359186
5670.0 209.986691453
5680.0 210.358021397
5690.0 210.729348949
5700.0 211.10067404
5710.0 211.471996604
5720.0 211.843316576
5730.0 212.214633889
5740.0 212.58594848
5750.0 212.957260285
5760.0 213.328569242
5770.0 213.699875289
5780.0 214.071178365
5790.0 214.442478411
5800.0 214.813775366
5810.0 215.185069174
5820.0 215.556359777