0.0 0.0
120.0 5.41248757293
121.25 5.46967901704
122.5 5.52684114656
123.75 5.58397469893
125.0 5.64108040506
126.25 5.69815898843
127.5 5.75521116437
128.75 5.81223763933
130.0 5.8692391103
131.25 5.92621626425
132.5 5.98316977768
133.75 6.04010031616
135.0 6.09700853403
136.25 6.15389507405
137.5 6.21076056717
138.75 6.2676056323
140.0 6.32443087615
141.25 6.3812368931
142.5 6.4380242651
143.75 6.4947935616
145.0 6.5515453395
146.25 6.6082801432
147.5 6.66499850454
148.75 6.72170094289
150.0 6.77838796519
151.25 6.83506006605
152.5 6.89171772782
153.75 6.94836142069
155.0 7.00499160287
156.25 7.06160872068
157.5 7.1182132087
158.75 7.17480548995
160.0 7.23138597605
162.5 7.34451315329
165.0 7.45759781208
167.5 7.57064285339
170.0 7.68365101386
172.5 7.79662487228
175.0 7.90956685614
177.5 8.02247924829
180.0 8.13536419357
182.5 8.24822370529
185.0 8.36105967169
187.5 8.47387386228
190.0 8.58666793396
192.5 8.69944343699
195.0 8.81220182078
197.5 8.92494443947
200.0 9.03767255731
202.5 9.15038735379
205.0 9.2630899286
210.0 9.48846244106
215.0 9.71379746999
220.0 9.93910139351
225.0 10.1643797133
230.0 10.3896371628
235.0 10.614877804
240.0 10.8401051133
245.0 11.0653220575
250.0 11.2905311611
260.0 11.74093408
270.0 12.1913272905
280.0 12.6417202319
290.0 13.0921194067
300.0 13.5425291671
310.0 13.9929523054
320.0 14.4433904924
330.0 14.893844602
340.0 15.3443149497
350.0 15.7948014665
360.0 16.2453038252
370.0 16.6958215312
380.0 17.1463539872
390.0 17.5969005394
400.0 18.0474605087
410.0 18.4980332131
420.0 18.948617982
430.0 19.399214166
440.0 19.8498211424
450.0 20.3004383186
460.0 20.7510651335
470.0 21.201701058
480.0 21.6523455942
490.0 22.1029982748
500.0 22.5536586613
510.0 23.0043263427
520.0 23.4550009339
530.0 23.9056820744
540.0 24.3563694261
550.0 24.8070626725
560.0 25.2577615167
570.0 25.7084656807
580.0 26.1591749035
590.0 26.6098889402
600.0 27.0606075611
610.0 27.5113305503
620.0 27.9620577051
630.0 28.4127888352
640.0 28.8635237615
650.0 29.3142623157
660.0 29.7650043395
670.0 30.2157496839
680.0 30.6664982088
690.0 31.1172497824
700.0 31.5680042806
710.0 32.0187615867
720.0 32.4695215907
730.0 32.9202841892
740.0 33.3710492849
750.0 33.8218167862
760.0 34.2725866069
770.0 34.7233586663
780.0 35.174132888
790.0 35.6249092006
800.0 36.075687537
810.0 36.5264678342
820.0 36.9772500331
830.0 37.4280340783
840.0 37.8788199183
850.0 38.3296075045
860.0 38.7803967918
870.0 39.2311877383
880.0 39.6819803047
890.0 40.1327744549
900.0 40.5835701553
910.0 41.0343673748
920.0 41.4851660851
930.0 41.93596626
940.0 42.3867678757
950.0 42.8375709107
960.0 43.2883753456
970.0 43.739181163
980.0 44.1899883477
990.0 44.6407968863
1000.0 45.0916067673
1010.0 45.5424179812
1020.0 45.9932305201
1030.0 46.444044378
1040.0 46.8948595507
1050.0 47.3456760355
1060.0 47.7964938315
1070.0 48.2473129394
1080.0 48.6981333615
1090.0 49.1489551018
1100.0 49.5997781658
1110.0 50.0506025606
1120.0 50.5014282948
1130.0 50.9522553787
1140.0 51.403083824
1150.0 51.853913644
1160.0 52.3047448537
1170.0 52.7555774695
1180.0 53.2064115094
1190.0 53.6572469929
1200.0 54.1080839414
1210.0 54.5589223775
1220.0 55.0097623258
1230.0 55.4606038121
1240.0 55.9114468644
1250.0 56.362291512
1260.0 56.813137786
1270.0 57.2639857193
1280.0 57.7148353466
1290.0 58.1656867043
1300.0 58.6165398308
1310.0 59.0673947663
1320.0 59.5182515528
1330.0 59.9691102345
1340.0 60.4199708575
1350.0 60.87083347
1360.0 61.3216981222
1370.0 61.7725648665
1380.0 62.2234337577
1390.0 62.6743048526
1400.0 63.1251782105
1410.0 63.5760538931
1420.0 64.0269319643
1430.0 64.4778124909
1440.0 64.9286955421
1450.0 65.3795811895
1460.0 65.830469508
1470.0 66.2813605747
1480.0 66.73225447
1490.0 67.1831512771
1500.0 67.6340510822
1510.0 68.0849539746
1520.0 68.535860047
1530.0 68.9867693951
1540.0 69.4376821183
1550.0 69.8885983191
1560.0 70.339518104
1570.0 70.7904415829
1580.0 71.2413688695
1590.0 71.6923000813
1600.0 72.14323534
1610.0 72.5941747711
1620.0 73.0451185046
1630.0 73.4960666746
1640.0 73.9470194196
1650.0 74.3979768827
1660.0 74.8489392116
1670.0 75.2999065588
1680.0 75.7508790818
1690.0 76.201856943
1700.0 76.6528403098
1710.0 77.1038293552
1720.0 77.5548242574
1730.0 78.0058252001
1740.0 78.4568323728
1750.0 78.9078459709
1760.0 79.3588661954
1770.0 79.8098932537
1780.0 80.2609273595
1790.0 80.7119687325
1800.0 81.1630175993
1810.0 81.6140741931
1820.0 82.0651387538
1830.0 82.5162115285
1840.0 82.9672927711
1850.0 83.4183827432
1860.0 83.8694817136
1870.0 84.3205899588
1880.0 84.7717077629
1890.0 85.2228354183
1900.0 85.6739732252
1910.0 86.125121492
1920.0 86.5762805358
1930.0 87.0274506821
1940.0 87.4786322652
1950.0 87.9298256282
1960.0 88.3810311235
1970.0 88.8322491127
1980.0 89.2834799666
1990.0 89.7347240658
2000.0 90.1859818007
2010.0 90.6372535713
2020.0 91.0885397881
2030.0 91.5398408715
2040.0 91.9911572526
2050.0 92.4424893728
2060.0 92.8938376845
2070.0 93.3452026508
2080.0 93.7965847459
2090.0 94.2479844554
2100.0 94.6994022761
2110.0 95.1508387163
2120.0 95.6022942962
2130.0 96.0537695476
2140.0 96.5052650144
2150.0 96.9567812527
2160.0 97.4083188307
2170.0 97.8598783291
2180.0 98.3114603413
2190.0 98.7630654731
2200.0 99.2146943432
2210.0 99.6663475834
2220.0 100.118025838
2230.0 100.569729766
2240.0 101.021460037
2250.0 101.473217337
2260.0 101.925002363
2270.0 102.376815827
2280.0 102.828658454
2290.0 103.280530984
2300.0 103.732434168
2310.0 104.184368774
2320.0 104.636335583
2330.0 105.088335388
2340.0 105.540368999
2350.0 105.992437239
2360.0 106.444540945
2370.0 106.896680967
2380.0 107.34885817
2390.0 107.801073435
2400.0 108.253327655
2410.0 108.705621738
2420.0 109.157956605
2430.0 109.610333192
2440.0 110.06275245
2450.0 110.515215342
2460.0 110.967722847
2470.0 111.420275957
2480.0 111.872875676
2490.0 112.325523026
2500.0 112.778219038
2510.0 113.230964758
2520.0 113.683761248
2530.0 114.13660958
2540.0 114.58951084
2550.0 115.042466126
2560.0 115.495476552
2570.0 115.94854324
2580.0 116.401667328
2590.0 116.854849963
2600.0 117.308092307
2610.0 117.761395532
2620.0 118.214760821
2630.0 118.668189369
2640.0 119.12168238
2650.0 119.575241072
2660.0 120.028866669
2670.0 120.482560408
2680.0 120.936323535
2690.0 121.390157303
2700.0 121.844062977
2710.0 122.298041827
2720.0 122.752095134
2730.0 123.206224186
2740.0 123.660430276
2750.0 124.114714706
2760.0 124.569078784
2770.0 125.023523822
2780.0 125.47805114
2790.0 125.932662061
2800.0 126.387357912
2810.0 126.842140025
2820.0 127.297009735
2830.0 127.751968379
2840.0 128.207017296
2850.0 128.662157827
2860.0 129.117391314
2870.0 129.5727191
2880.0 130.028142526
2890.0 130.483662933
2900.0 130.939281661
2910.0 131.395000045
2920.0 131.850819422
2930.0 132.30674112
2940.0 132.762766467
2950.0 133.218896783
2960.0 133.675133385
2970.0 134.131477581
2980.0 134.587930673
2990.0 135.044493955
3000.0 135.501168714
3010.0 135.957956224
3020.0 136.414857752
3030.0 136.871874553
3040.0 137.32900787
3050.0 137.786258934
3060.0 138.243628962
3070.0 138.701119159
3080.0 139.158730712
3090.0 139.616464794
3100.0 140.074322563
3110.0 140.532305157
3120.0 140.990413697
3130.0 141.448649286
3140.0 141.907013007
3150.0 142.365505921
3160.0 142.824129069
3170.0 143.28288347
3180.0 143.74177012
3190.0 144.200789991
3200.0 144.659944029
3210.0 145.119233159
3220.0 145.578658275
3230.0 146.038220246
3240.0 146.497919915
3250.0 146.957758095
3260.0 147.41773557
3270.0 147.877853093
3280.0 148.338111388
3290.0 148.798511147
3300.0 149.259053029
3310.0 149.719737663
3320.0 150.180565641
3330.0 150.641537522
3340.0 151.10265383
3350.0 151.563915056
3360.0 152.02532165
3370.0 152.486874029
3380.0 152.948572571
3390.0 153.410417617
3400.0 153.872409469
3410.0 154.334548388
3420.0 154.796834598
3430.0 155.259268281
3440.0 155.721849581
3450.0 156.184578597
3460.0 156.647455389
3470.0 157.110479975
3480.0 157.573652329
3490.0 158.036972384
3500.0 158.500440029
3510.0 158.964055109
3520.0 159.427817426
3530.0 159.891726738
3540.0 160.355782758
3550.0 160.819985155
3560.0 161.284333554
3570.0 161.748827532
3580.0 162.213466626
3590.0 162.678250324
3600.0 163.14317807
3610.0 163.608249262
3620.0 164.073463254
3630.0 164.538819353
3640.0 165.004316824
3650.0 165.469954882
3660.0 165.935732701
3670.0 166.401649408
3680.0 166.867704087
3690.0 167.333895774
3700.0 167.800223464
3710.0 168.266686106
3720.0 168.733282606
3730.0 169.200011826
3740.0 169.666872585
3750.0 170.133863659
3760.0 170.600983781
3770.0 171.068231643
3780.0 171.535605896
3790.0 172.003105149
3800.0 172.470727969
3810.0 172.938472885
3820.0 173.406338388
3830.0 173.874322926
3840.0 174.342424914
3850.0 174.810642725
3860.0 175.278974698
3870.0 175.747419136
3880.0 176.215974306
3890.0 176.68463844
3900.0 177.153409738