0.0 0.0
120.0 5.38834639646
121.25 5.44528636998
122.5 5.50219702891
123.75 5.5590791107
125.0 5.61593334624
126.25 5.67276045902
127.5 5.72956116437
128.75 5.78633616874
130.0 5.84308616912
131.25 5.89981185249
132.5 5.95651389532
133.75 6.01319296322
135.0 6.0698497105
136.25 6.12648477994
137.5 6.18309880247
138.75 6.23969239701
140.0 6.29626617027
141.25 6.35282071663
142.5 6.40935661804
143.75 6.46587444395
145.0 6.52237475127
146.25 6.57885808437
147.5 6.63532497512
148.75 6.69177594289
150.0 6.7482114946
151.25 6.80463212488
152.5 6.86103831605
153.75 6.91743053834
155.0 6.97380924993
156.25 7.03017489715
157.5 7.08652791458
158.75 7.14286872524
160.0 7.19919774076
162.5 7.31182197682
165.0 7.42440369443
167.5 7.53694579456
170.0 7.64945101386
172.5 7.7619219311
175.0 7.87436097378
177.5 7.98677042477
180.0 8.09915242887
182.5 8.2115089994
185.0 8.32384202463
187.5 8.43615327405
190.0 8.54844440455
192.5 8.6607169664
195.0 8.77297240901
197.5 8.88521208653
200.0 8.99743726319
202.5 9.10964911849
205.0 9.22184875213
210.0 9.44621538224
215.0 9.67054452881
220.0 9.89484256998
225.0 10.1191150074
230.0 10.3433665746
235.0 10.5676013335
240.0 10.7918227604
245.0 11.0160338223
250.0 11.2402370435
260.0 11.6886281977
270.0 12.1370096434
280.0 12.5853908202
290.0 13.0337782302
300.0 13.4821762259
310.0 13.9305875995
320.0 14.3790140218
330.0 14.8274563667
340.0 15.2759149497
350.0 15.7243897018
360.0 16.1728802958
370.0 16.6213862371
380.0 17.0699069284
390.0 17.5184417159
400.0 17.9669899205
410.0 18.4155508601
420.0 18.8641238644
430.0 19.3127082837
440.0 19.7613034954
450.0 20.2099089068
460.0 20.658523957
470.0 21.1071481168
480.0 21.5557808883
490.0 22.0044218042
500.0 22.453070426
510.0 22.9017263427
520.0 23.3503891692
530.0 23.7990585449
540.0 24.247734132
550.0 24.6964156136
560.0 25.1451026932
570.0 25.5937950925
580.0 26.0424925506
590.0 26.4911948226
600.0 26.9399016787
610.0 27.3886129032
620.0 27.8373282934
630.0 28.2860476588
640.0 28.7347708204
650.0 29.1834976098
660.0 29.6322278689
670.0 30.0809614486
680.0 30.5296982088
690.0 30.9784380177
700.0 31.4271807512
710.0 31.8759262926
720.0 32.3246745319
730.0 32.7734253656
740.0 33.2221786966
750.0 33.6709344332
760.0 34.1196924893
770.0 34.5684527839
780.0 35.0172152409
790.0 35.4659797889
800.0 35.9147463605
810.0 36.363514893
820.0 36.8122853272
830.0 37.2610576077
840.0 37.709831683
850.0 38.1586075045
860.0 38.6073850271
870.0 39.0561642088
880.0 39.5049450106
890.0 39.9537273961
900.0 40.4025113317
910.0 40.8512967866
920.0 41.3000837321
930.0 41.7488721423
940.0 42.1976619933
950.0 42.6464532636
960.0 43.0952459338
970.0 43.5440399865
980.0 43.9928354065
990.0 44.4416321804
1000.0 44.8904302967
1010.0 45.3392297459
1020.0 45.7880305201
1030.0 46.2368326133
1040.0 46.6856360213
1050.0 47.1344407414
1060.0 47.5832467727
1070.0 48.0320541159
1080.0 48.4808627733
1090.0 48.9296727489
1100.0 49.3784840482
1110.0 49.8272966782
1120.0 50.2761106477
1130.0 50.7249259669
1140.0 51.1737426475
1150.0 51.6225607028
1160.0 52.0713801478
1170.0 52.5202009989
1180.0 52.9690232741
1190.0 53.4178469929
1200.0 53.8666721767
1210.0 54.3154988481
1220.0 54.7643270316
1230.0 55.2131567533
1240.0 55.6619880409
1250.0 56.1108209237
1260.0 56.559655433
1270.0 57.0084916017
1280.0 57.4573294642
1290.0 57.9061690573
1300.0 58.3550104191
1310.0 58.8038535898
1320.0 59.2526986116
1330.0 59.7015455287
1340.0 60.1503943869
1350.0 60.5992452347
1360.0 61.0480981222
1370.0 61.4969531018
1380.0 61.9458102283
1390.0 62.3946695585
1400.0 62.8435311517
1410.0 63.2923950695
1420.0 63.7412613761
1430.0 64.190130138
1440.0 64.6390014244
1450.0 65.0878753072
1460.0 65.5367518609
1470.0 65.985631163
1480.0 66.4345132936
1490.0 66.8833983359
1500.0 67.3322863763
1510.0 67.781177504
1520.0 68.2300718117
1530.0 68.6789693951
1540.0 69.1278703536
1550.0 69.5767747897
1560.0 70.0256828099
1570.0 70.4745945241
1580.0 70.9235100459
1590.0 71.3724294931
1600.0 71.821352987
1610.0 72.2702806535
1620.0 72.7192126223
1630.0 73.1681490275
1640.0 73.6170900078
1650.0 74.0660357062
1660.0 74.5149862704
1670.0 74.963941853
1680.0 75.4129026112
1690.0 75.8618687077
1700.0 76.3108403098
1710.0 76.7598175905
1720.0 77.208800728
1730.0 77.657789906
1740.0 78.106785314
1750.0 78.5557871473
1760.0 79.0047956072
1770.0 79.4538109008
1780.0 79.9028332418
1790.0 80.3518628501
1800.0 80.8008999523
1810.0 81.2499447813
1820.0 81.6989975774
1830.0 82.1480585873
1840.0 82.5971280652
1850.0 83.0462062726
1860.0 83.4952934783
1870.0 83.9443899588
1880.0 84.3934959982
1890.0 84.8426118889
1900.0 85.2917379311
1910.0 85.7408744332
1920.0 86.1900217123
1930.0 86.6391800939
1940.0 87.0883499122
1950.0 87.5375315106
1960.0 87.9867252412
1970.0 88.4359314656
1980.0 88.8851505548
1990.0 89.3343828894
2000.0 89.7836288595
2010.0 90.2328888654
2020.0 90.6821633175
2030.0 91.1314526363
2040.0 91.5807572526
2050.0 92.0300776081
2060.0 92.4794141551
2070.0 92.9287673567
2080.0 93.3781376871
2090.0 93.8275256319
2100.0 94.2769316879
2110.0 94.7263563634
2120.0 95.1758001786
2130.0 95.6252636652
2140.0 96.0747473674
2150.0 96.5242518409
2160.0 96.9737776542
2170.0 97.423325388
2180.0 97.8728956354
2190.0 98.3224890025
2200.0 98.7721061079
2210.0 99.2217475834
2220.0 99.6714140736
2230.0 100.121106236
2240.0 100.570824743
2250.0 101.020570278
2260.0 101.470343539
2270.0 101.920145239
2280.0 102.369976101
2290.0 102.819836866
2300.0 103.269728286
2310.0 103.719651127
2320.0 104.169606171
2330.0 104.619594212
2340.0 105.069616058
2350.0 105.519672533
2360.0 105.969764474
2370.0 106.419892731
2380.0 106.87005817
2390.0 107.320261671
2400.0 107.770504126
2410.0 108.220786444
2420.0 108.671109546
2430.0 109.121474369
2440.0 109.571881862
2450.0 110.022332989
2460.0 110.47282873
2470.0 110.923370074
2480.0 111.373958029
2490.0 111.824593614
2500.0 112.275277861
2510.0 112.726011817
2520.0 113.176796542
2530.0 113.627633109
2540.0 114.078522604
2550.0 114.529466126
2560.0 114.980464787
2570.0 115.43151971
2580.0 115.882632033
2590.0 116.333802904
2600.0 116.785033484
2610.0 117.236324944
2620.0 117.687678468
2630.0 118.139095251
2640.0 118.590576498
2650.0 119.042123425
2660.0 119.493737257
2670.0 119.945419232
2680.0 120.397170594
2690.0 120.848992597
2700.0 121.300886506
2710.0 121.752853592
2720.0 122.204895134
2730.0 122.657012421
2740.0 123.109206747
2750.0 123.561479412
2760.0 124.013831725
2770.0 124.466264999
2780.0 124.918780552
2790.0 125.371379708
2800.0 125.824063794
2810.0 126.276834143
2820.0 126.729692088
2830.0 127.182638967
2840.0 127.635676119
2850.0 128.088804886
2860.0 128.542026609
2870.0 128.99534263
2880.0 129.448754291
2890.0 129.902262933
2900.0 130.355869896
2910.0 130.809576516
2920.0 131.263384128
2930.0 131.717294061
2940.0 132.171307643
2950.0 132.625426195
2960.0 133.079651032
2970.0 133.533983463
2980.0 133.98842479
2990.0 134.442976308
3000.0 134.897639302
3010.0 135.352415047
3020.0 135.807304811
3030.0 136.262309847
3040.0 136.717431399
3050.0 137.172670699
3060.0 137.628028962
3070.0 138.083507394
3080.0 138.539107182
3090.0 138.9948295
3100.0 139.450675504
3110.0 139.906646333
3120.0 140.362743109
3130.0 140.818966934
3140.0 141.275318889
3150.0 141.731800039
3160.0 142.188411422
3170.0 142.645154058
3180.0 143.102028944
3190.0 143.559037049
3200.0 144.016179323
3210.0 144.473456688
3220.0 144.930870039
3230.0 145.388420246
3240.0 145.846108151
3250.0 146.303934566
3260.0 146.761900276
3270.0 147.220006034
3280.0 147.678252564
3290.0 148.136640558
3300.0 148.595170676
3310.0 149.053843545
3320.0 149.512659758
3330.0 149.971619875
3340.0 150.430724419
3350.0 150.889973879
3360.0 151.349368709
3370.0 151.808909323
3380.0 152.268596101
3390.0 152.728429382
3400.0 153.188409469
3410.0 153.648536623
3420.0 154.108811068
3430.0 154.569232987
3440.0 155.029802522
3450.0 155.490519773
3460.0 155.951384801
3470.0 156.412397622
3480.0 156.873558212
3490.0 157.334866502
3500.0 157.796322382
3510.0 158.257925697
3520.0 158.71967625
3530.0 159.181573797
3540.0 159.643618052
3550.0 160.105808685
3560.0 160.568145318
3570.0 161.030627532
3580.0 161.493254862
3590.0 161.956026795
3600.0 162.418942775
3610.0 162.882002203
3620.0 163.34520443
3630.0 163.808548765
3640.0 164.272034471
3650.0 164.735660764
3660.0 165.199426819
3670.0 165.663331761
3680.0 166.127374675
3690.0 166.591554597
3700.0 167.055870523
3710.0 167.5203214
3720.0 167.984906135
3730.0 168.449623591
3740.0 168.914472585
3750.0 169.379451894
3760.0 169.844560252
3770.0 170.309796349
3780.0 170.775158838
3790.0 171.240646325
3800.0 171.70625738
3810.0 172.171990532
3820.0 172.63784427
3830.0 173.103817044
3840.0 173.569907267
3850.0 174.036113313
3860.0 174.502433522
3870.0 174.968866195
3880.0 175.4354096
3890.0 175.902061969
3900.0 176.368821503