0.0 0.0
120.0 5.3785472812
121.25 5.43538508492
122.5 5.49219357187
123.75 5.54897347946
125.0 5.60572553861
126.25 5.66245047278
127.5 5.71914899731
128.75 5.77582181862
130.0 5.83246963372
131.25 5.88909312956
132.5 5.94569298262
133.75 6.00226985848
135.0 6.05882441146
136.25 6.11535728433
137.5 6.17186910801
138.75 6.22836050142
140.0 6.28483207125
141.25 6.34128441189
142.5 6.39771810527
143.75 6.45413372082
145.0 6.51053181546
146.25 6.56691293357
147.5 6.62327760698
148.75 6.67962635505
150.0 6.73595968473
151.25 6.7922780906
152.5 6.848582055
155.0 6.9611485282
157.5 7.07366272261
160.0 7.18612806891
162.5 7.29854781541
165.0 7.4109250337
167.5 7.5232626247
170.0 7.63556332499
172.5 7.74782971328
175.0 7.860064217
177.5 7.97226911895
180.0 8.08444656389
182.5 8.19659856506
185.0 8.30872701065
187.5 8.42083367011
190.0 8.53292020025
195.0 8.75703897253
200.0 8.98109455213
205.0 9.20509672356
210.0 9.42905399267
215.0 9.65297373421
220.0 9.87686232574
225.0 10.1007252684
230.0 10.324567295
240.0 10.7722042602
250.0 11.2197991326
260.0 11.6673706814
270.0 12.1149323218
280.0 12.5624934885
290.0 13.0100606786
300.0 13.457638239
310.0 13.9052289566
320.0 14.3528344967
330.0 14.8004557277
340.0 15.2480929591
350.0 15.6957461161
360.0 16.1434148654
370.0 16.5910987062
380.0 17.038797035
390.0 17.4865091913
400.0 17.9342344896
410.0 18.381972241
420.0 18.829721768
430.0 19.277482414
440.0 19.725253549
450.0 20.1730345731
460.0 20.6208249175
470.0 21.0686240453
480.0 21.5164314507
490.0 21.9642466581
500.0 22.4120692205
510.0 22.8598987185
520.0 23.3077347582
530.0 23.7555769699
540.0 24.2034250065
550.0 24.6512785418
560.0 25.0991372695
570.0 25.5470009013
580.0 25.9948691661
590.0 26.4427418087
600.0 26.8906185884
610.0 27.3384992786
620.0 27.7863836653
630.0 28.2342715463
640.0 28.6821627309
650.0 29.1300570384
660.0 29.5779542981
670.0 30.0258543481
680.0 30.4737570352
690.0 30.921662214
700.0 31.3695697464
710.0 31.8174795014
720.0 32.2653913544
730.0 32.7133051867
740.0 33.1612208857
750.0 33.6091383437
760.0 34.0570574582
770.0 34.5049781313
780.0 34.9529002696
790.0 35.4008237837
800.0 35.848748588
810.0 36.2966746006
820.0 36.744601743
830.0 37.1925299398
840.0 37.6404591187
850.0 38.0883892098
860.0 38.5363201463
870.0 38.9842518635
880.0 39.4321842989
890.0 39.8801173925
900.0 40.3280510857
910.0 40.7759853223
920.0 41.2239200475
930.0 41.6718552079
940.0 42.119790752
950.0 42.5677266292
960.0 43.0156627905
970.0 43.4635991877
980.0 43.9115357739
990.0 44.359472503
1000.0 44.8074093297
1010.0 45.2553462096
1020.0 45.7032830988
1030.0 46.1512199541
1040.0 46.5991567327
1050.0 47.0470933923
1060.0 47.495029891
1070.0 47.942966187
1080.0 48.390902239
1090.0 48.8388380055
1100.0 49.2867734452
1110.0 49.7347085168
1120.0 50.1826431791
1130.0 50.6305773904
1140.0 51.0785111091
1150.0 51.5264442932
1160.0 51.9743769004
1170.0 52.422308888
1180.0 52.8702402129
1190.0 53.3181708314
1200.0 53.7661006993
1210.0 54.2140297716
1220.0 54.6619580028
1230.0 55.1098853466
1240.0 55.5578117556
1250.0 56.0057371819
1260.0 56.4536615765
1270.0 56.9015848892
1280.0 57.3495070688
1290.0 57.7974280632
1300.0 58.2453478188
1310.0 58.6932662807
1320.0 59.1411833929
1330.0 59.5890990977
1340.0 60.0370133362
1350.0 60.4849260476
1360.0 60.9328371697
1370.0 61.3807466387
1380.0 61.8286543886
1390.0 62.276560352
1400.0 62.7244644593
1410.0 63.172366639
1420.0 63.6202668175
1430.0 64.068164919
1440.0 64.5160608654
1450.0 64.9639545764
1460.0 65.4118459692
1470.0 65.8597349584
1480.0 66.3076214562
1490.0 66.755505372
1500.0 67.2033866124
1510.0 67.6512650812
1520.0 68.0991406791
1530.0 68.5470133039
1540.0 68.9948828501
1550.0 69.4427492089
1560.0 69.8906122684
1570.0 70.3384719129
1580.0 70.7863280233
1590.0 71.2341804766
1600.0 71.6820291463
1610.0 72.1298739017
1620.0 72.5777146082
1630.0 73.025551127
1640.0 73.4733833152
1650.0 73.9212110251
1660.0 74.3690341049
1670.0 74.816852398
1680.0 75.2646657429
1690.0 75.7124739735
1700.0 76.1602769182
1710.0 76.6080744007
1720.0 77.0558662392
1730.0 77.5036522465
1740.0 77.9514322296
1750.0 78.3992059901
1760.0 78.8469733236
1770.0 79.2947340197
1780.0 79.7424878617
1790.0 80.1902346268
1800.0 80.6379740857
1810.0 81.0857060024
1820.0 81.5334301343
1830.0 81.9811462316
1840.0 82.4288540377
1850.0 82.8765532886
1860.0 83.324243713
1870.0 83.7719250321
1880.0 84.2195969593
1890.0 84.6672592
1900.0 85.1149114517
1910.0 85.5625534038
1920.0 86.0101847371
1930.0 86.4578051241
1940.0 86.9054142283
1950.0 87.3530117045
1960.0 87.8005971986
1970.0 88.248170347
1980.0 88.695730777
1990.0 89.1432781061
2000.0 89.5908119422
2010.0 90.0383318834
2020.0 90.4858375176
2030.0 90.9333284226
2040.0 91.3808041657
2050.0 91.8282643039
2060.0 92.2757083832
2070.0 92.7231359389
2080.0 93.1705464952
2090.0 93.6179395652
2100.0 94.0653146504
2110.0 94.5126712411
2120.0 94.9600088158
2130.0 95.4073268411
2140.0 95.8546247718
2150.0 96.3019020506
2160.0 96.7491581078
2170.0 97.1963923614
2180.0 97.6436042168
2190.0 98.0907930669
2200.0 98.5379582917
2210.0 98.9850992584
2220.0 99.4322153209
2230.0 99.8793058203
2240.0 100.326370084
2250.0 100.773407427
2260.0 101.220417149
2270.0 101.667398539
2280.0 102.114350869
2290.0 102.5612734
2300.0 103.008165377
2310.0 103.455026033
2320.0 103.901854587
2330.0 104.348650243
2340.0 104.79541219
2350.0 105.242139605
2360.0 105.688831651
2370.0 106.135487475
2380.0 106.582106211
2390.0 107.028686979
2400.0 107.475228884
2410.0 107.921731018
2420.0 108.368192457
2430.0 108.814612266
2440.0 109.260989493
2450.0 109.707323172
2460.0 110.153612326
2470.0 110.599855962
2480.0 111.046053073
2490.0 111.492202639
2500.0 111.938303626
2510.0 112.384354986
2520.0 112.83035566
2530.0 113.276304574
2540.0 113.72220064
2550.0 114.168042759
2560.0 114.613829819
2570.0 115.059560695
2580.0 115.505234248
2590.0 115.950849331
2600.0 116.396404782
2610.0 116.841899428
2620.0 117.287332085
2630.0 117.732701557
2640.0 118.17800664
2650.0 118.623246115
2660.0 119.068418758
2670.0 119.51352333
2680.0 119.958558586
2690.0 120.403523271
2700.0 120.848416121
2710.0 121.293235863
2720.0 121.737981218
2730.0 122.182650896
2740.0 122.627243604
2750.0 123.071758038
2760.0 123.516192892
2770.0 123.960546851
2780.0 124.404818596
2790.0 124.849006803
2800.0 125.293110144
2810.0 125.737127286
2820.0 126.181056896
2830.0 126.624897634
2840.0 127.068648162
2850.0 127.512307137
2860.0 127.955873217
2870.0 128.399345059
2880.0 128.842721322
2890.0 129.286000663
2900.0 129.729181744
2910.0 130.172263226
2920.0 130.615243774
2930.0 131.058122059
2940.0 131.500896753
2950.0 131.943566534
2960.0 132.386130087
2970.0 132.828586102
2980.0 133.270933276
2990.0 133.713170315
3000.0 134.155295934
3010.0 134.597308854
3020.0 135.039207811
3030.0 135.480991549
3040.0 135.922658824
3050.0 136.364208405
3060.0 136.805639074
3070.0 137.246949627
3080.0 137.688138875
3090.0 138.129205644
3100.0 138.570148779
3110.0 139.010967139
3120.0 139.451659602
3130.0 139.892225067
3140.0 140.332662449
3150.0 140.772970687
3160.0 141.21314874
3170.0 141.653195588
3180.0 142.093110235
3190.0 142.532891709
3200.0 142.972539063
3210.0 143.412051373
3220.0 143.851427742
3230.0 144.290667302
3240.0 144.729769211
3250.0 145.168732655
3260.0 145.607556849
3270.0 146.04624104
3280.0 146.484784504
3290.0 146.923186548
3300.0 147.361446512
3310.0 147.799563769
3320.0 148.237537726
3330.0 148.675367822
3340.0 149.113053534
3350.0 149.550594371
3360.0 149.987989882
3370.0 150.42523965
3380.0 150.862343296
3390.0 151.29930048
3400.0 151.7361109
3410.0 152.172774293
3420.0 152.609290436
3430.0 153.045659145
3440.0 153.481880279
3450.0 153.917953736
3460.0 154.353879456
3470.0 154.789657421
3480.0 155.225287657
3490.0 155.660770232
3500.0 156.096105255
3510.0 156.53129288
3520.0 156.966333307
3530.0 157.401226777
3540.0 157.835973576
3550.0 158.270574035
3560.0 158.70502853
3570.0 159.139337481
3580.0 159.573501354
3590.0 160.007520659
3600.0 160.441395952
3610.0 160.875127835
3620.0 161.308716953
3630.0 161.742163999
3640.0 162.17546971
3650.0 162.608634867
3660.0 163.041660298
3670.0 163.474546876
3680.0 163.907295517
3690.0 164.339907183
3700.0 164.77238288
3710.0 165.204723659
3720.0 165.636930613
3730.0 166.06900488
3740.0 166.500947642
3750.0 166.932760121
3760.0 167.364443584
3770.0 167.79599934
3780.0 168.227428737
3790.0 168.658733168
3800.0 169.089914062
3810.0 169.520972891
3820.0 169.951911166
3830.0 170.382730436
3840.0 170.813432288
3850.0 171.244018347
3860.0 171.674490275
3870.0 172.104849769
3880.0 172.535098561
3890.0 172.965238419
3900.0 173.395271143