0.0 0.0
30.0 1.62420289218
30.15625 1.6318147119
30.3125 1.63943399166
30.46875 1.64706058958
30.625 1.65469436721
30.78125 1.6623351894
30.9375 1.6699829242
31.09375 1.67763744279
31.25 1.68529861939
31.40625 1.69296633116
31.5625 1.70064045811
31.71875 1.70832088304
31.875 1.71600749147
32.03125 1.72370017152
32.1875 1.73139881389
32.34375 1.73910331176
32.5 1.74681356071
32.65625 1.75452945869
32.8125 1.76225090594
32.96875 1.76997780491
33.125 1.77771006023
33.28125 1.78544757864
33.4375 1.7931902689
33.59375 1.80093804181
33.75 1.80869081008
33.90625 1.81644848834
34.0625 1.82421099306
34.21875 1.83197824247
34.375 1.83975015661
34.53125 1.84752665716
34.6875 1.85530766751
34.84375 1.86309311264
35.0 1.87088291912
35.15625 1.87867701505
35.3125 1.88647533002
35.46875 1.89427779511
35.625 1.90208434278
35.78125 1.90989490691
35.9375 1.91770942273
36.09375 1.92552782677
36.25 1.93335005687
36.40625 1.94117605212
36.5625 1.94900575283
36.875 1.96467603784
37.1875 1.98036045781
37.5 1.99605857644
37.8125 2.01176997437
38.125 2.02749424841
38.4375 2.04323101079
38.75 2.05897988841
39.0625 2.07474052225
39.375 2.09051256665
39.6875 2.10629568877
40.0 2.12208956796
40.3125 2.13789389531
40.625 2.15370837305
40.9375 2.1695327141
41.25 2.1853666416
41.5625 2.20120988852
41.875 2.21706219715
42.1875 2.23292331878
42.5 2.2487930133
42.8125 2.26467104884
43.125 2.28055720144
43.4375 2.29645125471
43.75 2.31235299952
44.0625 2.32826223373
44.375 2.34417876189
44.6875 2.36010239498
45.0 2.37603295014
45.3125 2.39197025048
45.625 2.40791412476
45.9375 2.42386440724
46.25 2.43982093747
46.5625 2.45578356003
46.875 2.47175212438
47.1875 2.4877264847
47.5 2.50370649965
47.8125 2.51969203224
48.125 2.53568294968
48.4375 2.5516791232
48.75 2.56768042791
49.375 2.59969794994
50.0 2.63173458913
50.625 2.66378947255
51.25 2.69586177724
51.875 2.72795072679
52.5 2.76005558818
53.125 2.79217566889
53.75 2.82431031419
54.375 2.85645890472
55.0 2.88862085413
55.625 2.92079560705
56.25 2.95298263705
56.875 2.98518144491
57.5 3.01739155685
58.125 3.04961252306
58.75 3.08184391618
59.375 3.11408532999
60.0 3.14633637815
60.625 3.17859669303
61.25 3.21086592461
61.875 3.24314373949
62.5 3.27542981994
63.125 3.307723863
63.75 3.34002557968
64.375 3.37233469414
65.0 3.40465094304
66.25 3.46930384903
67.5 3.53398241538
68.75 3.59868492016
70.0 3.66340978545
71.25 3.72815556305
72.5 3.79292092178
73.75 3.85770463614
75.0 3.92250557641
76.25 3.98732269965
77.5 4.05215504177
78.75 4.11700171044
80.0 4.18186187868
81.25 4.24673477918
82.5 4.31161969915
83.75 4.37651597568
85.0 4.44142299159
86.25 4.50634017165
87.5 4.57126697918
90.0 4.70114750444
92.5 4.83106093445
95.0 4.96100408279
97.5 5.09097414465
100.0 5.22096864285
102.5 5.35098538255
105.0 5.48102241317
107.5 5.61107799619
110.0 5.74115057787
112.5 5.87123876591
115.0 6.00134130958
117.5 6.13145708265
120.0 6.26158506864
122.5 6.39172434814
125.0 6.52187408778
127.5 6.65203353066
130.0 6.78220198797
132.5 6.91237883173
135.0 7.04256348838
137.5 7.17275543315
140.0 7.30295418508
142.5 7.43315930271
145.0 7.56337038015
147.5 7.69358704367
150.0 7.82380894862
152.5 7.95403577676
155.0 8.08426723378
157.5 8.21450304715
160.0 8.34474296415
162.5 8.47498675017
165.0 8.60523418709
167.5 8.73548507186
170.0 8.86573921525
172.5 8.99599644067
175.0 9.12625658311
177.5 9.25651948821
180.0 9.38678501137
182.5 9.51705301697
185.0 9.64732337763
187.5 9.77759597355
190.0 9.90787069194
192.5 10.0381474264
195.0 10.1684260764
197.5 10.2987065469
200.0 10.4289887478
202.5 10.5592725936
205.0 10.689558003
207.5 10.8198448983
210.0 10.9501332057
212.5 11.0804228542
215.0 11.2107137758
217.5 11.3410059051
220.0 11.471299179
222.5 11.6015935364
225.0 11.731888918
227.5 11.862185266
230.0 11.992482524
232.5 12.1227806365
235.0 12.253079549
237.5 12.3833792075
240.0 12.5136795583
242.5 12.6439805478
245.0 12.7742821225
247.5 12.9045842283
250.0 13.0348868106
252.5 13.1651898141
255.0 13.2954931822
257.5 13.4257968569
260.0 13.5561007787
262.5 13.6864048861
265.0 13.8167091155
267.5 13.9470134006
270.0 14.0773176724
272.5 14.2076218585
275.0 14.3379258831
277.5 14.4682296665
280.0 14.5985331246
282.5 14.7288361685
285.0 14.8591387044
287.5 14.9894406325
290.0 15.1197418471
292.5 15.2500422358
295.0 15.3803416791
297.5 15.5106400496
300.0 15.6409372117
302.5 15.7712330206
305.0 15.9015273219
307.5 16.031819951
310.0 16.1621107318
312.5 16.2923994766
315.0 16.4226859846
317.5 16.5529700416
320.0 16.6832514187
322.5 16.8135298714
325.0 16.9438051386
327.5 17.0740769415
330.0 17.2043449826
332.5 17.3346089441
335.0 17.4648684872
337.5 17.5951232502
340.0 17.7253728476
342.5 17.8556168684
345.0 17.9858548744
347.5 18.1160863992
350.0 18.2463109458
352.5 18.3765279854
355.0 18.5067369552
357.5 18.636937257
360.0 18.7671282545
362.5 18.8973092719
365.0 19.0274795913
367.5 19.1576384508
370.0 19.2877850418
372.5 19.417918507
375.0 19.5480379374
377.5 19.6781423702
380.0 19.8082307856
382.5 19.9383021045
385.0 20.0683551852
387.5 20.1983888207
390.0 20.3284017352
392.5 20.4583925817
395.0 20.5883599376
397.5 20.7183023024
400.0 20.8482180936
402.5 20.9781056432
405.0 21.1079631943
407.5 21.2377888971
410.0 21.3675808049
412.5 21.4973368708
415.0 21.6270549428
417.5 21.7567327606
420.0 21.8863679506
422.5 22.0159580222
425.0 22.1455003633
427.5 22.2749922358
430.0 22.4044307713
432.5 22.5338129666
435.0 22.6631356789
437.5 22.7923956215
440.0 22.9215893591
442.5 23.050713303
445.0 23.1797637065
447.5 23.3087366604
450.0 23.437628088
452.5 23.5664337407
455.0 23.6951491931
457.5 23.8237698387
460.0 23.9522908852
462.5 24.0807073497
465.0 24.2090140548
467.5 24.337205624
470.0 24.4652764771
472.5 24.5932208267
475.0 24.7210326738
477.5 24.8487058039
480.0 24.9762337836
482.5 25.1036099566
485.0 25.2308274408
487.5 25.3578791251
490.0 25.4847576663
492.5 25.6114554864
495.0 25.7379647708
496.25 25.8011462046
497.5 25.8642774653
498.75 25.9273575088
500.0 25.9903852752
501.25 26.05335969
502.5 26.1162796632
503.75 26.1791440894
505.0 26.2419518483
506.25 26.3047018041
507.5 26.3673928057
508.75 26.4300236866
510.0 26.4925932653
511.25 26.5551003447
512.5 26.6175437126
513.75 26.6799221416
515.0 26.742234389
516.25 26.8044791967
517.5 26.866655292
518.75 26.9287613865
520.0 26.9907961772
521.25 27.0527583461
522.5 27.11464656
523.75 27.1764594713
525.0 27.2381957174
526.25 27.2998539212
527.5 27.3614326912
528.75 27.4229306213
530.0 27.4843462912
531.25 27.5456782666
532.5 27.606925099
533.75 27.6680853262
535.0 27.7291574723
536.25 27.7901400478
537.5 27.85103155
538.75 27.9118304629
540.0 27.9725352576
541.25 28.0331443926
542.5 28.0936563137
543.75 28.1540694543
545.0 28.2143822361
546.25 28.2745930686
547.5 28.3347003498
548.75 28.3947024666
550.0 28.4545977946
551.25 28.5143846989
552.5 28.574061534
553.75 28.6336266442
555.0 28.6930783642
556.25 28.7524150188
557.5 28.8116349241
558.75 28.870736387
560.0 28.9297177061
561.25 28.988577172
562.5 29.0473130673
563.75 29.1059236674
565.0 29.1644072409
566.25 29.2227620496
567.5 29.2809863495
568.75 29.3390783905
570.0 29.3970364177
571.25 29.454858671
572.5 29.5125433864
573.75 29.5700887955
575.0 29.627493127
576.25 29.6847546064
577.5 29.7418714569
578.75 29.7988418997
580.0 29.8556641547
581.25 29.912336441
582.5 29.9688569773
583.75 30.0252239826
585.0 30.0814356764
586.25 30.1374902801
587.5 30.1933860164
588.75 30.249121111
590.0 30.3046937923
591.25 30.3601022926
592.5 30.4153448485
593.75 30.4704197015
595.0 30.5253250984
596.25 30.5800592925
597.5 30.6346205436
598.75 30.6890071191
600.0 30.7432172945
601.25 30.7972493538
602.5 30.8511015908
603.75 30.9047723091
605.0 30.958259823
606.25 31.0115624585
607.5 31.0646785534
608.75 31.1176064585
610.0 31.1703445381
611.25 31.2228911707
612.5 31.2752447497
613.75 31.3274036839
615.0 31.3793663988
616.25 31.4311313368
617.5 31.4826969578
618.75 31.5340617406
619.375 31.5596683475
620.0 31.585224183
620.625 31.6107290626
621.25 31.6361828027
621.875 31.6615852215
622.5 31.6869361381
623.125 31.7122353733
623.75 31.737482749
624.375 31.7626780887
625.0 31.7878212172
625.625 31.8129119609
626.25 31.8379501476
626.875 31.8629356064
627.5 31.8878681683
628.125 31.9127476655
628.75 31.937573932
629.375 31.9623468032
630.0 31.9870661163
630.625 32.0117317099
631.25 32.0363434245
631.875 32.060901102
632.5 32.0854045864
633.125 32.109853723
633.75 32.134248359
634.375 32.1585883436
635.0 32.1828735273
635.625 32.207103763
636.25 32.2312789049
636.875 32.2553988093
637.5 32.2794633344
638.125 32.3034723404
638.75 32.327425689
639.375 32.3513232444
640.0 32.3751648723
640.625 32.3989504407
641.25 32.4226798195
641.875 32.4463528805
642.5 32.4699694978
643.125 32.4935295474
643.75 32.5170329074
644.375 32.5404794581
645.0 32.5638690819
645.625 32.5872016634
646.25 32.6104770892
646.875 32.6336952484
647.5 32.6568560322
648.125 32.6799593338
648.75 32.703005049
649.375 32.7259930757
650.0 32.7489233141
650.625 32.771795667
651.25 32.794610039
651.875 32.8173663377
652.5 32.8400644725
653.125 32.8627043556
653.75 32.8852859015
654.375 32.9078090271
655.0 32.9302736518
655.625 32.9526796975
656.25 32.9750270884
656.875 32.9973157516
657.5 33.0195456164
658.125 33.0417166148
658.75 33.0638286814
659.375 33.0858817532
660.0 33.1078757701
660.625 33.1298106743
661.25 33.1516864109
661.875 33.1735029276
662.5 33.1952601747
663.125 33.2169581052
663.75 33.2385966749
664.375 33.2601758422
665.0 33.2816955684
665.625 33.3031558174
666.25 33.324556556
666.875 33.3458977536
667.5 33.3671793828
668.125 33.3884014185
668.75 33.4095638388
669.375 33.4306666245
670.0 33.4517097593
670.625 33.4726932299
671.25 33.4936170257
671.875 33.514481139
672.5 33.5352855652
673.125 33.5560303025
673.75 33.5767153521
674.375 33.5973407181
675.0 33.6179064076
675.625 33.6384124307
676.25 33.6588588005
676.875 33.679245533
677.5 33.6995726474
678.125 33.7198401659
678.75 33.7400481135
679.375 33.7601965185
680.0 33.7802854122
680.625 33.8003148289
681.25 33.8202848062
681.875 33.8401953844
682.5 33.8600466072
683.125 33.8798385214
683.75 33.8995711768
684.375 33.9192446264
685.0 33.9388589263
685.625 33.9584141357
686.25 33.9779103171
686.875 33.9973475359
687.5 34.0167258609
688.125 34.036045364
688.75 34.0553061202
689.375 34.0745082078
690.0 34.0936517082
690.625 34.112736706
691.25 34.131763289
691.875 34.1507315482
692.5 34.1696415779
693.125 34.1884934755
693.75 34.2072873416
694.375 34.2260232801
695.0 34.2447013981
695.625 34.2633218058
696.25 34.2818846169
696.875 34.3003899479
697.5 34.3188379191
698.125 34.3372286534
698.75 34.3555622775
699.375 34.3738389209
700.0 34.3920587167
700.625 34.4102218008
701.25 34.4283283127
701.875 34.4463783951
702.5 34.4643721936
703.125 34.4823098575
703.75 34.500191539
704.375 34.5180173936
705.0 34.5357875801
705.625 34.5535022604
706.25 34.5711615997
706.875 34.5887657663
707.5 34.6063149321
708.125 34.6238092716
708.75 34.6412489629
709.375 34.6586341873
710.0 34.6759651292
710.625 34.6932419761
711.25 34.7104649188
711.875 34.7276341513
712.5 34.7447498706
713.125 34.7618122771
713.75 34.7788215742
714.375 34.7957779684
715.0 34.8126816695
715.625 34.8295328903
716.25 34.8463318469
716.875 34.8630787581
717.5 34.8797738464
718.125 34.8964173368
718.75 34.9130094579
719.375 34.929550441
720.0 34.9460405205
720.625 34.9624799342
721.25 34.9788689225
721.875 34.9952077291
722.5 35.0114966006
723.125 35.0277357867
723.75 35.0439255399
724.375 35.0600661159
725.0 35.0761577732
725.625 35.0922007733
726.25 35.1081953808
726.875 35.124141863
727.5 35.1400404902
728.125 35.1558915354
728.75 35.1716952749
729.375 35.1874519875
730.0 35.2031619549
730.625 35.2188254617
731.25 35.2344427953
731.875 35.250014246
732.5 35.2655401065
733.125 35.2810206727
733.75 35.296456243
734.375 35.3118471186
735.0 35.3271936033
735.625 35.3424960036
736.25 35.3577546289
736.875 35.3729697908
737.5 35.388141804
738.125 35.4032709854
738.75 35.4183576548
739.375 35.4334021342
740.0 35.4484047486
740.625 35.463365825
741.25 35.4782856934
741.875 35.4931646858
742.5 35.5080031369
743.125 35.5228013839
743.75 35.5375597662
744.375 35.5522786257
745.0 35.5669583065
745.625 35.5815991552
746.25 35.5962015206
746.875 35.6107657539
747.5 35.6252922084
748.125 35.6397812396
748.75 35.6542332053
749.375 35.6686484655
750.0 35.6830273822
750.625 35.6973703197
751.25 35.7116776442
751.875 35.7259497241
752.5 35.7401869297
753.75 35.7685582096
755.0 35.7967944863
756.25 35.824898793
757.5 35.8528741921
758.75 35.880723775
760.0 35.9084506606
761.25 35.9360579941
762.5 35.9635489463
763.75 35.9909267123
765.0 36.0181945105
766.25 36.0453555811
767.5 36.0724134814
768.75 36.0993710881
770.0 36.1262319402
771.25 36.1529993635
772.5 36.1796767031
773.75 36.2062673225
775.0 36.2327746022
776.25 36.2592019387
777.5 36.2855527434
778.75 36.3118304411
780.0 36.338038469
781.25 36.3641802758
782.5 36.3902593201
783.75 36.4162790694
785.0 36.4422429993
786.25 36.4681545917
787.5 36.4940173342
788.75 36.5198347189
790.0 36.5456102407
791.25 36.5713473971
792.5 36.5970496861
795.0 36.6483636533
797.5 36.6995801044
800.0 36.7507269454
802.5 36.8018319902
805.0 36.8529229263
807.5 36.9040272794
810.0 36.9551723798