0.0 0.0
120.0 4.50984638722
120.625 4.53230410415
121.25 4.55477057412
122.5 4.59972908381
123.75 4.64472058233
125.0 4.68974380411
126.25 4.73479754785
127.5 4.77988067259
128.75 4.8249920942
130.0 4.87013078193
131.25 4.91529575535
132.5 4.9604860814
133.75 5.00570087167
135.0 5.05093927983
136.25 5.09620049927
137.5 5.14148376088
138.75 5.18678833093
140.0 5.23211350913
141.25 5.27745862681
142.5 5.32282304517
143.75 5.36820615372
145.0 5.41360736872
146.25 5.45902613178
147.5 5.50446190852
148.75 5.54991418731
150.0 5.59538247813
151.25 5.64086631139
152.5 5.68636523694
153.75 5.73187882309
155.0 5.77740665562
156.25 5.82294833698
157.5 5.86850348542
158.75 5.91407173424
160.0 5.95965273102
161.25 6.00524613698
162.5 6.05085162626
165.0 6.14209761254
167.5 6.23338831957
170.0 6.3247215481
172.5 6.41609525446
175.0 6.50750753677
177.5 6.59895662244
180.0 6.69044085698
182.5 6.78195869399
185.0 6.87350868599
187.5 6.96508947628
190.0 7.05669979148
192.5 7.14833843485
195.0 7.24000428017
197.5 7.33169626626
200.0 7.42341339194
202.5 7.51515471149
205.0 7.6069193305
207.5 7.69870640207
210.0 7.79051512338
212.5 7.88234473255
215.0 7.97419450574
217.5 8.06606375453
220.0 8.15795182351
222.5 8.24985808808
225.0 8.34178195237
230.0 8.52568022957
235.0 8.70964239649
240.0 8.89366454998
245.0 9.07774310097
250.0 9.26187473914
255.0 9.44605640268
260.0 9.63028525225
265.0 9.81455864852
270.0 9.99887413266
275.0 10.1832294094
280.0 10.3676223324
285.0 10.5520508907
290.0 10.7365131982
295.0 10.9210074825
300.0 11.1055320768
305.0 11.2900854114
310.0 11.4746660067
315.0 11.6592724668
320.0 11.8439034736
330.0 12.2132342132
340.0 12.5826490504
350.0 12.9521397656
360.0 13.3216989824
370.0 13.6913200722
380.0 14.0609970718
390.0 14.4307246126
400.0 14.8004978582
410.0 15.1703124494
420.0 15.5401644561
430.0 15.9100503337
440.0 16.2799668852
450.0 16.649911226
460.0 17.0198807535
470.0 17.3898731194
480.0 17.759886204
490.0 18.1299180947
500.0 18.4999670647
510.0 18.8700315551
520.0 19.2401101587
530.0 19.6102016045
540.0 19.9803047445
550.0 20.3504185417
560.0 20.7205420588
570.0 21.0906744487
580.0 21.4608149455
590.0 21.830962856
600.0 22.2011175533
610.0 22.5712784696
620.0 22.9414450906
630.0 23.3116169501
640.0 23.6817936256
650.0 24.0519747332
660.0 24.4221599247
670.0 24.7923488836
680.0 25.162541322
690.0 25.5327369778
700.0 25.9029356122
710.0 26.2731370078
720.0 26.6433409657
730.0 27.0135473045
740.0 27.3837558582
750.0 27.753966475
760.0 28.1241790154
770.0 28.4943933517
780.0 28.8646093666
790.0 29.2348269521
800.0 29.6050460086
810.0 29.9752664447
820.0 30.3454881756
830.0 30.715711123
840.0 31.0859352146
850.0 31.4561603833
860.0 31.8263865666
870.0 32.1966137068
880.0 32.5668417499
890.0 32.9370706457
900.0 33.3073003474
910.0 33.6775308111
920.0 34.0477619958
930.0 34.4179938631
940.0 34.7882263771
950.0 35.1584595037
960.0 35.5286932112
970.0 35.8989274695
980.0 36.2691622503
990.0 36.6393975268
1000.0 37.0096332738
1010.0 37.3798694671
1020.0 37.7501060841
1030.0 38.1203431032
1040.0 38.4905805038
1050.0 38.8608182663
1060.0 39.2310563721
1070.0 39.6012948035
1080.0 39.9715335433
1090.0 40.3417725754
1100.0 40.712011884
1110.0 41.0822514543
1120.0 41.4524912718
1130.0 41.8227313228
1140.0 42.1929715939
1150.0 42.5632120723
1160.0 42.9334527455
1170.0 43.3036936017
1180.0 43.6739346293
1190.0 44.0441758169
1200.0 44.4144171538
1210.0 44.7846586293
1220.0 45.1549002332
1230.0 45.5251419554
1240.0 45.8953837863
1250.0 46.2656257163
1260.0 46.635867736
1270.0 47.0061098365
1280.0 47.3763520087
1290.0 47.746594244
1300.0 48.1168365337
1310.0 48.4870788695
1320.0 48.857321243
1330.0 49.2275636461
1340.0 49.5978060707
1350.0 49.9680485088
1360.0 50.3382909525
1370.0 50.7085333942
1380.0 51.078775826
1390.0 51.4490182403
1400.0 51.8192606295
1410.0 52.189502986
1420.0 52.5597453024
1430.0 52.9299875711
1440.0 53.3002297847
1450.0 53.6704719357
1460.0 54.0407140168
1470.0 54.4109560204
1480.0 54.7811979391
1490.0 55.1514397655
1500.0 55.5216814921
1510.0 55.8919231114
1520.0 56.2621646159
1530.0 56.6324059981
1540.0 57.0026472504
1550.0 57.3728883651
1560.0 57.7431293345
1570.0 58.1133701509
1580.0 58.4836108066
1590.0 58.8538512936
1600.0 59.224091604
1610.0 59.5943317299
1620.0 59.964571663
1630.0 60.3348113953
1640.0 60.7050509185
1650.0 61.0752902242
1660.0 61.4455293039
1670.0 61.8157681492
1680.0 62.1860067513
1690.0 62.5562451016
1700.0 62.926483191
1710.0 63.2967210106
1720.0 63.6669585512
1730.0 64.0371958037
1740.0 64.4074327586
1750.0 64.7776694063
1760.0 65.1479057373
1770.0 65.5181417417
1780.0 65.8883774096
1790.0 66.2586127308
1800.0 66.6288476951
1810.0 66.9990822921
1820.0 67.3693165112
1830.0 67.7395503416
1840.0 68.1097837725
1850.0 68.4800167927
1860.0 68.8502493909
1870.0 69.2204815558
1880.0 69.5907132756
1890.0 69.9609445386
1900.0 70.3311753327
1910.0 70.7014056457
1920.0 71.0716354652
1930.0 71.4418647785
1940.0 71.8120935729
1950.0 72.1823218353
1960.0 72.5525495525
1970.0 72.9227767109
1980.0 73.293003297
1990.0 73.6632292967
2000.0 74.033454696
2010.0 74.4036794804
2020.0 74.7739036354
2030.0 75.1441271461
2040.0 75.5143499975
2050.0 75.8845721741
2060.0 76.2547936605
2070.0 76.6250144407
2080.0 76.9952344987
2090.0 77.3654538182
2100.0 77.7356723826
2110.0 78.1058901749
2120.0 78.476107178
2130.0 78.8463233746
2140.0 79.2165387469
2150.0 79.586753277
2160.0 79.9569669466
2170.0 80.3271797373
2180.0 80.6973916302
2190.0 81.0676026063
2200.0 81.437812646
2210.0 81.8080217299
2220.0 82.1782298378
2230.0 82.5484369496
2240.0 82.9186430446
2250.0 83.2888481019
2260.0 83.6590521004
2270.0 84.0292550186
2280.0 84.3994568346
2290.0 84.7696575264
2300.0 85.1398570714
2310.0 85.5100554469
2320.0 85.8802526299
2330.0 86.2504485969
2340.0 86.6206433241
2350.0 86.9908367876
2360.0 87.3610289629
2370.0 87.7312198254
2380.0 88.1014093499
2390.0 88.471597511
2400.0 88.841784283
2410.0 89.2119696399
2420.0 89.5821535553
2430.0 89.9523360024
2440.0 90.322516954
2450.0 90.6926963828
2460.0 91.062874261
2470.0 91.4330505604
2480.0 91.8032252527
2490.0 92.1733983088
2500.0 92.5435696997
2510.0 92.9137393959
2520.0 93.2839073675
2530.0 93.6540735842
2540.0 94.0242380154
2550.0 94.3944006303
2560.0 94.7645613975
2570.0 95.1347202855
2580.0 95.5048772622
2590.0 95.8750322953
2600.0 96.2451853521
2610.0 96.6153363995
2620.0 96.9854854042
2630.0 97.3556323325
2640.0 97.7257771502
2650.0 98.0959198229
2660.0 98.4660603158
2670.0 98.8361985938
2680.0 99.2063346214
2690.0 99.5764683627
2700.0 99.9465997817
2710.0 100.316728842
2720.0 100.686855506
2730.0 101.056979738
2740.0 101.427101499
2750.0 101.797220751
2760.0 102.167337458
2770.0 102.537451579
2780.0 102.907563076
2790.0 103.277671911
2800.0 103.647778043
2810.0 104.017881433
2820.0 104.38798204
2830.0 104.758079825
2840.0 105.128174747
2850.0 105.498266764
2860.0 105.868355835
2870.0 106.238441918
2880.0 106.608524973
2890.0 106.978604956
2900.0 107.348681825
2910.0 107.718755538
2920.0 108.08882605
2930.0 108.45889332
2940.0 108.828957303
2950.0 109.199017956
2960.0 109.569075235
2970.0 109.939129095
2980.0 110.309179491
2990.0 110.67922638
3000.0 111.049269716
3010.0 111.419309454
3020.0 111.789345548
3030.0 112.159377953
3040.0 112.529406623
3050.0 112.899431513
3060.0 113.269452575
3070.0 113.639469763
3080.0 114.009483031
3090.0 114.379492333
3100.0 114.74949762
3110.0 115.119498847
3120.0 115.489495967
3130.0 115.859488931
3140.0 116.229477692
3150.0 116.599462204
3160.0 116.969442418
3170.0 117.339418286
3180.0 117.709389762
3190.0 118.079356796
3200.0 118.449319342
3210.0 118.819277351
3220.0 119.189230775
3230.0 119.559179566
3240.0 119.929123676
3250.0 120.299063057
3260.0 120.66899766
3270.0 121.038927438
3280.0 121.408852343
3290.0 121.778772326
3300.0 122.14868734
3310.0 122.518597337
3320.0 122.888502268
3330.0 123.258402086
3340.0 123.628296743
3350.0 123.998186191
3360.0 124.368070384
3370.0 124.737949273
3380.0 125.107822811
3390.0 125.477690952
3400.0 125.847553648
3410.0 126.217410852
3420.0 126.587262518
3430.0 126.957108599
3440.0 127.326949049
3450.0 127.696783823
3460.0 128.066612874
3470.0 128.436436157
3480.0 128.806253626
3490.0 129.176065238
3500.0 129.545870946
3510.0 129.915670707
3520.0 130.285464477
3530.0 130.655252211
3540.0 131.025033868
3550.0 131.394809402
3560.0 131.764578773
3570.0 132.134341937
3580.0 132.504098853
3590.0 132.873849479
3600.0 133.243593774
3610.0 133.613331698
3620.0 133.98306321
3630.0 134.352788271
3640.0 134.722506842
3650.0 135.092218883
3660.0 135.461924357
3670.0 135.831623227
3680.0 136.201315454
3690.0 136.571001002
3700.0 136.940679836
3710.0 137.310351919
3720.0 137.680017218
3730.0 138.049675697
3740.0 138.419327324
3750.0 138.788972065
3760.0 139.158609887
3770.0 139.52824076
3780.0 139.897864652
3790.0 140.267481533
3800.0 140.637091373
3810.0 141.006694143
3820.0 141.376289816
3830.0 141.745878364
3840.0 142.115459759
3850.0 142.485033977
3860.0 142.854600992
3870.0 143.22416078
3880.0 143.593713317
3890.0 143.96325858
3900.0 144.332796548
3910.0 144.7023272
3920.0 145.071850515
3930.0 145.441366475
3940.0 145.81087506
3950.0 146.180376253
3960.0 146.549870038
3970.0 146.919356398
3980.0 147.28883532
3990.0 147.658306788
4000.0 148.027770791
4010.0 148.397227316
4020.0 148.766676352
4030.0 149.136117888
4040.0 149.505551917
4050.0 149.87497843
4060.0 150.24439742
4070.0 150.61380888
4080.0 150.983212806
4090.0 151.352609194
4100.0 151.72199804
4110.0 152.091379343
4120.0 152.460753102
4130.0 152.830119317
4140.0 153.19947799
4150.0 153.568829122
4160.0 153.938172717
4170.0 154.307508779
4180.0 154.676837315
4190.0 155.04615833
4200.0 155.415471833
4210.0 155.784777832
4220.0 156.154076337
4230.0 156.52336736
4240.0 156.892650912
4250.0 157.261927007
4260.0 157.63119566
4270.0 158.000456886
4280.0 158.369710702
4290.0 158.738957125
4300.0 159.108196176
4310.0 159.477427873
4320.0 159.846652238
4330.0 160.215869294
4340.0 160.585079064
4350.0 160.954281574
4360.0 161.323476848
4370.0 161.692664914
4380.0 162.061845801
4390.0 162.431019536
4400.0 162.800186152
4410.0 163.169345679
4420.0 163.538498151
4430.0 163.9076436
4440.0 164.276782063
4450.0 164.645913575
4460.0 165.015038174
4470.0 165.384155898
4480.0 165.753266786
4490.0 166.12237088
4500.0 166.49146822
4510.0 166.86055885
4520.0 167.229642814
4530.0 167.598720157
4540.0 167.967790924
4550.0 168.336855164
4560.0 168.705912924
4570.0 169.074964254
4580.0 169.444009204
4590.0 169.813047825
4600.0 170.182080171
4610.0 170.551106294
4620.0 170.92012625
4630.0 171.289140093
4640.0 171.658147881
4650.0 172.027149671
4660.0 172.396145521
4670.0 172.765135491
4680.0 173.134119642
4690.0 173.503098035
4700.0 173.872070732
4710.0 174.241037796
4720.0 174.609999293
4730.0 174.978955286
4740.0 175.347905842
4750.0 175.716851028
4760.0 176.085790911
4770.0 176.45472556
4780.0 176.823655044
4790.0 177.192579434
4800.0 177.5614988
4810.0 177.930413215
4820.0 178.29932275
4830.0 178.668227479
4840.0 179.037127476
4850.0 179.406022815
4860.0 179.774913572
4870.0 180.143799823
4880.0 180.512681645
4890.0 180.881559124
4900.0 181.250432324
4910.0 181.619301332
4920.0 181.988166226
4930.0 182.357027088
4940.0 182.725883996
4950.0 183.094737033
4960.0 183.46358628
4970.0 183.832431818
4980.0 184.201273731
4990.0 184.570112101
5000.0 184.938947012
5010.0 185.307778548
5020.0 185.676606794
5030.0 186.045431834
5040.0 186.414253753
5050.0 186.783072637
5060.0 187.151888573
5070.0 187.520701645
5080.0 187.889511941
5090.0 188.258319548
5100.0 188.627124552
5110.0 188.995927041
5120.0 189.364727102
5130.0 189.733524824
5140.0 190.102320294
5150.0 190.4711136
5160.0 190.839904831
5170.0 191.208694074
5180.0 191.577481418
5190.0 191.946266952
5200.0 192.315050765
5210.0 192.683832944
5220.0 193.052613579
5230.0 193.421392757
5240.0 193.790170569
5250.0 194.158947101
5260.0 194.527722443
5270.0 194.896496683
5280.0 195.265269909
5290.0 195.634042209
5300.0 196.002813672
5310.0 196.371584384
5320.0 196.740354434
5330.0 197.109123909
5340.0 197.477892897
5350.0 197.846661483
5360.0 198.215429755
5370.0 198.584197799
5380.0 198.952965701
5390.0 199.321733547
5400.0 199.690501422
5410.0 200.059269411
5420.0 200.428037599
5430.0 200.79680607
5440.0 201.165574908
5450.0 201.534344196
5460.0 201.903114017
5470.0 202.271884453
5480.0 202.640655587
5490.0 203.009427499
5500.0 203.378200271
5510.0 203.746973984
5520.0 204.115748716
5530.0 204.484524547
5540.0 204.853301556
5550.0 205.22207982
5560.0 205.590859418
5570.0 205.959640426
5580.0 206.328422919
5590.0 206.697206974
5600.0 207.065992665
5610.0 207.434780066
5620.0 207.803569251
5630.0 208.172360292
5640.0 208.541153261
5650.0 208.909948229
5660.0 209.278745267
5670.0 209.647544444
5680.0 210.016345829
5690.0 210.38514949
5700.0 210.753955494
5710.0 211.122763907
5720.0 211.491574795
5730.0 211.860388223
5740.0 212.229204255
5750.0 212.598022953
5760.0 212.966844379
5770.0 213.335668595
5780.0 213.704495661
5790.0 214.073325637
5800.0 214.44215858
5810.0 214.810994549
5820.0 215.1798336