0.0 0.0
120.0 4.5057574593
120.625 4.52819387974
121.25 4.55063905321
122.5 4.5955549699
123.75 4.64050387543
125.0 4.68548450422
126.25 4.73049565496
127.5 4.77553618672
128.75 4.82060501533
130.0 4.86570111007
131.25 4.9108234905
132.5 4.95597122356
133.75 5.00114342083
135.0 5.04633923599
136.25 5.09155786245
137.5 5.13679853106
138.75 5.18206050812
140.0 5.22734309333
141.25 5.27264561801
142.5 5.31796744338
143.75 5.36330795894
145.0 5.40866658095
146.25 5.45404275101
147.5 5.49943593475
148.75 5.54484562056
150.0 5.59027131838
151.25 5.63571255864
152.5 5.68116889121
153.75 5.72663988436
155.0 5.7721251239
156.25 5.81762421226
157.5 5.86313676772
158.75 5.90866242354
160.0 5.95420082733
161.25 5.99975164029
162.5 6.04531453658
165.0 6.13647533688
167.5 6.22768085792
170.0 6.31892890046
172.5 6.41021742084
175.0 6.50154451717
177.5 6.59290841684
180.0 6.6843074654
182.5 6.77574011642
185.0 6.86720492244
187.5 6.95870052674
190.0 7.05022565596
192.5 7.14177911334
195.0 7.23335977267
197.5 7.32496657278
200.0 7.41659851247
202.5 7.50825464604
205.0 7.59993407906
207.5 7.69163596464
210.0 7.78335949997
212.5 7.87510392315
215.0 7.96686851036
217.5 8.05865257316
220.0 8.15045545616
222.5 8.24227653474
225.0 8.33411521305
230.0 8.51784311827
235.0 8.70163491322
240.0 8.88548669474
245.0 9.06939487376
250.0 9.25335613996
255.0 9.43736743153
260.0 9.62142590913
265.0 9.80552893342
270.0 9.98967404559
275.0 10.1738589504
280.0 10.3580815013
285.0 10.5423396877
290.0 10.7266316232
295.0 10.9109555356
300.0 11.0953097579
305.0 11.2796927206
310.0 11.4641029439
315.0 11.648539032
320.0 11.8329996668
330.0 12.2019896624
340.0 12.5710637557
350.0 12.940213727
360.0 13.3094321999
370.0 13.6787125457
380.0 14.0480488013
390.0 14.4174355982
400.0 14.7868680998
410.0 15.1563419471
420.0 15.5258532098
430.0 15.8953983436
440.0 16.2649741511
450.0 16.6345777479
460.0 17.0042065315
470.0 17.3738581534
480.0 17.7435304942
490.0 18.1132216409
500.0 18.4829298669
510.0 18.8526536134
520.0 19.2223914731
530.0 19.5921421749
540.0 19.961904571
550.0 20.3316776242
560.0 20.7014603974
570.0 21.0712520434
580.0 21.4410517961
590.0 21.8108589628
600.0 22.1806729161
610.0 22.5504930885
620.0 22.9203189655
630.0 23.2901500811
640.0 23.6599860126
650.0 24.0298263763
660.0 24.3996708239
670.0 24.7695190388
680.0 25.1393707332
690.0 25.5092256451
700.0 25.8790835356
710.0 26.2489441872
720.0 26.6188074012
730.0 26.988672996
740.0 27.3585408058
750.0 27.7284106786
760.0 28.0982824751
770.0 28.4681560675
780.0 28.8380313384
790.0 29.2079081799
800.0 29.5777864926
810.0 29.9476661847
820.0 30.3175471716
830.0 30.6874293751
840.0 31.0573127228
850.0 31.4271971475
860.0 31.7970825869
870.0 32.1669689831
880.0 32.5368562823
890.0 32.9067444342
900.0 33.2766333919
910.0 33.6465231116
920.0 34.0164135524
930.0 34.3863046758
940.0 34.7561964458
950.0 35.1260888285
960.0 35.495981792
970.0 35.8658753064
980.0 36.2357693433
990.0 36.6056638758
1000.0 36.9755588788
1010.0 37.3454543282
1020.0 37.7153502013
1030.0 38.0852464764
1040.0 38.455143133
1050.0 38.8250401516
1060.0 39.1949375135
1070.0 39.5648352009
1080.0 39.9347331968
1090.0 40.3046314849
1100.0 40.6745300496
1110.0 41.044428876
1120.0 41.4143279496
1130.0 41.7842272566
1140.0 42.1541267837
1150.0 42.5240265182
1160.0 42.8939264475
1170.0 43.2638265598
1180.0 43.6337268433
1190.0 44.003627287
1200.0 44.37352788
1210.0 44.7434286115
1220.0 45.1133294715
1230.0 45.4832304498
1240.0 45.8531315367
1250.0 46.2230327228
1260.0 46.5929339986
1270.0 46.9628353551
1280.0 47.3327367834
1290.0 47.7026382747
1300.0 48.0725398205
1310.0 48.4424414123
1320.0 48.8123430419
1330.0 49.182244701
1340.0 49.5521463817
1350.0 49.9220480758
1360.0 50.2919497756
1370.0 50.6618514733
1380.0 51.0317531612
1390.0 51.4016548316
1400.0 51.7715564768
1410.0 52.1414580894
1420.0 52.5113596618
1430.0 52.8812611866
1440.0 53.2511626563
1450.0 53.6210640634
1460.0 53.9909654004
1470.0 54.3608666601
1480.0 54.7307678349
1490.0 55.1006689173
1500.0 55.4705699
1510.0 55.8404707753
1520.0 56.2103715359
1530.0 56.5802721742
1540.0 56.9501726825
1550.0 57.3200730532
1560.0 57.6899732787
1570.0 58.0598733512
1580.0 58.4297732629
1590.0 58.799673006
1600.0 59.1695725725
1610.0 59.5394719544
1620.0 59.9093711436
1630.0 60.2792701319
1640.0 60.6491689112
1650.0 61.0190674729
1660.0 61.3889658087
1670.0 61.7588639101
1680.0 62.1287617682
1690.0 62.4986593745
1700.0 62.86855672
1710.0 63.2384537956
1720.0 63.6083505924
1730.0 63.9782471009
1740.0 64.3481433118
1750.0 64.7180392156
1760.0 65.0879348027
1770.0 65.4578300631
1780.0 65.827724987
1790.0 66.1976195643
1800.0 66.5675137847
1810.0 66.9374076378
1820.0 67.3073011129
1830.0 67.6771941994
1840.0 68.0470868863
1850.0 68.4169791626
1860.0 68.7868710169
1870.0 69.1567624378
1880.0 69.5266534137
1890.0 69.8965439327
1900.0 70.2664339828
1910.0 70.6363235519
1920.0 71.0062126274
1930.0 71.3761011968
1940.0 71.7459892473
1950.0 72.1158767657
1960.0 72.485763739
1970.0 72.8556501535
1980.0 73.2255359956
1990.0 73.5954212514
2000.0 73.9653059067
2010.0 74.3351899472
2020.0 74.7050733582
2030.0 75.074956125
2040.0 75.4448382324
2050.0 75.8147196651
2060.0 76.1846004075
2070.0 76.5544804438
2080.0 76.9243597579
2090.0 77.2942383334
2100.0 77.6641161538
2110.0 78.0339932022
2120.0 78.4038694614
2130.0 78.773744914
2140.0 79.1436195424
2150.0 79.5134933285
2160.0 79.8833662542
2170.0 80.253238301
2180.0 80.6231094499
2190.0 80.992979682
2200.0 81.3628489779
2210.0 81.7327173178
2220.0 82.1025846818
2230.0 82.4724510496
2240.0 82.8423164007
2250.0 83.2121807141
2260.0 83.5820439686
2270.0 83.9519061428
2280.0 84.3217672149
2290.0 84.6916271627
2300.0 85.0614859638
2310.0 85.4313435954
2320.0 85.8012000344
2330.0 86.1710552574
2340.0 86.5409092408
2350.0 86.9107619603
2360.0 87.2806133917
2370.0 87.6504635102
2380.0 88.0203122907
2390.0 88.3901597079
2400.0 88.760005736
2410.0 89.129850349
2420.0 89.4996935204
2430.0 89.8695352235
2440.0 90.2393754312
2450.0 90.6092141161
2460.0 90.9790512503
2470.0 91.3488868058
2480.0 91.7187207541
2490.0 92.0885530663
2500.0 92.4583837133
2510.0 92.8282126655
2520.0 93.1980398931
2530.0 93.5678653659
2540.0 93.9376890532
2550.0 94.3075109241
2560.0 94.6773309474
2570.0 95.0471490914
2580.0 95.4169653242
2590.0 95.7867796133
2600.0 96.1565919262
2610.0 96.5264022297
2620.0 96.8962104904
2630.0 97.2660166748
2640.0 97.6358207485
2650.0 98.0056226773
2660.0 98.3754224262
2670.0 98.7452199603
2680.0 99.1150152439
2690.0 99.4848082413
2700.0 99.8545989164
2710.0 100.224387233
2720.0 100.594173153
2730.0 100.96395664
2740.0 101.333737657
2750.0 101.703516166
2760.0 102.073292129
2770.0 102.443065506
2780.0 102.812836259
2790.0 103.18260435
2800.0 103.552369738
2810.0 103.922132384
2820.0 104.291892248
2830.0 104.661649289
2840.0 105.031403466
2850.0 105.401154739
2860.0 105.770903066
2870.0 106.140648406
2880.0 106.510390717
2890.0 106.880129956
2900.0 107.249866081
2910.0 107.619599049
2920.0 107.989328818
2930.0 108.359055344
2940.0 108.728778583
2950.0 109.098498492
2960.0 109.468215027
2970.0 109.837928143
2980.0 110.207637796
2990.0 110.577343941
3000.0 110.947046533
3010.0 111.316745526
3020.0 111.686440877
3030.0 112.056132538
3040.0 112.425820464
3050.0 112.795504609
3060.0 113.165184927
3070.0 113.534861372
3080.0 113.904533896
3090.0 114.274202453
3100.0 114.643866997
3110.0 115.01352748
3120.0 115.383183856
3130.0 115.752836076
3140.0 116.122484093
3150.0 116.492127861
3160.0 116.861767331
3170.0 117.231402456
3180.0 117.601033187
3190.0 117.970659478
3200.0 118.34028128
3210.0 118.709898544
3220.0 119.079511224
3230.0 119.449119271
3240.0 119.818722637
3250.0 120.188321274
3260.0 120.557915134
3270.0 120.927504168
3280.0 121.297088329
3290.0 121.666667568
3300.0 122.036241838
3310.0 122.405811091
3320.0 122.775375278
3330.0 123.144934352
3340.0 123.514488265
3350.0 123.88403697
3360.0 124.253580418
3370.0 124.623118563
3380.0 124.992651358
3390.0 125.362178754
3400.0 125.731700706
3410.0 126.101217166
3420.0 126.470728088
3430.0 126.840233426
3440.0 127.209733132
3450.0 127.579227162
3460.0 127.948715469
3470.0 128.318198008
3480.0 128.687674733
3490.0 129.057145601
3500.0 129.426610565
3510.0 129.796069582
3520.0 130.165522608
3530.0 130.534969599
3540.0 130.904410511
3550.0 131.273845302
3560.0 131.643273928
3570.0 132.012696348
3580.0 132.38211252
3590.0 132.751522402
3600.0 133.120925954
3610.0 133.490323134
3620.0 133.859713902
3630.0 134.229098219
3640.0 134.598476046
3650.0 134.967847343
3660.0 135.337212073
3670.0 135.706570199
3680.0 136.075921682
3690.0 136.445266486
3700.0 136.814604576
3710.0 137.183935916
3720.0 137.55326047
3730.0 137.922578206
3740.0 138.291889088
3750.0 138.661193085
3760.0 139.030490164
3770.0 139.399780293
3780.0 139.769063441
3790.0 140.138339578
3800.0 140.507608674
3810.0 140.8768707
3820.0 141.246125629
3830.0 141.615373433
3840.0 141.984614084
3850.0 142.353847558
3860.0 142.723073829
3870.0 143.092292873
3880.0 143.461504666
3890.0 143.830709186
3900.0 144.19990641
3910.0 144.569096318
3920.0 144.938278889
3930.0 145.307454104
3940.0 145.676621946
3950.0 146.045782395
3960.0 146.414935436
3970.0 146.784081052
3980.0 147.15321923
3990.0 147.522349954
4000.0 147.891473213
4010.0 148.260588994
4020.0 148.629697286
4030.0 148.998798079
4040.0 149.367891363
4050.0 149.736977132
4060.0 150.106055378
4070.0 150.475126094
4080.0 150.844189276
4090.0 151.21324492
4100.0 151.582293023
4110.0 151.951333582
4120.0 152.320366597
4130.0 152.689392068
4140.0 153.058409997
4150.0 153.427420385
4160.0 153.796423236
4170.0 154.165418554
4180.0 154.534406346
4190.0 154.903386617
4200.0 155.272359376
4210.0 155.641324631
4220.0 156.010282392
4230.0 156.379232671
4240.0 156.748175479
4250.0 157.117110831
4260.0 157.48603874
4270.0 157.854959222
4280.0 158.223872293
4290.0 158.592777973
4300.0 158.961676279
4310.0 159.330567232
4320.0 159.699450854
4330.0 160.068327166
4340.0 160.437196192
4350.0 160.806057958
4360.0 161.174912488
4370.0 161.54375981
4380.0 161.912599953
4390.0 162.281432945
4400.0 162.650258816
4410.0 163.0190776
4420.0 163.387889327
4430.0 163.756694033
4440.0 164.125491752
4450.0 164.49428252
4460.0 164.863066375
4470.0 165.231843354
4480.0 165.600613499
4490.0 165.969376848
4500.0 166.338133445
4510.0 166.706883331
4520.0 167.075626551
4530.0 167.44436315
4540.0 167.813093173
4550.0 168.181816669
4560.0 168.550533685
4570.0 168.919244271
4580.0 169.287948477
4590.0 169.656646354
4600.0 170.025337956
4610.0 170.394023336
4620.0 170.762702547
4630.0 171.131375647
4640.0 171.500042691
4650.0 171.868703737
4660.0 172.237358843
4670.0 172.606008069
4680.0 172.974651476
4690.0 173.343289125
4700.0 173.711921078
4710.0 174.080547398
4720.0 174.449168151
4730.0 174.8177834
4740.0 175.186393212
4750.0 175.554997654
4760.0 175.923596793
4770.0 176.292190698
4780.0 176.660779439
4790.0 177.029363085
4800.0 177.397941707
4810.0 177.766515377
4820.0 178.135084168
4830.0 178.503648154
4840.0 178.872207406
4850.0 179.240762002
4860.0 179.609312015
4870.0 179.977857522
4880.0 180.346398599
4890.0 180.714935335
4900.0 181.083467791
4910.0 181.451996055
4920.0 181.820520205
4930.0 182.189040323
4940.0 182.557556487
4950.0 182.92606878
4960.0 183.294577283
4970.0 183.663082077
4980.0 184.031583246
4990.0 184.400080872
5000.0 184.76857504
5010.0 185.137065832
5020.0 185.505553334
5030.0 185.87403763
5040.0 186.242518805
5050.0 186.610996945
5060.0 186.979472137
5070.0 187.347944465
5080.0 187.716414017
5090.0 188.08488088
5100.0 188.45334514
5110.0 188.821806885
5120.0 189.190266203
5130.0 189.55872318
5140.0 189.927177906
5150.0 190.295630468
5160.0 190.664080955
5170.0 191.032529454
5180.0 191.400976055
5190.0 191.769420845
5200.0 192.137863914
5210.0 192.506305349
5220.0 192.87474524
5230.0 193.243183674
5240.0 193.611620742
5250.0 193.98005653
5260.0 194.348491128
5270.0 194.716924624
5280.0 195.085357106
5290.0 195.453788662
5300.0 195.822219381
5310.0 196.19064935
5320.0 196.559078656
5330.0 196.927507387
5340.0 197.29593563
5350.0 197.664363472
5360.0 198.032791001
5370.0 198.401218301
5380.0 198.769645459
5390.0 199.138072561
5400.0 199.506499692
5410.0 199.874926937
5420.0 200.243354381
5430.0 200.611782108
5440.0 200.980210202
5450.0 201.348638746
5460.0 201.717067823
5470.0 202.085497515
5480.0 202.453927905
5490.0 202.822359074
5500.0 203.190791102
5510.0 203.55922407
5520.0 203.927658058
5530.0 204.296093146
5540.0 204.66452941
5550.0 205.032966931
5560.0 205.401405785
5570.0 205.769846048
5580.0 206.138287798
5590.0 206.506731109
5600.0 206.875176056
5610.0 207.243622713
5620.0 207.612071154
5630.0 207.980521451
5640.0 208.348973676
5650.0 208.717427901
5660.0 209.085884195
5670.0 209.454342628
5680.0 209.822803268
5690.0 210.191266185
5700.0 210.559731445
5710.0 210.928199115
5720.0 211.296669259
5730.0 211.665141943
5740.0 212.033617231
5750.0 212.402095185
5760.0 212.770575867
5770.0 213.139059339
5780.0 213.507545661
5790.0 213.876034893
5800.0 214.244527092
5810.0 214.613022317
5820.0 214.981520624