0.0 0.0
120.0 5.39194879381
121.25 5.44892619662
122.5 5.50587428265
123.75 5.56279378934
125.0 5.61968544757
126.25 5.67654998084
127.5 5.73338810445
128.75 5.79020052486
130.0 5.84698793904
131.25 5.90375103397
132.5 5.96049048612
133.75 6.01720696107
135.0 6.07390111314
136.25 6.1305735851
137.5 6.18722500787
138.75 6.24385600037
140.0 6.30046716929
141.25 6.35705910902
142.5 6.41363240148
143.75 6.47018761613
145.0 6.52672530986
146.25 6.58324602705
147.5 6.63975029955
148.75 6.69623864672
150.0 6.75271157548
151.25 6.80916958044
152.5 6.86561314394
155.0 6.97845881532
157.5 7.0912522079
160.0 7.20399675238
162.5 7.31669569706
165.0 7.42935211353
167.5 7.54196890272
170.0 7.65454880118
172.5 7.76709438765
175.0 7.87960808955
177.5 7.99209218968
180.0 8.10454883279
182.5 8.21698003214
185.0 8.32938767592
187.5 8.44177353355
190.0 8.55413926187
195.0 8.77881643051
200.0 9.00343040647
205.0 9.22799097426
210.0 9.45250663973
215.0 9.67698477763
220.0 9.90143176552
225.0 10.1258531045
230.0 10.3502535275
240.0 10.7990072854
250.0 11.2477189506
260.0 11.696407292
270.0 12.1450857252
280.0 12.5937636846
290.0 13.0424476674
300.0 13.4911420205
310.0 13.9398495308
320.0 14.3885718637
330.0 14.8373098874
340.0 15.2860639115
350.0 15.7348338612
360.0 16.1836194032
370.0 16.6324200367
380.0 17.0812351583
390.0 17.5300641073
400.0 17.9789061983
410.0 18.4277607424
420.0 18.8766270621
430.0 19.3255045008
440.0 19.7743924286
450.0 20.2232902454
460.0 20.6721973825
470.0 21.121113303
480.0 21.5700375011
490.0 22.0189695012
500.0 22.4679088563
510.0 22.9168551471
520.0 23.3658079795
530.0 23.8147669839
540.0 24.2637318132
550.0 24.7127021412
560.0 25.1616776616
570.0 25.6106580862
580.0 26.0596431437
590.0 26.508632579
600.0 26.9576261515
610.0 27.4066236344
620.0 27.8556248137
630.0 28.3046294875
640.0 28.7536374648
650.0 29.202648565
660.0 29.6516626174
670.0 30.1006794602
680.0 30.54969894
690.0 30.9987209115
700.0 31.4477452366
710.0 31.8967717843
720.0 32.34580043
730.0 32.7948310551
740.0 33.2438635468
750.0 33.6928977975
760.0 34.1419337047
770.0 34.5909711705
780.0 35.0400101015
790.0 35.4890504083
800.0 35.9380920053
810.0 36.3871348107
820.0 36.8361787458
830.0 37.2852237353
840.0 37.7342697069
850.0 38.1833165908
860.0 38.63236432
870.0 39.0814128298
880.0 39.530462058
890.0 39.9795119443
900.0 40.4285624303
910.0 40.8776134596
920.0 41.3266649774
930.0 41.7757169306
940.0 42.2247692674
950.0 42.6738219373
960.0 43.1228748913
970.0 43.5719280813
980.0 44.0209814602
990.0 44.470034982
1000.0 44.9190886015
1010.0 45.368142274
1020.0 45.8171959559
1030.0 46.2662496039
1040.0 46.7153031752
1050.0 47.1643566276
1060.0 47.613409919
1070.0 48.0624630078
1080.0 48.5115158524
1090.0 48.9605684116
1100.0 49.4096206441
1110.0 49.8586725084
1120.0 50.3077239634
1130.0 50.7567749674
1140.0 51.2058254788
1150.0 51.6548754557
1160.0 52.1039248556
1170.0 52.5529736359
1180.0 53.0020217535
1190.0 53.4510691647
1200.0 53.9001158253
1210.0 54.3491616904
1220.0 54.7982067143
1230.0 55.2472508508
1240.0 55.6962940525
1250.0 56.1453362716
1260.0 56.5943774588
1270.0 57.0434175642
1280.0 57.4924565366
1290.0 57.9414943237
1300.0 58.390530872
1310.0 58.8395661266
1320.0 59.2886000315
1330.0 59.7376325291
1340.0 60.1866635603
1350.0 60.6356930644
1360.0 61.0847209793
1370.0 61.5337472409
1380.0 61.9827717836
1390.0 62.4317945397
1400.0 62.8808154397
1410.0 63.3298344121
1420.0 63.7788513833
1430.0 64.2278662775
1440.0 64.6768790167
1450.0 65.1258895204
1460.0 65.5748977058
1470.0 66.0239034878
1480.0 66.4729067783
1490.0 66.9219074868
1500.0 67.37090552
1510.0 67.8199007814
1520.0 68.2688931721
1530.0 68.7178825896
1540.0 69.1668689285
1550.0 69.6158520801
1560.0 70.0648319323
1570.0 70.5138083695
1580.0 70.9627812725
1590.0 71.4117505186
1600.0 71.860715981
1610.0 72.3096775291
1620.0 72.7586350283
1630.0 73.2075883399
1640.0 73.6565373207
1650.0 74.1054818234
1660.0 74.554421696
1670.0 75.0033567817
1680.0 75.4522869194
1690.0 75.9012119426
1700.0 76.3501316801
1710.0 76.7990459554
1720.0 77.2479545866
1730.0 77.6968573865
1740.0 78.1457541624
1750.0 78.5946447156
1760.0 79.0435288418
1770.0 79.4924063306
1780.0 79.9412769653
1790.0 80.3901405232
1800.0 80.8389967748
1810.0 81.2878454842
1820.0 81.7366864088
1830.0 82.1855192988
1840.0 82.6343438976
1850.0 83.0831599412
1860.0 83.5319671584
1870.0 83.9807652702
1880.0 84.4295539901
1890.0 84.8783330235
1900.0 85.3271020679
1910.0 85.7758608127
1920.0 86.2246089388
1930.0 86.6733461184
1940.0 87.1220720154
1950.0 87.5707862844
1960.0 88.0194885712
1970.0 88.4681785123
1980.0 88.916855735
1990.0 89.3655198568
2000.0 89.8141704856
2010.0 90.2628072195
2020.0 90.7114296464
2030.0 91.1600373441
2040.0 91.60862988
2050.0 92.0572068109
2060.0 92.505767683
2070.0 92.9543120314
2080.0 93.4028393804
2090.0 93.851349243
2100.0 94.299841121
2110.0 94.7483145044
2120.0 95.1967688718
2130.0 95.6452036898
2140.0 96.0936184133
2150.0 96.5420124848
2160.0 96.9903853347
2170.0 97.438736381
2180.0 97.8870650291
2190.0 98.335370672
2200.0 98.7836526895
2210.0 99.2319104488
2220.0 99.6801433041
2230.0 100.128350596
2240.0 100.576531653
2250.0 101.024685788
2260.0 101.472812303
2270.0 101.920910486
2280.0 102.368979608
2290.0 102.817018932
2300.0 103.265027702
2310.0 103.713005151
2320.0 104.160950498
2330.0 104.608862946
2340.0 105.056741686
2350.0 105.504585894
2360.0 105.952394732
2370.0 106.400167349
2380.0 106.847902878
2390.0 107.295600439
2400.0 107.743259136
2410.0 108.190878063
2420.0 108.638456295
2430.0 109.085992896
2440.0 109.533486916
2450.0 109.980937388
2460.0 110.428343335
2470.0 110.875703763
2480.0 111.323017667
2490.0 111.770284025
2500.0 112.217501805
2510.0 112.664669958
2520.0 113.111787425
2530.0 113.558853131
2540.0 114.00586599
2550.0 114.452824902
2560.0 114.899728755
2570.0 115.346576423
2580.0 115.793366769
2590.0 116.240098645
2600.0 116.686770888
2610.0 117.133382327
2620.0 117.579931777
2630.0 118.026418042
2640.0 118.472839917
2650.0 118.919196185
2660.0 119.36548562
2670.0 119.811706985
2680.0 120.257859034
2690.0 120.703940512
2700.0 121.149950155
2710.0 121.59588669
2720.0 122.041748837
2730.0 122.487535308
2740.0 122.933244808
2750.0 123.378876035
2760.0 123.824427682
2770.0 124.269898433
2780.0 124.715286971
2790.0 125.160591971
2800.0 125.605812104
2810.0 126.05094604
2820.0 126.495992442
2830.0 126.940949973
2840.0 127.385817293
2850.0 127.830593061
2860.0 128.275275934
2870.0 128.719864569
2880.0 129.164357624
2890.0 129.608753758
2900.0 130.053051632
2910.0 130.497249906
2920.0 130.941347248
2930.0 131.385342325
2940.0 131.829233812
2950.0 132.273020386
2960.0 132.716700732
2970.0 133.160273539
2980.0 133.603737506
2990.0 134.047091338
3000.0 134.490333749
3010.0 134.933463462
3020.0 135.376479212
3030.0 135.819379742
3040.0 136.26216381
3050.0 136.704830184
3060.0 137.147377645
3070.0 137.589804991
3080.0 138.032111031
3090.0 138.474294594
3100.0 138.916354521
3110.0 139.358289674
3120.0 139.80009893
3130.0 140.241781187
3140.0 140.683335362
3150.0 141.124760393
3160.0 141.566055238
3170.0 142.007218879
3180.0 142.448250319
3190.0 142.889148586
3200.0 143.329912732
3210.0 143.770541835
3220.0 144.211034997
3230.0 144.65139135
3240.0 145.091610052
3250.0 145.531690288
3260.0 145.971631275
3270.0 146.411432259
3280.0 146.851092515
3290.0 147.290611352
3300.0 147.729988109
3310.0 148.169222159
3320.0 148.608312908
3330.0 149.047259797
3340.0 149.486062301
3350.0 149.924719931
3360.0 150.363232235
3370.0 150.801598795
3380.0 151.239819234
3390.0 151.677893211
3400.0 152.115820424
3410.0 152.55360061
3420.0 152.991233545
3430.0 153.428719047
3440.0 153.866056974
3450.0 154.303247223
3460.0 154.740289736
3470.0 155.177184494
3480.0 155.613931523
3490.0 156.05053089
3500.0 156.486982705
3510.0 156.923287124
3520.0 157.359444344
3530.0 157.795454606
3540.0 158.231318198
3550.0 158.66703545
3560.0 159.102606737
3570.0 159.538032481
3580.0 159.973313147
3590.0 160.408449245
3600.0 160.843441331
3610.0 161.278290006
3620.0 161.712995917
3630.0 162.147559756
3640.0 162.581982259
3650.0 163.016264209
3660.0 163.450406433
3670.0 163.884409803
3680.0 164.318275237
3690.0 164.752003695
3700.0 165.185596185
3710.0 165.619053757
3720.0 166.052377504
3730.0 166.485568564
3740.0 166.918628118
3750.0 167.35155739
3760.0 167.784357646
3770.0 168.217030194
3780.0 168.649576385
3790.0 169.081997607
3800.0 169.514295294
3810.0 169.946470916
3820.0 170.378525984
3830.0 170.810462046
3840.0 171.242280691
3850.0 171.673983543
3860.0 172.105572264
3870.0 172.537048551
3880.0 172.968414136
3890.0 173.399670786
3900.0 173.830820303