0.0 0.0
120.0 5.4144453584
121.25 5.47165719611
122.5 5.52883971923
123.75 5.5859936652
125.0 5.64311976492
126.25 5.70021874189
127.5 5.75729131143
128.75 5.81433817998
130.0 5.87136004455
131.25 5.9283575921
132.5 5.98533149913
133.75 6.04228243121
135.0 6.09921104268
136.25 6.1561179763
137.5 6.21300386302
138.75 6.26986932175
140.0 6.3267149592
141.25 6.38354136975
142.5 6.44034913534
143.75 6.49713882544
145.0 6.55391099694
146.25 6.61066619424
147.5 6.66740494917
148.75 6.72412778112
150.0 6.78083519703
151.25 6.83752769149
152.5 6.89420574685
153.75 6.95086983332
155.0 7.0075204091
156.25 7.06415792051
157.5 7.12078280212
158.75 7.17739547697
160.0 7.23399635667
162.5 7.34716432111
165.0 7.46028976709
167.5 7.5733755956
170.0 7.68642454327
172.5 7.79943918889
175.0 7.91242195994
177.5 8.0253751393
180.0 8.13830087177
182.5 8.25120117068
185.0 8.36407792428
187.5 8.47693290208
190.0 8.58976776095
192.5 8.70258405118
195.0 8.81538322216
197.5 8.92816662805
200.0 9.04093553309
202.5 9.15369111676
205.0 9.26643447878
210.0 9.49188856563
215.0 9.71730516895
220.0 9.94269066686
225.0 10.168050561
230.0 10.393389585
235.0 10.6187118006
240.0 10.8440206843
245.0 11.0693192029
250.0 11.2946098809
260.0 11.7451759485
270.0 12.1957323078
280.0 12.646288398
290.0 13.0968507216
300.0 13.5474236308
310.0 13.9980099179
320.0 14.4486112536
330.0 14.899228512
340.0 15.3498620085
350.0 15.8005116741
360.0 16.2511771816
370.0 16.7018580364
380.0 17.1525536412
390.0 17.6032633422
400.0 18.0539864603
410.0 18.5047223134
420.0 18.9554702312
430.0 19.406229564
440.0 19.8569996891
450.0 20.3077800141
460.0 20.7585699778
470.0 21.209369051
480.0 21.6601767361
490.0 22.1109925655
500.0 22.5618161007
510.0 23.0126469309
520.0 23.4634846709
530.0 23.9143289602
540.0 24.3651794607
550.0 24.8160358558
560.0 25.2668978489
570.0 25.7177651617
580.0 26.1686375333
590.0 26.6195147188
600.0 27.0703964884
610.0 27.5212826264
620.0 27.9721729301
630.0 28.423067209
640.0 28.873965284
650.0 29.324866987
660.0 29.7757721595
670.0 30.2266806527
680.0 30.6775923264
690.0 31.1285070488
700.0 31.5794246958
710.0 32.0303451507
720.0 32.4812683035
730.0 32.9321940508
740.0 33.3831222952
750.0 33.8340529453
760.0 34.2849859149
770.0 34.735921123
780.0 35.1868584935
790.0 35.6377979549
800.0 36.0887394401
810.0 36.5396828861
820.0 36.9906282337
830.0 37.4415754278
840.0 37.8925244165
850.0 38.3434751515
860.0 38.7944275877
870.0 39.2453816829
880.0 39.6963373981
890.0 40.1472946971
900.0 40.5982535463
910.0 41.0492139146
920.0 41.5001757737
930.0 41.9511390973
940.0 42.4021038618
950.0 42.8530700456
960.0 43.3040376293
970.0 43.7550065955
980.0 44.205976929
990.0 44.6569486164
1000.0 45.1079216462
1010.0 45.5588960089
1020.0 46.0098716966
1030.0 46.4608487033
1040.0 46.9118270248
1050.0 47.3628066583
1060.0 47.8137876031
1070.0 48.2647698598
1080.0 48.7157534307
1090.0 49.1667383198
1100.0 49.6177245326
1110.0 50.0687120762
1120.0 50.5197009592
1130.0 50.9706911918
1140.0 51.4216827859
1150.0 51.8726757547
1160.0 52.3236701132
1170.0 52.7746658778
1180.0 53.2256630664
1190.0 53.6766616988
1200.0 54.1276617961
1210.0 54.578663381
1220.0 55.029666478
1230.0 55.4806711132
1240.0 55.9316773142
1250.0 56.3826851106
1260.0 56.8336945334
1270.0 57.2847056155
1280.0 57.7357183916
1290.0 58.1867328981
1300.0 58.6377491734
1310.0 59.0887672576
1320.0 59.539787193
1330.0 59.9908090235
1340.0 60.4418327953
1350.0 60.8928585565
1360.0 61.3438863575
1370.0 61.7949162506
1380.0 62.2459482906
1390.0 62.6969825343
1400.0 63.148019041
1410.0 63.5990578723
1420.0 64.0500990924
1430.0 64.5011427678
1440.0 64.9521889677
1450.0 65.4032377639
1460.0 65.8542892312
1470.0 66.3053434467
1480.0 66.7564004908
1490.0 67.2074604466
1500.0 67.6585234005
1510.0 68.1095894417
1520.0 68.5606586629
1530.0 69.0117311598
1540.0 69.4628070318
1550.0 69.9138863814
1560.0 70.3649693151
1570.0 70.8160559428
1580.0 71.2671463781
1590.0 71.7182407387
1600.0 72.1693391462
1610.0 72.6204417262
1620.0 73.0715486084
1630.0 73.5226599272
1640.0 73.973775821
1650.0 74.4248964328
1660.0 74.8760219105
1670.0 75.3271524066
1680.0 75.7782880784
1690.0 76.2294290883
1700.0 76.6805756039
1710.0 77.1317277981
1720.0 77.5828858491
1730.0 78.0340499406
1740.0 78.4852202621
1750.0 78.9363970089
1760.0 79.3875803822
1770.0 79.8387705894
1780.0 80.2899678439
1790.0 80.7411723657
1800.0 81.1923843813
1810.0 81.6436041239
1820.0 82.0948318334
1830.0 82.5460677568
1840.0 82.9973121483
1850.0 83.4485652692
1860.0 83.8998273883
1870.0 84.3510987823
1880.0 84.8023797353
1890.0 85.2536705394
1900.0 85.7049714951
1910.0 86.1562829107
1920.0 86.6076051033
1930.0 87.0589383984
1940.0 87.5102831302
1950.0 87.9616396421
1960.0 88.4130082862
1970.0 88.8643894241
1980.0 89.3157834268
1990.0 89.7671906748
2000.0 90.2186115584
2010.0 90.6700464779
2020.0 91.1214958435
2030.0 91.5729600757
2040.0 92.0244396056
2050.0 92.4759348746
2060.0 92.927446335
2070.0 93.3789744501
2080.0 93.830519694
2090.0 94.2820825523
2100.0 94.7336635218
2110.0 95.1852631108
2120.0 95.6368818395
2130.0 96.0885202396
2140.0 96.5401788552
2150.0 96.9918582423
2160.0 97.4435589691
2170.0 97.8952816163
2180.0 98.3470267773
2190.0 98.7987950578
2200.0 99.2505870768
2210.0 99.7024034657
2220.0 100.154244869
2230.0 100.606111946
2240.0 101.058005366
2250.0 101.509925814
2260.0 101.961873989
2270.0 102.413850602
2280.0 102.865856378
2290.0 103.317892056
2300.0 103.769958389
2310.0 104.222056144
2320.0 104.674186102
2330.0 105.126349056
2340.0 105.578545816
2350.0 106.030777205
2360.0 106.483044059
2370.0 106.93534723
2380.0 107.387687582
2390.0 107.840065996
2400.0 108.292483365
2410.0 108.744940596
2420.0 109.197438612
2430.0 109.649978348
2440.0 110.102560754
2450.0 110.555186796
2460.0 111.007857449
2470.0 111.460573708
2480.0 111.913336576
2490.0 112.366147074
2500.0 112.819006235
2510.0 113.271915104
2520.0 113.724874743
2530.0 114.177886223
2540.0 114.630950632
2550.0 115.084069067
2560.0 115.537242642
2570.0 115.990472479
2580.0 116.443759715
2590.0 116.8971055
2600.0 117.350510993
2610.0 117.803977366
2620.0 118.257505804
2630.0 118.7110975
2640.0 119.164753661
2650.0 119.618475501
2660.0 120.072264247
2670.0 120.526121135
2680.0 120.98004741
2690.0 121.434044327
2700.0 121.88811315
2710.0 122.342255149
2720.0 122.796471605
2730.0 123.250763805
2740.0 123.705133044
2750.0 124.159580623
2760.0 124.61410785
2770.0 125.068716037
2780.0 125.523406504
2790.0 125.978180573
2800.0 126.433039573
2810.0 126.887984835
2820.0 127.343017693
2830.0 127.798139486
2840.0 128.253351552
2850.0 128.708655232
2860.0 129.164051868
2870.0 129.619542803
2880.0 130.075129377
2890.0 130.530812933
2900.0 130.986594809
2910.0 131.442476343
2920.0 131.898458868
2930.0 132.354543715
2940.0 132.810732211
2950.0 133.267025676
2960.0 133.723425426
2970.0 134.179932771
2980.0 134.636549012
2990.0 135.093275443
3000.0 135.55011335
3010.0 136.007064009
3020.0 136.464128686
3030.0 136.921308636
3040.0 137.378605102
3050.0 137.836019315
3060.0 138.293552492
3070.0 138.751205837
3080.0 139.208980539
3090.0 139.66687777
3100.0 140.124898688
3110.0 140.58304443
3120.0 141.041316119
3130.0 141.499714857
3140.0 141.958241727
3150.0 142.416897789
3160.0 142.875684086
3170.0 143.334601636
3180.0 143.793651435
3190.0 144.252834454
3200.0 144.712151642
3210.0 145.17160392
3220.0 145.631192185
3230.0 146.090917305
3240.0 146.550780123
3250.0 147.010781452
3260.0 147.470922075
3270.0 147.931202747
3280.0 148.39162419
3290.0 148.852187098
3300.0 149.31289213
3310.0 149.773739912
3320.0 150.234731038
3330.0 150.695866068
3340.0 151.157145526
3350.0 151.6185699
3360.0 152.080139643
3370.0 152.541855171
3380.0 153.003716862
3390.0 153.465725057
3400.0 153.927880057
3410.0 154.390182125
3420.0 154.852631483
3430.0 155.315228316
3440.0 155.777972764
3450.0 156.240864929
3460.0 156.70390487
3470.0 157.167092605
3480.0 157.630428108
3490.0 158.093911312
3500.0 158.557542105
3510.0 159.021320334
3520.0 159.4852458
3530.0 159.949318261
3540.0 160.413537429
3550.0 160.877902975
3560.0 161.342414522
3570.0 161.80707165
3580.0 162.271873893
3590.0 162.736820739
3600.0 163.201911634
3610.0 163.667145974
3620.0 164.132523115
3630.0 164.598042364
3640.0 165.063702983
3650.0 165.52950419
3660.0 165.995445158
3670.0 166.461525014
3680.0 166.927742841
3690.0 167.394097677
3700.0 167.860588516
3710.0 168.327214307
3720.0 168.793973955
3730.0 169.260866324
3740.0 169.727890232
3750.0 170.195044454
3760.0 170.662327726
3770.0 171.129738737
3780.0 171.597276139
3790.0 172.06493854
3800.0 172.532724508
3810.0 173.000632574
3820.0 173.468661225
3830.0 173.936808912
3840.0 174.405074049
3850.0 174.873455009
3860.0 175.341950131
3870.0 175.810557717
3880.0 176.279276036
3890.0 176.748103319
3900.0 177.217037766