0.0 0.0
120.0 4.52094962821
120.625 4.54346517523
121.25 4.56598947529
122.5 4.61106364519
123.75 4.65617080396
125.0 4.70130968603
126.25 4.74647909008
127.5 4.79167787519
128.75 4.83690495719
130.0 4.88215930535
131.25 4.92743993924
132.5 4.9727459258
133.75 5.01807637661
135.0 5.06343044535
136.25 5.10880732541
137.5 5.15420624768
138.75 5.19962647842
140.0 5.24506731736
141.25 5.29052809581
142.5 5.33600817499
143.75 5.38150694439
145.0 5.42702382028
146.25 5.47255824427
147.5 5.51810968198
148.75 5.56367762179
150.0 5.60926157365
151.25 5.65486106801
152.5 5.7004756547
153.75 5.74610490202
155.0 5.79174839577
156.25 5.8374057384
157.5 5.88307654814
158.75 5.9287604583
160.0 5.97445711648
161.25 6.02016618386
162.5 6.06588733462
165.0 6.15736464398
167.5 6.24888667427
170.0 6.34045122623
172.5 6.43205625621
175.0 6.52369986232
177.5 6.61538027197
180.0 6.70709583068
182.5 6.79884499205
185.0 6.8906263086
187.5 6.98243842364
190.0 7.07428006378
192.5 7.16615003229
195.0 7.25804720295
197.5 7.34997051458
200.0 7.44191896602
202.5 7.53389161153
205.0 7.62588755671
207.5 7.71790595466
210.0 7.80994600257
212.5 7.90200693855
215.0 7.99408803878
217.5 8.08618861483
220.0 8.17830801131
222.5 8.27044560359
225.0 8.36260079583
230.0 8.54696172962
235.0 8.73138655411
240.0 8.91587136614
245.0 9.10041257667
250.0 9.28500687542
255.0 9.46965120058
260.0 9.65434271285
265.0 9.83907877291
270.0 10.023856922
275.0 10.2086748648
280.0 10.393530455
285.0 10.5784216818
290.0 10.763346659
295.0 10.9483036143
300.0 11.1332908808
305.0 11.318306889
310.0 11.5033501592
315.0 11.6884192956
320.0 11.87351298
330.0 12.2437690794
340.0 12.6141092823
350.0 12.9845253696
360.0 13.3550099651
370.0 13.7255564403
380.0 14.0961588326
390.0 14.4668117736
400.0 14.8375104271
410.0 15.2082504344
420.0 15.5790278657
430.0 15.9498391768
440.0 16.320681171
450.0 16.6915509642
460.0 17.0624459541
470.0 17.4333637928
480.0 17.8043023613
490.0 18.1752597472
500.0 18.5462342241
510.0 18.917224234
520.0 19.2882283698
530.0 19.6592453612
540.0 20.0302740607
550.0 20.4013134319
560.0 20.7723625381
570.0 21.1434205328
580.0 21.5144866506
590.0 21.8855601992
600.0 22.2566405522
610.0 22.6277271426
620.0 22.9988194567
630.0 23.3699170293
640.0 23.7410194383
650.0 24.1121263009
660.0 24.4832372697
670.0 24.8543520289
680.0 25.2254702916
690.0 25.5965917967
700.0 25.9677163063
710.0 26.3388436038
720.0 26.7099734916
730.0 27.0811057892
740.0 27.4522403318
750.0 27.8233769684
760.0 28.1945155611
770.0 28.5656559833
780.0 28.9367981187
790.0 29.3079418607
800.0 29.6790871112
810.0 30.0502337799
820.0 30.4213817835
830.0 30.7925310454
840.0 31.1636814945
850.0 31.5348330652
860.0 31.905985697
870.0 32.2771393335
880.0 32.6482939225
890.0 33.0194494156
900.0 33.3906057677
910.0 33.761762937
920.0 34.1329208842
930.0 34.5040795731
940.0 34.8752389696
950.0 35.246399042
960.0 35.6175597606
970.0 35.9887210976
980.0 36.359883027
990.0 36.7310455244
1000.0 37.102208567
1010.0 37.4733721332
1020.0 37.8445362031
1030.0 38.2157007576
1040.0 38.5868657789
1050.0 38.9580312504
1060.0 39.3291971564
1070.0 39.700363482
1080.0 40.0715302134
1090.0 40.4426973375
1100.0 40.8138648419
1110.0 41.1850327151
1120.0 41.5562009461
1130.0 41.9273695248
1140.0 42.2985384416
1150.0 42.6697076872
1160.0 43.0408772534
1170.0 43.4120471321
1180.0 43.7832173158
1190.0 44.1543877976
1200.0 44.5255585709
1210.0 44.8967296296
1220.0 45.2679009681
1230.0 45.639072581
1240.0 46.0102444634
1250.0 46.3814166109
1260.0 46.7525890192
1270.0 47.1237616844
1280.0 47.4949346032
1290.0 47.8661077722
1300.0 48.2372811885
1310.0 48.6084548497
1320.0 48.9796287533
1330.0 49.3508028974
1340.0 49.7219772802
1350.0 50.0931519002
1360.0 50.4643267561
1370.0 50.8355018471
1380.0 51.2066771724
1390.0 51.5778527314
1400.0 51.9490285239
1410.0 52.32020455
1420.0 52.6913808098
1430.0 53.0625573037
1440.0 53.4337340325
1450.0 53.8049109969
1460.0 54.176088198
1470.0 54.5472656372
1480.0 54.918443316
1490.0 55.289621236
1500.0 55.6607993993
1510.0 56.0319778078
1520.0 56.403156464
1530.0 56.7743353704
1540.0 57.1455145297
1550.0 57.5166939448
1560.0 57.8878736189
1570.0 58.2590535553
1580.0 58.6302337575
1590.0 59.0014142292
1600.0 59.3725949744
1610.0 59.7437759972
1620.0 60.1149573019
1630.0 60.4861388929
1640.0 60.8573207751
1650.0 61.2285029533
1660.0 61.5996854327
1670.0 61.9708682184
1680.0 62.3420513162
1690.0 62.7132347316
1700.0 63.0844184706
1710.0 63.4556025393
1720.0 63.826786944
1730.0 64.1979716913
1740.0 64.569156788
1750.0 64.9403422408
1760.0 65.3115280571
1770.0 65.6827142442
1780.0 66.0539008096
1790.0 66.4250877612
1800.0 66.796275107
1810.0 67.1674628552
1820.0 67.5386510143
1830.0 67.909839593
1840.0 68.2810286002
1850.0 68.652218045
1860.0 69.0234079367
1870.0 69.394598285
1880.0 69.7657890997
1890.0 70.1369803908
1900.0 70.5081721687
1910.0 70.8793644439
1920.0 71.2505572271
1930.0 71.6217505294
1940.0 71.9929443621
1950.0 72.3641387366
1960.0 72.7353336648
1970.0 73.1065291586
1980.0 73.4777252304
1990.0 73.8489218926
2000.0 74.2201191582
2010.0 74.59131704
2020.0 74.9625155515
2030.0 75.3337147063
2040.0 75.7049145182
2050.0 76.0761150013
2060.0 76.4473161701
2070.0 76.8185180393
2080.0 77.1897206238
2090.0 77.5609239388
2100.0 77.932128
2110.0 78.3033328232
2120.0 78.6745384243
2130.0 79.04574482
2140.0 79.4169520268
2150.0 79.7881600619
2160.0 80.1593689423
2170.0 80.5305786859
2180.0 80.9017893105
2190.0 81.2730008343
2200.0 81.6442132758
2210.0 82.015426654
2220.0 82.3866409878
2230.0 82.7578562969
2240.0 83.1290726009
2250.0 83.50028992
2260.0 83.8715082747
2270.0 84.2427276856
2280.0 84.6139481739
2290.0 84.985169761
2300.0 85.3563924686
2310.0 85.7276163188
2320.0 86.098841334
2330.0 86.4700675369
2340.0 86.8412949507
2350.0 87.2125235987
2360.0 87.5837535048
2370.0 87.954984693
2380.0 88.3262171878
2390.0 88.697451014
2400.0 89.0686861967
2410.0 89.4399227615
2420.0 89.8111607342
2430.0 90.182400141
2440.0 90.5536410084
2450.0 90.9248833634
2460.0 91.2961272332
2470.0 91.6673726454
2480.0 92.038619628
2490.0 92.4098682093
2500.0 92.7811184181
2510.0 93.1523702833
2520.0 93.5236238344
2530.0 93.8948791011
2540.0 94.2661361135
2550.0 94.6373949022
2560.0 95.008655498
2570.0 95.379917932
2580.0 95.7511822359
2590.0 96.1224484415
2600.0 96.4937165811
2610.0 96.8649866873
2620.0 97.2362587932
2630.0 97.6075329321
2640.0 97.9788091376
2650.0 98.3500874439
2660.0 98.7213678853
2670.0 99.0926504966
2680.0 99.4639353129
2690.0 99.8352223697
2700.0 100.206511703
2710.0 100.577803348
2720.0 100.949097343
2730.0 101.320393723
2740.0 101.691692526
2750.0 102.062993789
2760.0 102.434297551
2770.0 102.805603849
2780.0 103.176912723
2790.0 103.54822421
2800.0 103.91953835
2810.0 104.290855182
2820.0 104.662174747
2830.0 105.033497084
2840.0 105.404822234
2850.0 105.776150237
2860.0 106.147481135
2870.0 106.518814969
2880.0 106.89015178
2890.0 107.261491611
2900.0 107.632834503
2910.0 108.004180499
2920.0 108.375529642
2930.0 108.746881974
2940.0 109.11823754
2950.0 109.489596382
2960.0 109.860958545
2970.0 110.232324071
2980.0 110.603693007
2990.0 110.975065396
3000.0 111.346441282
3010.0 111.717820712
3020.0 112.089203729
3030.0 112.46059038
3040.0 112.83198071
3050.0 113.203374765
3060.0 113.57477259
3070.0 113.946174232
3080.0 114.317579737
3090.0 114.688989152
3100.0 115.060402524
3110.0 115.431819898
3120.0 115.803241322
3130.0 116.174666843
3140.0 116.546096509
3150.0 116.917530366
3160.0 117.288968462
3170.0 117.660410844
3180.0 118.03185756
3190.0 118.403308658
3200.0 118.774764185
3210.0 119.146224189
3220.0 119.517688718
3230.0 119.88915782
3240.0 120.260631542
3250.0 120.632109933
3260.0 121.00359304
3270.0 121.375080912
3280.0 121.746573595
3290.0 122.118071139
3300.0 122.489573591
3310.0 122.861080998
3320.0 123.232593408
3330.0 123.60411087
3340.0 123.97563343
3350.0 124.347161135
3360.0 124.718694034
3370.0 125.090232174
3380.0 125.461775601
3390.0 125.833324362
3400.0 126.204878505
3410.0 126.576438076
3420.0 126.948003121
3430.0 127.319573686
3440.0 127.691149818
3450.0 128.062731563
3460.0 128.434318965
3470.0 128.805912071
3480.0 129.177510924
3490.0 129.549115571
3500.0 129.920726056
3510.0 130.292342422
3520.0 130.663964714
3530.0 131.035592975
3540.0 131.407227248
3550.0 131.778867577
3560.0 132.150514003
3570.0 132.522166569
3580.0 132.893825317
3590.0 133.265490287
3600.0 133.637161521
3610.0 134.008839059
3620.0 134.380522942
3630.0 134.752213207
3640.0 135.123909896
3650.0 135.495613045
3660.0 135.867322694
3670.0 136.239038879
3680.0 136.610761638
3690.0 136.982491007
3700.0 137.354227022
3710.0 137.725969718
3720.0 138.097719129
3730.0 138.469475291
3740.0 138.841238235
3750.0 139.213007996
3760.0 139.584784605
3770.0 139.956568094
3780.0 140.328358494
3790.0 140.700155834
3800.0 141.071960145
3810.0 141.443771454
3820.0 141.81558979
3830.0 142.187415181
3840.0 142.559247652
3850.0 142.931087229
3860.0 143.302933938
3870.0 143.674787802
3880.0 144.046648845
3890.0 144.41851709
3900.0 144.790392558
3910.0 145.162275269
3920.0 145.534165245
3930.0 145.906062504
3940.0 146.277967064
3950.0 146.649878943
3960.0 147.021798157
3970.0 147.393724722
3980.0 147.765658653
3990.0 148.137599963
4000.0 148.509548665
4010.0 148.88150477
4020.0 149.253468291
4030.0 149.625439236
4040.0 149.997417614
4050.0 150.369403434
4060.0 150.741396701
4070.0 151.113397424
4080.0 151.485405605
4090.0 151.857421249
4100.0 152.229444358
4110.0 152.601474936
4120.0 152.973512981
4130.0 153.345558494
4140.0 153.717611474
4150.0 154.089671917
4160.0 154.461739821
4170.0 154.833815181
4180.0 155.205897991
4190.0 155.577988244
4200.0 155.950085932
4210.0 156.322191046
4220.0 156.694303576
4230.0 157.066423511
4240.0 157.438550839
4250.0 157.810685545
4260.0 158.182827615
4270.0 158.554977034
4280.0 158.927133784
4290.0 159.299297848
4300.0 159.671469205
4310.0 160.043647837
4320.0 160.415833721
4330.0 160.788026834
4340.0 161.160227154
4350.0 161.532434654
4360.0 161.90464931
4370.0 162.276871093
4380.0 162.649099975
4390.0 163.021335928
4400.0 163.393578919
4410.0 163.765828918
4420.0 164.138085892
4430.0 164.510349806
4440.0 164.882620625
4450.0 165.254898312
4460.0 165.627182832
4470.0 165.999474144
4480.0 166.371772209
4490.0 166.744076986
4500.0 167.116388434
4510.0 167.488706509
4520.0 167.861031167
4530.0 168.233362363
4540.0 168.60570005
4550.0 168.978044182
4560.0 169.35039471
4570.0 169.722751583
4580.0 170.095114752
4590.0 170.467484165
4600.0 170.839859769
4610.0 171.21224151
4620.0 171.584629334
4630.0 171.957023185
4640.0 172.329423006
4650.0 172.701828739
4660.0 173.074240326
4670.0 173.446657707
4680.0 173.819080821
4690.0 174.191509606
4700.0 174.563944
4710.0 174.93638394
4720.0 175.308829361
4730.0 175.681280198
4740.0 176.053736384
4750.0 176.426197852
4760.0 176.798664535
4770.0 177.171136364
4780.0 177.543613269
4790.0 177.91609518
4800.0 178.288582026
4810.0 178.661073734
4820.0 179.033570232
4830.0 179.406071447
4840.0 179.778577304
4850.0 180.151087729
4860.0 180.523602645
4870.0 180.896121977
4880.0 181.268645648
4890.0 181.64117357
4900.0 182.01370568
4910.0 182.386241891
4920.0 182.758782124
4930.0 183.131326298
4940.0 183.503874332
4950.0 183.876426146
4960.0 184.248981657
4970.0 184.621540784
4980.0 184.994103443
4990.0 185.366669552
5000.0 185.739239026
5010.0 186.111811781
5020.0 186.484387732
5030.0 186.856966795
5040.0 187.229548883
5050.0 187.602133912
5060.0 187.974721795
5070.0 188.347312445
5080.0 188.719905776
5090.0 189.092501701
5100.0 189.465100131
5110.0 189.837700981
5120.0 190.210304161
5130.0 190.582909584
5140.0 190.955517161
5150.0 191.328126805
5160.0 191.700738426
5170.0 192.073351937
5180.0 192.445967248
5190.0 192.81858427
5200.0 193.191202915
5210.0 193.563823095
5220.0 193.936444719
5230.0 194.309067699
5240.0 194.681691947
5250.0 195.054317373
5260.0 195.426943889
5270.0 195.799571406
5280.0 196.172199835
5290.0 196.544829088
5300.0 196.917459078
5310.0 197.290089715
5320.0 197.662720911
5330.0 198.03535258
5340.0 198.407984634
5350.0 198.780616985
5360.0 199.153249546
5370.0 199.525882231
5380.0 199.898514953
5390.0 200.271147627
5400.0 200.643780167
5410.0 201.016412486
5420.0 201.389044501
5430.0 201.761676127
5440.0 202.13430728
5450.0 202.506937875
5460.0 202.87956783
5470.0 203.252197062
5480.0 203.624825488
5490.0 203.997453028
5500.0 204.370079599
5510.0 204.74270512
5520.0 205.115329513
5530.0 205.487952696
5540.0 205.860574591
5550.0 206.23319512
5560.0 206.605814205
5570.0 206.978431769
5580.0 207.351047734
5590.0 207.723662026
5600.0 208.09627457
5610.0 208.46888529
5620.0 208.841494112
5630.0 209.214100965
5640.0 209.586705776
5650.0 209.959308472
5660.0 210.331908984
5670.0 210.704507241
5680.0 211.077103174
5690.0 211.449696714
5700.0 211.822287794
5710.0 212.194876348
5720.0 212.567462308
5730.0 212.940045611
5740.0 213.312626191
5750.0 213.685203985
5760.0 214.057778931
5770.0 214.430350967
5780.0 214.802920032
5790.0 215.175486066
5800.0 215.548049011
5810.0 215.920608808
5820.0 216.2931654