0.0 0.0
120.0 4.51304521645
120.625 4.53551959466
121.25 4.5580027259
122.5 4.60299455818
123.75 4.64801937933
125.0 4.69307592377
126.25 4.73816299021
127.5 4.78327943769
128.75 4.82842418206
130.0 4.8735961926
131.25 4.91879448887
132.5 4.96401813781
133.75 5.00926625099
135.0 5.05453798211
136.25 5.09983252455
137.5 5.1451491092
138.75 5.19048700232
140.0 5.23584550363
141.25 5.28122394446
142.5 5.32662168602
143.75 5.3720381178
145.0 5.41747265607
146.25 5.46292474243
147.5 5.50839384252
148.75 5.5538794447
150.0 5.59938105895
151.25 5.64489821568
152.5 5.69043046475
153.75 5.73597737445
155.0 5.78153853058
156.25 5.82711353558
157.5 5.8727020077
158.75 5.91830358024
160.0 5.96391790079
161.25 6.00954463055
162.5 6.05518344369
165.0 6.14649607781
167.5 6.23785343285
170.0 6.32925330956
172.5 6.4206936643
175.0 6.51217259516
177.5 6.60368832956
180.0 6.69523921303
182.5 6.78682369916
185.0 6.87844034047
187.5 6.97008778026
190.0 7.06176474515
192.5 7.15347003842
195.0 7.24520253383
197.5 7.33696117022
200.0 7.42874494641
202.5 7.52055291668
205.0 7.61238418661
207.5 7.70423790931
210.0 7.79611328198
212.5 7.88800954272
215.0 7.9799259677
217.5 8.07186186851
220.0 8.16381658974
222.5 8.25578950677
225.0 8.34778002377
230.0 8.53181160708
235.0 8.71590708107
240.0 8.90006254261
245.0 9.08427440265
250.0 9.26853935091
255.0 9.45285432558
260.0 9.63721648736
265.0 9.82162319693
270.0 10.0060719955
275.0 10.1905605879
280.0 10.3750868276
285.0 10.5596487039
290.0 10.7442443305
295.0 10.9288719353
300.0 11.1135298514
305.0 11.2982165091
310.0 11.4829304288
315.0 11.6676702147
320.0 11.8524345487
330.0 12.222031947
340.0 12.591713449
350.0 12.9614708353
360.0 13.3312967298
370.0 13.7011845041
380.0 14.0711281954
390.0 14.4411224353
400.0 14.8111623879
410.0 15.1812436942
420.0 15.5513624245
430.0 15.9215150347
440.0 16.2916983279
450.0 16.66190942
460.0 17.032145709
470.0 17.4024048468
480.0 17.7726847143
490.0 18.1429833991
500.0 18.5132991751
510.0 18.883630484
520.0 19.2539759188
530.0 19.6243342092
540.0 19.9947042078
550.0 20.3650848779
560.0 20.7354752832
570.0 21.1058745769
580.0 21.4762819937
590.0 21.8466968414
600.0 22.2171184934
610.0 22.5875463828
620.0 22.957979996
630.0 23.3284188675
640.0 23.6988625755
650.0 24.0693107372
660.0 24.439763005
670.0 24.8102190633
680.0 25.180678625
690.0 25.551141429
700.0 25.9216072377
710.0 26.2920758342
720.0 26.662547021
730.0 27.0330206176
740.0 27.4034964592
750.0 27.7739743949
760.0 28.1444542866
770.0 28.5149360078
780.0 28.8854194422
790.0 29.2559044832
800.0 29.6263910328
810.0 29.9968790005
820.0 30.3673683032
830.0 30.737858864
840.0 31.1083506121
850.0 31.4788434819
860.0 31.8493374127
870.0 32.2198323482
880.0 32.5903282362
890.0 32.9608250283
900.0 33.3313226795
910.0 33.7018211477
920.0 34.072320394
930.0 34.4428203819
940.0 34.8133210775
950.0 35.1838224489
960.0 35.5543244665
970.0 35.9248271025
980.0 36.2953303309
990.0 36.6658341274
1000.0 37.0363384689
1010.0 37.4068433342
1020.0 37.7773487031
1030.0 38.1478545566
1040.0 38.518360877
1050.0 38.8888676475
1060.0 39.2593748525
1070.0 39.6298824771
1080.0 40.0003905075
1090.0 40.3708989306
1100.0 40.741407734
1110.0 41.1119169062
1120.0 41.4824264363
1130.0 41.852936314
1140.0 42.2234465298
1150.0 42.5939570745
1160.0 42.9644679397
1170.0 43.3349791174
1180.0 43.7054906001
1190.0 44.0760023809
1200.0 44.4465144532
1210.0 44.817026811
1220.0 45.1875394485
1230.0 45.5580523604
1240.0 45.9285655419
1250.0 46.2990789883
1260.0 46.6695926956
1270.0 47.0401066599
1280.0 47.4106208777
1290.0 47.7811353457
1300.0 48.1516500611
1310.0 48.5221650213
1320.0 48.8926802239
1330.0 49.263195667
1340.0 49.6337113488
1350.0 50.0042272678
1360.0 50.3747434228
1370.0 50.7452598128
1380.0 51.1157764371
1390.0 51.4862932951
1400.0 51.8568103867
1410.0 52.2273277118
1420.0 52.5978452706
1430.0 52.9683630635
1440.0 53.3388810913
1450.0 53.7093993547
1460.0 54.0799178549
1470.0 54.4504365931
1480.0 54.8209555709
1490.0 55.1914747899
1500.0 55.5619942522
1510.0 55.9325139598
1520.0 56.303033915
1530.0 56.6735541204
1540.0 57.0440745787
1550.0 57.4145952929
1560.0 57.785116266
1570.0 58.1556375014
1580.0 58.5261590026
1590.0 58.8966807734
1600.0 59.2672028176
1610.0 59.6377251394
1620.0 60.008247743
1630.0 60.3787706331
1640.0 60.7492938143
1650.0 61.1198172915
1660.0 61.4903410699
1670.0 61.8608651547
1680.0 62.2313895515
1690.0 62.6019142659
1700.0 62.9724393039
1710.0 63.3429646717
1720.0 63.7134903754
1730.0 64.0840164217
1740.0 64.4545428174
1750.0 64.8250695692
1760.0 65.1955966845
1770.0 65.5661241706
1780.0 65.9366520351
1790.0 66.3071802857
1800.0 66.6777089305
1810.0 67.0482379778
1820.0 67.4187674359
1830.0 67.7892973136
1840.0 68.1598276198
1850.0 68.5303583636
1860.0 68.9008895543
1870.0 69.2714212017
1880.0 69.6419533154
1890.0 70.0124859055
1900.0 70.3830189824
1910.0 70.7535525566
1920.0 71.1240866389
1930.0 71.4946212402
1940.0 71.8651563719
1950.0 72.2356920454
1960.0 72.6062282726
1970.0 72.9767650655
1980.0 73.3473024363
1990.0 73.7178403975
2000.0 74.0883789621
2010.0 74.458918143
2020.0 74.8294579535
2030.0 75.1999984073
2040.0 75.5705395182
2050.0 75.9410813004
2060.0 76.3116237682
2070.0 76.6821669364
2080.0 77.0527108199
2090.0 77.4232554339
2100.0 77.7938007941
2110.0 78.1643469163
2120.0 78.5348938165
2130.0 78.9054415112
2140.0 79.275990017
2150.0 79.6465393511
2160.0 80.0170895306
2170.0 80.3876405732
2180.0 80.7581924968
2190.0 81.1287453196
2200.0 81.4992990602
2210.0 81.8698537373
2220.0 82.2404093702
2230.0 82.6109659782
2240.0 82.9815235813
2250.0 83.3520821994
2260.0 83.7226418531
2270.0 84.0932025631
2280.0 84.4637643504
2290.0 84.8343272365
2300.0 85.2048912431
2310.0 85.5754563923
2320.0 85.9460227065
2330.0 86.3165902085
2340.0 86.6871589213
2350.0 87.0577288683
2360.0 87.4283000734
2370.0 87.7988725606
2380.0 88.1694463545
2390.0 88.5400214797
2400.0 88.9105979615
2410.0 89.2811758253
2420.0 89.651755097
2430.0 90.0223358028
2440.0 90.3929179692
2450.0 90.7635016232
2460.0 91.134086792
2470.0 91.5046735032
2480.0 91.8752617848
2490.0 92.2458516652
2500.0 92.616443173
2510.0 92.9870363372
2520.0 93.3576311873
2530.0 93.728227753
2540.0 94.0988260645
2550.0 94.4694261522
2560.0 94.840028047
2570.0 95.2106317801
2580.0 95.5812373829
2590.0 95.9518448875
2600.0 96.3224543262
2610.0 96.6930657314
2620.0 97.0636791363
2630.0 97.4342945742
2640.0 97.8049120788
2650.0 98.1755316841
2660.0 98.5461534245
2670.0 98.9167773348
2680.0 99.2874034501
2690.0 99.6580318059
2700.0 100.028662438
2710.0 100.399295382
2720.0 100.769930676
2730.0 101.140568355
2740.0 101.511208457
2750.0 101.88185102
2760.0 102.252496081
2770.0 102.623143678
2780.0 102.99379385
2790.0 103.364446636
2800.0 103.735102075
2810.0 104.105760207
2820.0 104.476421071
2830.0 104.847084707
2840.0 105.217751156
2850.0 105.588420458
2860.0 105.959092655
2870.0 106.329767788
2880.0 106.700445898
2890.0 107.071127027
2900.0 107.441811218
2910.0 107.812498514
2920.0 108.183188955
2930.0 108.553882587
2940.0 108.924579452
2950.0 109.295279593
2960.0 109.665983054
2970.0 110.03668988
2980.0 110.407400115
2990.0 110.778113803
3000.0 111.148830988
3010.0 111.519551717
3020.0 111.890276033
3030.0 112.261003983
3040.0 112.631735612
3050.0 113.002470966
3060.0 113.37321009
3070.0 113.743953031
3080.0 114.114699835
3090.0 114.485450549
3100.0 114.85620522
3110.0 115.226963893
3120.0 115.597726616
3130.0 115.968493437
3140.0 116.339264401
3150.0 116.710039557
3160.0 117.080818952
3170.0 117.451602633
3180.0 117.822390648
3190.0 118.193183045
3200.0 118.563979871
3210.0 118.934781174
3220.0 119.305587002
3230.0 119.676397403
3240.0 120.047212425
3250.0 120.418032114
3260.0 120.788856521
3270.0 121.159685691
3280.0 121.530519674
3290.0 121.901358517
3300.0 122.272202267
3310.0 122.643050973
3320.0 123.013904683
3330.0 123.384763443
3340.0 123.755627302
3350.0 124.126496307
3360.0 124.497370505
3370.0 124.868249944
3380.0 125.23913467
3390.0 125.61002473
3400.0 125.980920172
3410.0 126.351821042
3420.0 126.722727386
3430.0 127.09363925
3440.0 127.464556681
3450.0 127.835479724
3460.0 128.206408426
3470.0 128.57734283
3480.0 128.948282983
3490.0 129.319228929
3500.0 129.690180712
3510.0 130.061138378
3520.0 130.432101968
3530.0 130.803071528
3540.0 131.174047101
3550.0 131.545028728
3560.0 131.916016454
3570.0 132.287010319
3580.0 132.658010366
3590.0 133.029016635
3600.0 133.400029168
3610.0 133.771048005
3620.0 134.142073187
3630.0 134.513104752
3640.0 134.884142739
3650.0 135.255187187
3660.0 135.626238135
3670.0 135.997295619
3680.0 136.368359677
3690.0 136.739430345
3700.0 137.110507659
3710.0 137.481591654
3720.0 137.852682364
3730.0 138.223779825
3740.0 138.594884069
3750.0 138.965995129
3760.0 139.337113037
3770.0 139.708237825
3780.0 140.079369523
3790.0 140.450508163
3800.0 140.821653772
3810.0 141.19280638
3820.0 141.563966016
3830.0 141.935132705
3840.0 142.306306475
3850.0 142.677487352
3860.0 143.048675359
3870.0 143.419870523
3880.0 143.791072865
3890.0 144.162282409
3900.0 144.533499175
3910.0 144.904723186
3920.0 145.275954461
3930.0 145.647193019
3940.0 146.018438878
3950.0 146.389692056
3960.0 146.760952569
3970.0 147.132220433
3980.0 147.503495663
3990.0 147.874778272
4000.0 148.246068273
4010.0 148.617365677
4020.0 148.988670497
4030.0 149.35998274
4040.0 149.731302418
4050.0 150.102629536
4060.0 150.473964103
4070.0 150.845306124
4080.0 151.216655605
4090.0 151.588012548
4100.0 151.959376956
4110.0 152.330748833
4120.0 152.702128177
4130.0 153.073514989
4140.0 153.444909268
4150.0 153.81631101
4160.0 154.187720213
4170.0 154.559136872
4180.0 154.930560981
4190.0 155.301992533
4200.0 155.67343152
4210.0 156.044877933
4220.0 156.416331763
4230.0 156.787792997
4240.0 157.159261623
4250.0 157.530737628
4260.0 157.902220998
4270.0 158.273711715
4280.0 158.645209765
4290.0 159.016715127
4300.0 159.388227784
4310.0 159.759747714
4320.0 160.131274897
4330.0 160.50280931
4340.0 160.874350928
4350.0 161.245899728
4360.0 161.617455682
4370.0 161.989018765
4380.0 162.360588946
4390.0 162.732166197
4400.0 163.103750488
4410.0 163.475341786
4420.0 163.846940058
4430.0 164.218545271
4440.0 164.590157389
4450.0 164.961776376
4460.0 165.333402194
4470.0 165.705034805
4480.0 166.07667417
4490.0 166.448320246
4500.0 166.819972993
4510.0 167.191632367
4520.0 167.563298324
4530.0 167.934970819
4540.0 168.306649805
4550.0 168.678335236
4560.0 169.050027062
4570.0 169.421725235
4580.0 169.793429703
4590.0 170.165140415
4600.0 170.536857318
4610.0 170.908580358
4620.0 171.280309481
4630.0 171.652044631
4640.0 172.023785751
4650.0 172.395532783
4660.0 172.767285669
4670.0 173.139044349
4680.0 173.510808762
4690.0 173.882578846
4700.0 174.25435454
4710.0 174.626135778
4720.0 174.997922498
4730.0 175.369714634
4740.0 175.741512119
4750.0 176.113314886
4760.0 176.485122868
4770.0 176.856935996
4780.0 177.2287542
4790.0 177.60057741
4800.0 177.972405555
4810.0 178.344238562
4820.0 178.716076359
4830.0 179.087918873
4840.0 179.459766029
4850.0 179.831617753
4860.0 180.203473969
4870.0 180.5753346
4880.0 180.94719957
4890.0 181.31906879
4900.0 181.6909422
4910.0 182.06281971
4920.0 182.434701241
4930.0 182.806586714
4940.0 183.178476048
4950.0 183.550369161
4960.0 183.922265971
4970.0 184.294166397
4980.0 184.666070355
4990.0 185.037977763
5000.0 185.409888535
5010.0 185.781802589
5020.0 186.15371984
5030.0 186.525640202
5040.0 186.897563589
5050.0 187.269489917
5060.0 187.641419099
5070.0 188.013351048
5080.0 188.385285678
5090.0 188.757222902
5100.0 189.129162631
5110.0 189.50110478
5120.0 189.873049259
5130.0 190.244995981
5140.0 190.616944857
5150.0 190.9888958
5160.0 191.36084872
5170.0 191.73280353
5180.0 192.10476014
5190.0 192.476718461
5200.0 192.848678406
5210.0 193.220639884
5220.0 193.592602807
5230.0 193.964567086
5240.0 194.336532633
5250.0 194.708499358
5260.0 195.080467173
5270.0 195.452435989
5280.0 195.824405717
5290.0 196.19637627
5300.0 196.568347558
5310.0 196.940319494
5320.0 197.31229199
5330.0 197.684264958
5340.0 198.05623831
5350.0 198.42821196
5360.0 198.80018582
5370.0 199.172159805
5380.0 199.544133826
5390.0 199.916107799
5400.0 200.288081637
5410.0 200.660055256
5420.0 201.03202857
5430.0 201.404001495
5440.0 201.775973946
5450.0 202.147945841
5460.0 202.519917095
5470.0 202.891887626
5480.0 203.263857351
5490.0 203.635826189
5500.0 204.007794059
5510.0 204.37976088
5520.0 204.751726571
5530.0 205.123691054
5540.0 205.495654248
5550.0 205.867616076
5560.0 206.23957646
5570.0 206.611535323
5580.0 206.983492587
5590.0 207.355448178
5600.0 207.727402021
5610.0 208.09935404
5620.0 208.471304161
5630.0 208.843252313
5640.0 209.215198423
5650.0 209.587142418
5660.0 209.959084229
5670.0 210.331023785
5680.0 210.702961017
5690.0 211.074895856
5700.0 211.446828235
5710.0 211.818758088
5720.0 212.190685347
5730.0 212.562609949
5740.0 212.934531828
5750.0 213.306450921
5760.0 213.678367166
5770.0 214.050280501
5780.0 214.422190865
5790.0 214.794098199
5800.0 215.166002442
5810.0 215.537903538
5820.0 215.909801429