0.0 0.0
120.0 5.36710866613
121.25 5.42382731761
122.5 5.48051665231
123.75 5.53717740767
125.0 5.59381031457
126.25 5.65041609651
127.5 5.70699546879
128.75 5.76354913787
130.0 5.82007780072
131.25 5.87658214432
132.5 5.93306284514
133.75 5.98952056876
135.0 6.0459559695
136.25 6.10236969013
137.5 6.15876236157
138.75 6.21513460274
140.0 6.27148702034
141.25 6.32782020873
142.5 6.38413474987
143.75 6.44043121318
145.0 6.49671015558
146.25 6.55297212145
147.5 6.60921764262
148.75 6.66544723845
150.0 6.72166141589
151.25 6.77786066951
152.5 6.83404548168
155.0 6.9463736504
157.5 7.05864954032
160.0 7.17087658214
162.5 7.28305802417
165.0 7.39519693798
167.5 7.5072962245
170.0 7.61935862031
172.5 7.73138670411
175.0 7.84338290335
177.5 7.95534950082
180.0 8.06728864128
182.5 8.17920233797
185.0 8.29109247908
187.5 8.40296083406
190.0 8.51480905972
195.0 8.73845122304
200.0 8.96203019367
205.0 9.18555575615
210.0 9.40903641629
215.0 9.63247954887
220.0 9.85589153144
225.0 10.0792778651
230.0 10.3026432828
240.0 10.7493270301
250.0 11.1959686846
260.0 11.6425870154
270.0 12.0891954379
280.0 12.5358033867
290.0 12.9824173588
300.0 13.4290417013
310.0 13.875679201
320.0 14.3223315232
330.0 14.7689995362
340.0 15.2156835497
350.0 15.6623834888
360.0 16.1090990202
370.0 16.5558296431
380.0 17.002574754
390.0 17.4493336924
400.0 17.8961057727
410.0 18.3428903061
420.0 18.7896866152
430.0 19.2364940433
440.0 19.6833119604
450.0 20.1301397666
460.0 20.5769768931
470.0 21.0238228029
480.0 21.4706769904
490.0 21.9175389798
500.0 22.3644083244
510.0 22.8112846044
520.0 23.2581674262
530.0 23.70505642
540.0 24.1519512386
550.0 24.5988515561
560.0 25.0457570658
570.0 25.4926674797
580.0 25.9395825266
590.0 26.3865019512
600.0 26.8334255131
610.0 27.2803529854
620.0 27.7272841541
630.0 28.1742188172
640.0 28.6211567838
650.0 29.0680978734
660.0 29.5150419152
670.0 29.9619887473
680.0 30.4089382165
690.0 30.8558901773
700.0 31.3028444918
710.0 31.7498010289
720.0 32.1967596639
730.0 32.6437202784
740.0 33.0906827594
750.0 33.5376469995
760.0 33.9846128961
770.0 34.4315803513
780.0 34.8785492716
790.0 35.3255195678
800.0 35.7724911541
810.0 36.2194639489
820.0 36.6664378733
830.0 37.1134128522
840.0 37.5603888131
850.0 38.0073656864
860.0 38.454343405
870.0 38.9013219042
880.0 39.3483011217
890.0 39.7952809973
900.0 40.2422614727
910.0 40.6892424914
920.0 41.1362239986
930.0 41.5832059411
940.0 42.0301882672
950.0 42.4771709266
960.0 42.9241538699
970.0 43.3711370492
980.0 43.8181204175
990.0 44.2651039287
1000.0 44.7120875375
1010.0 45.1590711994
1020.0 45.6060548707
1030.0 46.053038508
1040.0 46.5000220687
1050.0 46.9470055104
1060.0 47.3939887912
1070.0 47.8409718693
1080.0 48.2879547033
1090.0 48.7349372519
1100.0 49.1819194737
1110.0 49.6289013274
1120.0 50.0758827717
1130.0 50.5228637651
1140.0 50.9698442659
1150.0 51.4168242321
1160.0 51.8638036214
1170.0 52.3107823911
1180.0 52.757760498
1190.0 53.2047378986
1200.0 53.6517145485
1210.0 54.098690403
1220.0 54.5456654162
1230.0 54.9926395421
1240.0 55.4396127332
1250.0 55.8865849416
1260.0 56.3335561182
1270.0 56.780526213
1280.0 57.2274951747
1290.0 57.6744629512
1300.0 58.1214294888
1310.0 58.5683947328
1320.0 59.0153586271
1330.0 59.462321114
1340.0 59.9092821345
1350.0 60.356241628
1360.0 60.8031995323
1370.0 61.2501557832
1380.0 61.6971103153
1390.0 62.1440630608
1400.0 62.5910139501
1410.0 63.0379629119
1420.0 63.4849098725
1430.0 63.931854756
1440.0 64.3787974845
1450.0 64.8257379776
1460.0 65.2726761524
1470.0 65.7196119238
1480.0 66.1665452036
1490.0 66.6134759015
1500.0 67.060403924
1510.0 67.5073291748
1520.0 67.9542515548
1530.0 68.4011709617
1540.0 68.84808729
1550.0 69.2950004309
1560.0 69.7419102725
1570.0 70.188816699
1580.0 70.6357195915
1590.0 71.0826188269
1600.0 71.5295142786
1610.0 71.9764058161
1620.0 72.4232933047
1630.0 72.8701766056
1640.0 73.3170555758
1650.0 73.7639300679
1660.0 74.2107999298
1670.0 74.6576650049
1680.0 75.1045251319
1690.0 75.5513801445
1700.0 75.9982298714
1710.0 76.445074136
1720.0 76.8919127565
1730.0 77.3387455458
1740.0 77.7855723111
1750.0 78.2323928536
1760.0 78.6792069692
1770.0 79.1260144473
1780.0 79.5728150714
1790.0 80.0196086187
1800.0 80.4663948596
1810.0 80.9131735584
1820.0 81.3599444723
1830.0 81.8067073517
1840.0 82.2534619399
1850.0 82.7002079729
1860.0 83.1469451794
1870.0 83.5936732806
1880.0 84.0403919898
1890.0 84.4871010126
1900.0 84.9338000464
1910.0 85.3804887806
1920.0 85.827166896
1930.0 86.273834065
1940.0 86.7204899513
1950.0 87.1671342096
1960.0 87.6137664858
1970.0 88.0603864163
1980.0 88.5069936283
1990.0 88.9535877394
2000.0 89.4001683576
2010.0 89.8467350809
2020.0 90.2932874972
2030.0 90.7398251843
2040.0 91.1863477095
2050.0 91.6328546298
2060.0 92.0793454912
2070.0 92.5258198289
2080.0 92.9722771673
2090.0 93.4187170193
2100.0 93.8651388866
2110.0 94.3115422594
2120.0 94.7579266161
2130.0 95.2042914236
2140.0 95.6506361364
2150.0 96.0969601972
2160.0 96.5432630365
2170.0 96.9895440721
2180.0 97.4358027097
2190.0 97.8820383419
2200.0 98.3282503488
2210.0 98.7744380975
2220.0 99.2206009421
2230.0 99.6667382235
2240.0 100.112849269
2250.0 100.558933394
2260.0 101.004989899
2270.0 101.45101807
2280.0 101.897017183
2290.0 102.342986495
2300.0 102.788925255
2310.0 103.234832693
2320.0 103.680708029
2330.0 104.126550467
2340.0 104.572359196
2350.0 105.018133394
2360.0 105.463872222
2370.0 105.909574828
2380.0 106.355240346
2390.0 106.800867896
2400.0 107.246456583
2410.0 107.692005499
2420.0 108.13751372
2430.0 108.582980311
2440.0 109.028404319
2450.0 109.473784781
2460.0 109.919120717
2470.0 110.364411135
2480.0 110.809655028
2490.0 111.254851376
2500.0 111.699999145
2510.0 112.145097288
2520.0 112.590144744
2530.0 113.03514044
2540.0 113.480083288
2550.0 113.924972189
2560.0 114.369806031
2570.0 114.814583688
2580.0 115.259304024
2590.0 115.703965889
2600.0 116.148568122
2610.0 116.59310955
2620.0 117.037588989
2630.0 117.482005244
2640.0 117.926357108
2650.0 118.370643366
2660.0 118.81486279
2670.0 119.259014145
2680.0 119.703096183
2690.0 120.14710765
2700.0 120.591047282
2710.0 121.034913806
2720.0 121.478705943
2730.0 121.922422403
2740.0 122.366061893
2750.0 122.809623109
2760.0 123.253104745
2770.0 123.696505486
2780.0 124.139824013
2790.0 124.583059002
2800.0 125.026209125
2810.0 125.46927305
2820.0 125.912249442
2830.0 126.355136962
2840.0 126.797934272
2850.0 127.240640029
2860.0 127.683252891
2870.0 128.125771515
2880.0 128.56819456
2890.0 129.010520684
2900.0 129.452748546
2910.0 129.89487681
2920.0 130.336904141
2930.0 130.778829208
2940.0 131.220650684
2950.0 131.662367247
2960.0 132.103977582
2970.0 132.545480379
2980.0 132.986874335
2990.0 133.428158157
3000.0 133.869330557
3010.0 134.31039026
3020.0 134.751335999
3030.0 135.192166519
3040.0 135.632880576
3050.0 136.073476938
3060.0 136.513954389
3070.0 136.954311724
3080.0 137.394547754
3090.0 137.834661306
3100.0 138.274651223
3110.0 138.714516365
3120.0 139.15425561
3130.0 139.593867857
3140.0 140.033352021
3150.0 140.472707042
3160.0 140.911931876
3170.0 141.351025506
3180.0 141.789986936
3190.0 142.228815192
3200.0 142.667509328
3210.0 143.106068419
3220.0 143.544491571
3230.0 143.982777913
3240.0 144.420926604
3250.0 144.85893683
3260.0 145.296807807
3270.0 145.73453878
3280.0 146.172129025
3290.0 146.609577851
3300.0 147.046884598
3310.0 147.484048637
3320.0 147.921069376
3330.0 148.357946254
3340.0 148.794678747
3350.0 149.231266367
3360.0 149.66770866
3370.0 150.10400521
3380.0 150.540155638
3390.0 150.976159605
3400.0 151.412016807
3410.0 151.847726982
3420.0 152.283289907
3430.0 152.718705398
3440.0 153.153973314
3450.0 153.589093552
3460.0 154.024066054
3470.0 154.458890802
3480.0 154.89356782
3490.0 155.328097177
3500.0 155.762478982
3510.0 156.19671339
3520.0 156.630800598
3530.0 157.06474085
3540.0 157.498534431
3550.0 157.932181673
3560.0 158.36568295
3570.0 158.799038683
3580.0 159.232249338
3590.0 159.665315425
3600.0 160.0982375
3610.0 160.531016165
3620.0 160.963652065
3630.0 161.396145893
3640.0 161.828498386
3650.0 162.260710325
3660.0 162.692782539
3670.0 163.124715898
3680.0 163.556511321
3690.0 163.988169769
3700.0 164.419692249
3710.0 164.851079809
3720.0 165.282333546
3730.0 165.713454595
3740.0 166.144444139
3750.0 166.5753034
3760.0 167.006033645
3770.0 167.436636183
3780.0 167.867112363
3790.0 168.297463575
3800.0 168.727691251
3810.0 169.157796863
3820.0 169.58778192
3830.0 170.017647971
3840.0 170.447396606
3850.0 170.877029447
3860.0 171.306548157
3870.0 171.735954433
3880.0 172.165250007
3890.0 172.594436647
3900.0 173.023516153