0.0 0.0
120.0 5.38303690058
121.25 5.43992147117
122.5 5.49677672498
123.75 5.55360339945
125.0 5.61040222546
126.25 5.6671739265
127.5 5.72391921789
128.75 5.78063880608
130.0 5.83733338804
131.25 5.89400365075
132.5 5.95065027068
133.75 6.00727391341
135.0 6.06387523326
136.25 6.12045487299
137.5 6.17701346355
138.75 6.23355162382
140.0 6.29006996053
141.25 6.34656906803
142.5 6.40304952828
143.75 6.4595119107
145.0 6.51595677221
146.25 6.57238465718
147.5 6.62879609746
148.75 6.6851916124
150.0 6.74157170895
151.25 6.79793688169
152.5 6.85428761296
155.0 6.9669476199
157.5 7.07955534804
160.0 7.19211422808
162.5 7.30462750832
165.0 7.41709826034
167.5 7.52952938509
170.0 7.64192361911
172.5 7.75428354113
175.0 7.86661157859
177.5 7.97891001428
180.0 8.09118099295
182.5 8.20342652786
185.0 8.31564850719
187.5 8.42784870038
190.0 8.54002876426
195.0 8.76433460402
200.0 8.98857725109
205.0 9.21276649
210.0 9.43691082658
215.0 9.6610176356
220.0 9.8850932946
225.0 10.1091433047
230.0 10.3331723988
240.0 10.781183499
250.0 11.2291525063
260.0 11.67709819
270.0 12.1250339654
280.0 12.5729692671
290.0 13.0209105921
300.0 13.4688622874
310.0 13.91682714
320.0 14.3648068151
330.0 14.812802181
340.0 15.2608135473
350.0 15.7088408393
360.0 16.1568837235
370.0 16.6049416993
380.0 17.053014163
390.0 17.5011004543
400.0 17.9491998875
410.0 18.3973117738
420.0 18.8454354358
430.0 19.2935702167
440.0 19.7417154867
450.0 20.1898706458
460.0 20.6380351251
470.0 21.0862083879
480.0 21.5343899282
490.0 21.9825792705
500.0 22.4307759679
510.0 22.8789796008
520.0 23.3271897755
530.0 23.7754061221
540.0 24.2236282937
550.0 24.6718559639
560.0 25.1200888266
570.0 25.5683265933
580.0 26.0165689931
590.0 26.4648157706
600.0 26.9130666853
610.0 27.3613215105
620.0 27.8095800321
630.0 28.257842048
640.0 28.7061073675
650.0 29.15437581
660.0 29.6026472046
670.0 30.0509213896
680.0 30.4991982117
690.0 30.9474775254
700.0 31.3957591928
710.0 31.8440430827
720.0 32.2923290706
730.0 32.740617038
740.0 33.1889068719
750.0 33.6371984648
760.0 34.0854917142
770.0 34.5337865223
780.0 34.9820827956
790.0 35.4303804446
800.0 35.8786793838
810.0 36.3269795314
820.0 36.7752808088
830.0 37.2235831405
840.0 37.6718864543
850.0 38.1201906804
860.0 38.5684957518
870.0 39.0168016039
880.0 39.4651081744
890.0 39.9134154028
900.0 40.3617232311
910.0 40.8100316026
920.0 41.2583404627
930.0 41.7066497581
940.0 42.1549594371
950.0 42.6032694493
960.0 43.0515797455
970.0 43.4998902777
980.0 43.9482009989
990.0 44.3965118629
1000.0 44.8448228246
1010.0 45.2931338394
1020.0 45.7414448635
1030.0 46.1897558537
1040.0 46.6380667673
1050.0 47.0863775618
1060.0 47.5346881955
1070.0 47.9829986265
1080.0 48.4313088134
1090.0 48.8796187148
1100.0 49.3279282895
1110.0 49.7762374961
1120.0 50.2245462933
1130.0 50.6728546395
1140.0 51.1211624932
1150.0 51.5694698122
1160.0 52.0177765544
1170.0 52.466082677
1180.0 52.9143881368
1190.0 53.3626928902
1200.0 53.810996893
1210.0 54.2593001003
1220.0 54.7076024665
1230.0 55.1559039452
1240.0 55.6042044892
1250.0 56.0525040505
1260.0 56.5008025799
1270.0 56.9491000276
1280.0 57.3973963422
1290.0 57.8456914715
1300.0 58.293985362
1310.0 58.7422779589
1320.0 59.190569206
1330.0 59.6388590458
1340.0 60.0871474192
1350.0 60.5354342656
1360.0 60.9837195227
1370.0 61.4320031266
1380.0 61.8802850115
1390.0 62.3285651098
1400.0 62.7768433521
1410.0 63.2251196667
1420.0 63.6733939801
1430.0 64.1216662166
1440.0 64.5699362979
1450.0 65.0182041439
1460.0 65.4664696716
1470.0 65.9147327958
1480.0 66.3629934285
1490.0 66.8112514793
1500.0 67.2595068546
1510.0 67.7077594583
1520.0 68.1560091912
1530.0 68.6042559509
1540.0 69.0524996321
1550.0 69.5007401259
1560.0 69.9489773203
1570.0 70.3972110998
1580.0 70.8454413451
1590.0 71.2936679333
1600.0 71.741890738
1610.0 72.1901096283
1620.0 72.6383244698
1630.0 73.0865351236
1640.0 73.5347414466
1650.0 73.9829432915
1660.0 74.4311405063
1670.0 74.8793329343
1680.0 75.3275204142
1690.0 75.7757027797
1700.0 76.2238798594
1710.0 76.6720514769
1720.0 77.1202174503
1730.0 77.5683775925
1740.0 78.0165317106
1750.0 78.464679606
1760.0 78.9128210745
1770.0 79.3609559055
1780.0 79.8090838825
1790.0 80.2572047825
1800.0 80.7053183764
1810.0 81.153424428
1820.0 81.6015226948
1830.0 82.0496129271
1840.0 82.4976948681
1850.0 82.945768254
1860.0 83.3938328134
1870.0 83.8418882674
1880.0 84.2899343295
1890.0 84.7379707051
1900.0 85.1859970918
1910.0 85.6340131789
1920.0 86.0820186472
1930.0 86.530013169
1940.0 86.9779964082
1950.0 87.4259680194
1960.0 87.8739276484
1970.0 88.3218749318
1980.0 88.7698094967
1990.0 89.2177309607
2000.0 89.6656389318
2010.0 90.1135330079
2020.0 90.5614127771
2030.0 91.009277817
2040.0 91.4571276952
2050.0 91.9049619683
2060.0 92.3527801826
2070.0 92.8005818732
2080.0 93.2483665644
2090.0 93.6961337693
2100.0 94.1438829895
2110.0 94.5916137151
2120.0 95.0393254248
2130.0 95.487017585
2140.0 95.9346896507
2150.0 96.3823410644
2160.0 96.8299712566
2170.0 97.2775796451
2180.0 97.7251656355
2190.0 98.1727286206
2200.0 98.6202679803
2210.0 99.0677830819
2220.0 99.5152732794
2230.0 99.9627379137
2240.0 100.410176313
2250.0 100.85758779
2260.0 101.304971648
2270.0 101.752327172
2280.0 102.199653637
2290.0 102.646950303
2300.0 103.094216415
2310.0 103.541451206
2320.0 103.988653895
2330.0 104.435823686
2340.0 104.882959768
2350.0 105.330061318
2360.0 105.777127499
2370.0 106.224157458
2380.0 106.671150329
2390.0 107.118105232
2400.0 107.565021272
2410.0 108.01189754
2420.0 108.458733115
2430.0 108.905527058
2440.0 109.35227842
2450.0 109.798986235
2460.0 110.245649524
2470.0 110.692267294
2480.0 111.13883854
2490.0 111.585362241
2500.0 112.031837363
2510.0 112.478262858
2520.0 112.924637667
2530.0 113.370960716
2540.0 113.817230917
2550.0 114.263447171
2560.0 114.709608366
2570.0 115.155713376
2580.0 115.601761065
2590.0 116.047750283
2600.0 116.493679868
2610.0 116.939548649
2620.0 117.385355441
2630.0 117.831099049
2640.0 118.276778266
2650.0 118.722391877
2660.0 119.167938654
2670.0 119.613417361
2680.0 120.058826752
2690.0 120.504165572
2700.0 120.949432557
2710.0 121.394626434
2720.0 121.839745924
2730.0 122.284789737
2740.0 122.729756579
2750.0 123.174645149
2760.0 123.619454138
2770.0 124.064182231
2780.0 124.508828111
2790.0 124.953390453
2800.0 125.397867929
2810.0 125.842259207
2820.0 126.286562951
2830.0 126.730777825
2840.0 127.174902487
2850.0 127.618935597
2860.0 128.062875812
2870.0 128.506721789
2880.0 128.950472187
2890.0 129.394125663
2900.0 129.837680879
2910.0 130.281136495
2920.0 130.724491179
2930.0 131.167743599
2940.0 131.610892428
2950.0 132.053936344
2960.0 132.496874032
2970.0 132.939704182
2980.0 133.382425491
2990.0 133.825036665
3000.0 134.267536418
3010.0 134.709923474
3020.0 135.152196566
3030.0 135.594354438
3040.0 136.036395848
3050.0 136.478319564
3060.0 136.920124368
3070.0 137.361809056
3080.0 137.803372439
3090.0 138.244813343
3100.0 138.686130613
3110.0 139.127323108
3120.0 139.568389706
3130.0 140.009329305
3140.0 140.450140823
3150.0 140.890823196
3160.0 141.331375384
3170.0 141.771796366
3180.0 142.212085149
3190.0 142.652240758
3200.0 143.092262246
3210.0 143.532148691
3220.0 143.971899196
3230.0 144.411512891
3240.0 144.850988934
3250.0 145.290326513
3260.0 145.729524843
3270.0 146.168583168
3280.0 146.607500767
3290.0 147.046276946
3300.0 147.484911045
3310.0 147.923402437
3320.0 148.361750529
3330.0 148.79995476
3340.0 149.238014606
3350.0 149.675929579
3360.0 150.113699224
3370.0 150.551323127
3380.0 150.988800909
3390.0 151.426132228
3400.0 151.863316783
3410.0 152.300354311
3420.0 152.737244588
3430.0 153.173987433
3440.0 153.610582701
3450.0 154.047030293
3460.0 154.483330148
3470.0 154.919482248
3480.0 155.355486619
3490.0 155.791343328
3500.0 156.227052486
3510.0 156.662614247
3520.0 157.098028809
3530.0 157.533296414
3540.0 157.968417348
3550.0 158.403391942
3560.0 158.838220572
3570.0 159.272903658
3580.0 159.707441665
3590.0 160.141835105
3600.0 160.576084534
3610.0 161.010190551
3620.0 161.444153805
3630.0 161.877974986
3640.0 162.311654831
3650.0 162.745194123
3660.0 163.178593689
3670.0 163.611854402
3680.0 164.044977178
3690.0 164.477962979
3700.0 164.910812811
3710.0 165.343527724
3720.0 165.776108813
3730.0 166.208557216
3740.0 166.640874112
3750.0 167.073060726
3760.0 167.505118325
3770.0 167.937048215
3780.0 168.368851748
3790.0 168.800530313
3800.0 169.232085342
3810.0 169.663518306
3820.0 170.094830716
3830.0 170.526024121
3840.0 170.957100108
3850.0 171.388060302
3860.0 171.818906365
3870.0 172.249639994
3880.0 172.680262921
3890.0 173.110776914
3900.0 173.541183773