0.0 0.0
120.0 4.51010590221
120.625 4.53256497079
121.25 4.55503279239
122.5 4.59999400537
123.75 4.64498820718
125.0 4.69001413225
126.25 4.73507057927
127.5 4.78015640731
128.75 4.8252705322
130.0 4.87041192322
131.25 4.91557959993
132.5 4.96077262927
133.75 5.00599012282
135.0 5.05123123426
136.25 5.096495157
137.5 5.1417811219
138.75 5.18708839523
140.0 5.23241627672
141.25 5.27776409768
142.5 5.32313121933
143.75 5.36851703117
145.0 5.41392094946
146.25 5.4593424158
147.5 5.50478089583
148.75 5.55023587791
150.0 5.59570687201
151.25 5.64119340856
152.5 5.6866950374
153.75 5.73221132683
155.0 5.77774186265
156.25 5.8232862473
157.5 5.86884409903
158.75 5.91441505113
160.0 5.95999875121
161.25 6.00559486045
162.5 6.05120305302
165.0 6.14245444587
167.5 6.23375055948
170.0 6.32508919458
172.5 6.41646830752
175.0 6.5078859964
177.5 6.59934048864
180.0 6.69083012976
182.5 6.78235337334
185.0 6.87390877192
187.5 6.96549496879
190.0 7.05711069056
192.5 7.1487547405
195.0 7.2404259924
197.5 7.33212338506
200.0 7.42384591732
202.5 7.51559264345
205.0 7.60736266903
207.5 7.69915514717
210.0 7.79096927506
212.5 7.8828042908
215.0 7.97465947056
217.5 8.06653412593
220.0 8.15842760149
222.5 8.25033927263
225.0 8.3422685435
230.0 8.52617763384
235.0 8.71015061391
240.0 8.89418358056
245.0 9.0782729447
250.0 9.26241539602
255.0 9.44660787271
260.0 9.63084753543
265.0 9.81513174484
270.0 9.99945804213
275.0 10.1838241321
280.0 10.3682278681
285.0 10.5526672396
290.0 10.7371403602
295.0 10.9216454577
300.0 11.1061808652
305.0 11.2907450129
310.0 11.4753364214
315.0 11.6599536946
320.0 11.8445955146
330.0 12.2139478804
340.0 12.5833843439
350.0 12.9528966854
360.0 13.3224775286
370.0 13.6921202446
380.0 14.0618188705
390.0 14.4315680377
400.0 14.8013629095
410.0 15.171199127
420.0 15.54107276
430.0 15.910980264
440.0 16.2809184417
450.0 16.6508844088
460.0 17.0208755627
470.0 17.3908895548
480.0 17.7609242658
490.0 18.1309777827
500.0 18.501048379
510.0 18.8711344958
520.0 19.2412347257
530.0 19.6113477977
540.0 19.9814725641
550.0 20.3516079875
560.0 20.7217531309
570.0 21.0919071472
580.0 21.4620692702
590.0 21.832238807
600.0 22.2024151306
610.0 22.5725976732
620.0 22.9427859205
630.0 23.3129794064
640.0 23.6831777081
650.0 24.053380442
660.0 24.4235872599
670.0 24.7937978451
680.0 25.1640119097
690.0 25.5342291918
700.0 25.9044494526
710.0 26.2746724744
720.0 26.6448980586
730.0 27.0151260237
740.0 27.3853562037
750.0 27.7555884468
760.0 28.1258226135
770.0 28.4960585761
780.0 28.8662962173
790.0 29.2365354291
800.0 29.606776112
810.0 29.9770181743
820.0 30.3472615315
830.0 30.7175061052
840.0 31.0877518231
850.0 31.4579986181
860.0 31.8282464277
870.0 32.1984951942
880.0 32.5687448636
890.0 32.9389953857
900.0 33.3092467137
910.0 33.6794988037
920.0 34.0497516147
930.0 34.4200051083
940.0 34.7902592485
950.0 35.1605140015
960.0 35.5307693353
970.0 35.9010252199
980.0 36.271281627
990.0 36.6415385298
1000.0 37.011795903
1010.0 37.3820537227
1020.0 37.752311966
1030.0 38.1225706113
1040.0 38.4928296382
1050.0 38.8630890271
1060.0 39.2333487592
1070.0 39.6036088169
1080.0 39.973869183
1090.0 40.3441298413
1100.0 40.7143907763
1110.0 41.0846519729
1120.0 41.4549134167
1130.0 41.825175094
1140.0 42.1954369914
1150.0 42.565699096
1160.0 42.9359613956
1170.0 43.3062238781
1180.0 43.6764865319
1190.0 44.0467493459
1200.0 44.417012309
1210.0 44.7872754108
1220.0 45.157538641
1230.0 45.5278019896
1240.0 45.8980654468
1250.0 46.268329003
1260.0 46.6385926491
1270.0 47.0088563758
1280.0 47.3791201744
1290.0 47.749384036
1300.0 48.119647952
1310.0 48.4899119141
1320.0 48.8601759139
1330.0 49.2304399432
1340.0 49.6007039941
1350.0 49.9709680585
1360.0 50.3412321286
1370.0 50.7114961965
1380.0 51.0817602546
1390.0 51.4520242952
1400.0 51.8222883107
1410.0 52.1925522936
1420.0 52.5628162362
1430.0 52.9330801312
1440.0 53.3033439711
1450.0 53.6736077485
1460.0 54.0438714558
1470.0 54.4141350857
1480.0 54.7843986307
1490.0 55.1546620834
1500.0 55.5249254363
1510.0 55.8951886819
1520.0 56.2654518127
1530.0 56.6357148212
1540.0 57.0059776998
1550.0 57.3762404408
1560.0 57.7465030365
1570.0 58.1167654793
1580.0 58.4870277612
1590.0 58.8572898745
1600.0 59.2275518113
1610.0 59.5978135634
1620.0 59.9680751228
1630.0 60.3383364814
1640.0 60.7085976309
1650.0 61.0788585629
1660.0 61.4491192689
1670.0 61.8193797405
1680.0 62.1896399689
1690.0 62.5598999455
1700.0 62.9301596612
1710.0 63.3004191071
1720.0 63.670678274
1730.0 64.0409371528
1740.0 64.4111957339
1750.0 64.781454008
1760.0 65.1517119653
1770.0 65.521969596
1780.0 65.8922268902
1790.0 66.2624838377
1800.0 66.6327404283
1810.0 67.0029966516
1820.0 67.373252497
1830.0 67.7435079537
1840.0 68.1137630109
1850.0 68.4840176574
1860.0 68.8542718819
1870.0 69.2245256731
1880.0 69.5947790192
1890.0 69.9650319085
1900.0 70.3352843289
1910.0 70.7055362681
1920.0 71.0757877139
1930.0 71.4460386536
1940.0 71.8162890743
1950.0 72.186538963
1960.0 72.5567883064
1970.0 72.9270370912
1980.0 73.2972853035
1990.0 73.6675329296
2000.0 74.0377799551
2010.0 74.4080263659
2020.0 74.7782721472
2030.0 75.1485172842
2040.0 75.5187617618
2050.0 75.8890055648
2060.0 76.2592486774
2070.0 76.629491084
2080.0 76.9997327683
2090.0 77.3699737141
2100.0 77.7402139047
2110.0 78.1104533233
2120.0 78.4806919527
2130.0 78.8509297756
2140.0 79.2211667742
2150.0 79.5914029306
2160.0 79.9616382266
2170.0 80.3318726435
2180.0 80.7021061628
2190.0 81.0723387651
2200.0 81.4425704312
2210.0 81.8128011413
2220.0 82.1830308756
2230.0 82.5532596136
2240.0 82.9234873349
2250.0 83.2937140186
2260.0 83.6639396434
2270.0 84.0341641878
2280.0 84.4043876301
2290.0 84.7746099482
2300.0 85.1448311195
2310.0 85.5150511213
2320.0 85.8852699306
2330.0 86.2554875239
2340.0 86.6257038774
2350.0 86.9959189672
2360.0 87.3661327689
2370.0 87.7363452576
2380.0 88.1065564084
2390.0 88.4767661958
2400.0 88.8469745941
2410.0 89.2171815773
2420.0 89.587387119
2430.0 89.9575911923
2440.0 90.3277937703
2450.0 90.6979948254
2460.0 91.0681943299
2470.0 91.4383922556
2480.0 91.8085885741
2490.0 92.1787832566
2500.0 92.5489762738
2510.0 92.9191675963
2520.0 93.2893571942
2530.0 93.6595450371
2540.0 94.0297310947
2550.0 94.3999153359
2560.0 94.7700977294
2570.0 95.1402782437
2580.0 95.5104568467
2590.0 95.880633506
2600.0 96.2508081891
2610.0 96.6209808629
2620.0 96.9911514939
2630.0 97.3613200485
2640.0 97.7314864925
2650.0 98.1016507915
2660.0 98.4718129107
2670.0 98.841972815
2680.0 99.2121304688
2690.0 99.5822858365
2700.0 99.9524388818
2710.0 100.322589568
2720.0 100.692737859
2730.0 101.062883717
2740.0 101.433027104
2750.0 101.803167983
2760.0 102.173306315
2770.0 102.543442063
2780.0 102.913575187
2790.0 103.283705648
2800.0 103.653833406
2810.0 104.023958422
2820.0 104.394080656
2830.0 104.764200067
2840.0 105.134316615
2850.0 105.504430258
2860.0 105.874540956
2870.0 106.244648666
2880.0 106.614753346
2890.0 106.984854956
2900.0 107.354953451
2910.0 107.72504879
2920.0 108.095140929
2930.0 108.465229825
2940.0 108.835315434
2950.0 109.205397714
2960.0 109.575476619
2970.0 109.945552105
2980.0 110.315624128
2990.0 110.685692643
3000.0 111.055757605
3010.0 111.425818969
3020.0 111.79587669
3030.0 112.165930721
3040.0 112.535981018
3050.0 112.906027533
3060.0 113.276070221
3070.0 113.646109036
3080.0 114.016143931
3090.0 114.386174858
3100.0 114.756201772
3110.0 115.126224626
3120.0 115.496243371
3130.0 115.866257962
3140.0 116.236268349
3150.0 116.606274487
3160.0 116.976276328
3170.0 117.346273822
3180.0 117.716266924
3190.0 118.086255585
3200.0 118.456239757
3210.0 118.826219392
3220.0 119.196194442
3230.0 119.56616486
3240.0 119.936130596
3250.0 120.306091603
3260.0 120.676047833
3270.0 121.045999237
3280.0 121.415945768
3290.0 121.785887378
3300.0 122.155824018
3310.0 122.525755641
3320.0 122.895682198
3330.0 123.265603643
3340.0 123.635519926
3350.0 124.005431001
3360.0 124.37533682
3370.0 124.745237335
3380.0 125.1151325
3390.0 125.485022267
3400.0 125.854906589
3410.0 126.224785419
3420.0 126.594658711
3430.0 126.964526419
3440.0 127.334388495
3450.0 127.704244895
3460.0 128.074095572
3470.0 128.443940482
3480.0 128.813779578
3490.0 129.183612815
3500.0 129.55344015
3510.0 129.923261537
3520.0 130.293076933
3530.0 130.662886294
3540.0 131.032689577
3550.0 131.402486738
3560.0 131.772277735
3570.0 132.142062525
3580.0 132.511841067
3590.0 132.881613319
3600.0 133.251379241
3610.0 133.621138791
3620.0 133.99089193
3630.0 134.360638617
3640.0 134.730378814
3650.0 135.100112482
3660.0 135.469839582
3670.0 135.839560078
3680.0 136.209273931
3690.0 136.578981106
3700.0 136.948681566
3710.0 137.318375276
3720.0 137.6880622
3730.0 138.057742306
3740.0 138.427415559
3750.0 138.797081926
3760.0 139.166741375
3770.0 139.536393874
3780.0 139.906039392
3790.0 140.275677899
3800.0 140.645309366
3810.0 141.014933763
3820.0 141.384551062
3830.0 141.754161235
3840.0 142.123764257
3850.0 142.493360101
3860.0 142.862948743
3870.0 143.232530157
3880.0 143.60210432
3890.0 143.97167121
3900.0 144.341230804
3910.0 144.710783082
3920.0 145.080328024
3930.0 145.44986561
3940.0 145.819395821
3950.0 146.188918641
3960.0 146.558434052
3970.0 146.927942038
3980.0 147.297442586
3990.0 147.666935681
4000.0 148.03642131
4010.0 148.405899461
4020.0 148.775370123
4030.0 149.144833286
4040.0 149.514288941
4050.0 149.88373708
4060.0 150.253177696
4070.0 150.622610783
4080.0 150.992036335
4090.0 151.361454349
4100.0 151.730864822
4110.0 152.100267751
4120.0 152.469663137
4130.0 152.839050978
4140.0 153.208431277
4150.0 153.577804035
4160.0 153.947169257
4170.0 154.316526945
4180.0 154.685877107
4190.0 155.055219749
4200.0 155.424554877
4210.0 155.793882503
4220.0 156.163202634
4230.0 156.532515283
4240.0 156.901820462
4250.0 157.271118184
4260.0 157.640408463
4270.0 158.009691315
4280.0 158.378966757
4290.0 158.748234807
4300.0 159.117495483
4310.0 159.486748807
4320.0 159.855994798
4330.0 160.225233481
4340.0 160.594464877
4350.0 160.963689013
4360.0 161.332905914
4370.0 161.702115606
4380.0 162.071318119
4390.0 162.440513481
4400.0 162.809701723
4410.0 163.178882876
4420.0 163.548056974
4430.0 163.91722405
4440.0 164.286384139
4450.0 164.655537278
4460.0 165.024683503
4470.0 165.393822853
4480.0 165.762955367
4490.0 166.132081087
4500.0 166.501200054
4510.0 166.87031231
4520.0 167.2394179
4530.0 167.608516869
4540.0 167.977609263
4550.0 168.346695129
4560.0 168.715774515
4570.0 169.084847471
4580.0 169.453914048
4590.0 169.822974296
4600.0 170.192028268
4610.0 170.561076017
4620.0 170.930117599
4630.0 171.299153069
4640.0 171.668182483
4650.0 172.037205899
4660.0 172.406223376
4670.0 172.775234972
4680.0 173.144240749
4690.0 173.513240768
4700.0 173.882235092
4710.0 174.251223782
4720.0 174.620206905
4730.0 174.989184525
4740.0 175.358156707
4750.0 175.727123519
4760.0 176.096085028
4770.0 176.465041304
4780.0 176.833992414
4790.0 177.202938431
4800.0 177.571879423
4810.0 177.940815464
4820.0 178.309746625
4830.0 178.67867298
4840.0 179.047594604
4850.0 179.416511569
4860.0 179.785423953
4870.0 180.15433183
4880.0 180.523235278
4890.0 180.892134384
4900.0 181.26102921
4910.0 181.629919844
4920.0 181.998806365
4930.0 182.367688852
4940.0 182.736567387
4950.0 183.10544205
4960.0 183.474312923
4970.0 183.843180088
4980.0 184.212043627
4990.0 184.580903623
5000.0 184.949760161
5010.0 185.318613323
5020.0 185.687463195
5030.0 186.056309861
5040.0 186.425153407
5050.0 186.793993918
5060.0 187.162831479
5070.0 187.531666178
5080.0 187.9004981
5090.0 188.269327333
5100.0 188.638153963
5110.0 189.006978079
5120.0 189.375799767
5130.0 189.744619115
5140.0 190.113436211
5150.0 190.482251143
5160.0 190.851064
5170.0 191.21987487
5180.0 191.58868384
5190.0 191.957491001
5200.0 192.326296439
5210.0 192.695100245
5220.0 193.063902506
5230.0 193.432703311
5240.0 193.801502749
5250.0 194.170300907
5260.0 194.539097876
5270.0 194.907893742
5280.0 195.276688594
5290.0 195.645482521
5300.0 196.014275609
5310.0 196.383067948
5320.0 196.751859625
5330.0 197.120650726
5340.0 197.489441339
5350.0 197.858231552
5360.0 198.22702145
5370.0 198.595811121
5380.0 198.964600649
5390.0 199.333390121
5400.0 199.702179623
5410.0 200.070969238
5420.0 200.439759052
5430.0 200.80854915
5440.0 201.177339614
5450.0 201.546130528
5460.0 201.914921975
5470.0 202.283714038
5480.0 202.652506798
5490.0 203.021300337
5500.0 203.390094735
5510.0 203.758890074
5520.0 204.127686432
5530.0 204.496483889
5540.0 204.865282525
5550.0 205.234082416
5560.0 205.602883639
5570.0 205.971686273
5580.0 206.340490393
5590.0 206.709296074
5600.0 207.078103392
5610.0 207.446912419
5620.0 207.81572323
5630.0 208.184535898
5640.0 208.553350493
5650.0 208.922167088
5660.0 209.290985752
5670.0 209.659806555
5680.0 210.028629566
5690.0 210.397454853
5700.0 210.766282483
5710.0 211.135112523
5720.0 211.503945038
5730.0 211.872780092
5740.0 212.24161775
5750.0 212.610458074
5760.0 212.979301127
5770.0 213.348146969
5780.0 213.716995661
5790.0 214.085847263
5800.0 214.454701833
5810.0 214.823559428
5820.0 215.192420105