0.0 0.0
120.0 5.37999018778
121.25 5.43684302178
122.5 5.49366653899
123.75 5.55046147687
125.0 5.60722856629
126.25 5.66396853074
127.5 5.72068208554
128.75 5.77736993714
130.0 5.83403278251
131.25 5.89067130862
132.5 5.94728619196
133.75 6.0038780981
135.0 6.06044768136
136.25 6.1169955845
137.5 6.17352243846
138.75 6.23002886214
140.0 6.28651546226
141.25 6.34298283317
142.5 6.39943155682
143.75 6.45586220265
145.0 6.51227532758
146.25 6.56867147595
147.5 6.62505117964
148.75 6.68141495799
150.0 6.73776331794
151.25 6.79409675409
152.5 6.85041574877
155.0 6.96301228253
157.5 7.07555653748
160.0 7.18805194434
162.5 7.3005017514
165.0 7.41290903024
167.5 7.5252766818
170.0 7.63760744264
172.5 7.74990389148
175.0 7.86216845575
177.5 7.97440341826
180.0 8.08661092375
182.5 8.19879298547
185.0 8.31095149162
187.5 8.42308821163
190.0 8.53520480232
195.0 8.75938369571
200.0 8.98349939642
205.0 9.20756168896
210.0 9.43157907918
215.0 9.65555894182
220.0 9.87950765446
225.0 10.1034307182
230.0 10.3273328659
240.0 10.7750900733
250.0 11.222805188
260.0 11.6704969789
270.0 12.1181788616
280.0 12.5658602706
290.0 13.0135477028
300.0 13.4612455054
310.0 13.9089564653
320.0 14.3566822476
330.0 14.8044237208
340.0 15.2521811944
350.0 15.6999545936
360.0 16.1477435851
370.0 16.5955476681
380.0 17.0433662392
390.0 17.4911986377
400.0 17.9390441782
410.0 18.3869021718
420.0 18.834771941
430.0 19.2826528292
440.0 19.7305442065
450.0 20.1784454727
460.0 20.6263560594
470.0 21.0742754294
480.0 21.522203077
490.0 21.9701385266
500.0 22.4180813312
510.0 22.8660310714
520.0 23.3139873533
530.0 23.7619498073
540.0 24.209918086
550.0 24.6578918636
560.0 25.1058708335
570.0 25.5538547075
580.0 26.0018432146
590.0 26.4498360993
600.0 26.8978331213
610.0 27.3458340537
620.0 27.7938386826
630.0 28.2418468058
640.0 28.6898582326
650.0 29.1378727823
660.0 29.5858902842
670.0 30.0339105765
680.0 30.4819335058
690.0 30.9299589268
700.0 31.3779867014
710.0 31.8260166986
720.0 32.2740487938
730.0 32.7220828684
740.0 33.1701188096
750.0 33.6181565098
760.0 34.0661958665
770.0 34.5142367818
780.0 34.9622791623
790.0 35.4103229186
800.0 35.8583679651
810.0 36.30641422
820.0 36.7544616046
830.0 37.2025100436
840.0 37.6505594647
850.0 38.0986097981
860.0 38.5466609768
870.0 38.9947129361
880.0 39.4427656138
890.0 39.8908189495
900.0 40.3388728851
910.0 40.7869273639
920.0 41.2349823312
930.0 41.6830377339
940.0 42.1310935201
950.0 42.5791496396
960.0 43.0272060431
970.0 43.4752626825
980.0 43.923319511
990.0 44.3713764823
1000.0 44.8194335512
1010.0 45.2674906733
1020.0 45.7155478047
1030.0 46.1636049022
1040.0 46.611661923
1050.0 47.0597188248
1060.0 47.5077755657
1070.0 47.955832104
1080.0 48.4038883982
1090.0 48.8519444068
1100.0 49.3000000888
1110.0 49.7480554027
1120.0 50.1961103071
1130.0 50.6441647606
1140.0 51.0922187216
1150.0 51.5402721479
1160.0 51.9883249973
1170.0 52.4363772271
1180.0 52.8844287942
1190.0 53.3324796549
1200.0 53.780529765
1210.0 54.2285790796
1220.0 54.676627553
1230.0 55.1246751389
1240.0 55.5727217902
1250.0 56.0207674588
1260.0 56.4688120955
1270.0 56.9168556504
1280.0 57.3648980723
1290.0 57.8129393089
1300.0 58.2609793067
1310.0 58.7090180108
1320.0 59.1570553652
1330.0 59.6050913123
1340.0 60.0531257929
1350.0 60.5011587466
1360.0 60.9491901109
1370.0 61.3972198221
1380.0 61.8452478142
1390.0 62.2932740198
1400.0 62.7412983694
1410.0 63.1893207913
1420.0 63.637341212
1430.0 64.0853595557
1440.0 64.5333757443
1450.0 64.9813896975
1460.0 65.4294013325
1470.0 65.8774105639
1480.0 66.325417304
1490.0 66.773421462
1500.0 67.2214229446
1510.0 67.6694216556
1520.0 68.1174174957
1530.0 68.5654103627
1540.0 69.0134001511
1550.0 69.4613867522
1560.0 69.9093700539
1570.0 70.3573499406
1580.0 70.8053262932
1590.0 71.2532989887
1600.0 71.7012679006
1610.0 72.1492328982
1620.0 72.5971938469
1630.0 73.045150608
1640.0 73.4931030383
1650.0 73.9410509905
1660.0 74.3889943125
1670.0 74.8369328478
1680.0 75.284866435
1690.0 75.7327949077
1700.0 76.1807180947
1710.0 76.6286358194
1720.0 77.0765479001
1730.0 77.5244541496
1740.0 77.9723543749
1750.0 78.4202483777
1760.0 78.8681359534
1770.0 79.3160168916
1780.0 79.7638909759
1790.0 80.2117579832
1800.0 80.6596176843
1810.0 81.1074698433
1820.0 81.5553142173
1830.0 82.0031505568
1840.0 82.4509786051
1850.0 82.8987980983
1860.0 83.3466087649
1870.0 83.7944103262
1880.0 84.2422024956
1890.0 84.6899849785
1900.0 85.1377574725
1910.0 85.5855196668
1920.0 86.0332712423
1930.0 86.4810118715
1940.0 86.9287412179
1950.0 87.3764589364
1960.0 87.8241646727
1970.0 88.2718580633
1980.0 88.7195387355
1990.0 89.1672063068
2000.0 89.6148603851
2010.0 90.0625005685
2020.0 90.5101264449
2030.0 90.9577375921
2040.0 91.4053335775
2050.0 91.8529139579
2060.0 92.3004782794
2070.0 92.7480260774
2080.0 93.1955568759
2090.0 93.643070188
2100.0 94.0905655155
2110.0 94.5380423484
2120.0 94.9855001652
2130.0 95.4329384328
2140.0 95.8803566057
2150.0 96.3277541267
2160.0 96.7751304261
2170.0 97.2224849219
2180.0 97.6698170196
2190.0 98.1171261119
2200.0 98.5644115789
2210.0 99.0116727878
2220.0 99.4589090925
2230.0 99.9061198341
2240.0 100.35330434
2250.0 100.800461925
2260.0 101.24759189
2270.0 101.694693521
2280.0 102.141766094
2290.0 102.588808867
2300.0 103.035821086
2310.0 103.482801985
2320.0 103.929750781
2330.0 104.376666679
2340.0 104.823548868
2350.0 105.270396526
2360.0 105.717208814
2370.0 106.16398488
2380.0 106.610723858
2390.0 107.057424869
2400.0 107.504087016
2410.0 107.950709392
2420.0 108.397291073
2430.0 108.843831124
2440.0 109.290328593
2450.0 109.736782515
2460.0 110.183191911
2470.0 110.629555789
2480.0 111.075873142
2490.0 111.52214295
2500.0 111.968364179
2510.0 112.414535782
2520.0 112.860656699
2530.0 113.306725854
2540.0 113.752742163
2550.0 114.198704524
2560.0 114.644611826
2570.0 115.090462944
2580.0 115.53625674
2590.0 115.981992065
2600.0 116.427667758
2610.0 116.873282646
2620.0 117.318835545
2630.0 117.76432526
2640.0 118.209750584
2650.0 118.655110302
2660.0 119.100403187
2670.0 119.545628001
2680.0 119.9907835
2690.0 120.435868427
2700.0 120.880881519
2710.0 121.325821504
2720.0 121.7706871
2730.0 122.215477021
2740.0 122.66018997
2750.0 123.104824647
2760.0 123.549379743
2770.0 123.993853944
2780.0 124.438245931
2790.0 124.882554381
2800.0 125.326777964
2810.0 125.770915349
2820.0 126.2149652
2830.0 126.658926181
2840.0 127.102796951
2850.0 127.546576168
2860.0 127.99026249
2870.0 128.433854575
2880.0 128.87735108
2890.0 129.320750663
2900.0 129.764051986
2910.0 130.20725371
2920.0 130.650354501
2930.0 131.093353028
2940.0 131.536247964
2950.0 131.979037988
2960.0 132.421721783
2970.0 132.86429804
2980.0 133.306765456
2990.0 133.749122738
3000.0 134.191368598
3010.0 134.633501761
3020.0 135.07552096
3030.0 135.51742494
3040.0 135.959212457
3050.0 136.40088228
3060.0 136.842433191
3070.0 137.283863986
3080.0 137.725173477
3090.0 138.166360489
3100.0 138.607423865
3110.0 139.048362467
3120.0 139.489175173
3130.0 139.92986088
3140.0 140.370418505
3150.0 140.810846985
3160.0 141.25114528
3170.0 141.69131237
3180.0 142.131347259
3190.0 142.571248976
3200.0 143.011016571
3210.0 143.450649123
3220.0 143.890145735
3230.0 144.329505538
3240.0 144.768727689
3250.0 145.207811375
3260.0 145.646755811
3270.0 146.085560244
3280.0 146.52422395
3290.0 146.962746236
3300.0 147.401126443
3310.0 147.839363942
3320.0 148.277458141
3330.0 148.71540848
3340.0 149.153214433
3350.0 149.590875513
3360.0 150.028391266
3370.0 150.465761276
3380.0 150.902985165
3390.0 151.340062591
3400.0 151.776993253
3410.0 152.213776889
3420.0 152.650413273
3430.0 153.086902225
3440.0 153.523243601
3450.0 153.9594373
3460.0 154.395483262
3470.0 154.83138147
3480.0 155.267131948
3490.0 155.702734764
3500.0 156.13819003
3510.0 156.573497898
3520.0 157.008658567
3530.0 157.443672279
3540.0 157.87853932
3550.0 158.313260021
3560.0 158.747834759
3570.0 159.182263952
3580.0 159.616548067
3590.0 160.050687614
3600.0 160.48468315
3610.0 160.918535274
3620.0 161.352244635
3630.0 161.785811923
3640.0 162.219237876
3650.0 162.652523275
3660.0 163.085668949
3670.0 163.518675769
3680.0 163.951544652
3690.0 164.38427656
3700.0 164.816872499
3710.0 165.24933352
3720.0 165.681660717
3730.0 166.113855226
3740.0 166.54591823
3750.0 166.977850951
3760.0 167.409654657
3770.0 167.841330655
3780.0 168.272880295
3790.0 168.704304967
3800.0 169.135606103
3810.0 169.566785175
3820.0 169.997843692
3830.0 170.428783204
3840.0 170.859605298
3850.0 171.2903116
3860.0 171.72090377
3870.0 172.151383506
3880.0 172.581752541
3890.0 173.012012641
3900.0 173.442165607