0.0 0.0
120.0 5.38315400892
121.25 5.44003989507
122.5 5.49689646663
123.75 5.55372446105
125.0 5.61052460921
126.25 5.66729763463
127.5 5.7240442526
128.75 5.7807651696
130.0 5.83746108261
131.25 5.89413267861
132.5 5.95078063408
133.75 6.0074056146
135.0 6.06400827452
136.25 6.12058925658
137.5 6.17714919174
138.75 6.23368869891
140.0 6.2902083848
141.25 6.3467088438
142.5 6.40319065784
143.75 6.45965439637
145.0 6.51610061632
146.25 6.57252986206
147.5 6.62894266544
148.75 6.68533954583
150.0 6.74172101018
151.25 6.79808755308
152.5 6.85443965688
153.75 6.9107777918
155.0 6.96710241602
156.25 7.02341397587
157.5 7.07971290593
158.75 7.13599962922
160.0 7.19227455736
162.5 7.30479061869
165.0 7.41726416156
167.5 7.52969808695
170.0 7.64209513151
172.5 7.75445787401
175.0 7.86678874195
177.5 7.97909001819
180.0 8.09136384755
182.5 8.20361224335
185.0 8.31583709383
187.5 8.42804016851
190.0 8.54022312427
192.5 8.65238751139
195.0 8.76453477926
197.5 8.87666628203
200.0 8.98878328395
202.5 9.10088696451
205.0 9.21297842341
210.0 9.43712870404
215.0 9.66124150113
220.0 9.88532319281
225.0 10.1093792808
230.0 10.3334144984
235.0 10.5574329078
240.0 10.7814379853
245.0 11.0054326977
250.0 11.2294195694
260.0 11.6773780247
270.0 12.1253267714
280.0 12.5732752492
290.0 13.0212299603
300.0 13.4691952571
310.0 13.9171739317
320.0 14.365167655
330.0 14.813177301
340.0 15.261203185
350.0 15.7092452381
360.0 16.1573031332
370.0 16.6053763755
380.0 17.0534643679
390.0 17.5015664564
400.0 17.949681962
410.0 18.3978102027
420.0 18.845950508
430.0 19.2941022283
440.0 19.742264741
450.0 20.1904374535
460.0 20.6386198047
470.0 21.0868112656
480.0 21.5350113382
490.0 21.9832195551
500.0 22.4314354779
510.0 22.8796586956
520.0 23.3278888232
530.0 23.7761255
540.0 24.224368388
550.0 24.6726171707
560.0 25.1208715514
570.0 25.5691312517
580.0 26.0173960108
590.0 26.4656655838
600.0 26.913939741
610.0 27.3622182665
620.0 27.8105009577
630.0 28.2587876242
640.0 28.7070780868
650.0 29.1553721773
660.0 29.6036697374
670.0 30.0519706181
680.0 30.5002746794
690.0 30.9485817893
700.0 31.3968918239
710.0 31.8452046663
720.0 32.2935202066
730.0 32.7418383414
740.0 33.1901589734
750.0 33.6384820111
760.0 34.0868073682
770.0 34.5351349638
780.0 34.9834647219
790.0 35.4317965709
800.0 35.8801304436
810.0 36.3284662771
820.0 36.7768040123
830.0 37.2251435939
840.0 37.6734849702
850.0 38.1218280927
860.0 38.5701729164
870.0 39.0185193992
880.0 39.466867502
890.0 39.9152171885
900.0 40.3635684252
910.0 40.8119211811
920.0 41.2602754276
930.0 41.7086311389
940.0 42.1569882909
950.0 42.6053468622
960.0 43.0537068335
970.0 43.5020681872
980.0 43.9504309083
990.0 44.3987949832
1000.0 44.8471604005
1010.0 45.2955271507
1020.0 45.743895226
1030.0 46.1922646203
1040.0 46.6406353293
1050.0 47.0890073504
1060.0 47.5373806827
1070.0 47.9857553269
1080.0 48.4341312854
1090.0 48.882508562
1100.0 49.3308871624
1110.0 49.7792670935
1120.0 50.227648364
1130.0 50.6760309842
1140.0 51.1244149658
1150.0 51.5728003222
1160.0 52.0211870682
1170.0 52.4695752203
1180.0 52.9179647965
1190.0 53.3663558165
1200.0 53.8147483012
1210.0 54.2631422737
1220.0 54.7115377583
1230.0 55.159934781
1240.0 55.6083333696
1250.0 56.0567335535
1260.0 56.5051353638
1270.0 56.9535388335
1280.0 57.4019439971
1290.0 57.8503508912
1300.0 58.298759554
1310.0 58.7471700258
1320.0 59.1955823487
1330.0 59.6439965667
1340.0 60.092412726
1350.0 60.5408308748
1360.0 60.9892510634
1370.0 61.437673344
1380.0 61.8860977716
1390.0 62.3345244028
1400.0 62.782953297
1410.0 63.2313845159
1420.0 63.6798181235
1430.0 64.1282541864
1440.0 64.5766927739
1450.0 65.0251339577
1460.0 65.4735778125
1470.0 65.9220244155
1480.0 66.3704738472
1490.0 66.8189261906
1500.0 67.267381532
1510.0 67.7158399608
1520.0 68.1643015695
1530.0 68.6127664539
1540.0 69.0612347134
1550.0 69.5097064506
1560.0 69.9581817719
1570.0 70.4066607871
1580.0 70.8551436099
1590.0 71.3036303581
1600.0 71.7521211531
1610.0 72.2006161206
1620.0 72.6491153904
1630.0 73.0976190967
1640.0 73.5461273781
1650.0 73.9946403775
1660.0 74.4431582427
1670.0 74.8916811263
1680.0 75.3402091856
1690.0 75.7887425831
1700.0 76.2372814863
1710.0 76.685826068
1720.0 77.1343765065
1730.0 77.5829329856
1740.0 78.0314956946
1750.0 78.480064829
1760.0 78.9286405899
1770.0 79.3772231845
1780.0 79.8258128266
1790.0 80.274409736
1800.0 80.7230141391
1810.0 81.1716262692
1820.0 81.6202463663
1830.0 82.0688746772
1840.0 82.5175114562
1850.0 82.9661569647
1860.0 83.4148114714
1870.0 83.8634752529
1880.0 84.3121485934
1890.0 84.7608317851
1900.0 85.2095251283
1910.0 85.6582289315
1920.0 86.1069435116
1930.0 86.5556691942
1940.0 87.0044063136
1950.0 87.453155213
1960.0 87.9019162447
1970.0 88.3506897701
1980.0 88.7994761604
1990.0 89.2482757959
2000.0 89.6970890671
2010.0 90.1459163741
2020.0 90.5947581272
2030.0 91.043614747
2040.0 91.4924866644
2050.0 91.9413743209
2060.0 92.3902781689
2070.0 92.8391986716
2080.0 93.288136303
2090.0 93.7370915489
2100.0 94.1860649059
2110.0 94.6350568824
2120.0 95.0840679986
2130.0 95.5330987864
2140.0 95.9821497895
2150.0 96.4312215641
2160.0 96.8803146784
2170.0 97.3294297132
2180.0 97.7785672617
2190.0 98.2277279298
2200.0 98.6769123363
2210.0 99.1261211128
2220.0 99.575354904
2230.0 100.024614368
2240.0 100.473900176
2250.0 100.923213012
2260.0 101.372553574
2270.0 101.821922574
2280.0 102.271320738
2290.0 102.720748804
2300.0 103.170207524
2310.0 103.619697667
2320.0 104.069220012
2330.0 104.518775354
2340.0 104.968364501
2350.0 105.417988277
2360.0 105.867647519
2370.0 106.317343077
2380.0 106.767075818
2390.0 107.216846619
2400.0 107.666656375
2410.0 108.116505994
2420.0 108.566396397
2430.0 109.016328521
2440.0 109.466303315
2450.0 109.916321744
2460.0 110.366384785
2470.0 110.816493431
2480.0 111.266648687
2490.0 111.716851572
2500.0 112.167103121
2510.0 112.617404378
2520.0 113.067756404
2530.0 113.518160272
2540.0 113.968617068
2550.0 114.419127891
2560.0 114.869693853
2570.0 115.320316077
2580.0 115.770995701
2590.0 116.221733873
2600.0 116.672531754
2610.0 117.123390515
2620.0 117.57431134
2630.0 118.025295424
2640.0 118.476343972
2650.0 118.9274582
2660.0 119.378639334
2670.0 119.829888609
2680.0 120.281207272
2690.0 120.732596576
2700.0 121.184057786
2710.0 121.635592173
2720.0 122.087201017
2730.0 122.538885605
2740.0 122.990647231
2750.0 123.442487198
2760.0 123.894406812
2770.0 124.346407386
2780.0 124.798490241
2790.0 125.250656698
2800.0 125.702908085
2810.0 126.155245735
2820.0 126.607670981
2830.0 127.060185161
2840.0 127.512789614
2850.0 127.965485682
2860.0 128.418274705
2870.0 128.871158028
2880.0 129.32413699
2890.0 129.777212933
2900.0 130.230387197
2910.0 130.683661118
2920.0 131.137036031
2930.0 131.590513265
2940.0 132.044094149
2950.0 132.497780001
2960.0 132.951572139
2970.0 133.405471871
2980.0 133.8594805
2990.0 134.313599319
3000.0 134.767829613
3010.0 135.22217266
3020.0 135.676629724
3030.0 136.131202062
3040.0 136.585890915
3050.0 137.040697515
3060.0 137.49562308
3070.0 137.950668813
3080.0 138.405835902
3090.0 138.861125521
3100.0 139.316538826
3110.0 139.772076956
3120.0 140.227741033
3130.0 140.683532158
3140.0 141.139451415
3150.0 141.595499866
3160.0 142.05167855
3170.0 142.507988487
3180.0 142.964430674
3190.0 143.42100608
3200.0 143.877715656
3210.0 144.334560321
3220.0 144.791540973
3230.0 145.248658482
3240.0 145.705913687
3250.0 146.163307403
3260.0 146.620840414
3270.0 147.078513473
3280.0 147.536327305
3290.0 147.9942826
3300.0 148.452380019
3310.0 148.910620189
3320.0 149.369003703
3330.0 149.82753112
3340.0 150.286202965
3350.0 150.745019727
3360.0 151.203981858
3370.0 151.663089773
3380.0 152.122343852
3390.0 152.581744434
3400.0 153.041291821
3410.0 153.500986277
3420.0 153.960828023
3430.0 154.420817243
3440.0 154.880954079
3450.0 155.341238631
3460.0 155.80167096
3470.0 156.262251082
3480.0 156.722978973
3490.0 157.183854564
3500.0 157.644877745
3510.0 158.106048362
3520.0 158.567366215
3530.0 159.028831063
3540.0 159.49044262
3550.0 159.952200553
3560.0 160.414104488
3570.0 160.876154003
3580.0 161.338348633
3590.0 161.800687867
3600.0 162.263171149
3610.0 162.725797878
3620.0 163.188567406
3630.0 163.651479042
3640.0 164.114532048
3650.0 164.577725643
3660.0 165.041058999
3670.0 165.504531242
3680.0 165.968141457
3690.0 166.431888681
3700.0 166.895771907
3710.0 167.359790085
3720.0 167.823942121
3730.0 168.288226878
3740.0 168.752643173
3750.0 169.217189783
3760.0 169.681865442
3770.0 170.146668841
3780.0 170.61159863
3790.0 171.076653418
3800.0 171.541831775
3810.0 172.007132228
3820.0 172.472553266
3830.0 172.938093341
3840.0 173.403750865
3850.0 173.869524213
3860.0 174.335411722
3870.0 174.801411697
3880.0 175.267522403
3890.0 175.733742073
3900.0 176.200068908