0.0 0.0
120.0 5.41067511619
121.25 5.46784768054
122.5 5.5249909303
123.75 5.58210560291
125.0 5.63919242928
126.25 5.6962521329
127.5 5.75328542907
128.75 5.81029302427
130.0 5.86727561549
131.25 5.92423388968
132.5 5.98116852335
133.75 6.03808018208
135.0 6.09496952019
136.25 6.15183718045
137.5 6.20868379382
138.75 6.26550997919
140.0 6.32231634328
141.25 6.37910348048
142.5 6.43587197272
143.75 6.49262238945
145.0 6.5493552876
146.25 6.60607121154
147.5 6.66277069312
148.75 6.71945425171
150.0 6.77612239426
151.25 6.83277561536
152.5 6.88941439737
153.75 6.94603921048
155.0 7.00265051291
156.25 7.05924875096
157.5 7.11583435922
158.75 7.17240776071
160.0 7.22896936705
162.5 7.34205878478
165.0 7.45510568405
167.5 7.56811296584
170.0 7.6810833668
172.5 7.7940194657
175.0 7.90692369005
177.5 8.01979832269
180.0 8.13264550845
182.5 8.24546726065
185.0 8.35826546754
187.5 8.47104189862
190.0 8.58379821078
192.5 8.69653595429
195.0 8.80925657856
197.5 8.92196143774
200.0 9.03465179606
202.5 9.14732883303
205.0 9.25999364833
210.0 9.48529064175
215.0 9.71055015165
220.0 9.93577855614
225.0 10.1609813569
230.0 10.3861632874
235.0 10.6113284096
240.0 10.8364801998
245.0 11.061621625
250.0 11.2867552096
260.0 11.7370070904
270.0 12.1872492628
280.0 12.6374911662
290.0 13.0877393029
300.0 13.5379980252
310.0 13.9882701255
320.0 14.4385572744
330.0 14.8888603459
340.0 15.3391796556
350.0 15.7895151343
360.0 16.239866455
370.0 16.6902331229
380.0 17.1406145409
390.0 17.591010055
400.0 18.0414189862
410.0 18.4918406525
420.0 18.9422743834
430.0 19.3927195294
440.0 19.8431754677
450.0 20.2936416058
460.0 20.7441173826
470.0 21.194602269
480.0 21.6450957672
490.0 22.0955974098
500.0 22.5461067582
510.0 22.9966234015
520.0 23.4471469547
530.0 23.8976770571
540.0 24.3482133707
550.0 24.798755579
560.0 25.2493033853
570.0 25.6998565112
580.0 26.1504146959
590.0 26.6009776945
600.0 27.0515452773
610.0 27.5021172285
620.0 27.9526933453
630.0 28.4032734373
640.0 28.8538573256
650.0 29.3044448417
660.0 29.7550358274
670.0 30.2056301337
680.0 30.6562276205
690.0 31.1068281561
700.0 31.5574316163
710.0 32.0080378843
720.0 32.4586468502
730.0 32.9092584106
740.0 33.3598724682
750.0 33.8104889315
760.0 34.2611077142
770.0 34.7117287355
780.0 35.1623519191
790.0 35.6129771937
800.0 36.063604492
810.0 36.5142337511
820.0 36.9648649119
830.0 37.4154979192
840.0 37.866132721
850.0 38.3167692692
860.0 38.7674075185
870.0 39.2180474268
880.0 39.6686889552
890.0 40.1193320674
900.0 40.5699767297
910.0 41.0206229112
920.0 41.4712705834
930.0 41.9219197202
940.0 42.3725702978
950.0 42.8232222948
960.0 43.2738756916
970.0 43.724530471
980.0 44.1751866176
990.0 44.6258441181
1000.0 45.0765029611
1010.0 45.5271631369
1020.0 45.9778246377
1030.0 46.4284874576
1040.0 46.8791515922
1050.0 47.329817039
1060.0 47.7804837969
1070.0 48.2311518667
1080.0 48.6818212508
1090.0 49.132491953
1100.0 49.583163979
1110.0 50.0338373357
1120.0 50.4845120318
1130.0 50.9351880776
1140.0 51.3858654849
1150.0 51.8365442668
1160.0 52.2872244385
1170.0 52.7379060162
1180.0 53.188589018
1190.0 53.6392734635
1200.0 54.0899593739
1210.0 54.540646772
1220.0 54.9913356822
1230.0 55.4420261305
1240.0 55.8927181447
1250.0 56.3434117542
1260.0 56.7941069901
1270.0 57.2448038854
1280.0 57.6955024746
1290.0 58.1462027943
1300.0 58.5969048827
1310.0 59.0476087801
1320.0 59.4983145286
1330.0 59.9490221723
1340.0 60.3997317572
1350.0 60.8504433316
1360.0 61.3011569457
1370.0 61.751872652
1380.0 62.2025905051
1390.0 62.653310562
1400.0 63.1040328818
1410.0 63.5547575263
1420.0 64.0054845595
1430.0 64.456214048
1440.0 64.9069460611
1450.0 65.3576806705
1460.0 65.8084179509
1470.0 66.2591579796
1480.0 66.7099008368
1490.0 67.1606466058
1500.0 67.6113953728
1510.0 68.0621472272
1520.0 68.5129022615
1530.0 68.9636605716
1540.0 69.4144222567
1550.0 69.8651874195
1560.0 70.3159561663
1570.0 70.7667286071
1580.0 71.2175048556
1590.0 71.6682850294
1600.0 72.11906925
1610.0 72.5698576431
1620.0 73.0206503385
1630.0 73.4714474704
1640.0 73.9222491774
1650.0 74.3730556024
1660.0 74.8238668932
1670.0 75.2746832024
1680.0 75.7255046874
1690.0 76.1763315104
1700.0 76.6271638392
1710.0 77.0780018466
1720.0 77.5288457107
1730.0 77.9796956153
1740.0 78.43055175
1750.0 78.88141431
1760.0 79.3322834964
1770.0 79.7831595167
1780.0 80.2340425844
1790.0 80.6849329193
1800.0 81.1358307481
1810.0 81.5867363038
1820.0 82.0376498265
1830.0 82.4885715631
1840.0 82.9395017677
1850.0 83.3904407017
1860.0 83.841388634
1870.0 84.2923458411
1880.0 84.7433126072
1890.0 85.1942892246
1900.0 85.6452759933
1910.0 86.0962732221
1920.0 86.5472812279
1930.0 86.9983003361
1940.0 87.4493308811
1950.0 87.9003732061
1960.0 88.3514276633
1970.0 88.8024946144
1980.0 89.2535744303
1990.0 89.7046674914
2000.0 90.1557741882
2010.0 90.6068949208
2020.0 91.0580300995
2030.0 91.5091801449
2040.0 91.9603454879
2050.0 92.4115265701
2060.0 92.8627238437
2070.0 93.3139377719
2080.0 93.765168829
2090.0 94.2164175004
2100.0 94.667684283
2110.0 95.1189696852
2120.0 95.570274227
2130.0 96.0215984403
2140.0 96.4729428691
2150.0 96.9243080693
2160.0 97.3756946092
2170.0 97.8271030696
2180.0 98.2785340437
2190.0 98.7299881374
2200.0 99.1814659695
2210.0 99.6329681716
2220.0 100.084495388
2230.0 100.536048278
2240.0 100.987627511
2250.0 101.439233773
2260.0 101.890867761
2270.0 102.342530187
2280.0 102.794221776
2290.0 103.245943267
2300.0 103.697695414
2310.0 104.149478982
2320.0 104.601294752
2330.0 105.05314352
2340.0 105.505026093
2350.0 105.956943295
2360.0 106.408895962
2370.0 106.860884946
2380.0 107.312911112
2390.0 107.764975339
2400.0 108.21707852
2410.0 108.669221565
2420.0 109.121405394
2430.0 109.573630943
2440.0 110.025899163
2450.0 110.478211017
2460.0 110.930567484
2470.0 111.382969555
2480.0 111.835418237
2490.0 112.287914548
2500.0 112.740459522
2510.0 113.193054205
2520.0 113.645699656
2530.0 114.09839695
2540.0 114.551147172
2550.0 115.00395142
2560.0 115.456810808
2570.0 115.909726458
2580.0 116.362699507
2590.0 116.815731105
2600.0 117.268822411
2610.0 117.721974598
2620.0 118.175188849
2630.0 118.628466358
2640.0 119.081808332
2650.0 119.535215985
2660.0 119.988690545
2670.0 120.442233246
2680.0 120.895845334
2690.0 121.349528064
2700.0 121.8032827
2710.0 122.257110512
2720.0 122.711012782
2730.0 123.164990795
2740.0 123.619045847
2750.0 124.073179239
2760.0 124.527392279
2770.0 124.981686279
2780.0 125.436062559
2790.0 125.890522442
2800.0 126.345067255
2810.0 126.79969833
2820.0 127.254417001
2830.0 127.709224607
2840.0 128.164122486
2850.0 128.619111979
2860.0 129.074194429
2870.0 129.529371176
2880.0 129.984643564
2890.0 130.440012933
2900.0 130.895480623
2910.0 131.351047969
2920.0 131.806716308
2930.0 132.262486968
2940.0 132.718361277
2950.0 133.174340555
2960.0 133.630426118
2970.0 134.086619276
2980.0 134.54292133
2990.0 134.999333575
3000.0 135.455857295
3010.0 135.912493767
3020.0 136.369244257
3030.0 136.82611002
3040.0 137.283092299
3050.0 137.740192325
3060.0 138.197411315
3070.0 138.654750474
3080.0 139.112210989
3090.0 139.569794033
3100.0 140.027500764
3110.0 140.48533232
3120.0 140.943289822
3130.0 141.401374373
3140.0 141.859587055
3150.0 142.317928931
3160.0 142.776401041
3170.0 143.235004404
3180.0 143.693740016
3190.0 144.152608849
3200.0 144.611611849
3210.0 145.070749941
3220.0 145.530024018
3230.0 145.989434952
3240.0 146.448983583
3250.0 146.908670725
3260.0 147.368497161
3270.0 147.828463646
3280.0 148.288570903
3290.0 148.748819624
3300.0 149.209210469
3310.0 149.669744064
3320.0 150.130421004
3330.0 150.591241847
3340.0 151.052207118
3350.0 151.513317305
3360.0 151.974572861
3370.0 152.435974202
3380.0 152.897521706
3390.0 153.359215714
3400.0 153.821056527
3410.0 154.283044408
3420.0 154.74517958
3430.0 155.207462226
3440.0 155.669892487
3450.0 156.132470465
3460.0 156.59519622
3470.0 157.058069767
3480.0 157.521091084
3490.0 157.984260101
3500.0 158.447576707
3510.0 158.911040749
3520.0 159.374652028
3530.0 159.838410302
3540.0 160.302315284
3550.0 160.766366643
3560.0 161.230564003
3570.0 161.694906944
3580.0 162.159395
3590.0 162.62402766
3600.0 163.088804367
3610.0 163.553724521
3620.0 164.018787475
3630.0 164.483992537
3640.0 164.949338969
3650.0 165.414825989
3660.0 165.88045277
3670.0 166.34621844
3680.0 166.81212208
3690.0 167.278162729
3700.0 167.744339381
3710.0 168.210650985
3720.0 168.677096447
3730.0 169.143674629
3740.0 169.610384349
3750.0 170.077224385
3760.0 170.54419347
3770.0 171.011290294
3780.0 171.478513509
3790.0 171.945861723
3800.0 172.413333505
3810.0 172.880927383
3820.0 173.348641848
3830.0 173.816475348
3840.0 174.284426298
3850.0 174.752493071
3860.0 175.220674006
3870.0 175.688967406
3880.0 176.157371538
3890.0 176.625884634
3900.0 177.094504894