0.0 0.0
120.0 5.43183082553
121.25 5.48922376185
122.5 5.54658738359
123.75 5.60392242817
125.0 5.66122962651
126.25 5.7185097021
127.5 5.77576337025
128.75 5.83299133742
130.0 5.89019430061
131.25 5.94737294678
132.5 6.00452795242
133.75 6.06165998312
135.0 6.1187696932
136.25 6.17585772544
137.5 6.23292471077
138.75 6.28997126811
140.0 6.34699800418
141.25 6.40400551335
142.5 6.46099437756
143.75 6.51796516627
145.0 6.57491843639
146.25 6.6318547323
147.5 6.68877458585
148.75 6.74567851642
150.0 6.80256703094
151.25 6.85944062401
152.5 6.91629977799
153.75 6.97314496308
155.0 7.02997663748
156.25 7.0867952475
157.5 7.14360122773
158.75 7.2003950012
160.0 7.25717697951
162.5 7.37070714118
165.0 7.48419478439
167.5 7.59764281013
170.0 7.71105395504
172.5 7.82443079788
175.0 7.93777576617
177.5 8.05109114276
180.0 8.16437907247
182.5 8.27764156861
185.0 8.39088051944
187.5 8.50409769446
190.0 8.61729475057
192.5 8.73047323803
195.0 8.84363460625
197.5 8.95678020937
200.0 9.06991131163
202.5 9.18302909254
205.0 9.29613465179
210.0 9.5223131331
215.0 9.74845413089
220.0 9.97456402326
225.0 10.2006483119
230.0 10.4267117303
235.0 10.6527583404
240.0 10.8787916185
245.0 11.1048145316
250.0 11.330829604
260.0 11.7828444606
270.0 12.2348496088
280.0 12.686854488
290.0 13.1388656005
300.0 13.5908872986
310.0 14.0429223746
320.0 14.4949724993
330.0 14.9470385466
340.0 15.3991208321
350.0 15.8512192866
360.0 16.303333583
370.0 16.7554632267
380.0 17.2076076205
390.0 17.6597661103
400.0 18.1119380173
410.0 18.5641226594
420.0 19.0163193661
430.0 19.4685274878
440.0 19.9207464019
450.0 20.3729755158
460.0 20.8252142684
470.0 21.2774621306
480.0 21.7297186046
490.0 22.1819832229
500.0 22.6342555471
510.0 23.0865351662
520.0 23.5388216952
530.0 23.9911147733
540.0 24.4434140627
550.0 24.8957192468
560.0 25.3480300289
570.0 25.8003461306
580.0 26.2526672911
590.0 26.7049932655
600.0 27.157323824
610.0 27.609658751
620.0 28.0619978436
630.0 28.5143409114
640.0 28.9666877754
650.0 29.4190382673
660.0 29.8713922287
670.0 30.3237495108
680.0 30.7761099735
690.0 31.2284734848
700.0 31.6808399208
710.0 32.1332091645
720.0 32.5855811062
730.0 33.0379556425
740.0 33.4903326759
750.0 33.9427121149
760.0 34.3950938734
770.0 34.8474778704
780.0 35.2998640299
790.0 35.7522522802
800.0 36.2046425543
810.0 36.6570347892
820.0 37.1094289258
830.0 37.5618249088
840.0 38.0142226864
850.0 38.4666222103
860.0 38.9190234354
870.0 39.3714263196
880.0 39.8238308238
890.0 40.2762369117
900.0 40.7286445497
910.0 41.181053707
920.0 41.633464355
930.0 42.0858764676
940.0 42.538290021
950.0 42.9907049937
960.0 43.4431213663
970.0 43.8955391215
980.0 44.3479582439
990.0 44.8003787202
1000.0 45.2528005389
1010.0 45.7052236905
1020.0 46.1576481672
1030.0 46.6100739628
1040.0 47.0625010732
1050.0 47.5149294957
1060.0 47.9673592294
1070.0 48.419790275
1080.0 48.8722226349
1090.0 49.3246563129
1100.0 49.7770913146
1110.0 50.2295276471
1120.0 50.681965319
1130.0 51.1344043406
1140.0 51.5868447236
1150.0 52.0392864814
1160.0 52.4917296288
1170.0 52.9441741823
1180.0 53.3966201599
1190.0 53.8490675812
1200.0 54.3015164673
1210.0 54.7539668412
1220.0 55.2064187271
1230.0 55.6588721512
1240.0 56.1113271412
1250.0 56.5637837265
1260.0 57.0162419382
1270.0 57.4687018093
1280.0 57.9211633743
1290.0 58.3736266697
1300.0 58.8260917339
1310.0 59.2785586071
1320.0 59.7310273314
1330.0 60.1834979508
1340.0 60.6359705115
1350.0 61.0884450617
1360.0 61.5409216516
1370.0 61.9934003337
1380.0 62.4458811626
1390.0 62.8983641952
1400.0 63.3508494908
1410.0 63.8033371111
1420.0 64.25582712
1430.0 64.7083195844
1440.0 65.1608145732
1450.0 65.6133121584
1460.0 66.0658124145
1470.0 66.518315419
1480.0 66.970821252
1490.0 67.4233299968
1500.0 67.8758417396
1510.0 68.3283565698
1520.0 68.7808745798
1530.0 69.2333958657
1540.0 69.6859205266
1550.0 70.1384486652
1560.0 70.5909803878
1570.0 71.0435158044
1580.0 71.4960550286
1590.0 71.9485981782
1600.0 72.4011453746
1610.0 72.8536967435
1620.0 73.3062524147
1630.0 73.7588125223
1640.0 74.211377205
1650.0 74.6639466058
1660.0 75.1165208725
1670.0 75.5691001575
1680.0 76.0216846182
1690.0 76.474274417
1700.0 76.9268697216
1710.0 77.3794707047
1720.0 77.8320775446
1730.0 78.284690425
1740.0 78.7373095355
1750.0 79.1899350712
1760.0 79.6425672335
1770.0 80.0952062295
1780.0 80.547852273
1790.0 81.0005055837
1800.0 81.4531663883
1810.0 81.9058349198
1820.0 82.3585114182
1830.0 82.8111961305
1840.0 83.2638893109
1850.0 83.7165912207
1860.0 84.1693021288
1870.0 84.6220223117
1880.0 85.0747520536
1890.0 85.5274916467
1900.0 85.9802413913
1910.0 86.4330015958
1920.0 86.8857725773
1930.0 87.3385546614
1940.0 87.7913481821
1950.0 88.2441534829
1960.0 88.6969709159
1970.0 89.1498008428
1980.0 89.6026436344
1990.0 90.0554996714
2000.0 90.5083693439
2010.0 90.9612530523
2020.0 91.4141512068
2030.0 91.8670642279
2040.0 92.3199925467
2050.0 92.7729366047
2060.0 93.2258968541
2070.0 93.6788737581
2080.0 94.1318677909
2090.0 94.5848794381
2100.0 95.0379091965
2110.0 95.4909575745
2120.0 95.9440250921
2130.0 96.3971122812
2140.0 96.8502196857
2150.0 97.3033478617
2160.0 97.7564973774
2170.0 98.2096688136
2180.0 98.6628627634
2190.0 99.1160798329
2200.0 99.5693206408
2210.0 100.022585819
2220.0 100.475876011
2230.0 100.929191877
2240.0 101.382534086
2250.0 101.835903323
2260.0 102.289300287
2270.0 102.742725689
2280.0 103.196180253
2290.0 103.649664721
2300.0 104.103179843
2310.0 104.556726387
2320.0 105.010305133
2330.0 105.463916876
2340.0 105.917562425
2350.0 106.371242603
2360.0 106.824958246
2370.0 107.278710205
2380.0 107.732499347
2390.0 108.18632655
2400.0 108.640192707
2410.0 109.094098727
2420.0 109.548045532
2430.0 110.002034057
2440.0 110.456065253
2450.0 110.910140083
2460.0 111.364259525
2470.0 111.818424573
2480.0 112.27263623
2490.0 112.726895517
2500.0 113.181203467
2510.0 113.635561125
2520.0 114.089969553
2530.0 114.544429822
2540.0 114.998943019
2550.0 115.453510244
2560.0 115.908132607
2570.0 116.362811233
2580.0 116.817547258
2590.0 117.272341832
2600.0 117.727196114
2610.0 118.182111276
2620.0 118.637088503
2630.0 119.092128988
2640.0 119.547233937
2650.0 120.002404567
2660.0 120.457642102
2670.0 120.912947779
2680.0 121.368322843
2690.0 121.823768549
2700.0 122.27928616
2710.0 122.734876948
2720.0 123.190542193
2730.0 123.646283182
2740.0 124.10210121
2750.0 124.557997578
2760.0 125.013973594
2770.0 125.47003057
2780.0 125.926169825
2790.0 126.382392684
2800.0 126.838700473
2810.0 127.295094523
2820.0 127.751576171
2830.0 128.208146752
2840.0 128.664807607
2850.0 129.121560076
2860.0 129.578405501
2870.0 130.035345225
2880.0 130.492380588
2890.0 130.949512933
2900.0 131.406743598
2910.0 131.864073921
2920.0 132.321505235
2930.0 132.779038871
2940.0 133.236676156
2950.0 133.69441841
2960.0 134.152266949
2970.0 134.610223082
2980.0 135.068288112
2990.0 135.526463332
3000.0 135.984750028
3010.0 136.443149476
3020.0 136.901662942
3030.0 137.360291681
3040.0 137.819036936
3050.0 138.277899937
3060.0 138.736881904
3070.0 139.195984038
3080.0 139.655207528
3090.0 140.114553549
3100.0 140.574023255
3110.0 141.033617787
3120.0 141.493338265
3130.0 141.953185792
3140.0 142.41316145
3150.0 142.873266302
3160.0 143.333501387
3170.0 143.793867726
3180.0 144.254366314
3190.0 144.714998122
3200.0 145.175764099
3210.0 145.636665166
3220.0 146.097702219
3230.0 146.558876129
3240.0 147.020187736
3250.0 147.481637853
3260.0 147.943227265
3270.0 148.404956726
3280.0 148.866826959
3290.0 149.328838655
3300.0 149.790992476
3310.0 150.253289047
3320.0 150.715728962
3330.0 151.178312781
3340.0 151.641041028
3350.0 152.103914191
3360.0 152.566932723
3370.0 153.03009704
3380.0 153.49340752
3390.0 153.956864503
3400.0 154.420468292
3410.0 154.884219149
3420.0 155.348117297
3430.0 155.812162918
3440.0 156.276356155
3450.0 156.740697109
3460.0 157.205185839
3470.0 157.669822363
3480.0 158.134606655
3490.0 158.599538647
3500.0 159.06461823
3510.0 159.529845248
3520.0 159.995219502
3530.0 160.460740752
3540.0 160.92640871
3550.0 161.392223044
3560.0 161.858183381
3570.0 162.324289297
3580.0 162.790540329
3590.0 163.256935964
3600.0 163.723475647
3610.0 164.190158777
3620.0 164.656984707
3630.0 165.123952744
3640.0 165.591062152
3650.0 166.058312148
3660.0 166.525701905
3670.0 166.99323055
3680.0 167.460897166
3690.0 167.928700791
3700.0 168.396640419
3710.0 168.864714999
3720.0 169.332923436
3730.0 169.801264594
3740.0 170.269737291
3750.0 170.738340302
3760.0 171.207072362
3770.0 171.675932163
3780.0 172.144918353
3790.0 172.614029543
3800.0 173.083264301
3810.0 173.552621155
3820.0 174.022098595
3830.0 174.491695072
3840.0 174.961408997
3850.0 175.431238746
3860.0 175.901182657
3870.0 176.371239032
3880.0 176.84140614
3890.0 177.311682212
3900.0 177.782065448