0.0 0.0
120.0 5.37907234802
121.25 5.43591571687
122.5 5.49272977113
123.75 5.54951524824
125.0 5.60627287911
126.25 5.66300338722
127.5 5.7197074879
128.75 5.7763858876
130.0 5.83303928331
131.25 5.889668362
132.5 5.94627380017
133.75 6.00285626339
135.0 6.059416406
136.25 6.11595487077
137.5 6.17247228862
138.75 6.22896927849
140.0 6.28544644709
141.25 6.34190438878
142.5 6.39834368552
143.75 6.45476490675
145.0 6.5111686094
146.25 6.56755533783
147.5 6.62392562391
148.75 6.680279987
150.0 6.73661893405
151.25 6.79294295965
152.5 6.84925254616
153.75 6.90554816377
155.0 6.96183027069
156.25 7.01809931324
157.5 7.074355726
158.75 7.13059993199
160.0 7.18683234283
162.5 7.29926336955
165.0 7.41165187782
167.5 7.52400076861
170.0 7.63631277857
172.5 7.74859048646
175.0 7.8608363198
177.5 7.97305256144
180.0 8.0852413562
182.5 8.1974047174
185.0 8.30954453328
187.5 8.42166257336
190.0 8.53376049452
192.5 8.64583984703
195.0 8.75790208029
197.5 8.86994854847
200.0 8.98198051578
202.5 9.09399916175
205.0 9.20600558604
210.0 9.42998579746
215.0 9.65392852535
220.0 9.87784014783
225.0 10.1017261666
230.0 10.3255913151
235.0 10.5494396553
240.0 10.7732746635
245.0 10.9970993067
250.0 11.2209161092
260.0 11.668534426
270.0 12.1161430344
280.0 12.5637513738
290.0 13.0113659465
300.0 13.4589911048
310.0 13.906629641
320.0 14.3542832259
330.0 14.8019527335
340.0 15.2496384791
350.0 15.6973403939
360.0 16.1450581505
370.0 16.5927912544
380.0 17.0405391084
390.0 17.4883010584
400.0 17.9360764257
410.0 18.383864528
420.0 18.8316646948
430.0 19.2794762768
440.0 19.7272986511
450.0 20.1751312251
460.0 20.622973438
470.0 21.0708247604
480.0 21.5186846946
490.0 21.9665527731
500.0 22.4144285575
510.0 22.8623116368
520.0 23.310201626
530.0 23.7580981643
540.0 24.206000914
550.0 24.6539095583
560.0 25.1018238005
570.0 25.5497433624
580.0 25.9976679831
590.0 26.4455974177
600.0 26.8935314365
610.0 27.3414698236
620.0 27.7894123764
630.0 28.2373589045
640.0 28.6853092287
650.0 29.1332631808
660.0 29.5812206024
670.0 30.0291813448
680.0 30.4771452676
690.0 30.9251122391
700.0 31.3730821353
710.0 31.8210548393
720.0 32.2690302412
730.0 32.7170082376
740.0 33.1649887312
750.0 33.6129716304
760.0 34.0609568492
770.0 34.5089443064
780.0 34.9569339261
790.0 35.4049256366
800.0 35.8529193709
810.0 36.300915066
820.0 36.7489126628
830.0 37.196912106
840.0 37.6449133439
850.0 38.092916328
860.0 38.5409210133
870.0 38.9889273576
880.0 39.436935322
890.0 39.8849448701
900.0 40.3329559684
910.0 40.7809685859
920.0 41.2289826941
930.0 41.6769982669
940.0 42.1250152805
950.0 42.5730337135
960.0 43.0210535463
970.0 43.4690747616
980.0 43.9170973442
990.0 44.3651212808
1000.0 44.8131465597
1010.0 45.2611731715
1020.0 45.7092011083
1030.0 46.1572303642
1040.0 46.6052609348
1050.0 47.0532928175
1060.0 47.5013260114
1070.0 47.9493605173
1080.0 48.3973963373
1090.0 48.8454334755
1100.0 49.2934719375
1110.0 49.7415117301
1120.0 50.1895528623
1130.0 50.6375953441
1140.0 51.0856391873
1150.0 51.5336844053
1160.0 51.9817310129
1170.0 52.4297790266
1180.0 52.8778284644
1190.0 53.3258793459
1200.0 53.7739316922
1210.0 54.2219855263
1220.0 54.6700408725
1230.0 55.1180977568
1240.0 55.566156207
1250.0 56.0142162525
1260.0 56.4622779244
1270.0 56.9103412556
1280.0 57.3584062809
1290.0 57.8064730365
1300.0 58.2545415609
1310.0 58.7026118943
1320.0 59.1506840788
1330.0 59.5987581584
1340.0 60.0468341793
1350.0 60.4949121897
1360.0 60.9429922398
1370.0 61.3910743821
1380.0 61.8391586712
1390.0 62.2872451641
1400.0 62.7353339199
1410.0 63.1834250003
1420.0 63.6315184695
1430.0 64.079614394
1440.0 64.5277128431
1450.0 64.9758138885
1460.0 65.4239176049
1470.0 65.8720240695
1480.0 66.3201333628
1490.0 66.7682455678
1500.0 67.2163607708
1510.0 67.6644790611
1520.0 68.1126005314
1530.0 68.5607252775
1540.0 69.0088533985
1550.0 69.4569849973
1560.0 69.9051201802
1570.0 70.3532590569
1580.0 70.8014017414
1590.0 71.2495483512
1600.0 71.6976990078
1610.0 72.1458538369
1620.0 72.5940129683
1630.0 73.0421765362
1640.0 73.4903446791
1650.0 73.9385175401
1660.0 74.3866952669
1670.0 74.8348780121
1680.0 75.283065933
1690.0 75.7312591921
1700.0 76.1794579569
1710.0 76.6276624002
1720.0 77.0758727003
1730.0 77.5240890409
1740.0 77.9723116116
1750.0 78.4205406075
1760.0 78.86877623
1770.0 79.3170186863
1780.0 79.7652681899
1790.0 80.2135249609
1800.0 80.6617892256
1810.0 81.1100612173
1820.0 81.558341176
1830.0 82.0066293485
1840.0 82.4549259891
1850.0 82.9032313591
1860.0 83.3515457274
1870.0 83.7998693705
1880.0 84.2482025726
1890.0 84.6965456259
1900.0 85.1448988307
1910.0 85.5932624955
1920.0 86.0416369372
1930.0 86.4900224814
1940.0 86.9384194624
1950.0 87.3868282234
1960.0 87.8352491166
1970.0 88.2836825037
1980.0 88.7321287555
1990.0 89.1805882527
2000.0 89.6290613854
2010.0 90.077548554
2020.0 90.5260501687
2030.0 90.9745666501
2040.0 91.4230984291
2050.0 91.8716459472
2060.0 92.3202096568
2070.0 92.768790021
2080.0 93.2173875141
2090.0 93.6660026215
2100.0 94.1146358401
2110.0 94.5632876783
2120.0 95.0119586561
2130.0 95.4606493054
2140.0 95.9093601701
2150.0 96.3580918063
2160.0 96.8068447822
2170.0 97.2556196786
2180.0 97.7044170887
2190.0 98.1532376184
2200.0 98.6020818864
2210.0 99.0509505245
2220.0 99.4998441774
2230.0 99.9487635029
2240.0 100.397709172
2250.0 100.84668187
2260.0 101.295682294
2270.0 101.744711156
2280.0 102.193769181
2290.0 102.642857108
2300.0 103.09197569
2310.0 103.541125695
2320.0 103.990307901
2330.0 104.439523104
2340.0 104.888772114
2350.0 105.338055751
2360.0 105.787374855
2370.0 106.236730275
2380.0 106.686122876
2390.0 107.135553539
2400.0 107.585023157
2410.0 108.034532637
2420.0 108.484082902
2430.0 108.933674888
2440.0 109.383309543
2450.0 109.832987834
2460.0 110.282710737
2470.0 110.732479244
2480.0 111.182294362
2490.0 111.632157109
2500.0 112.082068518
2510.0 112.532029637
2520.0 112.982041525
2530.0 113.432105255
2540.0 113.882221912
2550.0 114.332392597
2560.0 114.78261842
2570.0 115.232900506
2580.0 115.683239992
2590.0 116.133638026
2600.0 116.584095768
2610.0 117.03461439
2620.0 117.485195077
2630.0 117.935839023
2640.0 118.386547432
2650.0 118.837321522
2660.0 119.288162517
2670.0 119.739071654
2680.0 120.190050178
2690.0 120.641099345
2700.0 121.092220416
2710.0 121.543414665
2720.0 121.99468337
2730.0 122.446027819
2740.0 122.897449307
2750.0 123.348949135
2760.0 123.800528611
2770.0 124.252189047
2780.0 124.703931763
2790.0 125.155758082
2800.0 125.607669331
2810.0 126.059666842
2820.0 126.511751949
2830.0 126.963925991
2840.0 127.416190306
2850.0 127.868546235
2860.0 128.320995121
2870.0 128.773538304
2880.0 129.226177128
2890.0 129.678912933
2900.0 130.131747059
2910.0 130.584680841
2920.0 131.037715616
2930.0 131.490852712
2940.0 131.944093457
2950.0 132.397439171
2960.0 132.85089117
2970.0 133.304450764
2980.0 133.758119254
2990.0 134.211897934
3000.0 134.665788091
3010.0 135.119790999
3020.0 135.573907925
3030.0 136.028140124
3040.0 136.482488839
3050.0 136.936955301
3060.0 137.391540727
3070.0 137.846246321
3080.0 138.301073272
3090.0 138.756022753
3100.0 139.211095919
3110.0 139.666293911
3120.0 140.12161785
3130.0 140.577068837
3140.0 141.032647955
3150.0 141.488356267
3160.0 141.944194813
3170.0 142.400164612
3180.0 142.85626666
3190.0 143.312501928
3200.0 143.768871365
3210.0 144.225375892
3220.0 144.682016406
3230.0 145.138793776
3240.0 145.595708843
3250.0 146.052762421
3260.0 146.509955293
3270.0 146.967288214
3280.0 147.424761907
3290.0 147.882377064
3300.0 148.340134344
3310.0 148.798034376
3320.0 149.256077751
3330.0 149.71426503
3340.0 150.172596737
3350.0 150.63107336
3360.0 151.089695352
3370.0 151.548463129
3380.0 152.00737707
3390.0 152.466437514
3400.0 152.925644763
3410.0 153.38499908
3420.0 153.844500688
3430.0 154.304149769
3440.0 154.763946466
3450.0 155.223890881
3460.0 155.683983071
3470.0 156.144223055
3480.0 156.604610807
3490.0 157.06514626
3500.0 157.525829303
3510.0 157.98665978
3520.0 158.447637495
3530.0 158.908762205
3540.0 159.370033623
3550.0 159.831451418
3560.0 160.293015214
3570.0 160.754724591
3580.0 161.216579083
3590.0 161.678578179
3600.0 162.140721322
3610.0 162.603007912
3620.0 163.065437302
3630.0 163.5280088
3640.0 163.990721668
3650.0 164.453575124
3660.0 164.916568341
3670.0 165.379700447
3680.0 165.842970523
3690.0 166.306377608
3700.0 166.769920696
3710.0 167.233598736
3720.0 167.697410634
3730.0 168.161355252
3740.0 168.625431408
3750.0 169.08963788
3760.0 169.5539734
3770.0 170.018436661
3780.0 170.483026312
3790.0 170.947740962
3800.0 171.41257918
3810.0 171.877539494
3820.0 172.342620395
3830.0 172.807820331
3840.0 173.273137716
3850.0 173.738570926
3860.0 174.204118297
3870.0 174.669778133
3880.0 175.1355487
3890.0 175.601428232
3900.0 176.067414929