0.0 0.0
120.0 4.51719962821
120.625 4.53969564398
121.25 4.56220041279
122.5 4.60723552019
123.75 4.65230361646
125.0 4.69740343603
126.25 4.74253377758
127.5 4.78769350019
128.75 4.83288151969
130.0 4.87809680535
131.25 4.92333837674
132.5 4.9686053008
133.75 5.01389668911
135.0 5.05921169535
136.25 5.10454951291
137.5 5.14990937268
138.75 5.19529054092
140.0 5.24069231736
141.25 5.28611403331
142.5 5.33155504999
143.75 5.37701475689
145.0 5.42249257028
146.25 5.46798793177
147.5 5.51350030698
148.75 5.55902918429
150.0 5.60457407365
151.25 5.65013450551
152.5 5.6957100297
153.75 5.74130021452
155.0 5.78690464577
156.25 5.8325229259
157.5 5.87815467314
158.75 5.9237995208
160.0 5.96945711648
161.25 6.01512712136
162.5 6.06080920962
165.0 6.15220839398
167.5 6.24365229927
170.0 6.33513872623
172.5 6.42666563121
175.0 6.51823111232
177.5 6.60983339697
180.0 6.70147083068
182.5 6.79314186705
185.0 6.8848450586
187.5 6.97657904864
190.0 7.06834256378
192.5 7.16013440729
195.0 7.25195345295
197.5 7.34379863958
200.0 7.43566896602
202.5 7.52756348653
205.0 7.61948130671
207.5 7.71142157966
210.0 7.80338350257
212.5 7.89536631355
215.0 7.98736928878
217.5 8.07939173983
220.0 8.17143301131
222.5 8.26349247859
225.0 8.35556954583
230.0 8.53977422962
235.0 8.72404280411
240.0 8.90837136614
245.0 9.09275632667
250.0 9.27719437542
255.0 9.46168245058
260.0 9.64621771285
265.0 9.83079752291
270.0 10.015419422
275.0 10.2000811148
280.0 10.384780455
285.0 10.5695154318
290.0 10.754284159
295.0 10.9390848643
300.0 11.1239158808
305.0 11.308775639
310.0 11.4936626592
315.0 11.6785755456
320.0 11.86351298
330.0 12.2334565794
340.0 12.6034842823
350.0 12.9735878696
360.0 13.3437599651
370.0 13.7139939403
380.0 14.0842838326
390.0 14.4546242736
400.0 14.8250104271
410.0 15.1954379344
420.0 15.5659028657
430.0 15.9364016768
440.0 16.306931171
450.0 16.6774884642
460.0 17.0480709541
470.0 17.4186762928
480.0 17.7893023613
490.0 18.1599472472
500.0 18.5306092241
510.0 18.901286734
520.0 19.2719783698
530.0 19.6426828612
540.0 20.0133990607
550.0 20.3841259319
560.0 20.7548625381
570.0 21.1256080328
580.0 21.4963616506
590.0 21.8671226992
600.0 22.2378905522
610.0 22.6086646426
620.0 22.9794444567
630.0 23.3502295293
640.0 23.7210194383
650.0 24.0918138009
660.0 24.4626122697
670.0 24.8334145289
680.0 25.2042202916
690.0 25.5750292967
700.0 25.9458413063
710.0 26.3166561038
720.0 26.6874734916
730.0 27.0582932892
740.0 27.4291153318
750.0 27.7999394684
760.0 28.1707655611
770.0 28.5415934833
780.0 28.9124231187
790.0 29.2832543607
800.0 29.6540871112
810.0 30.0249212799
820.0 30.3957567835
830.0 30.7665935454
840.0 31.1374314945
850.0 31.5082705652
860.0 31.879110697
870.0 32.2499518335
880.0 32.6207939225
890.0 32.9916369156
900.0 33.3624807677
910.0 33.733325437
920.0 34.1041708842
930.0 34.4750170731
940.0 34.8458639696
950.0 35.216711542
960.0 35.5875597606
970.0 35.9584085976
980.0 36.329258027
990.0 36.7001080244
1000.0 37.070958567
1010.0 37.4418096332
1020.0 37.8126612031
1030.0 38.1835132576
1040.0 38.5543657789
1050.0 38.9252187504
1060.0 39.2960721564
1070.0 39.666925982
1080.0 40.0377802134
1090.0 40.4086348375
1100.0 40.7794898419
1110.0 41.1503452151
1120.0 41.5212009461
1130.0 41.8920570248
1140.0 42.2629134416
1150.0 42.6337701872
1160.0 43.0046272534
1170.0 43.3754846321
1180.0 43.7463423158
1190.0 44.1172002976
1200.0 44.4880585709
1210.0 44.8589171296
1220.0 45.2297759681
1230.0 45.600635081
1240.0 45.9714944634
1250.0 46.3423541109
1260.0 46.7132140192
1270.0 47.0840741844
1280.0 47.4549346032
1290.0 47.8257952722
1300.0 48.1966561885
1310.0 48.5675173497
1320.0 48.9383787533
1330.0 49.3092403974
1340.0 49.6801022802
1350.0 50.0509644002
1360.0 50.4218267561
1370.0 50.7926893471
1380.0 51.1635521724
1390.0 51.5344152314
1400.0 51.9052785239
1410.0 52.27614205
1420.0 52.6470058098
1430.0 53.0178698037
1440.0 53.3887340325
1450.0 53.7595984969
1460.0 54.130463198
1470.0 54.5013281372
1480.0 54.872193316
1490.0 55.243058736
1500.0 55.6139243993
1510.0 55.9847903078
1520.0 56.355656464
1530.0 56.7265228704
1540.0 57.0973895297
1550.0 57.4682564448
1560.0 57.8391236189
1570.0 58.2099910553
1580.0 58.5808587575
1590.0 58.9517267292
1600.0 59.3225949744
1610.0 59.6934634972
1620.0 60.0643323019
1630.0 60.4352013929
1640.0 60.8060707751
1650.0 61.1769404533
1660.0 61.5478104327
1670.0 61.9186807184
1680.0 62.2895513162
1690.0 62.6604222316
1700.0 63.0312934706
1710.0 63.4021650393
1720.0 63.773036944
1730.0 64.1439091913
1740.0 64.514781788
1750.0 64.8856547408
1760.0 65.2565280571
1770.0 65.6274017442
1780.0 65.9982758096
1790.0 66.3691502612
1800.0 66.740025107
1810.0 67.1109003552
1820.0 67.4817760143
1830.0 67.852652093
1840.0 68.2235286002
1850.0 68.594405545
1860.0 68.9652829367
1870.0 69.336160785
1880.0 69.7070390997
1890.0 70.0779178908
1900.0 70.4487971687
1910.0 70.8196769439
1920.0 71.1905572271
1930.0 71.5614380294
1940.0 71.9323193621
1950.0 72.3032012366
1960.0 72.6740836648
1970.0 73.0449666586
1980.0 73.4158502304
1990.0 73.7867343926
2000.0 74.1576191582
2010.0 74.52850454
2020.0 74.8993905515
2030.0 75.2702772063
2040.0 75.6411645182
2050.0 76.0120525013
2060.0 76.3829411701
2070.0 76.7538305393
2080.0 77.1247206238
2090.0 77.4956114388
2100.0 77.866503
2110.0 78.2373953232
2120.0 78.6082884243
2130.0 78.97918232
2140.0 79.3500770268
2150.0 79.7209725619
2160.0 80.0918689423
2170.0 80.4627661859
2180.0 80.8336643105
2190.0 81.2045633343
2200.0 81.5754632758
2210.0 81.946364154
2220.0 82.3172659878
2230.0 82.6881687969
2240.0 83.0590726009
2250.0 83.42997742
2260.0 83.8008832747
2270.0 84.1717901856
2280.0 84.5426981739
2290.0 84.913607261
2300.0 85.2845174686
2310.0 85.6554288188
2320.0 86.026341334
2330.0 86.3972550369
2340.0 86.7681699507
2350.0 87.1390860987
2360.0 87.5100035048
2370.0 87.880922193
2380.0 88.2518421878
2390.0 88.622763514
2400.0 88.9936861967
2410.0 89.3646102615
2420.0 89.7355357342
2430.0 90.106462641
2440.0 90.4773910084
2450.0 90.8483208634
2460.0 91.2192522332
2470.0 91.5901851454
2480.0 91.961119628
2490.0 92.3320557093
2500.0 92.7029934181
2510.0 93.0739327833
2520.0 93.4448738344
2530.0 93.8158166011
2540.0 94.1867611135
2550.0 94.5577074022
2560.0 94.928655498
2570.0 95.299605432
2580.0 95.6705572359
2590.0 96.0415109415
2600.0 96.4124665811
2610.0 96.7834241873
2620.0 97.1543837932
2630.0 97.5253454321
2640.0 97.8963091376
2650.0 98.2672749439
2660.0 98.6382428853
2670.0 99.0092129966
2680.0 99.3801853129
2690.0 99.7511598697
2700.0 100.122136703
2710.0 100.493115848
2720.0 100.864097343
2730.0 101.235081223
2740.0 101.606067526
2750.0 101.977056289
2760.0 102.348047551
2770.0 102.719041349
2780.0 103.090037723
2790.0 103.46103671
2800.0 103.83203835
2810.0 104.203042682
2820.0 104.574049747
2830.0 104.945059584
2840.0 105.316072234
2850.0 105.687087737
2860.0 106.058106135
2870.0 106.429127469
2880.0 106.80015178
2890.0 107.171179111
2900.0 107.542209503
2910.0 107.913242999
2920.0 108.284279642
2930.0 108.655319474
2940.0 109.02636254
2950.0 109.397408882
2960.0 109.768458545
2970.0 110.139511571
2980.0 110.510568007
2990.0 110.881627896
3000.0 111.252691282
3010.0 111.623758212
3020.0 111.994828729
3030.0 112.36590288
3040.0 112.73698071
3050.0 113.108062265
3060.0 113.47914759
3070.0 113.850236732
3080.0 114.221329737
3090.0 114.592426652
3100.0 114.963527524
3110.0 115.334632398
3120.0 115.705741322
3130.0 116.076854343
3140.0 116.447971509
3150.0 116.819092866
3160.0 117.190218462
3170.0 117.561348344
3180.0 117.93248256
3190.0 118.303621158
3200.0 118.674764185
3210.0 119.045911689
3220.0 119.417063718
3230.0 119.78822032
3240.0 120.159381542
3250.0 120.530547433
3260.0 120.90171804
3270.0 121.272893412
3280.0 121.644073595
3290.0 122.015258639
3300.0 122.386448591
3310.0 122.757643498
3320.0 123.128843408
3330.0 123.50004837
3340.0 123.87125843
3350.0 124.242473635
3360.0 124.613694034
3370.0 124.984919674
3380.0 125.356150601
3390.0 125.727386862
3400.0 126.098628505
3410.0 126.469875576
3420.0 126.841128121
3430.0 127.212386186
3440.0 127.583649818
3450.0 127.954919063
3460.0 128.326193965
3470.0 128.697474571
3480.0 129.068760924
3490.0 129.440053071
3500.0 129.811351056
3510.0 130.182654922
3520.0 130.553964714
3530.0 130.925280475
3540.0 131.296602248
3550.0 131.667930077
3560.0 132.039264003
3570.0 132.410604069
3580.0 132.781950317
3590.0 133.153302787
3600.0 133.524661521
3610.0 133.896026559
3620.0 134.267397942
3630.0 134.638775707
3640.0 135.010159896
3650.0 135.381550545
3660.0 135.752947694
3670.0 136.124351379
3680.0 136.495761638
3690.0 136.867178507
3700.0 137.238602022
3710.0 137.610032218
3720.0 137.981469129
3730.0 138.352912791
3740.0 138.724363235
3750.0 139.095820496
3760.0 139.467284605
3770.0 139.838755594
3780.0 140.210233494
3790.0 140.581718334
3800.0 140.953210145
3810.0 141.324708954
3820.0 141.69621479
3830.0 142.067727681
3840.0 142.439247652
3850.0 142.810774729
3860.0 143.182308938
3870.0 143.553850302
3880.0 143.925398845
3890.0 144.29695459
3900.0 144.668517558
3910.0 145.040087769
3920.0 145.411665245
3930.0 145.783250004
3940.0 146.154842064
3950.0 146.526441443
3960.0 146.898048157
3970.0 147.269662222
3980.0 147.641283653
3990.0 148.012912463
4000.0 148.384548665
4010.0 148.75619227
4020.0 149.127843291
4030.0 149.499501736
4040.0 149.871167614
4050.0 150.242840934
4060.0 150.614521701
4070.0 150.986209924
4080.0 151.357905605
4090.0 151.729608749
4100.0 152.101319358
4110.0 152.473037436
4120.0 152.844762981
4130.0 153.216495994
4140.0 153.588236474
4150.0 153.959984417
4160.0 154.331739821
4170.0 154.703502681
4180.0 155.075272991
4190.0 155.447050744
4200.0 155.818835932
4210.0 156.190628546
4220.0 156.562428576
4230.0 156.934236011
4240.0 157.306050839
4250.0 157.677873045
4260.0 158.049702615
4270.0 158.421539534
4280.0 158.793383784
4290.0 159.165235348
4300.0 159.537094205
4310.0 159.908960337
4320.0 160.280833721
4330.0 160.652714334
4340.0 161.024602154
4350.0 161.396497154
4360.0 161.76839931
4370.0 162.140308593
4380.0 162.512224975
4390.0 162.884148428
4400.0 163.256078919
4410.0 163.628016418
4420.0 163.999960892
4430.0 164.371912306
4440.0 164.743870625
4450.0 165.115835812
4460.0 165.487807832
4470.0 165.859786644
4480.0 166.231772209
4490.0 166.603764486
4500.0 166.975763434
4510.0 167.347769009
4520.0 167.719781167
4530.0 168.091799863
4540.0 168.46382505
4550.0 168.835856682
4560.0 169.20789471
4570.0 169.579939083
4580.0 169.951989752
4590.0 170.324046665
4600.0 170.696109769
4610.0 171.06817901
4620.0 171.440254334
4630.0 171.812335685
4640.0 172.184423006
4650.0 172.556516239
4660.0 172.928615326
4670.0 173.300720207
4680.0 173.672830821
4690.0 174.044947106
4700.0 174.417069
4710.0 174.78919644
4720.0 175.161329361
4730.0 175.533467698
4740.0 175.905611384
4750.0 176.277760352
4760.0 176.649914535
4770.0 177.022073864
4780.0 177.394238269
4790.0 177.76640768
4800.0 178.138582026
4810.0 178.510761234
4820.0 178.882945232
4830.0 179.255133947
4840.0 179.627327304
4850.0 179.999525229
4860.0 180.371727645
4870.0 180.743934477
4880.0 181.116145648
4890.0 181.48836107
4900.0 181.86058068
4910.0 182.232804391
4920.0 182.605032124
4930.0 182.977263798
4940.0 183.349499332
4950.0 183.721738646
4960.0 184.093981657
4970.0 184.466228284
4980.0 184.838478443
4990.0 185.210732052
5000.0 185.582989026
5010.0 185.955249281
5020.0 186.327512732
5030.0 186.699779295
5040.0 187.072048883
5050.0 187.444321412
5060.0 187.816596795
5070.0 188.188874945
5080.0 188.561155776
5090.0 188.933439201
5100.0 189.305725131
5110.0 189.678013481
5120.0 190.050304161
5130.0 190.422597084
5140.0 190.794892161
5150.0 191.167189305
5160.0 191.539488426
5170.0 191.911789437
5180.0 192.284092248
5190.0 192.65639677
5200.0 193.028702915
5210.0 193.401010595
5220.0 193.773319719
5230.0 194.145630199
5240.0 194.517941947
5250.0 194.890254873
5260.0 195.262568889
5270.0 195.634883906
5280.0 196.007199835
5290.0 196.379516588
5300.0 196.751834078
5310.0 197.124152215
5320.0 197.496470911
5330.0 197.86879008
5340.0 198.241109634
5350.0 198.613429485
5360.0 198.985749546
5370.0 199.358069731
5380.0 199.730389953
5390.0 200.102710127
5400.0 200.475030167
5410.0 200.847349986
5420.0 201.219669501
5430.0 201.591988627
5440.0 201.96430728
5450.0 202.336625375
5460.0 202.70894283
5470.0 203.081259562
5480.0 203.453575488
5490.0 203.825890528
5500.0 204.198204599
5510.0 204.57051762
5520.0 204.942829513
5530.0 205.315140196
5540.0 205.687449591
5550.0 206.05975762
5560.0 206.432064205
5570.0 206.804369269
5580.0 207.176672734
5590.0 207.548974526
5600.0 207.92127457
5610.0 208.29357279
5620.0 208.665869112
5630.0 209.038163465
5640.0 209.410455776
5650.0 209.782745972
5660.0 210.155033984
5670.0 210.527319741
5680.0 210.899603174
5690.0 211.271884214
5700.0 211.644162794
5710.0 212.016438848
5720.0 212.388712308
5730.0 212.760983111
5740.0 213.133251191
5750.0 213.505516485
5760.0 213.877778931
5770.0 214.250038467
5780.0 214.622295032
5790.0 214.994548566
5800.0 215.366799011
5810.0 215.739046308
5820.0 216.1112904