0.0 0.0
120.0 5.37484328228
121.25 5.43164259836
122.5 5.48841259985
123.75 5.54515402419
125.0 5.60186760229
126.25 5.65855405764
127.5 5.71521410554
128.75 5.77184845248
130.0 5.82845779542
131.25 5.88504282134
132.5 5.94160420674
133.75 5.9981426172
135.0 6.05465870704
136.25 6.11115311904
137.5 6.16762648413
138.75 6.22407942123
140.0 6.28051253705
141.25 6.33692642598
142.5 6.39332166995
143.75 6.44969883841
145.0 6.50605848829
146.25 6.56240116396
147.5 6.61872739727
148.75 6.67503770759
150.0 6.73133260187
151.25 6.7876125747
152.5 6.84387810844
153.75 6.90012967329
155.0 6.95636772744
156.25 7.01259271722
157.5 7.06880507721
158.75 7.12500523043
160.0 7.18119358851
162.5 7.29353650969
165.0 7.40583691242
167.5 7.51809769768
170.0 7.6303216021
172.5 7.74251120446
175.0 7.85466893226
177.5 7.96679706836
180.0 8.07889775759
182.5 8.19097301324
185.0 8.30302472359
187.5 8.41505465813
190.0 8.52706447376
192.5 8.63905572073
195.0 8.75102984846
197.5 8.8629882111
200.0 8.97493207288
202.5 9.0868626133
205.0 9.19878093206
210.0 9.42258493241
215.0 9.64635144923
220.0 9.87008686063
225.0 10.0937966683
230.0 10.3174856057
235.0 10.5411577348
240.0 10.764816532
245.0 10.9884649641
250.0 11.2121055556
260.0 11.6593714503
270.0 12.1066276365
280.0 12.5538835537
290.0 13.0011457043
300.0 13.4484184405
310.0 13.8957045545
320.0 14.3430057173
330.0 14.7903228027
340.0 15.2376561262
350.0 15.6850056188
360.0 16.1323709532
370.0 16.579751635
380.0 17.0271470668
390.0 17.4745565948
400.0 17.9219795398
410.0 18.36941522
420.0 18.8168629647
430.0 19.2643221245
440.0 19.7117920767
450.0 20.1592722286
460.0 20.6067620193
470.0 21.0542609195
480.0 21.5017684316
490.0 21.949284088
500.0 22.3968074502
510.0 22.8443381074
520.0 23.2918756744
530.0 23.7394197906
540.0 24.1869701181
550.0 24.6345263403
560.0 25.0820881603
570.0 25.5296553001
580.0 25.9772274987
590.0 26.4248045112
600.0 26.8723861078
610.0 27.3199720728
620.0 27.7675622034
630.0 28.2151563093
640.0 28.6627542114
650.0 29.1103557413
660.0 29.5579607408
670.0 30.005569061
680.0 30.4531805617
690.0 30.9007951111
700.0 31.3484125851
710.0 31.796032867
720.0 32.2436558467
730.0 32.691281421
740.0 33.1389094925
750.0 33.5865399695
760.0 34.0341727661
770.0 34.4818078012
780.0 34.9294449987
790.0 35.3770842871
800.0 35.8247255993
810.0 36.2723688722
820.0 36.7200140469
830.0 37.167661068
840.0 37.6153098837
850.0 38.0629604456
860.0 38.5106127088
870.0 38.958266631
880.0 39.4059221732
890.0 39.8535792992
900.0 40.3012379753
910.0 40.7488981707
920.0 41.1965598567
930.0 41.6442230074
940.0 42.0918875989
950.0 42.5395536096
960.0 42.9872210203
970.0 43.4348898135
980.0 43.882559974
990.0 44.3302314884
1000.0 44.7779043452
1010.0 45.2255785348
1020.0 45.6732540495
1030.0 46.1209308832
1040.0 46.5686090317
1050.0 47.0162884923
1060.0 47.463969264
1070.0 47.9116513477
1080.0 48.3593347456
1090.0 48.8070194617
1100.0 49.2547055015
1110.0 49.702392872
1120.0 50.150081582
1130.0 50.5977716416
1140.0 51.0454630627
1150.0 51.4931558585
1160.0 51.940850044
1170.0 52.3885456356
1180.0 52.8362426512
1190.0 53.2839411106
1200.0 53.7316410348
1210.0 54.1793424467
1220.0 54.6270453707
1230.0 55.0747498329
1240.0 55.522455861
1250.0 55.9701634843
1260.0 56.4178727341
1270.0 56.8655836432
1280.0 57.3132962463
1290.0 57.7610105798
1300.0 58.208726682
1310.0 58.6564445933
1320.0 59.1041643556
1330.0 59.5518860131
1340.0 59.9996096119
1350.0 60.4473352001
1360.0 60.8950628281
1370.0 61.3427925482
1380.0 61.7905244152
1390.0 62.2382584858
1400.0 62.6859948195
1410.0 63.1337334779
1420.0 63.5814745249
1430.0 64.0292180273
1440.0 64.4769640542
1450.0 64.9247126774
1460.0 65.3724639716
1470.0 65.8202180142
1480.0 66.2679748853
1490.0 66.7157346681
1500.0 67.163497449
1510.0 67.6112633172
1520.0 68.0590323653
1530.0 68.5068046892
1540.0 68.9545803882
1550.0 69.4023595648
1560.0 69.8501423255
1570.0 70.2979287801
1580.0 70.7457190425
1590.0 71.1935132301
1600.0 71.6413114645
1610.0 72.0891138715
1620.0 72.5369205808
1630.0 72.9847317265
1640.0 73.4325474473
1650.0 73.8803678861
1660.0 74.3281931908
1670.0 74.7760235139
1680.0 75.2238590126
1690.0 75.6716998495
1700.0 76.1195461922
1710.0 76.5673982133
1720.0 77.0152560913
1730.0 77.4631200098
1740.0 77.9109901583
1750.0 78.3588667321
1760.0 78.8067499324
1770.0 79.2546399665
1780.0 79.702537048
1790.0 80.1504413969
1800.0 80.5983532395
1810.0 81.046272809
1820.0 81.4942003455
1830.0 81.9421360959
1840.0 82.3900803144
1850.0 82.8380332622
1860.0 83.2859952084
1870.0 83.7339664294
1880.0 84.1819472093
1890.0 84.6299378405
1900.0 85.0779386231
1910.0 85.5259498657
1920.0 85.9739718853
1930.0 86.4220050074
1940.0 86.8700495662
1950.0 87.318105905
1960.0 87.7661743761
1970.0 88.2142553411
1980.0 88.6623491707
1990.0 89.1104562458
2000.0 89.5585769564
2010.0 90.0067117028
2020.0 90.4548608954
2030.0 90.9030249546
2040.0 91.3512043114
2050.0 91.7993994074
2060.0 92.2476106949
2070.0 92.695838637
2080.0 93.1440837079
2090.0 93.5923463932
2100.0 94.0406271896
2110.0 94.4889266056
2120.0 94.9372451613
2130.0 95.3855833884
2140.0 95.833941831
2150.0 96.2823210451
2160.0 96.7307215989
2170.0 97.1791440731
2180.0 97.627589061
2190.0 98.0760571686
2200.0 98.5245490145
2210.0 98.9730652304
2220.0 99.4216064611
2230.0 99.8701733645
2240.0 100.318766612
2250.0 100.767386887
2260.0 101.216034889
2270.0 101.664711329
2280.0 102.113416932
2290.0 102.562152437
2300.0 103.010918597
2310.0 103.459716179
2320.0 103.908545963
2330.0 104.357408745
2340.0 104.806305332
2350.0 105.255236547
2360.0 105.704203228
2370.0 106.153206226
2380.0 106.602246406
2390.0 107.051324647
2400.0 107.500441842
2410.0 107.9495989
2420.0 108.398796743
2430.0 108.848036306
2440.0 109.29731854
2450.0 109.746644408
2460.0 110.196014889
2470.0 110.645430974
2480.0 111.09489367
2490.0 111.544403995
2500.0 111.993962982
2510.0 112.443571679
2520.0 112.893231144
2530.0 113.342942452
2540.0 113.792706687
2550.0 114.24252495
2560.0 114.692398351
2570.0 115.142328015
2580.0 115.592315078
2590.0 116.04236069
2600.0 116.49246601
2610.0 116.94263221
2620.0 117.392860475
2630.0 117.843151999
2640.0 118.293507986
2650.0 118.743929653
2660.0 119.194418226
2670.0 119.644974941
2680.0 120.095601043
2690.0 120.546297788
2700.0 120.997066437
2710.0 121.447908263
2720.0 121.898824546
2730.0 122.349816573
2740.0 122.800885639
2750.0 123.252033045
2760.0 123.703260099
2770.0 124.154568113
2780.0 124.605958407
2790.0 125.057432303
2800.0 125.50899113
2810.0 125.960636219
2820.0 126.412368904
2830.0 126.864190524
2840.0 127.316102417
2850.0 127.768105924
2860.0 128.220202387
2870.0 128.672393149
2880.0 129.12467955
2890.0 129.577062933
2900.0 130.029544636
2910.0 130.482125997
2920.0 130.934808349
2930.0 131.387593023
2940.0 131.840481346
2950.0 132.293474638
2960.0 132.746574215
2970.0 133.199781387
2980.0 133.653097455
2990.0 134.106523713
3000.0 134.560061447
3010.0 135.013711933
3020.0 135.467476437
3030.0 135.921356214
3040.0 136.375352507
3050.0 136.829466546
3060.0 137.283699551
3070.0 137.738052723
3080.0 138.192527252
3090.0 138.64712431
3100.0 139.101845054
3110.0 139.556690624
3120.0 140.01166214
3130.0 140.466760705
3140.0 140.921987401
3150.0 141.377343291
3160.0 141.832829415
3170.0 142.288446792
3180.0 142.744196418
3190.0 143.200079264
3200.0 143.656096278
3210.0 144.112248384
3220.0 144.568536475
3230.0 145.024961423
3240.0 145.481524068
3250.0 145.938225223
3260.0 146.395065673
3270.0 146.852046172
3280.0 147.309167443
3290.0 147.766430178
3300.0 148.223835036
3310.0 148.681382646
3320.0 149.139073599
3330.0 149.596908456
3340.0 150.05488774
3350.0 150.513011941
3360.0 150.971281512
3370.0 151.429696867
3380.0 151.888258385
3390.0 152.346966406
3400.0 152.805821233
3410.0 153.264823128
3420.0 153.723972314
3430.0 154.183268973
3440.0 154.642713248
3450.0 155.10230524
3460.0 155.562045009
3470.0 156.02193257
3480.0 156.4819679
3490.0 156.942150931
3500.0 157.402481552
3510.0 157.862959607
3520.0 158.3235849
3530.0 158.784357188
3540.0 159.245276184
3550.0 159.706341557
3560.0 160.167552931
3570.0 160.628909885
3580.0 161.090411955
3590.0 161.552058629
3600.0 162.01384935
3610.0 162.475783518
3620.0 162.937860485
3630.0 163.400079561
3640.0 163.862440007
3650.0 164.324941041
3660.0 164.787581836
3670.0 165.250361519
3680.0 165.713279173
3690.0 166.176333836
3700.0 166.639524502
3710.0 167.10285012
3720.0 167.566309596
3730.0 168.029901791
3740.0 168.493625526
3750.0 168.957479576
3760.0 169.421462674
3770.0 169.885573512
3780.0 170.349810741
3790.0 170.814172969
3800.0 171.278658764
3810.0 171.743266657
3820.0 172.207995135
3830.0 172.672842649
3840.0 173.137807613
3850.0 173.6028884
3860.0 174.068083349
3870.0 174.533390762
3880.0 174.998808908
3890.0 175.464336018
3900.0 175.929970292