0.0 0.0
120.0 4.51425845116
120.625 4.5367391483
121.25 4.55922859848
122.5 4.60423306863
123.75 4.64927052764
125.0 4.69433970996
126.25 4.73943941426
127.5 4.78456849961
128.75 4.82972588185
130.0 4.87491053026
131.25 4.92012146439
132.5 4.9653577512
133.75 5.01061850225
135.0 5.05590287124
136.25 5.10121005155
137.5 5.14653927406
138.75 5.19188980505
140.0 5.23726094423
141.25 5.28265202292
142.5 5.32806240235
143.75 5.373491472
145.0 5.41893864813
146.25 5.46440337237
147.5 5.50988511032
148.75 5.55538335037
150.0 5.60089760249
151.25 5.64642739709
152.5 5.69197228403
153.75 5.73753183159
155.0 5.78310562559
156.25 5.82869326845
157.5 5.87429437845
158.75 5.91990858885
160.0 5.96553554727
161.25 6.0111749149
162.5 6.0568263659
165.0 6.14816427576
167.5 6.23954690654
170.0 6.33097205899
172.5 6.42243768946
175.0 6.51394189606
177.5 6.60548290619
180.0 6.6970590654
182.5 6.78866882726
185.0 6.8803107443
187.5 6.97198345983
190.0 7.06368570046
192.5 7.15541626946
195.0 7.24717404061
197.5 7.33895795273
200.0 7.43076700466
202.5 7.52260025066
205.0 7.61445679633
207.5 7.70633579477
210.0 7.79823644317
212.5 7.89015797965
215.0 7.98209968036
217.5 8.07406085691
220.0 8.16604085387
222.5 8.25803904664
225.0 8.35005483938
230.0 8.53413697415
235.0 8.71828299961
240.0 8.90248901263
245.0 9.08675142414
250.0 9.27106692387
255.0 9.45543245001
260.0 9.63984516326
265.0 9.82430242431
270.0 10.0088017744
275.0 10.1933409182
280.0 10.3779177094
285.0 10.5625301372
290.0 10.7471763153
295.0 10.9318544715
300.0 11.1165629391
305.0 11.3013001482
310.0 11.4860646194
315.0 11.6708549568
320.0 11.8556698422
330.0 12.2253683435
340.0 12.5951509484
350.0 12.9650094377
360.0 13.3349364351
370.0 13.7049253123
380.0 14.0749701066
390.0 14.4450654495
400.0 14.815206505
410.0 15.1853889143
420.0 15.5556087475
430.0 15.9258624606
440.0 16.2961468567
450.0 16.6664590518
460.0 17.0367964438
470.0 17.4071566845
480.0 17.7775376549
490.0 18.1479374427
500.0 18.5183543216
510.0 18.8887867334
520.0 19.2592332712
530.0 19.6296926646
540.0 20.000163766
550.0 20.3706455392
560.0 20.7411370473
570.0 21.111637444
580.0 21.4821459638
590.0 21.8526619144
600.0 22.2231846694
610.0 22.5937136617
620.0 22.9642483778
630.0 23.3347883523
640.0 23.7053331632
650.0 24.0758824278
660.0 24.4464357986
670.0 24.8169929598
680.0 25.1875536245
690.0 25.5581175315
700.0 25.928684443
710.0 26.2992541425
720.0 26.6698264323
730.0 27.0404011318
740.0 27.4109780764
750.0 27.781557115
760.0 28.1521381097
770.0 28.5227209337
780.0 28.8933054711
790.0 29.2638916151
800.0 29.6344792676
810.0 30.0050683382
820.0 30.3756587438
830.0 30.7462504076
840.0 31.1168432587
850.0 31.4874372314
860.0 31.8580322651
870.0 32.2286283036
880.0 32.5992252945
890.0 32.9698231896
900.0 33.3404219437
910.0 33.7110215149
920.0 34.0816218641
930.0 34.452222955
940.0 34.8228247535
950.0 35.1934272278
960.0 35.5640303484
970.0 35.9346340873
980.0 36.3052384187
990.0 36.6758433181
1000.0 37.0464487626
1010.0 37.4170547308
1020.0 37.7876612026
1030.0 38.1582681591
1040.0 38.5288755824
1050.0 38.8994834559
1060.0 39.2700917638
1070.0 39.6407004914
1080.0 40.0113096247
1090.0 40.3819191507
1100.0 40.7525290571
1110.0 41.1231393322
1120.0 41.4937499653
1130.0 41.8643609459
1140.0 42.2349722646
1150.0 42.6055839123
1160.0 42.9761958804
1170.0 43.346808161
1180.0 43.7174207467
1190.0 44.0880336305
1200.0 44.4586468057
1210.0 44.8292602664
1220.0 45.1998740068
1230.0 45.5704880217
1240.0 45.9411023061
1250.0 46.3117168555
1260.0 46.6823316658
1270.0 47.052946733
1280.0 47.4235620537
1290.0 47.7941776247
1300.0 48.164793443
1310.0 48.5354095061
1320.0 48.9060258117
1330.0 49.2766423577
1340.0 49.6472591425
1350.0 50.0178761644
1360.0 50.3884934224
1370.0 50.7591109153
1380.0 51.1297286425
1390.0 51.5003466035
1400.0 51.870964798
1410.0 52.2415832261
1420.0 52.6122018878
1430.0 52.9828207837
1440.0 53.3534399144
1450.0 53.7240592807
1460.0 54.0946788839
1470.0 54.465298725
1480.0 54.8359188058
1490.0 55.2065391278
1500.0 55.577159693
1510.0 55.9477805035
1520.0 56.3184015617
1530.0 56.68902287
1540.0 57.0596444313
1550.0 57.4302662483
1560.0 57.8008883244
1570.0 58.1715106627
1580.0 58.5421332669
1590.0 58.9127561406
1600.0 59.2833792878
1610.0 59.6540027125
1620.0 60.0246264191
1630.0 60.3952504121
1640.0 60.7658746963
1650.0 61.1364992764
1660.0 61.5071241577
1670.0 61.8777493455
1680.0 62.2483748452
1690.0 62.6190006626
1700.0 62.9896268035
1710.0 63.3602532742
1720.0 63.7308800809
1730.0 64.1015072302
1740.0 64.4721347287
1750.0 64.8427625836
1760.0 65.2133908018
1770.0 65.5840193908
1780.0 65.9546483582
1790.0 66.3252777118
1800.0 66.6959074596
1810.0 67.0665376097
1820.0 67.4371681708
1830.0 67.8077991515
1840.0 68.1784305606
1850.0 68.5490624073
1860.0 68.919694701
1870.0 69.2903274513
1880.0 69.6609606679
1890.0 70.031594361
1900.0 70.4022285409
1910.0 70.772863218
1920.0 71.1434984032
1930.0 71.5141341075
1940.0 71.8847703421
1950.0 72.2554071186
1960.0 72.6260444487
1970.0 72.9966823445
1980.0 73.3673208183
1990.0 73.7379598825
2000.0 74.10859955
2010.0 74.4792398338
2020.0 74.8498807473
2030.0 75.220522304
2040.0 75.5911645178
2050.0 75.9618074029
2060.0 76.3324509737
2070.0 76.7030952448
2080.0 77.0737402313
2090.0 77.4443859483
2100.0 77.8150324114
2110.0 78.1856796365
2120.0 78.5563276397
2130.0 78.9269764373
2140.0 79.2976260461
2150.0 79.6682764831
2160.0 80.0389277655
2170.0 80.4095799111
2180.0 80.7802329376
2190.0 81.1508868634
2200.0 81.5215417069
2210.0 81.892197487
2220.0 82.2628542228
2230.0 82.6335119338
2240.0 83.0041706398
2250.0 83.3748303609
2260.0 83.7454911175
2270.0 84.1161529304
2280.0 84.4868158206
2290.0 84.8574798097
2300.0 85.2281449192
2310.0 85.5988111714
2320.0 85.9694785885
2330.0 86.3401471934
2340.0 86.7108170092
2350.0 87.0814880592
2360.0 87.4521603672
2370.0 87.8228339574
2380.0 88.1935088541
2390.0 88.5641850823
2400.0 88.934862667
2410.0 89.3055416338
2420.0 89.6762220084
2430.0 90.0469038171
2440.0 90.4175870865
2450.0 90.7882718435
2460.0 91.1589581152
2470.0 91.5296459294
2480.0 91.9003353139
2490.0 92.2710262972
2500.0 92.641718908
2510.0 93.0124131751
2520.0 93.3831091282
2530.0 93.7538067969
2540.0 94.1245062113
2550.0 94.4952074019
2560.0 94.8659103997
2570.0 95.2366152356
2580.0 95.6073219415
2590.0 95.978030549
2600.0 96.3487410906
2610.0 96.7194535988
2620.0 97.0901681066
2630.0 97.4608846474
2640.0 97.8316032549
2650.0 98.2023239632
2660.0 98.5730468065
2670.0 98.9437718198
2680.0 99.3144990381
2690.0 99.6852284968
2700.0 100.055960232
2710.0 100.426694279
2720.0 100.797430676
2730.0 101.168169458
2740.0 101.538910663
2750.0 101.909654328
2760.0 102.280400492
2770.0 102.651149192
2780.0 103.021900467
2790.0 103.392654357
2800.0 103.763410899
2810.0 104.134170133
2820.0 104.5049321
2830.0 104.875696839
2840.0 105.246464391
2850.0 105.617234796
2860.0 105.988008096
2870.0 106.358784331
2880.0 106.729563545
2890.0 107.100345777
2900.0 107.471131071
2910.0 107.841919469
2920.0 108.212711014
2930.0 108.583505748
2940.0 108.954303716
2950.0 109.32510496
2960.0 109.695909525
2970.0 110.066717454
2980.0 110.437528791
2990.0 110.808343582
3000.0 111.17916187
3010.0 111.549983702
3020.0 111.920809121
3030.0 112.291638174
3040.0 112.662470906
3050.0 113.033307362
3060.0 113.40414759
3070.0 113.774991634
3080.0 114.145839541
3090.0 114.516691358
3100.0 114.887547131
3110.0 115.258406907
3120.0 115.629270734
3130.0 116.000138657
3140.0 116.371010724
3150.0 116.741886983
3160.0 117.112767481
3170.0 117.483652265
3180.0 117.854541384
3190.0 118.225434883
3200.0 118.596332812
3210.0 118.967235218
3220.0 119.338142149
3230.0 119.709053653
3240.0 120.079969777
3250.0 120.45089057
3260.0 120.821816079
3270.0 121.192746353
3280.0 121.563681438
3290.0 121.934621384
3300.0 122.305566238
3310.0 122.676516047
3320.0 123.047470859
3330.0 123.418430723
3340.0 123.789395684
3350.0 124.160365792
3360.0 124.531341093
3370.0 124.902321635
3380.0 125.273307464
3390.0 125.644298627
3400.0 126.015295172
3410.0 126.386297144
3420.0 126.757304591
3430.0 127.128317559
3440.0 127.499336093
3450.0 127.870360239
3460.0 128.241390043
3470.0 128.612425551
3480.0 128.983466806
3490.0 129.354513855
3500.0 129.725566742
3510.0 130.09662551
3520.0 130.467690204
3530.0 130.838760867
3540.0 131.209837542
3550.0 131.580920272
3560.0 131.952009101
3570.0 132.323104069
3580.0 132.694205218
3590.0 133.065312591
3600.0 133.436426227
3610.0 133.807546167
3620.0 134.178672451
3630.0 134.549805119
3640.0 134.920944209
3650.0 135.292089761
3660.0 135.663241811
3670.0 136.034400399
3680.0 136.405565559
3690.0 136.77673733
3700.0 137.147915747
3710.0 137.519100845
3720.0 137.890292658
3730.0 138.261491222
3740.0 138.632696569
3750.0 139.003908731
3760.0 139.375127742
3770.0 139.746353633
3780.0 140.117586435
3790.0 140.488826177
3800.0 140.860072889
3810.0 141.231326601
3820.0 141.602587339
3830.0 141.973855131
3840.0 142.345130004
3850.0 142.716411984
3860.0 143.087701095
3870.0 143.458997361
3880.0 143.830300806
3890.0 144.201611453
3900.0 144.572929322
3910.0 144.944254436
3920.0 145.315586813
3930.0 145.686926474
3940.0 146.058273436
3950.0 146.429627717
3960.0 146.800989334
3970.0 147.172358301
3980.0 147.543734633
3990.0 147.915118345
4000.0 148.286509449
4010.0 148.657907957
4020.0 149.029313879
4030.0 149.400727226
4040.0 149.772148006
4050.0 150.143576227
4060.0 150.515011897
4070.0 150.886455021
4080.0 151.257905604
4090.0 151.62936365
4100.0 152.000829162
4110.0 152.372302141
4120.0 152.743782589
4130.0 153.115270504
4140.0 153.486765885
4150.0 153.858268731
4160.0 154.229779037
4170.0 154.601296798
4180.0 154.97282201
4190.0 155.344354665
4200.0 155.715894755
4210.0 156.087442271
4220.0 156.458997204
4230.0 156.830559541
4240.0 157.20212927
4250.0 157.573706378
4260.0 157.94529085
4270.0 158.316882671
4280.0 158.688481823
4290.0 159.060088289
4300.0 159.431702048
4310.0 159.803323082
4320.0 160.174951368
4330.0 160.546586883
4340.0 160.918229605
4350.0 161.289879507
4360.0 161.661536565
4370.0 162.03320075
4380.0 162.404872034
4390.0 162.776550388
4400.0 163.148235782
4410.0 163.519928183
4420.0 163.891627558
4430.0 164.263333874
4440.0 164.635047095
4450.0 165.006767185
4460.0 165.378494106
4470.0 165.75022782
4480.0 166.121968287
4490.0 166.493715466
4500.0 166.865469316
4510.0 167.237229793
4520.0 167.608996853
4530.0 167.980770451
4540.0 168.352550541
4550.0 168.724337074
4560.0 169.096130004
4570.0 169.467929279
4580.0 169.83973485
4590.0 170.211546665
4600.0 170.583364671
4610.0 170.955188814
4620.0 171.32701904
4630.0 171.698855293
4640.0 172.070697516
4650.0 172.442545651
4660.0 172.81439964
4670.0 173.186259423
4680.0 173.558124938
4690.0 173.929996126
4700.0 174.301872922
4710.0 174.673755264
4720.0 175.045643086
4730.0 175.417536325
4740.0 175.789434913
4750.0 176.161338783
4760.0 176.533247868
4770.0 176.905162099
4780.0 177.277081406
4790.0 177.649005719
4800.0 178.020934967
4810.0 178.392869077
4820.0 178.764807977
4830.0 179.136751594
4840.0 179.508699853
4850.0 179.880652679
4860.0 180.252609998
4870.0 180.624571732
4880.0 180.996537805
4890.0 181.368508128
4900.0 181.740482641
4910.0 182.112461254
4920.0 182.484443888
4930.0 182.856430464
4940.0 183.228420901
4950.0 183.600415116
4960.0 183.97241303
4970.0 184.344414559
4980.0 184.71641962
4990.0 185.08842813
5000.0 185.460440006
5010.0 185.832455163
5020.0 186.204473516
5030.0 186.576494981
5040.0 186.948519472
5050.0 187.320546902
5060.0 187.692577187
5070.0 188.064610239
5080.0 188.436645972
5090.0 188.808684299
5100.0 189.180725131
5110.0 189.552768383
5120.0 189.924813965
5130.0 190.296861789
5140.0 190.668911769
5150.0 191.040963814
5160.0 191.413017838
5170.0 191.78507375
5180.0 192.157131463
5190.0 192.529190888
5200.0 192.901251935
5210.0 193.273314516
5220.0 193.645378542
5230.0 194.017443925
5240.0 194.389510574
5250.0 194.761578402
5260.0 195.13364732
5270.0 195.505717239
5280.0 195.87778807
5290.0 196.249859726
5300.0 196.621932117
5310.0 196.994005156
5320.0 197.366078754
5330.0 197.738152825
5340.0 198.110227281
5350.0 198.482302034
5360.0 198.854376997
5370.0 199.226452084
5380.0 199.598527208
5390.0 199.970602284
5400.0 200.342677225
5410.0 200.714751947
5420.0 201.086826364
5430.0 201.458900392
5440.0 201.830973946
5450.0 202.203046943
5460.0 202.5751193
5470.0 202.947190934
5480.0 203.319261763
5490.0 203.691331704
5500.0 204.063400677
5510.0 204.435468601
5520.0 204.807535395
5530.0 205.17960098
5540.0 205.551665277
5550.0 205.923728208
5560.0 206.295789695
5570.0 206.667849661
5580.0 207.039908028
5590.0 207.411964722
5600.0 207.784019668
5610.0 208.15607279
5620.0 208.528124014
5630.0 208.900173269
5640.0 209.272220481
5650.0 209.64426558
5660.0 210.016308494
5670.0 210.388349152
5680.0 210.760387487
5690.0 211.13242343
5700.0 211.504456912
5710.0 211.876487867
5720.0 212.24851623
5730.0 212.620541934
5740.0 212.992564916
5750.0 213.364585112
5760.0 213.73660246
5770.0 214.108616898
5780.0 214.480628365
5790.0 214.852636802
5800.0 215.224642148
5810.0 215.596644347
5820.0 215.968643341