0.0 0.0
120.0 5.43254293625
121.25 5.4899432904
122.5 5.54731432995
123.75 5.60465679236
125.0 5.66197140852
126.25 5.71925890193
127.5 5.7765199879
128.75 5.83375537289
130.0 5.89096575389
131.25 5.94815181788
132.5 6.00531424134
133.75 6.06245368986
135.0 6.11957081777
136.25 6.17666626782
137.5 6.23374067098
138.75 6.29079464614
140.0 6.34782880003
141.25 6.40484372701
142.5 6.46184000905
143.75 6.51881821558
145.0 6.57577890352
146.25 6.63272261725
147.5 6.68964988862
148.75 6.746561237
150.0 6.80345716935
151.25 6.86033818024
152.5 6.91720475204
153.75 6.97405735495
155.0 7.03089644716
156.25 7.08772247501
157.5 7.14453587306
158.75 7.20133706434
160.0 7.25812646048
162.5 7.37167145779
165.0 7.48517393664
167.5 7.59863679802
170.0 7.71206277857
172.5 7.82545445705
175.0 7.93881426098
177.5 8.05214447321
180.0 8.16544723855
182.5 8.27872457034
185.0 8.39197835681
187.5 8.50521036747
190.0 8.61842225922
192.5 8.73161558232
195.0 8.84479178618
197.5 8.95795222494
200.0 9.07109816284
202.5 9.18423077939
205.0 9.29735117428
210.0 9.52355932687
215.0 9.74972999594
220.0 9.9758695596
225.0 10.2019835195
230.0 10.4280766092
235.0 10.6541528905
240.0 10.88021584
245.0 11.1062684243
250.0 11.332313168
260.0 11.7843873672
270.0 12.2364518579
280.0 12.6885160797
290.0 13.1405865347
300.0 13.5926675754
310.0 14.044761994
320.0 14.4968714612
330.0 14.9489968511
340.0 15.4011384791
350.0 15.8532962762
360.0 16.3054699152
370.0 16.7576589014
380.0 17.2098626378
390.0 17.6620804702
400.0 18.1143117198
410.0 18.5665557044
420.0 19.0188117537
430.0 19.4710792179
440.0 19.9233574746
450.0 20.375645931
460.0 20.8279440262
470.0 21.280251231
480.0 21.7325670475
490.0 22.1848910084
500.0 22.6372226751
510.0 23.0895616368
520.0 23.5419075083
530.0 23.994259929
540.0 24.446618561
550.0 24.8989830877
560.0 25.3513532123
570.0 25.8037286565
580.0 26.2561091596
590.0 26.7084944765
600.0 27.1608843777
610.0 27.6132786471
620.0 28.0656770823
630.0 28.5180794927
640.0 28.9704856993
650.0 29.4228955337
660.0 29.8753088377
670.0 30.3277254624
680.0 30.7801452676
690.0 31.2325681215
700.0 31.6849939
710.0 32.1374224863
720.0 32.5898537706
730.0 33.0422876494
740.0 33.4947240253
750.0 33.9471628069
760.0 34.399603908
770.0 34.8520472476
780.0 35.3044927496
790.0 35.7569403425
800.0 36.2093899592
810.0 36.6618415366
820.0 37.1142950158
830.0 37.5667503413
840.0 38.0192074615
850.0 38.471666328
860.0 38.9241268956
870.0 39.3765891223
880.0 39.8290529691
890.0 40.2815183995
900.0 40.7339853802
910.0 41.18645388
920.0 41.6389238705
930.0 42.0913953257
940.0 42.5438682217
950.0 42.996342537
960.0 43.4488182521
970.0 43.9012953499
980.0 44.3537738148
990.0 44.8062536337
1000.0 45.258734795
1010.0 45.7112172891
1020.0 46.1637011083
1030.0 46.6161862466
1040.0 47.0686726995
1050.0 47.5211604646
1060.0 47.9736495408
1070.0 48.426139929
1080.0 48.8786316314
1090.0 49.331124652
1100.0 49.7836189963
1110.0 50.2361146713
1120.0 50.6886116858
1130.0 51.1411100499
1140.0 51.5936097755
1150.0 52.0461108758
1160.0 52.4986133658
1170.0 52.9511172619
1180.0 53.403622582
1190.0 53.8561293459
1200.0 54.3086375746
1210.0 54.761147291
1220.0 55.2136585195
1230.0 55.6661712862
1240.0 56.1186856187
1250.0 56.5712015466
1260.0 57.0237191009
1270.0 57.4762383145
1280.0 57.928759222
1290.0 58.38128186
1300.0 58.8338062668
1310.0 59.2863324825
1320.0 59.7388605494
1330.0 60.1913905114
1340.0 60.6439224146
1350.0 61.0964563074
1360.0 61.5489922398
1370.0 62.0015302645
1380.0 62.4540704359
1390.0 62.9066128111
1400.0 63.3591574493
1410.0 63.8117044121
1420.0 64.2642537636
1430.0 64.7168055705
1440.0 65.1693599019
1450.0 65.6219168297
1460.0 66.0744764284
1470.0 66.5270387754
1480.0 66.979603951
1490.0 67.4321720383
1500.0 67.8847431237
1510.0 68.3373172964
1520.0 68.789894649
1530.0 69.2424752775
1540.0 69.6950592809
1550.0 70.147646762
1560.0 70.6002378272
1570.0 71.0528325864
1580.0 71.5054311532
1590.0 71.9580336453
1600.0 72.4106401843
1610.0 72.8632508957
1620.0 73.3158659095
1630.0 73.7684853597
1640.0 74.221109385
1650.0 74.6737381283
1660.0 75.1263717375
1670.0 75.5790103651
1680.0 76.0316541683
1690.0 76.4843033098
1700.0 76.9369579569
1710.0 77.3896182825
1720.0 77.842284465
1730.0 78.294956688
1740.0 78.747635141
1750.0 79.2003200193
1760.0 79.6530115241
1770.0 80.1057098627
1780.0 80.5584152487
1790.0 81.011127902
1800.0 81.4638480492
1810.0 81.9165759232
1820.0 82.3693117642
1830.0 82.8220558191
1840.0 83.274808342
1850.0 83.7275695944
1860.0 84.1803398451
1870.0 84.6331193705
1880.0 85.085908455
1890.0 85.5387073906
1900.0 85.9915164778
1910.0 86.4443360249
1920.0 86.897166349
1930.0 87.3500077755
1940.0 87.8028606389
1950.0 88.2557252822
1960.0 88.7086020578
1970.0 89.1614913272
1980.0 89.6143934614
1990.0 90.0673088409
2000.0 90.520237856
2010.0 90.973180907
2020.0 91.426138404
2030.0 91.8791107677
2040.0 92.3320984291
2050.0 92.7851018296
2060.0 93.2381214215
2070.0 93.6911576681
2080.0 94.1442110435
2090.0 94.5972820333
2100.0 95.0503711342
2110.0 95.5034788547
2120.0 95.9566057149
2130.0 96.4097522466
2140.0 96.8629189937
2150.0 97.3161065122
2160.0 97.7693153705
2170.0 98.2225461492
2180.0 98.6757994416
2190.0 99.1290758537
2200.0 99.5823760041
2210.0 100.035700525
2220.0 100.48905006
2230.0 100.942425268
2240.0 101.395826819
2250.0 101.849255399
2260.0 102.302711706
2270.0 102.75619645
2280.0 103.209710357
2290.0 103.663254167
2300.0 104.116828632
2310.0 104.570434518
2320.0 105.024072607
2330.0 105.477743693
2340.0 105.931448584
2350.0 106.385188104
2360.0 106.83896309
2370.0 107.292774392
2380.0 107.746622876
2390.0 108.200509422
2400.0 108.654434922
2410.0 109.108400285
2420.0 109.562406432
2430.0 110.016454299
2440.0 110.470544837
2450.0 110.92467901
2460.0 111.378857795
2470.0 111.833082185
2480.0 112.287353185
2490.0 112.741671815
2500.0 113.196039107
2510.0 113.650456108
2520.0 114.104923878
2530.0 114.55944349
2540.0 115.01401603
2550.0 115.468642597
2560.0 115.923324302
2570.0 116.378062271
2580.0 116.832857639
2590.0 117.287711555
2600.0 117.742625179
2610.0 118.197599685
2620.0 118.652636254
2630.0 119.107736082
2640.0 119.562900373
2650.0 120.018130345
2660.0 120.473427223
2670.0 120.928792242
2680.0 121.384226649
2690.0 121.839731698
2700.0 122.295308651
2710.0 122.750958782
2720.0 123.20668337
2730.0 123.662483702
2740.0 124.118361072
2750.0 124.574316782
2760.0 125.03035214
2770.0 125.486468459
2780.0 125.942667057
2790.0 126.398949258
2800.0 126.85531639
2810.0 127.311769783
2820.0 127.768310773
2830.0 128.224940697
2840.0 128.681660894
2850.0 129.138472706
2860.0 129.595377474
2870.0 130.05237654
2880.0 130.509471246
2890.0 130.966662933
2900.0 131.423952941
2910.0 131.881342606
2920.0 132.338833263
2930.0 132.796426241
2940.0 133.254122868
2950.0 133.711924465
2960.0 134.169832347
2970.0 134.627847823
2980.0 135.085972195
2990.0 135.544206758
3000.0 136.002552797
3010.0 136.461011587
3020.0 136.919584396
3030.0 137.378272477
3040.0 137.837077074
3050.0 138.295999418
3060.0 138.755040727
3070.0 139.214202204
3080.0 139.673485037
3090.0 140.1328904
3100.0 140.592419449
3110.0 141.052073323
3120.0 141.511853144
3130.0 141.971760013
3140.0 142.431795014
3150.0 142.891959208
3160.0 143.352253637
3170.0 143.812679318
3180.0 144.273237248
3190.0 144.733928399
3200.0 145.194753718
3210.0 145.655714127
3220.0 146.116810524
3230.0 146.578043776
3240.0 147.039414725
3250.0 147.500924185
3260.0 147.96257294
3270.0 148.424361743
3280.0 148.886291319
3290.0 149.348362358
3300.0 149.810575521
3310.0 150.272931435
3320.0 150.735430692
3330.0 151.198073854
3340.0 151.660861443
3350.0 152.123793948
3360.0 152.586871823
3370.0 153.050095482
3380.0 153.513465305
3390.0 153.976981631
3400.0 154.440644763
3410.0 154.904454962
3420.0 155.368412452
3430.0 155.832517416
3440.0 156.296769996
3450.0 156.761170292
3460.0 157.225718365
3470.0 157.690414231
3480.0 158.155257866
3490.0 158.620249201
3500.0 159.085388126
3510.0 159.550674486
3520.0 160.016108084
3530.0 160.481688676
3540.0 160.947415976
3550.0 161.413289653
3560.0 161.879309332
3570.0 162.345474591
3580.0 162.811784965
3590.0 163.278239943
3600.0 163.744838969
3610.0 164.211581442
3620.0 164.678466714
3630.0 165.145494094
3640.0 165.612662844
3650.0 166.079972183
3660.0 166.547421282
3670.0 167.01500927
3680.0 167.482735229
3690.0 167.950598196
3700.0 168.418597166
3710.0 168.886731089
3720.0 169.354998869
3730.0 169.823399369
3740.0 170.291931408
3750.0 170.760593762
3760.0 171.229385165
3770.0 171.698304308
3780.0 172.167349841
3790.0 172.636520373
3800.0 173.105814474
3810.0 173.575230671
3820.0 174.044767453
3830.0 174.514423272
3840.0 174.98419654
3850.0 175.454085631
3860.0 175.924088885
3870.0 176.394204603
3880.0 176.864431053
3890.0 177.334766468
3900.0 177.805209046