0.0 0.0
120.0 4.51355330705
120.625 4.53603033086
121.25 4.5585161077
122.5 4.60351323115
123.75 4.64854334342
125.0 4.69360517896
126.25 4.73869753645
127.5 4.78381927495
128.75 4.82896931031
130.0 4.8741466118
131.25 4.91935019897
132.5 4.96457913878
133.75 5.0098325428
135.0 5.05510956471
136.25 5.10040939791
137.5 5.14573127328
138.75 5.19107445708
140.0 5.23643824904
141.25 5.28182198047
142.5 5.32722501259
143.75 5.37264673489
145.0 5.41808656365
146.25 5.46354394046
147.5 5.50901833095
148.75 5.5545092235
150.0 5.60001612807
151.25 5.64553857508
152.5 5.69107611439
153.75 5.73662831429
155.0 5.78219476058
156.25 5.82777505569
157.5 5.87336881789
158.75 5.91897568046
160.0 5.964595291
161.25 6.01022731071
162.5 6.05587141374
165.0 6.14719462754
167.5 6.23856256207
170.0 6.32997301811
172.5 6.42142395198
175.0 6.5129134618
177.5 6.60443977497
180.0 6.69600123703
182.5 6.78759630154
185.0 6.87922352106
187.5 6.97088153886
190.0 7.06256908157
192.5 7.15428495244
195.0 7.24602802527
197.5 7.33779723887
200.0 7.42959159206
202.5 7.52141013912
205.0 7.61325198564
207.5 7.70511628471
210.0 7.79700223353
212.5 7.88890907021
215.0 7.98083607091
217.5 8.07278254721
220.0 8.16474784371
222.5 8.25673133578
225.0 8.34873242758
230.0 8.5327851598
235.0 8.71690178173
240.0 8.90107839025
245.0 9.08531139625
250.0 9.26959748944
255.0 9.453933608
260.0 9.63831691259
265.0 9.82274476387
270.0 10.007214703
275.0 10.1917244348
280.0 10.3762718128
285.0 10.5608548262
290.0 10.7454715886
295.0 10.930120328
300.0 11.1147993773
305.0 11.2995071669
310.0 11.4842422173
315.0 11.6690031324
320.0 11.8537885941
330.0 12.2234282437
340.0 12.593151991
350.0 12.9629516162
360.0 13.3328197431
370.0 13.7027497429
380.0 14.0727356526
390.0 14.4427721034
400.0 14.812854259
410.0 15.1829777603
420.0 15.553138677
430.0 15.9233334647
440.0 16.2935589262
450.0 16.663812177
460.0 17.0340906146
470.0 17.4043918904
480.0 17.7747138852
490.0 18.1450546859
500.0 18.5154125658
510.0 18.8857859664
520.0 19.25617348
530.0 19.6265738358
540.0 19.9969858859
550.0 20.3674085931
560.0 20.7378410202
570.0 21.1082823202
580.0 21.4787317269
590.0 21.8491885475
600.0 22.2196521549
610.0 22.5901219812
620.0 22.9605975122
630.0 23.3310782818
640.0 23.7015638672
650.0 24.0720538849
660.0 24.4425479865
670.0 24.8130458554
680.0 25.1835472038
690.0 25.5540517696
700.0 25.9245593142
710.0 26.2950696197
720.0 26.6655824877
730.0 27.0360977365
740.0 27.4066152003
750.0 27.777134727
760.0 28.1476561775
770.0 28.5181794239
780.0 28.8887043488
790.0 29.2592308443
800.0 29.6297588109
810.0 30.000288157
820.0 30.3708187979
830.0 30.7413506554
840.0 31.111883657
850.0 31.4824177357
860.0 31.8529528291
870.0 32.2234888793
880.0 32.5940258325
890.0 32.9645636383
900.0 33.33510225
910.0 33.7056416237
920.0 34.0761817185
930.0 34.4467224959
940.0 34.8172639198
950.0 35.1878059565
960.0 35.558348574
970.0 35.9288917424
980.0 36.2994354332
990.0 36.6699796198
1000.0 37.0405242767
1010.0 37.4110693801
1020.0 37.7816149072
1030.0 38.1521608363
1040.0 38.5227071469
1050.0 38.8932538195
1060.0 39.2638008353
1070.0 39.6343481767
1080.0 40.0048958266
1090.0 40.3754437687
1100.0 40.7459919874
1110.0 41.1165404677
1120.0 41.4870891952
1130.0 41.8576381563
1140.0 42.2281873374
1150.0 42.5987367258
1160.0 42.9692863091
1170.0 43.3398360753
1180.0 43.7103860129
1190.0 44.0809361106
1200.0 44.4514863575
1210.0 44.822036743
1220.0 45.192587257
1230.0 45.5631378893
1240.0 45.9336886302
1250.0 46.3042394702
1260.0 46.6747904
1270.0 47.0453414104
1280.0 47.4158924927
1290.0 47.786443638
1300.0 48.1569948378
1310.0 48.5275460836
1320.0 48.8980973672
1330.0 49.2686486803
1340.0 49.6392000149
1350.0 50.009751363
1360.0 50.3803027168
1370.0 50.7508540685
1380.0 51.1214054103
1390.0 51.4919567347
1400.0 51.8625080339
1410.0 52.2330593005
1420.0 52.6036105269
1430.0 52.9741617056
1440.0 53.3447128293
1450.0 53.7152638903
1460.0 54.0858148814
1470.0 54.456365795
1480.0 54.8269166238
1490.0 55.1974673602
1500.0 55.5680179968
1510.0 55.9385685262
1520.0 56.3091189408
1530.0 56.679669233
1540.0 57.0502193953
1550.0 57.42076942
1560.0 57.7913192995
1570.0 58.161869026
1580.0 58.5324185917
1590.0 58.9029679887
1600.0 59.2735172092
1610.0 59.644066245
1620.0 60.0146150882
1630.0 60.3851637305
1640.0 60.7557121637
1650.0 61.1262603795
1660.0 61.4968083693
1670.0 61.8673561246
1680.0 62.2379036368
1690.0 62.608450897
1700.0 62.9789978965
1710.0 63.3495446261
1720.0 63.7200910768
1730.0 64.0906372393
1740.0 64.4611831042
1750.0 64.831728662
1760.0 65.202273903
1770.0 65.5728188174
1780.0 65.9433633953
1790.0 66.3139076266
1800.0 66.684451501
1810.0 67.054995008
1820.0 67.4255381371
1830.0 67.7960808776
1840.0 68.1666232185
1850.0 68.5371651487
1860.0 68.907706657
1870.0 69.2782477319
1880.0 69.6487883618
1890.0 70.0193285348
1900.0 70.3898682389
1910.0 70.7604074619
1920.0 71.1309461914
1930.0 71.5014844148
1940.0 71.8720221193
1950.0 72.2425592917
1960.0 72.6130959189
1970.0 72.9836319874
1980.0 73.3541674835
1990.0 73.7247023932
2000.0 74.0952367025
2010.0 74.465770397
2020.0 74.8363034621
2030.0 75.2068358828
2040.0 75.5773676442
2050.0 75.9478987309
2060.0 76.3184291273
2070.0 76.6889588175
2080.0 77.0594877856
2090.0 77.4300160151
2100.0 77.8005434895
2110.0 78.1710701918
2120.0 78.541596105
2130.0 78.9121212116
2140.0 79.2826454939
2150.0 79.6531689341
2160.0 80.0236915138
2170.0 80.3942132145
2180.0 80.7647340174
2190.0 81.1352539035
2200.0 81.5057728533
2210.0 81.8762908472
2220.0 82.2468078652
2230.0 82.617323887
2240.0 82.987838892
2250.0 83.3583528594
2260.0 83.7288657679
2270.0 84.0993775961
2280.0 84.4698883222
2290.0 84.840397924
2300.0 85.210906379
2310.0 85.5814136646
2320.0 85.9519197576
2330.0 86.3224246346
2340.0 86.6929282719
2350.0 87.0634306454
2360.0 87.4339317308
2370.0 87.8044315033
2380.0 88.1749299378
2390.0 88.5454270089
2400.0 88.915922691
2410.0 89.286416958
2420.0 89.6569097834
2430.0 90.0274011404
2440.0 90.3978910021
2450.0 90.768379341
2460.0 91.1388661292
2470.0 91.5093513387
2480.0 91.8798349409
2490.0 92.2503169071
2500.0 92.6207972081
2510.0 92.9912758143
2520.0 93.3617526959
2530.0 93.7322278226
2540.0 94.1027011639
2550.0 94.4731726888
2560.0 94.8436423661
2570.0 95.2141101641
2580.0 95.5845760508
2590.0 95.9550399939
2600.0 96.3255019608
2610.0 96.6959619182
2620.0 97.066419833
2630.0 97.4368756713
2640.0 97.807329399
2650.0 98.1777809818
2660.0 98.5482303847
2670.0 98.9186775727
2680.0 99.2891225104
2690.0 99.6595651618
2700.0 100.030005491
2710.0 100.400443461
2720.0 100.770879035
2730.0 101.141312177
2740.0 101.511742848
2750.0 101.882171011
2760.0 102.252596627
2770.0 102.623019658
2780.0 102.993440066
2790.0 103.36385781
2800.0 103.734272852
2810.0 104.104685152
2820.0 104.47509467
2830.0 104.845501365
2840.0 105.215905196
2850.0 105.586306123
2860.0 105.956704104
2870.0 106.327099098
2880.0 106.697491063
2890.0 107.067879956
2900.0 107.438265735
2910.0 107.808648357
2920.0 108.17902778
2930.0 108.54940396
2940.0 108.919776853
2950.0 109.290146416
2960.0 109.660512605
2970.0 110.030875375
2980.0 110.401234681
2990.0 110.77159048
3000.0 111.141942726
3010.0 111.512291374
3020.0 111.882636378
3030.0 112.252977694
3040.0 112.623315274
3050.0 112.993649073
3060.0 113.363979045
3070.0 113.734305143
3080.0 114.104627322
3090.0 114.474945533
3100.0 114.845259731
3110.0 115.215569868
3120.0 115.585875897
3130.0 115.956177771
3140.0 116.326475443
3150.0 116.696768864
3160.0 117.067057988
3170.0 117.437342767
3180.0 117.807623153
3190.0 118.177899097
3200.0 118.548170553
3210.0 118.918437472
3220.0 119.288699806
3230.0 119.658957507
3240.0 120.029210527
3250.0 120.399458818
3260.0 120.769702331
3270.0 121.139941019
3280.0 121.510174834
3290.0 121.880403728
3300.0 122.250627651
3310.0 122.620846558
3320.0 122.991060399
3330.0 123.361269127
3340.0 123.731472694
3350.0 124.101671053
3360.0 124.471864155
3370.0 124.842051954
3380.0 125.212234403
3390.0 125.582411453
3400.0 125.952583059
3410.0 126.322749173
3420.0 126.692909749
3430.0 127.06306474
3440.0 127.433214101
3450.0 127.803357784
3460.0 128.173495745
3470.0 128.543627938
3480.0 128.913754318
3490.0 129.283874839
3500.0 129.653989458
3510.0 130.024098129
3520.0 130.394200809
3530.0 130.764297453
3540.0 131.13438802
3550.0 131.504472464
3560.0 131.874550745
3570.0 132.244622819
3580.0 132.614688645
3590.0 132.984748181
3600.0 133.354801386
3610.0 133.72484822
3620.0 134.094888642
3630.0 134.464922613
3640.0 134.834950094
3650.0 135.204971046
3660.0 135.57498543
3670.0 135.944993209
3680.0 136.314994346
3690.0 136.684988805
3700.0 137.054976548
3710.0 137.424957542
3720.0 137.794931751
3730.0 138.16489914
3740.0 138.534859677
3750.0 138.904813327
3760.0 139.27476006
3770.0 139.644699843
3780.0 140.014632645
3790.0 140.384558436
3800.0 140.754477186
3810.0 141.124388866
3820.0 141.494293449
3830.0 141.864190907
3840.0 142.234081212
3850.0 142.60396434
3860.0 142.973840265
3870.0 143.343708963
3880.0 143.71357041
3890.0 144.083424583
3900.0 144.453271462
3910.0 144.823111024
3920.0 145.192943249
3930.0 145.562768118
3940.0 145.932585613
3950.0 146.302395717
3960.0 146.672198411
3970.0 147.041993682
3980.0 147.411781514
3990.0 147.781561892
4000.0 148.151334805
4010.0 148.521100239
4020.0 148.890858185
4030.0 149.260608632
4040.0 149.630351571
4050.0 150.000086994
4060.0 150.369814893
4070.0 150.739535264
4080.0 151.1092481
4090.0 151.478953398
4100.0 151.848651154
4110.0 152.218341367
4120.0 152.588024036
4130.0 152.957699162
4140.0 153.327366744
4150.0 153.697026786
4160.0 154.066679291
4170.0 154.436324264
4180.0 154.805961709
4190.0 155.175591634
4200.0 155.545214047
4210.0 155.914828956
4220.0 156.284436371
4230.0 156.654036304
4240.0 157.023628766
4250.0 157.393213772
4260.0 157.762791335
4270.0 158.132361471
4280.0 158.501924196
4290.0 158.87147953
4300.0 159.24102749
4310.0 159.610568097
4320.0 159.980101373
4330.0 160.349627339
4340.0 160.719146019
4350.0 161.088657439
4360.0 161.458161623
4370.0 161.827658599
4380.0 162.197148396
4390.0 162.566631041
4400.0 162.936106567
4410.0 163.305575004
4420.0 163.675036386
4430.0 164.044490746
4440.0 164.413938118
4450.0 164.783378541
4460.0 165.152812049
4470.0 165.522238683
4480.0 165.891658482
4490.0 166.261071485
4500.0 166.630477735
4510.0 166.999877276
4520.0 167.369270149
4530.0 167.738656402
4540.0 168.10803608
4550.0 168.477409229
4560.0 168.846775899
4570.0 169.216136139
4580.0 169.585489999
4590.0 169.954837531
4600.0 170.324178787
4610.0 170.69351382
4620.0 171.062842686
4630.0 171.432165439
4640.0 171.801482137
4650.0 172.170792837
4660.0 172.540097597
4670.0 172.909396477
4680.0 173.278689538
4690.0 173.647976841
4700.0 174.017258448
4710.0 174.386534423
4720.0 174.755804829
4730.0 175.125069732
4740.0 175.494329198
4750.0 175.863583294
4760.0 176.232832087
4770.0 176.602075646
4780.0 176.971314041
4790.0 177.340547341
4800.0 177.709775617
4810.0 178.078998941
4820.0 178.448217386
4830.0 178.817431025
4840.0 179.186639932
4850.0 179.555844182
4860.0 179.925043849
4870.0 180.29423901
4880.0 180.663429741
4890.0 181.032616131
4900.0 181.401798241
4910.0 181.770976159
4920.0 182.140149963
4930.0 182.509319735
4940.0 182.878485553
4950.0 183.2476475
4960.0 183.616805657
4970.0 183.985960105
4980.0 184.355110928
4990.0 184.724258208
5000.0 185.093402029
5010.0 185.462542476
5020.0 185.831679631
5030.0 186.200813581
5040.0 186.569944411
5050.0 186.939072205
5060.0 187.30819705
5070.0 187.677319032
5080.0 188.046438239
5090.0 188.415554755
5100.0 188.784668669
5110.0 189.153780068
5120.0 189.52288904
5130.0 189.891995672
5140.0 190.261100052
5150.0 190.630202268
5160.0 190.999302408
5170.0 191.368400562
5180.0 191.737496816
5190.0 192.10659126
5200.0 192.475683983
5210.0 192.844775072
5220.0 193.213864617
5230.0 193.582952705
5240.0 193.952039427
5250.0 194.321124869
5260.0 194.690209121
5270.0 195.059292271
5280.0 195.428374407
5290.0 195.797455617
5300.0 196.16653599
5310.0 196.535615612
5320.0 196.904694573
5330.0 197.273772958
5340.0 197.642850855
5350.0 198.011928351
5360.0 198.381005533
5370.0 198.750082487
5380.0 199.1191593
5390.0 199.488236056
5400.0 199.857312841
5410.0 200.22638974
5420.0 200.595466838
5430.0 200.964544219
5440.0 201.333621967
5450.0 201.702700165
5460.0 202.071778896
5470.0 202.440858242
5480.0 202.809938286
5490.0 203.179019108
5500.0 203.54810079
5510.0 203.917183413
5520.0 204.286267055
5530.0 204.655351796
5540.0 205.024437715
5550.0 205.39352489
5560.0 205.762613397
5570.0 206.131703315
5580.0 206.500794718
5590.0 206.869887683
5600.0 207.238982284
5610.0 207.608078596
5620.0 207.977176691
5630.0 208.346276642
5640.0 208.715378521
5650.0 209.084482399
5660.0 209.453588347
5670.0 209.822696434
5680.0 210.191806729
5690.0 210.560919299
5700.0 210.930034213
5710.0 211.299151537
5720.0 211.668271335
5730.0 212.037393673
5740.0 212.406518615
5750.0 212.775646223
5760.0 213.144776559
5770.0 213.513909685
5780.0 213.883045661
5790.0 214.252184547
5800.0 214.6213264
5810.0 214.990471279
5820.0 215.35961924