0.0 0.0
120.0 4.51010620202
120.625 4.53256527287
121.25 4.55503309675
122.5 4.5999943143
123.75 4.64498852072
125.0 4.69001445044
126.25 4.73507090215
127.5 4.7801567349
128.75 4.82527086455
130.0 4.87041226036
131.25 4.9155799419
132.5 4.96077297611
133.75 5.00599047457
135.0 5.05123159096
136.25 5.09649551867
137.5 5.14178148859
138.75 5.18708876699
140.0 5.23241665357
141.25 5.27776447967
142.5 5.3231316065
143.75 5.36851742355
145.0 5.41392134709
146.25 5.45934281873
147.5 5.50478130409
148.75 5.55023629155
150.0 5.59570729107
151.25 5.64119383307
152.5 5.68669546742
153.75 5.73221176239
155.0 5.77774230379
156.25 5.82328669406
157.5 5.86884455146
158.75 5.91441550927
160.0 5.95999921509
161.25 6.00559533013
162.5 6.05120352853
165.0 6.1424549332
167.5 6.23375105879
170.0 6.32508970605
172.5 6.41646883133
175.0 6.50788653274
177.5 6.59934103768
180.0 6.6908306917
182.5 6.78235394836
185.0 6.87390936022
187.5 6.96549557056
190.0 7.057111306
192.5 7.1487553698
195.0 7.24042663577
197.5 7.3321240427
200.0 7.42384658943
202.5 7.51559333025
205.0 7.60736337072
207.5 7.69915586397
210.0 7.79097000718
212.5 7.88280503847
215.0 7.974660234
217.5 8.06653490535
220.0 8.15842839712
222.5 8.2503400847
225.0 8.34226937225
230.0 8.52617849664
235.0 8.71015151173
240.0 8.89418451436
245.0 9.07827391549
250.0 9.26241640484
255.0 9.4466089206
260.0 9.63084862347
265.0 9.81513287413
270.0 9.9994592138
275.0 10.1838253473
280.0 10.368229128
285.0 10.5526685455
290.0 10.7371417132
295.0 10.9216468591
300.0 11.1061823162
305.0 11.290746515
310.0 11.4753379758
315.0 11.6599553028
320.0 11.8445971779
330.0 12.2139496584
340.0 12.5833862425
350.0 12.952898711
360.0 13.3224796877
370.0 13.6921225442
380.0 14.0618213176
390.0 14.4315706398
400.0 14.8013656745
410.0 15.171202063
420.0 15.5410758755
430.0 15.9109835679
440.0 16.2809219432
450.0 16.6508881176
460.0 17.0208794888
470.0 17.3908937087
480.0 17.7609286584
490.0 18.1309824254
500.0 18.5010532836
510.0 18.8711396746
520.0 19.2412401916
530.0 19.6113535642
540.0 19.9814786449
550.0 20.3516143973
560.0 20.7217598847
570.0 21.0919142606
580.0 21.4620767596
590.0 21.8322466895
600.0 22.2024234237
610.0 22.5726063953
620.0 22.9427950906
630.0 23.3129890443
640.0 23.6831878345
650.0 24.0533910784
660.0 24.4235984284
670.0 24.7938095688
680.0 25.1640242127
690.0 25.5342420989
700.0 25.9044629897
710.0 26.2746866685
720.0 26.6449129374
730.0 27.0151416163
740.0 27.38537254
750.0 27.7556055579
760.0 28.1258405318
770.0 28.4960773351
780.0 28.8663158517
790.0 29.236555975
800.0 29.6067976067
810.0 29.9770406566
820.0 30.3472850414
830.0 30.7175306844
840.0 31.0877775147
850.0 31.4580254667
860.0 31.8282744797
870.0 32.1985244973
880.0 32.5687754676
890.0 32.9390273419
900.0 33.3092800752
910.0 33.6795336256
920.0 34.0497879541
930.0 34.4200430242
940.0 34.7902988019
950.0 35.1605552555
960.0 35.5308123553
970.0 35.9010700735
980.0 36.2713283841
990.0 36.6415872627
1000.0 37.0118466865
1010.0 37.3821066339
1020.0 37.752367085
1030.0 38.1226280207
1040.0 38.4928894232
1050.0 38.8631512759
1060.0 39.2334135631
1070.0 39.6036762699
1080.0 39.9739393825
1090.0 40.3442028877
1100.0 40.7144667734
1110.0 41.0847310277
1120.0 41.45499564
1130.0 41.8252605999
1140.0 42.1955258978
1150.0 42.5657915247
1160.0 42.9360574721
1170.0 43.306323732
1180.0 43.6765902969
1190.0 44.0468571599
1200.0 44.4171243144
1210.0 44.7873917543
1220.0 45.157659474
1230.0 45.5279274681
1240.0 45.8981957317
1250.0 46.2684642604
1260.0 46.6387330499
1270.0 47.0090020963
1280.0 47.3792713963
1290.0 47.7495409465
1300.0 48.119810744
1310.0 48.4900807864
1320.0 48.8603510712
1330.0 49.2306215965
1340.0 49.6008923605
1350.0 49.9711633617
1360.0 50.3414345988
1370.0 50.711706071
1380.0 51.0819777775
1390.0 51.4522497177
1400.0 51.8225218915
1410.0 52.1927942987
1420.0 52.5630669397
1430.0 52.9333398148
1440.0 53.3036129248
1450.0 53.6738862704
1460.0 54.0441598527
1470.0 54.4144336731
1480.0 54.7847077331
1490.0 55.1549820343
1500.0 55.5252565788
1510.0 55.8955313685
1520.0 56.2658064059
1530.0 56.6360816935
1540.0 57.006357234
1550.0 57.3766330303
1560.0 57.7469090856
1570.0 58.1171854032
1580.0 58.4874619866
1590.0 58.8577388396
1600.0 59.228015966
1610.0 59.5982933699
1620.0 59.9685710558
1630.0 60.3388490281
1640.0 60.7091272914
1650.0 61.0794058508
1660.0 61.4496847114
1670.0 61.8199638784
1680.0 62.1902433573
1690.0 62.5605231539
1700.0 62.9308032741
1710.0 63.301083724
1720.0 63.67136451
1730.0 64.0416456385
1740.0 64.4119271163
1750.0 64.7822089503
1760.0 65.1524911478
1770.0 65.5227737161
1780.0 65.8930566627
1790.0 66.2633399955
1800.0 66.6336237225
1810.0 67.003907852
1820.0 67.3741923923
1830.0 67.7444773522
1840.0 68.1147627405
1850.0 68.4850485665
1860.0 68.8553348394
1870.0 69.2256215689
1880.0 69.5959087648
1890.0 69.9661964372
1900.0 70.3364845962
1910.0 70.7067732526
1920.0 71.077062417
1930.0 71.4473521005
1940.0 71.8176423144
1950.0 72.1879330701
1960.0 72.5582243795
1970.0 72.9285162546
1980.0 73.2988087075
1990.0 73.669101751
2000.0 74.0393953977
2010.0 74.4096896608
2020.0 74.7799845535
2030.0 75.1502800895
2040.0 75.5205762826
2050.0 75.8908731469
2060.0 76.2611706969
2070.0 76.6314689473
2080.0 77.0017679129
2090.0 77.3720676092
2100.0 77.7423680516
2110.0 78.1126692559
2120.0 78.4829712383
2130.0 78.8532740152
2140.0 79.2235776032
2150.0 79.5938820194
2160.0 79.9641872811
2170.0 80.3344934059
2180.0 80.7048004117
2190.0 81.0751083167
2200.0 81.4454171394
2210.0 81.8157268987
2220.0 82.1860376138
2230.0 82.556349304
2240.0 82.9266619892
2250.0 83.2969756896
2260.0 83.6672904254
2270.0 84.0376062176
2280.0 84.4079230871
2290.0 84.7782410553
2300.0 85.1485601441
2310.0 85.5188803755
2320.0 85.8892017719
2330.0 86.2595243561
2340.0 86.629848151
2350.0 87.0001731803
2360.0 87.3704994676
2370.0 87.740827037
2380.0 88.111155913
2390.0 88.4814861204
2400.0 88.8518176843
2410.0 89.2221506303
2420.0 89.5924849842
2430.0 89.9628207722
2440.0 90.3331580208
2450.0 90.7034967569
2460.0 91.0738370079
2470.0 91.4441788013
2480.0 91.8145221651
2490.0 92.1848671277
2500.0 92.5552137176
2510.0 92.9255619641
2520.0 93.2959118964
2530.0 93.6662635443
2540.0 94.0366169379
2550.0 94.4069721078
2560.0 94.7773290848
2570.0 95.1476879
2580.0 95.5180485851
2590.0 95.8884111718
2600.0 96.2587756926
2610.0 96.6291421801
2620.0 96.9995106672
2630.0 97.3698811872
2640.0 97.740253774
2650.0 98.1106284614
2660.0 98.481005284
2670.0 98.8513842766
2680.0 99.2217654741
2690.0 99.592148912
2700.0 99.9625346263
2710.0 100.332922653
2720.0 100.703313029
2730.0 101.07370579
2740.0 101.444100974
2750.0 101.814498619
2760.0 102.184898762
2770.0 102.555301441
2780.0 102.925706696
2790.0 103.296114564
2800.0 103.666525085
2810.0 104.036938299
2820.0 104.407354245
2830.0 104.777772963
2840.0 105.148194494
2850.0 105.518618879
2860.0 105.889046158
2870.0 106.259476373
2880.0 106.629909565
2890.0 107.000345777
2900.0 107.37078505
2910.0 107.741227428
2920.0 108.111672952
2930.0 108.482121665
2940.0 108.852573612
2950.0 109.223028836
2960.0 109.593487379
2970.0 109.963949287
2980.0 110.334414604
2990.0 110.704883374
3000.0 111.075355642
3010.0 111.445831453
3020.0 111.816310851
3030.0 112.186793883
3040.0 112.557280594
3050.0 112.92777103
3060.0 113.298265237
3070.0 113.66876326
3080.0 114.039265147
3090.0 114.409770943
3100.0 114.780280695
3110.0 115.150794451
3120.0 115.521312256
3130.0 115.891834159
3140.0 116.262360205
3150.0 116.632890444
3160.0 117.003424921
3170.0 117.373963684
3180.0 117.744506781
3190.0 118.11505426
3200.0 118.485606169
3210.0 118.856162554
3220.0 119.226723464
3230.0 119.597288947
3240.0 119.967859051
3250.0 120.338433823
3260.0 120.709013311
3270.0 121.079597564
3280.0 121.450186629
3290.0 121.820780554
3300.0 122.191379386
3310.0 122.561983175
3320.0 122.932591966
3330.0 123.303205809
3340.0 123.67382475
3350.0 124.044448837
3360.0 124.415078117
3370.0 124.785712638
3380.0 125.156352446
3390.0 125.526997589
3400.0 125.897648113
3410.0 126.268304065
3420.0 126.638965491
3430.0 127.009632438
3440.0 127.380304951
3450.0 127.750983076
3460.0 128.12166686
3470.0 128.492356347
3480.0 128.863051582
3490.0 129.23375261
3500.0 129.604459475
3510.0 129.975172223
3520.0 130.345890896
3530.0 130.716615538
3540.0 131.087346192
3550.0 131.458082902
3560.0 131.82882571
3570.0 132.199574657
3580.0 132.570329786
3590.0 132.941091137
3600.0 133.311858753
3610.0 133.682632672
3620.0 134.053412936
3630.0 134.424199583
3640.0 134.794992652
3650.0 135.165792183
3660.0 135.536598213
3670.0 135.907410779
3680.0 136.278229919
3690.0 136.649055669
3700.0 137.019888065
3710.0 137.390727142
3720.0 137.761572935
3730.0 138.132425478
3740.0 138.503284804
3750.0 138.874150946
3760.0 139.245023936
3770.0 139.615903806
3780.0 139.986790587
3790.0 140.357684309
3800.0 140.728585
3810.0 141.099492691
3820.0 141.470407408
3830.0 141.84132918
3840.0 142.212258032
3850.0 142.583193991
3860.0 142.954137081
3870.0 143.325087326
3880.0 143.696044751
3890.0 144.067009376
3900.0 144.437981225
3910.0 144.808960318
3920.0 145.179946675
3930.0 145.550940315
3940.0 145.921941256
3950.0 146.292949517
3960.0 146.663965112
3970.0 147.034988059
3980.0 147.40601837
3990.0 147.777056061
4000.0 148.148101144
4010.0 148.519153631
4020.0 148.890213533
4030.0 149.261280859
4040.0 149.632355618
4050.0 150.003437819
4060.0 150.374527468
4070.0 150.745624572
4080.0 151.116729134
4090.0 151.487841159
4100.0 151.85896065
4110.0 152.230087608
4120.0 152.601222035
4130.0 152.972363929
4140.0 153.34351329
4150.0 153.714670115
4160.0 154.0858344
4170.0 154.457006141
4180.0 154.828185332
4190.0 155.199371966
4200.0 155.570566035
4210.0 155.941767531
4220.0 156.312976442
4230.0 156.684192759
4240.0 157.055416467
4250.0 157.426647555
4260.0 157.797886006
4270.0 158.169131806
4280.0 158.540384937
4290.0 158.911645382
4300.0 159.282913121
4310.0 159.654188134
4320.0 160.025470399
4330.0 160.396759894
4340.0 160.768056594
4350.0 161.139360476
4360.0 161.510671513
4370.0 161.881989677
4380.0 162.253314941
4390.0 162.624647274
4400.0 162.995986647
4410.0 163.367333027
4420.0 163.738686382
4430.0 164.110046677
4440.0 164.481413877
4450.0 164.852787946
4460.0 165.224168847
4470.0 165.59555654
4480.0 165.966950986
4490.0 166.338352145
4500.0 166.709759974
4510.0 167.08117443
4520.0 167.452595469
4530.0 167.824023046
4540.0 168.195457115
4550.0 168.566897628
4560.0 168.938344536
4570.0 169.309797791
4580.0 169.681257341
4590.0 170.052723135
4600.0 170.42419512
4610.0 170.795673243
4620.0 171.167157448
4630.0 171.53864768
4640.0 171.910143882
4650.0 172.281645997
4660.0 172.653153965
4670.0 173.024667727
4680.0 173.396187222
4690.0 173.767712389
4700.0 174.139243164
4710.0 174.510779485
4720.0 174.882321287
4730.0 175.253868505
4740.0 175.625421072
4750.0 175.996978922
4760.0 176.368541986
4770.0 176.740110196
4780.0 177.111683482
4790.0 177.483261774
4800.0 177.854845001
4810.0 178.226433091
4820.0 178.59802597
4830.0 178.969623566
4840.0 179.341225804
4850.0 179.71283261
4860.0 180.084443908
4870.0 180.456059621
4880.0 180.827679673
4890.0 181.199303976
4900.0 181.570932468
4910.0 181.94256506
4920.0 182.314201674
4930.0 182.685842229
4940.0 183.057486644
4950.0 183.42913484
4960.0 183.800786732
4970.0 184.17244224
4980.0 184.544101281
4990.0 184.91576377
5000.0 185.287429625
5010.0 185.659098761
5020.0 186.030771094
5030.0 186.402446538
5040.0 186.774125008
5050.0 187.145806418
5060.0 187.517490682
5070.0 187.889177714
5080.0 188.260867426
5090.0 188.632559731
5100.0 189.004254543
5110.0 189.375951774
5120.0 189.747651335
5130.0 190.119353139
5140.0 190.491057098
5150.0 190.862763122
5160.0 191.234471125
5170.0 191.606181017
5180.0 191.977892709
5190.0 192.349606113
5200.0 192.721321139
5210.0 193.0930377
5220.0 193.464755705
5230.0 193.836475067
5240.0 194.208195695
5250.0 194.579917503
5260.0 194.9516404
5270.0 195.323364298
5280.0 195.695089108
5290.0 196.066814743
5300.0 196.438541113
5310.0 196.810268132
5320.0 197.18199571
5330.0 197.55372376
5340.0 197.925452194
5350.0 198.297180926
5360.0 198.668909869
5370.0 199.040638935
5380.0 199.412368039
5390.0 199.784097094
5400.0 200.155826014
5410.0 200.527554715
5420.0 200.899283111
5430.0 201.271011118
5440.0 201.642738652
5450.0 202.014465629
5460.0 202.386191965
5470.0 202.757917578
5480.0 203.129642386
5490.0 203.501366306
5500.0 203.873089258
5510.0 204.244811161
5520.0 204.616531935
5530.0 204.988251499
5540.0 205.359969776
5550.0 205.731686686
5560.0 206.103402152
5570.0 206.475116097
5580.0 206.846828444
5590.0 207.218539117
5600.0 207.590248041
5610.0 207.961955142
5620.0 208.333660347
5630.0 208.705363581
5640.0 209.077064772
5650.0 209.44876385
5660.0 209.820460743
5670.0 210.192155381
5680.0 210.563847695
5690.0 210.935537616
5700.0 211.307225078
5710.0 211.678910013
5720.0 212.050592354
5730.0 212.422272038
5740.0 212.793948999
5750.0 213.165623175
5760.0 213.537294502
5770.0 213.908962919
5780.0 214.280628365
5790.0 214.652290781
5800.0 215.023950107
5810.0 215.395606285
5820.0 215.767259258