0.0 0.0
120.0 5.38116245894
121.25 5.4380275041
122.5 5.49486323247
123.75 5.5516703815
125.0 5.60844968208
126.25 5.66520185769
127.5 5.72192762365
128.75 5.7786276864
130.0 5.83530274293
131.25 5.8919534802
132.5 5.9485805747
133.75 6.00518469199
135.0 6.06176648641
136.25 6.11832660071
137.5 6.17486566583
138.75 6.23138430067
140.0 6.28788311195
141.25 6.34436269402
142.5 6.40082362883
143.75 6.45726648582
145.0 6.5136918219
146.25 6.57010018143
147.5 6.62649209628
148.75 6.68286808578
150.0 6.7392286569
151.25 6.7955743042
152.5 6.85190551004
155.0 6.96452646611
157.5 7.07709514338
160.0 7.18961497256
162.5 7.30208920193
165.0 7.41452090309
167.5 7.52691297696
170.0 7.63926816012
172.5 7.75158903127
175.0 7.86387801786
177.5 7.97613740269
180.0 8.08836933049
182.5 8.20057581453
185.0 8.312758743
187.5 8.42491988532
190.0 8.53706089833
195.0 8.76128863635
200.0 8.98545318169
205.0 9.20956431886
210.0 9.43363055371
215.0 9.65765926099
220.0 9.88165681826
225.0 10.1056287266
230.0 10.329579719
240.0 10.7774346157
250.0 11.2252474196
260.0 11.6730368998
270.0 12.1208164717
280.0 12.5685955699
290.0 13.0163806914
300.0 13.4641761833
310.0 13.9119848324
320.0 14.359808304
330.0 14.8076474665
340.0 15.2555026294
350.0 15.7033737178
360.0 16.1512603986
370.0 16.5991621709
380.0 17.0470784312
390.0 17.495008519
400.0 17.9429517487
410.0 18.3909074316
420.0 18.83887489
430.0 19.2868534675
440.0 19.7348425341
450.0 20.1828414896
460.0 20.6308497655
470.0 21.0788668248
480.0 21.5268921617
490.0 21.9749253005
500.0 22.4229657944
510.0 22.8710132239
520.0 23.319067195
530.0 23.7671273382
540.0 24.2151933063
550.0 24.6632647731
560.0 25.1113414322
570.0 25.5594229955
580.0 26.0075091918
590.0 26.4555997659
600.0 26.9036944771
610.0 27.3517930988
620.0 27.7998954169
630.0 28.2480012294
640.0 28.6961103455
650.0 29.1442225845
660.0 29.5923377756
670.0 30.0404557571
680.0 30.4885763757
690.0 30.936699486
700.0 31.3848249499
710.0 31.8329526363
720.0 32.2810824208
730.0 32.7292141846
740.0 33.1773478151
750.0 33.6254832045
760.0 34.0736202505
770.0 34.5217588551
780.0 34.9698989249
790.0 35.4180403704
800.0 35.8661831062
810.0 36.3143270503
820.0 36.7624721242
830.0 37.2106182525
840.0 37.6587653628
850.0 38.1069133855
860.0 38.5550622534
870.0 39.003211902
880.0 39.451362269
890.0 39.899513294
900.0 40.3476649188
910.0 40.7958170868
920.0 41.2439697434
930.0 41.6921228354
940.0 42.1402763109
950.0 42.5884301196
960.0 43.0365842124
970.0 43.4847385411
980.0 43.9328930588
990.0 44.3810477193
1000.0 44.8292024775
1010.0 45.2773572889
1020.0 45.7255121096
1030.0 46.1736668963
1040.0 46.6218216064
1050.0 47.0699761975
1060.0 47.5181306277
1070.0 47.9662848552
1080.0 48.4144388386
1090.0 48.8625925366
1100.0 49.3107459078
1110.0 49.7588989109
1120.0 50.2070515046
1130.0 50.6552036474
1140.0 51.1033552976
1150.0 51.5515064132
1160.0 51.9996569519
1170.0 52.447806871
1180.0 52.8959561273
1190.0 53.3441046773
1200.0 53.7922524766
1210.0 54.2403994804
1220.0 54.6885456431
1230.0 55.1366909184
1240.0 55.5848352589
1250.0 56.0329786167
1260.0 56.4811209427
1270.0 56.9292621869
1280.0 57.377402298
1290.0 57.8255412239
1300.0 58.2736789109
1310.0 58.7218153043
1320.0 59.169950348
1330.0 59.6180839843
1340.0 60.0662161542
1350.0 60.5143467971
1360.0 60.9624758508
1370.0 61.4106032511
1380.0 61.8587289326
1390.0 62.3068528275
1400.0 62.7549748662
1410.0 63.2030949774
1420.0 63.6512130874
1430.0 64.0993291203
1440.0 64.5474429982
1450.0 64.9955546407
1460.0 65.4436639649
1470.0 65.8917708857
1480.0 66.339875315
1490.0 66.7879771622
1500.0 67.2360763341
1510.0 67.6841727343
1520.0 68.1322662637
1530.0 68.58035682
1540.0 69.0284442977
1550.0 69.476528588
1560.0 69.924609579
1570.0 70.372687155
1580.0 70.8207611968
1590.0 71.2688315816
1600.0 71.7168981827
1610.0 72.1649608696
1620.0 72.6130195076
1630.0 73.0610739579
1640.0 73.5091240775
1650.0 73.957169719
1660.0 74.4052107303
1670.0 74.8532469548
1680.0 75.3012782312
1690.0 75.7493043932
1700.0 76.1973252695
1710.0 76.6453406835
1720.0 77.0933504535
1730.0 77.5413543922
1740.0 77.9893523068
1750.0 78.4373439988
1760.0 78.8853292637
1770.0 79.3333078913
1780.0 79.7812796648
1790.0 80.2292443614
1800.0 80.6772017518
1810.0 81.1251516
1820.0 81.5730936633
1830.0 82.021027692
1840.0 82.4689534296
1850.0 82.916870612
1860.0 83.364778968
1870.0 83.8126782185
1880.0 84.2605680771
1890.0 84.7084482493
1900.0 85.1563184325
1910.0 85.6041783161
1920.0 86.0520275809
1930.0 86.4998658993
1940.0 86.947692935
1950.0 87.3955083427
1960.0 87.8433117683
1970.0 88.2911028482
1980.0 88.7388812096
1990.0 89.1866464702
2000.0 89.6343982378
2010.0 90.0821361104
2020.0 90.5298596761
2030.0 90.9775685126
2040.0 91.4252621873
2050.0 91.8729402569
2060.0 92.3206022677
2070.0 92.7682477549
2080.0 93.2158762427
2090.0 93.6634872441
2100.0 94.1110802608
2110.0 94.558654783
2120.0 95.0062102891
2130.0 95.4537462459
2140.0 95.9012621081
2150.0 96.3487573184
2160.0 96.796231307
2170.0 97.2436834921
2180.0 97.691113279
2190.0 98.1385200606
2200.0 98.5859032169
2210.0 99.033262115
2220.0 99.480596109
2230.0 99.9279045399
2240.0 100.375186735
2250.0 100.822442009
2260.0 101.269669663
2270.0 101.716868984
2280.0 102.164039246
2290.0 102.611179708
2300.0 103.058289617
2310.0 103.505368205
2320.0 103.95241469
2330.0 104.399428277
2340.0 104.846408156
2350.0 105.293353503
2360.0 105.74026348
2370.0 106.187137236
2380.0 106.633973903
2390.0 107.080772602
2400.0 107.527532439
2410.0 107.974252504
2420.0 108.420931875
2430.0 108.867569615
2440.0 109.314164773
2450.0 109.760716384
2460.0 110.20722347
2470.0 110.653685037
2480.0 111.10010008
2490.0 111.546467577
2500.0 111.992786495
2510.0 112.439055787
2520.0 112.885274393
2530.0 113.331441238
2540.0 113.777555236
2550.0 114.223615286
2560.0 114.669620278
2570.0 115.115569084
2580.0 115.56146057
2590.0 116.007293584
2600.0 116.453066966
2610.0 116.898779544
2620.0 117.344430132
2630.0 117.790017536
2640.0 118.23554055
2650.0 118.680997957
2660.0 119.126388531
2670.0 119.571711035
2680.0 120.016964222
2690.0 120.462146839
2700.0 120.90725762
2710.0 121.352295294
2720.0 121.79725858
2730.0 122.24214619
2740.0 122.686956829
2750.0 123.131689195
2760.0 123.57634198
2770.0 124.02091387
2780.0 124.465403547
2790.0 124.909809685
2800.0 125.354130957
2810.0 125.798366032
2820.0 126.242513573
2830.0 126.686572243
2840.0 127.130540702
2850.0 127.574417608
2860.0 128.018201619
2870.0 128.461891393
2880.0 128.905485587
2890.0 129.34898286
2900.0 129.792381872
2910.0 130.235681286
2920.0 130.678879766
2930.0 131.121975982
2940.0 131.564968608
2950.0 132.00785632
2960.0 132.450637805
2970.0 132.893311751
2980.0 133.335876857
2990.0 133.778331827
3000.0 134.220675377
3010.0 134.662906229
3020.0 135.105023118
3030.0 135.547024787
3040.0 135.988909993
3050.0 136.430677506
3060.0 136.872326106
3070.0 137.31385459
3080.0 137.75526177
3090.0 138.196546471
3100.0 138.637707537
3110.0 139.078743828
3120.0 139.519654223
3130.0 139.960437619
3140.0 140.401092933
3150.0 140.841619103
3160.0 141.282015087
3170.0 141.722279866
3180.0 142.162412445
3190.0 142.602411851
3200.0 143.042277136
3210.0 143.482007377
3220.0 143.921601678
3230.0 144.36105917
3240.0 144.80037901
3250.0 145.239560385
3260.0 145.678602511
3270.0 146.117504634
3280.0 146.556266029
3290.0 146.994886004
3300.0 147.4333639
3310.0 147.871699089
3320.0 148.309890977
3330.0 148.747939004
3340.0 149.185842647
3350.0 149.623601416
3360.0 150.061214858
3370.0 150.498682558
3380.0 150.936004136
3390.0 151.373179251
3400.0 151.810207603
3410.0 152.247088927
3420.0 152.683823002
3430.0 153.120409642
3440.0 153.556848707
3450.0 153.993140096
3460.0 154.429283747
3470.0 154.865279644
3480.0 155.301127812
3490.0 155.736828317
3500.0 156.172381272
3510.0 156.607786829
3520.0 157.043045187
3530.0 157.478156589
3540.0 157.913121319
3550.0 158.34793971
3560.0 158.782612136
3570.0 159.217139019
3580.0 159.651520823
3590.0 160.08575806
3600.0 160.519851284
3610.0 160.953801099
3620.0 161.387608148
3630.0 161.821273126
3640.0 162.254796768
3650.0 162.688179857
3660.0 163.121423219
3670.0 163.554527728
3680.0 163.987494301
3690.0 164.420323898
3700.0 164.853017527
3710.0 165.285576237
3720.0 165.718001123
3730.0 166.150293321
3740.0 166.582454014
3750.0 167.014484425
3760.0 167.44638582
3770.0 167.878159507
3780.0 168.309806836
3790.0 168.741329198
3800.0 169.172728023
3810.0 169.604004784
3820.0 170.035160991
3830.0 170.466198192
3840.0 170.897117976
3850.0 171.327921966
3860.0 171.758611826
3870.0 172.189189251
3880.0 172.619655975
3890.0 173.050013764
3900.0 173.480264419