0.0 0.0
120.0 5.37296266656
121.25 5.42974229721
122.5 5.48649261108
123.75 5.54321434561
125.0 5.59990823169
126.25 5.65657499279
127.5 5.71321534425
128.75 5.7698299925
130.0 5.82641963452
131.25 5.88298495729
132.5 5.93952663728
133.75 5.99604534007
135.0 6.05254171999
136.25 6.10901641978
137.5 6.1654700704
138.75 6.22190329073
140.0 6.2783166875
141.25 6.33471085507
142.5 6.39108637538
143.75 6.44744381786
145.0 6.50378373944
146.25 6.56010668447
147.5 6.61641318481
148.75 6.67270375981
150.0 6.72897891642
151.25 6.78523914922
152.5 6.84148494056
155.0 6.95393506762
157.5 7.06633291589
160.0 7.17868191605
162.5 7.29098531641
165.0 7.40324618857
167.5 7.51546743343
170.0 7.62765178758
172.5 7.73980182973
175.0 7.85191998731
177.5 7.96400854312
180.0 8.07606964192
182.5 8.18810529695
185.0 8.30011739641
187.5 8.41210770972
190.0 8.52407789373
195.0 8.74796397373
200.0 8.97178686106
205.0 9.19555634021
210.0 9.41928091704
215.0 9.64296796631
220.0 9.86662386556
225.0 10.0902541159
230.0 10.3138634503
240.0 10.7610350309
250.0 11.2081645188
260.0 11.655270683
270.0 12.1023669389
280.0 12.549462721
290.0 12.9965645265
300.0 13.4436767024
310.0 13.8908020354
320.0 14.337942191
330.0 14.7850980374
340.0 15.2322698843
350.0 15.6794576567
360.0 16.1266610215
370.0 16.5738794777
380.0 17.021112422
390.0 17.4683591938
400.0 17.9156191075
410.0 18.3628914743
420.0 18.8101756167
430.0 19.2574708782
440.0 19.7047766287
450.0 20.1520922682
460.0 20.599417228
470.0 21.0467509713
480.0 21.4940929921
490.0 21.9414428149
500.0 22.3887999928
510.0 22.8361641062
520.0 23.2835347614
530.0 23.7309115885
540.0 24.1782942406
550.0 24.6256823913
560.0 25.0730757345
570.0 25.5204739817
580.0 25.967876862
590.0 26.41528412
600.0 26.8626955152
610.0 27.3101108209
620.0 27.7575298229
630.0 28.2049523194
640.0 28.6523781194
650.0 29.0998070424
660.0 29.5472389175
670.0 29.994673583
680.0 30.4421108856
690.0 30.8895506798
700.0 31.3369928277
710.0 31.7844371981
720.0 32.2318836665
730.0 32.6793321143
740.0 33.1267824287
750.0 33.5742345022
760.0 34.0216882321
770.0 34.4691435207
780.0 34.9166002744
790.0 35.3640584039
800.0 35.8115178237
810.0 36.2589784517
820.0 36.7064402096
830.0 37.1539030219
840.0 37.6013668161
850.0 38.0488315228
860.0 38.4962970747
870.0 38.9437634073
880.0 39.3912304582
890.0 39.8386981672
900.0 40.2861664759
910.0 40.733635328
920.0 41.1811046685
930.0 41.6285744444
940.0 42.0760446039
950.0 42.5235150966
960.0 42.9709858733
970.0 43.418456886
980.0 43.8659280877
990.0 44.3133994322
1000.0 44.7608708744
1010.0 45.2083423697
1020.0 45.6558138743
1030.0 46.103285345
1040.0 46.5507567391
1050.0 46.9982280142
1060.0 47.4456991283
1070.0 47.8931700398
1080.0 48.3406407072
1090.0 48.7881110891
1100.0 49.2355811443
1110.0 49.6830508314
1120.0 50.1305201091
1130.0 50.5779889358
1140.0 51.02545727
1150.0 51.4729250695
1160.0 51.9203922922
1170.0 52.3678588952
1180.0 52.8153248356
1190.0 53.2627900695
1200.0 53.7102545528
1210.0 54.1577182406
1220.0 54.6051810873
1230.0 55.0526430465
1240.0 55.500104071
1250.0 55.9475641127
1260.0 56.3950231227
1270.0 56.8424810508
1280.0 57.289937846
1290.0 57.7373934558
1300.0 58.1848478268
1310.0 58.6323009042
1320.0 59.0797526318
1330.0 59.5272029521
1340.0 59.974651806
1350.0 60.4220991328
1360.0 60.8695448704
1370.0 61.3169889548
1380.0 61.7644313202
1390.0 62.211871899
1400.0 62.6593106218
1410.0 63.106747417
1420.0 63.5541822109
1430.0 64.0016149278
1440.0 64.4490454897
1450.0 64.8964738161
1460.0 65.3438998243
1470.0 65.791323429
1480.0 66.2387445423
1490.0 66.6861630735
1500.0 67.1335789294
1510.0 67.5809920136
1520.0 68.0284022269
1530.0 68.4758094672
1540.0 68.9232136288
1550.0 69.3706146031
1560.0 69.818012278
1570.0 70.265406538
1580.0 70.7127972638
1590.0 71.1601843326
1600.0 71.6075676177
1610.0 72.0549469885
1620.0 72.5023223105
1630.0 72.9496934448
1640.0 73.3970602483
1650.0 73.8444225738
1660.0 74.291780269
1670.0 74.7391331775
1680.0 75.1864811379
1690.0 75.6338239839
1700.0 76.0811615441
1710.0 76.5284936421
1720.0 76.975820096
1730.0 77.4231407187
1740.0 77.8704553173
1750.0 78.3177636932
1760.0 78.7650656422
1770.0 79.2123609537
1780.0 79.6596494111
1790.0 80.1069307917
1800.0 80.5542048661
1810.0 81.0014713982
1820.0 81.4487301455
1830.0 81.8959808582
1840.0 82.3432232798
1850.0 82.7904571462
1860.0 83.2376821861
1870.0 83.6848981206
1880.0 84.1321046632
1890.0 84.5793015193
1900.0 85.0264883865
1910.0 85.473664954
1920.0 85.9208309028
1930.0 86.3679859052
1940.0 86.8151296248
1950.0 87.2622617166
1960.0 87.7093818261
1970.0 88.15648959
1980.0 88.6035846354
1990.0 89.0506665799
2000.0 89.4977350314
2010.0 89.9447895881
2020.0 90.3918298377
2030.0 90.8388553582
2040.0 91.2858657168
2050.0 91.7328604704
2060.0 92.1798391652
2070.0 92.6268013363
2080.0 93.0737465081
2090.0 93.5206741935
2100.0 93.9675838941
2110.0 94.4144751003
2120.0 94.8613472904
2130.0 95.3081999312
2140.0 95.7550324773
2150.0 96.2018443716
2160.0 96.6486350442
2170.0 97.0954039132
2180.0 97.5421503841
2190.0 97.9888738497
2200.0 98.4355736899
2210.0 98.882249272
2220.0 99.32889995
2230.0 99.7755250648
2240.0 100.222123944
2250.0 100.668695902
2260.0 101.11524024
2270.0 101.561756245
2280.0 102.008243191
2290.0 102.454700337
2300.0 102.90112693
2310.0 103.347522202
2320.0 103.793885371
2330.0 104.240215642
2340.0 104.686512204
2350.0 105.132774235
2360.0 105.579000897
2370.0 106.025191336
2380.0 106.471344688
2390.0 106.917460071
2400.0 107.363536591
2410.0 107.809573341
2420.0 108.255569395
2430.0 108.701523819
2440.0 109.147435661
2450.0 109.593303957
2460.0 110.039127726
2470.0 110.484905977
2480.0 110.930637704
2490.0 111.376321885
2500.0 111.821957487
2510.0 112.267543463
2520.0 112.713078753
2530.0 113.158562282
2540.0 113.603992964
2550.0 114.049369698
2560.0 114.494691373
2570.0 114.939956864
2580.0 115.385165033
2590.0 115.830314732
2600.0 116.275404798
2610.0 116.720434059
2620.0 117.165401332
2630.0 117.61030542
2640.0 118.055145118
2650.0 118.499919209
2660.0 118.944626466
2670.0 119.389265654
2680.0 119.833835526
2690.0 120.278334826
2700.0 120.722762292
2710.0 121.167116649
2720.0 121.611396619
2730.0 122.055600913
2740.0 122.499728236
2750.0 122.943777286
2760.0 123.387746755
2770.0 123.831635329
2780.0 124.27544169
2790.0 124.719164512
2800.0 125.162802469
2810.0 125.606354227
2820.0 126.049818452
2830.0 126.493193806
2840.0 126.936478949
2850.0 127.379672539
2860.0 127.822773234
2870.0 128.265779692
2880.0 128.70869057
2890.0 129.151504527
2900.0 129.594220223
2910.0 130.03683632
2920.0 130.479351485
2930.0 130.921764385
2940.0 131.364073694
2950.0 131.806278091
2960.0 132.248376259
2970.0 132.69036689
2980.0 133.132248679
2990.0 133.574020334
3000.0 134.015680567
3010.0 134.457228104
3020.0 134.898661676
3030.0 135.339980029
3040.0 135.78118192
3050.0 136.222266116
3060.0 136.6632314
3070.0 137.104076569
3080.0 137.544800432
3090.0 137.985401817
3100.0 138.425879567
3110.0 138.866232542
3120.0 139.306459621
3130.0 139.746559701
3140.0 140.186531699
3150.0 140.626374553
3160.0 141.066087221
3170.0 141.505668684
3180.0 141.945117947
3190.0 142.384434037
3200.0 142.823616006
3210.0 143.262662931
3220.0 143.701573916
3230.0 144.140348092
3240.0 144.578984616
3250.0 145.017482675
3260.0 145.455841485
3270.0 145.894060291
3280.0 146.33213837
3290.0 146.77007503
3300.0 147.207869609
3310.0 147.645521482
3320.0 148.083030054
3330.0 148.520394766
3340.0 148.957615093
3350.0 149.394690546
3360.0 149.831620672
3370.0 150.268405055
3380.0 150.705043317
3390.0 151.141535117
3400.0 151.577880152
3410.0 152.014078161
3420.0 152.450128919
3430.0 152.886032244
3440.0 153.321787993
3450.0 153.757396065
3460.0 154.1928564
3470.0 154.628168981
3480.0 155.063333833
3490.0 155.498351022
3500.0 155.933220661
3510.0 156.367942902
3520.0 156.802517944
3530.0 157.23694603
3540.0 157.671227444
3550.0 158.105362519
3560.0 158.539351629
3570.0 158.973195196
3580.0 159.406893684
3590.0 159.840447604
3600.0 160.273857513
3610.0 160.707124011
3620.0 161.140247745
3630.0 161.573229406
3640.0 162.006069732
3650.0 162.438769505
3660.0 162.871329552
3670.0 163.303750745
3680.0 163.736034001
3690.0 164.168180283
3700.0 164.600190595
3710.0 165.032065989
3720.0 165.463807559
3730.0 165.895416442
3740.0 166.326893819
3750.0 166.758240913
3760.0 167.189458992
3770.0 167.620549363
3780.0 168.051513376
3790.0 168.482352422
3800.0 168.913067931
3810.0 169.343661376
3820.0 169.774134266
3830.0 170.204488152
3840.0 170.634724619
3850.0 171.064845294
3860.0 171.494851837
3870.0 171.924745947
3880.0 172.354529355
3890.0 172.784203828
3900.0 173.213771167