0.0 0.0
120.0 4.51638021075
120.625 4.53887195801
121.25 4.56137245831
122.5 4.60639902866
123.75 4.65145858784
125.0 4.69654987029
126.25 4.74167167468
127.5 4.78682286009
128.75 4.83200234236
130.0 4.87720909075
131.25 4.92244212484
132.5 4.96770051155
133.75 5.01298336248
135.0 5.0582898313
136.25 5.10361911141
137.5 5.14897043368
138.75 5.19434306439
140.0 5.23973630325
141.25 5.28514948159
142.5 5.33058196061
143.75 5.37603312983
145.0 5.42150240549
146.25 5.46698922921
147.5 5.5124930666
148.75 5.55801340606
150.0 5.60354975754
151.25 5.64910165146
152.5 5.69466863768
153.75 5.74025028448
155.0 5.78584617768
156.25 5.8314559197
157.5 5.8770791288
158.75 5.92271543828
160.0 5.96836449573
161.25 6.01402596234
162.5 6.05969951229
165.0 6.15108161989
167.5 6.24250844825
170.0 6.3339777981
172.5 6.42548762579
175.0 6.51703602942
177.5 6.60862123641
180.0 6.70024159228
182.5 6.79189555061
185.0 6.88358166393
187.5 6.97529857555
190.0 7.06704501207
192.5 7.15881977676
195.0 7.2506217434
197.5 7.34244985082
200.0 7.43430309782
202.5 7.5261805387
205.0 7.61808127903
207.5 7.71000447192
210.0 7.80194931456
212.5 7.89391504505
215.0 7.98590093956
217.5 8.07790630968
220.0 8.16993049999
222.5 8.26197288587
225.0 8.35403287149
230.0 8.53820339133
235.0 8.7224378009
240.0 8.90673219704
245.0 9.09108299068
250.0 9.2754868715
255.0 9.45994077768
260.0 9.6444418699
265.0 9.82898750881
270.0 10.0135752356
275.0 10.198202755
280.0 10.3828679206
285.0 10.5675687216
290.0 10.7523032717
295.0 10.9370697987
300.0 11.1218666356
305.0 11.3066922129
310.0 11.4915450509
315.0 11.6764237536
320.0 11.861327003
330.0 12.2312022279
340.0 12.6011615504
350.0 12.9711967509
360.0 13.341300453
370.0 13.7114660281
380.0 14.081687513
390.0 14.4519595391
400.0 14.8222772699
410.0 15.1926363464
420.0 15.5630328384
430.0 15.9334632014
440.0 16.3039242381
450.0 16.6744130642
460.0 17.044927077
470.0 17.4154639282
480.0 17.7860214982
490.0 18.1565978741
500.0 18.5271913294
510.0 18.8978003051
520.0 19.268423394
530.0 19.6390593251
540.0 20.0097069504
550.0 20.3803652329
560.0 20.7510332353
570.0 21.1217101105
580.0 21.4923950925
590.0 21.8630874884
600.0 22.233786671
610.0 22.6044920725
620.0 22.9752031788
630.0 23.3459195237
640.0 23.7166406844
650.0 24.0873662773
660.0 24.4580959542
670.0 24.8288293984
680.0 25.199566322
690.0 25.5703064631
700.0 25.9410495828
710.0 26.3117954636
720.0 26.6825439069
730.0 27.053294731
740.0 27.42404777
750.0 27.794802872
760.0 28.1655598977
770.0 28.5363187194
780.0 28.9070792196
790.0 29.2778412903
800.0 29.6486048322
810.0 30.0193697535
820.0 30.3901359697
830.0 30.7609034024
840.0 31.1316719793
850.0 31.5024416333
860.0 31.8732123019
870.0 32.2439839274
880.0 32.6147564558
890.0 32.9855298369
900.0 33.3563040238
910.0 33.7270789728
920.0 34.0978546428
930.0 34.4686309955
940.0 34.8394079947
950.0 35.2101856067
960.0 35.5809637994
970.0 35.951742543
980.0 36.3225218091
990.0 36.693301571
1000.0 37.0640818032
1010.0 37.4348624818
1020.0 37.8056435841
1030.0 38.1764250885
1040.0 38.5472069743
1050.0 38.9179892222
1060.0 39.2887718133
1070.0 39.65955473
1080.0 40.0303379551
1090.0 40.4011214724
1100.0 40.7719052664
1110.0 41.1426893219
1120.0 41.5134736248
1130.0 41.884258161
1140.0 42.2550429174
1150.0 42.6258278811
1160.0 42.9966130397
1170.0 43.3673983811
1180.0 43.738183894
1190.0 44.1089695669
1200.0 44.4797553891
1210.0 44.8505413499
1220.0 45.2213274391
1230.0 45.5921136466
1240.0 45.9628999628
1250.0 46.3336863781
1260.0 46.7044728831
1270.0 47.0752594689
1280.0 47.4460461264
1290.0 47.8168328469
1300.0 48.187619622
1310.0 48.5584064431
1320.0 48.9291933019
1330.0 49.2999801902
1340.0 49.6707671001
1350.0 50.0415540235
1360.0 50.4123409525
1370.0 50.7831278795
1380.0 51.1539147966
1390.0 51.5247016962
1400.0 51.8954885707
1410.0 52.2662754125
1420.0 52.6370622142
1430.0 53.0078489682
1440.0 53.3786356671
1450.0 53.7494223034
1460.0 54.1202088697
1470.0 54.4909953586
1480.0 54.8617817626
1490.0 55.2325680743
1500.0 55.6033542862
1510.0 55.9741403908
1520.0 56.3449263806
1530.0 56.7157122481
1540.0 57.0864979857
1550.0 57.4572835856
1560.0 57.8280690404
1570.0 58.1988543421
1580.0 58.5696394831
1590.0 58.9404244554
1600.0 59.3112092511
1610.0 59.6819938622
1620.0 60.0527782807
1630.0 60.4235624982
1640.0 60.7943465067
1650.0 61.1651302977
1660.0 61.5359138628
1670.0 61.9066971933
1680.0 62.2774802808
1690.0 62.6482631163
1700.0 63.019045691
1710.0 63.3898279959
1720.0 63.7606100218
1730.0 64.1313917596
1740.0 64.5021731997
1750.0 64.8729543328
1760.0 65.2437351491
1770.0 65.6145156388
1780.0 65.9852957919
1790.0 66.3560755984
1800.0 66.7268550481
1810.0 67.0976341303
1820.0 67.4684128347
1830.0 67.8391911505
1840.0 68.2099690666
1850.0 68.5807465721
1860.0 68.9515236556
1870.0 69.3223003058
1880.0 69.6930765109
1890.0 70.0638522592
1900.0 70.4346275386
1910.0 70.8054023369
1920.0 71.1761766416
1930.0 71.5469504403
1940.0 71.91772372
1950.0 72.2884964677
1960.0 72.6592686701
1970.0 73.0300403139
1980.0 73.4008113852
1990.0 73.7715818702
2000.0 74.1423517548
2010.0 74.5131210245
2020.0 74.8838896648
2030.0 75.2546576608
2040.0 75.6254249975
2050.0 75.9961916594
2060.0 76.3669576311
2070.0 76.7377228966
2080.0 77.1084874399
2090.0 77.4792512447
2100.0 77.8500142943
2110.0 78.2207765719
2120.0 78.5915380603
2130.0 78.9622987422
2140.0 79.3330585998
2150.0 79.7038176152
2160.0 80.0745757702
2170.0 80.4453330461
2180.0 80.8160894243
2190.0 81.1868448857
2200.0 81.5575994108
2210.0 81.9283529799
2220.0 82.2991055731
2230.0 82.6698571702
2240.0 83.0406077505
2250.0 83.4113572931
2260.0 83.7821057769
2270.0 84.1528531804
2280.0 84.5235994817
2290.0 84.8943446587
2300.0 85.265088689
2310.0 85.6358315499
2320.0 86.0065732181
2330.0 86.3773136704
2340.0 86.748052883
2350.0 87.1187908317
2360.0 87.4895274924
2370.0 87.8602628401
2380.0 88.2309968499
2390.0 88.6017294963
2400.0 88.9724607536
2410.0 89.3431905958
2420.0 89.7139189965
2430.0 90.0846459288
2440.0 90.4553713658
2450.0 90.8260952799
2460.0 91.1968176434
2470.0 91.5675384281
2480.0 91.9382576056
2490.0 92.3089751471
2500.0 92.6796910233
2510.0 93.0504052047
2520.0 93.4211176616
2530.0 93.7918283636
2540.0 94.1625372801
2550.0 94.5332443803
2560.0 94.9039496328
2570.0 95.2746530061
2580.0 95.6453544681
2590.0 96.0160539864
2600.0 96.3867515285
2610.0 96.7574470613
2620.0 97.1281405513
2630.0 97.4988319649
2640.0 97.8695212678
2650.0 98.2402084258
2660.0 98.610893404
2670.0 98.9815761673
2680.0 99.3522566802
2690.0 99.7229349069
2700.0 100.093610811
2710.0 100.464284357
2720.0 100.834955506
2730.0 101.205624223
2740.0 101.576290469
2750.0 101.946954207
2760.0 102.317615399
2770.0 102.688274005
2780.0 103.058929988
2790.0 103.429583308
2800.0 103.800233925
2810.0 104.1708818
2820.0 104.541526893
2830.0 104.912169163
2840.0 105.28280857
2850.0 105.653445072
2860.0 106.024078629
2870.0 106.394709198
2880.0 106.765336738
2890.0 107.135961206
2900.0 107.50658256
2910.0 107.877200758
2920.0 108.247815756
2930.0 108.618427511
2940.0 108.98903598
2950.0 109.359641118
2960.0 109.730242882
2970.0 110.100841227
2980.0 110.471436109
2990.0 110.842027483
3000.0 111.212615304
3010.0 111.583199527
3020.0 111.953780107
3030.0 112.324356997
3040.0 112.694930153
3050.0 113.065499527
3060.0 113.436065075
3070.0 113.806626748
3080.0 114.177184502
3090.0 114.547738288
3100.0 114.918288062
3110.0 115.288833774
3120.0 115.659375378
3130.0 116.029912828
3140.0 116.400446075
3150.0 116.770975071
3160.0 117.141499771
3170.0 117.512020125
3180.0 117.882536085
3190.0 118.253047605
3200.0 118.623554636
3210.0 118.99405713
3220.0 119.36455504
3230.0 119.735048316
3240.0 120.105536911
3250.0 120.476020777
3260.0 120.846499866
3270.0 121.216974129
3280.0 121.58744352
3290.0 121.957907988
3300.0 122.328367487
3310.0 122.698821969
3320.0 123.069271385
3330.0 123.439715689
3340.0 123.810154831
3350.0 124.180588765
3360.0 124.551017443
3370.0 124.921440817
3380.0 125.291858841
3390.0 125.662271467
3400.0 126.032678648
3410.0 126.403080337
3420.0 126.773476488
3430.0 127.143867055
3440.0 127.51425199
3450.0 127.884631249
3460.0 128.255004785
3470.0 128.625372554
3480.0 128.995734509
3490.0 129.366090605
3500.0 129.736440799
3510.0 130.106785045
3520.0 130.4771233
3530.0 130.84745552
3540.0 131.217781662
3550.0 131.588101682
3560.0 131.958415538
3570.0 132.328723187
3580.0 132.699024588
3590.0 133.069319699
3600.0 133.43960848
3610.0 133.809890889
3620.0 134.180166886
3630.0 134.550436433
3640.0 134.920699489
3650.0 135.290956016
3660.0 135.661205975
3670.0 136.031449329
3680.0 136.401686042
3690.0 136.771916076
3700.0 137.142139395
3710.0 137.512355963
3720.0 137.882565747
3730.0 138.252768712
3740.0 138.622964824
3750.0 138.99315405
3760.0 139.363336358
3770.0 139.733511716
3780.0 140.103680093
3790.0 140.473841459
3800.0 140.843995785
3810.0 141.21414304
3820.0 141.584283198
3830.0 141.954416231
3840.0 142.324542112
3850.0 142.694660815
3860.0 143.064772316
3870.0 143.434876589
3880.0 143.804973611
3890.0 144.17506336
3900.0 144.545145813
3910.0 144.91522095
3920.0 145.285288751
3930.0 145.655349195
3940.0 146.025402266
3950.0 146.395447944
3960.0 146.765486214
3970.0 147.13551706
3980.0 147.505540467
3990.0 147.875556421
4000.0 148.245564909
4010.0 148.615565919
4020.0 148.98555944
4030.0 149.355545462
4040.0 149.725523976
4050.0 150.095494974
4060.0 150.465458449
4070.0 150.835414395
4080.0 151.205362806
4090.0 151.575303679
4100.0 151.945237011
4110.0 152.315162799
4120.0 152.685081044
4130.0 153.054991744
4140.0 153.424894902
4150.0 153.794790519
4160.0 154.164678599
4170.0 154.534559147
4180.0 154.904432168
4190.0 155.274297668
4200.0 155.644155656
4210.0 156.01400614
4220.0 156.383849131
4230.0 156.753684639
4240.0 157.123512677
4250.0 157.493333257
4260.0 157.863146395
4270.0 158.232952107
4280.0 158.602750408
4290.0 158.972541316
4300.0 159.342324852
4310.0 159.712101034
4320.0 160.081869885
4330.0 160.451631426
4340.0 160.821385682
4350.0 161.191132677
4360.0 161.560872436
4370.0 161.930604988
4380.0 162.300330359
4390.0 162.67004858
4400.0 163.039759681
4410.0 163.409463694
4420.0 163.779160651
4430.0 164.148850586
4440.0 164.518533534
4450.0 164.888209531
4460.0 165.257878615
4470.0 165.627540824
4480.0 165.997196198
4490.0 166.366844777
4500.0 166.736486602
4510.0 167.106121718
4520.0 167.475750167
4530.0 167.845371995
4540.0 168.214987248
4550.0 168.584595973
4560.0 168.954198218
4570.0 169.323794033
4580.0 169.693383468
4590.0 170.062966575
4600.0 170.432543406
4610.0 170.802114015
4620.0 171.171678456
4630.0 171.541236785
4640.0 171.910789058
4650.0 172.280335333
4660.0 172.649875668
4670.0 173.019410124
4680.0 173.38893876
4690.0 173.758461638
4700.0 174.12797882
4710.0 174.49749037
4720.0 174.866996351
4730.0 175.23649683
4740.0 175.605991871
4750.0 175.975481542
4760.0 176.344965911
4770.0 176.714445045
4780.0 177.083919015
4790.0 177.45338789
4800.0 177.822851742
4810.0 178.192310641
4820.0 178.561764662
4830.0 178.931213876
4840.0 179.300658358
4850.0 179.670098183
4860.0 180.039533425
4870.0 180.408964161
4880.0 180.778390468
4890.0 181.147812433
4900.0 181.517230118
4910.0 181.886643611
4920.0 182.256052991
4930.0 182.625458338
4940.0 182.994859732
4950.0 183.364257254
4960.0 183.733650985
4970.0 184.103041009
4980.0 184.472427407
4990.0 184.841810263
5000.0 185.211189659
5010.0 185.580565681
5020.0 185.949938412
5030.0 186.319307937
5040.0 186.688674341
5050.0 187.058037711
5060.0 187.427398131
5070.0 187.796755689
5080.0 188.16611047
5090.0 188.535462562
5100.0 188.904812052
5110.0 189.274159026
5120.0 189.643503573
5130.0 190.01284578
5140.0 190.382185735
5150.0 190.751523526
5160.0 191.120859242
5170.0 191.490192971
5180.0 191.859524801
5190.0 192.22885482
5200.0 192.598183118
5210.0 192.967509782
5220.0 193.336834902
5230.0 193.706158566
5240.0 194.075480863
5250.0 194.444801881
5260.0 194.814121708
5270.0 195.183440433
5280.0 195.552758144
5290.0 195.92207493
5300.0 196.291390878
5310.0 196.660706075
5320.0 197.030020611
5330.0 197.399334571
5340.0 197.768648044
5350.0 198.137961115
5360.0 198.507273873
5370.0 198.876586402
5380.0 199.245898789
5390.0 199.615211121
5400.0 199.984523481
5410.0 200.353835955
5420.0 200.723148629
5430.0 201.092461585
5440.0 201.461774908
5450.0 201.831088681
5460.0 202.200402987
5470.0 202.569717909
5480.0 202.939033528
5490.0 203.308349926
5500.0 203.677667183
5510.0 204.046985381
5520.0 204.416304598
5530.0 204.785624915
5540.0 205.154946409
5550.0 205.524269159
5560.0 205.893593242
5570.0 206.262918734
5580.0 206.632245713
5590.0 207.001574253
5600.0 207.37090443
5610.0 207.740236316
5620.0 208.109569986
5630.0 208.478905513
5640.0 208.848242967
5650.0 209.217582421
5660.0 209.586923944
5670.0 209.956267606
5680.0 210.325613476
5690.0 210.694961622
5700.0 211.064312111
5710.0 211.43366501
5720.0 211.803020384
5730.0 212.172378297
5740.0 212.541738814
5750.0 212.911101997
5760.0 213.280467909
5770.0 213.64983661
5780.0 214.019208161
5790.0 214.388582622
5800.0 214.757960051
5810.0 215.127340505
5820.0 215.496724041