0.0 0.0
120.0 4.51445403998
120.625 4.53693575581
121.25 4.55942622468
122.5 4.6044327322
123.75 4.64947222859
125.0 4.69454344828
126.25 4.73964518996
127.5 4.78477631269
128.75 4.82993573231
130.0 4.8751224181
131.25 4.92033538961
132.5 4.96557371379
133.75 5.01083650222
135.0 5.05612290858
136.25 5.10143212627
137.5 5.14676338616
138.75 5.19211595453
140.0 5.23748913108
141.25 5.28288224716
142.5 5.32829466396
143.75 5.37372577098
145.0 5.4191749845
146.25 5.46464174611
147.5 5.51012552144
148.75 5.55562579887
150.0 5.60114208836
151.25 5.64667392034
152.5 5.69222084465
153.75 5.7377824296
155.0 5.78335826097
156.25 5.82894794121
157.5 5.87455108858
158.75 5.92016733637
160.0 5.96579633216
161.25 6.01143773717
162.5 6.05709122555
165.0 6.14843321016
167.5 6.23981991569
170.0 6.3312491429
172.5 6.42271884812
175.0 6.51422712948
177.5 6.60577221437
180.0 6.69735244833
182.5 6.78896628494
185.0 6.88061227674
187.5 6.97228906702
190.0 7.06399538241
192.5 7.15573002616
195.0 7.24749187207
197.5 7.33927985895
200.0 7.43109298562
202.5 7.52293030638
205.0 7.6147909268
207.5 7.706674
210.0 7.79857872315
212.5 7.89050433438
215.0 7.98245010986
217.5 8.07441536116
220.0 8.16639943287
222.5 8.2584017004
225.0 8.35042156789
230.0 8.53451185217
235.0 8.71866602714
240.0 8.90288018967
245.0 9.08715075069
250.0 9.27147439993
255.0 9.45584807558
260.0 9.64026893834
265.0 9.82473434889
270.0 10.0092418484
275.0 10.1937891418
280.0 10.3783740825
285.0 10.5629946598
290.0 10.7476489874
295.0 10.9323352932
300.0 11.1170519102
305.0 11.3017972689
310.0 11.4865698896
315.0 11.6713683765
320.0 11.8561914114
330.0 12.2259062117
340.0 12.5957051157
350.0 12.9655799039
360.0 13.3355232004
370.0 13.7055283766
380.0 14.0755894699
390.0 14.4457011118
400.0 14.8158584663
410.0 15.1860571746
420.0 15.5562933069
430.0 15.926563319
440.0 16.2968640141
450.0 16.6671925083
460.0 17.0375461992
470.0 17.4079227389
480.0 17.7783200084
490.0 18.1487360952
500.0 18.5191692732
510.0 18.889617984
520.0 19.2600808208
530.0 19.6305565131
540.0 20.0010439136
550.0 20.3715419858
560.0 20.742049793
570.0 21.1125664887
580.0 21.4830913075
590.0 21.8536235571
600.0 22.2241626111
610.0 22.5947079024
620.0 22.9652589175
630.0 23.335815191
640.0 23.706376301
650.0 24.0769418646
660.0 24.4475115344
670.0 24.8180849946
680.0 25.1886619583
690.0 25.5592421643
700.0 25.9298253749
710.0 26.3004113734
720.0 26.6709999622
730.0 27.0415909608
740.0 27.4121842043
750.0 27.782779542
760.0 28.1533768356
770.0 28.5239759588
780.0 28.8945767952
790.0 29.2651792381
800.0 29.6357831896
810.0 30.0063885593
820.0 30.3769952639
830.0 30.7476032268
840.0 31.1182123768
850.0 31.4888226486
860.0 31.8594339813
870.0 32.2300463188
880.0 32.6006596088
890.0 32.9712738028
900.0 33.341888856
910.0 33.7125047262
920.0 34.0831213744
930.0 34.4537387643
940.0 34.8243568618
950.0 35.1949756352
960.0 35.5655950547
970.0 35.9362150927
980.0 36.3068357231
990.0 36.6774569215
1000.0 37.048078665
1010.0 37.4187009323
1020.0 37.7893237031
1030.0 38.1599469586
1040.0 38.5305706809
1050.0 38.9011948534
1060.0 39.2718194603
1070.0 39.6424444869
1080.0 40.0130699193
1090.0 40.3836957443
1100.0 40.7543219497
1110.0 41.1249485239
1120.0 41.4955754559
1130.0 41.8662027356
1140.0 42.2368303533
1150.0 42.6074583
1160.0 42.9780865671
1170.0 43.3487151468
1180.0 43.7193440315
1190.0 44.0899732143
1200.0 44.4606026885
1210.0 44.8312324482
1220.0 45.2018624877
1230.0 45.5724928016
1240.0 45.943123385
1250.0 46.3137542334
1260.0 46.6843853427
1270.0 47.0550167089
1280.0 47.4256483287
1290.0 47.7962801986
1300.0 48.166912316
1310.0 48.5375446781
1320.0 48.9081772827
1330.0 49.2788101278
1340.0 49.6494432116
1350.0 50.0200765325
1360.0 50.3907100895
1370.0 50.7613438814
1380.0 51.1319779077
1390.0 51.5026121677
1400.0 51.8732466612
1410.0 52.2438813882
1420.0 52.614516349
1430.0 52.9851515439
1440.0 53.3557869736
1450.0 53.726422639
1460.0 54.0970585411
1470.0 54.4676946813
1480.0 54.8383310611
1490.0 55.2089676821
1500.0 55.5796045463
1510.0 55.9502416559
1520.0 56.320879013
1530.0 56.6915166204
1540.0 57.0621544807
1550.0 57.4327925968
1560.0 57.8034309719
1570.0 58.1740696092
1580.0 58.5447085124
1590.0 58.9153476851
1600.0 59.2859871313
1610.0 59.656626855
1620.0 60.0272668607
1630.0 60.3979071527
1640.0 60.7685477359
1650.0 61.1391886151
1660.0 61.5098297954
1670.0 61.8804712822
1680.0 62.2511130809
1690.0 62.6217551973
1700.0 62.9923976373
1710.0 63.3630404069
1720.0 63.7336835127
1730.0 64.104326961
1740.0 64.4749707585
1750.0 64.8456149124
1760.0 65.2162594296
1770.0 65.5869043177
1780.0 65.9575495841
1790.0 66.3281952367
1800.0 66.6988412835
1810.0 67.0694877327
1820.0 67.4401345928
1830.0 67.8107818724
1840.0 68.1814295806
1850.0 68.5520777263
1860.0 68.922726319
1870.0 69.2933753683
1880.0 69.664024884
1890.0 70.0346748761
1900.0 70.405325355
1910.0 70.7759763311
1920.0 71.1466278153
1930.0 71.5172798186
1940.0 71.8879323523
1950.0 72.2585854278
1960.0 72.6292390569
1970.0 72.9998932518
1980.0 73.3705480245
1990.0 73.7412033877
2000.0 74.1118593543
2010.0 74.4825159371
2020.0 74.8531731496
2030.0 75.2238310053
2040.0 75.5944895182
2050.0 75.9651487023
2060.0 76.3358085721
2070.0 76.7064691422
2080.0 77.0771304277
2090.0 77.4477924437
2100.0 77.8184552059
2110.0 78.18911873
2120.0 78.5597830322
2130.0 78.9304481288
2140.0 79.3011140366
2150.0 79.6717807726
2160.0 80.0424483541
2170.0 80.4131167987
2180.0 80.7837861242
2190.0 81.154456349
2200.0 81.5251274915
2210.0 81.8957995706
2220.0 82.2664726055
2230.0 82.6371466155
2240.0 83.0078216205
2250.0 83.3784976406
2260.0 83.7491746962
2270.0 84.1198528082
2280.0 84.4905319974
2290.0 84.8612122855
2300.0 85.2318936941
2310.0 85.6025762452
2320.0 85.9732599614
2330.0 86.3439448653
2340.0 86.7146309801
2350.0 87.0853183291
2360.0 87.4560069362
2370.0 87.8266968254
2380.0 88.1973880211
2390.0 88.5680805483
2400.0 88.938774432
2410.0 89.3094696978
2420.0 89.6801663715
2430.0 90.0508644792
2440.0 90.4215640476
2450.0 90.7922651036
2460.0 91.1629676743
2470.0 91.5336717875
2480.0 91.9043774711
2490.0 92.2750847534
2500.0 92.6457936632
2510.0 93.0165042294
2520.0 93.3872164814
2530.0 93.7579304491
2540.0 94.1286461626
2550.0 94.4993636522
2560.0 94.870082949
2570.0 95.240804084
2580.0 95.6115270888
2590.0 95.9822519954
2600.0 96.352978836
2610.0 96.7237076432
2620.0 97.0944384501
2630.0 97.4651712899
2640.0 97.8359061964
2650.0 98.2066432037
2660.0 98.577382346
2670.0 98.9481236583
2680.0 99.3188671756
2690.0 99.6896129334
2700.0 100.060360967
2710.0 100.431111314
2720.0 100.801864009
2730.0 101.17261909
2740.0 101.543376594
2750.0 101.914136559
2760.0 102.284899022
2770.0 102.655664021
2780.0 103.026431595
2790.0 103.397201783
2800.0 103.767974624
2810.0 104.138750158
2820.0 104.509528424
2830.0 104.880309462
2840.0 105.251093312
2850.0 105.621880017
2860.0 105.992669616
2870.0 106.36346215
2880.0 106.734257663
2890.0 107.105056194
2900.0 107.475857787
2910.0 107.846662484
2920.0 108.217470328
2930.0 108.588281362
2940.0 108.959095628
2950.0 109.329913171
2960.0 109.700734035
2970.0 110.071558263
2980.0 110.442385899
2990.0 110.813216989
3000.0 111.184051576
3010.0 111.554889707
3020.0 111.925731425
3030.0 112.296576777
3040.0 112.667425808
3050.0 113.038278564
3060.0 113.40913509
3070.0 113.779995433
3080.0 114.150859639
3090.0 114.521727755
3100.0 114.892599827
3110.0 115.263475903
3120.0 115.634356028
3130.0 116.00524025
3140.0 116.376128617
3150.0 116.747021175
3160.0 117.117917972
3170.0 117.488819055
3180.0 117.859724472
3190.0 118.230634271
3200.0 118.601548499
3210.0 118.972467204
3220.0 119.343390434
3230.0 119.714318237
3240.0 120.08525066
3250.0 120.456187752
3260.0 120.82712956
3270.0 121.198076132
3280.0 121.569027517
3290.0 121.939983762
3300.0 122.310944914
3310.0 122.681911022
3320.0 123.052882134
3330.0 123.423858296
3340.0 123.794839557
3350.0 124.165825964
3360.0 124.536817564
3370.0 124.907814404
3380.0 125.278816532
3390.0 125.649823995
3400.0 126.020836839
3410.0 126.39185511
3420.0 126.762878856
3430.0 127.133908123
3440.0 127.504942956
3450.0 127.875983401
3460.0 128.247029504
3470.0 128.618081311
3480.0 128.989138865
3490.0 129.360202213
3500.0 129.731271399
3510.0 130.102346466
3520.0 130.473427459
3530.0 130.844514421
3540.0 131.215607395
3550.0 131.586706425
3560.0 131.957811552
3570.0 132.328922819
3580.0 132.700040268
3590.0 133.071163939
3600.0 133.442293874
3610.0 133.813430113
3620.0 134.184572696
3630.0 134.555721663
3640.0 134.926877053
3650.0 135.298038903
3660.0 135.669207253
3670.0 136.040382139
3680.0 136.411563599
3690.0 136.782751669
3700.0 137.153946384
3710.0 137.525147781
3720.0 137.896355894
3730.0 138.267570756
3740.0 138.638792402
3750.0 139.010020864
3760.0 139.381256174
3770.0 139.752498364
3780.0 140.123747464
3790.0 140.495003506
3800.0 140.866266517
3810.0 141.237536527
3820.0 141.608813565
3830.0 141.980097656
3840.0 142.351388828
3850.0 142.722687107
3860.0 143.093992516
3870.0 143.465305082
3880.0 143.836624826
3890.0 144.207951771
3900.0 144.57928594
3910.0 144.950627353
3920.0 145.321976029
3930.0 145.693331989
3940.0 146.06469525
3950.0 146.43606583
3960.0 146.807443746
3970.0 147.178829012
3980.0 147.550221643
3990.0 147.921621654
4000.0 148.293029057
4010.0 148.664443864
4020.0 149.035866085
4030.0 149.407295731
4040.0 149.77873281
4050.0 150.150177331
4060.0 150.521629299
4070.0 150.893088723
4080.0 151.264555605
4090.0 151.63602995
4100.0 152.00751176
4110.0 152.379001038
4120.0 152.750497785
4130.0 153.122001999
4140.0 153.49351368
4150.0 153.865032824
4160.0 154.236559429
4170.0 154.60809349
4180.0 154.979635001
4190.0 155.351183954
4200.0 155.722740343
4210.0 156.094304159
4220.0 156.46587539
4230.0 156.837454026
4240.0 157.209040054
4250.0 157.580633462
4260.0 157.952234233
4270.0 158.323842353
4280.0 158.695457804
4290.0 159.067080568
4300.0 159.438710627
4310.0 159.810347959
4320.0 160.181992544
4330.0 160.553644359
4340.0 160.925303379
4350.0 161.296969581
4360.0 161.668642937
4370.0 162.040323421
4380.0 162.412011005
4390.0 162.783705658
4400.0 163.155407351
4410.0 163.527116051
4420.0 163.898831725
4430.0 164.27055434
4440.0 164.64228386
4450.0 165.014020249
4460.0 165.385763469
4470.0 165.757513482
4480.0 166.129270248
4490.0 166.501033726
4500.0 166.872803875
4510.0 167.244580651
4520.0 167.61636401
4530.0 167.988153907
4540.0 168.359950296
4550.0 168.731753128
4560.0 169.103562357
4570.0 169.475377931
4580.0 169.847199801
4590.0 170.219027915
4600.0 170.59086222
4610.0 170.962702662
4620.0 171.334549187
4630.0 171.706401739
4640.0 172.078260261
4650.0 172.450124695
4660.0 172.821994983
4670.0 173.193871065
4680.0 173.56575288
4690.0 173.937640366
4700.0 174.309533461
4710.0 174.681432102
4720.0 175.053336224
4730.0 175.425245761
4740.0 175.797160648
4750.0 176.169080818
4760.0 176.541006202
4770.0 176.912936732
4780.0 177.284872338
4790.0 177.65681295
4800.0 178.028758496
4810.0 178.400708905
4820.0 178.772664105
4830.0 179.14462402
4840.0 179.516588578
4850.0 179.888557704
4860.0 180.260531321
4870.0 180.632509355
4880.0 181.004491726
4890.0 181.376478349
4900.0 181.74846916
4910.0 182.120464073
4920.0 182.492463006
4930.0 182.864465881
4940.0 183.236472616
4950.0 183.608483131
4960.0 183.980497344
4970.0 184.352515171
4980.0 184.724536532
4990.0 185.096561341
5000.0 185.468589516
5010.0 185.840620972
5020.0 186.212655624
5030.0 186.584693388
5040.0 186.956734178
5050.0 187.328777907
5060.0 187.700824491
5070.0 188.072873842
5080.0 188.444925874
5090.0 188.8169805
5100.0 189.189037631
5110.0 189.561097182
5120.0 189.933159063
5130.0 190.305223187
5140.0 190.677289465
5150.0 191.04935781
5160.0 191.421428132
5170.0 191.793500343
5180.0 192.165574355
5190.0 192.537650079
5200.0 192.909727425
5210.0 193.281806305
5220.0 193.653886631
5230.0 194.025968312
5240.0 194.398051261
5250.0 194.770135388
5260.0 195.142220604
5270.0 195.514306822
5280.0 195.886393953
5290.0 196.258481907
5300.0 196.630570597
5310.0 197.002659935
5320.0 197.374749833
5330.0 197.746840203
5340.0 198.118930957
5350.0 198.491022009
5360.0 198.863113271
5370.0 199.235204657
5380.0 199.607296081
5390.0 199.979387456
5400.0 200.351478696
5410.0 200.723569717
5420.0 201.095660433
5430.0 201.467750759
5440.0 201.839840613
5450.0 202.211929909
5460.0 202.584018565
5470.0 202.956106498
5480.0 203.328193626
5490.0 203.700279866
5500.0 204.072365138
5510.0 204.44444936
5520.0 204.816532454
5530.0 205.188614338
5540.0 205.560694934
5550.0 205.932774164
5560.0 206.30485195
5570.0 206.676928215
5580.0 207.049002881
5590.0 207.421075874
5600.0 207.793147119
5610.0 208.16521654
5620.0 208.537284063
5630.0 208.909349617
5640.0 209.281413129
5650.0 209.653474526
5660.0 210.025533739
5670.0 210.397590697
5680.0 210.76964533
5690.0 211.141697572
5700.0 211.513747353
5710.0 211.885794607
5720.0 212.257839269
5730.0 212.629881272
5740.0 213.001920553
5750.0 213.373957049
5760.0 213.745990696
5770.0 214.118021433
5780.0 214.490049199
5790.0 214.862073934
5800.0 215.23409558
5810.0 215.606114077
5820.0 215.97812937