0.0 0.0
120.0 5.38311475525
121.25 5.44000013683
122.5 5.49685620162
123.75 5.55368368708
125.0 5.61048332407
126.25 5.66725583611
127.5 5.72400193848
128.75 5.78072233766
130.0 5.8374177306
131.25 5.8940888043
132.5 5.95073623521
133.75 6.00736068893
135.0 6.06396281977
136.25 6.12054327048
137.5 6.17710267202
138.75 6.23364164329
140.0 6.29016079098
141.25 6.34666070947
142.5 6.4031419807
143.75 6.45960517411
145.0 6.51605084661
146.25 6.57247954256
147.5 6.62889179383
148.75 6.68528811976
150.0 6.74166902729
151.25 6.79803501101
152.5 6.85438655327
155.0 6.96704818218
157.5 7.07965753229
160.0 7.19221803431
162.5 7.30473293652
165.0 7.41720531052
167.5 7.52963805723
170.0 7.64203391323
172.5 7.75439545722
175.0 7.86672511665
177.5 7.97902517431
180.0 8.09129777496
182.5 8.20354493184
185.0 8.31576853314
187.5 8.42797034831
190.0 8.54015203416
195.0 8.76446111786
200.0 8.98870700888
205.0 9.21289949173
210.0 9.43704707226
215.0 9.66115712521
220.0 9.88523602816
225.0 10.1092892822
230.0 10.3333216203
240.0 10.7813392083
250.0 11.2293147036
260.0 11.6772668751
270.0 12.1252091385
280.0 12.573150928
290.0 13.0210987408
300.0 13.4690569241
310.0 13.9170282646
320.0 14.3650144275
330.0 14.8130162813
340.0 15.2610341356
350.0 15.7090679154
360.0 16.1571172875
370.0 16.6051817512
380.0 17.0532607028
390.0 17.501353482
400.0 17.9494594031
410.0 18.3975777773
420.0 18.8457079271
430.0 19.293849196
440.0 19.7420009539
450.0 20.1901626008
460.0 20.638333568
470.0 21.0865133187
480.0 21.5347013469
490.0 21.9828971771
500.0 22.4311003624
510.0 22.8793104832
520.0 23.3275271457
530.0 23.7757499803
540.0 24.2239786397
550.0 24.6722127979
560.0 25.1204521484
570.0 25.568696403
580.0 26.0169452907
590.0 26.4651985561
600.0 26.9134559587
610.0 27.3617172717
620.0 27.8099822812
630.0 28.2582507851
640.0 28.7065225925
650.0 29.1547975228
660.0 29.6030754053
670.0 30.0513560782
680.0 30.4996393882
690.0 30.9479251898
700.0 31.396213345
710.0 31.8445037229
720.0 32.2927961987
730.0 32.7410906539
740.0 33.1893869757
750.0 33.6376850565
760.0 34.0859847938
770.0 34.5342860898
780.0 34.9825888509
790.0 35.4308929878
800.0 35.8791984149
810.0 36.3275050504
820.0 36.7758128157
830.0 37.2241216353
840.0 37.672431437
850.0 38.120742151
860.0 38.5690537103
870.0 39.0173660503
880.0 39.4656791086
890.0 39.913992825
900.0 40.3623071411
910.0 40.8106220005
920.0 41.2589373485
930.0 41.7072531318
940.0 42.1555692987
950.0 42.6038857988
960.0 43.0522025829
970.0 43.500519603
980.0 43.948836812
990.0 44.3971541639
1000.0 44.8454716135
1010.0 45.2937891162
1020.0 45.7421066282
1030.0 46.1904241063
1040.0 46.6387415078
1050.0 47.0870587902
1060.0 47.5353759117
1070.0 47.9836928306
1080.0 48.4320095054
1090.0 48.8803258947
1100.0 49.3286419573
1110.0 49.7769576518
1120.0 50.2252729369
1130.0 50.673587771
1140.0 51.1219021126
1150.0 51.5702159195
1160.0 52.0185291495
1170.0 52.46684176
1180.0 52.9151537077
1190.0 53.3634649491
1200.0 53.8117754398
1210.0 54.2600851349
1220.0 54.708393989
1230.0 55.1567019556
1240.0 55.6050089875
1250.0 56.0533150366
1260.0 56.501620054
1270.0 56.9499239895
1280.0 57.398226792
1290.0 57.8465284092
1300.0 58.2948287876
1310.0 58.7431278724
1320.0 59.1914256074
1330.0 59.6397219351
1340.0 60.0880167964
1350.0 60.5363101306
1360.0 60.9846018756
1370.0 61.4328919674
1380.0 61.8811803402
1390.0 62.3294669264
1400.0 62.7777516566
1410.0 63.2260344591
1420.0 63.6743152604
1430.0 64.1225939847
1440.0 64.570870554
1450.0 65.0191448878
1460.0 65.4674169034
1470.0 65.9156865155
1480.0 66.3639536361
1490.0 66.8122181748
1500.0 67.260480038
1510.0 67.7087391296
1520.0 68.1569953504
1530.0 68.605248598
1540.0 69.053498767
1550.0 69.5017457487
1560.0 69.9499894311
1570.0 70.3982296984
1580.0 70.8464664316
1590.0 71.2946995077
1600.0 71.7429288002
1610.0 72.1911541785
1620.0 72.6393755078
1630.0 73.0875926495
1640.0 73.5358054605
1650.0 73.9840137933
1660.0 74.4322174959
1670.0 74.8804164118
1680.0 75.3286103796
1690.0 75.776799233
1700.0 76.2249828006
1710.0 76.6731609059
1720.0 77.1213333673
1730.0 77.5694999973
1740.0 78.0176606033
1750.0 78.4658149867
1760.0 78.913962943
1770.0 79.3621042619
1780.0 79.8102387267
1790.0 80.2583661147
1800.0 80.7064861964
1810.0 81.154598736
1820.0 81.6027034907
1830.0 82.0508002108
1840.0 82.4988886397
1850.0 82.9469685135
1860.0 83.3950395608
1870.0 83.8431015027
1880.0 84.2911540527
1890.0 84.7391969162
1900.0 85.1872297908
1910.0 85.6352523657
1920.0 86.0832643219
1930.0 86.5312653317
1940.0 86.9792550587
1950.0 87.4272331578
1960.0 87.8751992747
1970.0 88.323153046
1980.0 88.7710940988
1990.0 89.2190220507
2000.0 89.6669365097
2010.0 90.1148370737
2020.0 90.5627233307
2030.0 91.0105948586
2040.0 91.4584512246
2050.0 91.9062919856
2060.0 92.3541166877
2070.0 92.8019248663
2080.0 93.2497160454
2090.0 93.6974897382
2100.0 94.1452454462
2110.0 94.5929826598
2120.0 95.0407008573
2130.0 95.4883995055
2140.0 95.936078059
2150.0 96.3837359606
2160.0 96.8313726407
2170.0 97.2789875171
2180.0 97.7265799953
2190.0 98.1741494683
2200.0 98.621695316
2210.0 99.0692169054
2220.0 99.5167135908
2230.0 99.964184713
2240.0 100.4116296
2250.0 100.859047565
2260.0 101.306437911
2270.0 101.753799923
2280.0 102.201132876
2290.0 102.648436029
2300.0 103.09570863
2310.0 103.542949909
2320.0 103.990159085
2330.0 104.437335364
2340.0 104.884477934
2350.0 105.331585972
2360.0 105.778658641
2370.0 106.225695088
2380.0 106.672694447
2390.0 107.119655837
2400.0 107.566578365
2410.0 108.013461122
2420.0 108.460303184
2430.0 108.907103615
2440.0 109.353861465
2450.0 109.800575768
2460.0 110.247245544
2470.0 110.693869803
2480.0 111.140447537
2490.0 111.586977725
2500.0 112.033459335
2510.0 112.479891319
2520.0 112.926272615
2530.0 113.372602152
2540.0 113.818878841
2550.0 114.265101583
2560.0 114.711269266
2570.0 115.157380764
2580.0 115.60343494
2590.0 116.049430646
2600.0 116.49536672
2610.0 116.941241988
2620.0 117.387055268
2630.0 117.832805364
2640.0 118.278491069
2650.0 118.724111167
2660.0 119.169664432
2670.0 119.615149628
2680.0 120.060565507
2690.0 120.505910815
2700.0 120.951184287
2710.0 121.396384652
2720.0 121.84151063
2730.0 122.286560931
2740.0 122.731534261
2750.0 123.176429318
2760.0 123.621244795
2770.0 124.065979377
2780.0 124.510631744
2790.0 124.955200574
2800.0 125.399684538
2810.0 125.844082304
2820.0 126.288392536
2830.0 126.732613897
2840.0 127.176745048
2850.0 127.620784645
2860.0 128.064731348
2870.0 128.508583813
2880.0 128.952340699
2890.0 129.396000663
2900.0 129.839562366
2910.0 130.283024471
2920.0 130.726385643
2930.0 131.16964455
2940.0 131.612799867
2950.0 132.055850271
2960.0 132.498794447
2970.0 132.941631085
2980.0 133.384358882
2990.0 133.826976544
3000.0 134.269482785
3010.0 134.711876328
3020.0 135.154155908
3030.0 135.596320269
3040.0 136.038368167
3050.0 136.48029837
3060.0 136.922109662
3070.0 137.363800838
3080.0 137.805370709
3090.0 138.246818101
3100.0 138.688141858
3110.0 139.129340841
3120.0 139.570413927
3130.0 140.011360015
3140.0 140.45217802
3150.0 140.892866881
3160.0 141.333425557
3170.0 141.773853027
3180.0 142.214148298
3190.0 142.654310395
3200.0 143.094338371
3210.0 143.534231303
3220.0 143.973988296
3230.0 144.413608479
3240.0 144.853091011
3250.0 145.292435077
3260.0 145.731639894
3270.0 146.170704708
3280.0 146.609628795
3290.0 147.048411461
3300.0 147.487052048
3310.0 147.925549929
3320.0 148.363904508
3330.0 148.802115227
3340.0 149.240181561
3350.0 149.678103022
3360.0 150.115879155
3370.0 150.553509546
3380.0 150.990993815
3390.0 151.428331622
3400.0 151.865522665
3410.0 152.302566681
3420.0 152.739463447
3430.0 153.176212779
3440.0 153.612814535
3450.0 154.049268615
3460.0 154.485574957
3470.0 154.921733546
3480.0 155.357744405
3490.0 155.793607602
3500.0 156.229323248
3510.0 156.664891496
3520.0 157.100312546
3530.0 157.535586639
3540.0 157.970714061
3550.0 158.405695143
3560.0 158.84053026
3570.0 159.275219834
3580.0 159.70976433
3590.0 160.144164258
3600.0 160.578420174
3610.0 161.012532679
3620.0 161.446502421
3630.0 161.880330089
3640.0 162.314016423
3650.0 162.747562203
3660.0 163.180968257
3670.0 163.614235457
3680.0 164.047364721
3690.0 164.48035701
3700.0 164.91321333
3710.0 165.345934731
3720.0 165.778522308
3730.0 166.210977198
3740.0 166.643300583
3750.0 167.075493685
3760.0 167.507557771
3770.0 167.93949415
3780.0 168.37130417
3790.0 168.802989223
3800.0 169.23455074
3810.0 169.665990192
3820.0 170.09730909
3830.0 170.528508983
3840.0 170.959591458
3850.0 171.39055814
3860.0 171.82141069
3870.0 172.252150807
3880.0 172.682780222
3890.0 173.113300703
3900.0 173.54371405