0.0 0.0
120.0 5.37694036079
121.25 5.43376142575
122.5 5.49055317394
123.75 5.54731634279
125.0 5.60405166318
126.25 5.6607598586
127.5 5.71744164437
128.75 5.77409772693
130.0 5.83072880327
131.25 5.88733556035
132.5 5.94391867466
133.75 6.00047881176
135.0 6.05701662599
136.25 6.1135327601
137.5 6.17002784503
138.75 6.22650249969
140.0 6.28295733077
141.25 6.33939293265
142.5 6.39580988727
143.75 6.45220876407
145.0 6.50859011996
146.25 6.56495449931
147.5 6.62130243396
148.75 6.67763444328
150.0 6.73395103421
151.25 6.79025270132
152.5 6.84653992697
155.0 6.95907292267
157.5 7.07155363956
160.0 7.18398550835
162.5 7.29637177735
165.0 7.40871551813
167.5 7.52101963163
170.0 7.6332868544
172.5 7.74551976518
175.0 7.85772079139
177.5 7.96989221584
180.0 8.08203618326
182.5 8.19415470693
185.0 8.30624967501
187.5 8.41832285696
190.0 8.53037590959
195.0 8.75442772685
200.0 8.97841635144
205.0 9.20235156785
210.0 9.42624188194
215.0 9.65009466847
220.0 9.87391630498
225.0 10.0977122926
230.0 10.3214873642
240.0 10.7689904194
250.0 11.2164513818
260.0 11.6638890205
270.0 12.1113167509
280.0 12.5587440076
290.0 13.0061772876
300.0 13.4536209379
310.0 13.9010777455
320.0 14.3485493756
330.0 14.7960366965
340.0 15.2435400179
350.0 15.6910592649
360.0 16.1385941041
370.0 16.5861440349
380.0 17.0337084537
390.0 17.4812867
400.0 17.9288780882
410.0 18.3764819295
420.0 18.8240975465
430.0 19.2717242825
440.0 19.7193615075
450.0 20.1670086215
460.0 20.6146650559
470.0 21.0623302737
480.0 21.5100037691
490.0 21.9576850664
500.0 22.4053737188
510.0 22.8530693067
520.0 23.3007714364
530.0 23.7484797381
540.0 24.1961938646
550.0 24.6439134899
560.0 25.0916383075
570.0 25.5393680293
580.0 25.9871023841
590.0 26.4348411166
600.0 26.8825839864
610.0 27.3303307665
620.0 27.7780812431
630.0 28.2258352141
640.0 28.6735924886
650.0 29.1213528861
660.0 29.5691162358
670.0 30.0168823758
680.0 30.4646511529
690.0 30.9124224216
700.0 31.360196044
710.0 31.807971889
720.0 32.2557498319
730.0 32.7035297542
740.0 33.1513115431
750.0 33.5990950911
760.0 34.0468802956
770.0 34.4946670587
780.0 34.9424552869
790.0 35.3902448909
800.0 35.8380357852
810.0 36.2858278878
820.0 36.7336211202
830.0 37.181415407
840.0 37.6292106757
850.0 38.0770068569
860.0 38.5248038833
870.0 38.9726016904
880.0 39.4204002159
890.0 39.8681993994
900.0 40.3159991826
910.0 40.7637995092
920.0 41.2116003243
930.0 41.6594015747
940.0 42.1072032087
950.0 42.5550051759
960.0 43.0028074272
970.0 43.4506099144
980.0 43.8984125906
990.0 44.3462154096
1000.0 44.7940183263
1010.0 45.2418212961
1020.0 45.6896242753
1030.0 46.1374272205
1040.0 46.5852300891
1050.0 47.0330328387
1060.0 47.4808354273
1070.0 47.9286378133
1080.0 48.3764399553
1090.0 48.8242418117
1100.0 49.2720433414
1110.0 49.719844503
1120.0 50.1676452552
1130.0 50.6154455565
1140.0 51.0632453652
1150.0 51.5110446392
1160.0 51.9588433364
1170.0 52.406641414
1180.0 52.8544388288
1190.0 53.3022355373
1200.0 53.7500314951
1210.0 54.1978266574
1220.0 54.6456209786
1230.0 55.0934144123
1240.0 55.5412069113
1250.0 55.9889984276
1260.0 56.4367889121
1270.0 56.8845783148
1280.0 57.3323665844
1290.0 57.7801536687
1300.0 58.2279395143
1310.0 58.6757240662
1320.0 59.1235072683
1330.0 59.5712890631
1340.0 60.0190693915
1350.0 60.4668481929
1360.0 60.914625405
1370.0 61.3624009639
1380.0 61.8101748038
1390.0 62.2579468572
1400.0 62.7057170545
1410.0 63.1534853242
1420.0 63.6012515926
1430.0 64.049015784
1440.0 64.4967778204
1450.0 64.9445376214
1460.0 65.3922951041
1470.0 65.8400501833
1480.0 66.2878027711
1490.0 66.7355527768
1500.0 67.1833001072
1510.0 67.6310446659
1520.0 68.0787863538
1530.0 68.5265250686
1540.0 68.9742607047
1550.0 69.4219931536
1560.0 69.869722303
1570.0 70.3174480375
1580.0 70.7651702378
1590.0 71.2128887811
1600.0 71.6606035407
1610.0 72.1083143861
1620.0 72.5560211826
1630.0 73.0037237914
1640.0 73.4514220695
1650.0 73.8991158694
1660.0 74.3468050392
1670.0 74.7944894222
1680.0 75.2421688571
1690.0 75.6898431776
1700.0 76.1375122123
1710.0 76.5851757848
1720.0 77.0328337133
1730.0 77.4804858105
1740.0 77.9281318836
1750.0 78.3757717341
1760.0 78.8234051575
1770.0 79.2710319435
1780.0 79.7186518755
1790.0 80.1662647306
1800.0 80.6138702795
1810.0 81.0614682862
1820.0 81.509058508
1830.0 81.9566406952
1840.0 82.4042145913
1850.0 82.8517799322
1860.0 83.2993364466
1870.0 83.7468838557
1880.0 84.1944218728
1890.0 84.6419502034
1900.0 85.0894685451
1910.0 85.5369765872
1920.0 85.9844740105
1930.0 86.4319604874
1940.0 86.8794356816
1950.0 87.3268992478
1960.0 87.7743508318
1970.0 88.2217900702
1980.0 88.6692165901
1990.0 89.1166300092
2000.0 89.5640299353
2010.0 90.0114159664
2020.0 90.4587876906
2030.0 90.9061446855
2040.0 91.3534865187
2050.0 91.8008127468
2060.0 92.2481229161
2070.0 92.6954165618
2080.0 93.142693208
2090.0 93.5899523679
2100.0 94.0371935431
2110.0 94.4844162238
2120.0 94.9316198884
2130.0 95.3788040037
2140.0 95.8259680244
2150.0 96.2731113932
2160.0 96.7202335403
2170.0 97.1673338838
2180.0 97.6144118293
2190.0 98.0614667693
2200.0 98.5084980841
2210.0 98.9555051407
2220.0 99.4024872932
2230.0 99.8494438826
2240.0 100.296374236
2250.0 100.743277669
2260.0 101.190153482
2270.0 101.637000961
2280.0 102.083819381
2290.0 102.530608002
2300.0 102.977366069
2310.0 103.424092815
2320.0 103.870787459
2330.0 104.317449205
2340.0 104.764077242
2350.0 105.210670747
2360.0 105.657228883
2370.0 106.103750797
2380.0 106.550235623
2390.0 106.996682481
2400.0 107.443090476
2410.0 107.8894587
2420.0 108.335786229
2430.0 108.782072128
2440.0 109.228315444
2450.0 109.674515214
2460.0 110.120670458
2470.0 110.566780184
2480.0 111.012843384
2490.0 111.45885904
2500.0 111.904826117
2510.0 112.350743568
2520.0 112.796610332
2530.0 113.242425335
2540.0 113.688187491
2550.0 114.133895701
2560.0 114.57954885
2570.0 115.025145816
2580.0 115.470685459
2590.0 115.916166632
2600.0 116.361588173
2610.0 116.806948909
2620.0 117.252247656
2630.0 117.697483218
2640.0 118.142654391
2650.0 118.587759956
2660.0 119.032798688
2670.0 119.477769351
2680.0 119.922670697
2690.0 120.367501472
2700.0 120.812260412
2710.0 121.256946244
2720.0 121.701557688
2730.0 122.146093457
2740.0 122.590552254
2750.0 123.034932779
2760.0 123.479233722
2770.0 123.923453771
2780.0 124.367591606
2790.0 124.811645903
2800.0 125.255615334
2810.0 125.699498567
2820.0 126.143294266
2830.0 126.587001095
2840.0 127.030617712
2850.0 127.474142777
2860.0 127.917574947
2870.0 128.360912879
2880.0 128.804155232
2890.0 129.247300663
2900.0 129.690347834
2910.0 130.133295406
2920.0 130.576142044
2930.0 131.018886419
2940.0 131.461527203
2950.0 131.904063074
2960.0 132.346492717
2970.0 132.788814822
2980.0 133.231028086
2990.0 133.673131215
3000.0 134.115122923
3010.0 134.557001934
3020.0 134.998766981
3030.0 135.440416809
3040.0 135.881950174
3050.0 136.323365844
3060.0 136.764662603
3070.0 137.205839246
3080.0 137.646894584
3090.0 138.087827444
3100.0 138.528636668
3110.0 138.969321118
3120.0 139.409879671
3130.0 139.850311226
3140.0 140.290614698
3150.0 140.730789026
3160.0 141.170833169
3170.0 141.610746107
3180.0 142.050526844
3190.0 142.490174408
3200.0 142.929687852
3210.0 143.369066251
3220.0 143.808308711
3230.0 144.247414361
3240.0 144.68638236
3250.0 145.125211894
3260.0 145.563902178
3270.0 146.002452459
3280.0 146.440862013
3290.0 146.879130146
3300.0 147.317256201
3310.0 147.755239548
3320.0 148.193079594
3330.0 148.630775781
3340.0 149.068327582
3350.0 149.50573451
3360.0 149.94299611
3370.0 150.380111968
3380.0 150.817081704
3390.0 151.253904979
3400.0 151.690581489
3410.0 152.127110972
3420.0 152.563493204
3430.0 152.999728004
3440.0 153.435815227
3450.0 153.871754774
3460.0 154.307546584
3470.0 154.743190639
3480.0 155.178686965
3490.0 155.614035629
3500.0 156.049236742
3510.0 156.484290458
3520.0 156.919196975
3530.0 157.353956535
3540.0 157.788569424
3550.0 158.223035973
3560.0 158.657356558
3570.0 159.091531599
3580.0 159.525561562
3590.0 159.959446957
3600.0 160.39318834
3610.0 160.826786313
3620.0 161.260241521
3630.0 161.693554657
3640.0 162.126726457
3650.0 162.559757705
3660.0 162.992649226
3670.0 163.425401893
3680.0 163.858016624
3690.0 164.29049438
3700.0 164.722836167
3710.0 165.155043036
3720.0 165.58711608
3730.0 166.019056437
3740.0 166.450865289
3750.0 166.882543858
3760.0 167.314093411
3770.0 167.745515257
3780.0 168.176810744
3790.0 168.607981265
3800.0 169.039028249
3810.0 169.469953168
3820.0 169.900757533
3830.0 170.331442893
3840.0 170.762010835
3850.0 171.192462984
3860.0 171.622801002
3870.0 172.053026586
3880.0 172.483141468
3890.0 172.913147416
3900.0 173.34304623