0.0 0.0
120.0 4.51539647158
120.625 4.53788309592
121.25 4.56037847328
122.5 4.60539479781
123.75 4.6504441112
125.0 4.69552514789
126.25 4.74063670656
127.5 4.78577764629
128.75 4.83094688291
130.0 4.87614338569
131.25 4.9213661742
132.5 4.96661431538
133.75 5.01188692081
135.0 5.05718314417
136.25 5.10250217886
137.5 5.14784325575
138.75 5.19320564111
140.0 5.23858863467
141.25 5.28399156774
142.5 5.32941380154
143.75 5.37485472556
145.0 5.42031375608
146.25 5.46579033469
147.5 5.51128392701
148.75 5.55679402144
150.0 5.60232012793
151.25 5.64786177691
152.5 5.69341851822
153.75 5.73898992017
155.0 5.78457556854
156.25 5.83017506578
157.5 5.87578803015
158.75 5.92141409493
160.0 5.96705290772
161.25 6.01270412973
162.5 6.05836743511
165.0 6.14972905371
167.5 6.24113539324
170.0 6.33258425445
172.5 6.42407359367
175.0 6.51560150902
177.5 6.60716622791
180.0 6.69876609587
182.5 6.79039956648
185.0 6.88206519227
187.5 6.97376161655
190.0 7.06548756594
192.5 7.15724184368
195.0 7.24902332359
197.5 7.34083094446
200.0 7.43266370514
202.5 7.52452065989
205.0 7.61640091431
207.5 7.7083036215
210.0 7.80022797866
212.5 7.89217322388
215.0 7.98413863335
217.5 8.07612351865
220.0 8.16812722436
222.5 8.26014912589
225.0 8.35218862737
230.0 8.53631817965
235.0 8.72051162262
240.0 8.90476505313
245.0 9.08907488215
250.0 9.27343779938
255.0 9.45785074303
260.0 9.64231087378
265.0 9.82681555233
270.0 10.0113623199
275.0 10.1959488812
280.0 10.3805730899
285.0 10.5652329352
290.0 10.7499265308
295.0 10.9346521046
300.0 11.1194079896
305.0 11.3041926163
310.0 11.489004505
315.0 11.6738422598
320.0 11.8587045628
330.0 12.2284978991
340.0 12.598375339
350.0 12.9683286632
360.0 13.3383504957
370.0 13.7084342079
380.0 14.0785738372
390.0 14.4487640151
400.0 14.8189999056
410.0 15.1892771499
420.0 15.5595918181
430.0 15.9299403662
440.0 16.3003195974
450.0 16.6707266275
460.0 17.0411588544
470.0 17.4116139301
480.0 17.7820897356
490.0 18.1525843584
500.0 18.5230960723
510.0 18.8936233191
520.0 19.2641646919
530.0 19.6347189202
540.0 20.0052848567
550.0 20.3758614649
560.0 20.7464478081
570.0 21.1170430397
580.0 21.4876463945
590.0 21.8582571801
600.0 22.2288747701
610.0 22.5994985974
620.0 22.9701281485
630.0 23.340762958
640.0 23.711402604
650.0 24.0820467036
660.0 24.4526949094
670.0 24.8233469056
680.0 25.1940024053
690.0 25.5646611473
700.0 25.9353228938
710.0 26.3059874283
720.0 26.6766545531
730.0 27.0473240876
740.0 27.4179958672
750.0 27.7886697408
760.0 28.1593455705
770.0 28.5300232296
780.0 28.900702602
790.0 29.271383581
800.0 29.6420660684
810.0 30.0127499741
820.0 30.3834352147
830.0 30.7541217135
840.0 31.1248093996
850.0 31.4954982073
860.0 31.866188076
870.0 32.2368789495
880.0 32.6075707755
890.0 32.9782635055
900.0 33.3489570946
910.0 33.7196515008
920.0 34.0903466851
930.0 34.4610426109
940.0 34.8317392444
950.0 35.2024365538
960.0 35.5731345093
970.0 35.9438330833
980.0 36.3145322497
990.0 36.685231984
1000.0 37.0559322636
1010.0 37.4266330668
1020.0 37.7973343736
1030.0 38.1680361651
1040.0 38.5387384234
1050.0 38.9094411319
1060.0 39.2801442748
1070.0 39.6508478374
1080.0 40.0215518058
1090.0 40.3922561668
1100.0 40.7629609082
1110.0 41.1336660183
1120.0 41.5043714863
1130.0 41.875077302
1140.0 42.2457834557
1150.0 42.6164899384
1160.0 42.9871967415
1170.0 43.3579038572
1180.0 43.7286112779
1190.0 44.0993189966
1200.0 44.4700270069
1210.0 44.8407353026
1220.0 45.211443878
1230.0 45.5821527279
1240.0 45.9528618473
1250.0 46.3235712317
1260.0 46.694280877
1270.0 47.0649907792
1280.0 47.4357009349
1290.0 47.8064113409
1300.0 48.1771219942
1310.0 48.5478328923
1320.0 48.9185440329
1330.0 49.289255414
1340.0 49.6599670337
1350.0 50.0306788907
1360.0 50.4013909836
1370.0 50.7721033116
1380.0 51.1428158738
1390.0 51.5135286698
1400.0 51.8842416993
1410.0 52.2549549623
1420.0 52.6256684591
1430.0 52.99638219
1440.0 53.3670961557
1450.0 53.737810357
1460.0 54.1085247952
1470.0 54.4792394713
1480.0 54.8499543871
1490.0 55.2206695441
1500.0 55.5913849443
1510.0 55.9621005898
1520.0 56.332816483
1530.0 56.7035326264
1540.0 57.0742490226
1550.0 57.4449656747
1560.0 57.8156825858
1570.0 58.1863997591
1580.0 58.5571171983
1590.0 58.927834907
1600.0 59.2985528892
1610.0 59.6692711489
1620.0 60.0399896905
1630.0 60.4107085186
1640.0 60.7814276377
1650.0 61.1521470529
1660.0 61.5228667692
1670.0 61.893586792
1680.0 62.2643071267
1690.0 62.6350277791
1700.0 63.005748755
1710.0 63.3764700607
1720.0 63.7471917024
1730.0 64.1179136867
1740.0 64.4886360203
1750.0 64.8593587101
1760.0 65.2300817633
1770.0 65.6008051874
1780.0 65.9715289898
1790.0 66.3422531783
1800.0 66.7129777611
1810.0 67.0837027463
1820.0 67.4544281424
1830.0 67.8251539581
1840.0 68.1958802022
1850.0 68.5666068839
1860.0 68.9373340126
1870.0 69.3080615979
1880.0 69.6787896496
1890.0 70.0495181777
1900.0 70.4202471925
1910.0 70.7909767047
1920.0 71.1617067249
1930.0 71.5324372641
1940.0 71.9031683338
1950.0 72.2738999453
1960.0 72.6446321104
1970.0 73.0153648412
1980.0 73.38609815
1990.0 73.7568320492
2000.0 74.1275665517
2010.0 74.4983016705
2020.0 74.869037419
2030.0 75.2397738108
2040.0 75.6105108596
2050.0 75.9812485797
2060.0 76.3519869855
2070.0 76.7227260916
2080.0 77.0934659131
2090.0 77.4642064651
2100.0 77.8349477633
2110.0 78.2056898234
2120.0 78.5764326615
2130.0 78.9471762942
2140.0 79.317920738
2150.0 79.68866601
2160.0 80.0594121274
2170.0 80.430159108
2180.0 80.8009069695
2190.0 81.1716557303
2200.0 81.5424054088
2210.0 81.9131560239
2220.0 82.2839075947
2230.0 82.6546601407
2240.0 83.0254136817
2250.0 83.3961682379
2260.0 83.7669238295
2270.0 84.1376804774
2280.0 84.5084382027
2290.0 84.8791970267
2300.0 85.2499569713
2310.0 85.6207180584
2320.0 85.9914803106
2330.0 86.3622437505
2340.0 86.7330084013
2350.0 87.1037742863
2360.0 87.4745414293
2370.0 87.8453098545
2380.0 88.2160795863
2390.0 88.5868506495
2400.0 88.9576230692
2410.0 89.328396871
2420.0 89.6991720806
2430.0 90.0699487244
2440.0 90.4407268288
2450.0 90.8115064207
2460.0 91.1822875275
2470.0 91.5530701767
2480.0 91.9238543962
2490.0 92.2946402146
2500.0 92.6654276603
2510.0 93.0362167625
2520.0 93.4070075505
2530.0 93.7778000542
2540.0 94.1485943037
2550.0 94.5193903293
2560.0 94.8901881621
2570.0 95.2609878331
2580.0 95.6317893739
2590.0 96.0025928165
2600.0 96.3733981931
2610.0 96.7442055363
2620.0 97.1150148792
2630.0 97.485826255
2640.0 97.8566396975
2650.0 98.2274552408
2660.0 98.5982729191
2670.0 98.9690927674
2680.0 99.3399148207
2690.0 99.7107391145
2700.0 100.081565685
2710.0 100.452394567
2720.0 100.823225798
2730.0 101.194059415
2740.0 101.564895456
2750.0 101.935733956
2760.0 102.306574955
2770.0 102.67741849
2780.0 103.0482646
2790.0 103.419113324
2800.0 103.789964701
2810.0 104.160818771
2820.0 104.531675573
2830.0 104.902535147
2840.0 105.273397534
2850.0 105.644262774
2860.0 106.015130909
2870.0 106.38600198
2880.0 106.756876028
2890.0 107.127753095
2900.0 107.498633224
2910.0 107.869516457
2920.0 108.240402837
2930.0 108.611292407
2940.0 108.982185209
2950.0 109.353081289
2960.0 109.723980688
2970.0 110.094883452
2980.0 110.465789624
2990.0 110.83669925
3000.0 111.207612374
3010.0 111.57852904
3020.0 111.949449295
3030.0 112.320373183
3040.0 112.691300749
3050.0 113.062232041
3060.0 113.433167103
3070.0 113.804105982
3080.0 114.175048725
3090.0 114.545995377
3100.0 114.916945985
3110.0 115.287900596
3120.0 115.658859257
3130.0 116.029822016
3140.0 116.400788918
3150.0 116.771760012
3160.0 117.142735345
3170.0 117.513714964
3180.0 117.884698918
3190.0 118.255687252
3200.0 118.626680016
3210.0 118.997677257
3220.0 119.368679023
3230.0 119.739685362
3240.0 120.110696322
3250.0 120.481711949
3260.0 120.852732294
3270.0 121.223757402
3280.0 121.594787323
3290.0 121.965822104
3300.0 122.336861792
3310.0 122.707906436
3320.0 123.078956084
3330.0 123.450010782
3340.0 123.821070579
3350.0 124.192135522
3360.0 124.563205658
3370.0 124.934281034
3380.0 125.305361698
3390.0 125.676447697
3400.0 126.047539077
3410.0 126.418635884
3420.0 126.789738166
3430.0 127.160845969
3440.0 127.531959338
3450.0 127.903078319
3460.0 128.274202959
3470.0 128.645333301
3480.0 129.016469392
3490.0 129.387611276
3500.0 129.758758997
3510.0 130.1299126
3520.0 130.501072129
3530.0 130.872237627
3540.0 131.243409138
3550.0 131.614586703
3560.0 131.985770367
3570.0 132.35696017
3580.0 132.728156154
3590.0 133.099358362
3600.0 133.470566833
3610.0 133.841781608
3620.0 134.213002727
3630.0 134.58423023
3640.0 134.955464156
3650.0 135.326704542
3660.0 135.697951428
3670.0 136.06920485
3680.0 136.440464846
3690.0 136.811731452
3700.0 137.183004704
3710.0 137.554284637
3720.0 137.925571285
3730.0 138.296864684
3740.0 138.668164866
3750.0 139.039471864
3760.0 139.41078571
3770.0 139.782106436
3780.0 140.153434072
3790.0 140.52476865
3800.0 140.896110197
3810.0 141.267458743
3820.0 141.638814317
3830.0 142.010176944
3840.0 142.381546652
3850.0 142.752923467
3860.0 143.124307413
3870.0 143.495698514
3880.0 143.867096794
3890.0 144.238502276
3900.0 144.609914981
3910.0 144.981334929
3920.0 145.352762142
3930.0 145.724196638
3940.0 146.095638435
3950.0 146.467087551
3960.0 146.838544003
3970.0 147.210007805
3980.0 147.581478973
3990.0 147.952957519
4000.0 148.324443458
4010.0 148.695936801
4020.0 149.067437558
4030.0 149.43894574
4040.0 149.810461356
4050.0 150.181984412
4060.0 150.553514917
4070.0 150.925052876
4080.0 151.296598295
4090.0 151.668151176
4100.0 152.039711523
4110.0 152.411279337
4120.0 152.782854619
4130.0 153.154437369
4140.0 153.526027586
4150.0 153.897625267
4160.0 154.269230408
4170.0 154.640843005
4180.0 155.012463051
4190.0 155.384090541
4200.0 155.755725467
4210.0 156.127367818
4220.0 156.499017585
4230.0 156.870674757
4240.0 157.242339322
4250.0 157.614011265
4260.0 157.985690573
4270.0 158.357377228
4280.0 158.729071216
4290.0 159.100772516
4300.0 159.472481111
4310.0 159.84419698
4320.0 160.215920101
4330.0 160.587650451
4340.0 160.959388008
4350.0 161.331132745
4360.0 161.702884638
4370.0 162.074643658
4380.0 162.446409778
4390.0 162.818182967
4400.0 163.189963196
4410.0 163.561750432
4420.0 163.933544642
4430.0 164.305345793
4440.0 164.677153849
4450.0 165.048968774
4460.0 165.420790531
4470.0 165.79261908
4480.0 166.164454382
4490.0 166.536296397
4500.0 166.908145081
4510.0 167.280000393
4520.0 167.651862289
4530.0 168.023730722
4540.0 168.395605646
4550.0 168.767487015
4560.0 169.13937478
4570.0 169.51126889
4580.0 169.883169296
4590.0 170.255075946
4600.0 170.626988787
4610.0 170.998907766
4620.0 171.370832827
4630.0 171.742763915
4640.0 172.114700973
4650.0 172.486643943
4660.0 172.858592767
4670.0 173.230547385
4680.0 173.602507736
4690.0 173.974473759
4700.0 174.34644539
4710.0 174.718422567
4720.0 175.090405225
4730.0 175.462393299
4740.0 175.834386722
4750.0 176.206385427
4760.0 176.578389347
4770.0 176.950398413
4780.0 177.322412556
4790.0 177.694431704
4800.0 178.066455786
4810.0 178.438484732
4820.0 178.810518467
4830.0 179.182556919
4840.0 179.554600013
4850.0 179.926647675
4860.0 180.298699829
4870.0 180.670756398
4880.0 181.042817306
4890.0 181.414882465
4900.0 181.786951812
4910.0 182.15902526
4920.0 182.53110273
4930.0 182.903184141
4940.0 183.275269413
4950.0 183.647358464
4960.0 184.019451212
4970.0 184.391547576
4980.0 184.763647472
4990.0 185.135750818
5000.0 185.507857529
5010.0 185.879967521
5020.0 186.25208071
5030.0 186.624197009
5040.0 186.996316335
5050.0 187.368438601
5060.0 187.740563721
5070.0 188.112691609
5080.0 188.484822177
5090.0 188.856955338
5100.0 189.229091006
5110.0 189.601229093
5120.0 189.97336951
5130.0 190.34551217
5140.0 190.717656984
5150.0 191.089803865
5160.0 191.461952724
5170.0 191.834103471
5180.0 192.206256019
5190.0 192.578410279
5200.0 192.950566161
5210.0 193.322723578
5220.0 193.694882439
5230.0 194.067042657
5240.0 194.439204141
5250.0 194.811366805
5260.0 195.183530558
5270.0 195.555695312
5280.0 195.927860978
5290.0 196.300027469
5300.0 196.672194695
5310.0 197.044362569
5320.0 197.416531003
5330.0 197.788699909
5340.0 198.1608692
5350.0 198.533038788
5360.0 198.905208586
5370.0 199.277378508
5380.0 199.649548468
5390.0 200.021718379
5400.0 200.393888155
5410.0 200.766057712
5420.0 201.138226964
5430.0 201.510395827
5440.0 201.882564217
5450.0 202.254732049
5460.0 202.626899241
5470.0 202.999065711
5480.0 203.371231374
5490.0 203.743396151
5500.0 204.115559959
5510.0 204.487722717
5520.0 204.859884347
5530.0 205.232044767
5540.0 205.6042039
5550.0 205.976361666
5560.0 206.348517988
5570.0 206.720672789
5580.0 207.092825992
5590.0 207.464977521
5600.0 207.837127301
5610.0 208.209275258
5620.0 208.581421318
5630.0 208.953565408
5640.0 209.325707456
5650.0 209.697847389
5660.0 210.069985138
5670.0 210.442120632
5680.0 210.814253802
5690.0 211.18638458
5700.0 211.558512897
5710.0 211.930638688
5720.0 212.302761885
5730.0 212.674882425
5740.0 213.047000242
5750.0 213.419115273
5760.0 213.791227456
5770.0 214.16333673
5780.0 214.535443032
5790.0 214.907546303
5800.0 215.279646485
5810.0 215.651743519
5820.0 216.023837348