0.0 0.0
120.0 4.50909345867
120.625 4.53154725481
121.25 4.55400980399
122.5 4.59896047213
123.75 4.64394412913
125.0 4.68895950944
126.25 4.73400541173
127.5 4.77908069507
128.75 4.8241842753
130.0 4.8693151217
131.25 4.91447225383
132.5 4.95965473863
133.75 5.00486168767
135.0 5.05009225465
136.25 5.09534563295
137.5 5.14062105345
138.75 5.18591778243
140.0 5.2312351196
141.25 5.27657239629
142.5 5.32192897371
143.75 5.36730424135
145.0 5.41269761547
146.25 5.4581085377
147.5 5.50353647364
148.75 5.54898091169
150.0 5.59444136179
151.25 5.63991735438
152.5 5.68540843931
153.75 5.73091418487
155.0 5.77643417686
156.25 5.82196801772
157.5 5.8675153257
158.75 5.9130757341
160.0 5.95864889051
161.25 6.00423445613
162.5 6.04983210512
165.0 6.14106241096
167.5 6.23233743772
170.0 6.32365498615
172.5 6.41501301261
175.0 6.50640961519
177.5 6.59784302131
180.0 6.6893115765
182.5 6.78081373434
185.0 6.87234804737
187.5 6.96391315887
190.0 7.05550779549
192.5 7.14713076047
195.0 7.2387809276
197.5 7.33045723571
200.0 7.42215868362
202.5 7.5138843256
205.0 7.60563326725
207.5 7.69740466168
210.0 7.78919770606
212.5 7.88101163852
215.0 7.97284573522
217.5 8.06469930774
220.0 8.15657170069
222.5 8.24846228944
225.0 8.34037047816
230.0 8.5242374049
235.0 8.70816822233
240.0 8.89215902731
245.0 9.07620623079
250.0 9.26030652248
255.0 9.44445684059
260.0 9.6286543458
265.0 9.81289639881
270.0 9.99718054082
275.0 10.1815044766
280.0 10.3658660598
285.0 10.5502632795
290.0 10.7346942496
295.0 10.9191571978
300.0 11.1036504573
305.0 11.2881724585
310.0 11.4727217216
315.0 11.657296851
320.0 11.8418965284
330.0 12.2111646136
340.0 12.5805168024
350.0 12.9499448756
360.0 13.319441457
370.0 13.6889999181
380.0 14.0586142963
390.0 14.4282792231
400.0 14.7979898625
410.0 15.1677418558
420.0 15.5375312729
430.0 15.90735457
440.0 16.27720855
450.0 16.6470903291
460.0 17.0169973049
470.0 17.3869271295
480.0 17.7568776839
490.0 18.1268470556
500.0 18.4968335185
510.0 18.8668355142
520.0 19.236851636
530.0 19.6068806132
540.0 19.9769212986
550.0 20.3469726557
560.0 20.7170337478
570.0 21.0871037284
580.0 21.4571818321
590.0 21.8272673666
600.0 22.1973597055
610.0 22.5674582818
620.0 22.9375625818
630.0 23.3076721403
640.0 23.6777865351
650.0 24.0479053837
660.0 24.4180283384
670.0 24.7881550835
680.0 25.1582853321
690.0 25.528418823
700.0 25.8985553185
710.0 26.2686946019
720.0 26.6388364756
730.0 27.0089807591
740.0 27.3791272876
750.0 27.7492759101
760.0 28.1194264887
770.0 28.4895788967
780.0 28.859733018
790.0 29.229888746
800.0 29.6000459824
810.0 29.9702046369
820.0 30.3403646265
830.0 30.7105258742
840.0 31.0806883092
850.0 31.4508518658
860.0 31.8210164835
870.0 32.1911821059
880.0 32.5613486808
890.0 32.9315161598
900.0 33.3016844978
910.0 33.6718536529
920.0 34.0420235861
930.0 34.4121942609
940.0 34.7823656433
950.0 35.1525377016
960.0 35.5227104061
970.0 35.8928837289
980.0 36.2630576442
990.0 36.6332321275
1000.0 37.003407156
1010.0 37.3735827081
1020.0 37.7437587639
1030.0 38.1139353042
1040.0 38.4841123115
1050.0 38.8542897689
1060.0 39.2244676608
1070.0 39.5946459723
1080.0 39.9648246896
1090.0 40.3350037995
1100.0 40.7051832898
1110.0 41.0753631489
1120.0 41.4455433658
1130.0 41.8157239304
1140.0 42.185904833
1150.0 42.5560860646
1160.0 42.9262676167
1170.0 43.2964494813
1180.0 43.6666316509
1190.0 44.0368141186
1200.0 44.4069968777
1210.0 44.7771799224
1220.0 45.1473632467
1230.0 45.5175468455
1240.0 45.8877307138
1250.0 46.2579148472
1260.0 46.6280992414
1270.0 46.9982838925
1280.0 47.3684687972
1290.0 47.738653952
1300.0 48.1088393543
1310.0 48.4790250014
1320.0 48.8492108909
1330.0 49.2193970209
1340.0 49.5895833895
1350.0 49.9597699954
1360.0 50.3299568373
1370.0 50.7001439141
1380.0 51.0703312253
1390.0 51.4405187702
1400.0 51.8107065486
1410.0 52.1808945606
1420.0 52.5510828063
1430.0 52.9212712861
1440.0 53.2914600007
1450.0 53.661648951
1460.0 54.0318381381
1470.0 54.4020275632
1480.0 54.7722172278
1490.0 55.1424071338
1500.0 55.5125972829
1510.0 55.8827876773
1520.0 56.2529783194
1530.0 56.6231692117
1540.0 56.9933603569
1550.0 57.3635517579
1560.0 57.7337434179
1570.0 58.1039353402
1580.0 58.4741275283
1590.0 58.8443199859
1600.0 59.214512717
1610.0 59.5847057257
1620.0 59.9548990162
1630.0 60.3250925932
1640.0 60.6952864612
1650.0 61.0654806253
1660.0 61.4356750906
1670.0 61.8058698623
1680.0 62.1760649459
1690.0 62.5462603472
1700.0 62.9164560721
1710.0 63.2866521267
1720.0 63.6568485173
1730.0 64.0270452505
1740.0 64.397242333
1750.0 64.7674397718
1760.0 65.137637574
1770.0 65.5078357469
1780.0 65.8780342982
1790.0 66.2482332357
1800.0 66.6184325674
1810.0 66.9886323016
1820.0 67.3588324466
1830.0 67.7290330111
1840.0 68.0992340042
1850.0 68.4694354349
1860.0 68.8396373125
1870.0 69.2098396467
1880.0 69.5800424473
1890.0 69.9502457243
1900.0 70.3204494881
1910.0 70.6906537491
1920.0 71.0608585183
1930.0 71.4310638065
1940.0 71.801269625
1950.0 72.1714759855
1960.0 72.5416828995
1970.0 72.9118903793
1980.0 73.2820984369
1990.0 73.6523070851
2000.0 74.0225163365
2010.0 74.3927262043
2020.0 74.7629367017
2030.0 75.1331478423
2040.0 75.5033596401
2050.0 75.8735721091
2060.0 76.2437852638
2070.0 76.6139991189
2080.0 76.9842136893
2090.0 77.3544289902
2100.0 77.7246450373
2110.0 78.0948618463
2120.0 78.4650794334
2130.0 78.835297815
2140.0 79.2055170077
2150.0 79.5757370286
2160.0 79.945957895
2170.0 80.3161796245
2180.0 80.686402235
2190.0 81.0566257447
2200.0 81.4268501721
2210.0 81.7970755361
2220.0 82.1673018558
2230.0 82.5375291508
2240.0 82.9077574407
2250.0 83.2779867457
2260.0 83.6482170863
2270.0 84.0184484831
2280.0 84.3886809573
2290.0 84.7589145303
2300.0 85.1291492238
2310.0 85.4993850599
2320.0 85.869622061
2330.0 86.2398602498
2340.0 86.6100996495
2350.0 86.9803402834
2360.0 87.3505821754
2370.0 87.7208253495
2380.0 88.0910698302
2390.0 88.4613156423
2400.0 88.831562811
2410.0 89.2018113616
2420.0 89.5720613202
2430.0 89.9423127129
2440.0 90.3125655662
2450.0 90.6828199071
2460.0 91.0530757628
2470.0 91.4233331609
2480.0 91.7935921294
2490.0 92.1638526966
2500.0 92.5341148913
2510.0 92.9043787424
2520.0 93.2746442794
2530.0 93.644911532
2540.0 94.0151805304
2550.0 94.385451305
2560.0 94.7557238866
2570.0 95.1259983065
2580.0 95.4962745963
2590.0 95.8665527878
2600.0 96.2368329133
2610.0 96.6071150054
2620.0 96.9773990972
2630.0 97.347685222
2640.0 97.7179734134
2650.0 98.0882637056
2660.0 98.4585561329
2670.0 98.8288507301
2680.0 99.1991475323
2690.0 99.569446575
2700.0 99.939747894
2710.0 100.310051525
2720.0 100.680357506
2730.0 101.050665872
2740.0 101.420976661
2750.0 101.79128991
2760.0 102.161605658
2770.0 102.531923942
2780.0 102.902244801
2790.0 103.272568274
2800.0 103.6428944
2810.0 104.013223219
2820.0 104.383554769
2830.0 104.753889092
2840.0 105.124226228
2850.0 105.494566217
2860.0 105.864909101
2870.0 106.235254921
2880.0 106.605603718
2890.0 106.975955534
2900.0 107.346310412
2910.0 107.716668394
2920.0 108.087029523
2930.0 108.457393841
2940.0 108.827761393
2950.0 109.198132221
2960.0 109.56850637
2970.0 109.938883882
2980.0 110.309264804
2990.0 110.679649178
3000.0 111.050037051
3010.0 111.420428466
3020.0 111.79082347
3030.0 112.161222106
3040.0 112.531624422
3050.0 112.902030463
3060.0 113.272440274
3070.0 113.642853902
3080.0 114.013271393
3090.0 114.383692794
3100.0 114.754118151
3110.0 115.124547512
3120.0 115.494980922
3130.0 115.865418429
3140.0 116.23586008
3150.0 116.606305923
3160.0 116.976756005
3170.0 117.347210373
3180.0 117.717669075
3190.0 118.088132159
3200.0 118.458599672
3210.0 118.829071662
3220.0 119.199548177
3230.0 119.570029265
3240.0 119.940514973
3250.0 120.31100535
3260.0 120.681500443
3270.0 121.0520003
3280.0 121.42250497
3290.0 121.7930145
3300.0 122.163528937
3310.0 122.53404833
3320.0 122.904572727
3330.0 123.275102174
3340.0 123.64563672
3350.0 124.016176411
3360.0 124.386721296
3370.0 124.757271422
3380.0 125.127826835
3390.0 125.498387582
3400.0 125.868953711
3410.0 126.239525267
3420.0 126.610102298
3430.0 126.98068485
3440.0 127.351272968
3450.0 127.721866698
3460.0 128.092466086
3470.0 128.463071178
3480.0 128.833682017
3490.0 129.20429865
3500.0 129.574921121
3510.0 129.945549473
3520.0 130.31618375
3530.0 130.686823997
3540.0 131.057470257
3550.0 131.428122571
3560.0 131.798780984
3570.0 132.169445536
3580.0 132.540116269
3590.0 132.910793226
3600.0 133.281476446
3610.0 133.65216597
3620.0 134.022861838
3630.0 134.39356409
3640.0 134.764272764
3650.0 135.1349879
3660.0 135.505709534
3670.0 135.876437705
3680.0 136.24717245
3690.0 136.617913805
3700.0 136.988661806
3710.0 137.359416488
3720.0 137.730177885
3730.0 138.100946033
3740.0 138.471720963
3750.0 138.84250271
3760.0 139.213291305
3770.0 139.58408678
3780.0 139.954889166
3790.0 140.325698492
3800.0 140.696514788
3810.0 141.067338083
3820.0 141.438168406
3830.0 141.809005782
3840.0 142.179850239
3850.0 142.550701803
3860.0 142.921560497
3870.0 143.292426348
3880.0 143.663299377
3890.0 144.034179607
3900.0 144.405067061
3910.0 144.775961759
3920.0 145.14686372
3930.0 145.517772965
3940.0 145.888689511
3950.0 146.259613376
3960.0 146.630544577
3970.0 147.001483128
3980.0 147.372429044
3990.0 147.74338234
4000.0 148.114343028
4010.0 148.485311119
4020.0 148.856286626
4030.0 149.227269557
4040.0 149.598259921
4050.0 149.969257727
4060.0 150.34026298
4070.0 150.711275689
4080.0 151.082295856
4090.0 151.453323486
4100.0 151.824358581
4110.0 152.195401144
4120.0 152.566451176
4130.0 152.937508675
4140.0 153.308573641
4150.0 153.67964607
4160.0 154.05072596
4170.0 154.421813306
4180.0 154.792908102
4190.0 155.164010341
4200.0 155.535120015
4210.0 155.906237115
4220.0 156.277361631
4230.0 156.648493552
4240.0 157.019632866
4250.0 157.390779558
4260.0 157.761933614
4270.0 158.133095019
4280.0 158.504263755
4290.0 158.875439805
4300.0 159.246623148
4310.0 159.617813766
4320.0 159.989011636
4330.0 160.360216735
4340.0 160.731429041
4350.0 161.102648527
4360.0 161.473875169
4370.0 161.845108938
4380.0 162.216349807
4390.0 162.587597745
4400.0 162.958852722
4410.0 163.330114707
4420.0 163.701383667
4430.0 164.072659567
4440.0 164.443942372
4450.0 164.815232046
4460.0 165.186528551
4470.0 165.557831849
4480.0 165.9291419
4490.0 166.300458663
4500.0 166.671782097
4510.0 167.043112158
4520.0 167.414448802
4530.0 167.785791984
4540.0 168.157141658
4550.0 168.528497776
4560.0 168.899860289
4570.0 169.271229148
4580.0 169.642604303
4590.0 170.013985702
4600.0 170.385373292
4610.0 170.75676702
4620.0 171.12816683
4630.0 171.499572667
4640.0 171.870984474
4650.0 172.242402193
4660.0 172.613825766
4670.0 172.985255133
4680.0 173.356690233
4690.0 173.728131004
4700.0 174.099577384
4710.0 174.47102931
4720.0 174.842486717
4730.0 175.21394954
4740.0 175.585417712
4750.0 175.956891166
4760.0 176.328369835
4770.0 176.69985365
4780.0 177.071342541
4790.0 177.442836438
4800.0 177.81433527
4810.0 178.185838964
4820.0 178.557347448
4830.0 178.928860649
4840.0 179.300378492
4850.0 179.671900903
4860.0 180.043427806
4870.0 180.414959124
4880.0 180.786494781
4890.0 181.158034688
4900.0 181.529578785
4910.0 181.901126982
4920.0 182.272679201
4930.0 182.64423536
4940.0 183.015795381
4950.0 183.387359181
4960.0 183.758926678
4970.0 184.130497791
4980.0 184.502072437
4990.0 184.873650531
5000.0 185.245231991
5010.0 185.616816732
5020.0 185.988404669
5030.0 186.359995718
5040.0 186.731589793
5050.0 187.103186808
5060.0 187.474786677
5070.0 187.846389313
5080.0 188.21799463
5090.0 188.589602541
5100.0 188.961212957
5110.0 189.332825793
5120.0 189.704440959
5130.0 190.076058368
5140.0 190.447677931
5150.0 190.819299561
5160.0 191.190923168
5170.0 191.562548665
5180.0 191.934175962
5190.0 192.30580497
5200.0 192.677435602
5210.0 193.049067767
5220.0 193.420701377
5230.0 193.792336344
5240.0 194.163972578
5250.0 194.53560999
5260.0 194.907248492
5270.0 195.278887994
5280.0 195.65052841
5290.0 196.022169649
5300.0 196.393811625
5310.0 196.765454248
5320.0 197.137097431
5330.0 197.508741086
5340.0 197.880385125
5350.0 198.252029462
5360.0 198.623674009
5370.0 198.99531868
5380.0 199.366963389
5390.0 199.738608049
5400.0 200.110252574
5410.0 200.48189688
5420.0 200.853540881
5430.0 201.225184493
5440.0 201.596827631
5450.0 201.968470213
5460.0 202.340112154
5470.0 202.711753372
5480.0 203.083393784
5490.0 203.45503331
5500.0 203.826671867
5510.0 204.198309375
5520.0 204.569945753
5530.0 204.941580922
5540.0 205.313214804
5550.0 205.684847319
5560.0 206.05647839
5570.0 206.428107939
5580.0 206.799735891
5590.0 207.171362169
5600.0 207.542986699
5610.0 207.914609405
5620.0 208.286230213
5630.0 208.657849052
5640.0 209.029465849
5650.0 209.401080531
5660.0 209.772693029
5670.0 210.144303272
5680.0 210.515911191
5690.0 210.887516717
5700.0 211.259119784
5710.0 211.630720323
5720.0 212.00231827
5730.0 212.373913558
5740.0 212.745506124
5750.0 213.117095905
5760.0 213.488682837
5770.0 213.860266859
5780.0 214.23184791
5790.0 214.60342593
5800.0 214.975000861
5810.0 215.346572644
5820.0 215.718141222