0.0 0.0
120.0 5.38342513587
121.25 5.44031375058
122.5 5.49717304851
123.75 5.55400376709
125.0 5.61080663722
126.25 5.66758238239
127.5 5.72433171789
128.75 5.7810553502
130.0 5.83775397628
131.25 5.8944282831
132.5 5.95107894715
133.75 6.007706634
135.0 6.06431199797
136.25 6.12089568182
137.5 6.17745831649
138.75 6.23400052088
140.0 6.2905229017
141.25 6.34702605333
142.5 6.40351055769
143.75 6.45997698423
145.0 6.51642588986
146.25 6.57285781895
147.5 6.62927330334
148.75 6.6856728624
150.0 6.74205700306
151.25 6.79842621992
152.5 6.85478099531
155.0 6.96744909049
157.5 7.08006490686
160.0 7.19263187514
162.5 7.30515324361
165.0 7.41763208387
167.5 7.53007129685
170.0 7.64247361911
172.5 7.75484162937
175.0 7.86717775506
177.5 7.97948427899
180.0 8.09176334589
182.5 8.20401696904
185.0 8.3162470366
187.5 8.42845531803
190.0 8.54064347014
195.0 8.76496548637
200.0 8.98922430991
205.0 9.21342972529
210.0 9.43759023835
215.0 9.66171322383
220.0 9.88580505931
225.0 10.1098712459
230.0 10.3339165164
240.0 10.7819599695
250.0 11.2299613299
260.0 11.6779393665
270.0 12.1259074949
280.0 12.5738751494
290.0 13.0218488274
300.0 13.4698328757
310.0 13.9178300812
320.0 14.3658421092
330.0 14.813869828
340.0 15.2619135473
350.0 15.7099731922
360.0 16.1580484294
370.0 16.6061387581
380.0 17.0542435748
390.0 17.502362219
400.0 17.9504940052
410.0 18.3986382444
420.0 18.8467942593
430.0 19.2949613932
440.0 19.7431390162
450.0 20.1913265281
460.0 20.6395233604
470.0 21.0877289761
480.0 21.5359428694
490.0 21.9841645646
500.0 22.432393615
510.0 22.8806296008
520.0 23.3288721284
530.0 23.777120828
540.0 24.2253753525
550.0 24.6736353757
560.0 25.1219005913
570.0 25.570170711
580.0 26.0184454637
590.0 26.4667245941
600.0 26.9150078618
610.0 27.3632950399
620.0 27.8115859144
630.0 28.2598802833
640.0 28.7081779558
650.0 29.1564787512
660.0 29.6047824988
670.0 30.0530890367
680.0 30.5013982117
690.0 30.9497098784
700.0 31.3980238987
710.0 31.8463401415
720.0 32.2946584824
730.0 32.7429788027
740.0 33.1913009895
750.0 33.6396249354
760.0 34.0879505378
770.0 34.5362776988
780.0 34.984606325
790.0 35.4329363269
800.0 35.8812676191
810.0 36.3296001196
820.0 36.7779337499
830.0 37.2262684346
840.0 37.6746041014
850.0 38.1229406804
860.0 38.5712781048
870.0 39.0196163098
880.0 39.4679552332
890.0 39.9162948146
900.0 40.3646349958
910.0 40.8129757203
920.0 41.2613169333
930.0 41.7096585816
940.0 42.1580006136
950.0 42.6063429787
960.0 43.0546856279
970.0 43.503028513
980.0 43.9513715871
990.0 44.3997148041
1000.0 44.8480581187
1010.0 45.2964014864
1020.0 45.7447448635
1030.0 46.1930882067
1040.0 46.6414314731
1050.0 47.0897746207
1060.0 47.5381176072
1070.0 47.9864603912
1080.0 48.434802931
1090.0 48.8831451854
1100.0 49.331487113
1110.0 49.7798286726
1120.0 50.2281698227
1130.0 50.6765105219
1140.0 51.1248507285
1150.0 51.5731904005
1160.0 52.0215294956
1170.0 52.4698679711
1180.0 52.9182057839
1190.0 53.3665428902
1200.0 53.814879246
1210.0 54.2632148062
1220.0 54.7115495253
1230.0 55.1598833569
1240.0 55.6082162539
1250.0 56.0565481681
1260.0 56.5048790505
1270.0 56.9532088511
1280.0 57.4015375187
1290.0 57.8498650009
1300.0 58.2981912444
1310.0 58.7465161942
1320.0 59.1948397943
1330.0 59.643161987
1340.0 60.0914827133
1350.0 60.5398019126
1360.0 60.9881195227
1370.0 61.4364354795
1380.0 61.8847497173
1390.0 62.3330621686
1400.0 62.7813727638
1410.0 63.2296814314
1420.0 63.6779880978
1430.0 64.1262926872
1440.0 64.5745951215
1450.0 65.0228953203
1460.0 65.471193201
1470.0 65.9194886781
1480.0 66.3677816638
1490.0 66.8160720675
1500.0 67.2643597958
1510.0 67.7126447525
1520.0 68.1609268383
1530.0 68.6092059509
1540.0 69.057481985
1550.0 69.5057548318
1560.0 69.9540243792
1570.0 70.4022905115
1580.0 70.8505531098
1590.0 71.298812051
1600.0 71.7470672085
1610.0 72.1953184518
1620.0 72.6435656462
1630.0 73.091808653
1640.0 73.540047329
1650.0 73.9882815268
1660.0 74.4365110946
1670.0 74.8847358755
1680.0 75.3329557083
1690.0 75.7811704267
1700.0 76.2293798594
1710.0 76.6775838298
1720.0 77.1257821562
1730.0 77.5739746513
1740.0 78.0221611223
1750.0 78.4703413707
1760.0 78.9185151921
1770.0 79.3666823761
1780.0 79.814842706
1790.0 80.262995959
1800.0 80.7111419058
1810.0 81.1592803104
1820.0 81.6074109301
1830.0 82.0555335153
1840.0 82.5036478093
1850.0 82.9517535481
1860.0 83.3998504604
1870.0 83.8479382674
1880.0 84.2960166824
1890.0 84.744085411
1900.0 85.1921441507
1910.0 85.6401925906
1920.0 86.0882304119
1930.0 86.5362572867
1940.0 86.9842728788
1950.0 87.4322768429
1960.0 87.8802688249
1970.0 88.3282484612
1980.0 88.7762153791
1990.0 89.224169196
2000.0 89.67210952
2010.0 90.1200359491
2020.0 90.5679480712
2030.0 91.0158454641
2040.0 91.4637276952
2050.0 91.9115943212
2060.0 92.3594448884
2070.0 92.807278932
2080.0 93.2550959762
2090.0 93.702895534
2100.0 94.1506771071
2110.0 94.5984401857
2120.0 95.0461842483
2130.0 95.4939087615
2140.0 95.9416131801
2150.0 96.3892969468
2160.0 96.8369594919
2170.0 97.2846002333
2180.0 97.7322185767
2190.0 98.1798139147
2200.0 98.6273856274
2210.0 99.0749330819
2220.0 99.5224556323
2230.0 99.9699526196
2240.0 100.417423371
2250.0 100.864867202
2260.0 101.312283412
2270.0 101.75967129
2280.0 102.207030108
2290.0 102.654359126
2300.0 103.101657592
2310.0 103.548924736
2320.0 103.996159778
2330.0 104.443361921
2340.0 104.890530356
2350.0 105.337664259
2360.0 105.784762793
2370.0 106.231825105
2380.0 106.678850329
2390.0 107.125837585
2400.0 107.572785978
2410.0 108.019694599
2420.0 108.466562527
2430.0 108.913388823
2440.0 109.360172538
2450.0 109.806912705
2460.0 110.253608347
2470.0 110.700258471
2480.0 111.14686207
2490.0 111.593418123
2500.0 112.039925598
2510.0 112.486383447
2520.0 112.932790609
2530.0 113.37914601
2540.0 113.825448564
2550.0 114.271697171
2560.0 114.717890719
2570.0 115.164028082
2580.0 115.610108124
2590.0 116.056129695
2600.0 116.502091633
2610.0 116.947992767
2620.0 117.393831912
2630.0 117.839607872
2640.0 118.285319442
2650.0 118.730965406
2660.0 119.176544536
2670.0 119.622055596
2680.0 120.067497341
2690.0 120.512868514
2700.0 120.958167851
2710.0 121.403394081
2720.0 121.848545924
2730.0 122.29362209
2740.0 122.738621285
2750.0 123.183542208
2760.0 123.628383549
2770.0 124.073143996
2780.0 124.517822229
2790.0 124.962416924
2800.0 125.406926753
2810.0 125.851350383
2820.0 126.295686481
2830.0 126.739933707
2840.0 127.184090722
2850.0 127.628156185
2860.0 128.072128753
2870.0 128.516007083
2880.0 128.959789834
2890.0 129.403475663
2900.0 129.847063232
2910.0 130.290551201
2920.0 130.733938238
2930.0 131.177223011
2940.0 131.620404193
2950.0 132.063480462
2960.0 132.506450503
2970.0 132.949313005
2980.0 133.392066667
2990.0 133.834710194
3000.0 134.2772423
3010.0 134.719661709
3020.0 135.161967154
3030.0 135.60415738
3040.0 136.046231142
3050.0 136.488187211
3060.0 136.930024368
3070.0 137.371741409
3080.0 137.813337145
3090.0 138.254810402
3100.0 138.696160025
3110.0 139.137384872
3120.0 139.578483824
3130.0 140.019455776
3140.0 140.460299646
3150.0 140.901014372
3160.0 141.341598913
3170.0 141.782052249
3180.0 142.222373384
3190.0 142.662561346
3200.0 143.102615187
3210.0 143.542533985
3220.0 143.982316843
3230.0 144.421962891
3240.0 144.861471287
3250.0 145.300841219
3260.0 145.740071901
3270.0 146.17916258
3280.0 146.618112532
3290.0 147.056921063
3300.0 147.495587516
3310.0 147.934111261
3320.0 148.372491705
3330.0 148.810728289
3340.0 149.248820489
3350.0 149.686767814
3360.0 150.124569813
3370.0 150.562226068
3380.0 150.999736203
3390.0 151.437099875
3400.0 151.874316783
3410.0 152.311386664
3420.0 152.748309294
3430.0 153.185084491
3440.0 153.621712113
3450.0 154.058192057
3460.0 154.494524265
3470.0 154.930708719
3480.0 155.366745443
3490.0 155.802634505
3500.0 156.238376016
3510.0 156.67397013
3520.0 157.109417044
3530.0 157.544717002
3540.0 157.979870289
3550.0 158.414877236
3560.0 158.849738219
3570.0 159.284453658
3580.0 159.719024018
3590.0 160.153449811
3600.0 160.587731593
3610.0 161.021869963
3620.0 161.455865569
3630.0 161.889719103
3640.0 162.323431302
3650.0 162.757002947
3660.0 163.190434866
3670.0 163.623727931
3680.0 164.05688306
3690.0 164.489901214
3700.0 164.922783399
3710.0 165.355530666
3720.0 165.788144108
3730.0 166.220624863
3740.0 166.652974112
3750.0 167.085193079
3760.0 167.517283031
3770.0 167.949245274
3780.0 168.38108116
3790.0 168.812792078
3800.0 169.24437946
3810.0 169.675844777
3820.0 170.10718954
3830.0 170.538415297
3840.0 170.969523638
3850.0 171.400516185
3860.0 171.8313946
3870.0 172.262160582
3880.0 172.692815862
3890.0 173.123362208
3900.0 173.55380142