0.0 0.0
120.0 5.38287081061
121.25 5.4397536511
122.5 5.49660717481
123.75 5.55343211917
125.0 5.61022921508
126.25 5.66699918602
127.5 5.72374274731
128.75 5.78046060539
130.0 5.83715345725
131.25 5.89382198985
132.5 5.95046687967
133.75 6.0070887923
135.0 6.06368838205
136.25 6.12026629168
137.5 6.17682315213
138.75 6.2333595823
140.0 6.2898761889
141.25 6.3463735663
142.5 6.40285229644
143.75 6.45931294876
145.0 6.51575608017
146.25 6.57218223504
147.5 6.62859194521
148.75 6.68498573005
150.0 6.74136409649
151.25 6.79772753913
152.5 6.85407654029
155.0 6.96673308703
157.5 7.07933735496
160.0 7.19189277479
162.5 7.30440259482
165.0 7.41686988664
167.5 7.52929755118
170.0 7.64168832499
172.5 7.75404478681
175.0 7.86636936406
177.5 7.97866433954
180.0 8.090931858
182.5 8.2031739327
185.0 8.31539245183
187.5 8.42758918481
190.0 8.53976578848
195.0 8.76406470782
200.0 8.98830043448
205.0 9.21248275297
210.0 9.43662016914
215.0 9.66072005774
220.0 9.88478879633
225.0 10.108831886
230.0 10.3328540597
240.0 10.780851319
250.0 11.2288064856
260.0 11.6767383284
270.0 12.124660263
280.0 12.5725817238
290.0 13.020509208
300.0 13.4684470625
310.0 13.9163980743
320.0 14.3643639085
330.0 14.8123454336
340.0 15.2603429591
350.0 15.7083564102
360.0 16.1563854536
370.0 16.6044295886
380.0 17.0524882115
390.0 17.5005606619
400.0 17.9486462543
410.0 18.3967442998
420.0 18.8448541209
430.0 19.292975061
440.0 19.7411064902
450.0 20.1892478084
460.0 20.6373984469
470.0 21.0855578688
480.0 21.5337255684
490.0 21.9819010698
500.0 22.4300839264
510.0 22.8782737185
520.0 23.3264700523
530.0 23.7746725581
540.0 24.2228808888
550.0 24.6710947183
560.0 25.1193137401
570.0 25.567537666
580.0 26.0157662249
590.0 26.4639991616
600.0 26.9122362355
610.0 27.3604772198
620.0 27.8087219006
630.0 28.2569700757
640.0 28.7052215544
650.0 29.153476156
660.0 29.6017337098
670.0 30.049994054
680.0 30.4982570352
690.0 30.9465225081
700.0 31.3947903347
710.0 31.8430603838
720.0 32.2913325308
730.0 32.7396066573
740.0 33.1878826504
750.0 33.6361604025
760.0 34.0844398111
770.0 34.5327207784
780.0 34.9810032108
790.0 35.4292870189
800.0 35.8775721174
810.0 36.3258584241
820.0 36.7741458607
830.0 37.2224343516
840.0 37.6707238245
850.0 38.1190142098
860.0 38.5673054404
870.0 39.0155974517
880.0 39.4638901813
890.0 39.9121835689
900.0 40.3604775563
910.0 40.808772087
920.0 41.2570671063
930.0 41.7053625609
940.0 42.153658399
950.0 42.6019545704
960.0 43.0502510258
970.0 43.4985477171
980.0 43.9468445975
990.0 44.3951416207
1000.0 44.8434387415
1010.0 45.2917359155
1020.0 45.7400330988
1030.0 46.1883302482
1040.0 46.6366273209
1050.0 47.0849242746
1060.0 47.5332210675
1070.0 47.9815176576
1080.0 48.4298140037
1090.0 48.8781100643
1100.0 49.3264057981
1110.0 49.7747011639
1120.0 50.2229961203
1130.0 50.6712906257
1140.0 51.1195846385
1150.0 51.5678781167
1160.0 52.0161710181
1170.0 52.4644632998
1180.0 52.9127549188
1190.0 53.3610458314
1200.0 53.8093359934
1210.0 54.2576253598
1220.0 54.7059138852
1230.0 55.154201523
1240.0 55.6024882262
1250.0 56.0507739467
1260.0 56.4990586353
1270.0 56.9473422421
1280.0 57.3956247159
1290.0 57.8439060044
1300.0 58.2921860541
1310.0 58.7404648101
1320.0 59.1887422164
1330.0 59.6370182154
1340.0 60.0852927479
1350.0 60.5335657535
1360.0 60.9818371697
1370.0 61.4301069328
1380.0 61.8783749769
1390.0 62.3266412344
1400.0 62.7749056358
1410.0 63.2231681096
1420.0 63.6714285822
1430.0 64.1196869778
1440.0 64.5679432183
1450.0 65.0161972235
1460.0 65.4644489103
1470.0 65.9126981937
1480.0 66.3609449856
1490.0 66.8091891955
1500.0 67.2574307301
1510.0 67.7056694929
1520.0 68.153905385
1530.0 68.6021383039
1540.0 69.0503681442
1550.0 69.4985947972
1560.0 69.9468181508
1570.0 70.3950380894
1580.0 70.8432544938
1590.0 71.2914672413
1600.0 71.7396762051
1610.0 72.1878812546
1620.0 72.6360822552
1630.0 73.0842790682
1640.0 73.5324715504
1650.0 73.9806595545
1660.0 74.4288429285
1670.0 74.8770215157
1680.0 75.3251951547
1690.0 75.7733636793
1700.0 76.2215269182
1710.0 76.6696846949
1720.0 77.1178368275
1730.0 77.5659831288
1740.0 78.0141234061
1750.0 78.4622574607
1760.0 78.9103850883
1770.0 79.3585060785
1780.0 79.8066202146
1790.0 80.2547272739
1800.0 80.7028270269
1810.0 81.1509192377
1820.0 81.5990036637
1830.0 82.0470800551
1840.0 82.4951481553
1850.0 82.9432077004
1860.0 83.3912584189
1870.0 83.8393000321
1880.0 84.2873322534
1890.0 84.7353547882
1900.0 85.1833673341
1910.0 85.6313695803
1920.0 86.0793612077
1930.0 86.5273418888
1940.0 86.9753112871
1950.0 87.4232690575
1960.0 87.8712148457
1970.0 88.3191482882
1980.0 88.7670690123
1990.0 89.2149766355
2000.0 89.6628707657
2010.0 90.110751001
2020.0 90.5586169293
2030.0 91.0064681284
2040.0 91.4543041657
2050.0 91.902124598
2060.0 92.3499289715
2070.0 92.7977168213
2080.0 93.2454876717
2090.0 93.6932410358
2100.0 94.1409764151
2110.0 94.5886932999
2120.0 95.0363911687
2130.0 95.4840694882
2140.0 95.931727713
2150.0 96.3793652859
2160.0 96.8269816372
2170.0 97.2745761849
2180.0 97.7221483345
2190.0 98.1696974787
2200.0 98.6172229976
2210.0 99.0647242584
2220.0 99.512200615
2230.0 99.9596514085
2240.0 100.407075967
2250.0 100.854473603
2260.0 101.30184362
2270.0 101.749185303
2280.0 102.196497928
2290.0 102.643780753
2300.0 103.091033024
2310.0 103.538253975
2320.0 103.985442823
2330.0 104.432598772
2340.0 104.879721013
2350.0 105.326808723
2360.0 105.773861063
2370.0 106.220877181
2380.0 106.667856211
2390.0 107.114797273
2400.0 107.561699473
2410.0 108.0085619
2420.0 108.455383634
2430.0 108.902163737
2440.0 109.348901257
2450.0 109.795595231
2460.0 110.242244679
2470.0 110.688848609
2480.0 111.135406014
2490.0 111.581915874
2500.0 112.028377155
2510.0 112.47478881
2520.0 112.921149778
2530.0 113.367458986
2540.0 113.813715346
2550.0 114.259917759
2560.0 114.706065113
2570.0 115.152156283
2580.0 115.598190131
2590.0 116.044165508
2600.0 116.490081253
2610.0 116.935936193
2620.0 117.381729143
2630.0 117.82745891
2640.0 118.273124287
2650.0 118.718724057
2660.0 119.164256993
2670.0 119.609721859
2680.0 120.05511741
2690.0 120.500442389
2700.0 120.945695533
2710.0 121.390875569
2720.0 121.835981218
2730.0 122.28101119
2740.0 122.725964192
2750.0 123.170838921
2760.0 123.615634068
2770.0 124.060348321
2780.0 124.50498036
2790.0 124.949528861
2800.0 125.393992497
2810.0 125.838369933
2820.0 126.282659837
2830.0 126.72686087
2840.0 127.170971691
2850.0 127.61499096
2860.0 128.058917334
2870.0 128.502749471
2880.0 128.946486028
2890.0 129.390125663
2900.0 129.833667038
2910.0 130.277108814
2920.0 130.720449657
2930.0 131.163688236
2940.0 131.606823224
2950.0 132.049853299
2960.0 132.492777146
2970.0 132.935593455
2980.0 133.378300923
2990.0 133.820898257
3000.0 134.263384169
3010.0 134.705757384
3020.0 135.148016635
3030.0 135.590160667
3040.0 136.032188236
3050.0 136.474098111
3060.0 136.915889074
3070.0 137.357559921
3080.0 137.799109463
3090.0 138.240536527
3100.0 138.681839955
3110.0 139.123018609
3120.0 139.564071367
3130.0 140.004997125
3140.0 140.445794802
3150.0 140.886463334
3160.0 141.327001681
3170.0 141.767408823
3180.0 142.207683765
3190.0 142.647825533
3200.0 143.08783318
3210.0 143.527705784
3220.0 143.967442448
3230.0 144.407042302
3240.0 144.846504505
3250.0 145.285828243
3260.0 145.725012732
3270.0 146.164057217
3280.0 146.602960974
3290.0 147.041723313
3300.0 147.480343571
3310.0 147.918821122
3320.0 148.357155373
3330.0 148.795345763
3340.0 149.233391769
3350.0 149.671292901
3360.0 150.109048705
3370.0 150.546658767
3380.0 150.984122708
3390.0 151.421440186
3400.0 151.8586109
3410.0 152.295634588
3420.0 152.732511024
3430.0 153.169240028
3440.0 153.605821456
3450.0 154.042255206
3460.0 154.47854122
3470.0 154.91467948
3480.0 155.35067001
3490.0 155.786512879
3500.0 156.222208196
3510.0 156.657756116
3520.0 157.093156837
3530.0 157.528410601
3540.0 157.963517694
3550.0 158.398478447
3560.0 158.833293236
3570.0 159.267962481
3580.0 159.702486648
3590.0 160.136866247
3600.0 160.571101835
3610.0 161.005194011
3620.0 161.439143424
3630.0 161.872950764
3640.0 162.306616769
3650.0 162.74014222
3660.0 163.173527945
3670.0 163.606774817
3680.0 164.039883752
3690.0 164.472855712
3700.0 164.905691704
3710.0 165.338392776
3720.0 165.770960025
3730.0 166.203394586
3740.0 166.635697642
3750.0 167.067870415
3760.0 167.499914173
3770.0 167.931830222
3780.0 168.363619914
3790.0 168.795284638
3800.0 169.226825827
3810.0 169.65824495
3820.0 170.089543519
3830.0 170.520723083
3840.0 170.951785229
3850.0 171.382731583
3860.0 171.813563805
3870.0 172.244283593
3880.0 172.674892679
3890.0 173.105392831
3900.0 173.535785849