0.0 0.0
120.0 4.5083760988
120.625 4.53082615869
121.25 4.55328497161
122.5 4.59822816725
123.75 4.64320435175
125.0 4.68821225956
126.25 4.73325068935
127.5 4.77831850019
128.75 4.82341460792
130.0 4.86853798182
131.25 4.91368764145
132.5 4.95886265374
133.75 5.00406213028
135.0 5.04928522476
136.25 5.09453113056
137.5 5.13979907856
138.75 5.18508833504
140.0 5.23039819971
141.25 5.2757280039
142.5 5.32107710881
143.75 5.36644490395
145.0 5.41183080558
146.25 5.4572342553
147.5 5.50265471874
148.75 5.54809168429
150.0 5.59354466189
151.25 5.63901318198
152.5 5.68449679441
153.75 5.72999506746
155.0 5.77550758695
156.25 5.82103395531
157.5 5.86657379079
158.75 5.91212672669
160.0 5.95769241059
161.25 6.00327050372
162.5 6.04886068021
165.0 6.14007604104
167.5 6.2313361228
170.0 6.32263872623
172.5 6.41398180768
175.0 6.50536346526
177.5 6.59678192638
180.0 6.68823553656
182.5 6.7797227494
185.0 6.87124211743
187.5 6.96279228393
190.0 7.05437197555
192.5 7.14597999552
195.0 7.23761521765
197.5 7.32927658076
200.0 7.42096308366
202.5 7.51267378065
205.0 7.60440777729
207.5 7.69616422671
210.0 7.78794232609
212.5 7.87974131355
215.0 7.97156046525
217.5 8.06339909277
220.0 8.15525654072
222.5 8.24713218447
225.0 8.33902542818
230.0 8.52286246492
235.0 8.70676339234
240.0 8.89072430731
245.0 9.07474162079
250.0 9.25881202247
255.0 9.44293245058
260.0 9.62710006579
265.0 9.81131222879
270.0 9.9955664808
275.0 10.1798605266
280.0 10.3641922197
285.0 10.5485595495
290.0 10.7329606296
295.0 10.9173936878
300.0 11.1018570573
305.0 11.2863491684
310.0 11.4708685416
315.0 11.6554137809
320.0 11.8399835683
330.0 12.2091918735
340.0 12.5784842823
350.0 12.9478525755
360.0 13.3172893768
370.0 13.686788058
380.0 14.0563426561
390.0 14.425947803
400.0 14.7955986624
410.0 15.1652908756
420.0 15.5350205128
430.0 15.9047840298
440.0 16.2745782298
450.0 16.6444002289
460.0 17.0142474247
470.0 17.3841174693
480.0 17.7540082437
490.0 18.1239178354
500.0 18.4938445183
510.0 18.863786734
520.0 19.2337430757
530.0 19.6037122729
540.0 19.9736931783
550.0 20.3436847554
560.0 20.7136860675
570.0 21.0836962681
580.0 21.4537145918
590.0 21.8237403463
600.0 22.1937729052
610.0 22.5638117014
620.0 22.9338562214
630.0 23.3039059999
640.0 23.6739606147
650.0 24.0440196833
660.0 24.4140828579
670.0 24.7841498231
680.0 25.1542202916
690.0 25.5242940026
700.0 25.8943707181
710.0 26.2644502214
720.0 26.6345323151
730.0 27.0046168186
740.0 27.3747035671
750.0 27.7447924096
760.0 28.1148832082
770.0 28.4849758362
780.0 28.8550701775
790.0 29.2251661254
800.0 29.5952635818
810.0 29.9653624564
820.0 30.3354626659
830.0 30.7055641336
840.0 31.0756667886
850.0 31.4457705652
860.0 31.8158754029
870.0 32.1859812452
880.0 32.5560880401
890.0 32.9261957391
900.0 33.2963042971
910.0 33.6664136723
920.0 34.0365238254
930.0 34.4066347202
940.0 34.7767463226
950.0 35.1468586009
960.0 35.5169715253
970.0 35.8870850682
980.0 36.2571992035
990.0 36.6273139068
1000.0 36.9974291552
1010.0 37.3675449274
1020.0 37.7376612031
1030.0 38.1077779635
1040.0 38.4778951907
1050.0 38.8480128681
1060.0 39.2181309799
1070.0 39.5882495114
1080.0 39.9583684487
1090.0 40.3284877786
1100.0 40.6986074889
1110.0 41.068727568
1120.0 41.4388480049
1130.0 41.8089687895
1140.0 42.1790899121
1150.0 42.5492113637
1160.0 42.9193331358
1170.0 43.2894552203
1180.0 43.6595776099
1190.0 44.0297002976
1200.0 44.3998232768
1210.0 44.7699465414
1220.0 45.1400700857
1230.0 45.5101939045
1240.0 45.8803179928
1250.0 46.2504423462
1260.0 46.6205669603
1270.0 46.9906918315
1280.0 47.3608169561
1290.0 47.730942331
1300.0 48.1010679532
1310.0 48.4711938203
1320.0 48.8413199298
1330.0 49.2114462798
1340.0 49.5815728684
1350.0 49.9516996943
1360.0 50.3218267561
1370.0 50.691954053
1380.0 51.0620815841
1390.0 51.432209349
1400.0 51.8023373475
1410.0 52.1724655794
1420.0 52.5425940451
1430.0 52.9127227449
1440.0 53.2828516795
1450.0 53.6529808498
1460.0 54.0231102568
1470.0 54.3932399019
1480.0 54.7633697866
1490.0 55.1334999125
1500.0 55.5036302816
1510.0 55.8737608961
1520.0 56.2438917581
1530.0 56.6140228704
1540.0 56.9841542356
1550.0 57.3542858566
1560.0 57.7244177366
1570.0 58.0945498788
1580.0 58.4646822869
1590.0 58.8348149645
1600.0 59.2049479156
1610.0 59.5750811443
1620.0 59.9452146548
1630.0 60.3153484518
1640.0 60.6854825398
1650.0 61.0556169239
1660.0 61.4257516091
1670.0 61.7958866008
1680.0 62.1660219044
1690.0 62.5361575257
1700.0 62.9062934706
1710.0 63.2764297452
1720.0 63.6465663558
1730.0 64.016703309
1740.0 64.3868406115
1750.0 64.7569782702
1760.0 65.1271162924
1770.0 65.4972546853
1780.0 65.8673934566
1790.0 66.2375326141
1800.0 66.6076721658
1810.0 66.9778121199
1820.0 67.3479524849
1830.0 67.7180932695
1840.0 68.0882344825
1850.0 68.4583761332
1860.0 68.8285182308
1870.0 69.198660785
1880.0 69.5688038056
1890.0 69.9389473026
1900.0 70.3090912863
1910.0 70.6792357674
1920.0 71.0493807565
1930.0 71.4195262647
1940.0 71.7896723032
1950.0 72.1598188837
1960.0 72.5299660177
1970.0 72.9001137174
1980.0 73.2702619951
1990.0 73.6404108632
2000.0 74.0105603346
2010.0 74.3807104224
2020.0 74.7508611398
2030.0 75.1210125004
2040.0 75.4911645182
2050.0 75.8613172072
2060.0 76.2314705819
2070.0 76.6016246569
2080.0 76.9717794473
2090.0 77.3419349683
2100.0 77.7120912353
2110.0 78.0822482643
2120.0 78.4524060714
2130.0 78.8225646729
2140.0 79.1927240857
2150.0 79.5628843266
2160.0 79.9330454129
2170.0 80.3032073624
2180.0 80.6733701929
2190.0 81.0435339225
2200.0 81.41369857
2210.0 81.783864154
2220.0 82.1540306937
2230.0 82.5241982086
2240.0 82.8943667185
2250.0 83.2645362435
2260.0 83.6347068041
2270.0 84.0048784209
2280.0 84.3750511151
2290.0 84.745224908
2300.0 85.1153998215
2310.0 85.4855758776
2320.0 85.8557530987
2330.0 86.2259315075
2340.0 86.5961111271
2350.0 86.9662919811
2360.0 87.336474093
2370.0 87.7066574871
2380.0 88.0768421878
2390.0 88.4470282199
2400.0 88.8172156085
2410.0 89.1874043792
2420.0 89.5575945577
2430.0 89.9277861704
2440.0 90.2979792437
2450.0 90.6681738045
2460.0 91.0383698802
2470.0 91.4085674983
2480.0 91.7787666868
2490.0 92.148967474
2500.0 92.5191698887
2510.0 92.8893739598
2520.0 93.2595797167
2530.0 93.6297871893
2540.0 93.9999964077
2550.0 94.3702074022
2560.0 94.7404202039
2570.0 95.1106348438
2580.0 95.4808513535
2590.0 95.851069765
2600.0 96.2212901105
2610.0 96.5915124226
2620.0 96.9617367344
2630.0 97.3319630791
2640.0 97.7021914905
2650.0 98.0724220027
2660.0 98.44265465
2670.0 98.8128894672
2680.0 99.1831264893
2690.0 99.553365752
2700.0 99.9236072909
2710.0 100.293851142
2720.0 100.664097343
2730.0 101.034345929
2740.0 101.404596938
2750.0 101.774850407
2760.0 102.145106375
2770.0 102.515364879
2780.0 102.885625958
2790.0 103.255889651
2800.0 103.626155997
2810.0 103.996425035
2820.0 104.366696806
2830.0 104.736971349
2840.0 105.107248705
2850.0 105.477528914
2860.0 105.847812018
2870.0 106.218098057
2880.0 106.588387074
2890.0 106.958679111
2900.0 107.328974209
2910.0 107.699272411
2920.0 108.069573759
2930.0 108.439878298
2940.0 108.810186069
2950.0 109.180497117
2960.0 109.550811486
2970.0 109.921129219
2980.0 110.29145036
2990.0 110.661774955
3000.0 111.032103047
3010.0 111.402434682
3020.0 111.772769906
3030.0 112.143108762
3040.0 112.513451298
3050.0 112.883797559
3060.0 113.25414759
3070.0 113.624501438
3080.0 113.994859149
3090.0 114.36522077
3100.0 114.735586347
3110.0 115.105955927
3120.0 115.476329557
3130.0 115.846707285
3140.0 116.217089156
3150.0 116.587475219
3160.0 116.957865521
3170.0 117.328260109
3180.0 117.698659031
3190.0 118.069062334
3200.0 118.439470067
3210.0 118.809882277
3220.0 119.180299012
3230.0 119.55072032
3240.0 119.921146248
3250.0 120.291576845
3260.0 120.662012158
3270.0 121.032452235
3280.0 121.402897125
3290.0 121.773346875
3300.0 122.143801532
3310.0 122.514261145
3320.0 122.884725761
3330.0 123.255195429
3340.0 123.625670194
3350.0 123.996150106
3360.0 124.366635211
3370.0 124.737125556
3380.0 125.107621189
3390.0 125.478122157
3400.0 125.848628505
3410.0 126.219140282
3420.0 126.589657533
3430.0 126.960180304
3440.0 127.330708642
3450.0 127.701242592
3460.0 128.0717822
3470.0 128.442327512
3480.0 128.812878571
3490.0 129.183435424
3500.0 129.553998114
3510.0 129.924566686
3520.0 130.295141184
3530.0 130.665721651
3540.0 131.03630813
3550.0 131.406900665
3560.0 131.777499297
3570.0 132.148104069
3580.0 132.518715022
3590.0 132.889332199
3600.0 133.259955639
3610.0 133.630585383
3620.0 134.001221471
3630.0 134.371863943
3640.0 134.742512837
3650.0 135.113168192
3660.0 135.483830047
3670.0 135.854498438
3680.0 136.225173403
3690.0 136.595854978
3700.0 136.966543198
3710.0 137.3372381
3720.0 137.707939717
3730.0 138.078648085
3740.0 138.449363235
3750.0 138.820085202
3760.0 139.190814017
3770.0 139.561549712
3780.0 139.932292317
3790.0 140.303041863
3800.0 140.67379838
3810.0 141.044561895
3820.0 141.415332437
3830.0 141.786110033
3840.0 142.15689471
3850.0 142.527686494
3860.0 142.898485408
3870.0 143.269291479
3880.0 143.640104728
3890.0 144.010925178
3900.0 144.381752852
3910.0 144.752587769
3920.0 145.123429951
3930.0 145.494279416
3940.0 145.865136182
3950.0 146.236000267
3960.0 146.606871687
3970.0 146.977750458
3980.0 147.348636594
3990.0 147.71953011
4000.0 148.090431018
4010.0 148.461339329
4020.0 148.832255055
4030.0 149.203178206
4040.0 149.57410879
4050.0 149.945046816
4060.0 150.31599229
4070.0 150.686945218
4080.0 151.057905605
4090.0 151.428873455
4100.0 151.79984877
4110.0 152.170831553
4120.0 152.541821804
4130.0 152.912819523
4140.0 153.283824709
4150.0 153.654837358
4160.0 154.025857468
4170.0 154.396885034
4180.0 154.76792005
4190.0 155.138962508
4200.0 155.510012402
4210.0 155.881069722
4220.0 156.252134459
4230.0 156.6232066
4240.0 156.994286133
4250.0 157.365373045
4260.0 157.736467321
4270.0 158.107568946
4280.0 158.478677902
4290.0 158.849794171
4300.0 159.220917735
4310.0 159.592048572
4320.0 159.963186662
4330.0 160.334331981
4340.0 160.705484507
4350.0 161.076644213
4360.0 161.447811075
4370.0 161.818985064
4380.0 162.190166152
4390.0 162.56135431
4400.0 162.932549508
4410.0 163.303751712
4420.0 163.674960892
4430.0 164.046177011
4440.0 164.417400036
4450.0 164.78862993
4460.0 165.159866655
4470.0 165.531110173
4480.0 165.902360444
4490.0 166.273617427
4500.0 166.644881081
4510.0 167.016151362
4520.0 167.387428226
4530.0 167.758711628
4540.0 168.130001521
4550.0 168.501297859
4560.0 168.872600592
4570.0 169.243909671
4580.0 169.615225046
4590.0 169.986546665
4600.0 170.357874475
4610.0 170.729208422
4620.0 171.100548452
4630.0 171.471894509
4640.0 171.843246535
4650.0 172.214604475
4660.0 172.585968267
4670.0 172.957337854
4680.0 173.328713174
4690.0 173.700094165
4700.0 174.071480765
4710.0 174.442872911
4720.0 174.814270537
4730.0 175.18567358
4740.0 175.557081972
4750.0 175.928495646
4760.0 176.299914535
4770.0 176.67133857
4780.0 177.042767681
4790.0 177.414201798
4800.0 177.785640849
4810.0 178.157084763
4820.0 178.528533467
4830.0 178.899986888
4840.0 179.271444951
4850.0 179.642907581
4860.0 180.014374704
4870.0 180.385846242
4880.0 180.757322119
4890.0 181.128802246
4900.0 181.500286562
4910.0 181.871774979
4920.0 182.243267418
4930.0 182.614763798
4940.0 182.986264038
4950.0 183.357768058
4960.0 183.729275775
4970.0 184.100787108
4980.0 184.472301973
4990.0 184.843820287
5000.0 185.215341967
5010.0 185.586866928
5020.0 185.958395085
5030.0 186.329926354
5040.0 186.701460648
5050.0 187.072997883
5060.0 187.444537972
5070.0 187.816080828
5080.0 188.187626365
5090.0 188.559174495
5100.0 188.930725131
5110.0 189.302278187
5120.0 189.673833573
5130.0 190.045391201
5140.0 190.416950985
5150.0 190.788512834
5160.0 191.160076661
5170.0 191.531642378
5180.0 191.903209895
5190.0 192.274779123
5200.0 192.646349974
5210.0 193.017922359
5220.0 193.389496189
5230.0 193.761071376
5240.0 194.132647829
5250.0 194.504225461
5260.0 194.875804183
5270.0 195.247383906
5280.0 195.618964541
5290.0 195.990546
5300.0 196.362128195
5310.0 196.733711038
5320.0 197.105294441
5330.0 197.476878316
5340.0 197.848462575
5350.0 198.220047132
5360.0 198.591631899
5370.0 198.96321679
5380.0 199.334801718
5390.0 199.706386598
5400.0 200.077971343
5410.0 200.449555869
5420.0 200.82114009
5430.0 201.192723921
5440.0 201.56430728
5450.0 201.935890081
5460.0 202.307472242
5470.0 202.679053679
5480.0 203.050634312
5490.0 203.422214057
5500.0 203.793792834
5510.0 204.165370561
5520.0 204.53694716
5530.0 204.908522549
5540.0 205.28009665
5550.0 205.651669385
5560.0 206.023240676
5570.0 206.394810445
5580.0 206.766378617
5590.0 207.137945115
5600.0 207.509509864
5610.0 207.88107279
5620.0 208.252633818
5630.0 208.624192877
5640.0 208.995749893
5650.0 209.367304796
5660.0 209.738857513
5670.0 210.110407976
5680.0 210.481956115
5690.0 210.853501861
5700.0 211.225045147
5710.0 211.596585906
5720.0 211.968124073
5730.0 212.339659581
5740.0 212.711192367
5750.0 213.082722367
5760.0 213.454249519
5770.0 213.825773761
5780.0 214.197295032
5790.0 214.568813272
5800.0 214.940328423
5810.0 215.311840426
5820.0 215.683349223