0.0 0.0
120.0 4.51425815168
120.625 4.53673884656
121.25 4.55922829446
122.5 4.60423276004
123.75 4.64927021444
125.0 4.69433939211
126.25 4.73943909172
127.5 4.78456817235
128.75 4.82972554984
130.0 4.87491019345
131.25 4.92012112276
132.5 4.96535740469
133.75 5.01061815084
135.0 5.05590251488
136.25 5.10120969021
137.5 5.1465389077
138.75 5.19188943363
140.0 5.23726056772
141.25 5.28265164127
142.5 5.32806201552
143.75 5.37349107995
145.0 5.41893825084
146.25 5.46440296977
147.5 5.50988470239
148.75 5.55538293707
150.0 5.60089718377
151.25 5.64642697291
152.5 5.69197185435
153.75 5.73753139638
155.0 5.78310518479
156.25 5.82869282203
157.5 5.87429392636
158.75 5.91990813106
160.0 5.96553508372
161.25 6.01117444556
162.5 6.05682589073
165.0 6.14816378877
167.5 6.23954640757
170.0 6.33097154786
172.5 6.42243716599
175.0 6.51394136006
177.5 6.60548235749
180.0 6.6970585038
182.5 6.78866825257
185.0 6.88031015634
187.5 6.9719828584
190.0 7.06368508536
192.5 7.15541564049
195.0 7.24717339758
197.5 7.33895729543
200.0 7.43076633288
202.5 7.5225995642
205.0 7.61445609497
207.5 7.7063350783
210.0 7.79823571138
212.5 7.89015723231
215.0 7.98209891726
217.5 8.07406007782
220.0 8.16604005857
222.5 8.2580382349
225.0 8.35005401096
230.0 8.53413611169
235.0 8.71828210214
240.0 8.90248807916
245.0 9.08675045368
250.0 9.27106591538
255.0 9.45543140245
260.0 9.63984407555
265.0 9.82430129534
270.0 10.008800603
275.0 10.1933397033
280.0 10.3779164498
285.0 10.5625288317
290.0 10.7471749626
295.0 10.9318530705
300.0 11.1165614883
305.0 11.3012986465
310.0 11.4860630653
315.0 11.670853349
320.0 11.8556681792
330.0 12.2253665659
340.0 12.5951490501
350.0 12.9650074124
360.0 13.3349342763
370.0 13.7049230131
380.0 14.0749676598
390.0 14.4450628477
400.0 14.8152037403
410.0 15.1853859786
420.0 15.5556056323
430.0 15.925859157
440.0 16.2961433555
450.0 16.6664553434
460.0 17.036792518
470.0 17.4071525309
480.0 17.7775332626
490.0 18.1479328004
500.0 18.5183494174
510.0 18.8887815549
520.0 19.2592278056
530.0 19.6296868984
540.0 20.0001576855
550.0 20.3706391297
560.0 20.7411302939
570.0 21.1116303309
580.0 21.4821384747
590.0 21.8526540323
600.0 22.2231763766
610.0 22.59370494
620.0 22.964239208
630.0 23.3347787146
640.0 23.7053230371
650.0 24.0758717918
660.0 24.4464246304
670.0 24.8169812364
680.0 25.1875413218
690.0 25.5581046246
700.0 25.9286709061
710.0 26.2992399487
720.0 26.6698115537
730.0 27.0403855396
740.0 27.4109617404
750.0 27.7815400042
760.0 28.1521201916
770.0 28.5227021751
780.0 28.893285837
790.0 29.2638710695
800.0 29.6344577731
810.0 30.0050458562
820.0 30.3756352342
830.0 30.7462258287
840.0 31.1168175674
850.0 31.4874103831
860.0 31.8580042135
870.0 32.2285990007
880.0 32.5991946909
890.0 32.9697912338
900.0 33.3403885825
910.0 33.7109866932
920.0 34.081585525
930.0 34.4521850394
940.0 34.8227852004
950.0 35.1933859741
960.0 35.5639873287
970.0 35.934589234
980.0 36.3051916619
990.0 36.6757945855
1000.0 37.0463979794
1010.0 37.4170018198
1020.0 37.7876060839
1030.0 38.15821075
1040.0 38.5288157977
1050.0 38.8994212073
1060.0 39.2700269602
1070.0 39.6406330386
1080.0 40.0112394255
1090.0 40.3818461046
1100.0 40.7524530603
1110.0 41.1230602776
1120.0 41.4936677422
1130.0 41.8642754403
1140.0 42.2348833584
1150.0 42.6054914838
1160.0 42.9760998042
1170.0 43.3467083074
1180.0 43.717316982
1190.0 44.0879258167
1200.0 44.4585348006
1210.0 44.8291439232
1220.0 45.1997531742
1230.0 45.5703625435
1240.0 45.9409720214
1250.0 46.3115815984
1260.0 46.6821912653
1270.0 47.0528010128
1280.0 47.4234108321
1290.0 47.7940207144
1300.0 48.1646306512
1310.0 48.535240634
1320.0 48.9058506546
1330.0 49.2764607047
1340.0 49.6470707764
1350.0 50.0176808615
1360.0 50.3882909524
1370.0 50.7589010411
1380.0 51.1295111199
1390.0 51.5001211813
1400.0 51.8707312175
1410.0 52.2413412211
1420.0 52.6119511846
1430.0 52.9825611003
1440.0 53.353170961
1450.0 53.7237807591
1460.0 54.0943904872
1470.0 54.4650001378
1480.0 54.8356097036
1490.0 55.206219177
1500.0 55.5768285507
1510.0 55.9474378171
1520.0 56.3180469687
1530.0 56.6886559979
1540.0 57.0592648972
1550.0 57.429873659
1560.0 57.8004822755
1570.0 58.171090739
1580.0 58.5416990417
1590.0 58.9123071758
1600.0 59.2829151333
1610.0 59.6535229062
1620.0 60.0241304864
1630.0 60.3947378657
1640.0 60.7653450359
1650.0 61.1359519887
1660.0 61.5065587155
1670.0 61.8771652078
1680.0 62.247771457
1690.0 62.6183774543
1700.0 62.9889831908
1710.0 63.3595886574
1720.0 63.7301938451
1730.0 64.1007987447
1740.0 64.4714033466
1750.0 64.8420076414
1760.0 65.2126116195
1770.0 65.5832152709
1780.0 65.9538185858
1790.0 66.3244215541
1800.0 66.6950241655
1810.0 67.0656264095
1820.0 67.4362282757
1830.0 67.8068297532
1840.0 68.1774308311
1850.0 68.5480314984
1860.0 68.9186317437
1870.0 69.2892315556
1880.0 69.6598309225
1890.0 70.0304298325
1900.0 70.4010282736
1910.0 70.7716262337
1920.0 71.1422237002
1930.0 71.5128206606
1940.0 71.8834171021
1950.0 72.2540130116
1960.0 72.6246083758
1970.0 72.9952031813
1980.0 73.3657974144
1990.0 73.7363910612
2000.0 74.1069841075
2010.0 74.477576539
2020.0 74.8481683411
2030.0 75.2187594988
2040.0 75.5893499972
2050.0 75.9599398209
2060.0 76.3305289543
2070.0 76.7011173816
2080.0 77.0717050867
2090.0 77.4422920533
2100.0 77.8128782646
2110.0 78.183463704
2120.0 78.5540483542
2130.0 78.9246321978
2140.0 79.2952152172
2150.0 79.6657973943
2160.0 80.036378711
2170.0 80.4069591488
2180.0 80.7775386887
2190.0 81.1481173118
2200.0 81.5186949987
2210.0 81.8892717296
2220.0 82.2598474846
2230.0 82.6304222434
2240.0 83.0009959854
2250.0 83.3715686898
2260.0 83.7421403354
2270.0 84.1127109006
2280.0 84.4832803637
2290.0 84.8538487025
2300.0 85.2244158946
2310.0 85.5949819171
2320.0 85.9655467472
2330.0 86.3361103612
2340.0 86.7066727355
2350.0 87.0772338461
2360.0 87.4477936684
2370.0 87.8183521779
2380.0 88.1889093495
2390.0 88.5594651576
2400.0 88.9300195767
2410.0 89.3005725807
2420.0 89.6711241431
2430.0 90.0416742372
2440.0 90.4122228359
2450.0 90.7827699118
2460.0 91.153315437
2470.0 91.5238593835
2480.0 91.8944017228
2490.0 92.264942426
2500.0 92.635481464
2510.0 93.0060188072
2520.0 93.3765544258
2530.0 93.7470882895
2540.0 94.1176203678
2550.0 94.4881506298
2560.0 94.8586790441
2570.0 95.2292055791
2580.0 95.5997302028
2590.0 95.9702528829
2600.0 96.3407735868
2610.0 96.7112922813
2620.0 97.081808933
2630.0 97.4523235084
2640.0 97.8228359731
2650.0 98.1933462928
2660.0 98.5638544328
2670.0 98.9343603578
2680.0 99.3048640325
2690.0 99.6753654209
2700.0 100.045864487
2710.0 100.416361194
2720.0 100.786855505
2730.0 101.157347384
2740.0 101.527836792
2750.0 101.898323692
2760.0 102.268808045
2770.0 102.639289813
2780.0 103.009768958
2790.0 103.380245439
2800.0 103.750719219
2810.0 104.121190255
2820.0 104.49165851
2830.0 104.862123942
2840.0 105.23258651
2850.0 105.603046174
2860.0 105.973502893
2870.0 106.343956623
2880.0 106.714407325
2890.0 107.084854955
2900.0 107.455299471
2910.0 107.825740831
2920.0 108.19617899
2930.0 108.566613907
2940.0 108.937045537
2950.0 109.307473837
2960.0 109.677898763
2970.0 110.04832027
2980.0 110.418738314
2990.0 110.78915285
3000.0 111.159563833
3010.0 111.529971217
3020.0 111.900374959
3030.0 112.270775011
3040.0 112.641171328
3050.0 113.011563864
3060.0 113.381952573
3070.0 113.752337409
3080.0 114.122718324
3090.0 114.493095272
3100.0 114.863468207
3110.0 115.233837081
3120.0 115.604201847
3130.0 115.974562459
3140.0 116.344918867
3150.0 116.715271026
3160.0 117.085618887
3170.0 117.455962402
3180.0 117.826301525
3190.0 118.196636206
3200.0 118.566966399
3210.0 118.937292055
3220.0 119.307613126
3230.0 119.677929564
3240.0 120.048241321
3250.0 120.418548349
3260.0 120.788850599
3270.0 121.159148024
3280.0 121.529440576
3290.0 121.899728207
3300.0 122.270010868
3310.0 122.640288511
3320.0 123.010561089
3330.0 123.380828554
3340.0 123.751090858
3350.0 124.121347954
3360.0 124.491599793
3370.0 124.861846329
3380.0 125.232087515
3390.0 125.602323302
3400.0 125.972553645
3410.0 126.342778496
3420.0 126.712997809
3430.0 127.083211537
3440.0 127.453419635
3450.0 127.823622055
3460.0 128.193818753
3470.0 128.564009683
3480.0 128.9341948
3490.0 129.304374058
3500.0 129.674547414
3510.0 130.044714822
3520.0 130.414876238
3530.0 130.78503162
3540.0 131.155180923
3550.0 131.525324105
3560.0 131.895461122
3570.0 132.265591934
3580.0 132.635716496
3590.0 133.005834769
3600.0 133.375946712
3610.0 133.746052282
3620.0 134.116151442
3630.0 134.48624415
3640.0 134.856330367
3650.0 135.226410056
3660.0 135.596483177
3670.0 135.966549693
3680.0 136.336609567
3690.0 136.706662763
3700.0 137.076709243
3710.0 137.446748974
3720.0 137.81678192
3730.0 138.186808046
3740.0 138.556827319
3750.0 138.926839707
3760.0 139.296845177
3770.0 139.666843697
3780.0 140.036835235
3790.0 140.406819763
3800.0 140.77679725
3810.0 141.146767668
3820.0 141.516730988
3830.0 141.886687182
3840.0 142.256636225
3850.0 142.626578089
3860.0 142.996512751
3870.0 143.366440186
3880.0 143.73636037
3890.0 144.106273281
3900.0 144.476178896
3910.0 144.846077194
3920.0 145.215968157
3930.0 145.585851763
3940.0 145.955727995
3950.0 146.325596835
3960.0 146.695458267
3970.0 147.065312275
3980.0 147.435158843
3990.0 147.804997958
4000.0 148.174829608
4010.0 148.54465378
4020.0 148.914470463
4030.0 149.284279646
4040.0 149.654081322
4050.0 150.023875482
4060.0 150.393662118
4070.0 150.763441226
4080.0 151.133212799
4090.0 151.502976833
4100.0 151.872733327
4110.0 152.242482277
4120.0 152.612223683
4130.0 152.981957545
4140.0 153.351683864
4150.0 153.721402643
4160.0 154.091113885
4170.0 154.460817595
4180.0 154.830513777
4190.0 155.200202439
4200.0 155.569883589
4210.0 155.939557235
4220.0 156.309223387
4230.0 156.678882057
4240.0 157.048533256
4250.0 157.418176998
4260.0 157.787813298
4270.0 158.157442171
4280.0 158.527063634
4290.0 158.896677704
4300.0 159.266284401
4310.0 159.635883745
4320.0 160.005475758
4330.0 160.375060461
4340.0 160.744637878
4350.0 161.114208034
4360.0 161.483770955
4370.0 161.853326669
4380.0 162.222875202
4390.0 162.592416585
4400.0 162.961950847
4410.0 163.331478021
4420.0 163.70099814
4430.0 164.070511236
4440.0 164.440017346
4450.0 164.809516505
4460.0 165.179008751
4470.0 165.548494122
4480.0 165.917972657
4490.0 166.287444397
4500.0 166.656909384
4510.0 167.026367661
4520.0 167.395819272
4530.0 167.765264262
4540.0 168.134702676
4550.0 168.504134563
4560.0 168.87355997
4570.0 169.242978947
4580.0 169.612391543
4590.0 169.981797812
4600.0 170.351197805
4610.0 170.720591575
4620.0 171.089979177
4630.0 171.459360668
4640.0 171.828736102
4650.0 172.198105539
4660.0 172.567469036
4670.0 172.936826653
4680.0 173.306178451
4690.0 173.675524491
4700.0 174.044864835
4710.0 174.414199546
4720.0 174.783528689
4730.0 175.152852329
4740.0 175.522170532
4750.0 175.891483365
4760.0 176.260790895
4770.0 176.630093191
4780.0 176.999390322
4790.0 177.368682359
4800.0 177.737969372
4810.0 178.107251434
4820.0 178.476528616
4830.0 178.845800992
4840.0 179.215068635
4850.0 179.584331621
4860.0 179.953590025
4870.0 180.322843923
4880.0 180.692093392
4890.0 181.061338518
4900.0 181.430579365
4910.0 181.79981602
4920.0 182.169048561
4930.0 182.538277069
4940.0 182.907501625
4950.0 183.276722308
4960.0 183.645939202
4970.0 184.015152387
4980.0 184.384361947
4990.0 184.753567964
5000.0 185.122770522
5010.0 185.491969705
5020.0 185.861165598
5030.0 186.230358285
5040.0 186.599547851
5050.0 186.968734382
5060.0 187.337917964
5070.0 187.707098683
5080.0 188.076276626
5090.0 188.44545188
5100.0 188.814624531
5110.0 189.183794667
5120.0 189.552962375
5130.0 189.922127744
5140.0 190.29129086
5150.0 190.660451813
5160.0 191.029610691
5170.0 191.398767581
5180.0 191.767922572
5190.0 192.137075753
5200.0 192.506227213
5210.0 192.875377039
5220.0 193.24452532
5230.0 193.613672146
5240.0 193.982817604
5250.0 194.351961783
5260.0 194.721104772
5270.0 195.090246659
5280.0 195.459387532
5290.0 195.828527479
5300.0 196.197666588
5310.0 196.566804948
5320.0 196.935942645
5330.0 197.305079767
5340.0 197.674216401
5350.0 198.043352634
5360.0 198.412488553
5370.0 198.781624244
5380.0 199.150759793
5390.0 199.519895286
5400.0 199.889030808
5410.0 200.258166444
5420.0 200.627302279
5430.0 200.996438397
5440.0 201.365574881
5450.0 201.734711816
5460.0 202.103849284
5470.0 202.472987367
5480.0 202.842126148
5490.0 203.211265707
5500.0 203.580406126
5510.0 203.949547485
5520.0 204.318689864
5530.0 204.687833342
5540.0 205.056977998
5550.0 205.426123909
5560.0 205.795271154
5570.0 206.164419808
5580.0 206.533569949
5590.0 206.902721651
5600.0 207.271874989
5610.0 207.641030037
5620.0 208.010186868
5630.0 208.379345556
5640.0 208.748506172
5650.0 209.117668787
5660.0 209.486833472
5670.0 209.856000296
5680.0 210.225169328
5690.0 210.594340635
5700.0 210.963514286
5710.0 211.332690346
5720.0 211.701868882
5730.0 212.071049956
5740.0 212.440233635
5750.0 212.80941998
5760.0 213.178609053
5770.0 213.547800916
5780.0 213.916995629
5790.0 214.286193251
5800.0 214.655393842
5810.0 215.024597457
5820.0 215.393804155