0.0 0.0
120.0 4.50837579898
120.625 4.53082585661
121.25 4.55328466725
122.5 4.59822785832
123.75 4.64320403821
125.0 4.68821194137
126.25 4.73325036647
127.5 4.77831817259
128.75 4.82341427557
130.0 4.86853764467
131.25 4.91368729947
132.5 4.95886230689
133.75 5.00406177853
135.0 5.04928486806
136.25 5.09453076888
137.5 5.13979871187
138.75 5.18508796329
140.0 5.23039782286
141.25 5.27572762191
142.5 5.32107672164
143.75 5.36644451157
145.0 5.41183040794
146.25 5.45723385237
147.5 5.50265431048
148.75 5.54809127064
150.0 5.59354424283
151.25 5.63901275746
152.5 5.68449636439
153.75 5.72999463191
155.0 5.77550714581
156.25 5.82103350855
157.5 5.86657333836
158.75 5.91212626855
160.0 5.95769194671
161.25 6.00327003404
162.5 6.04886020469
165.0 6.14007555372
167.5 6.23133562349
170.0 6.32263821476
172.5 6.41398128388
175.0 6.50536292893
177.5 6.59678137734
180.0 6.68823497463
182.5 6.77972217438
185.0 6.87124152913
187.5 6.96279168216
190.0 7.05437136011
192.5 7.14597936622
195.0 7.23761457429
197.5 7.32927592312
200.0 7.42096241155
202.5 7.51267309385
205.0 7.6044070756
207.5 7.69616350991
210.0 7.78794159397
212.5 7.87974056588
215.0 7.97155970181
217.5 8.06339831335
220.0 8.15525574508
222.5 8.24713137239
225.0 8.33902459943
230.0 8.52286160212
235.0 8.70676249453
240.0 8.89072337351
245.0 9.07474064999
250.0 9.25881101365
255.0 9.44293140268
260.0 9.62709897774
265.0 9.8113110995
270.0 9.99556530913
275.0 10.1798593114
280.0 10.3641909598
285.0 10.5485582437
290.0 10.7329592766
295.0 10.9173922864
300.0 11.1018556062
305.0 11.2863476663
310.0 11.4708669871
315.0 11.6554121727
320.0 11.839981905
330.0 12.2091900955
340.0 12.5784823837
350.0 12.9478505499
360.0 13.3172872177
370.0 13.6867857585
380.0 14.056340209
390.0 14.4259452008
400.0 14.7955958974
410.0 15.1652879396
420.0 15.5350173972
430.0 15.9047807259
440.0 16.2745747283
450.0 16.6443965201
460.0 17.0142434986
470.0 17.3841133154
480.0 17.7540038511
490.0 18.1239131927
500.0 18.4938396137
510.0 18.8637815551
520.0 19.2337376097
530.0 19.6037065065
540.0 19.9736870975
550.0 20.3436783456
560.0 20.7136793137
570.0 21.0836891546
580.0 21.4537071023
590.0 21.8237324639
600.0 22.1937646121
610.0 22.5638029794
620.0 22.9338470514
630.0 23.3038963619
640.0 23.6739504883
650.0 24.0440090469
660.0 24.4140716895
670.0 24.7841380993
680.0 25.1542079887
690.0 25.5242810954
700.0 25.8943571809
710.0 26.2644360274
720.0 26.6345174363
730.0 27.0046012261
740.0 27.3746872308
750.0 27.7447752985
760.0 28.1148652899
770.0 28.4849570772
780.0 28.8550505431
790.0 29.2251455795
800.0 29.5952420871
810.0 29.9653399741
820.0 30.335439156
830.0 30.7055395544
840.0 31.075641097
850.0 31.4457437166
860.0 31.8158473509
870.0 32.1859519421
880.0 32.5560574362
890.0 32.926163783
900.0 33.2962709356
910.0 33.6663788503
920.0 34.036487486
930.0 34.4065968043
940.0 34.7767067692
950.0 35.1468173468
960.0 35.5169285053
970.0 35.8870402146
980.0 36.2571524464
990.0 36.6272651739
1000.0 36.9973783718
1010.0 37.3674920161
1020.0 37.7376060841
1030.0 38.1077205542
1040.0 38.4778354057
1050.0 38.8479506192
1060.0 39.2180661761
1070.0 39.5881820584
1080.0 39.9582982492
1090.0 40.3284147322
1100.0 40.6985314919
1110.0 41.0686485131
1120.0 41.4387657816
1130.0 41.8088832836
1140.0 42.1790010057
1150.0 42.549118935
1160.0 42.9192370593
1170.0 43.2893553664
1180.0 43.6594738449
1190.0 44.0295924836
1200.0 44.3997112714
1210.0 44.7698301979
1220.0 45.1399492528
1230.0 45.510068426
1240.0 45.8801877079
1250.0 46.2503070888
1260.0 46.6204265596
1270.0 46.990546111
1280.0 47.3606657342
1290.0 47.7307854205
1300.0 48.1009051612
1310.0 48.471024948
1320.0 48.8411447724
1330.0 49.2112646265
1340.0 49.581384502
1350.0 49.9515043911
1360.0 50.3216242859
1370.0 50.6917441785
1380.0 51.0618640613
1390.0 51.4319839266
1400.0 51.8021037667
1410.0 52.1722235743
1420.0 52.5423433416
1430.0 52.9124630613
1440.0 53.2825827259
1450.0 53.6527023279
1460.0 54.0228218599
1470.0 54.3929413145
1480.0 54.7630606842
1490.0 55.1331799616
1500.0 55.5032991391
1510.0 55.8734182094
1520.0 56.2435371649
1530.0 56.6136559981
1540.0 56.9837747013
1550.0 57.353893267
1560.0 57.7240116874
1570.0 58.0941299549
1580.0 58.4642480615
1590.0 58.8343659995
1600.0 59.2044837609
1610.0 59.5746013377
1620.0 59.9447187218
1630.0 60.3148359051
1640.0 60.6849528793
1650.0 61.0550696359
1660.0 61.4251861667
1670.0 61.7953024629
1680.0 62.165418516
1690.0 62.5355343172
1700.0 62.9056498576
1710.0 63.2757651282
1720.0 63.6458801199
1730.0 64.0159948233
1740.0 64.3861092291
1750.0 64.7562233279
1760.0 65.1263371099
1770.0 65.4964505652
1780.0 65.8665636841
1790.0 66.2366764563
1800.0 66.6067888716
1810.0 66.9769009196
1820.0 67.3470125896
1830.0 67.717123871
1840.0 68.0872347529
1850.0 68.4573452241
1860.0 68.8274552733
1870.0 69.1975648891
1880.0 69.5676740599
1890.0 69.9377827739
1900.0 70.307891019
1910.0 70.6779987829
1920.0 71.0481060534
1930.0 71.4182128177
1940.0 71.7883190631
1950.0 72.1584247765
1960.0 72.5285299446
1970.0 72.8986345541
1980.0 73.2687385911
1990.0 73.6388420418
2000.0 74.0089448921
2010.0 74.3790471275
2020.0 74.7491487335
2030.0 75.1192496952
2040.0 75.4893499975
2050.0 75.8594496251
2060.0 76.2295485624
2070.0 76.5996467937
2080.0 76.9697443027
2090.0 77.3398410731
2100.0 77.7099370884
2110.0 78.0800323317
2120.0 78.4501267858
2130.0 78.8202204334
2140.0 79.1903132567
2150.0 79.5604052378
2160.0 79.9304963584
2170.0 80.3005866001
2180.0 80.6706759439
2190.0 81.040764371
2200.0 81.4108518617
2210.0 81.7809383966
2220.0 82.1510239555
2230.0 82.5211085182
2240.0 82.8911920642
2250.0 83.2612745725
2260.0 83.631356022
2270.0 84.0014363912
2280.0 84.3715156582
2290.0 84.7415938009
2300.0 85.1116707969
2310.0 85.4817466234
2320.0 85.8518212573
2330.0 86.2218946753
2340.0 86.5919668535
2350.0 86.962037768
2360.0 87.3321073943
2370.0 87.7021757077
2380.0 88.0722426832
2390.0 88.4423082953
2400.0 88.8123725183
2410.0 89.1824353262
2420.0 89.5524966926
2430.0 89.9225565906
2440.0 90.2926149932
2450.0 90.662671873
2460.0 91.0327272022
2470.0 91.4027809526
2480.0 91.7728330958
2490.0 92.1428836029
2500.0 92.5129324448
2510.0 92.882979592
2520.0 93.2530250145
2530.0 93.6230686822
2540.0 93.9931105644
2550.0 94.3631506303
2560.0 94.7331888485
2570.0 95.1032251875
2580.0 95.4732596151
2590.0 95.8432920992
2600.0 96.213322607
2610.0 96.5833511054
2620.0 96.9533775611
2630.0 97.3234019403
2640.0 97.693424209
2650.0 98.0634443327
2660.0 98.4334622766
2670.0 98.8034780056
2680.0 99.1734914841
2690.0 99.5435026765
2700.0 99.9135115464
2710.0 100.283518057
2720.0 100.653522173
2730.0 101.023523855
2740.0 101.393523067
2750.0 101.763519771
2760.0 102.133513928
2770.0 102.5035055
2780.0 102.873494449
2790.0 103.243480734
2800.0 103.613464317
2810.0 103.983445158
2820.0 104.353423217
2830.0 104.723398453
2840.0 105.093370825
2850.0 105.463340293
2860.0 105.833306815
2870.0 106.20327035
2880.0 106.573230855
2890.0 106.943188289
2900.0 107.313142609
2910.0 107.683093773
2920.0 108.053041737
2930.0 108.422986457
2940.0 108.792927891
2950.0 109.162865995
2960.0 109.532800725
2970.0 109.902732036
2980.0 110.272659884
2990.0 110.642584223
3000.0 111.01250501
3010.0 111.382422199
3020.0 111.752335744
3030.0 112.1222456
3040.0 112.492151722
3050.0 112.862054062
3060.0 113.231952575
3070.0 113.601847214
3080.0 113.971737933
3090.0 114.341624686
3100.0 114.711507424
3110.0 115.081386102
3120.0 115.451260672
3130.0 115.821131088
3140.0 116.1909973
3150.0 116.560859263
3160.0 116.930716928
3170.0 117.300570247
3180.0 117.670419174
3190.0 118.040263659
3200.0 118.410103656
3210.0 118.779939116
3220.0 119.149769991
3230.0 119.519596232
3240.0 119.889417793
3250.0 120.259234625
3260.0 120.62904668
3270.0 120.998853909
3280.0 121.368656265
3290.0 121.738453699
3300.0 122.108246164
3310.0 122.478033611
3320.0 122.847815993
3330.0 123.217593262
3340.0 123.58736537
3350.0 123.95713227
3360.0 124.326893913
3370.0 124.696650253
3380.0 125.066401243
3390.0 125.436146834
3400.0 125.805886981
3410.0 126.175621636
3420.0 126.545350753
3430.0 126.915074285
3440.0 127.284792186
3450.0 127.654504411
3460.0 128.024210913
3470.0 128.393911647
3480.0 128.763606567
3490.0 129.13329563
3500.0 129.502978789
3510.0 129.872656001
3520.0 130.242327222
3530.0 130.611992408
3540.0 130.981651515
3550.0 131.3513045
3560.0 131.720951322
3570.0 132.090591937
3580.0 132.460226304
3590.0 132.829854381
3600.0 133.199476127
3610.0 133.569091502
3620.0 133.938700465
3630.0 134.308302977
3640.0 134.677898999
3650.0 135.047488491
3660.0 135.417071416
3670.0 135.786647736
3680.0 136.156217414
3690.0 136.525780414
3700.0 136.895336699
3710.0 137.264886233
3720.0 137.634428983
3730.0 138.003964913
3740.0 138.373493991
3750.0 138.743016182
3760.0 139.112531456
3770.0 139.48203978
3780.0 139.851541123
3790.0 140.221035454
3800.0 140.590522745
3810.0 140.960002967
3820.0 141.329476091
3830.0 141.698942089
3840.0 142.068400936
3850.0 142.437852605
3860.0 142.80729707
3870.0 143.176734309
3880.0 143.546164297
3890.0 143.915587012
3900.0 144.285002431
3910.0 144.654410534
3920.0 145.0238113
3930.0 145.39320471
3940.0 145.762590746
3950.0 146.13196939
3960.0 146.501340626
3970.0 146.870704438
3980.0 147.24006081
3990.0 147.60940973
4000.0 147.978751183
4010.0 148.348085159
4020.0 148.717411646
4030.0 149.086730634
4040.0 149.456042113
4050.0 149.825346077
4060.0 150.194642518
4070.0 150.563931429
4080.0 150.933212806
4090.0 151.302486645
4100.0 151.671752942
4110.0 152.041011696
4120.0 152.410262906
4130.0 152.779506572
4140.0 153.148742696
4150.0 153.517971279
4160.0 153.887192325
4170.0 154.256405838
4180.0 154.625611825
4190.0 154.994810291
4200.0 155.364001244
4210.0 155.733184694
4220.0 156.102360651
4230.0 156.471529124
4240.0 156.840690128
4250.0 157.209843674
4260.0 157.578989778
4270.0 157.948128455
4280.0 158.317259721
4290.0 158.686383596
4300.0 159.055500097
4310.0 159.424609245
4320.0 159.793711062
4330.0 160.162805569
4340.0 160.53189279
4350.0 160.90097275
4360.0 161.270045476
4370.0 161.639110993
4380.0 162.00816933
4390.0 162.377220517
4400.0 162.746264583
4410.0 163.115301562
4420.0 163.484331484
4430.0 163.853354385
4440.0 164.222370299
4450.0 164.591379262
4460.0 164.960381311
4470.0 165.329376486
4480.0 165.698364825
4490.0 166.06734637
4500.0 166.436321161
4510.0 166.805289242
4520.0 167.174250657
4530.0 167.543205451
4540.0 167.912153669
4550.0 168.28109536
4560.0 168.650030571
4570.0 169.018959352
4580.0 169.387881753
4590.0 169.756797825
4600.0 170.125707622
4610.0 170.494611196
4620.0 170.863508603
4630.0 171.232399897
4640.0 171.601285136
4650.0 171.970164377
4660.0 172.339037678
4670.0 172.707905099
4680.0 173.076766701
4690.0 173.445622545
4700.0 173.814472693
4710.0 174.183317208
4720.0 174.552156155
4730.0 174.9209896
4740.0 175.289817607
4750.0 175.658640243
4760.0 176.027457578
4770.0 176.396269678
4780.0 176.765076613
4790.0 177.133878454
4800.0 177.502675271
4810.0 177.871467136
4820.0 178.240254122
4830.0 178.609036302
4840.0 178.97781375
4850.0 179.34658654
4860.0 179.715354749
4870.0 180.084118451
4880.0 180.452877723
4890.0 180.821632654
4900.0 181.190383305
4910.0 181.559129763
4920.0 181.927872109
4930.0 182.296610421
4940.0 182.665344781
4950.0 183.034075268
4960.0 183.402801966
4970.0 183.771524955
4980.0 184.140244319
4990.0 184.50896014
5000.0 184.877672502
5010.0 185.24638149
5020.0 185.615087186
5030.0 185.983789677
5040.0 186.352489047
5050.0 186.721185383
5060.0 187.089878769
5070.0 187.458569292
5080.0 187.827257039
5090.0 188.195942097
5100.0 188.564624552
5110.0 188.933304492
5120.0 189.301982004
5130.0 189.670657177
5140.0 190.039330098
5150.0 190.408000855
5160.0 190.776669536
5170.0 191.145336231
5180.0 191.514001026
5190.0 191.882664011
5200.0 192.251325275
5210.0 192.619984905
5220.0 192.988642991
5230.0 193.35729962
5240.0 193.725954882
5250.0 194.094608866
5260.0 194.463261659
5270.0 194.83191335
5280.0 195.200564027
5290.0 195.569213778
5300.0 195.937862691
5310.0 196.306510855
5320.0 196.675158356
5330.0 197.043805282
5340.0 197.41245172
5350.0 197.781097757
5360.0 198.14974348
5370.0 198.518388975
5380.0 198.887034329
5390.0 199.255679625
5400.0 199.624324951
5410.0 199.992970392
5420.0 200.361616031
5430.0 200.730261953
5440.0 201.098908241
5450.0 201.46755498
5460.0 201.836202252
5470.0 202.204850139
5480.0 202.573498724
5490.0 202.942148088
5500.0 203.310798311
5510.0 203.679449474
5520.0 204.048101657
5530.0 204.416754939
5540.0 204.785409399
5550.0 205.154065115
5560.0 205.522722163
5570.0 205.891380622
5580.0 206.260040566
5590.0 206.628702072
5600.0 206.997365214
5610.0 207.366030066
5620.0 207.734696702
5630.0 208.103365194
5640.0 208.472035614
5650.0 208.840708033
5660.0 209.209382522
5670.0 209.57805915
5680.0 209.946737986
5690.0 210.315419098
5700.0 210.684102552
5710.0 211.052788417
5720.0 211.421476756
5730.0 211.790167635
5740.0 212.158861118
5750.0 212.527557266
5760.0 212.896256144
5770.0 213.264957811
5780.0 213.633662328
5790.0 214.002369755
5800.0 214.371080149
5810.0 214.739793569
5820.0 215.108510071