0.0 0.0
120.0 5.41633463176
121.25 5.4735661494
122.5 5.53076835244
123.75 5.58794197835
125.0 5.645087758
126.25 5.7022064149
127.5 5.75929866437
128.75 5.81636521286
130.0 5.87340675736
131.25 5.93042398484
132.5 5.98741757179
133.75 6.04438818381
135.0 6.10133647521
136.25 6.15826308876
137.5 6.21516865541
138.75 6.27205379407
140.0 6.32891911145
141.25 6.38576520193
142.5 6.44259264746
143.75 6.49940201748
145.0 6.55619386891
146.25 6.61296874614
147.5 6.66972718101
148.75 6.72646969289
150.0 6.78319678872
151.25 6.83990896311
152.5 6.89660669841
153.75 6.95329046481
155.0 7.00996072052
156.25 7.06661791186
157.5 7.1232624734
158.75 7.17989482819
160.0 7.23651538781
162.5 7.34972271212
165.0 7.46288751796
167.5 7.57601270633
170.0 7.68910101386
172.5 7.80215501934
175.0 7.91517715025
177.5 8.02816968947
180.0 8.14113478181
182.5 8.25407444058
185.0 8.36699055404
187.5 8.4798848917
190.0 8.59275911043
192.5 8.70561476052
195.0 8.81845329137
197.5 8.93127605712
200.0 9.04408432201
202.5 9.15687926555
205.0 9.26966198743
210.0 9.495194794
215.0 9.72069011705
220.0 9.94615433468
225.0 10.1715929486
230.0 10.3970106922
235.0 10.6224116276
240.0 10.847799231
245.0 11.0731764693
250.0 11.298545867
260.0 11.7492693741
270.0 12.1999831728
280.0 12.6506967025
290.0 13.1014164655
300.0 13.5521468142
310.0 14.0028905407
320.0 14.4536493159
330.0 14.9044240138
340.0 15.3552149497
350.0 15.8060220548
360.0 16.2568450017
370.0 16.7076832959
380.0 17.1585363402
390.0 17.6094034806
400.0 18.0602840381
410.0 18.5111773307
420.0 18.9620826879
430.0 19.4129994602
440.0 19.8639270248
450.0 20.3148647892
460.0 20.7658121923
470.0 21.216768705
480.0 21.6677338295
490.0 22.1187070984
500.0 22.5696880731
510.0 23.0206763427
520.0 23.4716715222
530.0 23.9226732508
540.0 24.3736811908
550.0 24.8246950254
560.0 25.2757144579
570.0 25.7267392102
580.0 26.1777690212
590.0 26.6288036461
600.0 27.0798428552
610.0 27.5308864326
620.0 27.9819341757
630.0 28.4329858941
640.0 28.8840414086
650.0 29.335100551
660.0 29.786163163
670.0 30.2372290956
680.0 30.6882982088
690.0 31.1393703706
700.0 31.5904454571
710.0 32.0415233514
720.0 32.4926039436
730.0 32.9436871304
740.0 33.3947728143
750.0 33.8458609038
760.0 34.2969513128
770.0 34.7480439604
780.0 35.1991387703
790.0 35.6502356712
800.0 36.1013345958
810.0 36.5524354812
820.0 37.0035382683
830.0 37.4546429019
840.0 37.90574933
850.0 38.3568575045
860.0 38.80796738
870.0 39.2590789147
880.0 39.7101920694
890.0 40.1613068079
900.0 40.6124230964
910.0 41.0635409042
920.0 41.5146602027
930.0 41.9657809658
940.0 42.4169031698
950.0 42.868026793
960.0 43.3191518162
970.0 43.7702782218
980.0 44.2214059948
990.0 44.6725351216
1000.0 45.1236655908
1010.0 45.5747973929
1020.0 46.0259305201
1030.0 46.4770649663
1040.0 46.9282007272
1050.0 47.3793378002
1060.0 47.8304761844
1070.0 48.2816158806
1080.0 48.7327568909
1090.0 49.1838992195
1100.0 49.6350428717
1110.0 50.0861878547
1120.0 50.5373341772
1130.0 50.9884818493
1140.0 51.4396308828
1150.0 51.8907812911
1160.0 52.341933089
1170.0 52.793086293
1180.0 53.2442409211
1190.0 53.6953969929
1200.0 54.1465545296
1210.0 54.597713554
1220.0 55.0488740905
1230.0 55.5000361651
1240.0 55.9511998056
1250.0 56.4023650414
1260.0 56.8535319036
1270.0 57.3047004252
1280.0 57.7558706407
1290.0 58.2070425867
1300.0 58.6582163014
1310.0 59.1093918251
1320.0 59.5605691999
1330.0 60.0117484698
1340.0 60.4629296811
1350.0 60.9141128818
1360.0 61.3652981222
1370.0 61.8164854548
1380.0 62.2676749342
1390.0 62.7188666173
1400.0 63.1700605635
1410.0 63.6212568343
1420.0 64.0724554938
1430.0 64.5236566086
1440.0 64.9748602479
1450.0 65.4260664837
1460.0 65.8772753903
1470.0 66.3284870453
1480.0 66.7797015289
1490.0 67.2309189242
1500.0 67.6821393175
1510.0 68.1333627981
1520.0 68.5845894587
1530.0 69.0358193951
1540.0 69.4870527065
1550.0 69.9382894956
1560.0 70.3895298687
1570.0 70.8407739358
1580.0 71.2920218106
1590.0 71.7432736107
1600.0 72.1945294576
1610.0 72.645789477
1620.0 73.0970537988
1630.0 73.5483225569
1640.0 73.9995958902
1650.0 74.4508739415
1660.0 74.9021568586
1670.0 75.3534447941
1680.0 75.8047379054
1690.0 76.2560363547
1700.0 76.7073403098
1710.0 77.1586499434
1720.0 77.6099654339
1730.0 78.0612869648
1740.0 78.5126147258
1750.0 78.963948912
1760.0 79.4152897248
1770.0 79.8666373714
1780.0 80.3179920653
1790.0 80.7693540266
1800.0 81.2207234817
1810.0 81.6721006637
1820.0 82.1234858127
1830.0 82.5748791755
1840.0 83.0262810064
1850.0 83.4776915667
1860.0 83.9291111254
1870.0 84.3805399588
1880.0 84.8319783512
1890.0 85.2834265948
1900.0 85.7348849899
1910.0 86.186353845
1920.0 86.637833477
1930.0 87.0893242115
1940.0 87.5408263828
1950.0 87.9923403341
1960.0 88.4438664177
1970.0 88.895404995
1980.0 89.3469564372
1990.0 89.7985211246
2000.0 90.2500994477
2010.0 90.7016918066
2020.0 91.1532986116
2030.0 91.6049202833
2040.0 92.0565572526
2050.0 92.5082099611
2060.0 92.959878861
2070.0 93.4115644155
2080.0 93.8632670989
2090.0 94.3149873966
2100.0 94.7667258055
2110.0 95.218482834
2120.0 95.6702590021
2130.0 96.1220548417
2140.0 96.5738708968
2150.0 97.0257077233
2160.0 97.4775658895
2170.0 97.9294459762
2180.0 98.3813485766
2190.0 98.8332742966
2200.0 99.285223755
2210.0 99.7371975834
2220.0 100.189196427
2230.0 100.641220942
2240.0 101.093271802
2250.0 101.54534969
2260.0 101.997455304
2270.0 102.449589356
2280.0 102.901752572
2290.0 103.353945689
2300.0 103.806169462
2310.0 104.258424656
2320.0 104.710712053
2330.0 105.163032447
2340.0 105.615386647
2350.0 106.067775475
2360.0 106.520199768
2370.0 106.972660378
2380.0 107.42515817
2390.0 107.877694024
2400.0 108.330268832
2410.0 108.782883502
2420.0 109.235538958
2430.0 109.688236133
2440.0 110.140975979
2450.0 110.59375946
2460.0 111.046587553
2470.0 111.499461251
2480.0 111.952381559
2490.0 112.405349496
2500.0 112.858366096
2510.0 113.311432405
2520.0 113.764549483
2530.0 114.217718403
2540.0 114.670940251
2550.0 115.124216126
2560.0 115.57754714
2570.0 116.030934416
2580.0 116.484379092
2590.0 116.937882316
2600.0 117.391445249
2610.0 117.845069062
2620.0 118.298754939
2630.0 118.752504075
2640.0 119.206317674
2650.0 119.660196954
2660.0 120.11414314
2670.0 120.568157467
2680.0 121.022241182
2690.0 121.476395538
2700.0 121.9306218
2710.0 122.384921239
2720.0 122.839295134
2730.0 123.293744774
2740.0 123.748271453
2750.0 124.202876471
2760.0 124.657561137
2770.0 125.112326764
2780.0 125.56717467
2790.0 126.022106179
2800.0 126.477122618
2810.0 126.932225319
2820.0 127.387415617
2830.0 127.842694849
2840.0 128.298064354
2850.0 128.753525474
2860.0 129.20907955
2870.0 129.664727924
2880.0 130.120471938
2890.0 130.576312933
2900.0 131.032252249
2910.0 131.488291222
2920.0 131.944431186
2930.0 132.400673473
2940.0 132.857019408
2950.0 133.313470313
2960.0 133.770027502
2970.0 134.226692287
2980.0 134.683465967
2990.0 135.140349838
3000.0 135.597345184
3010.0 136.054453283
3020.0 136.511675399
3030.0 136.969012788
3040.0 137.426466693
3050.0 137.884038346
3060.0 138.341728962
3070.0 138.799539747
3080.0 139.257471888
3090.0 139.715526559
3100.0 140.173704916
3110.0 140.632008098
3120.0 141.090437227
3130.0 141.548993404
3140.0 142.007677713
3150.0 142.466491215
3160.0 142.925434951
3170.0 143.384509941
3180.0 143.843717179
3190.0 144.303057638
3200.0 144.762532265
3210.0 145.222141982
3220.0 145.681887686
3230.0 146.141770246
3240.0 146.601790504
3250.0 147.061949272
3260.0 147.522247334
3270.0 147.982685446
3280.0 148.443264329
3290.0 148.903984676
3300.0 149.364847147
3310.0 149.825852369
3320.0 150.287000935
3330.0 150.748293404
3340.0 151.209730301
3350.0 151.671312114
3360.0 152.133039297
3370.0 152.594912264
3380.0 153.056931395
3390.0 153.519097029
3400.0 153.981409469
3410.0 154.443868976
3420.0 154.906475774
3430.0 155.369230046
3440.0 155.832131934
3450.0 156.295181538
3460.0 156.758378919
3470.0 157.221724093
3480.0 157.685217035
3490.0 158.148857679
3500.0 158.612645912
3510.0 159.07658158
3520.0 159.540664485
3530.0 160.004894385
3540.0 160.469270993
3550.0 160.933793979
3560.0 161.398462965
3570.0 161.863277532
3580.0 162.328237215
3590.0 162.7933415
3600.0 163.258589834
3610.0 163.723981615
3620.0 164.189516195
3630.0 164.655192883
3640.0 165.121010941
3650.0 165.586969588
3660.0 166.053067995
3670.0 166.519305291
3680.0 166.985680557
3690.0 167.452192833
3700.0 167.918841111
3710.0 168.385624341
3720.0 168.852541429
3730.0 169.319591238
3740.0 169.786772585
3750.0 170.254084247
3760.0 170.721524957
3770.0 171.189093408
3780.0 171.656788249
3790.0 172.12460809
3800.0 172.592551498
3810.0 173.060617003
3820.0 173.528803093
3830.0 173.99710822
3840.0 174.465530796
3850.0 174.934069195
3860.0 175.402721757
3870.0 175.871486783
3880.0 176.340362541
3890.0 176.809347264
3900.0 177.27843915