0.0 0.0
120.0 4.51081512295
120.625 4.53327788609
121.25 4.55574940226
122.5 4.60071800441
123.75 4.64571959541
125.0 4.69075290972
126.25 4.73581674602
127.5 4.78090996336
128.75 4.8260314776
130.0 4.871180258
131.25 4.91635532413
132.5 4.96155574293
133.75 5.00678062598
135.0 5.05202912696
136.25 5.09730043926
137.5 5.14259379377
138.75 5.18790845675
140.0 5.23324372793
141.25 5.27859893861
142.5 5.32397345003
143.75 5.36936665168
145.0 5.41477795981
146.25 5.46020681603
147.5 5.50565268598
148.75 5.55111505803
150.0 5.59659344214
151.25 5.64208736873
152.5 5.68759638766
153.75 5.73312006722
155.0 5.77865799321
156.25 5.82420976808
157.5 5.86977501006
158.75 5.91535335246
160.0 5.96094444288
161.25 6.0065479425
162.5 6.0521635255
165.0 6.14342969934
167.5 6.23474059411
170.0 6.32609401054
172.5 6.41748790501
175.0 6.50892037559
177.5 6.60038964972
180.0 6.69189407291
182.5 6.78343209876
185.0 6.87500227979
187.5 6.9666032593
190.0 7.05823376393
192.5 7.14989259691
195.0 7.24157863205
197.5 7.33329080816
200.0 7.42502812408
202.5 7.51678963407
205.0 7.60857444372
207.5 7.70038170615
210.0 7.79221061854
212.5 7.884060419
215.0 7.97593038371
217.5 8.06781982424
220.0 8.1597280852
222.5 8.25165454195
225.0 8.34359859868
230.0 8.52753726143
235.0 8.71153981487
240.0 8.89560235586
245.0 9.07972129535
250.0 9.26389332305
255.0 9.44811537717
260.0 9.6323846184
265.0 9.81669840742
270.0 10.0010542854
275.0 10.1854499573
280.0 10.3698832764
285.0 10.5543522322
290.0 10.7388549383
295.0 10.9233896225
300.0 11.107954618
305.0 11.2925483552
310.0 11.4771693543
315.0 11.6618162197
320.0 11.8464876331
330.0 12.2158991903
340.0 12.5853948512
350.0 12.9549663964
360.0 13.3246064498
370.0 13.694308383
380.0 14.0640662331
390.0 14.433874632
400.0 14.8037287435
410.0 15.1736242087
420.0 15.5435570979
430.0 15.913523867
440.0 16.283521319
450.0 16.6535465701
460.0 17.023597018
470.0 17.3936703146
480.0 17.763764341
490.0 18.1338771848
500.0 18.5040071197
510.0 18.8741525874
520.0 19.2443121811
530.0 19.6144846304
540.0 19.9846687879
550.0 20.354863617
560.0 20.7250681811
570.0 21.0952816337
580.0 21.4655032094
590.0 21.835732216
600.0 22.2059680269
610.0 22.5762100752
620.0 22.9464578472
630.0 23.3167108777
640.0 23.6869687446
650.0 24.0572310652
660.0 24.4274974919
670.0 24.797767709
680.0 25.1680414296
690.0 25.5383183926
700.0 25.9085983601
710.0 26.2788811155
720.0 26.6491664612
730.0 27.0194542168
740.0 27.3897442173
750.0 27.7600363118
760.0 28.1303303625
770.0 28.5006262425
780.0 28.8709238358
790.0 29.2412230358
800.0 29.6115237442
810.0 29.9818258708
820.0 30.3521293324
830.0 30.7224340521
840.0 31.0927399591
850.0 31.4630469878
860.0 31.8333550775
870.0 32.2036641719
880.0 32.5739742188
890.0 32.9442851698
900.0 33.3145969799
910.0 33.684909607
920.0 34.0552230122
930.0 34.425537159
940.0 34.7958520134
950.0 35.1661675438
960.0 35.5364837203
970.0 35.9068005152
980.0 36.2771179025
990.0 36.6474358578
1000.0 37.0177543583
1010.0 37.3880733825
1020.0 37.7583929102
1030.0 38.1287129226
1040.0 38.4990334019
1050.0 38.8693543313
1060.0 39.2396756952
1070.0 39.6099974787
1080.0 39.980319668
1090.0 40.35064225
1100.0 40.7209652123
1110.0 41.0912885434
1120.0 41.4616122324
1130.0 41.831936269
1140.0 42.2022606437
1150.0 42.5725853473
1160.0 42.9429103714
1170.0 43.3132357079
1180.0 43.6835613496
1190.0 44.0538872893
1200.0 44.4242135205
1210.0 44.7945400371
1220.0 45.1648668335
1230.0 45.5351939043
1240.0 45.9055212447
1250.0 46.2758488501
1260.0 46.6461767163
1270.0 47.0165048394
1280.0 47.3868332161
1290.0 47.757161843
1300.0 48.1274907173
1310.0 48.4978198364
1320.0 48.8681491979
1330.0 49.2384787999
1340.0 49.6088086406
1350.0 49.9791387185
1360.0 50.3494690324
1370.0 50.7197995813
1380.0 51.0901303644
1390.0 51.4604613814
1400.0 51.8307926319
1410.0 52.2011241158
1420.0 52.5714558335
1430.0 52.9417877854
1440.0 53.312119972
1450.0 53.6824523943
1460.0 54.0527850534
1470.0 54.4231179505
1480.0 54.7934510872
1490.0 55.1637844652
1500.0 55.5341180863
1510.0 55.9044519528
1520.0 56.2747860669
1530.0 56.6451204312
1540.0 57.0154550484
1550.0 57.3857899215
1560.0 57.7561250535
1570.0 58.1264604478
1580.0 58.4967961079
1590.0 58.8671320376
1600.0 59.2374682407
1610.0 59.6078047214
1620.0 59.9781414839
1630.0 60.3484785329
1640.0 60.718815873
1650.0 61.0891535091
1660.0 61.4594914464
1670.0 61.8298296901
1680.0 62.2001682458
1690.0 62.5705071191
1700.0 62.940846316
1710.0 63.3111858426
1720.0 63.6815257053
1730.0 64.0518659105
1740.0 64.422206465
1750.0 64.7925473758
1760.0 65.16288865
1770.0 65.533230295
1780.0 65.9035723183
1790.0 66.2739147278
1800.0 66.6442575316
1810.0 67.0146007377
1820.0 67.3849443547
1830.0 67.7552883913
1840.0 68.1256328564
1850.0 68.4959777591
1860.0 68.8663231088
1870.0 69.236668915
1880.0 69.6070151876
1890.0 69.9773619366
1900.0 70.3477091724
1910.0 70.7180569055
1920.0 71.0884051467
1930.0 71.4587539069
1940.0 71.8291031975
1950.0 72.1994530299
1960.0 72.569803416
1970.0 72.9401543678
1980.0 73.3105058975
1990.0 73.6808580176
2000.0 74.0512107411
2010.0 74.4215640809
2020.0 74.7919180503
2030.0 75.162272663
2040.0 75.5326279328
2050.0 75.9029838739
2060.0 76.2733405006
2070.0 76.6436978276
2080.0 77.01405587
2090.0 77.384414643
2100.0 77.7547741621
2110.0 78.1251344432
2120.0 78.4954955023
2130.0 78.8658573559
2140.0 79.2362200206
2150.0 79.6065835135
2160.0 79.976947852
2170.0 80.3473130535
2180.0 80.717679136
2190.0 81.0880461177
2200.0 81.4584140171
2210.0 81.8287828532
2220.0 82.1991526449
2230.0 82.5695234119
2240.0 82.9398951739
2250.0 83.3102679509
2260.0 83.6806417635
2270.0 84.0510166323
2280.0 84.4213925786
2290.0 84.7917696236
2300.0 85.1621477891
2310.0 85.5325270972
2320.0 85.9029075703
2330.0 86.2732892312
2340.0 86.6436721029
2350.0 87.0140562088
2360.0 87.3844415728
2370.0 87.7548282189
2380.0 88.1252161717
2390.0 88.4956054558
2400.0 88.8659960965
2410.0 89.2363881192
2420.0 89.6067815498
2430.0 89.9771764145
2440.0 90.3475727398
2450.0 90.7179705527
2460.0 91.0883698804
2470.0 91.4587707505
2480.0 91.8291731911
2490.0 92.1995772303
2500.0 92.569982897
2510.0 92.9403902202
2520.0 93.3107992292
2530.0 93.6812099538
2540.0 94.0516224242
2550.0 94.4220366708
2560.0 94.7924527245
2570.0 95.1628706164
2580.0 95.5332903782
2590.0 95.9037120417
2600.0 96.2741356393
2610.0 96.6445612034
2620.0 97.0149887672
2630.0 97.385418364
2640.0 97.7558500275
2650.0 98.1262837917
2660.0 98.496719691
2670.0 98.8671577603
2680.0 99.2375980345
2690.0 99.6080405492
2700.0 99.9784853402
2710.0 100.348932444
2720.0 100.719381896
2730.0 101.089833734
2740.0 101.460287995
2750.0 101.830744716
2760.0 102.201203936
2770.0 102.571665692
2780.0 102.942130024
2790.0 103.312596969
2800.0 103.683066567
2810.0 104.053538857
2820.0 104.42401388
2830.0 104.794491675
2840.0 105.164972283
2850.0 105.535455744
2860.0 105.9059421
2870.0 106.276431391
2880.0 106.64692366
2890.0 107.017418949
2900.0 107.387917299
2910.0 107.758418753
2920.0 108.128923354
2930.0 108.499431144
2940.0 108.869942168
2950.0 109.240456468
2960.0 109.610974088
2970.0 109.981495073
2980.0 110.352019467
2990.0 110.722547313
3000.0 111.093078658
3010.0 111.463613545
3020.0 111.834152021
3030.0 112.204694129
3040.0 112.575239917
3050.0 112.94578943
3060.0 113.316342713
3070.0 113.686899813
3080.0 114.057460776
3090.0 114.428025649
3100.0 114.798594478
3110.0 115.169167311
3120.0 115.539744193
3130.0 115.910325172
3140.0 116.280910296
3150.0 116.651499611
3160.0 117.022093164
3170.0 117.392691005
3180.0 117.763293179
3190.0 118.133899734
3200.0 118.504510719
3210.0 118.875126181
3220.0 119.245746168
3230.0 119.616370728
3240.0 119.986999908
3250.0 120.357633757
3260.0 120.728272322
3270.0 121.098915652
3280.0 121.469563793
3290.0 121.840216795
3300.0 122.210874705
3310.0 122.58153757
3320.0 122.952205438
3330.0 123.322878358
3340.0 123.693556375
3350.0 124.064239539
3360.0 124.434927896
3370.0 124.805621494
3380.0 125.176320378
3390.0 125.547024598
3400.0 125.917734199
3410.0 126.288449227
3420.0 126.65916973
3430.0 127.029895754
3440.0 127.400627344
3450.0 127.771364546
3460.0 128.142107406
3470.0 128.51285597
3480.0 128.883610281
3490.0 129.254370386
3500.0 129.625136329
3510.0 129.995908153
3520.0 130.366685903
3530.0 130.737469622
3540.0 131.108259353
3550.0 131.479055139
3560.0 131.849857024
3570.0 132.220665048
3580.0 132.591479253
3590.0 132.962299682
3600.0 133.333126374
3610.0 133.70395937
3620.0 134.07479871
3630.0 134.445644434
3640.0 134.81649658
3650.0 135.187355188
3660.0 135.558220295
3670.0 135.929091938
3680.0 136.299970155
3690.0 136.670854982
3700.0 137.041746454
3710.0 137.412644608
3720.0 137.783549478
3730.0 138.154461097
3740.0 138.5253795
3750.0 138.896304719
3760.0 139.267236786
3770.0 139.638175733
3780.0 140.00912159
3790.0 140.380074388
3800.0 140.751034157
3810.0 141.122000924
3820.0 141.492974718
3830.0 141.863955567
3840.0 142.234943496
3850.0 142.605938531
3860.0 142.976940698
3870.0 143.347950021
3880.0 143.718966522
3890.0 144.089990224
3900.0 144.46102115
3910.0 144.83205932
3920.0 145.203104753
3930.0 145.57415747
3940.0 145.945217488
3950.0 146.316284825
3960.0 146.687359498
3970.0 147.058441521
3980.0 147.429530909
3990.0 147.800627677
4000.0 148.171731837
4010.0 148.542843401
4020.0 148.913962379
4030.0 149.285088782
4040.0 149.656222618
4050.0 150.027363896
4060.0 150.398512622
4070.0 150.769668802
4080.0 151.140832441
4090.0 151.512003543
4100.0 151.883182111
4110.0 152.254368146
4120.0 152.625561649
4130.0 152.996762621
4140.0 153.367971058
4150.0 153.73918696
4160.0 154.110410322
4170.0 154.481641139
4180.0 154.852879407
4190.0 155.224125118
4200.0 155.595378264
4210.0 155.966638837
4220.0 156.337906825
4230.0 156.709182218
4240.0 157.080465003
4250.0 157.451755168
4260.0 157.823052696
4270.0 158.194357573
4280.0 158.565669781
4290.0 158.936989302
4300.0 159.308316118
4310.0 159.679650208
4320.0 160.05099155
4330.0 160.422340121
4340.0 160.793695899
4350.0 161.165058857
4360.0 161.536428971
4370.0 161.907806212
4380.0 162.279190553
4390.0 162.650581963
4400.0 163.021980413
4410.0 163.39338587
4420.0 163.764798301
4430.0 164.136217673
4440.0 164.50764395
4450.0 164.879077096
4460.0 165.250517073
4470.0 165.621963843
4480.0 165.993417366
4490.0 166.364877602
4500.0 166.736344508
4510.0 167.107818041
4520.0 167.479298157
4530.0 167.850784811
4540.0 168.222277956
4550.0 168.593777546
4560.0 168.965283531
4570.0 169.336795863
4580.0 169.70831449
4590.0 170.079839361
4600.0 170.451370423
4610.0 170.822907622
4620.0 171.194450904
4630.0 171.566000213
4640.0 171.937555492
4650.0 172.309116684
4660.0 172.680683729
4670.0 173.052256567
4680.0 173.423835139
4690.0 173.795419383
4700.0 174.167009235
4710.0 174.538604633
4720.0 174.910205512
4730.0 175.281811806
4740.0 175.65342345
4750.0 176.025040377
4760.0 176.396662518
4770.0 176.768289805
4780.0 177.139922168
4790.0 177.511559537
4800.0 177.883201841
4810.0 178.254849007
4820.0 178.626500964
4830.0 178.998157636
4840.0 179.369818952
4850.0 179.741484834
4860.0 180.113155209
4870.0 180.484829999
4880.0 180.856509128
4890.0 181.228192508
4900.0 181.599880076
4910.0 181.971571745
4920.0 182.343267436
4930.0 182.714967068
4940.0 183.08667056
4950.0 183.458377832
4960.0 183.830088802
4970.0 184.201803387
4980.0 184.573521504
4990.0 184.945243071
5000.0 185.316968002
5010.0 185.688696215
5020.0 186.060427625
5030.0 186.432162146
5040.0 186.803899693
5050.0 187.17564018
5060.0 187.54738352
5070.0 187.919129629
5080.0 188.290878418
5090.0 188.6626298
5100.0 189.034383689
5110.0 189.406139996
5120.0 189.777898635
5130.0 190.149659515
5140.0 190.521422551
5150.0 190.893187653
5160.0 191.264954732
5170.0 191.636723701
5180.0 192.00849447
5190.0 192.38026695
5200.0 192.752041054
5210.0 193.123816691
5220.0 193.495593773
5230.0 193.867372212
5240.0 194.239151918
5250.0 194.610932802
5260.0 194.982714776
5270.0 195.354497751
5280.0 195.726281638
5290.0 196.09806635
5300.0 196.469851797
5310.0 196.841637892
5320.0 197.213424547
5330.0 197.585211674
5340.0 197.956999185
5350.0 198.328786994
5360.0 198.700575014
5370.0 199.072363157
5380.0 199.444151337
5390.0 199.815939469
5400.0 200.187727467
5410.0 200.559515244
5420.0 200.931302718
5430.0 201.303089801
5440.0 201.674876412
5450.0 202.046662465
5460.0 202.418447878
5470.0 202.790232568
5480.0 203.162016453
5490.0 203.53379945
5500.0 203.905581479
5510.0 204.277362459
5520.0 204.64914231
5530.0 205.020920951
5540.0 205.392698305
5550.0 205.764474292
5560.0 206.136248835
5570.0 206.508021856
5580.0 206.87979328
5590.0 207.25156303
5600.0 207.623331031
5610.0 207.995097209
5620.0 208.36686149
5630.0 208.738623801
5640.0 209.11038407
5650.0 209.482142224
5660.0 209.853898194
5670.0 210.225651909
5680.0 210.5974033
5690.0 210.969152298
5700.0 211.340898837
5710.0 211.712642848
5720.0 212.084384267
5730.0 212.456123027
5740.0 212.827859066
5750.0 213.199592318
5760.0 213.571322722
5770.0 213.943050216
5780.0 214.314774739
5790.0 214.686496232
5800.0 215.058214634
5810.0 215.429929889
5820.0 215.801641939