0.0 0.0
120.0 4.51616991663
120.625 4.53866056862
121.25 4.56115997363
122.5 4.60618435342
123.75 4.65124172203
125.0 4.69633081392
126.25 4.74145042775
127.5 4.78659942259
128.75 4.8317767143
130.0 4.87698127213
131.25 4.92221211565
132.5 4.9674683118
133.75 5.01274897216
135.0 5.05805325042
136.25 5.10338033996
137.5 5.14872947167
138.75 5.19409991182
140.0 5.23949096011
141.25 5.28490194789
142.5 5.33033223635
143.75 5.375781215
145.0 5.4212483001
146.25 5.46673293325
147.5 5.51223458008
148.75 5.55775272898
150.0 5.60328688989
151.25 5.64883659325
152.5 5.6944013889
153.75 5.73998084515
155.0 5.78557454777
156.25 5.83118209923
157.5 5.87680311777
158.75 5.92243723669
160.0 5.96808410357
161.25 6.01374337962
162.5 6.059414739
165.0 6.15079246548
167.5 6.24221491271
170.0 6.33367988143
172.5 6.42518532799
175.0 6.5167293505
177.5 6.60831017636
180.0 6.6999261511
182.5 6.7915757283
185.0 6.8832574605
187.5 6.97496999099
190.0 7.06671204639
192.5 7.15848242995
195.0 7.25028001546
197.5 7.34210374175
200.0 7.43395260763
202.5 7.52582566738
205.0 7.61772202658
207.5 7.70964083834
210.0 7.80158129985
212.5 7.89354264921
215.0 7.9855241626
217.5 8.07752515159
220.0 8.16954496077
222.5 8.26158296553
225.0 8.35363857002
230.0 8.53780032761
235.0 8.72202597492
240.0 8.90631160881
245.0 9.09065364019
250.0 9.27504875875
255.0 9.45949390268
260.0 9.64398623265
265.0 9.8285231093
270.0 10.0131020738
275.0 10.197720831
280.0 10.3823772343
285.0 10.5670692731
290.0 10.7517950609
295.0 10.9365528256
300.0 11.1213409003
305.0 11.3061577153
310.0 11.4910017911
315.0 11.6758717315
320.0 11.8607662187
330.0 12.230623919
340.0 12.600565717
350.0 12.970583393
360.0 13.3406695707
370.0 13.7108176212
380.0 14.0810215816
390.0 14.4512760832
400.0 14.8215762895
410.0 15.1919178415
420.0 15.562296809
430.0 15.9327096475
440.0 16.3031531597
450.0 16.6736244613
460.0 17.0441209496
470.0 17.4146402762
480.0 17.7851803217
490.0 18.1557391731
500.0 18.5263151039
510.0 18.8969065551
520.0 19.2675121195
530.0 19.6381305261
540.0 20.0087606269
550.0 20.3794013848
560.0 20.7500518627
570.0 21.1207112135
580.0 21.491378671
590.0 21.8620535423
600.0 22.2327352004
610.0 22.6034230774
620.0 22.9741166592
630.0 23.3448154796
640.0 23.7155191157
650.0 24.0862271842
660.0 24.4569393365
670.0 24.8276552562
680.0 25.1983746553
690.0 25.5690972719
700.0 25.9398228671
710.0 26.3105512235
720.0 26.6812821421
730.0 27.0520154417
740.0 27.4227509563
750.0 27.7934885338
760.0 28.164228035
770.0 28.5349693321
780.0 28.9057123078
790.0 29.276456854
800.0 29.6472028714
810.0 30.0179502682
820.0 30.3886989599
830.0 30.7594488681
840.0 31.1301999205
850.0 31.5009520499
860.0 31.8717051941
870.0 32.242459295
880.0 32.6132142989
890.0 32.9839701555
900.0 33.354726818
910.0 33.7254842424
920.0 34.0962423879
930.0 34.4670012161
940.0 34.8377606908
950.0 35.2085207782
960.0 35.5792814465
970.0 35.9500426656
980.0 36.3208044072
990.0 36.6915666445
1000.0 37.0623293522
1010.0 37.4330925063
1020.0 37.8038560841
1030.0 38.174620064
1040.0 38.5453844253
1050.0 38.9161491486
1060.0 39.2869142153
1070.0 39.6576796074
1080.0 40.028445308
1090.0 40.3992113009
1100.0 40.7699775703
1110.0 41.1407441014
1120.0 41.5115108797
1130.0 41.8822778914
1140.0 42.2530451233
1150.0 42.6238125625
1160.0 42.9945801965
1170.0 43.3653480135
1180.0 43.7361160018
1190.0 44.1068841502
1200.0 44.4776524479
1210.0 44.8484208842
1220.0 45.2191894489
1230.0 45.5899581319
1240.0 45.9607269236
1250.0 46.3314958143
1260.0 46.7022647949
1270.0 47.0730338561
1280.0 47.4438029891
1290.0 47.8145721852
1300.0 48.1853414357
1310.0 48.5561107323
1320.0 48.9268800666
1330.0 49.2976494304
1340.0 49.6684188158
1350.0 50.0391882147
1360.0 50.4099576192
1370.0 50.7807270216
1380.0 51.1514964142
1390.0 51.5222657893
1400.0 51.8930351393
1410.0 52.2638044566
1420.0 52.6345737338
1430.0 53.0053429633
1440.0 53.3761121377
1450.0 53.7468812495
1460.0 54.1176502913
1470.0 54.4884192557
1480.0 54.8591881352
1490.0 55.2299569223
1500.0 55.6007256097
1510.0 55.9714941898
1520.0 56.3422626551
1530.0 56.7130309981
1540.0 57.0837992112
1550.0 57.4545672866
1560.0 57.8253352168
1570.0 58.1961029941
1580.0 58.5668706105
1590.0 58.9376380583
1600.0 59.3084053295
1610.0 59.6791724161
1620.0 60.0499393101
1630.0 60.4207060031
1640.0 60.7914724871
1650.0 61.1622387536
1660.0 61.5330047941
1670.0 61.9037706002
1680.0 62.2745361631
1690.0 62.6453014741
1700.0 63.0160665243
1710.0 63.3868313047
1720.0 63.7575958061
1730.0 64.1283600194
1740.0 64.499123935
1750.0 64.8698875436
1760.0 65.2406508353
1770.0 65.6114138005
1780.0 65.9821764292
1790.0 66.3529387112
1800.0 66.7237006363
1810.0 67.0944621941
1820.0 67.4652233739
1830.0 67.8359841652
1840.0 68.2067445568
1850.0 68.5775045378
1860.0 68.9482640968
1870.0 69.3190232225
1880.0 69.6897819031
1890.0 70.0605401268
1900.0 70.4312978817
1910.0 70.8020551555
1920.0 71.1728119358
1930.0 71.5435682099
1940.0 71.9143239651
1950.0 72.2850791883
1960.0 72.6558338662
1970.0 73.0265879854
1980.0 73.3973415323
1990.0 73.7680944928
2000.0 74.1388468528
2010.0 74.5095985981
2020.0 74.8803497139
2030.0 75.2511001854
2040.0 75.6218499975
2050.0 75.9925991349
2060.0 76.363347582
2070.0 76.7340953231
2080.0 77.1048423419
2090.0 77.4755886221
2100.0 77.8463341473
2110.0 78.2170789003
2120.0 78.5878228643
2130.0 78.9585660216
2140.0 79.3293083547
2150.0 79.7000498456
2160.0 80.070790476
2170.0 80.4415302275
2180.0 80.8122690812
2190.0 81.183007018
2200.0 81.5537440186
2210.0 81.9244800632
2220.0 82.295215132
2230.0 82.6659492045
2240.0 83.0366822603
2250.0 83.4074142784
2260.0 83.7781452377
2270.0 84.1488751166
2280.0 84.5196038934
2290.0 84.890331546
2300.0 85.2610580518
2310.0 85.6317833881
2320.0 86.0025075318
2330.0 86.3732304596
2340.0 86.7439521477
2350.0 87.1146725719
2360.0 87.485391708
2370.0 87.8561095313
2380.0 88.2268260165
2390.0 88.5975411384
2400.0 88.9682548713
2410.0 89.338967189
2420.0 89.7096780651
2430.0 90.0803874729
2440.0 90.4510953854
2450.0 90.821801775
2460.0 91.1925066139
2470.0 91.5632098742
2480.0 91.9339115272
2490.0 92.3046115441
2500.0 92.6753098958
2510.0 93.0460065528
2520.0 93.4167014851
2530.0 93.7873946626
2540.0 94.1580860546
2550.0 94.5287756303
2560.0 94.8994633583
2570.0 95.2701492071
2580.0 95.6408331445
2590.0 96.0115151384
2600.0 96.382195156
2610.0 96.7528731642
2620.0 97.1235491297
2630.0 97.4942230188
2640.0 97.8648947973
2650.0 98.2355644307
2660.0 98.6062318844
2670.0 98.9768971232
2680.0 99.3475601116
2690.0 99.7182208137
2700.0 100.088879193
2710.0 100.459535214
2720.0 100.830188839
2730.0 101.200840032
2740.0 101.571488753
2750.0 101.942134967
2760.0 102.312778634
2770.0 102.683419716
2780.0 103.054058174
2790.0 103.42469397
2800.0 103.795327063
2810.0 104.165957413
2820.0 104.536584982
2830.0 104.907209727
2840.0 105.277831609
2850.0 105.648450587
2860.0 106.019066619
2870.0 106.389679664
2880.0 106.760289679
2890.0 107.130896623
2900.0 107.501500453
2910.0 107.872101126
2920.0 108.242698599
2930.0 108.61329283
2940.0 108.983883774
2950.0 109.354471388
2960.0 109.725055627
2970.0 110.095636448
2980.0 110.466213805
2990.0 110.836787655
3000.0 111.207357951
3010.0 111.57792465
3020.0 111.948487705
3030.0 112.319047071
3040.0 112.689602702
3050.0 113.060154552
3060.0 113.430702575
3070.0 113.801246724
3080.0 114.171786953
3090.0 114.542323215
3100.0 114.912855463
3110.0 115.283383651
3120.0 115.653907731
3130.0 116.024427656
3140.0 116.394943379
3150.0 116.765454851
3160.0 117.135962026
3170.0 117.506464855
3180.0 117.876963291
3190.0 118.247457287
3200.0 118.617946793
3210.0 118.988431763
3220.0 119.358912147
3230.0 119.729387899
3240.0 120.09985897
3250.0 120.470325311
3260.0 120.840786876
3270.0 121.211243615
3280.0 121.58169548
3290.0 121.952142424
3300.0 122.322584399
3310.0 122.693021356
3320.0 123.063453248
3330.0 123.433880027
3340.0 123.804301645
3350.0 124.174718054
3360.0 124.545129207
3370.0 124.915535057
3380.0 125.285935556
3390.0 125.656330658
3400.0 126.026720314
3410.0 126.397104479
3420.0 126.767483106
3430.0 127.137856148
3440.0 127.508223559
3450.0 127.878585293
3460.0 128.248941305
3470.0 128.619291549
3480.0 128.989635979
3490.0 129.359974551
3500.0 129.73030722
3510.0 130.100633942
3520.0 130.470954673
3530.0 130.841269368
3540.0 131.211577985
3550.0 131.581880481
3560.0 131.952176812
3570.0 132.322466937
3580.0 132.692750813
3590.0 133.0630284
3600.0 133.433299656
3610.0 133.803564541
3620.0 134.173823014
3630.0 134.544075036
3640.0 134.914320567
3650.0 135.284559569
3660.0 135.654792004
3670.0 136.025017834
3680.0 136.395237022
3690.0 136.765449531
3700.0 137.135655326
3710.0 137.50585437
3720.0 137.87604663
3730.0 138.24623207
3740.0 138.616410657
3750.0 138.986582359
3760.0 139.356747142
3770.0 139.726904976
3780.0 140.097055828
3790.0 140.46719967
3800.0 140.837336471
3810.0 141.207466202
3820.0 141.577588836
3830.0 141.947704344
3840.0 142.3178127
3850.0 142.687913879
3860.0 143.058007855
3870.0 143.428094603
3880.0 143.798174101
3890.0 144.168246325
3900.0 144.538311254
3910.0 144.908368867
3920.0 145.278419143
3930.0 145.648462063
3940.0 146.018497609
3950.0 146.388525763
3960.0 146.758546509
3970.0 147.12855983
3980.0 147.498565712
3990.0 147.868564141
4000.0 148.238555105
4010.0 148.60853859
4020.0 148.978514587
4030.0 149.348483085
4040.0 149.718444074
4050.0 150.088397548
4060.0 150.458343498
4070.0 150.828281919
4080.0 151.198212806
4090.0 151.568136154
4100.0 151.938051962
4110.0 152.307960226
4120.0 152.677860945
4130.0 153.047754121
4140.0 153.417639755
4150.0 153.787517847
4160.0 154.157388403
4170.0 154.527251426
4180.0 154.897106923
4190.0 155.266954899
4200.0 155.636795362
4210.0 156.006628322
4220.0 156.376453788
4230.0 156.746271771
4240.0 157.116082284
4250.0 157.485885341
4260.0 157.855680954
4270.0 158.225469141
4280.0 158.595249917
4290.0 158.965023302
4300.0 159.334789313
4310.0 159.704547971
4320.0 160.074299297
4330.0 160.444043314
4340.0 160.813780045
4350.0 161.183509515
4360.0 161.55323175
4370.0 161.922946777
4380.0 162.292654624
4390.0 162.662355321
4400.0 163.032048897
4410.0 163.401735385
4420.0 163.771414817
4430.0 164.141087228
4440.0 164.510752651
4450.0 164.880411124
4460.0 165.250062684
4470.0 165.619707368
4480.0 165.989345218
4490.0 166.358976272
4500.0 166.728600573
4510.0 167.098218164
4520.0 167.467829088
4530.0 167.837433392
4540.0 168.20703112
4550.0 168.576622321
4560.0 168.946207041
4570.0 169.315785332
4580.0 169.685357243
4590.0 170.054922825
4600.0 170.424482132
4610.0 170.794035216
4620.0 171.163582132
4630.0 171.533122936
4640.0 171.902657685
4650.0 172.272186436
4660.0 172.641709247
4670.0 173.011226178
4680.0 173.380737289
4690.0 173.750242643
4700.0 174.1197423
4710.0 174.489236326
4720.0 174.858724783
4730.0 175.228207737
4740.0 175.597685254
4750.0 175.9671574
4760.0 176.336624244
4770.0 176.706085854
4780.0 177.075542299
4790.0 177.44499365
4800.0 177.814439977
4810.0 178.183881352
4820.0 178.553317848
4830.0 178.922749538
4840.0 179.292176495
4850.0 179.661598795
4860.0 180.031016513
4870.0 180.400429725
4880.0 180.769838507
4890.0 181.139242948
4900.0 181.508643108
4910.0 181.878039077
4920.0 182.247430932
4930.0 182.616818754
4940.0 182.986202624
4950.0 183.355582621
4960.0 183.724958829
4970.0 184.094331328
4980.0 184.463700201
4990.0 184.833065532
5000.0 185.202427404
5010.0 185.571785901
5020.0 185.941141108
5030.0 186.310493108
5040.0 186.679841988
5050.0 187.049187834
5060.0 187.41853073
5070.0 187.787870763
5080.0 188.157208019
5090.0 188.526542587
5100.0 188.895874552
5110.0 189.265204002
5120.0 189.634531024
5130.0 190.003855706
5140.0 190.373178137
5150.0 190.742498404
5160.0 191.111816595
5170.0 191.481132799
5180.0 191.850447105
5190.0 192.219759599
5200.0 192.589070373
5210.0 192.958379513
5220.0 193.327687108
5230.0 193.696993248
5240.0 194.06629802
5250.0 194.435601513
5260.0 194.804903816
5270.0 195.174205016
5280.0 195.543505203
5290.0 195.912804464
5300.0 196.282102887
5310.0 196.651400561
5320.0 197.020697572
5330.0 197.389994007
5340.0 197.759289955
5350.0 198.128585503
5360.0 198.497880735
5370.0 198.86717574
5380.0 199.236470603
5390.0 199.60576541
5400.0 199.975060246
5410.0 200.344355196
5420.0 200.713650344
5430.0 201.082945776
5440.0 201.452241575
5450.0 201.821537823
5460.0 202.190834605
5470.0 202.560132002
5480.0 202.929430097
5490.0 203.29872897
5500.0 203.668028703
5510.0 204.037329376
5520.0 204.406631069
5530.0 204.775933861
5540.0 205.14523783
5550.0 205.514543056
5560.0 205.883849614
5570.0 206.253157582
5580.0 206.622467037
5590.0 206.991778052
5600.0 207.361090704
5610.0 207.730405066
5620.0 208.099721212
5630.0 208.469039214
5640.0 208.838359144
5650.0 209.207681073
5660.0 209.577005071
5670.0 209.946331209
5680.0 210.315659555
5690.0 210.684990176
5700.0 211.054323141
5710.0 211.423658515
5720.0 211.792996364
5730.0 212.162336753
5740.0 212.531679745
5750.0 212.901025404
5760.0 213.270373791
5770.0 213.639724968
5780.0 214.009078995
5790.0 214.378435931
5800.0 214.747795835
5810.0 215.117158765
5820.0 215.486524776