0.0 0.0
120.0 4.52021403428
120.625 4.54272574938
121.25 4.5652462175
122.5 4.61031272351
123.75 4.65541221836
125.0 4.70054343647
126.25 4.74570517652
127.5 4.79089629759
128.75 4.83611571552
130.0 4.88136239958
131.25 4.92663536932
132.5 4.9719336917
133.75 5.01725647829
135.0 5.06260288277
136.25 5.10797209854
137.5 5.15336335647
138.75 5.19877592284
140.0 5.24420909737
141.25 5.28966221137
142.5 5.33513462606
143.75 5.38062573093
145.0 5.42613494225
146.25 5.47166170163
147.5 5.51720547469
148.75 5.56276574981
150.0 5.60834203695
151.25 5.65393386653
152.5 5.69954078841
153.75 5.74516237088
155.0 5.79079819974
156.25 5.83644787742
157.5 5.88211102219
158.75 5.92778726733
160.0 5.97347626043
161.25 6.01917766271
162.5 6.06489114832
165.0 6.15635312725
167.5 6.24785982693
170.0 6.3394090481
172.5 6.43099874711
175.0 6.52262702207
177.5 6.61429210038
180.0 6.70599232757
182.5 6.79772615722
185.0 6.88949214187
187.5 6.98128892481
190.0 7.07311523266
192.5 7.16496986867
195.0 7.25685170664
197.5 7.34875968537
200.0 7.4406928037
202.5 7.53265011591
205.0 7.62463072756
207.5 7.71663379177
210.0 7.80865850573
212.5 7.90070410755
215.0 7.99276987338
217.5 8.08485511482
220.0 8.17695917646
222.5 8.26908143367
225.0 8.36122129061
230.0 8.5455515531
235.0 8.72994570531
240.0 8.9143998441
245.0 9.09891038038
250.0 9.28347400385
255.0 9.46808765268
260.0 9.65274848755
265.0 9.83745386911
270.0 10.0222013385
275.0 10.2069886006
280.0 10.3918135088
285.0 10.5766740525
290.0 10.7615683452
295.0 10.9464946148
300.0 11.1314511945
305.0 11.3164365144
310.0 11.501449095
315.0 11.6864875404
320.0 11.8715505324
330.0 12.2417452426
340.0 12.6120240504
350.0 12.9823787362
360.0 13.3528019236
370.0 13.7232869839
380.0 14.0938279541
390.0 14.4644194655
400.0 14.8350566817
410.0 15.2057352435
420.0 15.5764512208
430.0 15.947201069
440.0 16.3179815911
450.0 16.6887899024
460.0 17.0596234006
470.0 17.430479737
480.0 17.8013567923
490.0 18.1722526535
500.0 18.5431655941
510.0 18.9140940551
520.0 19.2850366293
530.0 19.6559920457
540.0 20.0269591563
550.0 20.397936924
560.0 20.7689244118
570.0 21.1399207723
580.0 21.5109252396
590.0 21.8819371207
600.0 22.2529557886
610.0 22.6239806755
620.0 22.9950112671
630.0 23.3660470972
640.0 23.7370877432
650.0 24.1081328214
660.0 24.4791819836
670.0 24.8502349131
680.0 25.221291322
690.0 25.5923509484
700.0 25.9634135534
710.0 26.3344789195
720.0 26.705546848
730.0 27.0766171574
740.0 27.4476896818
750.0 27.8187642691
760.0 28.1898407801
770.0 28.560919087
780.0 28.9319990725
790.0 29.3030806285
800.0 29.6741636557
810.0 30.0452480623
820.0 30.4163337638
830.0 30.7874206818
840.0 31.158508744
850.0 31.5295978833
860.0 31.9006880372
870.0 32.271779148
880.0 32.6428711617
890.0 33.0139640281
900.0 33.3850577003
910.0 33.7561521346
920.0 34.1272472899
930.0 34.4983431278
940.0 34.8694396124
950.0 35.2405367096
960.0 35.6116343877
970.0 35.9827326166
980.0 36.353831368
990.0 36.7249306151
1000.0 37.0960303326
1010.0 37.4671304965
1020.0 37.8382310841
1030.0 38.2093320738
1040.0 38.5804334449
1050.0 38.9515351781
1060.0 39.3226372545
1070.0 39.6937396564
1080.0 40.0648423669
1090.0 40.4359453695
1100.0 40.8070486487
1110.0 41.1781521896
1120.0 41.5492559777
1130.0 41.9203599993
1140.0 42.291464241
1150.0 42.6625686899
1160.0 43.0336733338
1170.0 43.4047781606
1180.0 43.7758831587
1190.0 44.1469883169
1200.0 44.5180936244
1210.0 44.8891990705
1220.0 45.260304645
1230.0 45.6314103378
1240.0 46.0025161393
1250.0 46.3736220398
1260.0 46.7447280302
1270.0 47.1158341012
1280.0 47.486940244
1290.0 47.8580464499
1300.0 48.2291527102
1310.0 48.6002590166
1320.0 48.9713653607
1330.0 49.3424717343
1340.0 49.7135781295
1350.0 50.0846845382
1360.0 50.4557909525
1370.0 50.8268973648
1380.0 51.1980037672
1390.0 51.5691101521
1400.0 51.9402165118
1410.0 52.311322839
1420.0 52.6824291259
1430.0 53.0535353652
1440.0 53.4246415494
1450.0 53.795747671
1460.0 54.1668537227
1470.0 54.5379596968
1480.0 54.9090655861
1490.0 55.2801713831
1500.0 55.6512770803
1510.0 56.0223826702
1520.0 56.3934881453
1530.0 56.7645934981
1540.0 57.135698721
1550.0 57.5068038062
1560.0 57.8779087463
1570.0 58.2490135333
1580.0 58.6201181596
1590.0 58.9912226172
1600.0 59.3623268982
1610.0 59.7334309946
1620.0 60.1045348983
1630.0 60.4756386012
1640.0 60.8467420949
1650.0 61.2178453712
1660.0 61.5889484216
1670.0 61.9600512374
1680.0 62.3311538102
1690.0 62.702256131
1700.0 63.073358191
1710.0 63.4444599812
1720.0 63.8155614924
1730.0 64.1866627155
1740.0 64.5577636409
1750.0 64.9288642593
1760.0 65.2999645608
1770.0 65.6710645358
1780.0 66.0421641743
1790.0 66.4132634661
1800.0 66.784362401
1810.0 67.1554609686
1820.0 67.5265591583
1830.0 67.8976569593
1840.0 68.2687543607
1850.0 68.6398513515
1860.0 69.0109479204
1870.0 69.3820440558
1880.0 69.7531397462
1890.0 70.1242349798
1900.0 70.4953297445
1910.0 70.866424028
1920.0 71.2375178181
1930.0 71.608611102
1940.0 71.979703867
1950.0 72.3507961
1960.0 72.7218877878
1970.0 73.0929789168
1980.0 73.4640694734
1990.0 73.8351594438
2000.0 74.2062488136
2010.0 74.5773375687
2020.0 74.9484256942
2030.0 75.3195131756
2040.0 75.6905999975
2050.0 76.0616861447
2060.0 76.4327716017
2070.0 76.8038563525
2080.0 77.1749403811
2090.0 77.5460236712
2100.0 77.9171062061
2110.0 78.288187969
2120.0 78.6592689427
2130.0 79.0303491098
2140.0 79.4014284528
2150.0 79.7725069534
2160.0 80.1435845937
2170.0 80.514661355
2180.0 80.8857372185
2190.0 81.2568121651
2200.0 81.6278861755
2210.0 81.9989592299
2220.0 82.3700313084
2230.0 82.7411023908
2240.0 83.1121724564
2250.0 83.4832414843
2260.0 83.8543094534
2270.0 84.2253763421
2280.0 84.5964421287
2290.0 84.9675067911
2300.0 85.3385703067
2310.0 85.7096326528
2320.0 86.0806938063
2330.0 86.4517537439
2340.0 86.8228124418
2350.0 87.1938698759
2360.0 87.5649260218
2370.0 87.9359808548
2380.0 88.3070343499
2390.0 88.6780864816
2400.0 89.0491372242
2410.0 89.4201865517
2420.0 89.7912344377
2430.0 90.1622808553
2440.0 90.5333257775
2450.0 90.9043691769
2460.0 91.2754110257
2470.0 91.6464512957
2480.0 92.0174899585
2490.0 92.3885269853
2500.0 92.7595623468
2510.0 93.1305960136
2520.0 93.5016279557
2530.0 93.872658143
2540.0 94.2436865448
2550.0 94.6147131303
2560.0 94.9857378681
2570.0 95.3567607267
2580.0 95.7277816739
2590.0 96.0988006776
2600.0 96.469817705
2610.0 96.840832723
2620.0 97.2118456984
2630.0 97.5828565972
2640.0 97.9538653855
2650.0 98.3248720288
2660.0 98.6958764923
2670.0 99.0668787408
2680.0 99.437878739
2690.0 99.808876451
2700.0 100.179871841
2710.0 100.550864871
2720.0 100.921855506
2730.0 101.292843708
2740.0 101.66382944
2750.0 102.034812663
2760.0 102.40579334
2770.0 102.776771432
2780.0 103.1477469
2790.0 103.518719705
2800.0 103.889689808
2810.0 104.260657168
2820.0 104.631621746
2830.0 105.002583502
2840.0 105.373542394
2850.0 105.744498381
2860.0 106.115451423
2870.0 106.486401477
2880.0 106.857348502
2890.0 107.228292456
2900.0 107.599233296
2910.0 107.970170979
2920.0 108.341105462
2930.0 108.712036702
2940.0 109.082964656
2950.0 109.45388928
2960.0 109.824810529
2970.0 110.195728359
2980.0 110.566642727
2990.0 110.937553586
3000.0 111.308460893
3010.0 111.679364601
3020.0 112.050264666
3030.0 112.421161042
3040.0 112.792053682
3050.0 113.162942542
3060.0 113.533827575
3070.0 113.904708734
3080.0 114.275585972
3090.0 114.646459244
3100.0 115.017328503
3110.0 115.3881937
3120.0 115.75905479
3130.0 116.129911725
3140.0 116.500764457
3150.0 116.871612939
3160.0 117.242457124
3170.0 117.613296963
3180.0 117.984132409
3190.0 118.354963414
3200.0 118.72578993
3210.0 119.09661191
3220.0 119.467429304
3230.0 119.838242066
3240.0 120.209050146
3250.0 120.579853498
3260.0 120.950652072
3270.0 121.321445821
3280.0 121.692234696
3290.0 122.06301865
3300.0 122.433797634
3310.0 122.804571601
3320.0 123.175340503
3330.0 123.546104292
3340.0 123.916862919
3350.0 124.287616338
3360.0 124.658364502
3370.0 125.029107361
3380.0 125.39984487
3390.0 125.770576981
3400.0 126.141303648
3410.0 126.512024822
3420.0 126.882740459
3430.0 127.253450511
3440.0 127.624154931
3450.0 127.994853676
3460.0 128.365546697
3470.0 128.736233951
3480.0 129.106915391
3490.0 129.477590973
3500.0 129.848260652
3510.0 130.218924384
3520.0 130.589582124
3530.0 130.960233829
3540.0 131.330879456
3550.0 131.701518961
3560.0 132.072152302
3570.0 132.442779437
3580.0 132.813400323
3590.0 133.18401492
3600.0 133.554623186
3610.0 133.92522508
3620.0 134.295820563
3630.0 134.666409595
3640.0 135.036992136
3650.0 135.407568148
3660.0 135.778137593
3670.0 136.148700432
3680.0 136.51925663
3690.0 136.889806149
3700.0 137.260348953
3710.0 137.630885008
3720.0 138.001414277
3730.0 138.371936727
3740.0 138.742452324
3750.0 139.112961035
3760.0 139.483462828
3770.0 139.853957672
3780.0 140.224445534
3790.0 140.594926386
3800.0 140.965400196
3810.0 141.335866938
3820.0 141.706326581
3830.0 142.076779099
3840.0 142.447224465
3850.0 142.817662654
3860.0 143.188093639
3870.0 143.558517397
3880.0 143.928933905
3890.0 144.299343139
3900.0 144.669745078
3910.0 145.0401397
3920.0 145.410526986
3930.0 145.780906916
3940.0 146.151279472
3950.0 146.521644636
3960.0 146.892002391
3970.0 147.262352722
3980.0 147.632695614
3990.0 148.003031053
4000.0 148.373359026
4010.0 148.743679522
4020.0 149.113992528
4030.0 149.484298035
4040.0 149.854596035
4050.0 150.224886518
4060.0 150.595169478
4070.0 150.965444909
4080.0 151.335712806
4090.0 151.705973164
4100.0 152.076225981
4110.0 152.446471255
4120.0 152.816708985
4130.0 153.18693917
4140.0 153.557161813
4150.0 153.927376916
4160.0 154.297584482
4170.0 154.667784515
4180.0 155.037977021
4190.0 155.408162006
4200.0 155.77833948
4210.0 156.148509449
4220.0 156.518671925
4230.0 156.888826918
4240.0 157.258974441
4250.0 157.629114507
4260.0 157.999247131
4270.0 158.369372327
4280.0 158.739490114
4290.0 159.109600508
4300.0 159.479703528
4310.0 159.849799196
4320.0 160.219887532
4330.0 160.589968559
4340.0 160.9600423
4350.0 161.33010878
4360.0 161.700168025
4370.0 162.070220061
4380.0 162.440264918
4390.0 162.810302625
4400.0 163.180333211
4410.0 163.550356709
4420.0 163.920373151
4430.0 164.290382571
4440.0 164.660385004
4450.0 165.030380487
4460.0 165.400369056
4470.0 165.770350751
4480.0 166.14032561
4490.0 166.510293674
4500.0 166.880254985
4510.0 167.250209585
4520.0 167.62015752
4530.0 167.990098833
4540.0 168.360033571
4550.0 168.729961781
4560.0 169.099883512
4570.0 169.469798812
4580.0 169.839707733
4590.0 170.209610325
4600.0 170.579506641
4610.0 170.949396735
4620.0 171.319280662
4630.0 171.689158476
4640.0 172.059030234
4650.0 172.428895994
4660.0 172.798755815
4670.0 173.168609756
4680.0 173.538457877
4690.0 173.908300241
4700.0 174.278136908
4710.0 174.647967943
4720.0 175.01779341
4730.0 175.387613374
4740.0 175.757427901
4750.0 176.127237057
4760.0 176.497040911
4770.0 176.866839531
4780.0 177.236632985
4790.0 177.606421346
4800.0 177.976204683
4810.0 178.345983068
4820.0 178.715756573
4830.0 179.085525273
4840.0 179.45528924
4850.0 179.82504855
4860.0 180.194803278
4870.0 180.5645535
4880.0 180.934299292
4890.0 181.304040742
4900.0 181.673777912
4910.0 182.043510891
4920.0 182.413239756
4930.0 182.782964588
4940.0 183.152685467
4950.0 183.522402474
4960.0 183.892115691
4970.0 184.2618252
4980.0 184.631531084
4990.0 185.001233424
5000.0 185.370932306
5010.0 185.740627813
5020.0 186.110320029
5030.0 186.48000904
5040.0 186.84969493
5050.0 187.219377785
5060.0 187.58905769
5070.0 187.958734733
5080.0 188.328409
5090.0 188.698080577
5100.0 189.067749552
5110.0 189.437416011
5120.0 189.807080043
5130.0 190.176741736
5140.0 190.546401176
5150.0 190.916058453
5160.0 191.285713654
5170.0 191.655366868
5180.0 192.025018183
5190.0 192.394667688
5200.0 192.764315471
5210.0 193.133961621
5220.0 193.503606226
5230.0 193.873249375
5240.0 194.242891157
5250.0 194.61253166
5260.0 194.982170973
5270.0 195.351809183
5280.0 195.72144638
5290.0 196.09108265
5300.0 196.460718083
5310.0 196.830352767
5320.0 197.199986787
5330.0 197.569620233
5340.0 197.939253191
5350.0 198.308885748
5360.0 198.67851799
5370.0 199.048150005
5380.0 199.417781878
5390.0 199.787413694
5400.0 200.15704554
5410.0 200.5266775
5420.0 200.896309658
5430.0 201.2659421
5440.0 201.635574908
5450.0 202.005208166
5460.0 202.374841958
5470.0 202.744476365
5480.0 203.114111469
5490.0 203.483747352
5500.0 203.853384095
5510.0 204.223021778
5520.0 204.592660481
5530.0 204.962300282
5540.0 205.331941262
5550.0 205.701583497
5560.0 206.071227065
5570.0 206.440872043
5580.0 206.810518507
5590.0 207.180166533
5600.0 207.549816194
5610.0 207.919467566
5620.0 208.289120722
5630.0 208.658775733
5640.0 209.028432673
5650.0 209.398091612
5660.0 209.76775262
5670.0 210.137415768
5680.0 210.507081123
5690.0 210.876748754
5700.0 211.246418729
5710.0 211.616091113
5720.0 211.985765972
5730.0 212.35544337
5740.0 212.725123372
5750.0 213.094806041
5760.0 213.464491438
5770.0 213.834179625
5780.0 214.203870661
5790.0 214.573564608
5800.0 214.943261521
5810.0 215.312961461
5820.0 215.682664482