0.0 0.0
120.0 4.51158957205
120.625 4.53405636808
121.25 4.55653191713
122.5 4.601508585
123.75 4.6465182417
125.0 4.69155962166
126.25 4.73663152357
127.5 4.7817328065
128.75 4.82686238628
130.0 4.87201923219
131.25 4.91720236379
132.5 4.96241084802
133.75 5.00764379646
135.0 5.0529003628
136.25 5.09817974042
137.5 5.14348116021
138.75 5.18880388844
140.0 5.23414722482
141.25 5.27951050067
142.5 5.32489307721
143.75 5.37029434394
145.0 5.41571371712
146.25 5.46115063835
147.5 5.50660457327
148.75 5.55207501024
150.0 5.59756145923
151.25 5.64306345067
152.5 5.68858053441
153.75 5.73411227873
155.0 5.77965826944
156.25 5.82521810898
157.5 5.8707914156
158.75 5.91637782259
160.0 5.96197697755
161.25 6.00758854169
162.5 6.05321218915
165.0 6.14449449179
167.5 6.23582151517
170.0 6.32719106005
172.5 6.41860108278
175.0 6.51004968144
177.5 6.60153508346
180.0 6.69305563436
182.5 6.78460978772
185.0 6.87619609608
187.5 6.96781320273
190.0 7.05945983429
192.5 7.15113479401
195.0 7.24283695568
197.5 7.33456525813
200.0 7.42631870017
202.5 7.51809633608
205.0 7.60989727144
207.5 7.70172065936
210.0 7.79356569703
212.5 7.88543162255
215.0 7.9773177121
217.5 8.06922327725
220.0 8.16114766259
222.5 8.25309024351
225.0 8.34505042416
230.0 8.52902133407
235.0 8.7130561337
240.0 8.89715091991
245.0 9.08130210361
250.0 9.26550637449
255.0 9.44976067074
260.0 9.63406215302
265.0 9.818408182
270.0 10.0027962989
275.0 10.1872242083
280.0 10.371689764
285.0 10.5561909551
290.0 10.7407258952
295.0 10.9252928122
300.0 11.1098900393
305.0 11.2945160066
310.0 11.4791692346
315.0 11.6638483274
320.0 11.8485519669
330.0 12.2180279719
340.0 12.5875880745
350.0 12.9572240552
360.0 13.3269285374
370.0 13.6966948926
380.0 14.0665171576
390.0 14.4363899639
400.0 14.8063084749
410.0 15.1762683315
420.0 15.5462656036
430.0 15.9162967467
440.0 16.2863585636
450.0 16.6564481698
460.0 17.0265629628
470.0 17.396700594
480.0 17.7668589441
490.0 18.1370361002
500.0 18.5072303356
510.0 18.8774400915
520.0 19.2476639605
530.0 19.6179006717
540.0 19.9881490772
550.0 20.3584081397
560.0 20.7286769223
570.0 21.0989545777
580.0 21.4692403398
590.0 21.8395335158
600.0 22.2098334785
610.0 22.5801396602
620.0 22.9504515466
630.0 23.3207686716
640.0 23.6910906124
650.0 24.0614169855
660.0 24.4317474425
670.0 24.8020816668
680.0 25.1724193706
690.0 25.5427602918
700.0 25.9131041917
710.0 26.2834508526
720.0 26.6538000759
730.0 27.0241516802
740.0 27.3945054993
750.0 27.7648613815
760.0 28.1352191873
770.0 28.5055787891
780.0 28.8759400694
790.0 29.2463029203
800.0 29.6166672423
810.0 29.9870329438
820.0 30.3573999401
830.0 30.7277681529
840.0 31.09813751
850.0 31.468507944
860.0 31.8388793928
870.0 32.2092517984
880.0 32.579625107
890.0 32.9499992682
900.0 33.3203742353
910.0 33.6907499644
920.0 34.0611264145
930.0 34.4315035473
940.0 34.8018813266
950.0 35.1722597187
960.0 35.5426386916
970.0 35.9130182154
980.0 36.2833982616
990.0 36.6537788035
1000.0 37.0241598159
1010.0 37.3945412746
1020.0 37.7649231571
1030.0 38.1353054416
1040.0 38.5056881076
1050.0 38.8760711355
1060.0 39.2464545068
1070.0 39.6168382036
1080.0 39.9872222088
1090.0 40.3576065063
1100.0 40.7279910804
1110.0 41.0983759161
1120.0 41.468760999
1130.0 41.8391463154
1140.0 42.2095318519
1150.0 42.5799175957
1160.0 42.9503035344
1170.0 43.3206896561
1180.0 43.691075949
1190.0 44.0614624021
1200.0 44.4318490044
1210.0 44.8022357453
1220.0 45.1726226146
1230.0 45.5430096023
1240.0 45.9133966986
1250.0 46.283783894
1260.0 46.6541711792
1270.0 47.0245585451
1280.0 47.3949459827
1290.0 47.7653334834
1300.0 48.1357210386
1310.0 48.5061086398
1320.0 48.8764962787
1330.0 49.2468839472
1340.0 49.6172716372
1350.0 49.9876593407
1360.0 50.3580470499
1370.0 50.728434757
1380.0 51.0988224542
1390.0 51.4692101339
1400.0 51.8395977885
1410.0 52.2099854105
1420.0 52.5803729923
1430.0 52.9507605265
1440.0 53.3211480055
1450.0 53.6915354219
1460.0 54.0619227684
1470.0 54.4323100374
1480.0 54.8026972215
1490.0 55.1730843133
1500.0 55.5434713054
1510.0 55.9138581901
1520.0 56.2842449601
1530.0 56.6546316077
1540.0 57.0250181254
1550.0 57.3954045055
1560.0 57.7657907403
1570.0 58.1361768222
1580.0 58.5065627433
1590.0 58.8769484957
1600.0 59.2473340716
1610.0 59.6177194628
1620.0 59.9881046614
1630.0 60.3584896591
1640.0 60.7288744477
1650.0 61.0992590188
1660.0 61.469643364
1670.0 61.8400274747
1680.0 62.2104113422
1690.0 62.5807949579
1700.0 62.9511783127
1710.0 63.3215613977
1720.0 63.6919442038
1730.0 64.0623267217
1740.0 64.432708942
1750.0 64.8030908552
1760.0 65.1734724516
1770.0 65.5438537214
1780.0 65.9142346547
1790.0 66.2846152413
1800.0 66.6549954711
1810.0 67.0253753335
1820.0 67.395754818
1830.0 67.7661339139
1840.0 68.1365126102
1850.0 68.5068908958
1860.0 68.8772687594
1870.0 69.2476461897
1880.0 69.618023175
1890.0 69.9883997034
1900.0 70.3587757629
1910.0 70.7291513413
1920.0 71.0995264262
1930.0 71.469901005
1940.0 71.8402750648
1950.0 72.2106485926
1960.0 72.5810215752
1970.0 72.9513939991
1980.0 73.3217658505
1990.0 73.6921371157
2000.0 74.0625077804
2010.0 74.4328778302
2020.0 74.8032472507
2030.0 75.1736160268
2040.0 75.5439841436
2050.0 75.9143515856
2060.0 76.2847183374
2070.0 76.6550843831
2080.0 77.0254497065
2090.0 77.3958142914
2100.0 77.7661781212
2110.0 78.1365411789
2120.0 78.5069034474
2130.0 78.8772649094
2140.0 79.2476255472
2150.0 79.6179853427
2160.0 79.9883442778
2170.0 80.3587023339
2180.0 80.7290594922
2190.0 81.0994157337
2200.0 81.4697710389
2210.0 81.8401253881
2220.0 82.2104787615
2230.0 82.5808311387
2240.0 82.9511824991
2250.0 83.3215328218
2260.0 83.6918820858
2270.0 84.0622302693
2280.0 84.4325773508
2290.0 84.8029233079
2300.0 85.1732681184
2310.0 85.5436117593
2320.0 85.9139542077
2330.0 86.2842954401
2340.0 86.6546354328
2350.0 87.0249741617
2360.0 87.3953116024
2370.0 87.7656477303
2380.0 88.1359825202
2390.0 88.5063159467
2400.0 88.8766479842
2410.0 89.2469786065
2420.0 89.6173077873
2430.0 89.9876354998
2440.0 90.3579617168
2450.0 90.7282864111
2460.0 91.0986095547
2470.0 91.4689311195
2480.0 91.8392510772
2490.0 92.2095693987
2500.0 92.5798860551
2510.0 92.9502010167
2520.0 93.3205142536
2530.0 93.6908257357
2540.0 94.0611354324
2550.0 94.4314433127
2560.0 94.8017493453
2570.0 95.1720534987
2580.0 95.5423557408
2590.0 95.9126560393
2600.0 96.2829543615
2610.0 96.6532506744
2620.0 97.0235449445
2630.0 97.3938371382
2640.0 97.7641272213
2650.0 98.1344151594
2660.0 98.5047009177
2670.0 98.8749844611
2680.0 99.2452657541
2690.0 99.6155447609
2700.0 99.9858214453
2710.0 100.356095771
2720.0 100.726367701
2730.0 101.096637197
2740.0 101.466904224
2750.0 101.837168742
2760.0 102.207430714
2770.0 102.5776901
2780.0 102.947946863
2790.0 103.318200963
2800.0 103.688452361
2810.0 104.058701016
2820.0 104.428946889
2830.0 104.799189939
2840.0 105.169430126
2850.0 105.539667408
2860.0 105.909901745
2870.0 106.280133094
2880.0 106.650361414
2890.0 107.020586662
2900.0 107.390808797
2910.0 107.761027775
2920.0 108.131243553
2930.0 108.501456088
2940.0 108.871665337
2950.0 109.241871255
2960.0 109.612073799
2970.0 109.982272924
2980.0 110.352468586
2990.0 110.722660741
3000.0 111.092849342
3010.0 111.463034345
3020.0 111.833215705
3030.0 112.203393375
3040.0 112.573567311
3050.0 112.943737465
3060.0 113.313903793
3070.0 113.684066246
3080.0 114.05422478
3090.0 114.424379347
3100.0 114.7945299
3110.0 115.164676392
3120.0 115.534818777
3130.0 115.904957007
3140.0 116.275091034
3150.0 116.645220811
3160.0 117.01534629
3170.0 117.385467424
3180.0 117.755584165
3190.0 118.125696465
3200.0 118.495804276
3210.0 118.86590755
3220.0 119.236006239
3230.0 119.606100296
3240.0 119.976189671
3250.0 120.346274317
3260.0 120.716354186
3270.0 121.08642923
3280.0 121.4564994
3290.0 121.826564649
3300.0 122.196624928
3310.0 122.56668019
3320.0 122.936730386
3330.0 123.306775469
3340.0 123.676815392
3350.0 124.046850106
3360.0 124.416879564
3370.0 124.786903718
3380.0 125.156922522
3390.0 125.526935928
3400.0 125.896943889
3410.0 126.266946358
3420.0 126.63694329
3430.0 127.006934636
3440.0 127.376920352
3450.0 127.746900391
3460.0 128.116874707
3470.0 128.486843256
3480.0 128.856805991
3490.0 129.226762867
3500.0 129.596713841
3510.0 129.966658868
3520.0 130.336597903
3530.0 130.706530903
3540.0 131.076457824
3550.0 131.446378624
3560.0 131.81629326
3570.0 132.18620169
3580.0 132.556103871
3590.0 132.925999762
3600.0 133.295889323
3610.0 133.665772512
3620.0 134.03564929
3630.0 134.405519616
3640.0 134.775383452
3650.0 135.145240759
3660.0 135.515091498
3670.0 135.884935633
3680.0 136.254773125
3690.0 136.624603939
3700.0 136.994428038
3710.0 137.364245387
3720.0 137.734055951
3730.0 138.103859696
3740.0 138.473656588
3750.0 138.843446594
3760.0 139.213229682
3770.0 139.58300582
3780.0 139.952774977
3790.0 140.322537123
3800.0 140.692292229
3810.0 141.062040265
3820.0 141.431781203
3830.0 141.801515016
3840.0 142.171241677
3850.0 142.54096116
3860.0 142.91067344
3870.0 143.280378493
3880.0 143.650076295
3890.0 144.019766824
3900.0 144.389450058
3910.0 144.759125975
3920.0 145.128794556
3930.0 145.49845578
3940.0 145.868109631
3950.0 146.237756089
3960.0 146.607395139
3970.0 146.977026765
3980.0 147.346650952
3990.0 147.716267686
4000.0 148.085876954
4010.0 148.455478744
4020.0 148.825073045
4030.0 149.194659847
4040.0 149.564239141
4050.0 149.933810919
4060.0 150.303375174
4070.0 150.6729319
4080.0 151.042481091
4090.0 151.412022744
4100.0 151.781556856
4110.0 152.151083425
4120.0 152.520602449
4130.0 152.89011393
4140.0 153.259617867
4150.0 153.629114265
4160.0 153.998603125
4170.0 154.368084453
4180.0 154.737558253
4190.0 155.107024534
4200.0 155.476483302
4210.0 155.845934566
4220.0 156.215378337
4230.0 156.584814625
4240.0 156.954243442
4250.0 157.323664803
4260.0 157.693078721
4270.0 158.062485213
4280.0 158.431884294
4290.0 158.801275982
4300.0 159.170660298
4310.0 159.54003726
4320.0 159.909406891
4330.0 160.278769212
4340.0 160.648124248
4350.0 161.017472023
4360.0 161.386812562
4370.0 161.756145894
4380.0 162.125472045
4390.0 162.494791047
4400.0 162.864102928
4410.0 163.23340772
4420.0 163.602705457
4430.0 163.971996172
4440.0 164.3412799
4450.0 164.710556677
4460.0 165.079826541
4470.0 165.44908953
4480.0 165.818345684
4490.0 166.187595043
4500.0 166.556837648
4510.0 166.926073544
4520.0 167.295302773
4530.0 167.664525381
4540.0 168.033741414
4550.0 168.402950919
4560.0 168.772153944
4570.0 169.141350539
4580.0 169.510540754
4590.0 169.879724641
4600.0 170.248902252
4610.0 170.618073641
4620.0 170.987238862
4630.0 171.356397971
4640.0 171.725551024
4650.0 172.094698079
4660.0 172.463839194
4670.0 172.83297443
4680.0 173.202103846
4690.0 173.571227504
4700.0 173.940345466
4710.0 174.309457796
4720.0 174.678564557
4730.0 175.047665816
4740.0 175.416761637
4750.0 175.785852088
4760.0 176.154937237
4770.0 176.524017151
4780.0 176.893091901
4790.0 177.262161556
4800.0 177.631226187
4810.0 178.000285867
4820.0 178.369340667
4830.0 178.738390662
4840.0 179.107435924
4850.0 179.476476528
4860.0 179.845512551
4870.0 180.214544067
4880.0 180.583571154
4890.0 180.952593899
4900.0 181.321612364
4910.0 181.690626637
4920.0 182.059636796
4930.0 182.428642923
4940.0 182.797645097
4950.0 183.166643399
4960.0 183.535637911
4970.0 183.904628714
4980.0 184.273615892
4990.0 184.642599528
5000.0 185.011579704
5010.0 185.380556506
5020.0 185.749530017
5030.0 186.118500322
5040.0 186.487467506
5050.0 186.856431656
5060.0 187.225392856
5070.0 187.594351194
5080.0 187.963306755
5090.0 188.332259627
5100.0 188.701209897
5110.0 189.070157651
5120.0 189.439102978
5130.0 189.808045965
5140.0 190.1769867
5150.0 190.545925271
5160.0 190.914861767
5170.0 191.283796275
5180.0 191.652728885
5190.0 192.021659685
5200.0 192.390588762
5210.0 192.759516207
5220.0 193.128442107
5230.0 193.497366551
5240.0 193.866289627
5250.0 194.235211425
5260.0 194.604132032
5270.0 194.973051537
5280.0 195.341970028
5290.0 195.710887594
5300.0 196.079804322
5310.0 196.448720299
5320.0 196.817635615
5330.0 197.186550355
5340.0 197.555464608
5350.0 197.924378459
5360.0 198.293291996
5370.0 198.662205306
5380.0 199.031118473
5390.0 199.400031584
5400.0 199.768944725
5410.0 200.137857979
5420.0 200.506771432
5430.0 200.875685168
5440.0 201.244599271
5450.0 201.613513825
5460.0 201.982428911
5470.0 202.351344612
5480.0 202.720261011
5490.0 203.089178189
5500.0 203.458096226
5510.0 203.827015204
5520.0 204.195935201
5530.0 204.564856298
5540.0 204.933778572
5550.0 205.302702102
5560.0 205.671626965
5570.0 206.040553237
5580.0 206.409480996
5590.0 206.778410316
5600.0 207.147341273
5610.0 207.516273939
5620.0 207.885208389
5630.0 208.254144696
5640.0 208.62308293
5650.0 208.992023163
5660.0 209.360965466
5670.0 209.729909909
5680.0 210.098856559
5690.0 210.467805485
5700.0 210.836756754
5710.0 211.205710432
5720.0 211.574666586
5730.0 211.943625279
5740.0 212.312586576
5750.0 212.681550539
5760.0 213.050517231
5770.0 213.419486712
5780.0 213.788459044
5790.0 214.157434284
5800.0 214.526412493
5810.0 214.895393727
5820.0 215.264378043