-490.0 -118.334265133
-485.0 -117.33710757
-480.0 -116.334854264
-475.0 -115.327093234
-470.0 -114.313438157
-465.0 -113.293530726
-460.0 -112.267042681
-455.0 -111.233677503
-450.0 -110.193171794
-445.0 -109.145296322
-440.0 -108.08985675
-435.0 -107.026694034
-430.0 -105.95568451
-425.0 -104.876739672
-420.0 -103.789805648
-415.0 -102.694862403
-410.0 -101.591922666
-405.0 -100.48103063
-400.0 -99.3622604206
-395.0 -98.2357143751
-390.0 -97.101521157
-385.0 -95.9598337283
-380.0 -94.8108272123
-375.0 -93.6546966745
-370.0 -92.4916548484
-365.0 -91.3219298352
-360.0 -90.1457628021
-355.0 -88.9634057053
-350.0 -87.7751190589
-345.0 -86.5811697726
-340.0 -85.3818290752
-335.0 -84.1773705414
-330.0 -82.9680682352
-325.0 -81.7541949824
-320.0 -80.5360207796
-315.0 -79.313811348
-310.0 -78.0878268355
-305.0 -76.8583206689
-300.0 -75.6255385568
-295.0 -74.3897176406
-290.0 -73.1510857912
-285.0 -71.9098610435
-280.0 -70.6662511662
-275.0 -69.4204533552
-270.0 -68.1726540449
-265.0 -66.9230288271
-260.0 -65.6717424681
-255.0 -64.4189490133
-250.0 -63.1647919712
-245.0 -61.9094045639
-240.0 -60.6529100369
-235.0 -59.3954220174
-230.0 -58.1370449119
-225.0 -56.8778743352
-220.0 -55.6179975617
-215.0 -54.3574939936
-210.0 -53.0964356364
-205.0 -51.8348875786
-200.0 -50.5729084683
-195.0 -49.3105509827
-190.0 -48.0478622866
-185.0 -46.7848844766
-180.0 -45.5216550079
-175.0 -44.258207102
-170.0 -42.9945701331
-165.0 -41.7307699932
-160.0 -40.4668294334
-155.0 -39.2027683832
-150.0 -37.9386042454
-145.0 -36.6743521695
-140.0 -35.4100253021
-135.0 -34.1456350157
-130.0 -32.8811911172
-125.0 -31.6167020368
-120.0 -30.3521749979
-115.0 -29.0876161703
-110.0 -27.8230308067
-105.0 -26.5584233644
-100.0 -25.2937976133
-95.0 -24.0291567315
-90.0 -22.764503389
-85.0 -21.4998398211
-80.0 -20.2351678932
-75.0 -18.970489156
-70.0 -17.7058048942
-65.0 -16.4411161684
-60.0 -15.1764238505
-55.0 -13.9117286549
-50.0 -12.6470311643
-45.0 -11.3823318525
-40.0 -10.1176311026
-35.0 -8.85292922334
-30.0 -7.58822646247
-25.0 -6.32352301759
-20.0 -5.0588190457
-15.0 -3.79411467081
-10.0 -2.52940999036
-5.0 -1.26470508041
1.0 0.252941027367
5.0 1.26470508041
10.0 2.52940999036
15.0 3.79411467081
20.0 5.0588190457
25.0 6.32352301759
30.0 7.58822646247
35.0 8.85292922334
40.0 10.1176311026
45.0 11.3823318525
50.0 12.6470311643
55.0 13.9117286549
60.0 15.1764238505
65.0 16.4411161684
70.0 17.7058048942
75.0 18.970489156
80.0 20.2351678932
85.0 21.4998398211
90.0 22.764503389
95.0 24.0291567315
100.0 25.2937976133
105.0 26.5584233644
110.0 27.8230308067
115.0 29.0876161703
120.0 30.3521749979
125.0 31.6167020368
130.0 32.8811911172
135.0 34.1456350157
140.0 35.4100253021
145.0 36.6743521695
150.0 37.9386042454
155.0 39.2027683832
160.0 40.4668294334
165.0 41.7307699932
170.0 42.9945701331
175.0 44.258207102
180.0 45.5216550079
185.0 46.7848844766
190.0 48.0478622866
195.0 49.3105509827
200.0 50.5729084683
205.0 51.8348875786
210.0 53.0964356364
215.0 54.3574939936
220.0 55.6179975617
225.0 56.8778743352
230.0 58.1370449119
235.0 59.3954220174
240.0 60.6529100369
245.0 61.9094045639
250.0 63.1647919712
255.0 64.4189490133
260.0 65.6717424681
265.0 66.9230288271
270.0 68.1726540449
275.0 69.4204533552
280.0 70.6662511662
285.0 71.9098610435
290.0 73.1510857912
295.0 74.3897176406
300.0 75.6255385568
305.0 76.8583206689
310.0 78.0878268355
315.0 79.313811348
320.0 80.5360207796
325.0 81.7541949824
330.0 82.9680682352
335.0 84.1773705414
340.0 85.3818290752
345.0 86.5811697726
350.0 87.7751190589
355.0 88.9634057053
360.0 90.1457628021
365.0 91.3219298352
370.0 92.4916548484
375.0 93.6546966745
380.0 94.8108272123
385.0 95.9598337283
390.0 97.101521157
395.0 98.2357143751
400.0 99.3622604206
405.0 100.48103063
410.0 101.591922666
415.0 102.694862403
420.0 103.789805648
425.0 104.876739672
430.0 105.95568451
435.0 107.026694034
440.0 108.08985675
445.0 109.145296322
450.0 110.193171794
455.0 111.233677503
460.0 112.267042681
465.0 113.293530726
470.0 114.313438157
475.0 115.327093234
480.0 116.334854264
485.0 117.33710757
490.0 118.334265133