0.0 0.0
120.0 4.50991991663
120.625 4.53237801653
121.25 4.55484486946
122.5 4.59980414508
123.75 4.64479640953
125.0 4.68982039725
126.25 4.73487490691
127.5 4.77995879759
128.75 4.82507098513
130.0 4.87021043879
131.25 4.91537617815
132.5 4.96056727013
133.75 5.00578282633
135.0 5.05102200042
136.25 5.09628398579
137.5 5.14156801334
138.75 5.18687334932
140.0 5.23219929345
141.25 5.27754517705
142.5 5.32291036135
143.75 5.36829423583
145.0 5.41369621676
146.25 5.45911574575
147.5 5.50455228842
148.75 5.55000533314
150.0 5.59547438989
151.25 5.64095898908
152.5 5.68645868057
153.75 5.73197303265
155.0 5.77750163111
156.25 5.8230440784
157.5 5.86859999277
158.75 5.91416900752
160.0 5.95975077024
161.25 6.00534494212
162.5 6.05095119734
165.0 6.14219871548
167.5 6.23349095438
170.0 6.32482571476
172.5 6.41620095299
175.0 6.50761476717
177.5 6.59906538469
180.0 6.6905511511
182.5 6.78207051997
185.0 6.87362204383
187.5 6.96520436599
190.0 7.05681621305
192.5 7.14845638828
195.0 7.24012376546
197.5 7.33181728341
200.0 7.42353594096
202.5 7.51527879238
205.0 7.60704494325
207.5 7.69883354668
210.0 7.79064379985
212.5 7.88247494088
215.0 7.97432624593
217.5 8.06619702659
220.0 8.15808662744
222.5 8.24999442386
225.0 8.34191982002
230.0 8.52582116094
235.0 8.70978639159
240.0 8.89381160881
245.0 9.07789322352
250.0 9.26202792542
255.0 9.44621265268
260.0 9.63044456598
265.0 9.81472102597
270.0 9.99903957383
275.0 10.1833979143
280.0 10.367793901
285.0 10.5522255231
290.0 10.7366908942
295.0 10.9211882423
300.0 11.1057159003
305.0 11.2902722987
310.0 11.4748559577
315.0 11.6594654815
320.0 11.844099552
330.0 12.213436419
340.0 12.5828573837
350.0 12.9523542264
360.0 13.3219195707
370.0 13.6915467879
380.0 14.0612299149
390.0 14.4309635832
400.0 14.8007429562
410.0 15.1705636749
420.0 15.540421809
430.0 15.9103138141
440.0 16.280236493
450.0 16.6501869613
460.0 17.0201626163
470.0 17.3901611095
480.0 17.7601803217
490.0 18.1302183398
500.0 18.5002734372
510.0 18.8703440551
520.0 19.2404287862
530.0 19.6105263594
540.0 19.9806356269
550.0 20.3507555515
560.0 20.7208851961
570.0 21.0910237135
580.0 21.4611703376
590.0 21.8313243756
600.0 22.2014852004
610.0 22.5716522441
620.0 22.9418249926
630.0 23.3120029796
640.0 23.6821857824
650.0 24.0523730175
660.0 24.4225643365
670.0 24.7927594229
680.0 25.1629579887
690.0 25.5331597719
700.0 25.9033645338
710.0 26.2735720568
720.0 26.6437821421
730.0 27.0139946084
740.0 27.3842092896
750.0 27.7544260338
760.0 28.1246447017
770.0 28.4948651655
780.0 28.8650873078
790.0 29.2353110207
800.0 29.6055362047
810.0 29.9757627682
820.0 30.3459906265
830.0 30.7162197014
840.0 31.0864499205
850.0 31.4566812166
860.0 31.8269135274
870.0 32.197146795
880.0 32.5673809656
890.0 32.9376159889
900.0 33.307851818
910.0 33.6780884091
920.0 34.0483257213
930.0 34.4185637161
940.0 34.7888023575
950.0 35.1590416116
960.0 35.5292814465
970.0 35.8995218323
980.0 36.2697627405
990.0 36.6400041445
1000.0 37.0102460189
1010.0 37.3804883396
1020.0 37.7507310841
1030.0 38.1209742306
1040.0 38.4912177587
1050.0 38.8614616486
1060.0 39.2317058819
1070.0 39.6019504407
1080.0 39.972195308
1090.0 40.3424404675
1100.0 40.7126859036
1110.0 41.0829316014
1120.0 41.4531775463
1130.0 41.8234237248
1140.0 42.1936701233
1150.0 42.5639167291
1160.0 42.9341635299
1170.0 43.3044105135
1180.0 43.6746576685
1190.0 44.0449049836
1200.0 44.4151524479
1210.0 44.7854000509
1220.0 45.1556477822
1230.0 45.5258956319
1240.0 45.8961435902
1250.0 46.2663916477
1260.0 46.6366397949
1270.0 47.0068880228
1280.0 47.3771363225
1290.0 47.7473846852
1300.0 48.1176331024
1310.0 48.4878815656
1320.0 48.8581300666
1330.0 49.2283785971
1340.0 49.5986271491
1350.0 49.9688757147
1360.0 50.3391242859
1370.0 50.709372855
1380.0 51.0796214142
1390.0 51.449869956
1400.0 51.8201184726
1410.0 52.1903669566
1420.0 52.5606154004
1430.0 52.9308637966
1440.0 53.3011121377
1450.0 53.6713604161
1460.0 54.0416086246
1470.0 54.4118567557
1480.0 54.7821048018
1490.0 55.1523527557
1500.0 55.5226006097
1510.0 55.8928483565
1520.0 56.2630959885
1530.0 56.6333434981
1540.0 57.0035908778
1550.0 57.37383812
1560.0 57.7440852168
1570.0 58.1143321608
1580.0 58.4845789439
1590.0 58.8548255583
1600.0 59.2250719962
1610.0 59.5953182495
1620.0 59.9655643101
1630.0 60.3358101698
1640.0 60.7060558204
1650.0 61.0763012536
1660.0 61.4465464608
1670.0 61.8167914335
1680.0 62.1870361631
1690.0 62.5572806408
1700.0 62.9275248576
1710.0 63.2977688047
1720.0 63.6680124728
1730.0 64.0382558527
1740.0 64.408498935
1750.0 64.7787417102
1760.0 65.1489841687
1770.0 65.5192263005
1780.0 65.8894680958
1790.0 66.2597095445
1800.0 66.6299506363
1810.0 67.0001913607
1820.0 67.3704317073
1830.0 67.7406716652
1840.0 68.1109112235
1850.0 68.4811503711
1860.0 68.8513890968
1870.0 69.2216273891
1880.0 69.5918652364
1890.0 69.9621026268
1900.0 70.3323395484
1910.0 70.7025759888
1920.0 71.0728119358
1930.0 71.4430473766
1940.0 71.8132822984
1950.0 72.1835166883
1960.0 72.5537505329
1970.0 72.9239838188
1980.0 73.2942165323
1990.0 73.6644486594
2000.0 74.0346801862
2010.0 74.4049110981
2020.0 74.7751413805
2030.0 75.1453710187
2040.0 75.5155999975
2050.0 75.8858283016
2060.0 76.2560559154
2070.0 76.6262828231
2080.0 76.9965090085
2090.0 77.3667344555
2100.0 77.7369591473
2110.0 78.107183067
2120.0 78.4774061976
2130.0 78.8476285216
2140.0 79.2178500214
2150.0 79.5880706789
2160.0 79.958290476
2170.0 80.3285093942
2180.0 80.6987274145
2190.0 81.068944518
2200.0 81.4391606853
2210.0 81.8093758966
2220.0 82.179590132
2230.0 82.5498033712
2240.0 82.9200155936
2250.0 83.2902267784
2260.0 83.6604369044
2270.0 84.03064595
2280.0 84.4008538934
2290.0 84.7710607126
2300.0 85.1412663851
2310.0 85.5114708881
2320.0 85.8816741985
2330.0 86.2518762929
2340.0 86.6220771477
2350.0 86.9922767386
2360.0 87.3624750414
2370.0 87.7326720313
2380.0 88.1028676832
2390.0 88.4730619718
2400.0 88.8432548713
2410.0 89.2134463556
2420.0 89.5836363984
2430.0 89.9538249729
2440.0 90.324012052
2450.0 90.6941976083
2460.0 91.0643816139
2470.0 91.4345640408
2480.0 91.8047448605
2490.0 92.1749240441
2500.0 92.5451015625
2510.0 92.9152773861
2520.0 93.2854514851
2530.0 93.6556238293
2540.0 94.025794388
2550.0 94.3959631303
2560.0 94.766130025
2570.0 95.1362950404
2580.0 95.5064581445
2590.0 95.8766193051
2600.0 96.2467784893
2610.0 96.6169356642
2620.0 96.9870907964
2630.0 97.3572438521
2640.0 97.7273947973
2650.0 98.0975435974
2660.0 98.4676902178
2670.0 98.8378346232
2680.0 99.2079767782
2690.0 99.5781166471
2700.0 99.9482541935
2710.0 100.318389381
2720.0 100.688522173
2730.0 101.058652532
2740.0 101.42878042
2750.0 101.7989058
2760.0 102.169028634
2770.0 102.539148883
2780.0 102.909266508
2790.0 103.27938147
2800.0 103.649493729
2810.0 104.019603247
2820.0 104.389709982
2830.0 104.759813894
2840.0 105.129914943
2850.0 105.500013087
2860.0 105.870108286
2870.0 106.240200497
2880.0 106.610289679
2890.0 106.980375789
2900.0 107.350458786
2910.0 107.720538626
2920.0 108.090615266
2930.0 108.460688663
2940.0 108.830758774
2950.0 109.200825554
2960.0 109.57088896
2970.0 109.940948948
2980.0 110.311005472
2990.0 110.681058488
3000.0 111.051107951
3010.0 111.421153817
3020.0 111.791196038
3030.0 112.161234571
3040.0 112.531269369
3050.0 112.901300385
3060.0 113.271327575
3070.0 113.64135089
3080.0 114.011370286
3090.0 114.381385715
3100.0 114.75139713
3110.0 115.121404485
3120.0 115.491407731
3130.0 115.861406823
3140.0 116.231401712
3150.0 116.601392351
3160.0 116.971378692
3170.0 117.341360688
3180.0 117.711338291
3190.0 118.081311453
3200.0 118.451280126
3210.0 118.821244263
3220.0 119.191203814
3230.0 119.561158732
3240.0 119.93110897
3250.0 120.301054478
3260.0 120.670995209
3270.0 121.040931115
3280.0 121.410862147
3290.0 121.780788258
3300.0 122.150709399
3310.0 122.520625523
3320.0 122.890536582
3330.0 123.260442527
3340.0 123.630343311
3350.0 124.000238888
3360.0 124.370129207
3370.0 124.740014224
3380.0 125.10989389
3390.0 125.479768158
3400.0 125.849636981
3410.0 126.219500312
3420.0 126.589358106
3430.0 126.959210314
3440.0 127.329056892
3450.0 127.698897793
3460.0 128.068732972
3470.0 128.438562382
3480.0 128.808385979
3490.0 129.178203718
3500.0 129.548015554
3510.0 129.917821442
3520.0 130.28762134
3530.0 130.657415202
3540.0 131.027202985
3550.0 131.396984647
3560.0 131.766760145
3570.0 132.136529437
3580.0 132.50629248
3590.0 132.876049234
3600.0 133.245799656
3610.0 133.615543708
3620.0 133.985281347
3630.0 134.355012536
3640.0 134.724737234
3650.0 135.094455403
3660.0 135.464167004
3670.0 135.833872001
3680.0 136.203570356
3690.0 136.573262031
3700.0 136.942946993
3710.0 137.312625204
3720.0 137.68229663
3730.0 138.051961237
3740.0 138.421618991
3750.0 138.791269859
3760.0 139.160913809
3770.0 139.530550809
3780.0 139.900180828
3790.0 140.269803837
3800.0 140.639419804
3810.0 141.009028702
3820.0 141.378630502
3830.0 141.748225177
3840.0 142.1178127
3850.0 142.487393046
3860.0 142.856966188
3870.0 143.226532103
3880.0 143.596090768
3890.0 143.965642159
3900.0 144.335186254
3910.0 144.704723034
3920.0 145.074252476
3930.0 145.443774563
3940.0 145.813289276
3950.0 146.182796596
3960.0 146.552296509
3970.0 146.921788997
3980.0 147.291274045
3990.0 147.660751641
4000.0 148.030221771
4010.0 148.399684424
4020.0 148.769139587
4030.0 149.138587251
4040.0 149.508027407
4050.0 149.877460048
4060.0 150.246885165
4070.0 150.616302752
4080.0 150.985712806
4090.0 151.355115321
4100.0 151.724510295
4110.0 152.093897726
4120.0 152.463277612
4130.0 152.832649955
4140.0 153.202014755
4150.0 153.571372014
4160.0 153.940721736
4170.0 154.310063926
4180.0 154.679398589
4190.0 155.048725732
4200.0 155.418045362
4210.0 155.787357488
4220.0 156.156662121
4230.0 156.525959271
4240.0 156.895248951
4250.0 157.264531174
4260.0 157.633805954
4270.0 158.003073308
4280.0 158.372333251
4290.0 158.741585802
4300.0 159.110830979
4310.0 159.480068804
4320.0 159.849299297
4330.0 160.21852248
4340.0 160.587738378
4350.0 160.956947015
4360.0 161.326148417
4370.0 161.69534261
4380.0 162.064529624
4390.0 162.433709487
4400.0 162.80288223
4410.0 163.172047885
4420.0 163.541206484
4430.0 163.910358061
4440.0 164.279502651
4450.0 164.648640291
4460.0 165.017771017
4470.0 165.386894868
4480.0 165.756011884
4490.0 166.125122105
4500.0 166.494225573
4510.0 166.863322331
4520.0 167.232412422
4530.0 167.601495892
4540.0 167.970572787
4550.0 168.339643154
4560.0 168.708707041
4570.0 169.077764499
4580.0 169.446815576
4590.0 169.815860325
4600.0 170.184898798
4610.0 170.553931049
4620.0 170.922957132
4630.0 171.291977103
4640.0 171.660991018
4650.0 172.029998936
4660.0 172.399000913
4670.0 172.767997011
4680.0 173.136987289
4690.0 173.505971809
4700.0 173.874950634
4710.0 174.243923826
4720.0 174.61289145
4730.0 174.98185357
4740.0 175.350810254
4750.0 175.719761567
4760.0 176.088707578
4770.0 176.457648354
4780.0 176.826583966
4790.0 177.195514483
4800.0 177.564439977
4810.0 177.933360519
4820.0 178.302276181
4830.0 178.671187038
4840.0 179.040093162
4850.0 179.408994629
4860.0 179.777891513
4870.0 180.146783892
4880.0 180.515671841
4890.0 180.884555448
4900.0 181.253434775
4910.0 181.62230991
4920.0 181.991180932
4930.0 182.360047921
4940.0 182.728910957
4950.0 183.097770121
4960.0 183.466625495
4970.0 183.835477161
4980.0 184.204325201
4990.0 184.573169699
5000.0 184.942010738
5010.0 185.310848401
5020.0 185.679682774
5030.0 186.048513942
5040.0 186.417341988
5050.0 186.786167
5060.0 187.154989063
5070.0 187.523808263
5080.0 187.892624686
5090.0 188.26143842
5100.0 188.630249552
5110.0 188.999058168
5120.0 189.367864357
5130.0 189.736668206
5140.0 190.105469804
5150.0 190.474269237
5160.0 190.843066595
5170.0 191.211861966
5180.0 191.580655438
5190.0 191.949447099
5200.0 192.318237039
5210.0 192.687025346
5220.0 193.055812108
5230.0 193.424597414
5240.0 193.793381353
5250.0 194.162164013
5260.0 194.530945482
5270.0 194.89972585
5280.0 195.268505203
5290.0 195.637283631
5300.0 196.006061221
5310.0 196.374838061
5320.0 196.743614238
5330.0 197.112389841
5340.0 197.481164955
5350.0 197.849939669
5360.0 198.218714069
5370.0 198.58748824
5380.0 198.95626227
5390.0 199.325036243
5400.0 199.693810246
5410.0 200.062584362
5420.0 200.431358678
5430.0 200.800133276
5440.0 201.168908241
5450.0 201.537683657
5460.0 201.906459605
5470.0 202.275236169
5480.0 202.64401343
5490.0 203.01279147
5500.0 203.38157037
5510.0 203.750350209
5520.0 204.119131069
5530.0 204.487913027
5540.0 204.856696164
5550.0 205.225480556
5560.0 205.594266281
5570.0 205.963053416
5580.0 206.331842037
5590.0 206.700632219
5600.0 207.069424038
5610.0 207.438217566
5620.0 207.807012879
5630.0 208.175810047
5640.0 208.544609144
5650.0 208.913410239
5660.0 209.282213405
5670.0 209.651018709
5680.0 210.019826221
5690.0 210.388636009
5700.0 210.757448141
5710.0 211.126262682
5720.0 211.495079697
5730.0 211.863899253
5740.0 212.232721412
5750.0 212.601546237
5760.0 212.970373791
5770.0 213.339204134
5780.0 213.708037328
5790.0 214.076873431
5800.0 214.445712502
5810.0 214.814554598
5820.0 215.183399776