0.0 0.0
120.0 4.51457924207
120.625 4.53706160929
121.25 4.55955272954
122.5 4.60456053981
123.75 4.6496013389
125.0 4.69467386126
126.25 4.73977690557
127.5 4.78490933089
128.75 4.83007005307
130.0 4.87525804137
131.25 4.92047231537
132.5 4.965711942
133.75 5.01097603283
135.0 5.05626374157
136.25 5.10157426159
137.5 5.14690682377
138.75 5.19226069439
140.0 5.23763517317
141.25 5.28302959142
142.5 5.32844331036
143.75 5.37387571948
145.0 5.41932623505
146.25 5.46479429868
147.5 5.51027937599
148.75 5.55578095536
150.0 5.60129854675
151.25 5.64683168059
152.5 5.69237990672
153.75 5.73794279343
155.0 5.78351992654
156.25 5.82911090847
157.5 5.87471535749
158.75 5.92033290688
160.0 5.96596320424
161.25 6.01160591077
162.5 6.05726070062
165.0 6.14860528806
167.5 6.23999459623
170.0 6.33142642591
172.5 6.42289873342
175.0 6.51440961688
177.5 6.60595730369
180.0 6.69754013938
182.5 6.78915657754
185.0 6.88080517069
187.5 6.97248456213
190.0 7.06419347848
192.5 7.15593072299
195.0 7.24769516946
197.5 7.33948575669
200.0 7.43130148352
202.5 7.52314140423
205.0 7.61500462438
207.5 7.7068902971
210.0 7.79879761955
212.5 7.89072582987
215.0 7.98267420421
217.5 8.07464205415
220.0 8.16662872428
222.5 8.25863358999
225.0 8.35065605544
230.0 8.53475153493
235.0 8.71891090415
240.0 8.90313025993
245.0 9.08740601322
250.0 9.27173485369
255.0 9.45611371952
260.0 9.64053977139
265.0 9.82501036995
270.0 10.0095230564
275.0 10.1940755355
280.0 10.3786656607
285.0 10.5632914213
290.0 10.7479509311
295.0 10.9326424177
300.0 11.1173642143
305.0 11.3021147512
310.0 11.4868925488
315.0 11.6716962112
320.0 11.8565244203
330.0 12.2262495644
340.0 12.5960588062
350.0 12.965943926
360.0 13.3358975475
370.0 13.7059130418
380.0 14.075984446
390.0 14.4461063914
400.0 14.8162740416
410.0 15.1864830374
420.0 15.5567294487
430.0 15.9270097309
440.0 16.297320687
450.0 16.6676594323
460.0 17.0380233645
470.0 17.4084101349
480.0 17.7788176242
490.0 18.1492439194
500.0 18.519687294
510.0 18.8901461891
520.0 19.2606191972
530.0 19.6311050476
540.0 20.0016025922
550.0 20.372110794
560.0 20.7426287157
570.0 21.1131555102
580.0 21.4836904115
590.0 21.8542327267
600.0 22.2247818286
610.0 22.5953371494
620.0 22.965898175
630.0 23.3364644392
640.0 23.7070355192
650.0 24.0776110314
660.0 24.4481906275
670.0 24.818773991
680.0 25.189360834
690.0 25.5599508943
700.0 25.9305439334
710.0 26.3011397335
720.0 26.671738096
730.0 27.0423388394
740.0 27.4129417978
750.0 27.7835468191
760.0 28.1541537641
770.0 28.524762505
780.0 28.8953729245
790.0 29.2659849146
800.0 29.6365983757
810.0 30.0072132164
820.0 30.3778293518
830.0 30.7484467039
840.0 31.1190652001
850.0 31.4896847733
860.0 31.8603053613
870.0 32.230926906
880.0 32.6015493537
890.0 32.9721726541
900.0 33.3427967604
910.0 33.7134216286
920.0 34.084047218
930.0 34.4546734899
940.0 34.8253004084
950.0 35.1959279397
960.0 35.5665560518
970.0 35.9371847147
980.0 36.3078139
990.0 36.6784435812
1000.0 37.0490737327
1010.0 37.4197043306
1020.0 37.7903353522
1030.0 38.1609667759
1040.0 38.531598581
1050.0 38.9022307482
1060.0 39.2728632586
1070.0 39.6434960945
1080.0 40.014129239
1090.0 40.3847626756
1100.0 40.7553963888
1110.0 41.1260303637
1120.0 41.4966645858
1130.0 41.8672990414
1140.0 42.2379337171
1150.0 42.6085686
1160.0 42.9792036779
1170.0 43.3498389387
1180.0 43.7204743708
1190.0 44.091109963
1200.0 44.4617457045
1210.0 44.8323815846
1220.0 45.2030175931
1230.0 45.57365372
1240.0 45.9442899554
1250.0 46.31492629
1260.0 46.6855627143
1270.0 47.0561992194
1280.0 47.4268357962
1290.0 47.7974724361
1300.0 48.1681091304
1310.0 48.5387458708
1320.0 48.9093826489
1330.0 49.2800194565
1340.0 49.6506562857
1350.0 50.0212931284
1360.0 50.3919299767
1370.0 50.762566823
1380.0 51.1332036594
1390.0 51.5038404783
1400.0 51.874477272
1410.0 52.2451140332
1420.0 52.6157507541
1430.0 52.9863874275
1440.0 53.3570240456
1450.0 53.7276606013
1460.0 54.0982970869
1470.0 54.4689334951
1480.0 54.8395698184
1490.0 55.2102060494
1500.0 55.5808421805
1510.0 55.9514782045
1520.0 56.3221141136
1530.0 56.6927499004
1540.0 57.0633855572
1550.0 57.4340210765
1560.0 57.8046564505
1570.0 58.1752916716
1580.0 58.5459267318
1590.0 58.9165616234
1600.0 59.2871963384
1610.0 59.6578308688
1620.0 60.0284652066
1630.0 60.3990993435
1640.0 60.7697332712
1650.0 61.1403669815
1660.0 61.5110004659
1670.0 61.8816337157
1680.0 62.2522667224
1690.0 62.6228994773
1700.0 62.9935319713
1710.0 63.3641641954
1720.0 63.7347961407
1730.0 64.1054277977
1740.0 64.4760591572
1750.0 64.8466902096
1760.0 65.2173209451
1770.0 65.5879513541
1780.0 65.9585814266
1790.0 66.3292111524
1800.0 66.6998405213
1810.0 67.0704695229
1820.0 67.4410981466
1830.0 67.8117263816
1840.0 68.182354217
1850.0 68.5529816418
1860.0 68.9236086447
1870.0 69.2942352141
1880.0 69.6648613385
1890.0 70.0354870061
1900.0 70.4061122048
1910.0 70.7767369224
1920.0 71.1473611464
1930.0 71.5179848644
1940.0 71.8886080634
1950.0 72.2592307304
1960.0 72.6298528521
1970.0 73.0004744151
1980.0 73.3710954058
1990.0 73.7417158101
2000.0 74.112335614
2010.0 74.482954803
2020.0 74.8535733626
2030.0 75.2241912779
2040.0 75.5948085338
2050.0 75.965425115
2060.0 76.336041006
2070.0 76.7066561908
2080.0 77.0772706534
2090.0 77.4478843775
2100.0 77.8184973464
2110.0 78.1891095433
2120.0 78.559720951
2130.0 78.9303315522
2140.0 79.3009413291
2150.0 79.6715502638
2160.0 80.042158338
2170.0 80.4127655333
2180.0 80.7833718308
2190.0 81.1539772114
2200.0 81.5245816558
2210.0 81.8951851442
2220.0 82.2657876568
2230.0 82.6363891731
2240.0 83.0069896727
2250.0 83.3775891346
2260.0 83.7481875377
2270.0 84.1187848605
2280.0 84.4893810811
2290.0 84.8599761774
2300.0 85.230570127
2310.0 85.6011629071
2320.0 85.9717544947
2330.0 86.3423448662
2340.0 86.7129339981
2350.0 87.0835218662
2360.0 87.4541084461
2370.0 87.8246937131
2380.0 88.1952776421
2390.0 88.5658602079
2400.0 88.9364413845
2410.0 89.307021146
2420.0 89.6775994659
2430.0 90.0481763176
2440.0 90.4187516738
2450.0 90.7893255072
2460.0 91.15989779
2470.0 91.530468494
2480.0 91.9010375908
2490.0 92.2716050515
2500.0 92.642170847
2510.0 93.0127349478
2520.0 93.3832973239
2530.0 93.7538579452
2540.0 94.124416781
2550.0 94.4949738005
2560.0 94.8655289723
2570.0 95.2360822649
2580.0 95.6066336461
2590.0 95.9771830838
2600.0 96.3477305452
2610.0 96.7182759972
2620.0 97.0888194065
2630.0 97.4593607393
2640.0 97.8298999616
2650.0 98.2004370389
2660.0 98.5709719364
2670.0 98.941504619
2680.0 99.3120350511
2690.0 99.6825631971
2700.0 100.053089021
2710.0 100.423612485
2720.0 100.794133554
2730.0 101.16465219
2740.0 101.535168356
2750.0 101.905682013
2760.0 102.276193124
2770.0 102.64670165
2780.0 103.017207552
2790.0 103.387710791
2800.0 103.758211328
2810.0 104.128709122
2820.0 104.499204134
2830.0 104.869696324
2840.0 105.24018565
2850.0 105.610672071
2860.0 105.981155547
2870.0 106.351636035
2880.0 106.722113494
2890.0 107.092587882
2900.0 107.463059156
2910.0 107.833527272
2920.0 108.20399219
2930.0 108.574453864
2940.0 108.944912252
2950.0 109.315367309
2960.0 109.685818993
2970.0 110.056267257
2980.0 110.426712058
2990.0 110.797153352
3000.0 111.167591092
3010.0 111.538025235
3020.0 111.908455733
3030.0 112.278882543
3040.0 112.649305618
3050.0 113.019724912
3060.0 113.390140378
3070.0 113.760551971
3080.0 114.130959644
3090.0 114.50136335
3100.0 114.871763042
3110.0 115.242158674
3120.0 115.612550197
3130.0 115.982937566
3140.0 116.353320732
3150.0 116.723699648
3160.0 117.094074267
3170.0 117.46444454
3180.0 117.83481042
3190.0 118.205171859
3200.0 118.57552881
3210.0 118.945881223
3220.0 119.316229051
3230.0 119.686572247
3240.0 120.056910761
3250.0 120.427244547
3260.0 120.797573555
3270.0 121.167897738
3280.0 121.538217047
3290.0 121.908531435
3300.0 122.278840853
3310.0 122.649145254
3320.0 123.01944459
3330.0 123.389738812
3340.0 123.760027874
3350.0 124.130311727
3360.0 124.500590324
3370.0 124.870863618
3380.0 125.241131561
3390.0 125.611394106
3400.0 125.981651206
3410.0 126.351902815
3420.0 126.722148885
3430.0 127.092389371
3440.0 127.462624226
3450.0 127.832853404
3460.0 128.203076859
3470.0 128.573294547
3480.0 128.943506421
3490.0 129.313712437
3500.0 129.68391255
3510.0 130.054106715
3520.0 130.42429489
3530.0 130.794477029
3540.0 131.16465309
3550.0 131.534823029
3560.0 131.904986804
3570.0 132.275144373
3580.0 132.645295693
3590.0 133.015440723
3600.0 133.385579423
3610.0 133.755711752
3620.0 134.125837668
3630.0 134.495957134
3640.0 134.866070109
3650.0 135.236176555
3660.0 135.606276434
3670.0 135.976369707
3680.0 136.346456339
3690.0 136.716536292
3700.0 137.08660953
3710.0 137.456676018
3720.0 137.826735722
3730.0 138.196788605
3740.0 138.566834636
3750.0 138.936873782
3760.0 139.306906009
3770.0 139.676931286
3780.0 140.046949583
3790.0 140.416960868
3800.0 140.786965113
3810.0 141.156962288
3820.0 141.526952365
3830.0 141.896935317
3840.0 142.266911117
3850.0 142.636879739
3860.0 143.006841159
3870.0 143.376795351
3880.0 143.746742293
3890.0 144.116681961
3900.0 144.486614333
3910.0 144.85653939
3920.0 145.226457109
3930.0 145.596367473
3940.0 145.966270463
3950.0 146.336166061
3960.0 146.70605425
3970.0 147.075935015
3980.0 147.445808341
3990.0 147.815674214
4000.0 148.185532621
4010.0 148.55538355
4020.0 148.925226991
4030.0 149.295062932
4040.0 149.664891365
4050.0 150.034712282
4060.0 150.404525677
4070.0 150.774331541
4080.0 151.144129872
4090.0 151.513920664
4100.0 151.883703915
4110.0 152.253479623
4120.0 152.623247786
4130.0 152.993008406
4140.0 153.362761483
4150.0 153.732507019
4160.0 154.102245019
4170.0 154.471975486
4180.0 154.841698426
4190.0 155.211413845
4200.0 155.581121752
4210.0 155.950822156
4220.0 156.320515066
4230.0 156.690200493
4240.0 157.05987845
4250.0 157.429548949
4260.0 157.799212007
4270.0 158.168867637
4280.0 158.538515857
4290.0 158.908156685
4300.0 159.27779014
4310.0 159.647416242
4320.0 160.017035012
4330.0 160.386646472
4340.0 160.756250647
4350.0 161.125847561
4360.0 161.49543724
4370.0 161.86501971
4380.0 162.234595001
4390.0 162.604163141
4400.0 162.973724161
4410.0 163.343278093
4420.0 163.712824969
4430.0 164.082364823
4440.0 164.45189769
4450.0 164.821423607
4460.0 165.19094261
4470.0 165.560454738
4480.0 165.929960031
4490.0 166.299458529
4500.0 166.668950274
4510.0 167.038435309
4520.0 167.407913677
4530.0 167.777385424
4540.0 168.146850596
4550.0 168.51630924
4560.0 168.885761405
4570.0 169.255207139
4580.0 169.624646493
4590.0 169.994079519
4600.0 170.363506269
4610.0 170.732926797
4620.0 171.102341157
4630.0 171.471749405
4640.0 171.841151597
4650.0 172.210547792
4660.0 172.579938046
4670.0 172.949322421
4680.0 173.318700976
4690.0 173.688073773
4700.0 174.057440875
4710.0 174.426802344
4720.0 174.796158245
4730.0 175.165508642
4740.0 175.534853603
4750.0 175.904193193
4760.0 176.273527481
4770.0 176.642856534
4780.0 177.012180423
4790.0 177.381499217
4800.0 177.750812988
4810.0 178.120121807
4820.0 178.489425746
4830.0 178.85872488
4840.0 179.228019281
4850.0 179.597309025
4860.0 179.966594186
4870.0 180.335874842
4880.0 180.705151067
4890.0 181.074422952
4900.0 181.443690556
4910.0 181.812953968
4920.0 182.182213267
4930.0 182.551468533
4940.0 182.920719846
4950.0 183.289967287
4960.0 183.659210938
4970.0 184.028450881
4980.0 184.397687198
4990.0 184.766919973
5000.0 185.136149288
5010.0 185.505375229
5020.0 185.874597879
5030.0 186.243817323
5040.0 186.613033647
5050.0 186.982246936
5060.0 187.351457275
5070.0 187.720664752
5080.0 188.089869453
5090.0 188.459071464
5100.0 188.828270872
5110.0 189.197467766
5120.0 189.566662232
5130.0 189.935854358
5140.0 190.305044232
5150.0 190.674231943
5160.0 191.043417577
5170.0 191.412601225
5180.0 191.781782974
5190.0 192.150962913
5200.0 192.520141129
5210.0 192.889317713
5220.0 193.258492752
5230.0 193.627666335
5240.0 193.996838551
5250.0 194.366009488
5260.0 194.735179234
5270.0 195.104347879
5280.0 195.473515509
5290.0 195.842682214
5300.0 196.211848081
5310.0 196.581013197
5320.0 196.950177652
5330.0 197.319341532
5340.0 197.688504923
5350.0 198.057667914
5360.0 198.42683059
5370.0 198.795993039
5380.0 199.165155345
5390.0 199.534317596
5400.0 199.903479875
5410.0 200.272642269
5420.0 200.641804861
5430.0 201.010967737
5440.0 201.380130979
5450.0 201.749294671
5460.0 202.118458896
5470.0 202.487623737
5480.0 202.856789275
5490.0 203.225955592
5500.0 203.595122769
5510.0 203.964290885
5520.0 204.333460022
5530.0 204.702630258
5540.0 205.071801671
5550.0 205.44097434
5560.0 205.810148342
5570.0 206.179323754
5580.0 206.548500652
5590.0 206.917679111
5600.0 207.286859207
5610.0 207.656041012
5620.0 208.025224602
5630.0 208.394410047
5640.0 208.763597421
5650.0 209.132786793
5660.0 209.501978235
5670.0 209.871171817
5680.0 210.240367606
5690.0 210.609565671
5700.0 210.978766079
5710.0 211.347968897
5720.0 211.71717419
5730.0 212.086382022
5740.0 212.455592458
5750.0 212.824805561
5760.0 213.194021392
5770.0 213.563240012
5780.0 213.932461483
5790.0 214.301685863
5800.0 214.67091321
5810.0 215.040143584
5820.0 215.409377039