0.0 0.0
120.0 4.51139050486
120.625 4.53385626408
121.25 4.55633077632
122.5 4.60130537057
123.75 4.64631295365
125.0 4.69135225999
126.25 4.73642208829
127.5 4.78152129759
128.75 4.82664880376
130.0 4.87180357605
131.25 4.91698463403
132.5 4.96219104464
133.75 5.00742191946
135.0 5.05267641218
136.25 5.09795371619
137.5 5.14325306236
138.75 5.18857371696
140.0 5.23391497972
141.25 5.27927618196
142.5 5.32465668488
143.75 5.37005587799
145.0 5.41547317755
146.25 5.46090802516
147.5 5.50635988646
148.75 5.55182824981
150.0 5.59731262518
151.25 5.642812543
152.5 5.68832755312
153.75 5.73385722382
155.0 5.77940114091
156.25 5.82495890683
157.5 5.87053013983
158.75 5.91611447321
160.0 5.96171155455
161.25 6.00732104506
162.5 6.05294261891
165.0 6.14422077431
167.5 6.23554365045
170.0 6.3269090481
172.5 6.41831492358
175.0 6.50975937501
177.5 6.60124062979
180.0 6.69275703345
182.5 6.78430703958
185.0 6.8758892007
187.5 6.9675021601
190.0 7.05914464442
192.5 7.15081545691
195.0 7.24251347134
197.5 7.33423762655
200.0 7.42598692135
202.5 7.51776041002
205.0 7.60955719815
207.5 7.70137643883
210.0 7.79321732926
212.5 7.88507910755
215.0 7.97696104985
217.5 8.06886246776
220.0 8.16078270587
222.5 8.25272113955
225.0 8.34467717296
230.0 8.52863978839
235.0 8.71266629355
240.0 8.89675278528
245.0 9.0808956745
250.0 9.26509165091
255.0 9.44933765268
260.0 9.63363084049
265.0 9.81796857499
270.0 10.0023483974
275.0 10.1867680124
280.0 10.3712252735
285.0 10.5557181701
290.0 10.7402448158
295.0 10.9248034384
300.0 11.1093923709
305.0 11.2940100438
310.0 11.4786549773
315.0 11.6633257757
320.0 11.8480211207
330.0 12.2174805367
340.0 12.5870240504
350.0 12.956643442
360.0 13.3263313354
370.0 13.6960811016
380.0 14.0658867777
390.0 14.435742995
400.0 14.805644917
410.0 15.1755881847
420.0 15.5455688678
430.0 15.915583422
440.0 16.2856286499
450.0 16.6557016671
460.0 17.0257998712
470.0 17.3959209135
480.0 17.7660626746
490.0 18.1362232418
500.0 18.5064008882
510.0 18.8765940551
520.0 19.2468013352
530.0 19.6170214575
540.0 19.9872532739
550.0 20.3574957476
560.0 20.7277479412
570.0 21.0980090076
580.0 21.4682781808
590.0 21.8385547678
600.0 22.2088381416
610.0 22.5791277343
620.0 22.9494230318
630.0 23.3197235678
640.0 23.6900289197
650.0 24.0603387038
660.0 24.4306525718
670.0 24.8009702072
680.0 25.171291322
690.0 25.5416156542
700.0 25.9119429652
710.0 26.2822730372
720.0 26.6526056716
730.0 27.0229406868
740.0 27.3932779171
750.0 27.7636172102
760.0 28.1339584271
770.0 28.50430144
780.0 28.8746461313
790.0 29.2449923932
800.0 29.6153401263
810.0 29.9856892388
820.0 30.3560396462
830.0 30.7263912701
840.0 31.0967440382
850.0 31.4670978833
860.0 31.8374527431
870.0 32.2078085597
880.0 32.5781652793
890.0 32.9485228516
900.0 33.3188812297
910.0 33.6892403699
920.0 34.0596002311
930.0 34.4299607749
940.0 34.8003219653
950.0 35.1706837684
960.0 35.5410461524
970.0 35.9114090872
980.0 36.2817725444
990.0 36.6521364974
1000.0 37.0225009208
1010.0 37.3928657906
1020.0 37.7632310841
1030.0 38.1335967796
1040.0 38.5039628567
1050.0 38.8743292957
1060.0 39.244696078
1070.0 39.6150631858
1080.0 39.9854306022
1090.0 40.3557983107
1100.0 40.7261662958
1110.0 41.0965345425
1120.0 41.4669030365
1130.0 41.837271764
1140.0 42.2076407115
1150.0 42.5780098664
1160.0 42.9483792161
1170.0 43.3187487488
1180.0 43.6891184528
1190.0 44.0594883169
1200.0 44.4298583302
1210.0 44.8002284822
1220.0 45.1705987626
1230.0 45.5409691613
1240.0 45.9113396687
1250.0 46.2817102751
1260.0 46.6520809713
1270.0 47.0224517483
1280.0 47.392822597
1290.0 47.7631935087
1300.0 48.1335644749
1310.0 48.5039354872
1320.0 48.8743065372
1330.0 49.2446776167
1340.0 49.6150487177
1350.0 49.9854198323
1360.0 50.3557909525
1370.0 50.7261620707
1380.0 51.0965331789
1390.0 51.4669042697
1400.0 51.8372753354
1410.0 52.2076463684
1420.0 52.5780173612
1430.0 52.9483883064
1440.0 53.3187591965
1450.0 53.689130024
1460.0 54.0595007815
1470.0 54.4298714615
1480.0 54.8002420567
1490.0 55.1706125596
1500.0 55.5409829627
1510.0 55.9113532585
1520.0 56.2817234395
1530.0 56.6520934981
1540.0 57.0224634268
1550.0 57.392833218
1560.0 57.7632028639
1570.0 58.1335723568
1580.0 58.503941689
1590.0 58.8743108524
1600.0 59.2446798393
1610.0 59.6150486416
1620.0 59.9854172513
1630.0 60.35578566
1640.0 60.7261538596
1650.0 61.0965218418
1660.0 61.466889598
1670.0 61.8372571198
1680.0 62.2076243984
1690.0 62.5779914251
1700.0 62.948358191
1710.0 63.318724687
1720.0 63.6890909042
1730.0 64.0594568331
1740.0 64.4298224644
1750.0 64.8001877887
1760.0 65.1705527961
1770.0 65.540917477
1780.0 65.9112818213
1790.0 66.281645819
1800.0 66.6520094598
1810.0 67.0223727333
1820.0 67.3927356288
1830.0 67.7630981358
1840.0 68.1334602431
1850.0 68.5038219397
1860.0 68.8741832145
1870.0 69.2445440558
1880.0 69.6149044521
1890.0 69.9852643915
1900.0 70.3556238621
1910.0 70.7259828516
1920.0 71.0963413475
1930.0 71.4666993373
1940.0 71.8370568082
1950.0 72.2074137471
1960.0 72.5777701407
1970.0 72.9481259756
1980.0 73.3184812382
1990.0 73.6888359144
2000.0 74.0591899901
2010.0 74.429543451
2020.0 74.7998962825
2030.0 75.1702484697
2040.0 75.5405999975
2050.0 75.9109508506
2060.0 76.2813010134
2070.0 76.6516504701
2080.0 77.0219992046
2090.0 77.3923472006
2100.0 77.7626944414
2110.0 78.1330409101
2120.0 78.5033865898
2130.0 78.8737314628
2140.0 79.2440755116
2150.0 79.6144187181
2160.0 79.9847610643
2170.0 80.3551025314
2180.0 80.7254431008
2190.0 81.0957827533
2200.0 81.4661214696
2210.0 81.8364592299
2220.0 82.2067960143
2230.0 82.5771318025
2240.0 82.947466574
2250.0 83.3178003078
2260.0 83.6881329828
2270.0 84.0584645774
2280.0 84.4287950699
2290.0 84.7991244381
2300.0 85.1694526596
2310.0 85.5397797116
2320.0 85.9101055711
2330.0 86.2804302145
2340.0 86.6507536183
2350.0 87.0210757582
2360.0 87.39139661
2370.0 87.7617161489
2380.0 88.1320343499
2390.0 88.5023511875
2400.0 88.872666636
2410.0 89.2429806694
2420.0 89.6132932612
2430.0 89.9836043847
2440.0 90.3539140128
2450.0 90.7242221181
2460.0 91.0945286728
2470.0 91.4648336487
2480.0 91.8351370174
2490.0 92.20543875
2500.0 92.5757388174
2510.0 92.94603719
2520.0 93.3163338381
2530.0 93.6866287312
2540.0 94.0569218389
2550.0 94.4272131303
2560.0 94.797502574
2570.0 95.1677901384
2580.0 95.5380757916
2590.0 95.9083595011
2600.0 96.2786412344
2610.0 96.6489209583
2620.0 97.0191986395
2630.0 97.3894742443
2640.0 97.7597477384
2650.0 98.1300190876
2660.0 98.500288257
2670.0 98.8705552114
2680.0 99.2408199155
2690.0 99.6110823333
2700.0 99.9813424288
2710.0 100.351600165
2720.0 100.721855506
2730.0 101.092108414
2740.0 101.462358852
2750.0 101.832606781
2760.0 102.202852163
2770.0 102.573094961
2780.0 102.943335135
2790.0 103.313572646
2800.0 103.683807455
2810.0 104.054039521
2820.0 104.424268805
2830.0 104.794495266
2840.0 105.164718864
2850.0 105.534939558
2860.0 105.905157305
2870.0 106.275372066
2880.0 106.645583797
2890.0 107.015792456
2900.0 107.385998002
2910.0 107.75620039
2920.0 108.12639958
2930.0 108.496595526
2940.0 108.866788186
2950.0 109.236977515
2960.0 109.60716347
2970.0 109.977346006
2980.0 110.34752508
2990.0 110.717700645
3000.0 111.087872657
3010.0 111.458041072
3020.0 111.828205842
3030.0 112.198366924
3040.0 112.568524271
3050.0 112.938677836
3060.0 113.308827575
3070.0 113.678973439
3080.0 114.049115384
3090.0 114.419253362
3100.0 114.789387326
3110.0 115.15951723
3120.0 115.529643025
3130.0 115.899764666
3140.0 116.269882104
3150.0 116.639995292
3160.0 117.010104182
3170.0 117.380208728
3180.0 117.75030888
3190.0 118.120404591
3200.0 118.490495813
3210.0 118.860582498
3220.0 119.230664598
3230.0 119.600742066
3240.0 119.970814852
3250.0 120.340882909
3260.0 120.710946189
3270.0 121.081004644
3280.0 121.451058225
3290.0 121.821106885
3300.0 122.191150576
3310.0 122.561189248
3320.0 122.931222856
3330.0 123.30125135
3340.0 123.671274684
3350.0 124.041292809
3360.0 124.411305678
3370.0 124.781313244
3380.0 125.151315458
3390.0 125.521312275
3400.0 125.891303648
3410.0 126.261289528
3420.0 126.63126987
3430.0 127.001244628
3440.0 127.371213755
3450.0 127.741177205
3460.0 128.111134933
3470.0 128.481086892
3480.0 128.851033038
3490.0 129.220973326
3500.0 129.590907711
3510.0 129.960836148
3520.0 130.330758594
3530.0 130.700675006
3540.0 131.070585338
3550.0 131.440489549
3560.0 131.810387596
3570.0 132.180279437
3580.0 132.550165029
3590.0 132.920044332
3600.0 133.289917303
3610.0 133.659783904
3620.0 134.029644092
3630.0 134.39949783
3640.0 134.769345077
3650.0 135.139185795
3660.0 135.509019946
3670.0 135.878847491
3680.0 136.248668395
3690.0 136.61848262
3700.0 136.98829013
3710.0 137.35809089
3720.0 137.727884865
3730.0 138.097672021
3740.0 138.467452324
3750.0 138.837225741
3760.0 139.20699224
3770.0 139.576751789
3780.0 139.946504358
3790.0 140.316249915
3800.0 140.685988432
3810.0 141.055719879
3820.0 141.425444228
3830.0 141.795161452
3840.0 142.164871524
3850.0 142.534574418
3860.0 142.90427011
3870.0 143.273958574
3880.0 143.643639787
3890.0 144.013313727
3900.0 144.382980372
3910.0 144.7526397
3920.0 145.122291692
3930.0 145.491936328
3940.0 145.861573589
3950.0 146.231203459
3960.0 146.60082592
3970.0 146.970440957
3980.0 147.340048555
3990.0 147.7096487
4000.0 148.079241379
4010.0 148.44882658
4020.0 148.818404293
4030.0 149.187974506
4040.0 149.557537211
4050.0 149.927092401
4060.0 150.296640067
4070.0 150.666180203
4080.0 151.035712806
4090.0 151.40523787
4100.0 151.774755393
4110.0 152.144265373
4120.0 152.513767808
4130.0 152.8832627
4140.0 153.252750049
4150.0 153.622229857
4160.0 153.991702129
4170.0 154.361166868
4180.0 154.73062408
4190.0 155.100073771
4200.0 155.46951595
4210.0 155.838950626
4220.0 156.208377807
4230.0 156.577797507
4240.0 156.947209735
4250.0 157.316614507
4260.0 157.686011837
4270.0 158.055401739
4280.0 158.424784231
4290.0 158.794159331
4300.0 159.163527058
4310.0 159.532887432
4320.0 159.902240473
4330.0 160.271586206
4340.0 160.640924653
4350.0 161.010255839
4360.0 161.379579789
4370.0 161.748896532
4380.0 162.118206095
4390.0 162.487508507
4400.0 162.856803799
4410.0 163.226092003
4420.0 163.595373151
4430.0 163.964647277
4440.0 164.333914416
4450.0 164.703174605
4460.0 165.07242788
4470.0 165.44167428
4480.0 165.810913845
4490.0 166.180146615
4500.0 166.549372632
4510.0 166.918591938
4520.0 167.287804579
4530.0 167.657010598
4540.0 168.026210042
4550.0 168.395402958
4560.0 168.764589394
4570.0 169.133769401
4580.0 169.502943027
4590.0 169.872110325
4600.0 170.241271347
4610.0 170.610426147
4620.0 170.979574779
4630.0 171.348717299
4640.0 171.717853764
4650.0 172.08698423
4660.0 172.456108756
4670.0 172.825227403
4680.0 173.19434023
4690.0 173.5634473
4700.0 173.932548673
4710.0 174.301644414
4720.0 174.670734587
4730.0 175.039819256
4740.0 175.408898489
4750.0 175.777972351
4760.0 176.147040911
4770.0 176.516104236
4780.0 176.885162397
4790.0 177.254215464
4800.0 177.623263506
4810.0 177.992306597
4820.0 178.361344809
4830.0 178.730378214
4840.0 179.099406887
4850.0 179.468430903
4860.0 179.837450337
4870.0 180.206465264
4880.0 180.575475762
4890.0 180.944481918
4900.0 181.313483795
4910.0 181.682481479
4920.0 182.05147505
4930.0 182.420464588
4940.0 182.789450173
4950.0 183.158431886
4960.0 183.527409809
4970.0 183.896384024
4980.0 184.265354613
4990.0 184.63432166
5000.0 185.003285247
5010.0 185.37224546
5020.0 185.741202382
5030.0 186.110156099
5040.0 186.479106694
5050.0 186.848054255
5060.0 187.216998867
5070.0 187.585940616
5080.0 187.954879588
5090.0 188.323815871
5100.0 188.692749552
5110.0 189.061680717
5120.0 189.430609455
5130.0 189.799535853
5140.0 190.16846
5150.0 190.537381982
5160.0 190.906301889
5170.0 191.275219809
5180.0 191.64413583
5190.0 192.013050041
5200.0 192.38196253
5210.0 192.750873385
5220.0 193.119782696
5230.0 193.488690552
5240.0 193.857597039
5250.0 194.226502248
5260.0 194.595406267
5270.0 194.964309183
5280.0 195.333211085
5290.0 195.702112062
5300.0 196.071012201
5310.0 196.43991159
5320.0 196.808810317
5330.0 197.177708468
5340.0 197.546606132
5350.0 197.915503395
5360.0 198.284400343
5370.0 198.653297064
5380.0 199.022193642
5390.0 199.391090165
5400.0 199.759986716
5410.0 200.128883382
5420.0 200.497780246
5430.0 200.866677394
5440.0 201.235574908
5450.0 201.604472872
5460.0 201.97337137
5470.0 202.342270482
5480.0 202.711170293
5490.0 203.080070882
5500.0 203.44897233
5510.0 203.817874719
5520.0 204.186778128
5530.0 204.555682635
5540.0 204.924588321
5550.0 205.293495262
5560.0 205.662403536
5570.0 206.03131322
5580.0 206.40022439
5590.0 206.769137121
5600.0 207.138051489
5610.0 207.506967566
5620.0 207.875885428
5630.0 208.244805145
5640.0 208.613726791
5650.0 208.982650435
5660.0 209.35157615
5670.0 209.720504003
5680.0 210.089434064
5690.0 210.458366402
5700.0 210.827301082
5710.0 211.196238172
5720.0 211.565177737
5730.0 211.934119841
5740.0 212.303064549
5750.0 212.672011923
5760.0 213.040962026
5770.0 213.409914919
5780.0 213.778870661
5790.0 214.147829313
5800.0 214.516790933
5810.0 214.885755579
5820.0 215.254723306