0.0 0.0
120.0 5.38030141376
121.25 5.43715758538
122.5 5.49398444241
123.75 5.55078272229
125.0 5.60755315593
126.25 5.66429646681
127.5 5.72101337025
128.75 5.77770457272
130.0 5.8343707712
131.25 5.89101265266
132.5 5.94763089359
133.75 6.00422615959
135.0 6.06079910497
136.25 6.1173503725
137.5 6.17388059312
138.75 6.23039038576
140.0 6.28688035712
141.25 6.34335110158
142.5 6.39980320109
143.75 6.45623722509
145.0 6.51265373051
146.25 6.56905326171
147.5 6.62543635056
148.75 6.68180351642
150.0 6.73815526623
151.25 6.7944920946
152.5 6.85081448387
153.75 6.90712290426
155.0 6.96341781395
156.25 7.01969965926
157.5 7.07596887479
158.75 7.13222588355
160.0 7.18847109716
162.5 7.30092772942
165.0 7.41334184322
167.5 7.52571633955
170.0 7.63805395504
172.5 7.75035726847
175.0 7.86262870735
177.5 7.97487055452
180.0 8.08708495482
182.5 8.19927392155
185.0 8.31143934297
187.5 8.42358298858
190.0 8.53570651528
192.5 8.64781147332
195.0 8.75989931213
197.5 8.87197138584
200.0 8.98402895869
202.5 9.09607321019
205.0 9.20810524002
210.0 9.43213666251
215.0 9.65613060148
220.0 9.88009343503
225.0 10.1040306648
230.0 10.3279470244
235.0 10.5518465757
240.0 10.775732795
245.0 10.9996086492
250.0 11.2234766629
260.0 11.6711974018
270.0 12.1189084323
280.0 12.5666191939
290.0 13.0143361887
300.0 13.4620637692
310.0 13.9098047275
320.0 14.3575607346
330.0 14.8053326643
340.0 15.2531208321
350.0 15.7009251689
360.0 16.1487453477
370.0 16.5965808737
380.0 17.0444311499
390.0 17.4922955221
400.0 17.9401733115
410.0 18.3880638359
420.0 18.8359664249
430.0 19.283880429
440.0 19.7318052255
450.0 20.1797402217
460.0 20.6276848566
470.0 21.0756386012
480.0 21.5236009575
490.0 21.9715714582
500.0 22.4195496647
510.0 22.8675351662
520.0 23.3155275775
530.0 23.763526538
540.0 24.2115317098
550.0 24.6595427763
560.0 25.1075594406
570.0 25.5555814247
580.0 26.0036084675
590.0 26.4516403243
600.0 26.8996767652
610.0 27.3477175745
620.0 27.7957625494
630.0 28.2438114996
640.0 28.691864246
650.0 29.1399206202
660.0 29.587980464
670.0 30.0360436285
680.0 30.4841099735
690.0 30.9321793672
700.0 31.3802516855
710.0 31.8283268116
720.0 32.2764046357
730.0 32.7244850542
740.0 33.17256797
750.0 33.6206532913
760.0 34.0687409322
770.0 34.5168308116
780.0 34.9649228534
790.0 35.4130169861
800.0 35.8611131425
810.0 36.3092112598
820.0 36.7573112787
830.0 37.2054131441
840.0 37.6535168041
850.0 38.1016222103
860.0 38.5497293178
870.0 38.9978380843
880.0 39.4459484708
890.0 39.8940604411
900.0 40.3421739615
910.0 40.7902890011
920.0 41.2384055314
930.0 41.6865235264
940.0 42.1346429622
950.0 42.5827638173
960.0 43.0308860722
970.0 43.4790097097
980.0 43.9271347145
990.0 44.3752610731
1000.0 44.8233887742
1010.0 45.2715178082
1020.0 45.7196481672
1030.0 46.1677798452
1040.0 46.6159128379
1050.0 47.0640471428
1060.0 47.5121827588
1070.0 47.9603196868
1080.0 48.408457929
1090.0 48.8565974894
1100.0 49.3047383734
1110.0 49.7528805883
1120.0 50.2010241426
1130.0 50.6491690465
1140.0 51.0973153119
1150.0 51.545462952
1160.0 51.9936119817
1170.0 52.4417624176
1180.0 52.8899142775
1190.0 53.3380675812
1200.0 53.7862223497
1210.0 54.2343786059
1220.0 54.6825363742
1230.0 55.1306956807
1240.0 55.578856553
1250.0 56.0270190206
1260.0 56.4751831147
1270.0 56.9233488681
1280.0 57.3715163155
1290.0 57.8196854933
1300.0 58.2678564398
1310.0 58.7160291953
1320.0 59.164203802
1330.0 59.6123803037
1340.0 60.0605587468
1350.0 60.5087391793
1360.0 60.9569216516
1370.0 61.405106216
1380.0 61.8532929273
1390.0 62.3014818423
1400.0 62.7496730202
1410.0 63.1978665228
1420.0 63.6460624142
1430.0 64.0942607608
1440.0 64.542461632
1450.0 64.9906650996
1460.0 65.4388712381
1470.0 65.8870801249
1480.0 66.3352918403
1490.0 66.7835064674
1500.0 67.2317240926
1510.0 67.6799448051
1520.0 68.1281686975
1530.0 68.5763958657
1540.0 69.0246264089
1550.0 69.4728604299
1560.0 69.9210980348
1570.0 70.3693393338
1580.0 70.8175844404
1590.0 71.2658334723
1600.0 71.714086551
1610.0 72.1623438023
1620.0 72.6106053558
1630.0 73.0588713459
1640.0 73.5071419109
1650.0 73.9554171941
1660.0 74.4036973431
1670.0 74.8519825104
1680.0 75.3002728535
1690.0 75.7485685347
1700.0 76.1968697216
1710.0 76.645176587
1720.0 77.0934893093
1730.0 77.5418080721
1740.0 77.9901330649
1750.0 78.438464483
1760.0 78.8868025276
1770.0 79.335147406
1780.0 79.7834993318
1790.0 80.2318585249
1800.0 80.6802252118
1810.0 81.1285996256
1820.0 81.5769820064
1830.0 82.0253726011
1840.0 82.4737716638
1850.0 82.922179456
1860.0 83.3705962465
1870.0 83.8190223117
1880.0 84.267457936
1890.0 84.7159034114
1900.0 85.1643590383
1910.0 85.6128251252
1920.0 86.0613019891
1930.0 86.5097899555
1940.0 86.9582893586
1950.0 87.4068005417
1960.0 87.8553238571
1970.0 88.3038596663
1980.0 88.7524083403
1990.0 89.2009702596
2000.0 89.6495458145
2010.0 90.0981354052
2020.0 90.5467394421
2030.0 90.9953583456
2040.0 91.4439925467
2050.0 91.892642487
2060.0 92.3413086188
2070.0 92.7899914051
2080.0 93.2386913203
2090.0 93.6874088499
2100.0 94.1361444906
2110.0 94.5848987509
2120.0 95.0336721509
2130.0 95.4824652223
2140.0 95.9312785092
2150.0 96.3801125676
2160.0 96.8289679656
2170.0 97.2778452842
2180.0 97.7267451164
2190.0 98.1756680682
2200.0 98.6246147584
2210.0 99.0735858187
2220.0 99.5225818937
2230.0 99.9716036413
2240.0 100.420651733
2250.0 100.869726852
2260.0 101.318829699
2270.0 101.767960983
2280.0 102.21712143
2290.0 102.666311779
2300.0 103.115532784
2310.0 103.56478521
2320.0 104.014069839
2330.0 104.463387464
2340.0 104.912738896
2350.0 105.362124956
2360.0 105.811546481
2370.0 106.261004323
2380.0 106.710499347
2390.0 107.160032432
2400.0 107.609604472
2410.0 108.059216374
2420.0 108.508869061
2430.0 108.958563469
2440.0 109.408300547
2450.0 109.858081259
2460.0 110.307906584
2470.0 110.757777514
2480.0 111.207695054
2490.0 111.657660223
2500.0 112.107674055
2510.0 112.557737596
2520.0 113.007851906
2530.0 113.458018057
2540.0 113.908237137
2550.0 114.358510244
2560.0 114.808838489
2570.0 115.259222998
2580.0 115.709664905
2590.0 116.160165361
2600.0 116.610725525
2610.0 117.06134657
2620.0 117.512029679
2630.0 117.962776047
2640.0 118.413586879
2650.0 118.86446339
2660.0 119.315406808
2670.0 119.766418367
2680.0 120.217499313
2690.0 120.668650902
2700.0 121.119874395
2710.0 121.571171066
2720.0 122.022542193
2730.0 122.473989065
2740.0 122.925512975
2750.0 123.377115225
2760.0 123.828797123
2770.0 124.280559982
2780.0 124.73240512
2790.0 125.18433386
2800.0 125.636347531
2810.0 126.088447465
2820.0 126.540634994
2830.0 126.992911458
2840.0 127.445278195
2850.0 127.897736547
2860.0 128.350287854
2870.0 128.80293346
2880.0 129.255674706
2890.0 129.708512933
2900.0 130.161449481
2910.0 130.614485686
2920.0 131.067622882
2930.0 131.5208624
2940.0 131.974205567
2950.0 132.427653704
2960.0 132.881208125
2970.0 133.334870141
2980.0 133.788641053
2990.0 134.242522156
3000.0 134.696514734
3010.0 135.150620065
3020.0 135.604839413
3030.0 136.059174034
3040.0 136.513625171
3050.0 136.968194055
3060.0 137.422881904
3070.0 137.87768992
3080.0 138.332619293
3090.0 138.787671196
3100.0 139.242846784
3110.0 139.698147198
3120.0 140.153573559
3130.0 140.609126968
3140.0 141.064808509
3150.0 141.520619243
3160.0 141.976560211
3170.0 142.432632432
3180.0 142.888836902
3190.0 143.345174593
3200.0 143.801646451
3210.0 144.258253401
3220.0 144.714996337
3230.0 145.171876129
3240.0 145.628893618
3250.0 146.086049618
3260.0 146.543344912
3270.0 147.000780255
3280.0 147.45835637
3290.0 147.916073949
3300.0 148.373933652
3310.0 148.831936106
3320.0 149.290081904
3330.0 149.748371605
3340.0 150.206805734
3350.0 150.665384779
3360.0 151.124109193
3370.0 151.582979392
3380.0 152.041995755
3390.0 152.501158621
3400.0 152.960468292
3410.0 153.419925031
3420.0 153.879529061
3430.0 154.339280565
3440.0 154.799179684
3450.0 155.259226521
3460.0 155.719421133
3470.0 156.179763539
3480.0 156.640253713
3490.0 157.100891589
3500.0 157.561677053
3510.0 158.022609953
3520.0 158.483690091
3530.0 158.944917222
3540.0 159.406291063
3550.0 159.86781128
3560.0 160.329477498
3570.0 160.791289297
3580.0 161.253246211
3590.0 161.715347729
3600.0 162.177593295
3610.0 162.639982307
3620.0 163.102514119
3630.0 163.565188038
3640.0 164.028003329
3650.0 164.490959207
3660.0 164.954054846
3670.0 165.417289374
3680.0 165.880661872
3690.0 166.344171379
3700.0 166.807816889
3710.0 167.271597352
3720.0 167.735511672
3730.0 168.199558712
3740.0 168.663737291
3750.0 169.128046185
3760.0 169.592484127
3770.0 170.05704981
3780.0 170.521741882
3790.0 170.986558955
3800.0 171.451499595
3810.0 171.916562332
3820.0 172.381745654
3830.0 172.847048013
3840.0 173.31246782
3850.0 173.778003451
3860.0 174.243653245
3870.0 174.709415503
3880.0 175.175288493
3890.0 175.641270447
3900.0 176.107359565