0.0 0.0
120.0 4.51246073418
120.625 4.53493206751
121.25 4.55741215386
122.5 4.60239789633
123.75 4.64741662764
125.0 4.69246708221
126.25 4.73754805872
127.5 4.78265841625
128.75 4.82779707064
130.0 4.87296299116
131.25 4.91815519736
132.5 4.9633727562
133.75 5.00861477925
135.0 5.05388042019
136.25 5.09916887242
137.5 5.14447936681
138.75 5.18981116964
140.0 5.23516358063
141.25 5.28053593109
142.5 5.32592758224
143.75 5.37133792357
145.0 5.41676637135
146.25 5.46221236719
147.5 5.50767537671
148.75 5.55315488829
150.0 5.59865041189
151.25 5.64416147793
152.5 5.68968763627
153.75 5.7352284552
155.0 5.78078352051
156.25 5.82635243466
157.5 5.87193481588
158.75 5.91753029749
160.0 5.96313852705
161.25 6.00875916579
162.5 6.05439188786
165.0 6.14569233971
167.5 6.2370375123
170.0 6.32842520639
172.5 6.41985337833
175.0 6.5113201262
177.5 6.60282367743
180.0 6.69436237755
182.5 6.78593468012
185.0 6.87753913769
187.5 6.96917439355
190.0 7.06083917432
192.5 7.15253228325
195.0 7.24425259413
197.5 7.33599904579
200.0 7.42777063704
202.5 7.51956642216
205.0 7.61138550673
207.5 7.70322704387
210.0 7.79509023075
212.5 7.88697430548
215.0 7.97887854424
217.5 8.0708022586
220.0 8.16274479315
222.5 8.25470552328
225.0 8.34668385314
230.0 8.53069106147
235.0 8.71476215953
240.0 8.89889324415
245.0 9.08308072627
250.0 9.26732129558
255.0 9.45161189025
260.0 9.63594967096
265.0 9.82033199835
270.0 10.0047564136
275.0 10.1892206215
280.0 10.3737224756
285.0 10.5582599651
290.0 10.7428312037
295.0 10.9274344191
300.0 11.1120679446
305.0 11.2967302103
310.0 11.4814197368
315.0 11.666135128
320.0 11.8508750659
330.0 12.2204236677
340.0 12.5900563672
350.0 12.9597649447
360.0 13.3295420238
370.0 13.6993809758
380.0 14.0692758377
390.0 14.4392212408
400.0 14.8092123486
410.0 15.1792448021
420.0 15.549314671
430.0 15.919418411
440.0 16.2895528247
450.0 16.6597150278
460.0 17.0299024176
470.0 17.4001126457
480.0 17.7703435926
490.0 18.1405933456
500.0 18.5108601778
510.0 18.8811425305
520.0 19.2514389964
530.0 19.6217483044
540.0 19.9920693067
550.0 20.3624009661
560.0 20.7327423455
570.0 21.1030925977
580.0 21.4734509567
590.0 21.8438167295
600.0 22.2141892891
610.0 22.5845680677
620.0 22.9549525509
630.0 23.3253422727
640.0 23.6957368104
650.0 24.0661357803
660.0 24.4365388341
670.0 24.8069456553
680.0 25.1773559559
690.0 25.547769474
700.0 25.9181859707
710.0 26.2886052285
720.0 26.6590270487
730.0 27.0294512498
740.0 27.3998776658
750.0 27.7703061448
760.0 28.1407365475
770.0 28.5111687461
780.0 28.8816026232
790.0 29.2520380709
800.0 29.6224749898
810.0 29.9929132881
820.0 30.3633528812
830.0 30.733793691
840.0 31.1042356448
850.0 31.4746786757
860.0 31.8451227214
870.0 32.2155677238
880.0 32.5860136292
890.0 32.9564603873
900.0 33.3269079512
910.0 33.6973562771
920.0 34.0678053241
930.0 34.4382550537
940.0 34.8087054299
950.0 35.1791564189
960.0 35.5496079886
970.0 35.9200601092
980.0 36.2905127523
990.0 36.6609658911
1000.0 37.0314195002
1010.0 37.4018735559
1020.0 37.7723280351
1030.0 38.1427829165
1040.0 38.5132381793
1050.0 38.8836938041
1060.0 39.2541497722
1070.0 39.6246060658
1080.0 39.995062668
1090.0 40.3655195623
1100.0 40.7359767332
1110.0 41.1064341657
1120.0 41.4768918455
1130.0 41.8473497588
1140.0 42.2178078921
1150.0 42.5882662328
1160.0 42.9587247683
1170.0 43.3291834868
1180.0 43.6996423766
1190.0 44.0701014265
1200.0 44.4405606256
1210.0 44.8110199634
1220.0 45.1814794295
1230.0 45.5519390141
1240.0 45.9223987072
1250.0 46.2928584995
1260.0 46.6633183815
1270.0 47.0337783442
1280.0 47.4042383787
1290.0 47.7746984762
1300.0 48.1451586282
1310.0 48.5156188263
1320.0 48.8860790621
1330.0 49.2565393274
1340.0 49.6269996142
1350.0 49.9974599146
1360.0 50.3679202206
1370.0 50.7383805246
1380.0 51.1088408186
1390.0 51.4793010952
1400.0 51.8497613467
1410.0 52.2202215655
1420.0 52.5906817441
1430.0 52.9611418751
1440.0 53.331601951
1450.0 53.7020619643
1460.0 54.0725219075
1470.0 54.4429817734
1480.0 54.8134415544
1490.0 55.183901243
1500.0 55.5543608319
1510.0 55.9248203135
1520.0 56.2952796803
1530.0 56.6657389248
1540.0 57.0361980393
1550.0 57.4066570162
1560.0 57.7771158479
1570.0 58.1475745266
1580.0 58.5180330446
1590.0 58.8884913939
1600.0 59.2589495665
1610.0 59.6294075546
1620.0 59.9998653501
1630.0 60.3703229446
1640.0 60.74078033
1650.0 61.111237498
1660.0 61.48169444
1670.0 61.8521511476
1680.0 62.222607612
1690.0 62.5930638245
1700.0 62.9635197761
1710.0 63.333975458
1720.0 63.7044308609
1730.0 64.0748859757
1740.0 64.4453407928
1750.0 64.8157953028
1760.0 65.1862494961
1770.0 65.5567033627
1780.0 65.9271568929
1790.0 66.2976100764
1800.0 66.6680629029
1810.0 67.0385153622
1820.0 67.4089674436
1830.0 67.7794191363
1840.0 68.1498704294
1850.0 68.5203213118
1860.0 68.8907717724
1870.0 69.2612217995
1880.0 69.6316713816
1890.0 70.0021205068
1900.0 70.3725691632
1910.0 70.7430173384
1920.0 71.1134650202
1930.0 71.4839121958
1940.0 71.8543588525
1950.0 72.2248049771
1960.0 72.5952505566
1970.0 72.9656955773
1980.0 73.3361400256
1990.0 73.7065838876
2000.0 74.0770271491
2010.0 74.4474697958
2020.0 74.8179118131
2030.0 75.1883531861
2040.0 75.5587938997
2050.0 75.9292339386
2060.0 76.2996732872
2070.0 76.6701119297
2080.0 77.04054985
2090.0 77.4109870317
2100.0 77.7814234583
2110.0 78.1518591129
2120.0 78.5222939783
2130.0 78.8927280371
2140.0 79.2631612717
2150.0 79.6335936641
2160.0 80.004025196
2170.0 80.3744558489
2180.0 80.7448856041
2190.0 81.1153144424
2200.0 81.4857423445
2210.0 81.8561692906
2220.0 82.2265952608
2230.0 82.5970202348
2240.0 82.967444192
2250.0 83.3378671116
2260.0 83.7082889724
2270.0 84.0787097528
2280.0 84.4491294311
2290.0 84.8195479851
2300.0 85.1899653924
2310.0 85.5603816302
2320.0 85.9307966754
2330.0 86.3012105047
2340.0 86.6716230942
2350.0 87.04203442
2360.0 87.4124444575
2370.0 87.7828531822
2380.0 88.153260569
2390.0 88.5236665924
2400.0 88.8940712267
2410.0 89.2644744458
2420.0 89.6348762235
2430.0 90.0052765328
2440.0 90.3756753467
2450.0 90.7460726377
2460.0 91.1164683782
2470.0 91.4868625399
2480.0 91.8572550944
2490.0 92.2276460128
2500.0 92.598035266
2510.0 92.9684228244
2520.0 93.3388086582
2530.0 93.7091927372
2540.0 94.0795750307
2550.0 94.4499555078
2560.0 94.8203341373
2570.0 95.1907108875
2580.0 95.5610857265
2590.0 95.9314586218
2600.0 96.3018295409
2610.0 96.6721984506
2620.0 97.0425653176
2630.0 97.4129301081
2640.0 97.783292788
2650.0 98.153653323
2660.0 98.5240116781
2670.0 98.8943678184
2680.0 99.2647217082
2690.0 99.6350733118
2700.0 100.005422593
2710.0 100.375769515
2720.0 100.746114042
2730.0 101.116456136
2740.0 101.486795759
2750.0 101.857132874
2760.0 102.227467442
2770.0 102.597799426
2780.0 102.968128786
2790.0 103.338455482
2800.0 103.708779477
2810.0 104.079100729
2820.0 104.449419199
2830.0 104.819734846
2840.0 105.190047629
2850.0 105.560357509
2860.0 105.930664442
2870.0 106.300968388
2880.0 106.671269305
2890.0 107.04156715
2900.0 107.411861881
2910.0 107.782153456
2920.0 108.152441831
2930.0 108.522726963
2940.0 108.893008809
2950.0 109.263287324
2960.0 109.633562465
2970.0 110.003834187
2980.0 110.374102446
2990.0 110.744367197
3000.0 111.114628395
3010.0 111.484885995
3020.0 111.855139952
3030.0 112.225390219
3040.0 112.595636751
3050.0 112.965879503
3060.0 113.336118427
3070.0 113.706353477
3080.0 114.076584608
3090.0 114.446811772
3100.0 114.817034922
3110.0 115.187254011
3120.0 115.557468992
3130.0 115.927679819
3140.0 116.297886442
3150.0 116.668088816
3160.0 117.038286892
3170.0 117.408480623
3180.0 117.778669961
3190.0 118.148854858
3200.0 118.519035266
3210.0 118.889211137
3220.0 119.259382423
3230.0 119.629549076
3240.0 119.999711048
3250.0 120.369868291
3260.0 120.740020757
3270.0 121.110168398
3280.0 121.480311165
3290.0 121.85044901
3300.0 122.220581886
3310.0 122.590709745
3320.0 122.960832538
3330.0 123.330950218
3340.0 123.701062738
3350.0 124.071170048
3360.0 124.441272103
3370.0 124.811368855
3380.0 125.181460255
3390.0 125.551546258
3400.0 125.921626816
3410.0 126.291701882
3420.0 126.66177141
3430.0 127.031835354
3440.0 127.401893666
3450.0 127.771946302
3460.0 128.141993215
3470.0 128.51203436
3480.0 128.882069692
3490.0 129.252099166
3500.0 129.622122736
3510.0 129.99214036
3520.0 130.362151992
3530.0 130.732157589
3540.0 131.102157107
3550.0 131.472150504
3560.0 131.842137737
3570.0 132.212118763
3580.0 132.582093541
3590.0 132.952062029
3600.0 133.322024186
3610.0 133.691979972
3620.0 134.061929347
3630.0 134.43187227
3640.0 134.801808703
3650.0 135.171738607
3660.0 135.541661943
3670.0 135.911578675
3680.0 136.281488764
3690.0 136.651392174
3700.0 137.02128887
3710.0 137.391178816
3720.0 137.761061977
3730.0 138.130938318
3740.0 138.500807807
3750.0 138.87067041
3760.0 139.240526095
3770.0 139.61037483
3780.0 139.980216584
3790.0 140.350051327
3800.0 140.719879029
3810.0 141.089699662
3820.0 141.459513197
3830.0 141.829319607
3840.0 142.199118865
3850.0 142.568910945
3860.0 142.938695822
3870.0 143.308473472
3880.0 143.678243871
3890.0 144.048006996
3900.0 144.417762827
3910.0 144.787511341
3920.0 145.157252518
3930.0 145.52698634
3940.0 145.896712787
3950.0 146.266431843
3960.0 146.63614349
3970.0 147.005847712
3980.0 147.375544496
3990.0 147.745233826
4000.0 148.114915691
4010.0 148.484590078
4020.0 148.854256976
4030.0 149.223916375
4040.0 149.593568266
4050.0 149.963212641
4060.0 150.332849493
4070.0 150.702478815
4080.0 151.072100604
4090.0 151.441714853
4100.0 151.811321562
4110.0 152.180920727
4120.0 152.550512349
4130.0 152.920096426
4140.0 153.289672961
4150.0 153.659241955
4160.0 154.028803412
4170.0 154.398357336
4180.0 154.767903734
4190.0 155.137442611
4200.0 155.506973976
4210.0 155.876497837
4220.0 156.246014205
4230.0 156.61552309
4240.0 156.985024504
4250.0 157.354518462
4260.0 157.724004977
4270.0 158.093484065
4280.0 158.462955743
4290.0 158.832420028
4300.0 159.201876941
4310.0 159.5713265
4320.0 159.940768728
4330.0 160.310203646
4340.0 160.679631278
4350.0 161.04905165
4360.0 161.418464786
4370.0 161.787870714
4380.0 162.157269463
4390.0 162.526661061
4400.0 162.896045539
4410.0 163.265422928
4420.0 163.634793262
4430.0 164.004156573
4440.0 164.373512898
4450.0 164.742862273
4460.0 165.112204734
4470.0 165.48154032
4480.0 165.85086907
4490.0 166.220191026
4500.0 166.589506228
4510.0 166.95881472
4520.0 167.328116546
4530.0 167.697411751
4540.0 168.066700381
4550.0 168.435982482
4560.0 168.805258105
4570.0 169.174527297
4580.0 169.543790109
4590.0 169.913046592
4600.0 170.2822968
4610.0 170.651540786
4620.0 171.020778604
4630.0 171.390010309
4640.0 171.759235959
4650.0 172.128455611
4660.0 172.497669323
4670.0 172.866877156
4680.0 173.236079168
4690.0 173.605275423
4700.0 173.974465982
4710.0 174.343650909
4720.0 174.712830268
4730.0 175.082004123
4740.0 175.451172541
4750.0 175.820335589
4760.0 176.189493334
4770.0 176.558645845
4780.0 176.927793192
4790.0 177.296935444
4800.0 177.666072672
4810.0 178.035204949
4820.0 178.404332346
4830.0 178.773454937
4840.0 179.142572796
4850.0 179.511685997
4860.0 179.880794617
4870.0 180.24989873
4880.0 180.618998413
4890.0 180.988093755
4900.0 181.357184817
4910.0 181.726271687
4920.0 182.095354443
4930.0 182.464433167
4940.0 182.833507938
4950.0 183.202578836
4960.0 183.571645945
4970.0 183.940709346
4980.0 184.30976912
4990.0 184.678825353
5000.0 185.047878126
5010.0 185.416927524
5020.0 185.785973632
5030.0 186.155016534
5040.0 186.524056316
5050.0 186.893093062
5060.0 187.262126859
5070.0 187.631157794
5080.0 188.000185952
5090.0 188.369211421
5100.0 188.738234287
5110.0 189.107254638
5120.0 189.476272562
5130.0 189.845288145
5140.0 190.214301477
5150.0 190.583312646
5160.0 190.952321738
5170.0 191.321328844
5180.0 191.69033405
5190.0 192.059337446
5200.0 192.428339121
5210.0 192.797339162
5220.0 193.166337659
5230.0 193.5353347
5240.0 193.904330373
5250.0 194.273324768
5260.0 194.642317972
5270.0 195.011310074
5280.0 195.380301162
5290.0 195.749291324
5300.0 196.118280649
5310.0 196.487269223
5320.0 196.856257136
5330.0 197.225244473
5340.0 197.594231322
5350.0 197.96321777
5360.0 198.332203905
5370.0 198.701189811
5380.0 199.070175575
5390.0 199.439161283
5400.0 199.80814702
5410.0 200.177132871
5420.0 200.546118921
5430.0 200.915105255
5440.0 201.284091954
5450.0 201.653079104
5460.0 202.022066787
5470.0 202.391055086
5480.0 202.760044082
5490.0 203.129033856
5500.0 203.49802449
5510.0 203.867016065
5520.0 204.236008659
5530.0 204.605002352
5540.0 204.973997223
5550.0 205.34299335
5560.0 205.71199081
5570.0 206.080989679
5580.0 206.449990035
5590.0 206.818991952
5600.0 207.187995505
5610.0 207.557000768
5620.0 207.926007815
5630.0 208.295016718
5640.0 208.66402755
5650.0 209.03304038
5660.0 209.40205528
5670.0 209.771072319
5680.0 210.140091566
5690.0 210.509113089
5700.0 210.878136955
5710.0 211.24716323
5720.0 211.616191981
5730.0 211.985223271
5740.0 212.354257164
5750.0 212.723293724
5760.0 213.092333013
5770.0 213.461375091
5780.0 213.830420019
5790.0 214.199467857
5800.0 214.568518662
5810.0 214.937572493
5820.0 215.306629406