0.0 0.0
120.0 5.37923240231
121.25 5.43607734271
122.5 5.49289296633
123.75 5.54968001061
125.0 5.60643920643
126.25 5.66317127728
127.5 5.71987693848
128.75 5.77655689648
130.0 5.83321184825
131.25 5.88984248077
132.5 5.9464494705
133.75 6.00303348304
135.0 6.05959517271
136.25 6.11613518225
137.5 6.17265414261
138.75 6.2291526727
140.0 6.28563137921
141.25 6.34209085653
142.5 6.39853168658
143.75 6.45495443881
145.0 6.51135967014
146.25 6.56774792492
147.5 6.624119735
148.75 6.68047561976
150.0 6.73681608611
151.25 6.79314162866
152.5 6.84945272974
155.0 6.9620334763
157.5 7.07456194406
160.0 7.18704156372
162.5 7.29947558358
165.0 7.41186707522
167.5 7.52421893958
170.0 7.63653391323
172.5 7.74881457487
175.0 7.86106335195
177.5 7.97328252726
180.0 8.08547424555
182.5 8.19764052007
185.0 8.30978323903
187.5 8.42190417184
190.0 8.53400497533
195.0 8.75815229433
200.0 8.98223642064
205.0 9.20626713879
210.0 9.43025295461
215.0 9.65420124286
220.0 9.87811838111
225.0 10.1020098704
230.0 10.3258804438
240.0 10.7735745024
250.0 11.2212264683
260.0 11.6688551104
270.0 12.1164738443
280.0 12.5640921045
290.0 13.0117163879
300.0 13.4593510418
310.0 13.9069988528
320.0 14.3546614864
330.0 14.8023398107
340.0 15.2500341356
350.0 15.697744386
360.0 16.1454702287
370.0 16.5932111629
380.0 17.0409665852
390.0 17.4887358349
400.0 17.9365182266
410.0 18.3843130714
420.0 18.8321196918
430.0 19.2799374313
440.0 19.7277656598
450.0 20.1756037772
460.0 20.6234512151
470.0 21.0713074363
480.0 21.5191719351
490.0 21.9670442359
500.0 22.4149238918
510.0 22.8628104832
520.0 23.3107036163
530.0 23.7586029214
540.0 24.2065080514
550.0 24.6544186802
560.0 25.1023345013
570.0 25.5502552265
580.0 25.9981805848
590.0 26.4461103208
600.0 26.894044194
610.0 27.3419819776
620.0 27.7899234577
630.0 28.2378684321
640.0 28.6858167101
650.0 29.1337681111
660.0 29.5817224642
670.0 30.0296796076
680.0 30.4776393882
690.0 30.9256016604
700.0 31.3735662862
710.0 31.8215331346
720.0 32.269502081
730.0 32.7174730068
740.0 33.1654457992
750.0 33.6134203506
760.0 34.0613965585
770.0 34.5093743251
780.0 34.9573535568
790.0 35.4053341643
800.0 35.853316062
810.0 36.3012991681
820.0 36.7492834039
830.0 37.1972686942
840.0 37.6452549664
850.0 38.093242151
860.0 38.5412301809
870.0 38.9892189915
880.0 39.4372085204
890.0 39.8851987073
900.0 40.333189494
910.0 40.7811808241
920.0 41.2291726426
930.0 41.6771648965
940.0 42.125157534
950.0 42.5731505047
960.0 43.0211437594
970.0 43.46913725
980.0 43.9171309297
990.0 44.3651247522
1000.0 44.8131186723
1010.0 45.2611126456
1020.0 45.7091066282
1030.0 46.1571005769
1040.0 46.6050944489
1050.0 47.053088202
1060.0 47.5010817941
1070.0 47.9490751836
1080.0 48.397068329
1090.0 48.8450611889
1100.0 49.293053722
1110.0 49.7410458871
1120.0 50.1890376428
1130.0 50.6370289475
1140.0 51.0850197596
1150.0 51.5330100371
1160.0 51.9809997378
1170.0 52.4289888188
1180.0 52.8769772371
1190.0 53.3249649491
1200.0 53.7729519103
1210.0 54.2209380761
1220.0 54.6689234007
1230.0 55.1169078379
1240.0 55.5648913404
1250.0 56.0128738601
1260.0 56.4608553481
1270.0 56.9088357542
1280.0 57.3568150273
1290.0 57.8047931151
1300.0 58.2527699641
1310.0 58.7007455195
1320.0 59.1487197251
1330.0 59.5966925233
1340.0 60.0446638552
1350.0 60.49263366
1360.0 60.9406018756
1370.0 61.388568438
1380.0 61.8365332813
1390.0 62.2844963382
1400.0 62.7324575389
1410.0 63.180416812
1420.0 63.628374084
1430.0 64.0763292789
1440.0 64.5242823187
1450.0 64.9722331231
1460.0 65.4201816093
1470.0 65.868127692
1480.0 66.3160712832
1490.0 66.7640122924
1500.0 67.2119506262
1510.0 67.6598861884
1520.0 68.1078188798
1530.0 68.555748598
1540.0 69.0036752376
1550.0 69.4515986899
1560.0 69.8995188428
1570.0 70.3474355807
1580.0 70.7953487845
1590.0 71.2432583313
1600.0 71.6911640944
1610.0 72.1390659432
1620.0 72.5869637431
1630.0 73.0348573554
1640.0 73.4827466369
1650.0 73.9306314403
1660.0 74.3785116136
1670.0 74.8263870001
1680.0 75.2742574384
1690.0 75.7221227624
1700.0 76.1699828006
1710.0 76.6178373765
1720.0 77.0656863084
1730.0 77.5135294091
1740.0 77.9613664857
1750.0 78.4091973396
1760.0 78.8570217665
1770.0 79.304839556
1780.0 79.7526504914
1790.0 80.20045435
1800.0 80.6482509023
1810.0 81.0960399125
1820.0 81.5438211377
1830.0 81.9915943285
1840.0 82.439359228
1850.0 82.8871155723
1860.0 83.3348630902
1870.0 83.7826015027
1880.0 84.2303305233
1890.0 84.6780498574
1900.0 85.1257592026
1910.0 85.5734582481
1920.0 86.0211466748
1930.0 86.4688241552
1940.0 86.9164903528
1950.0 87.3641449225
1960.0 87.81178751
1970.0 88.2594177519
1980.0 88.7070352753
1990.0 89.1546396978
2000.0 89.6022306273
2010.0 90.0498076619
2020.0 90.4973703895
2030.0 90.944918388
2040.0 91.3924512246
2050.0 91.8399684562
2060.0 92.2874696289
2070.0 92.734954278
2080.0 93.1824219278
2090.0 93.6298720911
2100.0 94.0773042698
2110.0 94.5247179539
2120.0 94.972112622
2130.0 95.4194877407
2140.0 95.8668427649
2150.0 96.3141771371
2160.0 96.7614902877
2170.0 97.2087816347
2180.0 97.6560505836
2190.0 98.1032965271
2200.0 98.5505188454
2210.0 98.9977169054
2220.0 99.4448900614
2230.0 99.8920376542
2240.0 100.339159012
2250.0 100.786253448
2260.0 101.233320264
2270.0 101.680358746
2280.0 102.12736817
2290.0 102.574347794
2300.0 103.021296865
2310.0 103.468214615
2320.0 103.915100262
2330.0 104.361953011
2340.0 104.808772052
2350.0 105.25555656
2360.0 105.7023057
2370.0 106.149018617
2380.0 106.595694447
2390.0 107.042332308
2400.0 107.488931306
2410.0 107.935490534
2420.0 108.382009066
2430.0 108.828485968
2440.0 109.274920288
2450.0 109.721311062
2460.0 110.167657309
2470.0 110.613958038
2480.0 111.060212243
2490.0 111.506418902
2500.0 111.952576982
2510.0 112.398685436
2520.0 112.844743204
2530.0 113.290749211
2540.0 113.73670237
2550.0 114.182601583
2560.0 114.628445736
2570.0 115.074233705
2580.0 115.519964352
2590.0 115.965636528
2600.0 116.411249073
2610.0 116.856800812
2620.0 117.302290562
2630.0 117.747717128
2640.0 118.193079304
2650.0 118.638375873
2660.0 119.083605609
2670.0 119.528767275
2680.0 119.973859624
2690.0 120.418881403
2700.0 120.863831346
2710.0 121.308708182
2720.0 121.75351063
2730.0 122.198237401
2740.0 122.642887202
2750.0 123.08745873
2760.0 123.531950677
2770.0 123.97636173
2780.0 124.420690568
2790.0 124.864935868
2800.0 125.309096303
2810.0 125.753170539
2820.0 126.197157242
2830.0 126.641055074
2840.0 127.084862695
2850.0 127.528578763
2860.0 127.972201936
2870.0 128.415730872
2880.0 128.859164228
2890.0 129.302500663
2900.0 129.745738837
2910.0 130.188877412
2920.0 130.631915055
2930.0 131.074850433
2940.0 131.51768222
2950.0 131.960409095
2960.0 132.403029741
2970.0 132.845542849
2980.0 133.287947117
2990.0 133.73024125
3000.0 134.172423961
3010.0 134.614493975
3020.0 135.056450026
3030.0 135.498290857
3040.0 135.940015225
3050.0 136.3816219
3060.0 136.823109662
3070.0 137.264477308
3080.0 137.70572365
3090.0 138.146847513
3100.0 138.587847741
3110.0 139.028723194
3120.0 139.469472751
3130.0 139.910095309
3140.0 140.350589785
3150.0 140.790955116
3160.0 141.231190262
3170.0 141.671294204
3180.0 142.111265945
3190.0 142.551104512
3200.0 142.990808959
3210.0 143.430378362
3220.0 143.869811825
3230.0 144.309108479
3240.0 144.748267481
3250.0 145.187288018
3260.0 145.626169306
3270.0 146.064910591
3280.0 146.503511147
3290.0 146.941970285
3300.0 147.380287343
3310.0 147.818461693
3320.0 148.256492743
3330.0 148.694379933
3340.0 149.132122738
3350.0 149.569720669
3360.0 150.007173273
3370.0 150.444480134
3380.0 150.881640874
3390.0 151.318655152
3400.0 151.755522665
3410.0 152.192243152
3420.0 152.628816388
3430.0 153.06524219
3440.0 153.501520417
3450.0 153.937650967
3460.0 154.373633781
3470.0 154.80946884
3480.0 155.245156169
3490.0 155.680695837
3500.0 156.116087953
3510.0 156.551332673
3520.0 156.986430193
3530.0 157.421380756
3540.0 157.856184649
3550.0 158.290842201
3560.0 158.72535379
3570.0 159.159719834
3580.0 159.5939408
3590.0 160.028017199
3600.0 160.461949586
3610.0 160.895738562
3620.0 161.329384774
3630.0 161.762888913
3640.0 162.196251717
3650.0 162.629473967
3660.0 163.062556492
3670.0 163.495500163
3680.0 163.928305898
3690.0 164.360974657
3700.0 164.793507448
3710.0 165.22590532
3720.0 165.658169367
3730.0 166.090300728
3740.0 166.522300583
3750.0 166.954170156
3760.0 167.385910712
3770.0 167.817523561
3780.0 168.249010052
3790.0 168.680371576
3800.0 169.111609564
3810.0 169.542725486
3820.0 169.973720855
3830.0 170.404597218
3840.0 170.835356163
3850.0 171.265999316
3860.0 171.696528337
3870.0 172.126944925
3880.0 172.557250811
3890.0 172.987447762
3900.0 173.417537579