0.0 0.0
120.0 4.50984668703
120.625 4.53230440624
121.25 4.55477087847
122.5 4.59972939274
123.75 4.64472089587
125.0 4.6897441223
126.25 4.73479787072
127.5 4.77988100019
128.75 4.82499242655
130.0 4.87013111908
131.25 4.91529609733
132.5 4.96048642825
133.75 5.00570122342
135.0 5.05093963652
136.25 5.09620086095
137.5 5.14148412758
138.75 5.18678870269
140.0 5.23211388599
141.25 5.2774590088
142.5 5.32282343234
143.75 5.36820654611
145.0 5.41360776636
146.25 5.45902653471
147.5 5.50446231678
148.75 5.54991460095
150.0 5.59538289718
151.25 5.6408667359
152.5 5.68636566696
153.75 5.73187925864
155.0 5.77740709675
156.25 5.82294878374
157.5 5.86850393785
158.75 5.91407219237
160.0 5.95965319491
161.25 6.00524660666
162.5 6.05085210178
165.0 6.14209809987
167.5 6.23338881888
170.0 6.32472205956
172.5 6.41609577827
175.0 6.5075080731
177.5 6.59895717147
180.0 6.69044141892
182.5 6.78195926901
185.0 6.87350927429
187.5 6.96509007805
190.0 7.05670040692
192.5 7.14833906415
195.0 7.24000492354
197.5 7.3316969239
200.0 7.42341406406
202.5 7.51515539829
205.0 7.6069200322
207.5 7.69870711887
210.0 7.79051585551
212.5 7.88234548022
215.0 7.97419526917
217.5 8.06606453395
220.0 8.15795261915
222.5 8.24985890015
225.0 8.34178278112
230.0 8.52568109237
235.0 8.7096432943
240.0 8.89366548379
245.0 9.07774407177
250.0 9.26187574796
255.0 9.44605745058
260.0 9.6302863403
265.0 9.81455977781
270.0 9.99887530433
275.0 10.1832306246
280.0 10.3676235923
285.0 10.5520521965
290.0 10.7365145511
295.0 10.9210088839
300.0 11.1055335279
305.0 11.2900869135
310.0 11.4746675612
315.0 11.659274075
320.0 11.8439051369
330.0 12.2132359911
340.0 12.582650949
350.0 12.9521417912
360.0 13.3217011415
370.0 13.6913223717
380.0 14.0609995189
390.0 14.4307272147
400.0 14.8005006232
410.0 15.1703153854
420.0 15.5401675716
430.0 15.9100536376
440.0 16.2799703867
450.0 16.6499149347
460.0 17.0198846796
470.0 17.3898772732
480.0 17.7598905966
490.0 18.1299227374
500.0 18.4999719692
510.0 18.870036734
520.0 19.2401156247
530.0 19.610207371
540.0 19.9803108254
550.0 20.3504249515
560.0 20.7205488126
570.0 21.0906815622
580.0 21.4608224349
590.0 21.8309707384
600.0 22.2011258464
610.0 22.5712871916
620.0 22.9414542607
630.0 23.3116265881
640.0 23.681803752
650.0 24.0519853695
660.0 24.4221710932
670.0 24.7923606074
680.0 25.162553625
690.0 25.5327498849
700.0 25.9029491494
710.0 26.2731512018
720.0 26.6433558445
730.0 27.013562897
740.0 27.3837721945
750.0 27.7539835861
760.0 28.1241969337
770.0 28.4944121107
780.0 28.864629001
790.0 29.234847498
800.0 29.6050675034
810.0 29.975288927
820.0 30.3455116855
830.0 30.7157357022
840.0 31.0859609062
850.0 31.4561872319
860.0 31.8264146186
870.0 32.1966430099
880.0 32.5668723539
890.0 32.9371026019
900.0 33.3073337089
910.0 33.677565633
920.0 34.0477983352
930.0 34.418031779
940.0 34.7882659304
950.0 35.1585007577
960.0 35.5287362312
970.0 35.8989723231
980.0 36.2692090074
990.0 36.6394462597
1000.0 37.0096840572
1010.0 37.3799223783
1020.0 37.7501612031
1030.0 38.1204005125
1040.0 38.4906402887
1050.0 38.8608805152
1060.0 39.231121176
1070.0 39.6013622565
1080.0 39.9716037428
1090.0 40.3418456218
1100.0 40.7120878811
1110.0 41.0823305092
1120.0 41.4525734951
1130.0 41.8228168287
1140.0 42.1930605004
1150.0 42.563304501
1160.0 42.933548822
1170.0 43.3037934556
1180.0 43.6740383942
1190.0 44.0442836309
1200.0 44.4145291591
1210.0 44.7847749728
1220.0 45.1550210661
1230.0 45.5252674339
1240.0 45.8955140713
1250.0 46.2657609736
1260.0 46.6360081368
1270.0 47.006255557
1280.0 47.3765032306
1290.0 47.7467511545
1300.0 48.1169993258
1310.0 48.4872477418
1320.0 48.8574964004
1330.0 49.2277452994
1340.0 49.597994437
1350.0 49.9682438119
1360.0 50.3384934228
1370.0 50.7087432687
1380.0 51.0789933488
1390.0 51.4492436628
1400.0 51.8194942102
1410.0 52.1897449912
1420.0 52.5599960059
1430.0 52.9302472547
1440.0 53.3004987383
1450.0 53.6707504576
1460.0 54.0410024137
1470.0 54.4112546078
1480.0 54.7815070415
1490.0 55.1517597164
1500.0 55.5220126346
1510.0 55.892265798
1520.0 56.2625192091
1530.0 56.6327728704
1540.0 57.0030267846
1550.0 57.3732809546
1560.0 57.7435353836
1570.0 58.1137900749
1580.0 58.484045032
1590.0 58.8543002587
1600.0 59.2245557587
1610.0 59.5948115364
1620.0 59.965067596
1630.0 60.3353239419
1640.0 60.705580579
1650.0 61.0758375121
1660.0 61.4460947464
1670.0 61.8163522871
1680.0 62.1866101397
1690.0 62.55686831
1700.0 62.9271268039
1710.0 63.2973856275
1720.0 63.6676447872
1730.0 64.0379042894
1740.0 64.4081641409
1750.0 64.7784243487
1760.0 65.1486849198
1770.0 65.5189458618
1780.0 65.8892071821
1790.0 66.2594688886
1800.0 66.6297309893
1810.0 66.9999934925
1820.0 67.3702564065
1830.0 67.7405197401
1840.0 68.1107835021
1850.0 68.4810477018
1860.0 68.8513123485
1870.0 69.2215774517
1880.0 69.5918430212
1890.0 69.9621090673
1900.0 70.3323756001
1910.0 70.7026426301
1920.0 71.0729101683
1930.0 71.4431782255
1940.0 71.813446813
1950.0 72.1837159425
1960.0 72.5539856256
1970.0 72.9242558743
1980.0 73.294526701
1990.0 73.6647981181
2000.0 74.0350701386
2010.0 74.4053427753
2020.0 74.7756160417
2030.0 75.1458899514
2040.0 75.5161645182
2050.0 75.8864397562
2060.0 76.2567156799
2070.0 76.626992304
2080.0 76.9972696434
2090.0 77.3675477134
2100.0 77.7378265294
2110.0 78.1081061075
2120.0 78.4783864636
2130.0 78.8486676141
2140.0 79.2189495759
2150.0 79.5892323658
2160.0 79.9595160012
2170.0 80.3298004997
2180.0 80.7000858791
2190.0 81.0703721578
2200.0 81.4406593543
2210.0 81.8109474873
2220.0 82.181236576
2230.0 82.55152664
2240.0 82.9218176989
2250.0 83.292109773
2260.0 83.6624028825
2270.0 84.0326970483
2280.0 84.4029922915
2290.0 84.7732886335
2300.0 85.143586096
2310.0 85.5138847011
2320.0 85.8841844712
2330.0 86.2544854291
2340.0 86.6247875977
2350.0 86.9950910007
2360.0 87.3653956617
2370.0 87.7357016048
2380.0 88.1060088545
2390.0 88.4763174356
2400.0 88.8466273732
2410.0 89.2169386929
2420.0 89.5872514205
2430.0 89.9575655822
2440.0 90.3278812045
2450.0 90.6981983144
2460.0 91.068516939
2470.0 91.4388371061
2480.0 91.8091588437
2490.0 92.1794821799
2500.0 92.5498071436
2510.0 92.9201337637
2520.0 93.2904620697
2530.0 93.6607920913
2540.0 94.0311238586
2550.0 94.4014574022
2560.0 94.7717927529
2570.0 95.1421299418
2580.0 95.5124690006
2590.0 95.8828099611
2600.0 96.2531528556
2610.0 96.6234977167
2620.0 96.9938445775
2630.0 97.3641934713
2640.0 97.7345444317
2650.0 98.1048974929
2660.0 98.4752526892
2670.0 98.8456100554
2680.0 99.2159696266
2690.0 99.5863314383
2700.0 99.9566955262
2710.0 100.327061927
2720.0 100.697430676
2730.0 101.067801811
2740.0 101.438175369
2750.0 101.808551387
2760.0 102.178929904
2770.0 102.549310957
2780.0 102.919694585
2790.0 103.290080827
2800.0 103.660469722
2810.0 104.03086131
2820.0 104.401255629
2830.0 104.771652721
2840.0 105.142052626
2850.0 105.512455384
2860.0 105.882861037
2870.0 106.253269626
2880.0 106.623681192
2890.0 106.994095777
2900.0 107.364513424
2910.0 107.734934175
2920.0 108.105358073
2930.0 108.475785161
2940.0 108.846215481
2950.0 109.216649078
2960.0 109.587085996
2970.0 109.957526277
2980.0 110.327969968
2990.0 110.698417111
3000.0 111.068867753
3010.0 111.439321937
3020.0 111.80977971
3030.0 112.180241115
3040.0 112.5507062
3050.0 112.92117501
3060.0 113.29164759
3070.0 113.662123987
3080.0 114.032604247
3090.0 114.403088417
3100.0 114.773576543
3110.0 115.144068672
3120.0 115.514564852
3130.0 115.885065128
3140.0 116.255569548
3150.0 116.62607816
3160.0 116.996591011
3170.0 117.367108148
3180.0 117.737629619
3190.0 118.108155472
3200.0 118.478685754
3210.0 118.849220513
3220.0 119.219759797
3230.0 119.590303653
3240.0 119.96085213
3250.0 120.331405276
3260.0 120.701963138
3270.0 121.072525765
3280.0 121.443093203
3290.0 121.813665502
3300.0 122.184242708
3310.0 122.554824871
3320.0 122.925412036
3330.0 123.296004252
3340.0 123.666601567
3350.0 124.037204028
3360.0 124.407811682
3370.0 124.778424576
3380.0 125.149042758
3390.0 125.519666274
3400.0 125.890295172
3410.0 126.260929497
3420.0 126.631569297
3430.0 127.002214618
3440.0 127.372865505
3450.0 127.743522004
3460.0 128.114184161
3470.0 128.484852022
3480.0 128.85552563
3490.0 129.226205032
3500.0 129.596890271
3510.0 129.967581392
3520.0 130.338278439
3530.0 130.708981455
3540.0 131.079690483
3550.0 131.450405567
3560.0 131.821126748
3570.0 132.191854069
3580.0 132.562587572
3590.0 132.933327297
3600.0 133.304073286
3610.0 133.674825579
3620.0 134.045584216
3630.0 134.416349237
3640.0 134.78712068
3650.0 135.157898585
3660.0 135.528682988
3670.0 135.899473928
3680.0 136.270271442
3690.0 136.641075566
3700.0 137.011886335
3710.0 137.382703786
3720.0 137.753527953
3730.0 138.124358869
3740.0 138.495196569
3750.0 138.866041084
3760.0 139.236892449
3770.0 139.607750692
3780.0 139.978615847
3790.0 140.349487942
3800.0 140.720367007
3810.0 141.091253072
3820.0 141.462146163
3830.0 141.833046308
3840.0 142.203953534
3850.0 142.574867866
3860.0 142.94578933
3870.0 143.316717949
3880.0 143.687653747
3890.0 144.058596747
3900.0 144.429546969
3910.0 144.800504436
3920.0 145.171469167
3930.0 145.54244118
3940.0 145.913420495
3950.0 146.284407129
3960.0 146.655401099
3970.0 147.026402419
3980.0 147.397411104
3990.0 147.768427169
4000.0 148.139450626
4010.0 148.510481486
4020.0 148.881519761
4030.0 149.252565461
4040.0 149.623618594
4050.0 149.994679169
4060.0 150.365747192
4070.0 150.736822669
4080.0 151.107905605
4090.0 151.478996004
4100.0 151.850093868
4110.0 152.2211992
4120.0 152.592312
4130.0 152.963432269
4140.0 153.334560003
4150.0 153.705695202
4160.0 154.07683786
4170.0 154.447987975
4180.0 154.81914554
4190.0 155.190310548
4200.0 155.561482991
4210.0 155.93266286
4220.0 156.303850145
4230.0 156.675044835
4240.0 157.046246917
4250.0 157.417456378
4260.0 157.788673204
4270.0 158.159897377
4280.0 158.531128882
4290.0 158.902367701
4300.0 159.273613813
4310.0 159.6448672
4320.0 160.016127838
4330.0 160.387395707
4340.0 160.758670781
4350.0 161.129953037
4360.0 161.501242447
4370.0 161.872538985
4380.0 162.243842623
4390.0 162.61515333
4400.0 162.986471076
4410.0 163.35779583
4420.0 163.729127558
4430.0 164.100466227
4440.0 164.471811801
4450.0 164.843164244
4460.0 165.214523518
4470.0 165.585889585
4480.0 165.957262405
4490.0 166.328641937
4500.0 166.70002814
4510.0 167.07142097
4520.0 167.442820383
4530.0 167.814226334
4540.0 168.185638776
4550.0 168.557057663
4560.0 168.928482945
4570.0 169.299914573
4580.0 169.671352497
4590.0 170.042796665
4600.0 170.414247024
4610.0 170.78570352
4620.0 171.157166099
4630.0 171.528634705
4640.0 171.900109281
4650.0 172.271589769
4660.0 172.643076111
4670.0 173.014568246
4680.0 173.386066115
4690.0 173.757569655
4700.0 174.129078804
4710.0 174.500593499
4720.0 174.872113675
4730.0 175.243639266
4740.0 175.615170207
4750.0 175.98670643
4760.0 176.358247868
4770.0 176.729794452
4780.0 177.101346112
4790.0 177.472902778
4800.0 177.844464378
4810.0 178.216030842
4820.0 178.587602095
4830.0 178.959178064
4840.0 179.330758676
4850.0 179.702343856
4860.0 180.073933527
4870.0 180.445527614
4880.0 180.81712604
4890.0 181.188728717
4900.0 181.560335582
4910.0 181.931946548
4920.0 182.303561535
4930.0 182.675180464
4940.0 183.046803254
4950.0 183.418429822
4960.0 183.790060089
4970.0 184.16169397
4980.0 184.533331385
4990.0 184.904972248
5000.0 185.276616477
5010.0 185.648263986
5020.0 186.019914693
5030.0 186.39156851
5040.0 186.763225354
5050.0 187.134885138
5060.0 187.506547776
5070.0 187.878213181
5080.0 188.249881267
5090.0 188.621551946
5100.0 188.993225131
5110.0 189.364900736
5120.0 189.736578671
5130.0 190.108258848
5140.0 190.479941181
5150.0 190.851625579
5160.0 191.223311956
5170.0 191.595000221
5180.0 191.966690287
5190.0 192.338382064
5200.0 192.710075464
5210.0 193.081770399
5220.0 193.453466778
5230.0 193.825164513
5240.0 194.196863516
5250.0 194.568563696
5260.0 194.940264967
5270.0 195.311967239
5280.0 195.683670423
5290.0 196.055374432
5300.0 196.427079176
5310.0 196.798784568
5320.0 197.170490519
5330.0 197.542196943
5340.0 197.913903751
5350.0 198.285610857
5360.0 198.657318173
5370.0 199.029025613
5380.0 199.400733091
5390.0 199.772440519
5400.0 200.144147814
5410.0 200.515854888
5420.0 200.887561658
5430.0 201.259268039
5440.0 201.630973946
5450.0 202.002679296
5460.0 202.374384006
5470.0 202.746087993
5480.0 203.117791175
5490.0 203.489493469
5500.0 203.861194795
5510.0 204.232895071
5520.0 204.604594218
5530.0 204.976292157
5540.0 205.347988807
5550.0 205.719684091
5560.0 206.091377931
5570.0 206.463070249
5580.0 206.83476097
5590.0 207.206450017
5600.0 207.578137315
5610.0 207.94982279
5620.0 208.321506367
5630.0 208.693187975
5640.0 209.06486754
5650.0 209.436544992
5660.0 209.808220258
5670.0 210.17989327
5680.0 210.551563958
5690.0 210.923232253
5700.0 211.294898088
5710.0 211.666561397
5720.0 212.038222112
5730.0 212.409880169
5740.0 212.781535504
5750.0 213.153188054
5760.0 213.524837754
5770.0 213.896484545
5780.0 214.268128365
5790.0 214.639769155
5800.0 215.011406854
5810.0 215.383041406
5820.0 215.754672753