0.0 0.0
120.0 4.52683168134
120.625 4.54937786335
121.25 4.57193279838
122.5 4.61706823822
123.75 4.66223666689
125.0 4.70743681882
126.25 4.7526674927
127.5 4.79792754759
128.75 4.84321589935
130.0 4.88853151722
131.25 4.93387342079
132.5 4.97924067699
133.75 5.0246323974
135.0 5.07004773571
136.25 5.1154858853
137.5 5.16094607706
138.75 5.20642757726
140.0 5.2519296856
141.25 5.29745173343
142.5 5.34299308194
143.75 5.38855312064
145.0 5.43413126578
146.25 5.47972695899
147.5 5.52533966587
148.75 5.57096887481
150.0 5.61661409577
151.25 5.66227485918
152.5 5.70795071488
153.75 5.75364123117
155.0 5.79934599385
156.25 5.84506460536
157.5 5.89079668395
158.75 5.93654186292
160.0 5.98229978985
161.25 6.02807012595
162.5 6.07385254538
165.0 6.16545239195
167.5 6.25709695928
170.0 6.3487840481
172.5 6.44051161476
175.0 6.53227775736
177.5 6.62408070332
180.0 6.71591879816
182.5 6.80779049546
185.0 6.89969434776
187.5 6.99162899834
190.0 7.08359317384
192.5 7.1755856775
195.0 7.26760538311
197.5 7.35965122949
200.0 7.45172221547
202.5 7.54381739532
205.0 7.63593587462
207.5 7.72807680648
210.0 7.82023938808
212.5 7.91242285755
215.0 8.00462649103
217.5 8.09684960012
220.0 8.1890915294
222.5 8.28135165426
225.0 8.37362937884
230.0 8.55823537663
235.0 8.74290526414
240.0 8.92763513822
245.0 9.1124214098
250.0 9.29726076856
255.0 9.48215015268
260.0 9.66708672284
265.0 9.85206783969
270.0 10.0370910444
275.0 10.2221540418
280.0 10.4072546853
285.0 10.5923909643
290.0 10.7775609923
295.0 10.9627629972
300.0 11.1479953121
305.0 11.3332563673
310.0 11.5185446832
315.0 11.7038588639
320.0 11.8891975912
330.0 12.259943772
340.0 12.6307740504
350.0 13.0016802068
360.0 13.3726548648
370.0 13.7436913957
380.0 14.1147838365
390.0 14.4859268185
400.0 14.8571155052
410.0 15.2283455376
420.0 15.5996129855
430.0 15.9709143043
440.0 16.3422462969
450.0 16.7136060789
460.0 17.0849910476
470.0 17.4563988546
480.0 17.8278273805
490.0 18.1992747123
500.0 18.5707391235
510.0 18.9422190551
520.0 19.3137130999
530.0 19.6852199869
540.0 20.0567385681
550.0 20.4282678064
560.0 20.7998067647
570.0 21.1713545958
580.0 21.5429105337
590.0 21.9144738854
600.0 22.2860440239
610.0 22.6576203814
620.0 23.0292024435
630.0 23.4007897443
640.0 23.7723818608
650.0 24.1439784097
660.0 24.5155790424
670.0 24.8871834425
680.0 25.258791322
690.0 25.6304024189
700.0 26.0020164946
710.0 26.3736333313
720.0 26.7452527304
730.0 27.1168745104
740.0 27.4884985053
750.0 27.8601245632
760.0 28.2317525448
770.0 28.6033823223
780.0 28.9750137784
790.0 29.346646805
800.0 29.7182813028
810.0 30.08991718
820.0 30.461554352
830.0 30.8331927407
840.0 31.2048322734
850.0 31.5764728833
860.0 31.9481145078
870.0 32.3197570892
880.0 32.6914005734
890.0 33.0630449104
900.0 33.4346900533
910.0 33.8063359581
920.0 34.177982584
930.0 34.5496298925
940.0 34.9212778476
950.0 35.2929264155
960.0 35.6645755641
970.0 36.0362252636
980.0 36.4078754856
990.0 36.7795262033
1000.0 37.1511773914
1010.0 37.5228290259
1020.0 37.8944810841
1030.0 38.2661335443
1040.0 38.6377863861
1050.0 39.0094395898
1060.0 39.3810931368
1070.0 39.7527470094
1080.0 40.1244011904
1090.0 40.4960556636
1100.0 40.8677104134
1110.0 41.2393654249
1120.0 41.6110206836
1130.0 41.9826761757
1140.0 42.354331888
1150.0 42.7259878076
1160.0 43.097643922
1170.0 43.4693002194
1180.0 43.8409566881
1190.0 44.2126133169
1200.0 44.5842700949
1210.0 44.9559270116
1220.0 45.3275840567
1230.0 45.6992412202
1240.0 46.0708984922
1250.0 46.4425558633
1260.0 46.8142133243
1270.0 47.1858708659
1280.0 47.5575284793
1290.0 47.9291861558
1300.0 48.3008438867
1310.0 48.6725016636
1320.0 49.0441594783
1330.0 49.4158173226
1340.0 49.7874751883
1350.0 50.1591330676
1360.0 50.5307909525
1370.0 50.9024488354
1380.0 51.2741067083
1390.0 51.6457645638
1400.0 52.0174223942
1410.0 52.3890801919
1420.0 52.7607379495
1430.0 53.1323956594
1440.0 53.5040533141
1450.0 53.8757109063
1460.0 54.2473684285
1470.0 54.6190258733
1480.0 54.9906832332
1490.0 55.3623405008
1500.0 55.7339976685
1510.0 56.105654729
1520.0 56.4773116748
1530.0 56.8489684981
1540.0 57.2206251915
1550.0 57.5922817474
1560.0 57.963938158
1570.0 58.3355944157
1580.0 58.7072505125
1590.0 59.0789064407
1600.0 59.4505621923
1610.0 59.8222177593
1620.0 60.1938731336
1630.0 60.5655283071
1640.0 60.9371832714
1650.0 61.3088380183
1660.0 61.6804925392
1670.0 62.0521468257
1680.0 62.423800869
1690.0 62.7954546604
1700.0 63.167108191
1710.0 63.5387614517
1720.0 63.9104144336
1730.0 64.2820671272
1740.0 64.6537195233
1750.0 65.0253716122
1760.0 65.3970233844
1770.0 65.7686748299
1780.0 66.140325939
1790.0 66.5119767014
1800.0 66.8836271069
1810.0 67.2552771451
1820.0 67.6269268053
1830.0 67.9985760769
1840.0 68.370224949
1850.0 68.7418734103
1860.0 69.1135214498
1870.0 69.4851690558
1880.0 69.8568162168
1890.0 70.228462921
1900.0 70.6001091562
1910.0 70.9717549104
1920.0 71.343400171
1930.0 71.7150449256
1940.0 72.0866891612
1950.0 72.4583328647
1960.0 72.8299760231
1970.0 73.2016186227
1980.0 73.5732606499
1990.0 73.9449020908
2000.0 74.3165429313
2010.0 74.6881831569
2020.0 75.0598227531
2030.0 75.431461705
2040.0 75.8030999975
2050.0 76.1747376153
2060.0 76.5463745428
2070.0 76.9180107642
2080.0 77.2896462634
2090.0 77.6612810241
2100.0 78.0329150296
2110.0 78.4045482631
2120.0 78.7761807074
2130.0 79.1478123451
2140.0 79.5194431586
2150.0 79.8910731299
2160.0 80.2627022407
2170.0 80.6343304726
2180.0 81.0059578067
2190.0 81.3775842239
2200.0 81.7492097049
2210.0 82.1208342299
2220.0 82.492457779
2230.0 82.864080332
2240.0 83.2357018681
2250.0 83.6073223666
2260.0 83.9789418063
2270.0 84.3505601657
2280.0 84.7221774229
2290.0 85.0937935558
2300.0 85.465408542
2310.0 85.8370223587
2320.0 86.2086349828
2330.0 86.580246391
2340.0 86.9518565594
2350.0 87.3234654641
2360.0 87.6950730806
2370.0 88.0666793842
2380.0 88.4382843499
2390.0 88.8098879522
2400.0 89.1814901654
2410.0 89.5530909635
2420.0 89.92469032
2430.0 90.2962882082
2440.0 90.6678846011
2450.0 91.0394794711
2460.0 91.4110727904
2470.0 91.782664531
2480.0 92.1542546644
2490.0 92.5258431618
2500.0 92.8974299939
2510.0 93.2690151312
2520.0 93.6405985439
2530.0 94.0121802018
2540.0 94.3837600742
2550.0 94.7553381303
2560.0 95.1269143387
2570.0 95.4984886678
2580.0 95.8700610857
2590.0 96.24163156
2600.0 96.6132000579
2610.0 96.9847665466
2620.0 97.3563309925
2630.0 97.7278933619
2640.0 98.0994536208
2650.0 98.4710117347
2660.0 98.8425676687
2670.0 99.2141213879
2680.0 99.5856728567
2690.0 99.9572220392
2700.0 100.328768899
2710.0 100.700313401
2720.0 101.071855506
2730.0 101.443395179
2740.0 101.814932381
2750.0 102.186467075
2760.0 102.557999222
2770.0 102.929528785
2780.0 103.301055723
2790.0 103.672579999
2800.0 104.044101572
2810.0 104.415620403
2820.0 104.787136452
2830.0 105.158649678
2840.0 105.530160041
2850.0 105.901667499
2860.0 106.273172011
2870.0 106.644673536
2880.0 107.016172032
2890.0 107.387667456
2900.0 107.759159766
2910.0 108.13064892
2920.0 108.502134874
2930.0 108.873617585
2940.0 109.245097009
2950.0 109.616573103
2960.0 109.988045823
2970.0 110.359515124
2980.0 110.730980962
2990.0 111.102443292
3000.0 111.473902069
3010.0 111.845357248
3020.0 112.216808784
3030.0 112.58825663
3040.0 112.959700741
3050.0 113.331141071
3060.0 113.702577575
3070.0 114.074010204
3080.0 114.445438914
3090.0 114.816863656
3100.0 115.188284385
3110.0 115.559701053
3120.0 115.931113614
3130.0 116.302522019
3140.0 116.673926222
3150.0 117.045326174
3160.0 117.41672183
3170.0 117.788113139
3180.0 118.159500056
3190.0 118.530882532
3200.0 118.902260519
3210.0 119.273633969
3220.0 119.645002834
3230.0 120.016367066
3240.0 120.387726617
3250.0 120.759081439
3260.0 121.130431484
3270.0 121.501776703
3280.0 121.873117049
3290.0 122.244452473
3300.0 122.615782929
3310.0 122.987108366
3320.0 123.358428738
3330.0 123.729743998
3340.0 124.101054096
3350.0 124.472358986
3360.0 124.843658619
3370.0 125.214952949
3380.0 125.586241929
3390.0 125.957525511
3400.0 126.328803648
3410.0 126.700076293
3420.0 127.0713434
3430.0 127.442604922
3440.0 127.813860814
3450.0 128.185111029
3460.0 128.556355521
3470.0 128.927594245
3480.0 129.298827156
3490.0 129.670054208
3500.0 130.041275358
3510.0 130.41249056
3520.0 130.783699771
3530.0 131.154902947
3540.0 131.526100044
3550.0 131.89729102
3560.0 132.268475832
3570.0 132.639654437
3580.0 133.010826794
3590.0 133.381992861
3600.0 133.753152597
3610.0 134.124305962
3620.0 134.495452916
3630.0 134.866593418
3640.0 135.23772743
3650.0 135.608854913
3660.0 135.979975828
3670.0 136.351090138
3680.0 136.722197807
3690.0 137.093298796
3700.0 137.464393071
3710.0 137.835480596
3720.0 138.206561336
3730.0 138.577635256
3740.0 138.948702324
3750.0 139.319762506
3760.0 139.69081577
3770.0 140.061862084
3780.0 140.432901417
3790.0 140.803933739
3800.0 141.17495902
3810.0 141.545977232
3820.0 141.916988346
3830.0 142.287992334
3840.0 142.658989171
3850.0 143.02997883
3860.0 143.400961286
3870.0 143.771936515
3880.0 144.142904493
3890.0 144.513865198
3900.0 144.884818607
3910.0 145.2557647
3920.0 145.626703457
3930.0 145.997634857
3940.0 146.368558884
3950.0 146.739475518
3960.0 147.110384744
3970.0 147.481286546
3980.0 147.852180908
3990.0 148.223067818
4000.0 148.593947262
4010.0 148.964819228
4020.0 149.335683705
4030.0 149.706540683
4040.0 150.077390153
4050.0 150.448232106
4060.0 150.819066537
4070.0 151.189893439
4080.0 151.560712806
4090.0 151.931524635
4100.0 152.302328922
4110.0 152.673125667
4120.0 153.043914867
4130.0 153.414696523
4140.0 153.785470637
4150.0 154.15623721
4160.0 154.526996246
4170.0 154.89774775
4180.0 155.268491727
4190.0 155.639228183
4200.0 156.009957127
4210.0 156.380678567
4220.0 156.751392513
4230.0 157.122098977
4240.0 157.492797971
4250.0 157.863489507
4260.0 158.234173601
4270.0 158.604850268
4280.0 158.975519525
4290.0 159.34618139
4300.0 159.716835881
4310.0 160.08748302
4320.0 160.458122826
4330.0 160.828755324
4340.0 161.199380535
4350.0 161.569998486
4360.0 161.940609201
4370.0 162.311212708
4380.0 162.681809036
4390.0 163.052398213
4400.0 163.42298027
4410.0 163.793555238
4420.0 164.164123151
4430.0 164.534684042
4440.0 164.905237946
4450.0 165.275784899
4460.0 165.646324939
4470.0 166.016858104
4480.0 166.387384433
4490.0 166.757903968
4500.0 167.128416749
4510.0 167.498922821
4520.0 167.869422226
4530.0 168.23991501
4540.0 168.610401218
4550.0 168.980880899
4560.0 169.3513541
4570.0 169.721820871
4580.0 170.092281262
4590.0 170.462735325
4600.0 170.833183112
4610.0 171.203624677
4620.0 171.574060073
4630.0 171.944489358
4640.0 172.314912587
4650.0 172.685329818
4660.0 173.055741109
4670.0 173.426146521
4680.0 173.796546113
4690.0 174.166939947
4700.0 174.537328085
4710.0 174.90771059
4720.0 175.278087528
4730.0 175.648458962
4740.0 176.01882496
4750.0 176.389185587
4760.0 176.759540911
4770.0 177.129891001
4780.0 177.500235927
4790.0 177.870575758
4800.0 178.240910565
4810.0 178.611240421
4820.0 178.981565397
4830.0 179.351885567
4840.0 179.722201005
4850.0 180.092511786
4860.0 180.462817984
4870.0 180.833119676
4880.0 181.203416939
4890.0 181.57370986
4900.0 181.943998501
4910.0 182.314282949
4920.0 182.684563285
4930.0 183.054839588
4940.0 183.425111937
4950.0 183.795380415
4960.0 184.165645103
4970.0 184.535906083
4980.0 184.906163437
4990.0 185.276417248
5000.0 185.6466676
5010.0 186.016914578
5020.0 186.387158265
5030.0 186.757398746
5040.0 187.127636106
5050.0 187.497870432
5060.0 187.868101808
5070.0 188.238330321
5080.0 188.608556059
5090.0 188.978779106
5100.0 189.348999552
5110.0 189.719217482
5120.0 190.089432985
5130.0 190.459646148
5140.0 190.829857059
5150.0 191.200065806
5160.0 191.570272478
5170.0 191.940477162
5180.0 192.310679948
5190.0 192.680880923
5200.0 193.051080177
5210.0 193.421277797
5220.0 193.791473873
5230.0 194.161668493
5240.0 194.531861745
5250.0 194.902053719
5260.0 195.272244502
5270.0 195.642434183
5280.0 196.01262285
5290.0 196.382810592
5300.0 196.752997495
5310.0 197.123183649
5320.0 197.49336914
5330.0 197.863554056
5340.0 198.233738485
5350.0 198.603922512
5360.0 198.974106226
5370.0 199.344289711
5380.0 199.714473054
5390.0 200.084656341
5400.0 200.454839657
5410.0 200.825023088
5420.0 201.195206717
5430.0 201.565390629
5440.0 201.935574908
5450.0 202.305759637
5460.0 202.675944899
5470.0 203.046130777
5480.0 203.416317351
5490.0 203.786504705
5500.0 204.156692919
5510.0 204.526882072
5520.0 204.897072245
5530.0 205.267263518
5540.0 205.637455968
5550.0 206.007649673
5560.0 206.377844712
5570.0 206.748041161
5580.0 207.118239096
5590.0 207.488438592
5600.0 207.858639724
5610.0 208.228842566
5620.0 208.599047192
5630.0 208.969253675
5640.0 209.339462085
5650.0 209.709672494
5660.0 210.079884973
5670.0 210.450099591
5680.0 210.820316417
5690.0 211.190535519
5700.0 211.560756964
5710.0 211.930980819
5720.0 212.301207148
5730.0 212.671436017
5740.0 213.04166749
5750.0 213.411901629
5760.0 213.782138497
5770.0 214.152378154
5780.0 214.522620661
5790.0 214.892866078
5800.0 215.263114463
5810.0 215.633365873
5820.0 216.003620365