-490.0 -118.390249296
-485.0 -117.392520466
-480.0 -116.389695893
-475.0 -115.381363596
-470.0 -114.367137252
-465.0 -113.346658554
-460.0 -112.319599242
-455.0 -111.285662797
-450.0 -110.244585821
-445.0 -109.196139082
-440.0 -108.140128243
-435.0 -107.07639426
-430.0 -106.004813469
-425.0 -104.925297364
-420.0 -103.837792074
-415.0 -102.742277561
-410.0 -101.638766557
-405.0 -100.527303255
-400.0 -99.407961778
-395.0 -98.2808444656
-390.0 -97.1460799805
-385.0 -96.0038212848
-380.0 -94.8542435019
-375.0 -93.6975416971
-370.0 -92.5339286041
-365.0 -91.3636323239
-360.0 -90.1868940239
-355.0 -89.00396566
-350.0 -87.8151077467
-345.0 -86.6205871934
-340.0 -85.4206752291
-335.0 -84.2156454283
-330.0 -83.0057718552
-325.0 -81.7913273354
-320.0 -80.5725818656
-315.0 -79.349801167
-310.0 -78.1232453876
-305.0 -76.893167954
-300.0 -75.6598145749
-295.0 -74.4234223918
-290.0 -73.1842192753
-285.0 -71.9424232607
-280.0 -70.6982421164
-275.0 -69.4518730384
-270.0 -68.2035024612
-265.0 -66.9533059764
-260.0 -65.7014483504
-255.0 -64.4480836287
-250.0 -63.1933553196
-245.0 -61.9373966453
-240.0 -60.6803308513
-235.0 -59.4222715649
-230.0 -58.1633231925
-225.0 -56.9035813488
-220.0 -55.6431333083
-215.0 -54.3820584732
-210.0 -53.120428849
-205.0 -51.8583095243
-200.0 -50.595759147
-195.0 -49.3328303944
-190.0 -48.0695704314
-185.0 -46.8060213544
-180.0 -45.5422206188
-175.0 -44.2782014459
-170.0 -43.01399321
-165.0 -41.7496218031
-160.0 -40.4851099764
-155.0 -39.2204776592
-150.0 -37.9557422545
-145.0 -36.6909189116
-140.0 -35.4260207772
-135.0 -34.1610592238
-130.0 -32.8960440583
-125.0 -31.630983711
-120.0 -30.3658854051
-115.0 -29.1007553106
-110.0 -27.83559868
-105.0 -26.5704199707
-100.0 -25.3052229527
-95.0 -24.0400108039
-90.0 -22.7747861944
-85.0 -21.5095513596
-80.0 -20.2443081647
-75.0 -18.9790581605
-70.0 -17.7138026318
-65.0 -16.448542639
-60.0 -15.1832790542
-55.0 -13.9180125916
-50.0 -12.652743834
-45.0 -11.3874732552
-40.0 -10.1222012383
-35.0 -8.85692809212
-30.0 -7.59165406428
-25.0 -6.32637935243
-20.0 -5.06110411357
-15.0 -3.79582847172
-10.0 -2.53055252429
-5.0 -1.26527634738
1.0 0.253055280761
5.0 1.26527634738
10.0 2.53055252429
15.0 3.79582847172
20.0 5.06110411357
25.0 6.32637935243
30.0 7.59165406428
35.0 8.85692809212
40.0 10.1222012383
45.0 11.3874732552
50.0 12.652743834
55.0 13.9180125916
60.0 15.1832790542
65.0 16.448542639
70.0 17.7138026318
75.0 18.9790581605
80.0 20.2443081647
85.0 21.5095513596
90.0 22.7747861944
95.0 24.0400108039
100.0 25.3052229527
105.0 26.5704199707
110.0 27.83559868
115.0 29.1007553106
120.0 30.3658854051
125.0 31.630983711
130.0 32.8960440583
135.0 34.1610592238
140.0 35.4260207772
145.0 36.6909189116
150.0 37.9557422545
155.0 39.2204776592
160.0 40.4851099764
165.0 41.7496218031
170.0 43.01399321
175.0 44.2782014459
180.0 45.5422206188
185.0 46.8060213544
190.0 48.0695704314
195.0 49.3328303944
200.0 50.595759147
205.0 51.8583095243
210.0 53.120428849
215.0 54.3820584732
220.0 55.6431333083
225.0 56.9035813488
230.0 58.1633231925
235.0 59.4222715649
240.0 60.6803308513
245.0 61.9373966453
250.0 63.1933553196
255.0 64.4480836287
260.0 65.7014483504
265.0 66.9533059764
270.0 68.2035024612
275.0 69.4518730384
280.0 70.6982421164
285.0 71.9424232607
290.0 73.1842192753
295.0 74.4234223918
300.0 75.6598145749
305.0 76.893167954
310.0 78.1232453876
315.0 79.349801167
320.0 80.5725818656
325.0 81.7913273354
330.0 83.0057718552
335.0 84.2156454283
340.0 85.4206752291
345.0 86.6205871934
350.0 87.8151077467
355.0 89.00396566
360.0 90.1868940239
365.0 91.3636323239
370.0 92.5339286041
375.0 93.6975416971
380.0 94.8542435019
385.0 96.0038212848
390.0 97.1460799805
395.0 98.2808444656
400.0 99.407961778
405.0 100.527303255
410.0 101.638766557
415.0 102.742277561
420.0 103.837792074
425.0 104.925297364
430.0 106.004813469
435.0 107.07639426
440.0 108.140128243
445.0 109.196139082
450.0 110.244585821
455.0 111.285662797
460.0 112.319599242
465.0 113.346658554
470.0 114.367137252
475.0 115.381363596
480.0 116.389695893
485.0 117.392520466
490.0 118.390249296