0.0 0.0
120.0 4.50102057488
120.625 4.52343232475
121.25 4.54585282766
122.5 4.59071940326
123.75 4.63561896772
125.0 4.68055025549
126.25 4.72551206524
127.5 4.77050325604
128.75 4.81552274374
130.0 4.8605694976
131.25 4.90564253719
132.5 4.95074092944
133.75 4.99586378595
135.0 5.04101026039
136.25 5.08617954615
137.5 5.13137087411
138.75 5.17658351055
140.0 5.22181675519
141.25 5.26706993933
142.5 5.31234242421
143.75 5.35763359931
145.0 5.4029428809
146.25 5.44826971058
147.5 5.49361355399
148.75 5.53897389949
150.0 5.58435025706
151.25 5.62974215711
152.5 5.6751491495
153.75 5.72057080252
155.0 5.76600670197
156.25 5.81145645028
157.5 5.85691966573
158.75 5.90239598159
160.0 5.94788504546
161.25 5.99338651854
162.5 6.03890007499
165.0 6.12996219575
167.5 6.22106903743
170.0 6.31221840079
172.5 6.40340824216
175.0 6.49463665967
177.5 6.58590188071
180.0 6.67720225082
182.5 6.76853622358
185.0 6.85990235153
187.5 6.95129927796
190.0 7.04272572949
192.5 7.13418050939
195.0 7.22566249145
197.5 7.31717061448
200.0 7.4087038773
202.5 7.50026133421
205.0 7.59184209078
207.5 7.68344530013
210.0 7.77507015943
212.5 7.86671590681
215.0 7.95838181843
217.5 8.05006720588
220.0 8.14177141375
222.5 8.23349381742
225.0 8.32523382106
230.0 8.50876437764
235.0 8.69235882491
240.0 8.87601325973
245.0 9.05972409306
250.0 9.24348801459
255.0 9.42730196254
260.0 9.6111630976
265.0 9.79506878045
270.0 9.9790165523
275.0 10.1630041179
280.0 10.3470293309
285.0 10.5310901805
290.0 10.7151847804
295.0 10.8993113585
300.0 11.0834682479
305.0 11.2676538788
310.0 11.4518667719
315.0 11.636105531
320.0 11.8203688383
330.0 12.1889641831
340.0 12.5576436317
350.0 12.9263989645
360.0 13.2952228056
370.0 13.6641085264
380.0 14.0330501643
390.0 14.4020423508
400.0 14.7710802499
410.0 15.1401595028
420.0 15.5092761797
430.0 15.8784267364
440.0 16.2476079761
450.0 16.6168170149
460.0 16.9860512504
470.0 17.3553083347
480.0 17.7245861488
490.0 18.0938827802
500.0 18.4631965027
510.0 18.8325257582
520.0 19.2018691395
530.0 19.5712253765
540.0 19.9405933216
550.0 20.3099719383
560.0 20.6793602901
570.0 21.0487575304
580.0 21.4181628938
590.0 21.787575688
600.0 22.1569952866
610.0 22.5264211225
620.0 22.8958526823
630.0 23.2652895004
640.0 23.6347311549
650.0 24.0041772632
660.0 24.3736274775
670.0 24.7430814823
680.0 25.1125389906
690.0 25.4819997412
700.0 25.8514634964
710.0 26.2209300395
720.0 26.5903991729
730.0 26.9598707161
740.0 27.3293445042
750.0 27.6988203865
760.0 28.0682982247
770.0 28.4377778924
780.0 28.8072592734
790.0 29.176742261
800.0 29.5462267571
810.0 29.9157126714
820.0 30.2851999206
830.0 30.654688428
840.0 31.0241781227
850.0 31.393668939
860.0 31.7631608163
870.0 32.1326536984
880.0 32.502147533
890.0 32.8716422717
900.0 33.2411378694
910.0 33.6106342842
920.0 33.980131477
930.0 34.3496294115
940.0 34.7191280536
950.0 35.0886273716
960.0 35.4581273357
970.0 35.8276279183
980.0 36.1971290933
990.0 36.5666308363
1000.0 36.9361331244
1010.0 37.3056359363
1020.0 37.6751392517
1030.0 38.0446430517
1040.0 38.4141473187
1050.0 38.7836520358
1060.0 39.1531571873
1070.0 39.5226627585
1080.0 39.8921687355
1090.0 40.2616751051
1100.0 40.6311818551
1110.0 41.0006889738
1120.0 41.3701964505
1130.0 41.7397042748
1140.0 42.1092124371
1150.0 42.4787209283
1160.0 42.8482297401
1170.0 43.2177388643
1180.0 43.5872482936
1190.0 43.956758021
1200.0 44.3262680399
1210.0 44.6957783442
1220.0 45.0652889282
1230.0 45.4347997867
1240.0 45.8043109147
1250.0 46.1738223077
1260.0 46.5433339616
1270.0 46.9128458724
1280.0 47.2823580368
1290.0 47.6518704513
1300.0 48.0213831133
1310.0 48.39089602
1320.0 48.7604091692
1330.0 49.1299225589
1340.0 49.4994361872
1350.0 49.8689500528
1360.0 50.2384641544
1370.0 50.6079784909
1380.0 50.9774930617
1390.0 51.3470078663
1400.0 51.7165229045
1410.0 52.0860381761
1420.0 52.4555536815
1430.0 52.825069421
1440.0 53.1945853953
1450.0 53.5641016053
1460.0 53.933618052
1470.0 54.3031347368
1480.0 54.6726516611
1490.0 55.0421688267
1500.0 55.4116862356
1510.0 55.7812038897
1520.0 56.1507217915
1530.0 56.5202399434
1540.0 56.8897583483
1550.0 57.259277009
1560.0 57.6287959287
1570.0 57.9983151106
1580.0 58.3678345584
1590.0 58.7373542757
1600.0 59.1068742665
1610.0 59.4763945348
1620.0 59.8459150851
1630.0 60.2154359217
1640.0 60.5849570495
1650.0 60.9544784733
1660.0 61.3240001982
1670.0 61.6935222295
1680.0 62.0630445729
1690.0 62.4325672339
1700.0 62.8020902184
1710.0 63.1716135327
1720.0 63.541137183
1730.0 63.9106611759
1740.0 64.2801855181
1750.0 64.6497102165
1760.0 65.0192352784
1770.0 65.388760711
1780.0 65.7582865221
1790.0 66.1278127192
1800.0 66.4973393106
1810.0 66.8668663044
1820.0 67.2363937091
1830.0 67.6059215334
1840.0 67.9754497861
1850.0 68.3449784765
1860.0 68.7145076138
1870.0 69.0840372077
1880.0 69.4535672679
1890.0 69.8230978046
1900.0 70.1926288281
1910.0 70.5621603489
1920.0 70.9316923777
1930.0 71.3012249255
1940.0 71.6707580038
1950.0 72.0402916239
1960.0 72.4098257977
1970.0 72.7793605371
1980.0 73.1488958544
1990.0 73.5184317623
2000.0 73.8879682734
2010.0 74.2575054008
2020.0 74.6270431579
2030.0 74.9965815583
2040.0 75.3661206157
2050.0 75.7356603444
2060.0 76.1052007588
2070.0 76.4747418736
2080.0 76.8442837036
2090.0 77.2138262643
2100.0 77.583369571
2110.0 77.9529136397
2120.0 78.3224584865
2130.0 78.6920041277
2140.0 79.0615505802
2150.0 79.4310978608
2160.0 79.8006459868
2170.0 80.170194976
2180.0 80.5397448462
2190.0 80.9092956155
2200.0 81.2788473026
2210.0 81.6483999263
2220.0 82.0179535058
2230.0 82.3875080604
2240.0 82.75706361
2250.0 83.1266201747
2260.0 83.496177775
2270.0 83.8657364315
2280.0 84.2352961654
2290.0 84.604856998
2300.0 84.9744189512
2310.0 85.343982047
2320.0 85.7135463077
2330.0 86.0831117563
2340.0 86.4526784156
2350.0 86.8222463093
2360.0 87.1918154609
2370.0 87.5613858947
2380.0 87.9309576351
2390.0 88.3005307069
2400.0 88.6701051352
2410.0 89.0396809456
2420.0 89.4092581638
2430.0 89.7788368162
2440.0 90.1484169292
2450.0 90.5179985297
2460.0 90.8875816451
2470.0 91.2571663029
2480.0 91.6267525311
2490.0 91.996340358
2500.0 92.3659298124
2510.0 92.7355209232
2520.0 93.1051137198
2530.0 93.4747082321
2540.0 93.8443044902
2550.0 94.2139025245
2560.0 94.5835023658
2570.0 94.9531040454
2580.0 95.3227075949
2590.0 95.692313046
2600.0 96.0619204312
2610.0 96.4315297831
2620.0 96.8011411345
2630.0 97.170754519
2640.0 97.5403699701
2650.0 97.909987522
2660.0 98.279607209
2670.0 98.6492290659
2680.0 99.0188531278
2690.0 99.3884794301
2700.0 99.7581080088
2710.0 100.1277389
2720.0 100.49737214
2730.0 100.867007766
2740.0 101.236645814
2750.0 101.606286323
2760.0 101.975929331
2770.0 102.345574875
2780.0 102.715222993
2790.0 103.084873726
2800.0 103.454527112
2810.0 103.82418319
2820.0 104.193842
2830.0 104.563503583
2840.0 104.933167978
2850.0 105.302835227
2860.0 105.672505371
2870.0 106.04217845
2880.0 106.411854507
2890.0 106.781533583
2900.0 107.151215721
2910.0 107.520900962
2920.0 107.890589351
2930.0 108.260280929
2940.0 108.62997574
2950.0 108.999673828
2960.0 109.369375236
2970.0 109.739080009
2980.0 110.10878819
2990.0 110.478499824
3000.0 110.848214956
3010.0 111.217933631
3020.0 111.587655894
3030.0 111.957381791
3040.0 112.327111366
3050.0 112.696844666
3060.0 113.066581737
3070.0 113.436322625
3080.0 113.806067376
3090.0 114.175816037
3100.0 114.545568653
3110.0 114.915325273
3120.0 115.285085943
3130.0 115.65485071
3140.0 116.024619621
3150.0 116.394392724
3160.0 116.764170065
3170.0 117.133951693
3180.0 117.503737655
3190.0 117.873527998
3200.0 118.243322771
3210.0 118.613122021
3220.0 118.982925795
3230.0 119.352734143
3240.0 119.722547111
3250.0 120.092364747
3260.0 120.4621871
3270.0 120.832014217
3280.0 121.201846146
3290.0 121.571682936
3300.0 121.941524633
3310.0 122.311371286
3320.0 122.681222942
3330.0 123.051079649
3340.0 123.420941454
3350.0 123.790808406
3360.0 124.16068055
3370.0 124.530557935
3380.0 124.900440608
3390.0 125.270328615
3400.0 125.640222004
3410.0 126.01012082
3420.0 126.38002511
3430.0 126.749934922
3440.0 127.119850299
3450.0 127.489771289
3460.0 127.859697937
3470.0 128.229630288
3480.0 128.599568388
3490.0 128.96951228
3500.0 129.33946201
3510.0 129.709417622
3520.0 130.079379159
3530.0 130.449346666
3540.0 130.819320185
3550.0 131.189299759
3560.0 131.559285431
3570.0 131.929277243
3580.0 132.299275236
3590.0 132.669279452
3600.0 133.039289932
3610.0 133.409306716
3620.0 133.779329844
3630.0 134.149359355
3640.0 134.519395289
3650.0 134.889437684
3660.0 135.259486579
3670.0 135.62954201
3680.0 135.999604014
3690.0 136.369672629
3700.0 136.739747889
3710.0 137.10982983
3720.0 137.479918488
3730.0 137.850013895
3740.0 138.220116085
3750.0 138.590225092
3760.0 138.960340946
3770.0 139.330463681
3780.0 139.700593326
3790.0 140.070729912
3800.0 140.440873468
3810.0 140.811024023
3820.0 141.181181605
3830.0 141.551346241
3840.0 141.921517958
3850.0 142.291696781
3860.0 142.661882736
3870.0 143.032075845
3880.0 143.402276134
3890.0 143.772483625
3900.0 144.142698338
3910.0 144.512920295
3920.0 144.883149517
3930.0 145.253386021
3940.0 145.623629827
3950.0 145.993880952
3960.0 146.364139412
3970.0 146.734405222
3980.0 147.104678399
3990.0 147.474958954
4000.0 147.845246902
4010.0 148.215542253
4020.0 148.585845019
4030.0 148.956155209
4040.0 149.326472833
4050.0 149.696797899
4060.0 150.067130412
4070.0 150.43747038
4080.0 150.807817807
4090.0 151.178172697
4100.0 151.548535052
4110.0 151.918904875
4120.0 152.289282166
4130.0 152.659666925
4140.0 153.03005915
4150.0 153.400458839
4160.0 153.770865989
4170.0 154.141280594
4180.0 154.51170265
4190.0 154.882132148
4200.0 155.252569082
4210.0 155.623013442
4220.0 155.993465218
4230.0 156.363924399
4240.0 156.734390972
4250.0 157.104864924
4260.0 157.47534624
4270.0 157.845834904
4280.0 158.2163309
4290.0 158.586834209
4300.0 158.957344813
4310.0 159.32786269
4320.0 159.698387819
4330.0 160.068920179
4340.0 160.439459744
4350.0 160.81000649
4360.0 161.180560391
4370.0 161.55112142
4380.0 161.921689548
4390.0 162.292264746
4400.0 162.662846984
4410.0 163.033436228
4420.0 163.404032447
4430.0 163.774635607
4440.0 164.145245672
4450.0 164.515862605
4460.0 164.88648637
4470.0 165.257116928
4480.0 165.627754239
4490.0 165.998398262
4500.0 166.369048955
4510.0 166.739706276
4520.0 167.11037018
4530.0 167.481040621
4540.0 167.851717555
4550.0 168.222400932
4560.0 168.593090705
4570.0 168.963786824
4580.0 169.334489239
4590.0 169.705197897
4600.0 170.075912747
4610.0 170.446633734
4620.0 170.817360804
4630.0 171.188093901
4640.0 171.558832967
4650.0 171.929577946
4660.0 172.300328779
4670.0 172.671085405
4680.0 173.041847765
4690.0 173.412615796
4700.0 173.783389436
4710.0 174.154168622
4720.0 174.524953288
4730.0 174.89574337
4740.0 175.266538802
4750.0 175.637339516
4760.0 176.008145445
4770.0 176.37895652
4780.0 176.74977267
4790.0 177.120593827
4800.0 177.491419918
4810.0 177.862250872
4820.0 178.233086616
4830.0 178.603927077
4840.0 178.97477218
4850.0 179.34562185
4860.0 179.716476012
4870.0 180.08733459
4880.0 180.458197507
4890.0 180.829064674
4900.0 181.19993603
4910.0 181.570811487
4920.0 181.941690965
4930.0 182.312574385
4940.0 182.683461665
4950.0 183.054352725
4960.0 183.425247482
4970.0 183.796145854
4980.0 184.167047759
4990.0 184.537953114
5000.0 184.908861833
5010.0 185.279773834
5020.0 185.650689031
5030.0 186.021607339
5040.0 186.392528674
5050.0 186.763452949
5060.0 187.134380077
5070.0 187.505309973
5080.0 187.87624255
5090.0 188.24717772
5100.0 188.618115396
5110.0 188.989055491
5120.0 189.359997917
5130.0 189.730942586
5140.0 190.101889409
5150.0 190.472838298
5160.0 190.843789165
5170.0 191.214741922
5180.0 191.585696478
5190.0 191.956652747
5200.0 192.327610638
5210.0 192.698570063
5220.0 193.069530933
5230.0 193.440493159
5240.0 193.811456652
5250.0 194.182421324
5260.0 194.553387086
5270.0 194.924353848
5280.0 195.295321523
5290.0 195.666290022
5300.0 196.037259257
5310.0 196.40822914
5320.0 196.779199583
5330.0 197.150170497
5340.0 197.521141797
5350.0 197.892113393
5360.0 198.2630852
5370.0 198.634057131
5380.0 199.005029099
5390.0 199.376001019
5400.0 199.746972804
5410.0 200.117944369
5420.0 200.48891563
5430.0 200.859886502
5440.0 201.2308569
5450.0 201.601826741
5460.0 201.972795942
5470.0 202.343764419
5480.0 202.714732092
5490.0 203.085698877
5500.0 203.456664693
5510.0 203.827629461
5520.0 204.198593099
5530.0 204.569555528
5540.0 204.940516669
5550.0 205.311476444
5560.0 205.682434774
5570.0 206.053391584
5580.0 206.424346795
5590.0 206.795300333
5600.0 207.166252122
5610.0 207.537202087
5620.0 207.908150156
5630.0 208.279096255
5640.0 208.650040311
5650.0 209.020982253
5660.0 209.39192201
5670.0 209.762859513
5680.0 210.133794692
5690.0 210.504727478
5700.0 210.875657804
5710.0 211.246585603
5720.0 211.617510809
5730.0 211.988433357
5740.0 212.359353183
5750.0 212.730270223
5760.0 213.101184415
5770.0 213.472095697
5780.0 213.843004007
5790.0 214.213909288
5800.0 214.584811478
5810.0 214.955710521
5820.0 215.326606358