-490.0 -118.364840246
-485.0 -117.367370692
-480.0 -116.364805395
-475.0 -115.356732375
-470.0 -114.342765306
-465.0 -113.322545885
-460.0 -112.295745848
-455.0 -111.262068679
-450.0 -110.221250979
-445.0 -109.173063517
-440.0 -108.117311954
-435.0 -107.053837247
-430.0 -105.982515732
-425.0 -104.903258903
-420.0 -103.816012888
-415.0 -102.720757651
-410.0 -101.617505924
-405.0 -100.506301897
-400.0 -99.3872196966
-395.0 -98.2603616602
-390.0 -97.1258564511
-385.0 -95.9838570314
-380.0 -94.8345385245
-375.0 -93.6780959958
-370.0 -92.5147421788
-365.0 -91.3447051746
-360.0 -90.1682261506
-355.0 -88.9855570628
-350.0 -87.7969584254
-345.0 -86.6026971482
-340.0 -85.4030444598
-335.0 -84.198273935
-330.0 -82.988659638
-325.0 -81.7744743942
-320.0 -80.5559882004
-315.0 -79.3334667779
-310.0 -78.1071702744
-305.0 -76.8773521169
-300.0 -75.6442580138
-295.0 -74.4081251067
-290.0 -73.1691812663
-285.0 -71.9276445277
-280.0 -70.6837226594
-275.0 -69.4376128575
-270.0 -68.1895015562
-265.0 -66.9395643475
-260.0 -65.6879659975
-255.0 -64.4348605518
-250.0 -63.1803915187
-245.0 -61.9246921204
-240.0 -60.6678856025
-235.0 -59.4100855921
-230.0 -58.1513964957
-225.0 -56.8919139279
-220.0 -55.6317251636
-215.0 -54.3709096044
-210.0 -53.1095392563
-205.0 -51.8476792075
-200.0 -50.5853881063
-195.0 -49.3227186297
-190.0 -48.0597179427
-185.0 -46.7964281418
-180.0 -45.5328866821
-175.0 -44.2691267852
-170.0 -43.0051778254
-165.0 -41.7410656945
-160.0 -40.4768131439
-155.0 -39.2124401027
-150.0 -37.9479639739
-145.0 -36.6833999071
-140.0 -35.4187610487
-135.0 -34.1540587713
-130.0 -32.8893028819
-125.0 -31.6245018105
-120.0 -30.3596627807
-115.0 -29.0947919622
-110.0 -27.8298946076
-105.0 -26.5649751744
-100.0 -25.3000374323
-95.0 -24.0350845596
-90.0 -22.7701192261
-85.0 -21.5051436673
-80.0 -20.2401597484
-75.0 -18.9751690202
-70.0 -17.7101727675
-65.0 -16.4451720508
-60.0 -15.1801677419
-55.0 -13.9151605554
-50.0 -12.6501510738
-45.0 -11.385139771
-40.0 -10.1201270302
-35.0 -8.85511315999
-30.0 -7.59009840817
-25.0 -6.32508297234
-20.0 -5.0600670095
-15.0 -3.79505064366
-10.0 -2.53003397226
-5.0 -1.26501707136
1.0 0.253003425557
5.0 1.26501707136
10.0 2.53003397226
15.0 3.79505064366
20.0 5.0600670095
25.0 6.32508297234
30.0 7.59009840817
35.0 8.85511315999
40.0 10.1201270302
45.0 11.385139771
50.0 12.6501510738
55.0 13.9151605554
60.0 15.1801677419
65.0 16.4451720508
70.0 17.7101727675
75.0 18.9751690202
80.0 20.2401597484
85.0 21.5051436673
90.0 22.7701192261
95.0 24.0350845596
100.0 25.3000374323
105.0 26.5649751744
110.0 27.8298946076
115.0 29.0947919622
120.0 30.3596627807
125.0 31.6245018105
130.0 32.8893028819
135.0 34.1540587713
140.0 35.4187610487
145.0 36.6833999071
150.0 37.9479639739
155.0 39.2124401027
160.0 40.4768131439
165.0 41.7410656945
170.0 43.0051778254
175.0 44.2691267852
180.0 45.5328866821
185.0 46.7964281418
190.0 48.0597179427
195.0 49.3227186297
200.0 50.5853881063
205.0 51.8476792075
210.0 53.1095392563
215.0 54.3709096044
220.0 55.6317251636
225.0 56.8919139279
230.0 58.1513964957
235.0 59.4100855921
240.0 60.6678856025
245.0 61.9246921204
250.0 63.1803915187
255.0 64.4348605518
260.0 65.6879659975
265.0 66.9395643475
270.0 68.1895015562
275.0 69.4376128575
280.0 70.6837226594
285.0 71.9276445277
290.0 73.1691812663
295.0 74.4081251067
300.0 75.6442580138
305.0 76.8773521169
310.0 78.1071702744
315.0 79.3334667779
320.0 80.5559882004
325.0 81.7744743942
330.0 82.988659638
335.0 84.198273935
340.0 85.4030444598
345.0 86.6026971482
350.0 87.7969584254
355.0 88.9855570628
360.0 90.1682261506
365.0 91.3447051746
370.0 92.5147421788
375.0 93.6780959958
380.0 94.8345385245
385.0 95.9838570314
390.0 97.1258564511
395.0 98.2603616602
400.0 99.3872196966
405.0 100.506301897
410.0 101.617505924
415.0 102.720757651
420.0 103.816012888
425.0 104.903258903
430.0 105.982515732
435.0 107.053837247
440.0 108.117311954
445.0 109.173063517
450.0 110.221250979
455.0 111.262068679
460.0 112.295745848
465.0 113.322545885
470.0 114.342765306
475.0 115.356732375
480.0 116.364805395
485.0 117.367370692
490.0 118.364840246