0.0 0.0
120.0 4.51158987187
120.625 4.53405667016
121.25 4.55653222149
122.5 4.60150889393
123.75 4.64651855524
125.0 4.69155993985
126.25 4.73663184645
127.5 4.78173313409
128.75 4.82686271863
130.0 4.87201956934
131.25 4.91720270577
132.5 4.96241119487
133.75 5.00764414822
135.0 5.0529007195
136.25 5.0981801021
137.5 5.14348152691
138.75 5.1888042602
140.0 5.23414760167
141.25 5.27951088266
142.5 5.32489346438
143.75 5.37029473632
145.0 5.41571411476
146.25 5.46115104129
147.5 5.50660498153
148.75 5.55207542388
150.0 5.59756187829
151.25 5.64306387519
152.5 5.68858096442
153.75 5.73411271428
155.0 5.77965871057
156.25 5.82521855574
157.5 5.87079186802
158.75 5.91637828073
160.0 5.96197744144
161.25 6.00758901137
162.5 6.05321266466
165.0 6.14449497911
167.5 6.23582201448
170.0 6.32719157152
172.5 6.41860160658
175.0 6.51005021777
177.5 6.6015356325
180.0 6.6930561963
182.5 6.78461036274
185.0 6.87619668438
187.5 6.9678138045
190.0 7.05946044972
192.5 7.15113542331
195.0 7.24283759905
197.5 7.33456591577
200.0 7.42631937228
202.5 7.51809702288
205.0 7.60989797314
207.5 7.70172137617
210.0 7.79356642916
212.5 7.88543237022
215.0 7.97731847553
217.5 8.06922405667
220.0 8.16114845822
222.5 8.25309105558
225.0 8.34505125291
230.0 8.52902219687
235.0 8.71305703151
240.0 8.89715185371
245.0 9.0813030744
250.0 9.26550738331
255.0 9.44976171864
260.0 9.63406324107
265.0 9.81840931129
270.0 10.0027974705
275.0 10.1872254235
280.0 10.3716910239
285.0 10.5561922609
290.0 10.7407272482
295.0 10.9252942136
300.0 11.1098914903
305.0 11.2945175087
310.0 11.4791707891
315.0 11.6638499356
320.0 11.8485536302
330.0 12.2180297499
340.0 12.5875899731
350.0 12.9572260808
360.0 13.3269306966
370.0 13.6966971921
380.0 14.0665196047
390.0 14.436392566
400.0 14.8063112399
410.0 15.1762712675
420.0 15.5462687191
430.0 15.9163000506
440.0 16.2863620651
450.0 16.6564518786
460.0 17.0265668889
470.0 17.3967047479
480.0 17.7668633367
490.0 18.1370407429
500.0 18.5072352402
510.0 18.8774452703
520.0 19.2476694265
530.0 19.6179064382
540.0 19.988155158
550.0 20.3584145495
560.0 20.7286836761
570.0 21.0989616911
580.0 21.4692478292
590.0 21.8395413982
600.0 22.2098417715
610.0 22.5801483822
620.0 22.9504607167
630.0 23.3207783095
640.0 23.6911007389
650.0 24.0614276218
660.0 24.431758611
670.0 24.8020933905
680.0 25.1724316735
690.0 25.5427731989
700.0 25.9131177288
710.0 26.2834650467
720.0 26.6538149548
730.0 27.0241672727
740.0 27.3945218356
750.0 27.7648784926
760.0 28.1352371056
770.0 28.5055975481
780.0 28.8759597038
790.0 29.2463234662
800.0 29.616688737
810.0 29.987055426
820.0 30.35742345
830.0 30.7277927322
840.0 31.0981632016
850.0 31.4685347927
860.0 31.8389074448
870.0 32.2092811016
880.0 32.5796557109
890.0 32.9500312243
900.0 33.3204075968
910.0 33.6907847864
920.0 34.0611627539
930.0 34.4315414632
940.0 34.80192088
950.0 35.1723009727
960.0 35.5426817116
970.0 35.913063069
980.0 36.2834450187
990.0 36.6538275364
1000.0 37.0242105993
1010.0 37.3945941859
1020.0 37.7649782761
1030.0 38.1353628509
1040.0 38.5057478926
1050.0 38.8761333844
1060.0 39.2465193107
1070.0 39.6169056566
1080.0 39.9872924083
1090.0 40.3576795527
1100.0 40.7280670775
1110.0 41.098454971
1120.0 41.4688432224
1130.0 41.8392318214
1140.0 42.2096207584
1150.0 42.5800100245
1160.0 42.950399611
1170.0 43.32078951
1180.0 43.691179714
1190.0 44.0615702161
1200.0 44.4319610097
1210.0 44.8023520888
1220.0 45.1727434476
1230.0 45.5431350808
1240.0 45.9135269836
1250.0 46.2839191514
1260.0 46.65431158
1270.0 47.0247042656
1280.0 47.3950972046
1290.0 47.7654903939
1300.0 48.1358838306
1310.0 48.5062775121
1320.0 48.8766714361
1330.0 49.2470656005
1340.0 49.6174600036
1350.0 49.9878546439
1360.0 50.3582495202
1370.0 50.7286446315
1380.0 51.0990399771
1390.0 51.4694355564
1400.0 51.8398313693
1410.0 52.2102274157
1420.0 52.5806236958
1430.0 52.9510202101
1440.0 53.3214169591
1450.0 53.6918139438
1460.0 54.0622111653
1470.0 54.4326086249
1480.0 54.803006324
1490.0 55.1734042643
1500.0 55.5438024479
1510.0 55.9142008768
1520.0 56.2845995533
1530.0 56.65499848
1540.0 57.0253976596
1550.0 57.3957970951
1560.0 57.7661967895
1570.0 58.1365967462
1580.0 58.5069969687
1590.0 58.8773974608
1600.0 59.2477982263
1610.0 59.6181992694
1620.0 59.9886005944
1630.0 60.3590022058
1640.0 60.7294041083
1650.0 61.0998063068
1660.0 61.4702088065
1670.0 61.8406116126
1680.0 62.2110147307
1690.0 62.5814181664
1700.0 62.9518219258
1710.0 63.3222260148
1720.0 63.6926304399
1730.0 64.0630352075
1740.0 64.4334403244
1750.0 64.8038457976
1760.0 65.1742516342
1770.0 65.5446578416
1780.0 65.9150644274
1790.0 66.2854713993
1800.0 66.6558787654
1810.0 67.026286534
1820.0 67.3966947134
1830.0 67.7671033124
1840.0 68.1375123399
1850.0 68.507921805
1860.0 68.8783317171
1870.0 69.2487420857
1880.0 69.6191529207
1890.0 69.9895642322
1900.0 70.3599760304
1910.0 70.7303883259
1920.0 71.1008011295
1930.0 71.4712144521
1940.0 71.8416283051
1950.0 72.2120426999
1960.0 72.5824576484
1970.0 72.9528731626
1980.0 73.3232892547
1990.0 73.6937059373
2000.0 74.0641232232
2010.0 74.4345411253
2020.0 74.8049596572
2030.0 75.1753788323
2040.0 75.5457986645
2050.0 75.916219168
2060.0 76.2866403571
2070.0 76.6570622466
2080.0 77.0274848514
2090.0 77.3979081868
2100.0 77.7683322683
2110.0 78.1387571118
2120.0 78.5091827333
2130.0 78.8796091493
2140.0 79.2500363764
2150.0 79.6204644318
2160.0 79.9908933326
2170.0 80.3613230965
2180.0 80.7317537414
2190.0 81.1021852855
2200.0 81.4726177474
2210.0 81.8430511459
2220.0 82.2134855
2230.0 82.5839208294
2240.0 82.9543571538
2250.0 83.3247944932
2260.0 83.6952328682
2270.0 84.0656722995
2280.0 84.4361128081
2290.0 84.8065544155
2300.0 85.1769971434
2310.0 85.547441014
2320.0 85.9178860495
2330.0 86.2883322728
2340.0 86.6587797069
2350.0 87.0292283753
2360.0 87.3996783017
2370.0 87.7701295102
2380.0 88.1405820253
2390.0 88.5110358719
2400.0 88.8814910749
2410.0 89.2519476601
2420.0 89.6224056531
2430.0 89.9928650802
2440.0 90.3633259679
2450.0 90.7337883432
2460.0 91.1042522333
2470.0 91.4747176659
2480.0 91.8451846688
2490.0 92.2156532705
2500.0 92.5861234996
2510.0 92.9565953852
2520.0 93.3270689566
2530.0 93.6975442436
2540.0 94.0680212764
2550.0 94.4385000854
2560.0 94.8089807015
2570.0 95.1794631559
2580.0 95.5499474801
2590.0 95.920433706
2600.0 96.290921866
2610.0 96.6614119925
2620.0 97.0319041188
2630.0 97.402398278
2640.0 97.7728945038
2650.0 98.1433928304
2660.0 98.5138932922
2670.0 98.8843959238
2680.0 99.2549007605
2690.0 99.6254078376
2700.0 99.995917191
2710.0 100.366428857
2720.0 100.736942872
2730.0 101.107459272
2740.0 101.477978095
2750.0 101.848499379
2760.0 102.219023161
2770.0 102.58954948
2780.0 102.960078374
2790.0 103.330609881
2800.0 103.701144041
2810.0 104.071680894
2820.0 104.442220479
2830.0 104.812762837
2840.0 105.183308007
2850.0 105.553856031
2860.0 105.924406949
2870.0 106.294960803
2880.0 106.665517635
2890.0 107.036077485
2900.0 107.406640398
2910.0 107.777206414
2920.0 108.147775577
2930.0 108.51834793
2940.0 108.888923516
2950.0 109.259502379
2960.0 109.630084562
2970.0 110.000670109
2980.0 110.371259065
2990.0 110.741851474
3000.0 111.112447381
3010.0 111.483046831
3020.0 111.853649869
3030.0 112.22425654
3040.0 112.59486689
3050.0 112.965480965
3060.0 113.336098811
3070.0 113.706720473
3080.0 114.077345999
3090.0 114.447975434
3100.0 114.818608826
3110.0 115.18924622
3120.0 115.559887665
3130.0 115.930533207
3140.0 116.301182892
3150.0 116.67183677
3160.0 117.042494886
3170.0 117.413157289
3180.0 117.783824025
3190.0 118.154495143
3200.0 118.525170691
3210.0 118.895850715
3220.0 119.266535265
3230.0 119.637224387
3240.0 120.007918129
3250.0 120.37861654
3260.0 120.749319668
3270.0 121.12002756
3280.0 121.490740264
3290.0 121.861457828
3300.0 122.2321803
3310.0 122.602907728
3320.0 122.973640158
3330.0 123.34437764
3340.0 123.71512022
3350.0 124.085867947
3360.0 124.456620866
3370.0 124.827379026
3380.0 125.198142473
3390.0 125.568911255
3400.0 125.939685418
3410.0 126.310465009
3420.0 126.681250075
3430.0 127.05204066
3440.0 127.422836813
3450.0 127.793638578
3460.0 128.164446
3470.0 128.535259126
3480.0 128.906078
3490.0 129.276902667
3500.0 129.647733172
3510.0 130.018569559
3520.0 130.389411871
3530.0 130.760260152
3540.0 131.131114446
3550.0 131.501974795
3560.0 131.872841242
3570.0 132.243713828
3580.0 132.614592596
3590.0 132.985477587
3600.0 133.356368842
3610.0 133.7272664
3620.0 134.098170303
3630.0 134.469080589
3640.0 134.839997298
3650.0 135.210920468
3660.0 135.581850137
3670.0 135.952786342
3680.0 136.323729122
3690.0 136.694678511
3700.0 137.065634546
3710.0 137.436597262
3720.0 137.807566694
3730.0 138.178542876
3740.0 138.549525841
3750.0 138.920515623
3760.0 139.291512252
3770.0 139.662515761
3780.0 140.033526181
3790.0 140.404543542
3800.0 140.775567873
3810.0 141.146599203
3820.0 141.517637559
3830.0 141.88868297
3840.0 142.259735462
3850.0 142.630795059
3860.0 143.001861789
3870.0 143.372935673
3880.0 143.744016737
3890.0 144.115105002
3900.0 144.48620049
3910.0 144.857303222
3920.0 145.228413218
3930.0 145.599530497
3940.0 145.970655078
3950.0 146.341786977
3960.0 146.712926212
3970.0 147.084072798
3980.0 147.455226749
3990.0 147.826388079
4000.0 148.197556801
4010.0 148.568732927
4020.0 148.939916468
4030.0 149.311107433
4040.0 149.682305832
4050.0 150.053511672
4060.0 150.42472496
4070.0 150.795945703
4080.0 151.167173904
4090.0 151.538409569
4100.0 151.909652699
4110.0 152.280903297
4120.0 152.652161362
4130.0 153.023426896
4140.0 153.394699896
4150.0 153.76598036
4160.0 154.137268284
4170.0 154.508563665
4180.0 154.879866495
4190.0 155.251176768
4200.0 155.622494477
4210.0 155.993819611
4220.0 156.365152162
4230.0 156.736492118
4240.0 157.107839465
4250.0 157.479194192
4260.0 157.850556283
4270.0 158.221925722
4280.0 158.593302493
4290.0 158.964686577
4300.0 159.336077955
4310.0 159.707476607
4320.0 160.078882511
4330.0 160.450295645
4340.0 160.821715985
4350.0 161.193143506
4360.0 161.564578182
4370.0 161.936019985
4380.0 162.307468888
4390.0 162.678924861
4400.0 163.050387873
4410.0 163.421857893
4420.0 163.793334886
4430.0 164.164818821
4440.0 164.53630966
4450.0 164.907807368
4460.0 165.279311908
4470.0 165.650823241
4480.0 166.022341326
4490.0 166.393866124
4500.0 166.765397592
4510.0 167.136935688
4520.0 167.508480366
4530.0 167.880031583
4540.0 168.251589291
4550.0 168.623153443
4560.0 168.994723991
4570.0 169.366300884
4580.0 169.737884074
4590.0 170.109473507
4600.0 170.481069132
4610.0 170.852670893
4620.0 171.224278738
4630.0 171.595892609
4640.0 171.967512451
4650.0 172.339138205
4660.0 172.710769812
4670.0 173.082407213
4680.0 173.454050347
4690.0 173.825699153
4700.0 174.197353568
4710.0 174.569013528
4720.0 174.94067897
4730.0 175.312349826
4740.0 175.684026033
4750.0 176.055707522
4760.0 176.427394225
4770.0 176.799086075
4780.0 177.170783
4790.0 177.542484932
4800.0 177.914191798
4810.0 178.285903527
4820.0 178.657620045
4830.0 179.029341281
4840.0 179.401067158
4850.0 179.772797603
4860.0 180.14453254
4870.0 180.516271893
4880.0 180.888015584
4890.0 181.259763526
4900.0 181.631515657
4910.0 182.003271889
4920.0 182.375032142
4930.0 182.746796336
4940.0 183.118564391
4950.0 183.490336225
4960.0 183.862111757
4970.0 184.233890905
4980.0 184.605673584
4990.0 184.977459713
5000.0 185.349249208
5010.0 185.721041983
5020.0 186.092837955
5030.0 186.464637038
5040.0 186.836439147
5050.0 187.208244197
5060.0 187.5800521
5070.0 187.951862771
5080.0 188.323676122
5090.0 188.695492067
5100.0 189.067310518
5110.0 189.439131388
5120.0 189.810954589
5130.0 190.182780032
5140.0 190.55460763
5150.0 190.926437294
5160.0 191.298268936
5170.0 191.670102467
5180.0 192.041937798
5190.0 192.413774841
5200.0 192.785613507
5210.0 193.157453707
5220.0 193.529295352
5230.0 193.901138352
5240.0 194.272982621
5250.0 194.644828067
5260.0 195.016674603
5270.0 195.388522141
5280.0 195.760370591
5290.0 196.132219865
5300.0 196.504069874
5310.0 196.875920532
5320.0 197.247771749
5330.0 197.619623438
5340.0 197.991475512
5350.0 198.363327884
5360.0 198.735180466
5370.0 199.107033171
5380.0 199.478885914
5390.0 199.850738608
5400.0 200.222591168
5410.0 200.594443508
5420.0 200.966295544
5430.0 201.33814719
5440.0 201.709998363
5450.0 202.081848979
5460.0 202.453698955
5470.0 202.825548207
5480.0 203.197396654
5490.0 203.569244214
5500.0 203.941090805
5510.0 204.312936347
5520.0 204.68478076
5530.0 205.056623964
5540.0 205.42846588
5550.0 205.800306429
5560.0 206.172145535
5570.0 206.543983119
5580.0 206.915819105
5590.0 207.287653417
5600.0 207.659485981
5610.0 208.031316722
5620.0 208.403145565
5630.0 208.774972438
5640.0 209.146797269
5650.0 209.518619986
5660.0 209.890440518
5670.0 210.262258796
5680.0 210.634074749
5690.0 211.00588831
5700.0 211.377699411
5710.0 211.749507985
5720.0 212.121313966
5730.0 212.493117288
5740.0 212.864917889
5750.0 213.236715704
5760.0 213.60851067
5770.0 213.980302727
5780.0 214.352091812
5790.0 214.723877867
5800.0 215.095660832
5810.0 215.46744065
5820.0 215.839217262