0.0 0.0
120.0 4.5142584515
120.625 4.53673914864
121.25 4.55922859882
122.5 4.60423306897
123.75 4.64927052798
125.0 4.6943397103
126.25 4.7394394146
127.5 4.78456849995
128.75 4.82972588219
130.0 4.8749105306
131.25 4.92012146473
132.5 4.96535775154
133.75 5.01061850259
135.0 5.05590287158
136.25 5.10121005189
137.5 5.1465392744
138.75 5.19188980539
140.0 5.23726094457
141.25 5.28265202326
142.5 5.32806240269
143.75 5.37349147234
145.0 5.41893864847
146.25 5.46440337271
147.5 5.50988511066
148.75 5.55538335071
150.0 5.60089760283
151.25 5.64642739743
152.5 5.69197228436
153.75 5.73753183193
155.0 5.78310562593
156.25 5.82869326879
157.5 5.87429437878
158.75 5.91990858919
160.0 5.96553554761
161.25 6.01117491524
162.5 6.05682636624
165.0 6.1481642761
167.5 6.23954690687
170.0 6.33097205932
172.5 6.4224376898
175.0 6.51394189639
177.5 6.60548290653
180.0 6.69705906574
182.5 6.78866882759
185.0 6.88031074464
187.5 6.97198346016
190.0 7.0636857008
192.5 7.15541626979
195.0 7.24717404095
197.5 7.33895795307
200.0 7.43076700499
202.5 7.522600251
205.0 7.61445679666
207.5 7.7063357951
210.0 7.7982364435
212.5 7.89015797998
215.0 7.9820996807
217.5 8.07406085724
220.0 8.16604085421
222.5 8.25803904698
225.0 8.35005483971
230.0 8.53413697449
235.0 8.71828299995
240.0 8.90248901296
245.0 9.08675142448
250.0 9.2710669242
255.0 9.45543245034
260.0 9.63984516359
265.0 9.82430242464
270.0 10.0088017747
275.0 10.1933409185
280.0 10.3779177097
285.0 10.5625301375
290.0 10.7471763156
295.0 10.9318544719
300.0 11.1165629394
305.0 11.3013001486
310.0 11.4860646198
315.0 11.6708549571
320.0 11.8556698426
330.0 12.2253683438
340.0 12.5951509488
350.0 12.965009438
360.0 13.3349364354
370.0 13.7049253127
380.0 14.0749701069
390.0 14.4450654498
400.0 14.8152065053
410.0 15.1853889146
420.0 15.5556087478
430.0 15.9258624609
440.0 16.2961468571
450.0 16.6664590522
460.0 17.0367964441
470.0 17.4071566848
480.0 17.7775376552
490.0 18.147937443
500.0 18.518354322
510.0 18.8887867338
520.0 19.2592332715
530.0 19.6296926649
540.0 20.0001637664
550.0 20.3706455395
560.0 20.7411370477
570.0 21.1116374443
580.0 21.4821459641
590.0 21.8526619147
600.0 22.2231846697
610.0 22.593713662
620.0 22.9642483781
630.0 23.3347883526
640.0 23.7053331635
650.0 24.0758824281
660.0 24.4464357989
670.0 24.8169929601
680.0 25.1875536248
690.0 25.5581175318
700.0 25.9286844433
710.0 26.2992541428
720.0 26.6698264325
730.0 27.0404011321
740.0 27.4109780766
750.0 27.7815571153
760.0 28.15213811
770.0 28.522720934
780.0 28.8933054714
790.0 29.2638916154
800.0 29.6344792679
810.0 30.0050683385
820.0 30.3756587441
830.0 30.7462504079
840.0 31.116843259
850.0 31.4874372317
860.0 31.8580322654
870.0 32.2286283039
880.0 32.5992252948
890.0 32.9698231899
900.0 33.340421944
910.0 33.7110215152
920.0 34.0816218644
930.0 34.4522229553
940.0 34.8228247538
950.0 35.1934272281
960.0 35.5640303487
970.0 35.9346340876
980.0 36.305238419
990.0 36.6758433183
1000.0 37.0464487629
1010.0 37.4170547311
1020.0 37.7876612029
1030.0 38.1582681593
1040.0 38.5288755827
1050.0 38.8994834561
1060.0 39.2700917641
1070.0 39.6407004917
1080.0 40.011309625
1090.0 40.381919151
1100.0 40.7525290574
1110.0 41.1231393325
1120.0 41.4937499655
1130.0 41.8643609462
1140.0 42.2349722649
1150.0 42.6055839125
1160.0 42.9761958807
1170.0 43.3468081613
1180.0 43.717420747
1190.0 44.0880336307
1200.0 44.458646806
1210.0 44.8292602667
1220.0 45.1998740071
1230.0 45.570488022
1240.0 45.9411023064
1250.0 46.3117168558
1260.0 46.6823316661
1270.0 47.0529467333
1280.0 47.423562054
1290.0 47.7941776249
1300.0 48.1647934433
1310.0 48.5354095064
1320.0 48.906025812
1330.0 49.276642358
1340.0 49.6472591428
1350.0 50.0178761647
1360.0 50.3884934226
1370.0 50.7591109156
1380.0 51.1297286428
1390.0 51.5003466038
1400.0 51.8709647983
1410.0 52.2415832263
1420.0 52.6122018881
1430.0 52.982820784
1440.0 53.3534399146
1450.0 53.724059281
1460.0 54.0946788841
1470.0 54.4652987253
1480.0 54.835918806
1490.0 55.206539128
1500.0 55.5771596932
1510.0 55.9477805037
1520.0 56.3184015619
1530.0 56.6890228703
1540.0 57.0596444315
1550.0 57.4302662486
1560.0 57.8008883247
1570.0 58.171510663
1580.0 58.5421332672
1590.0 58.9127561409
1600.0 59.283379288
1610.0 59.6540027128
1620.0 60.0246264194
1630.0 60.3952504124
1640.0 60.7658746965
1650.0 61.1364992767
1660.0 61.507124158
1670.0 61.8777493458
1680.0 62.2483748455
1690.0 62.6190006628
1700.0 62.9896268038
1710.0 63.3602532745
1720.0 63.7308800812
1730.0 64.1015072304
1740.0 64.472134729
1750.0 64.8427625838
1760.0 65.2133908021
1770.0 65.5840193911
1780.0 65.9546483585
1790.0 66.3252777121
1800.0 66.6959074598
1810.0 67.06653761
1820.0 67.4371681711
1830.0 67.8077991517
1840.0 68.1784305609
1850.0 68.5490624076
1860.0 68.9196947013
1870.0 69.2903274516
1880.0 69.6609606682
1890.0 70.0315943613
1900.0 70.4022285412
1910.0 70.7728632183
1920.0 71.1434984035
1930.0 71.5141341078
1940.0 71.8847703424
1950.0 72.2554071189
1960.0 72.626044449
1970.0 72.9966823448
1980.0 73.3673208186
1990.0 73.7379598828
2000.0 74.1085995503
2010.0 74.4792398341
2020.0 74.8498807476
2030.0 75.2205223043
2040.0 75.5911645182
2050.0 75.9618074033
2060.0 76.332450974
2070.0 76.7030952452
2080.0 77.0737402316
2090.0 77.4443859486
2100.0 77.8150324118
2110.0 78.1856796369
2120.0 78.55632764
2130.0 78.9269764376
2140.0 79.2976260464
2150.0 79.6682764834
2160.0 80.0389277659
2170.0 80.4095799114
2180.0 80.780232938
2190.0 81.1508868637
2200.0 81.5215417072
2210.0 81.8921974873
2220.0 82.2628542231
2230.0 82.6335119341
2240.0 83.0041706401
2250.0 83.3748303612
2260.0 83.7454911179
2270.0 84.1161529308
2280.0 84.486815821
2290.0 84.8574798101
2300.0 85.2281449196
2310.0 85.5988111718
2320.0 85.9694785889
2330.0 86.3401471939
2340.0 86.7108170096
2350.0 87.0814880596
2360.0 87.4521603677
2370.0 87.8228339578
2380.0 88.1935088546
2390.0 88.5641850828
2400.0 88.9348626675
2410.0 89.3055416342
2420.0 89.6762220089
2430.0 90.0469038176
2440.0 90.417587087
2450.0 90.788271844
2460.0 91.1589581157
2470.0 91.5296459299
2480.0 91.9003353145
2490.0 92.2710262978
2500.0 92.6417189085
2510.0 93.0124131757
2520.0 93.3831091287
2530.0 93.7538067974
2540.0 94.1245062119
2550.0 94.4952074025
2560.0 94.8659104002
2570.0 95.2366152362
2580.0 95.6073219421
2590.0 95.9780305496
2600.0 96.3487410912
2610.0 96.7194535994
2620.0 97.0901681073
2630.0 97.4608846481
2640.0 97.8316032556
2650.0 98.2023239639
2660.0 98.5730468072
2670.0 98.9437718205
2680.0 99.3144990388
2690.0 99.6852284976
2700.0 100.055960233
2710.0 100.42669428
2720.0 100.797430676
2730.0 101.168169459
2740.0 101.538910664
2750.0 101.909654329
2760.0 102.280400493
2770.0 102.651149193
2780.0 103.021900468
2790.0 103.392654357
2800.0 103.763410899
2810.0 104.134170134
2820.0 104.504932101
2830.0 104.87569684
2840.0 105.246464392
2850.0 105.617234797
2860.0 105.988008097
2870.0 106.358784332
2880.0 106.729563546
2890.0 107.100345778
2900.0 107.471131072
2910.0 107.84191947
2920.0 108.212711015
2930.0 108.58350575
2940.0 108.954303717
2950.0 109.325104961
2960.0 109.695909526
2970.0 110.066717455
2980.0 110.437528792
2990.0 110.808343583
3000.0 111.179161872
3010.0 111.549983703
3020.0 111.920809122
3030.0 112.291638175
3040.0 112.662470907
3050.0 113.033307364
3060.0 113.404147591
3070.0 113.774991635
3080.0 114.145839542
3090.0 114.516691359
3100.0 114.887547133
3110.0 115.258406909
3120.0 115.629270735
3130.0 116.000138659
3140.0 116.371010726
3150.0 116.741886985
3160.0 117.112767483
3170.0 117.483652267
3180.0 117.854541385
3190.0 118.225434885
3200.0 118.596332814
3210.0 118.96723522
3220.0 119.338142151
3230.0 119.709053655
3240.0 120.079969779
3250.0 120.450890572
3260.0 120.821816081
3270.0 121.192746355
3280.0 121.56368144
3290.0 121.934621386
3300.0 122.30556624
3310.0 122.676516049
3320.0 123.047470861
3330.0 123.418430725
3340.0 123.789395687
3350.0 124.160365794
3360.0 124.531341095
3370.0 124.902321637
3380.0 125.273307466
3390.0 125.64429863
3400.0 126.015295174
3410.0 126.386297147
3420.0 126.757304594
3430.0 127.128317561
3440.0 127.499336095
3450.0 127.870360242
3460.0 128.241390046
3470.0 128.612425554
3480.0 128.983466809
3490.0 129.354513858
3500.0 129.725566745
3510.0 130.096625513
3520.0 130.467690207
3530.0 130.83876087
3540.0 131.209837545
3550.0 131.580920276
3560.0 131.952009104
3570.0 132.323104072
3580.0 132.694205222
3590.0 133.065312594
3600.0 133.43642623
3610.0 133.807546171
3620.0 134.178672455
3630.0 134.549805123
3640.0 134.920944213
3650.0 135.292089765
3660.0 135.663241815
3670.0 136.034400403
3680.0 136.405565564
3690.0 136.776737334
3700.0 137.147915751
3710.0 137.519100849
3720.0 137.890292663
3730.0 138.261491226
3740.0 138.632696573
3750.0 139.003908736
3760.0 139.375127747
3770.0 139.746353638
3780.0 140.11758644
3790.0 140.488826182
3800.0 140.860072894
3810.0 141.231326606
3820.0 141.602587344
3830.0 141.973855136
3840.0 142.34513001
3850.0 142.716411989
3860.0 143.0877011
3870.0 143.458997366
3880.0 143.830300812
3890.0 144.201611458
3900.0 144.572929328
3910.0 144.944254442
3920.0 145.315586819
3930.0 145.68692648
3940.0 146.058273442
3950.0 146.429627723
3960.0 146.80098934
3970.0 147.172358307
3980.0 147.54373464
3990.0 147.915118352
4000.0 148.286509455
4010.0 148.657907963
4020.0 149.029313885
4030.0 149.400727232
4040.0 149.772148013
4050.0 150.143576234
4060.0 150.515011904
4070.0 150.886455029
4080.0 151.257905612
4090.0 151.629363658
4100.0 152.00082917
4110.0 152.372302149
4120.0 152.743782596
4130.0 153.115270511
4140.0 153.486765893
4150.0 153.858268739
4160.0 154.229779045
4170.0 154.601296807
4180.0 154.972822018
4190.0 155.344354673
4200.0 155.715894764
4210.0 156.08744228
4220.0 156.458997212
4230.0 156.830559549
4240.0 157.202129279
4250.0 157.573706387
4260.0 157.94529086
4270.0 158.31688268
4280.0 158.688481833
4290.0 159.060088298
4300.0 159.431702058
4310.0 159.803323092
4320.0 160.174951378
4330.0 160.546586893
4340.0 160.918229615
4350.0 161.289879517
4360.0 161.661536575
4370.0 162.03320076
4380.0 162.404872045
4390.0 162.776550399
4400.0 163.148235793
4410.0 163.519928194
4420.0 163.891627569
4430.0 164.263333885
4440.0 164.635047106
4450.0 165.006767196
4460.0 165.378494118
4470.0 165.750227832
4480.0 166.121968299
4490.0 166.493715478
4500.0 166.865469328
4510.0 167.237229805
4520.0 167.608996865
4530.0 167.980770464
4540.0 168.352550553
4550.0 168.724337087
4560.0 169.096130016
4570.0 169.467929292
4580.0 169.839734863
4590.0 170.211546678
4600.0 170.583364684
4610.0 170.955188827
4620.0 171.327019054
4630.0 171.698855307
4640.0 172.07069753
4650.0 172.442545665
4660.0 172.814399654
4670.0 173.186259437
4680.0 173.558124953
4690.0 173.92999614
4700.0 174.301872937
4710.0 174.673755279
4720.0 175.045643102
4730.0 175.41753634
4740.0 175.789434928
4750.0 176.161338799
4760.0 176.533247884
4770.0 176.905162115
4780.0 177.277081422
4790.0 177.649005735
4800.0 178.020934983
4810.0 178.392869093
4820.0 178.764807994
4830.0 179.136751611
4840.0 179.50869987
4850.0 179.880652696
4860.0 180.252610015
4870.0 180.624571749
4880.0 180.996537822
4890.0 181.368508146
4900.0 181.740482659
4910.0 182.112461272
4920.0 182.484443906
4930.0 182.856430482
4940.0 183.228420919
4950.0 183.600415135
4960.0 183.972413049
4970.0 184.344414577
4980.0 184.716419639
4990.0 185.088428149
5000.0 185.460440025
5010.0 185.832455182
5020.0 186.204473536
5030.0 186.576495001
5040.0 186.948519492
5050.0 187.320546923
5060.0 187.692577208
5070.0 188.06461026
5080.0 188.436645993
5090.0 188.80868432
5100.0 189.180725152
5110.0 189.552768404
5120.0 189.924813986
5130.0 190.296861811
5140.0 190.668911791
5150.0 191.040963836
5160.0 191.41301786
5170.0 191.785073773
5180.0 192.157131486
5190.0 192.52919091
5200.0 192.901251958
5210.0 193.273314539
5220.0 193.645378565
5230.0 194.017443948
5240.0 194.389510598
5250.0 194.761578426
5260.0 195.133647344
5270.0 195.505717263
5280.0 195.877788094
5290.0 196.24985975
5300.0 196.621932141
5310.0 196.99400518
5320.0 197.366078779
5330.0 197.73815285
5340.0 198.110227306
5350.0 198.482302059
5360.0 198.854377022
5370.0 199.226452109
5380.0 199.598527234
5390.0 199.97060231
5400.0 200.342677251
5410.0 200.714751973
5420.0 201.08682639
5430.0 201.458900418
5440.0 201.830973973
5450.0 202.20304697
5460.0 202.575119328
5470.0 202.947190962
5480.0 203.31926179
5490.0 203.691331732
5500.0 204.063400705
5510.0 204.435468628
5520.0 204.807535423
5530.0 205.179601008
5540.0 205.551665306
5550.0 205.923728237
5560.0 206.295789724
5570.0 206.66784969
5580.0 207.039908058
5590.0 207.411964752
5600.0 207.784019697
5610.0 208.156072819
5620.0 208.528124044
5630.0 208.900173299
5640.0 209.272220512
5650.0 209.64426561
5660.0 210.016308524
5670.0 210.388349183
5680.0 210.760387518
5690.0 211.132423461
5700.0 211.504456943
5710.0 211.876487899
5720.0 212.248516261
5730.0 212.620541966
5740.0 212.992564948
5750.0 213.364585144
5760.0 213.736602492
5770.0 214.10861693
5780.0 214.480628398
5790.0 214.852636834
5800.0 215.224642181
5810.0 215.59664438
5820.0 215.968643374