0.0 0.0
120.0 5.37803428574
121.25 5.43486684144
122.5 5.49167008255
123.75 5.54844474651
125.0 5.60519156423
126.25 5.66191125919
127.5 5.71860454672
128.75 5.77527213327
130.0 5.83191471583
131.25 5.88853298138
132.5 5.9451276064
133.75 6.00169925647
135.0 6.05824858593
136.25 6.11477623755
137.5 6.17128284226
138.75 6.22776901898
140.0 6.28423537442
141.25 6.34068250297
142.5 6.39711098656
143.75 6.45352139464
145.0 6.50991428414
146.25 6.56629019943
147.5 6.62264967236
148.75 6.6789932223
150.0 6.7353213562
151.25 6.79163456865
152.5 6.847933342
153.75 6.90421814647
155.0 6.96048944024
156.25 7.01674766964
157.5 7.07299326925
158.75 7.1292266621
160.0 7.18544825979
162.5 7.29785766021
165.0 7.41022454218
167.5 7.52255180667
170.0 7.63484219033
172.5 7.74709827193
175.0 7.85932247897
177.5 7.97151709432
180.0 8.08368426278
182.5 8.19582599767
185.0 8.30794418726
187.5 8.42004060104
190.0 8.5321168959
192.5 8.64417462211
195.0 8.75621522908
197.5 8.86824007096
200.0 8.98025041198
202.5 9.09224743164
205.0 9.20423222964
210.0 9.42816918847
215.0 9.65206866376
220.0 9.87593703364
225.0 10.0997797998
230.0 10.3236016957
235.0 10.5474067833
240.0 10.7711985389
245.0 10.9949799295
250.0 11.2187534795
260.0 11.6662852911
270.0 12.1138073943
280.0 12.5613292285
290.0 13.008857296
300.0 13.4563959491
310.0 13.9039479801
320.0 14.3515150599
330.0 14.7990980622
340.0 15.2466973027
350.0 15.6943127122
360.0 16.1419439636
370.0 16.5895905623
380.0 17.0372519111
390.0 17.484927356
400.0 17.932616218
410.0 18.3803178152
420.0 18.8280314768
430.0 19.2757565536
440.0 19.7234924227
450.0 20.1712384916
460.0 20.6189941992
470.0 21.0667590164
480.0 21.5145324454
490.0 21.9623140188
500.0 22.410103298
510.0 22.8578998721
520.0 23.3057033561
530.0 23.7535133892
540.0 24.2013296337
550.0 24.6491517728
560.0 25.0969795098
570.0 25.5448125666
580.0 25.9926506821
590.0 26.4404936115
600.0 26.8883411251
610.0 27.336193007
620.0 27.7840490546
630.0 28.2319090775
640.0 28.6797728965
650.0 29.1276403434
660.0 29.5755112599
670.0 30.023385497
680.0 30.4712629147
690.0 30.919143381
700.0 31.367026772
710.0 31.8149129708
720.0 32.2628018675
730.0 32.7106933587
740.0 33.1585873471
750.0 33.6064837412
760.0 34.0543824547
770.0 34.5022834068
780.0 34.9501865212
790.0 35.3980917266
800.0 35.8459989557
810.0 36.2939081456
820.0 36.7418192372
830.0 37.1897321752
840.0 37.6376469079
850.0 38.0855633868
860.0 38.5334815669
870.0 38.9814014061
880.0 39.4293228653
890.0 39.8772459082
900.0 40.3251705013
910.0 40.7730966136
920.0 41.2210242166
930.0 41.6689532842
940.0 42.1168837926
950.0 42.5648157204
960.0 43.012749048
970.0 43.4606837582
980.0 43.9086198356
990.0 44.3565572669
1000.0 44.8044960407
1010.0 45.2524361473
1020.0 45.7003775789
1030.0 46.1483203296
1040.0 46.596264395
1050.0 47.0442097725
1060.0 47.4921564613
1070.0 47.9401044619
1080.0 48.3880537768
1090.0 48.8360044098
1100.0 49.2839563665
1110.0 49.731909654
1120.0 50.179864281
1130.0 50.6278202576
1140.0 51.0757775956
1150.0 51.5237363084
1160.0 51.9716964108
1170.0 52.4196579193
1180.0 52.8676208519
1190.0 53.3155852282
1200.0 53.7635510694
1210.0 54.2115183983
1220.0 54.6594872392
1230.0 55.1074576184
1240.0 55.5554295634
1250.0 56.0034031037
1260.0 56.4513782704
1270.0 56.8993550965
1280.0 57.3473336165
1290.0 57.795313867
1300.0 58.2432958862
1310.0 58.6912797144
1320.0 59.1392653936
1330.0 59.5872529681
1340.0 60.0352424838
1350.0 60.483233989
1360.0 60.9312275339
1370.0 61.379223171
1380.0 61.8272209549
1390.0 62.2752209426
1400.0 62.7232231932
1410.0 63.1712277685
1420.0 63.6192347325
1430.0 64.0672441518
1440.0 64.5152560957
1450.0 64.9632706359
1460.0 65.4112878471
1470.0 65.8593078066
1480.0 66.3073305946
1490.0 66.7553562944
1500.0 67.2033849922
1510.0 67.6514167774
1520.0 68.0994517425
1530.0 68.5474899833
1540.0 68.9955315992
1550.0 69.4435766928
1560.0 69.8916253705
1570.0 70.3396777421
1580.0 70.7877339214
1590.0 71.2357940259
1600.0 71.6838581773
1610.0 72.1319265012
1620.0 72.5799991275
1630.0 73.0280761902
1640.0 73.4761578279
1650.0 73.9242441837
1660.0 74.3723354054
1670.0 74.8204316453
1680.0 75.2685330611
1690.0 75.7166398149
1700.0 76.1647520745
1710.0 76.6128700127
1720.0 77.0609938076
1730.0 77.509123643
1740.0 77.9572597085
1750.0 78.4054021992
1760.0 78.8535513165
1770.0 79.3017072676
1780.0 79.749870266
1790.0 80.1980405318
1800.0 80.6462182914
1810.0 81.0944037779
1820.0 81.5425972313
1830.0 81.9907988987
1840.0 82.4390090341
1850.0 82.8872278989
1860.0 83.335455762
1870.0 83.7836928999
1880.0 84.2319395969
1890.0 84.680196145
1900.0 85.1284628446
1910.0 85.5767400041
1920.0 86.0250279407
1930.0 86.4733269797
1940.0 86.9216374555
1950.0 87.3699597113
1960.0 87.8182940993
1970.0 88.2666409812
1980.0 88.7150007278
1990.0 89.1633737198
2000.0 89.6117603474
2010.0 90.0601610108
2020.0 90.5085761203
2030.0 90.9570060965
2040.0 91.4054513703
2050.0 91.8539123832
2060.0 92.3023895876
2070.0 92.7508834466
2080.0 93.1993944345
2090.0 93.6479230368
2100.0 94.0964697502
2110.0 94.5450350831
2120.0 94.9936195557
2130.0 95.4422236998
2140.0 95.8908480594
2150.0 96.3394931904
2160.0 96.7881596611
2170.0 97.2368480523
2180.0 97.6855589572
2190.0 98.1342929817
2200.0 98.5830507446
2210.0 99.0318328775
2220.0 99.4806400251
2230.0 99.9294728454
2240.0 100.37833201
2250.0 100.827218202
2260.0 101.276132121
2270.0 101.725074477
2280.0 102.174045997
2290.0 102.62304742
2300.0 103.072079497
2310.0 103.521142996
2320.0 103.970238697
2330.0 104.419367395
2340.0 104.868529899
2350.0 105.317727032
2360.0 105.76695963
2370.0 106.216228545
2380.0 106.665534641
2390.0 107.114878799
2400.0 107.564261911
2410.0 108.013684887
2420.0 108.463148646
2430.0 108.912654126
2440.0 109.362202277
2450.0 109.811794062
2460.0 110.26143046
2470.0 110.711112462
2480.0 111.160841074
2490.0 111.610617316
2500.0 112.060442221
2510.0 112.510316835
2520.0 112.960242217
2530.0 113.410219441
2540.0 113.860249594
2550.0 114.310333773
2560.0 114.760473091
2570.0 115.210668672
2580.0 115.660921653
2590.0 116.111233181
2600.0 116.561604418
2610.0 117.012036536
2620.0 117.462530717
2630.0 117.913088158
2640.0 118.363710062
2650.0 118.814397646
2660.0 119.265152136
2670.0 119.715974768
2680.0 120.166866787
2690.0 120.617829448
2700.0 121.068864015
2710.0 121.519971758
2720.0 121.971153958
2730.0 122.422411902
2740.0 122.873746885
2750.0 123.325160208
2760.0 123.776653178
2770.0 124.22822711
2780.0 124.67988332
2790.0 125.131623134
2800.0 125.583447877
2810.0 126.035358883
2820.0 126.487357486
2830.0 126.939445022
2840.0 127.391622832
2850.0 127.843892256
2860.0 128.296254636
2870.0 128.748711315
2880.0 129.201263633
2890.0 129.653912933
2900.0 130.106660553
2910.0 130.559507831
2920.0 131.0124561
2930.0 131.465506691
2940.0 131.918660931
2950.0 132.37192014
2960.0 132.825285634
2970.0 133.278758722
2980.0 133.732340707
2990.0 134.186032883
3000.0 134.639836534
3010.0 135.093752937
3020.0 135.547783357
3030.0 136.001929051
3040.0 136.456191261
3050.0 136.910571218
3060.0 137.365070139
3070.0 137.819689228
3080.0 138.274429674
3090.0 138.729292649
3100.0 139.18427931
3110.0 139.639390797
3120.0 140.09462823
3130.0 140.549992712
3140.0 141.005485325
3150.0 141.461107132
3160.0 141.916859173
3170.0 142.372742467
3180.0 142.828758009
3190.0 143.284906773
3200.0 143.741189704
3210.0 144.197607726
3220.0 144.654161735
3230.0 145.110852599
3240.0 145.567681161
3250.0 146.024648234
3260.0 146.481754601
3270.0 146.939001017
3280.0 147.396388204
3290.0 147.853916856
3300.0 148.311587631
3310.0 148.769401158
3320.0 149.227358028
3330.0 149.685458802
3340.0 150.143704003
3350.0 150.602094121
3360.0 151.060629608
3370.0 151.51931088
3380.0 151.978138315
3390.0 152.437112254
3400.0 152.896232998
3410.0 153.35550081
3420.0 153.814915912
3430.0 154.274478489
3440.0 154.734188681
3450.0 155.19404659
3460.0 155.654052275
3470.0 156.114205754
3480.0 156.574507001
3490.0 157.034955948
3500.0 157.495552486
3510.0 157.956296459
3520.0 158.417187668
3530.0 158.878225873
3540.0 159.339410786
3550.0 159.800742076
3560.0 160.262219367
3570.0 160.723842238
3580.0 161.185610225
3590.0 161.647522815
3600.0 162.109579454
3610.0 162.571779538
3620.0 163.034122423
3630.0 163.496607416
3640.0 163.959233779
3650.0 164.42200073
3660.0 164.884907442
3670.0 165.347953042
3680.0 165.811136613
3690.0 166.274457193
3700.0 166.737913775
3710.0 167.20150531
3720.0 167.665230703
3730.0 168.129088816
3740.0 168.593078467
3750.0 169.057198434
3760.0 169.521447449
3770.0 169.985824204
3780.0 170.45032735
3790.0 170.914955495
3800.0 171.379707207
3810.0 171.844581017
3820.0 172.309575412
3830.0 172.774688843
3840.0 173.239919723
3850.0 173.705266427
3860.0 174.170727293
3870.0 174.636300624
3880.0 175.101984686
3890.0 175.567777713
3900.0 176.033677904