0.0 0.0
120.0 4.50909315886
120.625 4.53154695273
121.25 4.55400949963
122.5 4.59896016319
123.75 4.64394381559
125.0 4.68895919124
126.25 4.73400508885
127.5 4.77908036747
128.75 4.82418394295
130.0 4.86931478456
131.25 4.91447191185
132.5 4.95965439178
133.75 5.00486133592
135.0 5.05009189795
136.25 5.09534527127
137.5 5.14062068676
138.75 5.18591741068
140.0 5.23123474275
141.25 5.2765720143
142.5 5.32192858654
143.75 5.36730384896
145.0 5.41269721784
146.25 5.45810813477
147.5 5.50353606538
148.75 5.54898049805
150.0 5.59444094274
151.25 5.63991692987
152.5 5.6854080093
153.75 5.73091374932
155.0 5.77643373572
156.25 5.82196757096
157.5 5.86751487327
158.75 5.91307527596
160.0 5.95864842662
161.25 6.00423398645
162.5 6.04983162961
165.0 6.14106192364
167.5 6.23233693841
170.0 6.32365447469
172.5 6.4150124888
175.0 6.50640907886
177.5 6.59784247227
180.0 6.68931101456
182.5 6.78081315932
185.0 6.87234745907
187.5 6.9639125571
190.0 7.05550718005
192.5 7.14713013117
195.0 7.23878028423
197.5 7.33045657807
200.0 7.4221580115
202.5 7.5138836388
205.0 7.60563256556
207.5 7.69740394487
210.0 7.78919697393
212.5 7.88101089085
215.0 7.97284497178
217.5 8.06469852832
220.0 8.15657090506
222.5 8.24846147737
225.0 8.34036964941
230.0 8.5242365421
235.0 8.70816732452
240.0 8.89215809351
245.0 9.07620525999
250.0 9.26030551366
255.0 9.44445579269
260.0 9.62865325776
265.0 9.81289526952
270.0 9.99717936915
275.0 10.1815032614
280.0 10.3658647998
285.0 10.5502619737
290.0 10.7346928966
295.0 10.9191557965
300.0 11.1036490063
305.0 11.2881709564
310.0 11.4727201672
315.0 11.6572952428
320.0 11.841894865
330.0 12.2111628356
340.0 12.5805149038
350.0 12.94994285
360.0 13.3194392978
370.0 13.6889976186
380.0 14.0586118492
390.0 14.428276621
400.0 14.7979870975
410.0 15.1677389197
420.0 15.5375281574
430.0 15.9073512661
440.0 16.2772050485
450.0 16.6470866203
460.0 17.0169933788
470.0 17.3869229757
480.0 17.7568732913
490.0 18.126842413
500.0 18.4968286139
510.0 18.8668303354
520.0 19.23684617
530.0 19.6068748468
540.0 19.9769152178
550.0 20.3469662459
560.0 20.717026994
570.0 21.087096615
580.0 21.4571743427
590.0 21.8272594842
600.0 22.1973514125
610.0 22.5674495598
620.0 22.9375534118
630.0 23.3076625023
640.0 23.6777764087
650.0 24.0478947473
660.0 24.4180171699
670.0 24.7881433598
680.0 25.1582730291
690.0 25.5284059159
700.0 25.8985417813
710.0 26.2686804078
720.0 26.6388215967
730.0 27.0089651665
740.0 27.3791109513
750.0 27.749258799
760.0 28.1194085704
770.0 28.4895601377
780.0 28.8597133836
790.0 29.2298682001
800.0 29.6000244876
810.0 29.9701821547
820.0 30.3403411165
830.0 30.710501295
840.0 31.0806626176
850.0 31.4508250172
860.0 31.8209884316
870.0 32.1911528027
880.0 32.5613180768
890.0 32.9314842036
900.0 33.3016511363
910.0 33.6718188309
920.0 34.0419872466
930.0 34.412156345
940.0 34.7823260899
950.0 35.1524964476
960.0 35.522667386
970.0 35.8928388753
980.0 36.2630108871
990.0 36.6331833946
1000.0 37.0033563726
1010.0 37.3735297969
1020.0 37.7437036449
1030.0 38.1138778949
1040.0 38.4840525265
1050.0 38.85422752
1060.0 39.2244028569
1070.0 39.5945785192
1080.0 39.96475449
1090.0 40.3349307531
1100.0 40.7051072927
1110.0 41.075284094
1120.0 41.4454611425
1130.0 41.8156384245
1140.0 42.1858159266
1150.0 42.5559936359
1160.0 42.9261715402
1170.0 43.2963496274
1180.0 43.6665278859
1190.0 44.0367063045
1200.0 44.4068848724
1210.0 44.7770635789
1220.0 45.1472424138
1230.0 45.517421367
1240.0 45.8876004289
1250.0 46.2577795898
1260.0 46.6279588406
1270.0 46.998138172
1280.0 47.3683175753
1290.0 47.7384970415
1300.0 48.1086765623
1310.0 48.478856129
1320.0 48.8490357335
1330.0 49.2192153676
1340.0 49.5893950231
1350.0 49.9595746922
1360.0 50.329754367
1370.0 50.6999340396
1380.0 51.0701137024
1390.0 51.4402933477
1400.0 51.8104729679
1410.0 52.1806525554
1420.0 52.5508321028
1430.0 52.9210116025
1440.0 53.2911910471
1450.0 53.6613704291
1460.0 54.0315497411
1470.0 54.4017289757
1480.0 54.7719081254
1490.0 55.1420871828
1500.0 55.5122661404
1510.0 55.8824449907
1520.0 56.2526237262
1530.0 56.6228023394
1540.0 56.9929808226
1550.0 57.3631591683
1560.0 57.7333373687
1570.0 58.1035154162
1580.0 58.4736933028
1590.0 58.8438710208
1600.0 59.2140485622
1610.0 59.5842259191
1620.0 59.9544030832
1630.0 60.3245800465
1640.0 60.6947568006
1650.0 61.0649333373
1660.0 61.4351096481
1670.0 61.8052857243
1680.0 62.1754615575
1690.0 62.5456371387
1700.0 62.9158124591
1710.0 63.2859875097
1720.0 63.6561622813
1730.0 64.0263367647
1740.0 64.3965109506
1750.0 64.7666848294
1760.0 65.1368583913
1770.0 65.5070316267
1780.0 65.8772045256
1790.0 66.2473770778
1800.0 66.6175492731
1810.0 66.9877211011
1820.0 67.3578925512
1830.0 67.7280636126
1840.0 68.0982342744
1850.0 68.4684045256
1860.0 68.8385743549
1870.0 69.2087437507
1880.0 69.5789127015
1890.0 69.9490811955
1900.0 70.3192492206
1910.0 70.6894167645
1920.0 71.059583815
1930.0 71.4297503594
1940.0 71.7999163847
1950.0 72.1700818781
1960.0 72.5402468263
1970.0 72.9104112157
1980.0 73.2805750327
1990.0 73.6507382635
2000.0 74.0209008937
2010.0 74.3910629092
2020.0 74.7612242951
2030.0 75.1313850369
2040.0 75.5015451192
2050.0 75.8717045268
2060.0 76.2418632442
2070.0 76.6120212554
2080.0 76.9821785444
2090.0 77.3523350949
2100.0 77.7224908902
2110.0 78.0926459135
2120.0 78.4628001476
2130.0 78.8329535751
2140.0 79.2031061784
2150.0 79.5732579395
2160.0 79.9434088402
2170.0 80.3135588618
2180.0 80.6837079857
2190.0 81.0538561928
2200.0 81.4240034635
2210.0 81.7941497784
2220.0 82.1642951173
2230.0 82.53443946
2240.0 82.904582786
2250.0 83.2747250743
2260.0 83.6448663038
2270.0 84.015006453
2280.0 84.3851455
2290.0 84.7552834227
2300.0 85.1254201987
2310.0 85.4955558052
2320.0 85.8656902192
2330.0 86.2358234172
2340.0 86.6059553754
2350.0 86.9760860699
2360.0 87.3462154762
2370.0 87.7163435696
2380.0 88.0864703251
2390.0 88.4565957172
2400.0 88.8267197202
2410.0 89.1968423081
2420.0 89.5669634544
2430.0 89.9370831325
2440.0 90.3072013151
2450.0 90.6773179749
2460.0 91.0474330841
2470.0 91.4175466145
2480.0 91.7876585377
2490.0 92.1577688248
2500.0 92.5278774468
2510.0 92.8979843739
2520.0 93.2680895764
2530.0 93.6381930241
2540.0 94.0082946863
2550.0 94.3783945322
2560.0 94.7484925304
2570.0 95.1185886494
2580.0 95.488682857
2590.0 95.8587751211
2600.0 96.2288654089
2610.0 96.5989536873
2620.0 96.969039923
2630.0 97.3391240822
2640.0 97.7092061309
2650.0 98.0792860346
2660.0 98.4493637585
2670.0 98.8194392674
2680.0 99.189512526
2690.0 99.5595834984
2700.0 99.9296521483
2710.0 100.299718439
2720.0 100.669782335
2730.0 101.039843797
2740.0 101.409902789
2750.0 101.779959273
2760.0 102.15001321
2770.0 102.520064562
2780.0 102.890113291
2790.0 103.260159356
2800.0 103.630202719
2810.0 104.00024334
2820.0 104.370281179
2830.0 104.740316194
2840.0 105.110348347
2850.0 105.480377595
2860.0 105.850403897
2870.0 106.220427212
2880.0 106.590447497
2890.0 106.960464711
2900.0 107.330478811
2910.0 107.700489755
2920.0 108.070497498
2930.0 108.440501999
2940.0 108.810503213
2950.0 109.180501097
2960.0 109.550495607
2970.0 109.920486697
2980.0 110.290474325
2990.0 110.660458445
3000.0 111.030439012
3010.0 111.400415981
3020.0 111.770389306
3030.0 112.140358942
3040.0 112.510324843
3050.0 112.880286963
3060.0 113.250245256
3070.0 113.620199675
3080.0 113.990150175
3090.0 114.360096707
3100.0 114.730039226
3110.0 115.099977684
3120.0 115.469912034
3130.0 115.839842229
3140.0 116.209768221
3150.0 116.579689964
3160.0 116.949607409
3170.0 117.319520509
3180.0 117.689429215
3190.0 118.059333481
3200.0 118.429233257
3210.0 118.799128497
3220.0 119.169019152
3230.0 119.538905174
3240.0 119.908786515
3250.0 120.278663126
3260.0 120.648534961
3270.0 121.01840197
3280.0 121.388264106
3290.0 121.75812132
3300.0 122.127973565
3310.0 122.497820792
3320.0 122.867662954
3330.0 123.237500003
3340.0 123.607331891
3350.0 123.977158571
3360.0 124.346979994
3370.0 124.716796114
3380.0 125.086606884
3390.0 125.456412255
3400.0 125.826212182
3410.0 126.196006617
3420.0 126.565795513
3430.0 126.935578826
3440.0 127.305356507
3450.0 127.675128511
3460.0 128.044894793
3470.0 128.414655307
3480.0 128.784410008
3490.0 129.15415885
3500.0 129.523901789
3510.0 129.893638781
3520.0 130.263369782
3530.0 130.633094748
3540.0 131.002813635
3550.0 131.3725264
3560.0 131.742233002
3570.0 132.111933397
3580.0 132.481627544
3590.0 132.851315401
3600.0 133.220996927
3610.0 133.590672081
3620.0 133.960340825
3630.0 134.330003117
3640.0 134.699658918
3650.0 135.069308191
3660.0 135.438950896
3670.0 135.808586996
3680.0 136.178216454
3690.0 136.547839233
3700.0 136.917455298
3710.0 137.287064612
3720.0 137.656667142
3730.0 138.026262852
3740.0 138.39585171
3750.0 138.765433681
3760.0 139.135008735
3770.0 139.504576839
3780.0 139.874137961
3790.0 140.243692073
3800.0 140.613239144
3810.0 140.982779146
3820.0 141.352312049
3830.0 141.721837828
3840.0 142.091356454
3850.0 142.460867903
3860.0 142.830372149
3870.0 143.199869167
3880.0 143.569358935
3890.0 143.93884143
3900.0 144.308316629
3910.0 144.677784512
3920.0 145.047245058
3930.0 145.416698248
3940.0 145.786144064
3950.0 146.155582488
3960.0 146.525013504
3970.0 146.894437095
3980.0 147.263853248
3990.0 147.633261947
4000.0 148.002663181
4010.0 148.372056936
4020.0 148.741443203
4030.0 149.110821971
4040.0 149.48019323
4050.0 149.849556974
4060.0 150.218913194
4070.0 150.588261886
4080.0 150.957603043
4090.0 151.326936661
4100.0 151.696262739
4110.0 152.065581273
4120.0 152.434892263
4130.0 152.804195709
4140.0 153.173491612
4150.0 153.542779975
4160.0 153.912060801
4170.0 154.281334094
4180.0 154.65059986
4190.0 155.019858106
4200.0 155.38910884
4210.0 155.75835207
4220.0 156.127587806
4230.0 156.49681606
4240.0 156.866036843
4250.0 157.235250169
4260.0 157.604456053
4270.0 157.97365451
4280.0 158.342845556
4290.0 158.712029211
4300.0 159.081205492
4310.0 159.45037442
4320.0 159.819536016
4330.0 160.188690303
4340.0 160.557837304
4350.0 160.926977044
4360.0 161.296109549
4370.0 161.665234846
4380.0 162.034352964
4390.0 162.40346393
4400.0 162.772567777
4410.0 163.141664535
4420.0 163.510754237
4430.0 163.879836918
4440.0 164.248912611
4450.0 164.617981355
4460.0 164.987043184
4470.0 165.356098139
4480.0 165.725146258
4490.0 166.094187582
4500.0 166.463222153
4510.0 166.832250014
4520.0 167.201271209
4530.0 167.570285783
4540.0 167.939293781
4550.0 168.308295252
4560.0 168.677290242
4570.0 169.046278803
4580.0 169.415260984
4590.0 169.784236836
4600.0 170.153206413
4610.0 170.522169767
4620.0 170.891126954
4630.0 171.260078028
4640.0 171.629023047
4650.0 171.997962067
4660.0 172.366895148
4670.0 172.735822349
4680.0 173.104743731
4690.0 173.473659354
4700.0 173.842569282
4710.0 174.211473578
4720.0 174.580372305
4730.0 174.949265529
4740.0 175.318153316
4750.0 175.687035732
4760.0 176.055912846
4770.0 176.424784726
4780.0 176.793651442
4790.0 177.162513062
4800.0 177.531369659
4810.0 177.900221305
4820.0 178.26906807
4830.0 178.63791003
4840.0 179.006747258
4850.0 179.375579828
4860.0 179.744407816
4870.0 180.113231298
4880.0 180.48205035
4890.0 180.850865061
4900.0 181.219675491
4910.0 181.58848173
4920.0 181.957283855
4930.0 182.326081947
4940.0 182.694876087
4950.0 183.063666354
4960.0 183.432452832
4970.0 183.801235601
4980.0 184.170014745
4990.0 184.538790346
5000.0 184.907562488
5010.0 185.276331255
5020.0 185.645096731
5030.0 186.013859002
5040.0 186.382618152
5050.0 186.751374267
5060.0 187.120127433
5070.0 187.488877736
5080.0 187.857625263
5090.0 188.226370101
5100.0 188.595112336
5110.0 188.963852055
5120.0 189.332589348
5130.0 189.7013243
5140.0 190.070057001
5150.0 190.438787538
5160.0 190.807515999
5170.0 191.176242473
5180.0 191.544967049
5190.0 191.913689814
5200.0 192.282410857
5210.0 192.651130267
5220.0 193.019848132
5230.0 193.388564542
5240.0 193.757279584
5250.0 194.125993347
5260.0 194.49470592
5270.0 194.863417391
5280.0 195.232127848
5290.0 195.600837379
5300.0 195.969546072
5310.0 196.338254015
5320.0 196.706961296
5330.0 197.075668002
5340.0 197.44437422
5350.0 197.813080037
5360.0 198.18178554
5370.0 198.550490815
5380.0 198.919195948
5390.0 199.287901025
5400.0 199.656606131
5410.0 200.025311351
5420.0 200.394016769
5430.0 200.762722471
5440.0 201.13142854
5450.0 201.500135058
5460.0 201.86884211
5470.0 202.237549777
5480.0 202.606258142
5490.0 202.974967285
5500.0 203.343677288
5510.0 203.712388231
5520.0 204.081100194
5530.0 204.449813256
5540.0 204.818527496
5550.0 205.187242991
5560.0 205.55595982
5570.0 205.924678058
5580.0 206.293397782
5590.0 206.662119068
5600.0 207.03084199
5610.0 207.399566622
5620.0 207.768293038
5630.0 208.13702131
5640.0 208.505751509
5650.0 208.874483709
5660.0 209.243217977
5670.0 209.611954385
5680.0 209.980693001
5690.0 210.349433892
5700.0 210.718177127
5710.0 211.086922771
5720.0 211.45567089
5730.0 211.824421549
5740.0 212.193174811
5750.0 212.56193074
5760.0 212.930689397
5770.0 213.299450844
5780.0 213.668215141
5790.0 214.036982348
5800.0 214.405752522
5810.0 214.774525721
5820.0 215.143302003