0.0 0.0
120.0 4.5159860931
120.625 4.53847578767
121.25 4.56097423527
122.5 4.60599670023
123.75 4.65105215402
125.0 4.69613933107
126.25 4.74125703008
127.5 4.78640411009
128.75 4.83157948697
130.0 4.87678212997
131.25 4.92201105866
132.5 4.96726533998
133.75 5.01254408552
135.0 5.05784644895
136.25 5.10317162366
137.5 5.14851884054
138.75 5.19388736586
140.0 5.23927649933
141.25 5.28468557227
142.5 5.33011394591
143.75 5.37556100973
145.0 5.42102618
146.25 5.46650889832
147.5 5.51200863033
148.75 5.55752486439
150.0 5.60305711048
151.25 5.64860489901
152.5 5.69416777984
153.75 5.73974532125
155.0 5.78533710905
156.25 5.83094274568
157.5 5.87656184939
158.75 5.92219405348
160.0 5.96783900553
161.25 6.01349636676
162.5 6.05916581131
165.0 6.15053970813
167.5 6.2419583257
170.0 6.33341946476
172.5 6.42492108167
175.0 6.51646127452
177.5 6.60803827072
180.0 6.6996504158
182.5 6.79129616335
185.0 6.88297406589
187.5 6.97468276672
190.0 7.06642099246
192.5 7.15818754637
195.0 7.24998130223
197.5 7.34180119886
200.0 7.43364623508
202.5 7.52551546517
205.0 7.61740799472
207.5 7.70932297682
210.0 7.80125960867
212.5 7.89321712838
215.0 7.98519481211
217.5 8.07719197144
220.0 8.16920795097
222.5 8.26124212607
225.0 8.3532939009
230.0 8.53744799918
235.0 8.72166598718
240.0 8.90594396175
245.0 9.09027833382
250.0 9.27466579307
255.0 9.45910327768
260.0 9.64358794833
265.0 9.82811716567
270.0 10.0126884709
275.0 10.1972995687
280.0 10.3819483128
285.0 10.5666326922
290.0 10.7513508207
295.0 10.9361009261
300.0 11.1208813415
305.0 11.3056904972
310.0 11.4905269136
315.0 11.6753891948
320.0 11.8602760226
330.0 12.2301184043
340.0 12.6000448837
350.0 12.9700472411
360.0 13.3401181001
370.0 13.710250832
380.0 14.0804394738
390.0 14.4506786567
400.0 14.8209635444
410.0 15.1912897778
420.0 15.5616534267
430.0 15.9320509465
440.0 16.3024791401
450.0 16.672935123
460.0 17.0434162927
470.0 17.4139203007
480.0 17.7844450276
490.0 18.1549885604
500.0 18.5255491725
510.0 18.8961253051
520.0 19.2667155509
530.0 19.6373186388
540.0 20.007933421
550.0 20.3785588603
560.0 20.7491940196
570.0 21.1198380517
580.0 21.4904901906
590.0 21.8611497433
600.0 22.2318160827
610.0 22.6024886412
620.0 22.9731669043
630.0 23.343850406
640.0 23.7145387236
650.0 24.0852314734
660.0 24.4559283071
670.0 24.8266289082
680.0 25.1973329887
690.0 25.5680402866
700.0 25.9387505632
710.0 26.3094636009
720.0 26.680179201
730.0 27.0508971819
740.0 27.4216173778
750.0 27.7923396367
760.0 28.1630638193
770.0 28.5337897978
780.0 28.9045174548
790.0 29.2752466825
800.0 29.6459773812
810.0 30.0167094594
820.0 30.3874428324
830.0 30.758177422
840.0 31.1289131558
850.0 31.4996499666
860.0 31.8703877921
870.0 32.2411265745
880.0 32.6118662597
890.0 32.9826067977
900.0 33.3533481415
910.0 33.7240902473
920.0 34.0948330742
930.0 34.4655765837
940.0 34.8363207398
950.0 35.2070655086
960.0 35.5778108583
970.0 35.9485567587
980.0 36.3193031817
990.0 36.6900501004
1000.0 37.0607974894
1010.0 37.4315453249
1020.0 37.8022935841
1030.0 38.1730422453
1040.0 38.5437912881
1050.0 38.9145406928
1060.0 39.2852904408
1070.0 39.6560405143
1080.0 40.0267908963
1090.0 40.3975415705
1100.0 40.7682925213
1110.0 41.1390437337
1120.0 41.5097951934
1130.0 41.8805468865
1140.0 42.2512987998
1150.0 42.6220509203
1160.0 42.9928032357
1170.0 43.3635557341
1180.0 43.7343084038
1190.0 44.1050612336
1200.0 44.4758142126
1210.0 44.8465673303
1220.0 45.2173205763
1230.0 45.5880739407
1240.0 45.9588274138
1250.0 46.3295809859
1260.0 46.7003346478
1270.0 47.0710883904
1280.0 47.4418422048
1290.0 47.8125960822
1300.0 48.1833500141
1310.0 48.5541039921
1320.0 48.9248580077
1330.0 49.295612053
1340.0 49.6663661197
1350.0 50.0371202
1360.0 50.4078742859
1370.0 50.7786283697
1380.0 51.1493824436
1390.0 51.5201365001
1400.0 51.8908905314
1410.0 52.2616445301
1420.0 52.6323984887
1430.0 53.0031523996
1440.0 53.3739062553
1450.0 53.7446600485
1460.0 54.1154137717
1470.0 54.4861674174
1480.0 54.8569209783
1490.0 55.2276744468
1500.0 55.5984278156
1510.0 55.9691810771
1520.0 56.3399342238
1530.0 56.7106872481
1540.0 57.0814401425
1550.0 57.4521928994
1560.0 57.822945511
1570.0 58.1936979696
1580.0 58.5644502674
1590.0 58.9352023966
1600.0 59.3059543491
1610.0 59.6767061171
1620.0 60.0474576924
1630.0 60.4182090669
1640.0 60.7889602322
1650.0 61.15971118
1660.0 61.530461902
1670.0 61.9012123894
1680.0 62.2719626337
1690.0 62.6427126261
1700.0 63.0134623576
1710.0 63.3842118194
1720.0 63.7549610022
1730.0 64.1257098968
1740.0 64.4964584939
1750.0 64.8672067838
1760.0 65.2379547569
1770.0 65.6087024035
1780.0 65.9794497135
1790.0 66.3501966769
1800.0 66.7209432834
1810.0 67.0916895225
1820.0 67.4624353838
1830.0 67.8331808563
1840.0 68.2039259294
1850.0 68.5746705917
1860.0 68.9454148321
1870.0 69.3161586391
1880.0 69.6869020011
1890.0 70.0576449062
1900.0 70.4283873425
1910.0 70.7991292976
1920.0 71.1698707593
1930.0 71.5406117148
1940.0 71.9113521513
1950.0 72.2820920559
1960.0 72.6528314152
1970.0 73.0235702158
1980.0 73.394308444
1990.0 73.7650460859
2000.0 74.1357831273
2010.0 74.5065195539
2020.0 74.8772553511
2030.0 75.247990504
2040.0 75.6187249975
2050.0 75.9894588163
2060.0 76.3601919448
2070.0 76.7309243672
2080.0 77.1016560674
2090.0 77.472387029
2100.0 77.8431172355
2110.0 78.2138466699
2120.0 78.5845753152
2130.0 78.955303154
2140.0 79.3260301684
2150.0 79.6967563407
2160.0 80.0674816525
2170.0 80.4382060854
2180.0 80.8089296204
2190.0 81.1796522386
2200.0 81.5503739206
2210.0 81.9210946466
2220.0 82.2918143967
2230.0 82.6625331506
2240.0 83.0332508877
2250.0 83.4039675872
2260.0 83.7746832279
2270.0 84.1453977882
2280.0 84.5161112464
2290.0 84.8868235803
2300.0 85.2575347675
2310.0 85.6282447852
2320.0 85.9989536103
2330.0 86.3696612194
2340.0 86.7403675888
2350.0 87.1110726945
2360.0 87.481776512
2370.0 87.8524790166
2380.0 88.2231801832
2390.0 88.5938799865
2400.0 88.9645784007
2410.0 89.3352753998
2420.0 89.7059709573
2430.0 90.0766650465
2440.0 90.4473576403
2450.0 90.8180487112
2460.0 91.1887382316
2470.0 91.5594261732
2480.0 91.9301125076
2490.0 92.3007972059
2500.0 92.671480239
2510.0 93.0421615773
2520.0 93.412841191
2530.0 93.7835190498
2540.0 94.1541951232
2550.0 94.5248693803
2560.0 94.8955417897
2570.0 95.2662123198
2580.0 95.6368809387
2590.0 96.0075476139
2600.0 96.3782123128
2610.0 96.7488750025
2620.0 97.1195356493
2630.0 97.4901942198
2640.0 97.8608506796
2650.0 98.2315049945
2660.0 98.6021571295
2670.0 98.9728070497
2680.0 99.3434547194
2690.0 99.7141001029
2700.0 100.084743164
2710.0 100.455383866
2720.0 100.826022173
2730.0 101.196658046
2740.0 101.56729145
2750.0 101.937922344
2760.0 102.308550693
2770.0 102.679176456
2780.0 103.049799596
2790.0 103.420420073
2800.0 103.791037847
2810.0 104.161652879
2820.0 104.532265129
2830.0 104.902874556
2840.0 105.273481119
2850.0 105.644084778
2860.0 106.014685492
2870.0 106.385283218
2880.0 106.755877914
2890.0 107.126469539
2900.0 107.497058051
2910.0 107.867643405
2920.0 108.23822556
2930.0 108.608804472
2940.0 108.979380097
2950.0 109.349952392
2960.0 109.720521313
2970.0 110.091086815
2980.0 110.461648854
2990.0 110.832207385
3000.0 111.202762363
3010.0 111.573313743
3020.0 111.94386148
3030.0 112.314405527
3040.0 112.684945839
3050.0 113.05548237
3060.0 113.426015075
3070.0 113.796543905
3080.0 114.167068815
3090.0 114.537589759
3100.0 114.908106689
3110.0 115.278619558
3120.0 115.64912832
3130.0 116.019632926
3140.0 116.390133329
3150.0 116.760629483
3160.0 117.131121339
3170.0 117.50160885
3180.0 117.872091968
3190.0 118.242570645
3200.0 118.613044832
3210.0 118.983514483
3220.0 119.353979549
3230.0 119.724439982
3240.0 120.094895735
3250.0 120.465346758
3260.0 120.835793003
3270.0 121.206234424
3280.0 121.576670971
3290.0 121.947102596
3300.0 122.317529252
3310.0 122.687950891
3320.0 123.058367464
3330.0 123.428778924
3340.0 123.799185223
3350.0 124.169586314
3360.0 124.539982149
3370.0 124.91037268
3380.0 125.28075786
3390.0 125.651137643
3400.0 126.021511981
3410.0 126.391880827
3420.0 126.762244135
3430.0 127.132601859
3440.0 127.502953951
3450.0 127.873300367
3460.0 128.24364106
3470.0 128.613975985
3480.0 128.984305097
3490.0 129.35462835
3500.0 129.724945701
3510.0 130.095257104
3520.0 130.465562516
3530.0 130.835861893
3540.0 131.206155191
3550.0 131.576442368
3560.0 131.946723381
3570.0 132.316998187
3580.0 132.687266745
3590.0 133.057529013
3600.0 133.42778495
3610.0 133.798034516
3620.0 134.168277671
3630.0 134.538514374
3640.0 134.908744587
3650.0 135.27896827
3660.0 135.649185387
3670.0 136.019395898
3680.0 136.389599767
3690.0 136.759796958
3700.0 137.129987434
3710.0 137.50017116
3720.0 137.8703481
3730.0 138.240518222
3740.0 138.610681491
3750.0 138.980837873
3760.0 139.350987338
3770.0 139.721129853
3780.0 140.091265387
3790.0 140.46139391
3800.0 140.831515392
3810.0 141.201629805
3820.0 141.57173712
3830.0 141.94183731
3840.0 142.311930347
3850.0 142.682016207
3860.0 143.052094865
3870.0 143.422166294
3880.0 143.792230474
3890.0 144.162287379
3900.0 144.53233699
3910.0 144.902379284
3920.0 145.272414241
3930.0 145.642441843
3940.0 146.01246207
3950.0 146.382474905
3960.0 146.752480332
3970.0 147.122478335
3980.0 147.492468898
3990.0 147.862452009
4000.0 148.232427654
4010.0 148.602395821
4020.0 148.972356499
4030.0 149.342309678
4040.0 149.712255349
4050.0 150.082193504
4060.0 150.452124135
4070.0 150.822047238
4080.0 151.191962806
4090.0 151.561870836
4100.0 151.931771324
4110.0 152.30166427
4120.0 152.671549671
4130.0 153.041427528
4140.0 153.411297843
4150.0 153.781160617
4160.0 154.151015854
4170.0 154.520863559
4180.0 154.890703736
4190.0 155.260536394
4200.0 155.630361538
4210.0 156.00017918
4220.0 156.369989327
4230.0 156.739791992
4240.0 157.109587186
4250.0 157.479374924
4260.0 157.849155219
4270.0 158.218928087
4280.0 158.588693545
4290.0 158.958451611
4300.0 159.328202303
4310.0 159.697945642
4320.0 160.06768165
4330.0 160.437410348
4340.0 160.807131761
4350.0 161.176845912
4360.0 161.546552828
4370.0 161.916252537
4380.0 162.285945065
4390.0 162.655630443
4400.0 163.025308701
4410.0 163.39497987
4420.0 163.764643984
4430.0 164.134301076
4440.0 164.503951181
4450.0 164.873594335
4460.0 165.243230576
4470.0 165.612859942
4480.0 165.982482472
4490.0 166.352098208
4500.0 166.721707191
4510.0 167.091309463
4520.0 167.460905069
4530.0 167.830494054
4540.0 168.200076463
4550.0 168.569652345
4560.0 168.939221747
4570.0 169.308784719
4580.0 169.678341311
4590.0 170.047891575
4600.0 170.417435563
4610.0 170.786973329
4620.0 171.156504926
4630.0 171.526030412
4640.0 171.895549842
4650.0 172.265063274
4660.0 172.634570766
4670.0 173.004072379
4680.0 173.373568172
4690.0 173.743058206
4700.0 174.112542546
4710.0 174.482021252
4720.0 174.851494391
4730.0 175.220962026
4740.0 175.590424224
4750.0 175.959881052
4760.0 176.329332578
4770.0 176.698778869
4780.0 177.068219995
4790.0 177.437656027
4800.0 177.807087036
4810.0 178.176513092
4820.0 178.54593427
4830.0 178.915350641
4840.0 179.28476228
4850.0 179.654169261
4860.0 180.02357166
4870.0 180.392969553
4880.0 180.762363017
4890.0 181.131752139
4900.0 181.501136981
4910.0 181.870517631
4920.0 182.239894167
4930.0 182.609266671
4940.0 182.978635222
4950.0 183.347999901
4960.0 183.717360789
4970.0 184.08671797
4980.0 184.456071525
4990.0 184.825421537
5000.0 185.194768091
5010.0 185.564111269
5020.0 185.933451157
5030.0 186.302787839
5040.0 186.6721214
5050.0 187.041451927
5060.0 187.410779504
5070.0 187.780104219
5080.0 188.149426157
5090.0 188.518745405
5100.0 188.888062052
5110.0 189.257376183
5120.0 189.626687887
5130.0 189.995997251
5140.0 190.365304363
5150.0 190.734609311
5160.0 191.103912183
5170.0 191.473213069
5180.0 191.842512056
5190.0 192.211809232
5200.0 192.581104686
5210.0 192.950398508
5220.0 193.319690785
5230.0 193.688981605
5240.0 194.058271059
5250.0 194.427559233
5260.0 194.796846218
5270.0 195.1661321
5280.0 195.535416968
5290.0 195.90470091
5300.0 196.273984015
5310.0 196.643266369
5320.0 197.012548062
5330.0 197.381829179
5340.0 197.751109808
5350.0 198.120390037
5360.0 198.489669951
5370.0 198.858949637
5380.0 199.228229181
5390.0 199.59750867
5400.0 199.966788187
5410.0 200.336067818
5420.0 200.705347648
5430.0 201.074627761
5440.0 201.443908241
5450.0 201.813189171
5460.0 202.182470634
5470.0 202.551752713
5480.0 202.921035489
5490.0 203.290319043
5500.0 203.659603458
5510.0 204.028888812
5520.0 204.398175186
5530.0 204.76746266
5540.0 205.136751311
5550.0 205.506041217
5560.0 205.875332457
5570.0 206.244625107
5580.0 206.613919243
5590.0 206.98321494
5600.0 207.352512273
5610.0 207.721811316
5620.0 208.091112143
5630.0 208.460414827
5640.0 208.829719438
5650.0 209.199026048
5660.0 209.568334728
5670.0 209.937645547
5680.0 210.306958574
5690.0 210.676273877
5700.0 211.045591523
5710.0 211.414911579
5720.0 211.784234109
5730.0 212.153559179
5740.0 212.522886853
5750.0 212.892217193
5760.0 213.261550262
5770.0 213.63088612
5780.0 214.000224828
5790.0 214.369566446
5800.0 214.738911031
5810.0 215.108258642
5820.0 215.477609335