0.0 0.0
120.0 4.51539617177
120.625 4.53788279383
121.25 4.56037816893
122.5 4.60539448887
123.75 4.65044379765
125.0 4.6955248297
126.25 4.74063638369
127.5 4.78577731869
128.75 4.83094655056
130.0 4.87614304855
131.25 4.92136583223
132.5 4.96661396854
133.75 5.01188656906
135.0 5.05718278748
136.25 5.10250181718
137.5 5.14784288905
138.75 5.19320526936
140.0 5.23858825782
141.25 5.28399118575
142.5 5.32941341437
143.75 5.37485433318
145.0 5.42031335844
146.25 5.46578993175
147.5 5.51128351875
148.75 5.5567936078
150.0 5.60231970888
151.25 5.64786135239
152.5 5.69341808821
153.75 5.73898948461
155.0 5.7845751274
156.25 5.83017461902
157.5 5.87578757772
158.75 5.9214136368
160.0 5.96705244384
161.25 6.01270366005
162.5 6.05836695959
165.0 6.14972856639
167.5 6.24113489394
170.0 6.33258374298
172.5 6.42407306986
175.0 6.51560097269
177.5 6.60716567887
180.0 6.69876553393
182.5 6.79039899145
185.0 6.88206460397
187.5 6.97376101478
190.0 7.0654869505
192.5 7.15724121438
195.0 7.24902268022
197.5 7.34083028682
200.0 7.43266303302
202.5 7.52451997309
205.0 7.61640021262
207.5 7.7083029047
210.0 7.80022724653
212.5 7.89217247621
215.0 7.98413786992
217.5 8.07612273923
220.0 8.16812642873
222.5 8.26014831381
225.0 8.35218779862
230.0 8.53631731685
235.0 8.72051072481
240.0 8.90476411933
245.0 9.08907391135
250.0 9.27343679056
255.0 9.45784969513
260.0 9.64230978574
265.0 9.82681442303
270.0 10.0113611482
275.0 10.195947666
280.0 10.38057183
285.0 10.5652316294
290.0 10.7499251778
295.0 10.9346507032
300.0 11.1194065386
305.0 11.3041911142
310.0 11.4890029506
315.0 11.6738406517
320.0 11.8587028995
330.0 12.2284961211
340.0 12.5983734404
350.0 12.9683266377
360.0 13.3383483366
370.0 13.7084319084
380.0 14.0785713901
390.0 14.448761413
400.0 14.8189971406
410.0 15.1892742139
420.0 15.5595887026
430.0 15.9299370624
440.0 16.3003160959
450.0 16.6707229187
460.0 17.0411549283
470.0 17.4116097762
480.0 17.782085343
490.0 18.1525797157
500.0 18.5230911677
510.0 18.8936181403
520.0 19.2641592259
530.0 19.6347131538
540.0 20.0052787759
550.0 20.3758550551
560.0 20.7464410543
570.0 21.1170359263
580.0 21.4876389051
590.0 21.8582492977
600.0 22.2288664771
610.0 22.5994898754
620.0 22.9701189785
630.0 23.3407533201
640.0 23.7113924776
650.0 24.0820360673
660.0 24.4526837409
670.0 24.8233351819
680.0 25.1939901023
690.0 25.5646482401
700.0 25.9353093567
710.0 26.3059732342
720.0 26.6766396742
730.0 27.0473084951
740.0 27.4179795309
750.0 27.7886526297
760.0 28.1593276522
770.0 28.5300044706
780.0 28.9006829676
790.0 29.2713630351
800.0 29.6420445737
810.0 30.0127274918
820.0 30.3834117048
830.0 30.7540971343
840.0 31.124783708
850.0 31.4954713587
860.0 31.8661600241
870.0 32.2368496463
880.0 32.6075401715
890.0 32.9782315494
900.0 33.3489237331
910.0 33.7196166789
920.0 34.0903103456
930.0 34.4610046951
940.0 34.8316996911
950.0 35.2023952998
960.0 35.5730914893
970.0 35.9437882297
980.0 36.3144854926
990.0 36.6851832512
1000.0 37.0558814802
1010.0 37.4265801556
1020.0 37.7972792546
1030.0 38.1679787558
1040.0 38.5386786384
1050.0 38.909378883
1060.0 39.2800794709
1070.0 39.6507803844
1080.0 40.0214816063
1090.0 40.3921831204
1100.0 40.7628849111
1110.0 41.1335869634
1120.0 41.504289263
1130.0 41.8749917961
1140.0 42.2456945492
1150.0 42.6163975097
1160.0 42.987100665
1170.0 43.3578040033
1180.0 43.7285075129
1190.0 44.0992111826
1200.0 44.4699150015
1210.0 44.8406189591
1220.0 45.211323045
1230.0 45.5820272494
1240.0 45.9527315623
1250.0 46.3234359743
1260.0 46.6941404762
1270.0 47.0648450587
1280.0 47.435549713
1290.0 47.8062544303
1300.0 48.1769592021
1310.0 48.54766402
1320.0 48.9183688756
1330.0 49.2890737607
1340.0 49.6597786673
1350.0 50.0304835875
1360.0 50.4011885133
1370.0 50.771893437
1380.0 51.1425983509
1390.0 51.5133032473
1400.0 51.8840081185
1410.0 52.2547129571
1420.0 52.6254177556
1430.0 52.9961225064
1440.0 53.366827202
1450.0 53.7375318351
1460.0 54.1082363982
1470.0 54.4789408839
1480.0 54.8496452847
1490.0 55.2203495931
1500.0 55.5910538018
1510.0 55.9617579032
1520.0 56.3324618898
1530.0 56.703165754
1540.0 57.0738694883
1550.0 57.4445730851
1560.0 57.8152765366
1570.0 58.1859798351
1580.0 58.5566829728
1590.0 58.9273859419
1600.0 59.2980887344
1610.0 59.6687913423
1620.0 60.0394937575
1630.0 60.4101959719
1640.0 60.7808979771
1650.0 61.1515997649
1660.0 61.5223013267
1670.0 61.893002654
1680.0 62.2637037382
1690.0 62.6344045705
1700.0 63.005105142
1710.0 63.3758054437
1720.0 63.7465054664
1730.0 64.1172052009
1740.0 64.4879046378
1750.0 64.8586037677
1760.0 65.2293025807
1770.0 65.6000010672
1780.0 65.9706992171
1790.0 66.3413970204
1800.0 66.7120944668
1810.0 67.0827915458
1820.0 67.453488247
1830.0 67.8241845595
1840.0 68.1948804724
1850.0 68.5655759747
1860.0 68.936271055
1870.0 69.3069657019
1880.0 69.6776599038
1890.0 70.0483536488
1900.0 70.419046925
1910.0 70.7897397201
1920.0 71.1604320216
1930.0 71.531123817
1940.0 71.9018150935
1950.0 72.272505838
1960.0 72.6431960372
1970.0 73.0138856777
1980.0 73.3845747458
1990.0 73.7552632276
2000.0 74.1259511089
2010.0 74.4966383754
2020.0 74.8673250125
2030.0 75.2380110053
2040.0 75.6086963387
2050.0 75.9793809974
2060.0 76.3500649658
2070.0 76.7207482281
2080.0 77.0914307682
2090.0 77.4621125698
2100.0 77.8327936161
2110.0 78.2034738905
2120.0 78.5741533757
2130.0 78.9448320543
2140.0 79.3155099087
2150.0 79.6861869209
2160.0 80.0568630726
2170.0 80.4275383453
2180.0 80.7982127203
2190.0 81.1688861784
2200.0 81.5395587003
2210.0 81.9102302662
2220.0 82.2809008562
2230.0 82.65157045
2240.0 83.0222390271
2250.0 83.3929065665
2260.0 83.763573047
2270.0 84.1342384473
2280.0 84.5049027453
2290.0 84.8755659191
2300.0 85.2462279462
2310.0 85.6168888038
2320.0 85.9875484688
2330.0 86.3582069179
2340.0 86.7288641272
2350.0 87.0995200728
2360.0 87.4701747301
2370.0 87.8408280746
2380.0 88.2114800812
2390.0 88.5821307244
2400.0 88.9527799785
2410.0 89.3234278174
2420.0 89.6940742149
2430.0 90.064719144
2440.0 90.4353625777
2450.0 90.8060044885
2460.0 91.1766448488
2470.0 91.5472836303
2480.0 91.9179208046
2490.0 92.2885563428
2500.0 92.6591902158
2510.0 93.029822394
2520.0 93.4004528476
2530.0 93.7710815463
2540.0 94.1417084596
2550.0 94.5123335566
2560.0 94.8829568059
2570.0 95.2535781759
2580.0 95.6241976346
2590.0 95.9948151498
2600.0 96.3654306886
2610.0 96.7360442181
2620.0 97.1066557049
2630.0 97.4772651152
2640.0 97.847872415
2650.0 98.2184775697
2660.0 98.5890805447
2670.0 98.9596813047
2680.0 99.3302798144
2690.0 99.7008760378
2700.0 100.071469939
2710.0 100.442061481
2720.0 100.812650627
2730.0 101.183237341
2740.0 101.553821584
2750.0 101.924403319
2760.0 102.294982507
2770.0 102.66555911
2780.0 103.03613309
2790.0 103.406704406
2800.0 103.777273021
2810.0 104.147838892
2820.0 104.518401982
2830.0 104.888962249
2840.0 105.259519652
2850.0 105.630074151
2860.0 106.000625705
2870.0 106.37117427
2880.0 106.741719807
2890.0 107.112262272
2900.0 107.482801623
2910.0 107.853337818
2920.0 108.223870812
2930.0 108.594400564
2940.0 108.96492703
2950.0 109.335450164
2960.0 109.705969925
2970.0 110.076486267
2980.0 110.446999146
2990.0 110.817508517
3000.0 111.188014335
3010.0 111.558516555
3020.0 111.929015131
3030.0 112.299510018
3040.0 112.67000117
3050.0 113.040488541
3060.0 113.410972085
3070.0 113.781451756
3080.0 114.151927506
3090.0 114.52239929
3100.0 114.892867059
3110.0 115.263330768
3120.0 115.63379037
3130.0 116.004245816
3140.0 116.374697059
3150.0 116.745144053
3160.0 117.115586749
3170.0 117.4860251
3180.0 117.856459057
3190.0 118.226888574
3200.0 118.597313601
3210.0 118.967734092
3220.0 119.338149998
3230.0 119.708561271
3240.0 120.078967863
3250.0 120.449369726
3260.0 120.819766812
3270.0 121.190159072
3280.0 121.560546459
3290.0 121.930928924
3300.0 122.30130642
3310.0 122.671678898
3320.0 123.042046312
3330.0 123.412408611
3340.0 123.782765751
3350.0 124.153117681
3360.0 124.523464356
3370.0 124.893805727
3380.0 125.264141747
3390.0 125.63447237
3400.0 126.004797547
3410.0 126.375117234
3420.0 126.745431381
3430.0 127.115739945
3440.0 127.486042877
3450.0 127.856340133
3460.0 128.226631666
3470.0 128.596917431
3480.0 128.967197382
3490.0 129.337471476
3500.0 129.707739666
3510.0 130.078001909
3520.0 130.448258161
3530.0 130.818508378
3540.0 131.188752516
3550.0 131.558990532
3560.0 131.929222385
3570.0 132.299448031
3580.0 132.669667429
3590.0 133.039880537
3600.0 133.410087314
3610.0 133.78028772
3620.0 134.150481714
3630.0 134.520669257
3640.0 134.89085031
3650.0 135.261024833
3660.0 135.63119279
3670.0 136.001354141
3680.0 136.37150885
3690.0 136.74165688
3700.0 137.111798196
3710.0 137.481932762
3720.0 137.852060542
3730.0 138.222181504
3740.0 138.592295612
3750.0 138.962402835
3760.0 139.332503139
3770.0 139.702596494
3780.0 140.072682868
3790.0 140.442762231
3800.0 140.812834553
3810.0 141.182899806
3820.0 141.55295796
3830.0 141.92300899
3840.0 142.293052867
3850.0 142.663089567
3860.0 143.033119064
3870.0 143.403141334
3880.0 143.773156353
3890.0 144.143164098
3900.0 144.513164549
3910.0 144.883157682
3920.0 145.25314348
3930.0 145.623121921
3940.0 145.993092988
3950.0 146.363056663
3960.0 146.73301293
3970.0 147.102961772
3980.0 147.472903176
3990.0 147.842837126
4000.0 148.212763611
4010.0 148.582682618
4020.0 148.952594135
4030.0 149.322498154
4040.0 149.692394665
4050.0 150.06228366
4060.0 150.432165131
4070.0 150.802039074
4080.0 151.171905482
4090.0 151.541764351
4100.0 151.91161568
4110.0 152.281459465
4120.0 152.651295706
4130.0 153.021124403
4140.0 153.390945557
4150.0 153.760759171
4160.0 154.130565248
4170.0 154.500363793
4180.0 154.87015481
4190.0 155.239938307
4200.0 155.609714292
4210.0 155.979482773
4220.0 156.34924376
4230.0 156.718997265
4240.0 157.088743299
4250.0 157.458481876
4260.0 157.828213011
4270.0 158.197936719
4280.0 158.567653017
4290.0 158.937361922
4300.0 159.307063454
4310.0 159.676757633
4320.0 160.046444481
4330.0 160.416124019
4340.0 160.785796271
4350.0 161.155461262
4360.0 161.525119019
4370.0 161.894769567
4380.0 162.264412935
4390.0 162.634049153
4400.0 163.00367825
4410.0 163.373300259
4420.0 163.742915213
4430.0 164.112523145
4440.0 164.482124089
4450.0 164.851718083
4460.0 165.221305164
4470.0 165.59088537
4480.0 165.96045874
4490.0 166.330025315
4500.0 166.699585138
4510.0 167.06913825
4520.0 167.438684696
4530.0 167.80822452
4540.0 168.17775777
4550.0 168.547284491
4560.0 168.916804733
4570.0 169.286318545
4580.0 169.655825977
4590.0 170.02532708
4600.0 170.394821908
4610.0 170.764310513
4620.0 171.133792951
4630.0 171.503269276
4640.0 171.872739546
4650.0 172.242203817
4660.0 172.61166215
4670.0 172.981114602
4680.0 173.350561234
4690.0 173.720002109
4700.0 174.089437288
4710.0 174.458866834
4720.0 174.828290813
4730.0 175.197709288
4740.0 175.567122326
4750.0 175.936529993
4760.0 176.305932359
4770.0 176.67532949
4780.0 177.044721456
4790.0 177.414108328
4800.0 177.783490176
4810.0 178.152867072
4820.0 178.522239089
4830.0 178.8916063
4840.0 179.260968779
4850.0 179.6303266
4860.0 179.999679839
4870.0 180.369028572
4880.0 180.738372875
4890.0 181.107712837
4900.0 181.477048519
4910.0 181.846380008
4920.0 182.215707385
4930.0 182.585030728
4940.0 182.954350118
4950.0 183.323665637
4960.0 183.692977365
4970.0 184.062285386
4980.0 184.43158978
4990.0 184.800890633
5000.0 185.170188026
5010.0 185.539482044
5020.0 185.908772771
5030.0 186.278060293
5040.0 186.647344694
5050.0 187.016626061
5060.0 187.385904478
5070.0 187.755180032
5080.0 188.12445281
5090.0 188.493722898
5100.0 188.862990384
5110.0 189.232255355
5120.0 189.601517899
5130.0 189.970778102
5140.0 190.340036054
5150.0 190.709291842
5160.0 191.078545555
5170.0 191.44779728
5180.0 191.817047106
5190.0 192.186295122
5200.0 192.555541416
5210.0 192.924786078
5220.0 193.294029194
5230.0 193.663270855
5240.0 194.032511148
5250.0 194.401750162
5260.0 194.770987986
5270.0 195.140224708
5280.0 195.509460416
5290.0 195.878695198
5300.0 196.247929142
5310.0 196.617162337
5320.0 196.986394869
5330.0 197.355626826
5340.0 197.724858295
5350.0 198.094089363
5360.0 198.463320117
5370.0 198.832550643
5380.0 199.201781027
5390.0 199.571011355
5400.0 199.940241712
5410.0 200.309472183
5420.0 200.678702853
5430.0 201.047933805
5440.0 201.417165125
5450.0 201.786396895
5460.0 202.155629198
5470.0 202.524862116
5480.0 202.894095731
5490.0 203.263330126
5500.0 203.63256538
5510.0 204.001801574
5520.0 204.371038788
5530.0 204.740277101
5540.0 205.109516592
5550.0 205.478757338
5560.0 205.847999418
5570.0 206.217242907
5580.0 206.586487883
5590.0 206.95573442
5600.0 207.324982593
5610.0 207.694232476
5620.0 208.063484142
5630.0 208.432737665
5640.0 208.801993116
5650.0 209.171250566
5660.0 209.540510086
5670.0 209.909771745
5680.0 210.279035612
5690.0 210.648301754
5700.0 211.01757024
5710.0 211.386841135
5720.0 211.756114506
5730.0 212.125390416
5740.0 212.494668929
5750.0 212.863950109
5760.0 213.233234017
5770.0 213.602520715
5780.0 213.971810263
5790.0 214.341102721
5800.0 214.710398146
5810.0 215.079696597
5820.0 215.448998129