0.0 0.0
120.0 4.52602285781
120.625 4.54856482719
121.25 4.57111554961
122.5 4.6162425642
123.75 4.66140256762
125.0 4.70659429431
126.25 4.75181654294
127.5 4.79706817259
128.75 4.8423480991
130.0 4.88765529173
131.25 4.93298877006
132.5 4.97834760101
133.75 5.02373089618
135.0 5.06913780924
136.25 5.11456753359
137.5 5.1600193001
138.75 5.20549237505
140.0 5.25098605815
141.25 5.29649968073
142.5 5.342032604
143.75 5.38758421745
145.0 5.43315393735
146.25 5.47874120531
147.5 5.52434548695
148.75 5.56996627064
150.0 5.61560306636
151.25 5.66125540452
152.5 5.70692283498
153.75 5.75260492603
155.0 5.79830126346
156.25 5.84401144972
157.5 5.88973510307
158.75 5.93547185679
160.0 5.98122135847
161.25 6.02698326933
162.5 6.07275726351
165.0 6.1643402596
167.5 6.25596797644
170.0 6.34763821476
172.5 6.43934893093
175.0 6.53109822305
177.5 6.62288431851
180.0 6.71470556286
182.5 6.80656040967
185.0 6.89844741148
187.5 6.99036521158
190.0 7.08231253658
192.5 7.17428818975
195.0 7.26629104487
197.5 7.35832004077
200.0 7.45037417625
202.5 7.54245250561
205.0 7.63455413442
207.5 7.72667821579
210.0 7.81882394691
212.5 7.91099056588
215.0 8.00317734887
217.5 8.09538360747
220.0 8.18760868626
222.5 8.27985196063
225.0 8.37211283473
230.0 8.55668513153
235.0 8.74132131806
240.0 8.92601749116
245.0 9.11077006176
250.0 9.29557571954
255.0 9.48043140268
260.0 9.66533427186
265.0 9.85028168773
270.0 10.0352711915
275.0 10.2203004879
280.0 10.4053674304
285.0 10.5904700084
290.0 10.7756063354
295.0 10.9607746394
300.0 11.1459732533
305.0 11.3312006075
310.0 11.5164552224
315.0 11.7017357021
320.0 11.8870407285
330.0 12.2577195073
340.0 12.6284823837
350.0 12.9993211381
360.0 13.3702283942
370.0 13.7411975232
380.0 14.112222562
390.0 14.483298142
400.0 14.8544194268
410.0 15.2255820572
420.0 15.5967821031
430.0 15.96801602
440.0 16.3392806107
450.0 16.7105729907
460.0 17.0818905574
470.0 17.4532309625
480.0 17.8245920864
490.0 18.1959720163
500.0 18.5673690254
510.0 18.9387815551
520.0 19.3102081979
530.0 19.6816476829
540.0 20.0530988622
550.0 20.4245606985
560.0 20.7960322549
570.0 21.167512684
580.0 21.53900122
590.0 21.9104971697
600.0 22.2819999063
610.0 22.6535088618
620.0 23.025023522
630.0 23.3965434207
640.0 23.7680681354
650.0 24.1395972822
660.0 24.511130513
670.0 24.8826675111
680.0 25.2542079887
690.0 25.6257516836
700.0 25.9972983573
710.0 26.3688477921
720.0 26.7403997892
730.0 27.1119541672
740.0 27.4835107602
750.0 27.8550694161
760.0 28.2266299958
770.0 28.5981923713
780.0 28.9697564254
790.0 29.3413220501
800.0 29.7128891459
810.0 30.0844576212
820.0 30.4560273912
830.0 30.8275983779
840.0 31.1991705087
850.0 31.5707437166
860.0 31.9423179392
870.0 32.3138931186
880.0 32.6854692009
890.0 33.0570461359
900.0 33.4286238768
910.0 33.8002023797
920.0 34.1717816036
930.0 34.5433615102
940.0 34.9149420633
950.0 35.2865232292
960.0 35.6581049759
970.0 36.0296872734
980.0 36.4012700935
990.0 36.7728534092
1000.0 37.1444371953
1010.0 37.5160214279
1020.0 37.8876060841
1030.0 38.2591911424
1040.0 38.6307765822
1050.0 39.0023623839
1060.0 39.373948529
1070.0 39.7455349996
1080.0 40.1171217786
1090.0 40.4887088499
1100.0 40.8602961977
1110.0 41.2318838072
1120.0 41.603471664
1130.0 41.9750597542
1140.0 42.3466480645
1150.0 42.7182365821
1160.0 43.0898252946
1170.0 43.46141419
1180.0 43.8330032567
1190.0 44.2045924836
1200.0 44.5761818596
1210.0 44.9477713744
1220.0 45.3193610175
1230.0 45.690950779
1240.0 46.0625406491
1250.0 46.4341306182
1260.0 46.8057206772
1270.0 47.1773108169
1280.0 47.5489010283
1290.0 47.9204913028
1300.0 48.2920816318
1310.0 48.6636720068
1320.0 49.0352624195
1330.0 49.4068528618
1340.0 49.7784433256
1350.0 50.1500338029
1360.0 50.5216242859
1370.0 50.8932147667
1380.0 51.2648052378
1390.0 51.6363956913
1400.0 52.0079861197
1410.0 52.3795765154
1420.0 52.751166871
1430.0 53.122757179
1440.0 53.4943474318
1450.0 53.865937622
1460.0 54.2375277423
1470.0 54.6091177851
1480.0 54.980707743
1490.0 55.3522976086
1500.0 55.7238873744
1510.0 56.095477033
1520.0 56.4670665767
1530.0 56.8386559981
1540.0 57.2102452896
1550.0 57.5818344435
1560.0 57.9534234521
1570.0 58.3250123078
1580.0 58.6966010027
1590.0 59.0681895289
1600.0 59.4397778786
1610.0 59.8113660436
1620.0 60.182954016
1630.0 60.5545417875
1640.0 60.9261293498
1650.0 61.2977166948
1660.0 61.6693038137
1670.0 62.0408906982
1680.0 62.4124773396
1690.0 62.784063729
1700.0 63.1556498576
1710.0 63.5272357165
1720.0 63.8988212963
1730.0 64.270406588
1740.0 64.6419915821
1750.0 65.0135762691
1760.0 65.3851606393
1770.0 65.7567446829
1780.0 66.12832839
1790.0 66.4999117504
1800.0 66.8714947539
1810.0 67.2430773902
1820.0 67.6146596485
1830.0 67.9862415181
1840.0 68.3578229882
1850.0 68.7294040476
1860.0 69.1009846851
1870.0 69.4725648891
1880.0 69.8441446482
1890.0 70.2157239504
1900.0 70.5873027837
1910.0 70.9588811359
1920.0 71.3304589946
1930.0 71.7020363471
1940.0 72.0736131808
1950.0 72.4451894824
1960.0 72.8167652388
1970.0 73.1883404364
1980.0 73.5599150617
1990.0 73.9314891006
2000.0 74.3030625391
2010.0 74.6746353628
2020.0 75.046207557
2030.0 75.4177791069
2040.0 75.7893499975
2050.0 76.1609202133
2060.0 76.5324897389
2070.0 76.9040585584
2080.0 77.2756266556
2090.0 77.6471940143
2100.0 78.0187606178
2110.0 78.3903264494
2120.0 78.7618914917
2130.0 79.1334557275
2140.0 79.505019139
2150.0 79.8765817083
2160.0 80.2481434172
2170.0 80.6197042471
2180.0 80.9912641792
2190.0 81.3628231945
2200.0 81.7343812735
2210.0 82.1059383966
2220.0 82.4774945437
2230.0 82.8490496947
2240.0 83.2206038289
2250.0 83.5921569255
2260.0 83.9637089632
2270.0 84.3352599206
2280.0 84.7068097758
2290.0 85.0783585068
2300.0 85.449906091
2310.0 85.8214525057
2320.0 86.1929977279
2330.0 86.5645417341
2340.0 86.9360845006
2350.0 87.3076260033
2360.0 87.6791662178
2370.0 88.0507051195
2380.0 88.4222426832
2390.0 88.7937788835
2400.0 89.1653136948
2410.0 89.5368470909
2420.0 89.9083790455
2430.0 90.2799095318
2440.0 90.6514385226
2450.0 91.0229659907
2460.0 91.3944919081
2470.0 91.7660162467
2480.0 92.1375389782
2490.0 92.5090600735
2500.0 92.8805795037
2510.0 93.2520972391
2520.0 93.6236132498
2530.0 93.9951275057
2540.0 94.3666399762
2550.0 94.7381506303
2560.0 95.1096594367
2570.0 95.4811663639
2580.0 95.8526713798
2590.0 96.2241744521
2600.0 96.5956755481
2610.0 96.9671746348
2620.0 97.3386716788
2630.0 97.7101666462
2640.0 98.0816595031
2650.0 98.453150215
2660.0 98.8246387472
2670.0 99.1961250644
2680.0 99.5676091312
2690.0 99.9390909118
2700.0 100.31057037
2710.0 100.682047469
2720.0 101.053522173
2730.0 101.424994443
2740.0 101.796464244
2750.0 102.167931536
2760.0 102.539396281
2770.0 102.910858442
2780.0 103.282317978
2790.0 103.653774852
2800.0 104.025229023
2810.0 104.396680452
2820.0 104.768129099
2830.0 105.139574923
2840.0 105.511017884
2850.0 105.88245794
2860.0 106.25389505
2870.0 106.625329173
2880.0 106.996760267
2890.0 107.368188289
2900.0 107.739613198
2910.0 108.111034949
2920.0 108.482453501
2930.0 108.85386881
2940.0 109.225280833
2950.0 109.596689525
2960.0 109.968094843
2970.0 110.339496742
2980.0 110.710895178
2990.0 111.082290106
3000.0 111.453681481
3010.0 111.825069258
3020.0 112.196453391
3030.0 112.567833836
3040.0 112.939210545
3050.0 113.310583473
3060.0 113.681952575
3070.0 114.053317802
3080.0 114.42467911
3090.0 114.79603645
3100.0 115.167389777
3110.0 115.538739043
3120.0 115.910084202
3130.0 116.281425205
3140.0 116.652762006
3150.0 117.024094557
3160.0 117.39542281
3170.0 117.766746718
3180.0 118.138066233
3190.0 118.509381306
3200.0 118.880691891
3210.0 119.251997939
3220.0 119.623299402
3230.0 119.994596232
3240.0 120.365888382
3250.0 120.737175802
3260.0 121.108458444
3270.0 121.479736262
3280.0 121.851009206
3290.0 122.222277228
3300.0 122.593540281
3310.0 122.964798317
3320.0 123.336051287
3330.0 123.707299145
3340.0 124.078541841
3350.0 124.449779329
3360.0 124.82101156
3370.0 125.192238489
3380.0 125.563460066
3390.0 125.934676246
3400.0 126.305886981
3410.0 126.677092224
3420.0 127.048291929
3430.0 127.41948605
3440.0 127.790674539
3450.0 128.161857352
3460.0 128.533034442
3470.0 128.904205764
3480.0 129.275371273
3490.0 129.646530924
3500.0 130.017684671
3510.0 130.388832472
3520.0 130.759974281
3530.0 131.131110055
3540.0 131.50223975
3550.0 131.873363324
3560.0 132.244480734
3570.0 132.615591937
3580.0 132.986696892
3590.0 133.357795557
3600.0 133.728887892
3610.0 134.099973855
3620.0 134.471053406
3630.0 134.842126506
3640.0 135.213193116
3650.0 135.584253197
3660.0 135.95530671
3670.0 136.326353619
3680.0 136.697393885
3690.0 137.068427473
3700.0 137.439454346
3710.0 137.810474468
3720.0 138.181487806
3730.0 138.552494325
3740.0 138.923493991
3750.0 139.29448677
3760.0 139.665472632
3770.0 140.036451544
3780.0 140.407423475
3790.0 140.778388396
3800.0 141.149346275
3810.0 141.520297085
3820.0 141.891240796
3830.0 142.262177383
3840.0 142.633106818
3850.0 143.004029075
3860.0 143.374944129
3870.0 143.745851956
3880.0 144.116752532
3890.0 144.487645835
3900.0 144.858531843
3910.0 145.229410534
3920.0 145.600281888
3930.0 145.971145887
3940.0 146.342002511
3950.0 146.712851743
3960.0 147.083693567
3970.0 147.454527967
3980.0 147.825354928
3990.0 148.196174435
4000.0 148.566986477
4010.0 148.937791041
4020.0 149.308588116
4030.0 149.679377692
4040.0 150.05015976
4050.0 150.420934312
4060.0 150.791701341
4070.0 151.162460841
4080.0 151.533212806
4090.0 151.903957233
4100.0 152.274694119
4110.0 152.645423461
4120.0 153.016145259
4130.0 153.386859514
4140.0 153.757566225
4150.0 154.128265396
4160.0 154.498957031
4170.0 154.869641132
4180.0 155.240317707
4190.0 155.610986761
4200.0 155.981648303
4210.0 156.352302341
4220.0 156.722948886
4230.0 157.093587948
4240.0 157.464219539
4250.0 157.834843674
4260.0 158.205460366
4270.0 158.576069631
4280.0 158.946671486
4290.0 159.317265949
4300.0 159.687853038
4310.0 160.058432775
4320.0 160.429005179
4330.0 160.799570275
4340.0 161.170128084
4350.0 161.540678633
4360.0 161.911221946
4370.0 162.281758052
4380.0 162.652286977
4390.0 163.022808752
4400.0 163.393323407
4410.0 163.763830973
4420.0 164.134331484
4430.0 164.504824973
4440.0 164.875311475
4450.0 165.245791026
4460.0 165.616263664
4470.0 165.986729427
4480.0 166.357188355
4490.0 166.727640487
4500.0 167.098085867
4510.0 167.468524536
4520.0 167.838956539
4530.0 168.209381921
4540.0 168.579800728
4550.0 168.950213007
4560.0 169.320618806
4570.0 169.691018175
4580.0 170.061411164
4590.0 170.431797825
4600.0 170.80217821
4610.0 171.172552373
4620.0 171.542920368
4630.0 171.91328225
4640.0 172.283638077
4650.0 172.653987906
4660.0 173.024331796
4670.0 173.394669805
4680.0 173.765001995
4690.0 174.135328427
4700.0 174.505649163
4710.0 174.875964267
4720.0 175.246273802
4730.0 175.616577835
4740.0 175.98687643
4750.0 176.357169655
4760.0 176.727457578
4770.0 177.097740266
4780.0 177.468017789
4790.0 177.838290218
4800.0 178.208557624
4810.0 178.578820078
4820.0 178.949077652
4830.0 179.31933042
4840.0 179.689578456
4850.0 180.059821835
4860.0 180.430060631
4870.0 180.800294921
4880.0 181.170524782
4890.0 181.540750301
4900.0 181.91097154
4910.0 182.281188587
4920.0 182.65140152
4930.0 183.021610421
4940.0 183.391815369
4950.0 183.762016445
4960.0 184.132213731
4970.0 184.502407308
4980.0 184.87259726
4990.0 185.24278367
5000.0 185.61296662
5010.0 185.983146195
5020.0 186.35332248
5030.0 186.723495559
5040.0 187.093665518
5050.0 187.463832441
5060.0 187.833996416
5070.0 188.204157527
5080.0 188.574315863
5090.0 188.944471508
5100.0 189.314624552
5110.0 189.68477508
5120.0 190.054923181
5130.0 190.425068942
5140.0 190.795212451
5150.0 191.165353796
5160.0 191.535493066
5170.0 191.905630348
5180.0 192.275765732
5190.0 192.645899305
5200.0 193.016031157
5210.0 193.386161375
5220.0 193.756290049
5230.0 194.126417267
5240.0 194.496543118
5250.0 194.866667689
5260.0 195.236791071
5270.0 195.60691335
5280.0 195.977034615
5290.0 196.347154954
5300.0 196.717274456
5310.0 197.087393208
5320.0 197.457511297
5330.0 197.827628811
5340.0 198.197745838
5350.0 198.567862463
5360.0 198.937978775
5370.0 199.308094858
5380.0 199.678210799
5390.0 200.048326684
5400.0 200.418442599
5410.0 200.788558627
5420.0 201.158674854
5430.0 201.528791364
5440.0 201.898908241
5450.0 202.269025568
5460.0 202.639143428
5470.0 203.009261904
5480.0 203.379381077
5490.0 203.749501029
5500.0 204.11962184
5510.0 204.489743592
5520.0 204.859866363
5530.0 205.229990233
5540.0 205.600115281
5550.0 205.970241585
5560.0 206.340369222
5570.0 206.710498269
5580.0 207.080628801
5590.0 207.450760896
5600.0 207.820894626
5610.0 208.191030066
5620.0 208.56116729
5630.0 208.931306371
5640.0 209.301447379
5650.0 209.671590386
5660.0 210.041735463
5670.0 210.411882679
5680.0 210.782032104
5690.0 211.152183804
5700.0 211.522337847
5710.0 211.892494299
5720.0 212.262653227
5730.0 212.632814694
5740.0 213.002978765
5750.0 213.373145502
5760.0 213.743314967
5770.0 214.113487223
5780.0 214.483662328
5790.0 214.853840343
5800.0 215.224021325
5810.0 215.594205333
5820.0 215.964392424