-490.0 -118.330118979
-485.0 -117.333003724
-480.0 -116.330792726
-475.0 -115.323074003
-470.0 -114.309461234
-465.0 -113.289596111
-460.0 -112.263150373
-455.0 -111.229827503
-450.0 -110.189364101
-445.0 -109.141530938
-440.0 -108.086133673
-435.0 -107.023013265
-430.0 -105.952046049
-425.0 -104.873143518
-420.0 -103.786251802
-415.0 -102.691350864
-410.0 -101.588453435
-405.0 -100.477603707
-400.0 -99.3588758052
-395.0 -98.2323720674
-390.0 -97.098221157
-385.0 -95.956576036
-380.0 -94.8076118277
-375.0 -93.6515235976
-370.0 -92.4885240792
-365.0 -91.3188413737
-360.0 -90.1427166483
-355.0 -88.9604018591
-350.0 -87.7721575204
-345.0 -86.5782505418
-340.0 -85.3789521521
-335.0 -84.174535926
-330.0 -82.9652759275
-325.0 -81.7514449824
-320.0 -80.5333130873
-315.0 -79.3111459634
-310.0 -78.0852037586
-305.0 -76.8557398997
-300.0 -75.6230000952
-295.0 -74.3872214868
-290.0 -73.148631945
-285.0 -71.9074495051
-280.0 -70.6638819354
-275.0 -69.4181264321
-270.0 -68.1703694295
-265.0 -66.9207865194
-260.0 -65.6695424681
-255.0 -64.416791321
-250.0 -63.1626765866
-245.0 -61.9073314869
-240.0 -60.6508792676
-235.0 -59.3934335559
-230.0 -58.1350987581
-225.0 -56.875970489
-220.0 -55.6161360233
-215.0 -54.3556747628
-210.0 -53.0946587133
-205.0 -51.8331529632
-200.0 -50.5712161606
-195.0 -49.3089009827
-190.0 -48.0462545943
-185.0 -46.783319092
-180.0 -45.520131931
-175.0 -44.2567263327
-170.0 -42.9931316716
-165.0 -41.7293738393
-160.0 -40.4654755873
-155.0 -39.2014568447
-150.0 -37.9373350146
-145.0 -36.6731252465
-140.0 -35.4088406867
-135.0 -34.144492708
-130.0 -32.8800911172
-125.0 -31.6156443444
-120.0 -30.3511596133
-115.0 -29.0866430934
-110.0 -27.8221000375
-105.0 -26.5575349029
-100.0 -25.2929514595
-95.0 -24.0283528854
-90.0 -22.7637418505
-85.0 -21.4991205903
-80.0 -20.2344909701
-75.0 -18.9698545406
-70.0 -17.7052125866
-65.0 -16.4405661684
-60.0 -15.1759161582
-55.0 -13.9112632703
-50.0 -12.6466080874
-45.0 -11.3819510832
-40.0 -10.117292641
-35.0 -8.8526330695
-30.0 -7.58797261631
-25.0 -6.32331147913
-20.0 -5.05864981493
-15.0 -3.79398774774
-10.0 -2.52932537497
-5.0 -1.26466277272
1.0 0.252932565828
5.0 1.26466277272
10.0 2.52932537497
15.0 3.79398774774
20.0 5.05864981493
25.0 6.32331147913
30.0 7.58797261631
35.0 8.8526330695
40.0 10.117292641
45.0 11.3819510832
50.0 12.6466080874
55.0 13.9112632703
60.0 15.1759161582
65.0 16.4405661684
70.0 17.7052125866
75.0 18.9698545406
80.0 20.2344909701
85.0 21.4991205903
90.0 22.7637418505
95.0 24.0283528854
100.0 25.2929514595
105.0 26.5575349029
110.0 27.8221000375
115.0 29.0866430934
120.0 30.3511596133
125.0 31.6156443444
130.0 32.8800911172
135.0 34.144492708
140.0 35.4088406867
145.0 36.6731252465
150.0 37.9373350146
155.0 39.2014568447
160.0 40.4654755873
165.0 41.7293738393
170.0 42.9931316716
175.0 44.2567263327
180.0 45.520131931
185.0 46.783319092
190.0 48.0462545943
195.0 49.3089009827
200.0 50.5712161606
205.0 51.8331529632
210.0 53.0946587133
215.0 54.3556747628
220.0 55.6161360233
225.0 56.875970489
230.0 58.1350987581
235.0 59.3934335559
240.0 60.6508792676
245.0 61.9073314869
250.0 63.1626765866
255.0 64.416791321
260.0 65.6695424681
265.0 66.9207865194
270.0 68.1703694295
275.0 69.4181264321
280.0 70.6638819354
285.0 71.9074495051
290.0 73.148631945
295.0 74.3872214868
300.0 75.6230000952
305.0 76.8557398997
310.0 78.0852037586
315.0 79.3111459634
320.0 80.5333130873
325.0 81.7514449824
330.0 82.9652759275
335.0 84.174535926
340.0 85.3789521521
345.0 86.5782505418
350.0 87.7721575204
355.0 88.9604018591
360.0 90.1427166483
365.0 91.3188413737
370.0 92.4885240792
375.0 93.6515235976
380.0 94.8076118277
385.0 95.956576036
390.0 97.098221157
395.0 98.2323720674
400.0 99.3588758052
405.0 100.477603707
410.0 101.588453435
415.0 102.691350864
420.0 103.786251802
425.0 104.873143518
430.0 105.952046049
435.0 107.023013265
440.0 108.086133673
445.0 109.141530938
450.0 110.189364101
455.0 111.229827503
460.0 112.263150373
465.0 113.289596111
470.0 114.309461234
475.0 115.323074003
480.0 116.330792726
485.0 117.333003724
490.0 118.330118979