0.0 0.0
120.0 4.51694394795
120.625 4.53943863135
121.25 4.56194206778
122.5 4.6069745104
123.75 4.65203994184
125.0 4.69713709655
126.25 4.74226477321
127.5 4.78742183089
128.75 4.83260718542
130.0 4.87781980608
131.25 4.92305871243
132.5 4.96832297141
133.75 5.0136116946
135.0 5.05892403568
136.25 5.10425918806
137.5 5.14961638259
138.75 5.19499488557
140.0 5.2403939967
141.25 5.2858130473
142.5 5.33125139859
143.75 5.37670844007
145.0 5.422183588
146.25 5.46767628398
147.5 5.51318599364
148.75 5.55871220536
150.0 5.60425442911
151.25 5.64981219529
152.5 5.69538505378
153.75 5.74097257285
155.0 5.7865743383
156.25 5.83218995259
157.5 5.87781903396
158.75 5.92346121571
160.0 5.96911614542
161.25 6.0147834843
162.5 6.06046290651
165.0 6.15185675864
167.5 6.24329533153
170.0 6.33477642591
172.5 6.42629799813
175.0 6.51785814629
177.5 6.60945509781
180.0 6.70108719821
182.5 6.79275290107
185.0 6.88445075892
187.5 6.97617941507
190.0 7.06793759612
192.5 7.15972410534
195.0 7.25153781652
197.5 7.34337766846
200.0 7.43524265999
202.5 7.5271318454
205.0 7.61904433026
207.5 7.71097926768
210.0 7.80293585485
212.5 7.89491332987
215.0 7.98691096891
217.5 8.07892808356
220.0 8.1709640184
222.5 8.26301814882
225.0 8.35508987897
230.0 8.53928388787
235.0 8.7235417865
240.0 8.9078596717
245.0 9.0922339544
250.0 9.27666132427
255.0 9.46113871952
260.0 9.6456633008
265.0 9.83023242877
270.0 10.0148436446
275.0 10.1994946531
280.0 10.3841833077
285.0 10.5689075978
290.0 10.753665637
295.0 10.938455653
300.0 11.123275979
305.0 11.3081250453
310.0 11.4930013724
315.0 11.6779035642
320.0 11.8628303026
330.0 12.2327525056
340.0 12.6027588062
350.0 12.9728409849
360.0 13.3429916651
370.0 13.7132042183
380.0 14.0834726813
390.0 14.4537916855
400.0 14.8241563945
410.0 15.1945624492
420.0 15.5650059193
430.0 15.9354832603
440.0 16.3059912752
450.0 16.6765270794
460.0 17.0470880704
470.0 17.4176718996
480.0 17.7882764477
490.0 18.1588998018
500.0 18.5295402352
510.0 18.9001961891
520.0 19.2708662561
530.0 19.6415491653
540.0 20.0122437687
550.0 20.3829490293
560.0 20.7536640098
570.0 21.1243878632
580.0 21.4951198233
590.0 21.8658591973
600.0 22.236605358
610.0 22.6073577377
620.0 22.9781158221
630.0 23.3488791451
640.0 23.7196472839
650.0 24.0904198549
660.0 24.4611965099
670.0 24.8319769322
680.0 25.202760834
690.0 25.5735479532
700.0 25.9443380511
710.0 26.31513091
720.0 26.6859263313
730.0 27.0567241335
740.0 27.4275241507
750.0 27.7983262308
760.0 28.1691302347
770.0 28.5399360344
780.0 28.9107435127
790.0 29.2815525616
800.0 29.6523630816
810.0 30.0231749811
820.0 30.3939881754
830.0 30.7648025862
840.0 31.1356181412
850.0 31.5064347733
860.0 31.8772524201
870.0 32.2480710237
880.0 32.6188905302
890.0 32.9897108894
900.0 33.3605320545
910.0 33.7313539816
920.0 34.1021766297
930.0 34.4729999605
940.0 34.8438239378
950.0 35.2146485279
960.0 35.5854736988
970.0 35.9562994205
980.0 36.3271256648
990.0 36.6979524047
1000.0 37.068779615
1010.0 37.4396072718
1020.0 37.8104353522
1030.0 38.1812638347
1040.0 38.5520926987
1050.0 38.9229219246
1060.0 39.2937514939
1070.0 39.6645813887
1080.0 40.0354115919
1090.0 40.4062420874
1100.0 40.7770728594
1110.0 41.1479038931
1120.0 41.5187351741
1130.0 41.8895666885
1140.0 42.260398423
1150.0 42.6312303648
1160.0 43.0020625014
1170.0 43.372894821
1180.0 43.743727312
1190.0 44.114559963
1200.0 44.4853927633
1210.0 44.8562257023
1220.0 45.2270587696
1230.0 45.5978919553
1240.0 45.9687252495
1250.0 46.3395586429
1260.0 46.7103921261
1270.0 47.08122569
1280.0 47.4520593256
1290.0 47.8228930243
1300.0 48.1937267775
1310.0 48.5645605766
1320.0 48.9353944136
1330.0 49.3062282801
1340.0 49.677062168
1350.0 50.0478960696
1360.0 50.4187299767
1370.0 50.7895638818
1380.0 51.160397777
1390.0 51.5312316547
1400.0 51.9020655073
1410.0 52.2728993273
1420.0 52.6437331071
1430.0 53.0145668392
1440.0 53.3854005162
1450.0 53.7562341307
1460.0 54.1270676751
1470.0 54.4979011421
1480.0 54.8687345243
1490.0 55.2395678141
1500.0 55.6104010041
1510.0 55.9812340868
1520.0 56.3520670548
1530.0 56.7228999004
1540.0 57.093732616
1550.0 57.4645651941
1560.0 57.835397627
1570.0 58.2062299069
1580.0 58.5770620259
1590.0 58.9478939764
1600.0 59.3187257502
1610.0 59.6895573394
1620.0 60.060388736
1630.0 60.4312199317
1640.0 60.8020509183
1650.0 61.1728816874
1660.0 61.5437122306
1670.0 61.9145425393
1680.0 62.2853726048
1690.0 62.6562024184
1700.0 63.0270319713
1710.0 63.3978612543
1720.0 63.7686902583
1730.0 64.1395189742
1740.0 64.5103473925
1750.0 64.8811755037
1760.0 65.2520032981
1770.0 65.6228307659
1780.0 65.9936578972
1790.0 66.3644846818
1800.0 66.7353111095
1810.0 67.10613717
1820.0 67.4769628525
1830.0 67.8477881463
1840.0 68.2186130406
1850.0 68.5894375242
1860.0 68.9602615858
1870.0 69.3310852141
1880.0 69.7019083974
1890.0 70.0727311237
1900.0 70.4435533812
1910.0 70.8143751577
1920.0 71.1851964405
1930.0 71.5560172173
1940.0 71.9268374751
1950.0 72.2976572009
1960.0 72.6684763815
1970.0 73.0392950034
1980.0 73.4101130528
1990.0 73.780930516
2000.0 74.1517473787
2010.0 74.5225636265
2020.0 74.8933792449
2030.0 75.2641942191
2040.0 75.6350085338
2050.0 76.0058221739
2060.0 76.3766351236
2070.0 76.7474473673
2080.0 77.1182588887
2090.0 77.4890696716
2100.0 77.8598796994
2110.0 78.2306889551
2120.0 78.6014974216
2130.0 78.9723050816
2140.0 79.3431119173
2150.0 79.7139179108
2160.0 80.0847230439
2170.0 80.455527298
2180.0 80.8263306543
2190.0 81.1971330938
2200.0 81.567934597
2210.0 81.9387351442
2220.0 82.3095347156
2230.0 82.6803332907
2240.0 83.0511308491
2250.0 83.4219273699
2260.0 83.7927228318
2270.0 84.1635172134
2280.0 84.5343104928
2290.0 84.905102648
2300.0 85.2758936564
2310.0 85.6466834953
2320.0 86.0174721417
2330.0 86.3882595721
2340.0 86.7590457628
2350.0 87.1298306897
2360.0 87.5006143284
2370.0 87.8713966543
2380.0 88.2421776421
2390.0 88.6129572667
2400.0 88.9837355021
2410.0 89.3545123225
2420.0 89.7252877012
2430.0 90.0960616117
2440.0 90.4668340267
2450.0 90.837604919
2460.0 91.2083742606
2470.0 91.5791420234
2480.0 91.949908179
2490.0 92.3206726986
2500.0 92.6914355529
2510.0 93.0621967125
2520.0 93.4329561475
2530.0 93.8037138275
2540.0 94.1744697222
2550.0 94.5452238005
2560.0 94.9159760311
2570.0 95.2867263825
2580.0 95.6574748226
2590.0 96.0282213191
2600.0 96.3989658393
2610.0 96.7697083501
2620.0 97.1404488183
2630.0 97.5111872099
2640.0 97.881923491
2650.0 98.2526576271
2660.0 98.6233895834
2670.0 98.9941193248
2680.0 99.3648468158
2690.0 99.7355720206
2700.0 100.106294903
2710.0 100.477015426
2720.0 100.847733554
2730.0 101.218449249
2740.0 101.589162473
2750.0 101.95987319
2760.0 102.330581359
2770.0 102.701286944
2780.0 103.071989905
2790.0 103.442690203
2800.0 103.813387798
2810.0 104.184082651
2820.0 104.554774722
2830.0 104.925463971
2840.0 105.296150355
2850.0 105.666833836
2860.0 106.03751437
2870.0 106.408191918
2880.0 106.778866435
2890.0 107.149537882
2900.0 107.520206214
2910.0 107.89087139
2920.0 108.261533366
2930.0 108.632192099
2940.0 109.002847546
2950.0 109.373499662
2960.0 109.744148404
2970.0 110.114793728
2980.0 110.485435588
2990.0 110.85607394
3000.0 111.226708739
3010.0 111.597339941
3020.0 111.967967498
3030.0 112.338591367
3040.0 112.7092115
3050.0 113.079827853
3060.0 113.450440378
3070.0 113.82104903
3080.0 114.191653761
3090.0 114.562254526
3100.0 114.932851277
3110.0 115.303443968
3120.0 115.67403255
3130.0 116.044616978
3140.0 116.415197203
3150.0 116.785773178
3160.0 117.156344855
3170.0 117.526912187
3180.0 117.897475126
3190.0 118.268033624
3200.0 118.638587633
3210.0 119.009137105
3220.0 119.379681993
3230.0 119.750222247
3240.0 120.12075782
3250.0 120.491288664
3260.0 120.861814731
3270.0 121.232335973
3280.0 121.602852341
3290.0 121.973363788
3300.0 122.343870265
3310.0 122.714371725
3320.0 123.084868119
3330.0 123.455359401
3340.0 123.825845521
3350.0 124.196326433
3360.0 124.566802089
3370.0 124.937272441
3380.0 125.307737443
3390.0 125.678197047
3400.0 126.048651206
3410.0 126.419099873
3420.0 126.789543003
3430.0 127.159980547
3440.0 127.530412461
3450.0 127.900838698
3460.0 128.271259212
3470.0 128.641673959
3480.0 129.012082892
3490.0 129.382485966
3500.0 129.752883138
3510.0 130.123274363
3520.0 130.493659596
3530.0 130.864038794
3540.0 131.234411913
3550.0 131.604778911
3560.0 131.975139745
3570.0 132.345494373
3580.0 132.715842752
3590.0 133.086184841
3600.0 133.4565206
3610.0 133.826849987
3620.0 134.197172962
3630.0 134.567489487
3640.0 134.937799521
3650.0 135.308103026
3660.0 135.678399963
3670.0 136.048690296
3680.0 136.418973986
3690.0 136.789250998
3700.0 137.159521295
3710.0 137.529784842
3720.0 137.900041604
3730.0 138.270291547
3740.0 138.640534636
3750.0 139.010770841
3760.0 139.381000127
3770.0 139.751222463
3780.0 140.121437818
3790.0 140.491646162
3800.0 140.861847466
3810.0 141.232041699
3820.0 141.602228835
3830.0 141.972408846
3840.0 142.342581705
3850.0 142.712747386
3860.0 143.082905865
3870.0 143.453057116
3880.0 143.823201116
3890.0 144.193337843
3900.0 144.563467274
3910.0 144.93358939
3920.0 145.303704168
3930.0 145.673811591
3940.0 146.043911639
3950.0 146.414004296
3960.0 146.784089544
3970.0 147.154167368
3980.0 147.524237753
3990.0 147.894300684
4000.0 148.26435615
4010.0 148.634404138
4020.0 149.004444638
4030.0 149.374477638
4040.0 149.74450313
4050.0 150.114521106
4060.0 150.484531559
4070.0 150.854534483
4080.0 151.224529872
4090.0 151.594517723
4100.0 151.964498033
4110.0 152.334470799
4120.0 152.704436022
4130.0 153.0743937
4140.0 153.444343836
4150.0 153.814286431
4160.0 154.184221489
4170.0 154.554149015
4180.0 154.924069014
4190.0 155.293981492
4200.0 155.663886458
4210.0 156.033783921
4220.0 156.403673889
4230.0 156.773556375
4240.0 157.143431391
4250.0 157.513298949
4260.0 157.883159066
4270.0 158.253011755
4280.0 158.622857034
4290.0 158.992694921
4300.0 159.362525434
4310.0 159.732348595
4320.0 160.102164423
4330.0 160.471972943
4340.0 160.841774176
4350.0 161.211568149
4360.0 161.581354887
4370.0 161.951134416
4380.0 162.320906766
4390.0 162.690671965
4400.0 163.060430044
4410.0 163.430181034
4420.0 163.799924969
4430.0 164.169661882
4440.0 164.539391808
4450.0 164.909114783
4460.0 165.278830846
4470.0 165.648540033
4480.0 166.018242384
4490.0 166.387937941
4500.0 166.757626745
4510.0 167.127308838
4520.0 167.496984265
4530.0 167.866653071
4540.0 168.236315302
4550.0 168.605971005
4560.0 168.975620228
4570.0 169.345263021
4580.0 169.714899434
4590.0 170.084529519
4600.0 170.454153328
4610.0 170.823770915
4620.0 171.193382334
4630.0 171.562987641
4640.0 171.932586892
4650.0 172.302180145
4660.0 172.671767458
4670.0 173.041348892
4680.0 173.410924506
4690.0 173.780494362
4700.0 174.150058522
4710.0 174.51961705
4720.0 174.889170009
4730.0 175.258717466
4740.0 175.628259485
4750.0 175.997796134
4760.0 176.367327481
4770.0 176.736853593
4780.0 177.106374541
4790.0 177.475890394
4800.0 177.845401223
4810.0 178.214907101
4820.0 178.584408099
4830.0 178.953904291
4840.0 179.323395751
4850.0 179.692882554
4860.0 180.062364774
4870.0 180.431842489
4880.0 180.801315773
4890.0 181.170784716
4900.0 181.540249379
4910.0 181.90970985
4920.0 182.279166208
4930.0 182.648618533
4940.0 183.018066905
4950.0 183.387511405
4960.0 183.756952114
4970.0 184.126389116
4980.0 184.495822492
4990.0 184.865252326
5000.0 185.2346787
5010.0 185.604101699
5020.0 185.973521408
5030.0 186.342937912
5040.0 186.712351294
5050.0 187.081761642
5060.0 187.45116904
5070.0 187.820573576
5080.0 188.189975335
5090.0 188.559374405
5100.0 188.928770872
5110.0 189.298164824
5120.0 189.667556349
5130.0 190.036945534
5140.0 190.406332467
5150.0 190.775717237
5160.0 191.14509993
5170.0 191.514480637
5180.0 191.883859445
5190.0 192.253236442
5200.0 192.622611718
5210.0 192.99198536
5220.0 193.361357458
5230.0 193.7307281
5240.0 194.100097375
5250.0 194.46946537
5260.0 194.838832175
5270.0 195.208197879
5280.0 195.577562568
5290.0 195.946926331
5300.0 196.316289257
5310.0 196.685651433
5320.0 197.055012946
5330.0 197.424373884
5340.0 197.793734335
5350.0 198.163094385
5360.0 198.53245412
5370.0 198.901813627
5380.0 199.271172992
5390.0 199.640532302
5400.0 200.00989164
5410.0 200.379251092
5420.0 200.748610744
5430.0 201.117970678
5440.0 201.487330979
5450.0 201.85669173
5460.0 202.226053014
5470.0 202.595414914
5480.0 202.964777511
5490.0 203.334140886
5500.0 203.703505122
5510.0 204.072870297
5520.0 204.442236493
5530.0 204.811603787
5540.0 205.180972259
5550.0 205.550341987
5560.0 205.919713048
5570.0 206.289085519
5580.0 206.658459475
5590.0 207.027834994
5600.0 207.397212148
5610.0 207.766591012
5620.0 208.13597166
5630.0 208.505354165
5640.0 208.874738597
5650.0 209.244125028
5660.0 209.61351353
5670.0 209.98290417
5680.0 210.352297018
5690.0 210.721692142
5700.0 211.091089609
5710.0 211.460489486
5720.0 211.829891837
5730.0 212.199296728
5740.0 212.568704223
5750.0 212.938114384
5760.0 213.307527274
5770.0 213.676942953
5780.0 214.046361483
5790.0 214.415782921
5800.0 214.785207328
5810.0 215.15463476
5820.0 215.524065274