0.0 0.0
120.0 4.52602315762
120.625 4.54856512928
121.25 4.57111585396
122.5 4.61624287313
123.75 4.66140288116
125.0 4.7065946125
126.25 4.75181686582
127.5 4.79706850019
128.75 4.84234843145
130.0 4.88765562888
131.25 4.93298911204
132.5 4.97834794786
133.75 5.02373124793
135.0 5.06913816593
136.25 5.11456789526
137.5 5.1600196668
138.75 5.20549274681
140.0 5.25098643501
141.25 5.29650006272
142.5 5.34203299116
143.75 5.38758460983
145.0 5.43315433499
146.25 5.47874160824
147.5 5.52434589521
148.75 5.56996668429
150.0 5.61560348542
151.25 5.66125582904
152.5 5.706923265
153.75 5.75260536158
155.0 5.7983017046
156.25 5.84401189648
157.5 5.88973555549
158.75 5.93547231492
160.0 5.98122182236
161.25 6.02698373901
162.5 6.07275773903
165.0 6.16434074692
167.5 6.25596847574
170.0 6.34763872623
172.5 6.43934945474
175.0 6.53109875938
177.5 6.62288486755
180.0 6.7147061248
182.5 6.8065609847
185.0 6.89844799978
187.5 6.99036581334
190.0 7.08231315202
192.5 7.17428881905
195.0 7.26629168824
197.5 7.35832069841
200.0 7.45037484837
202.5 7.54245319241
205.0 7.63455483612
207.5 7.7266789326
210.0 7.81882467904
212.5 7.91099131355
215.0 8.00317811231
217.5 8.09538438689
220.0 8.18760948189
222.5 8.2798527727
225.0 8.37211366348
230.0 8.55668599433
235.0 8.74132221587
240.0 8.92601842496
245.0 9.11077103255
250.0 9.29557672836
255.0 9.48043245058
260.0 9.66533535991
265.0 9.85028281703
270.0 10.0352723632
275.0 10.2203017031
280.0 10.4053686903
285.0 10.5904713142
290.0 10.7756076884
295.0 10.9607760407
300.0 11.1459747043
305.0 11.3312021096
310.0 11.5164567769
315.0 11.7017373103
320.0 11.8870423918
330.0 12.2577212852
340.0 12.6284842823
350.0 12.9993231637
360.0 13.3702305533
370.0 13.7411998227
380.0 14.1122250091
390.0 14.4833007442
400.0 14.8544221918
410.0 15.2255849932
420.0 15.5967852186
430.0 15.9680193239
440.0 16.3392841122
450.0 16.7105766994
460.0 17.0818944835
470.0 17.4532351164
480.0 17.824596479
490.0 18.1959766589
500.0 18.56737393
510.0 18.938786734
520.0 19.3102136639
530.0 19.6816534494
540.0 20.053104943
550.0 20.4245671083
560.0 20.7960390087
570.0 21.1675197975
580.0 21.5390087094
590.0 21.9105050522
600.0 22.2820081993
610.0 22.6535175838
620.0 23.025032692
630.0 23.3965530587
640.0 23.7680782618
650.0 24.1396079186
660.0 24.5111416815
670.0 24.8826792348
680.0 25.2542202916
690.0 25.6257645908
700.0 25.9973118945
710.0 26.3688619862
720.0 26.7404146681
730.0 27.1119697598
740.0 27.4835270965
750.0 27.8550865273
760.0 28.2266479141
770.0 28.5982111303
780.0 28.9697760599
790.0 29.341342596
800.0 29.7129106406
810.0 30.0844801034
820.0 30.4560509012
830.0 30.8276229571
840.0 31.1991962003
850.0 31.5707705652
860.0 31.9423459911
870.0 32.3139224217
880.0 32.6854998048
890.0 33.0570780921
900.0 33.4286572383
910.0 33.8002372017
920.0 34.1718179431
930.0 34.5433994261
940.0 34.9149816167
950.0 35.2865644832
960.0 35.6581479959
970.0 36.029732127
980.0 36.4013168505
990.0 36.7729021421
1000.0 37.1444879787
1010.0 37.5160743391
1020.0 37.8876612031
1030.0 38.2592485517
1040.0 38.6308363672
1050.0 39.0024246328
1060.0 39.3740133329
1070.0 39.7456024526
1080.0 40.1171919781
1090.0 40.4887818963
1100.0 40.8603721948
1110.0 41.2319628621
1120.0 41.6035538873
1130.0 41.9751452601
1140.0 42.346736971
1150.0 42.7183290108
1160.0 43.0899213711
1170.0 43.4615140439
1180.0 43.8331070217
1190.0 44.2047002976
1200.0 44.576293865
1210.0 44.9478877179
1220.0 45.3194818504
1230.0 45.6910762574
1240.0 46.062670934
1250.0 46.4342658756
1260.0 46.805861078
1270.0 47.1774565374
1280.0 47.5490522502
1290.0 47.9206482133
1300.0 48.2922444238
1310.0 48.6638408791
1320.0 49.0354375768
1330.0 49.407034515
1340.0 49.7786316919
1350.0 50.1502291061
1360.0 50.5218267561
1370.0 50.8934246412
1380.0 51.2650227606
1390.0 51.6366211137
1400.0 52.0082197004
1410.0 52.3798185206
1420.0 52.7514175745
1430.0 53.1230168625
1440.0 53.4946163854
1450.0 53.8662161439
1460.0 54.2378161392
1470.0 54.6094163725
1480.0 54.9810168454
1490.0 55.3526175596
1500.0 55.7242185169
1510.0 56.0958197196
1520.0 56.4674211699
1530.0 56.8390228704
1540.0 57.2106248238
1550.0 57.5822270331
1560.0 57.9538295013
1570.0 58.3254322318
1580.0 58.6970352281
1590.0 59.0686384939
1600.0 59.4402420333
1610.0 59.8118458501
1620.0 60.1834499489
1630.0 60.5550543341
1640.0 60.9266590104
1650.0 61.2982639827
1660.0 61.6698692562
1670.0 62.0414748361
1680.0 62.4130807279
1690.0 62.7846869375
1700.0 63.1562934706
1710.0 63.5279003334
1720.0 63.8995075323
1730.0 64.2711150737
1740.0 64.6427229644
1750.0 65.0143312114
1760.0 65.3859398218
1770.0 65.757548803
1780.0 66.1291581625
1790.0 66.5007679083
1800.0 66.8723780482
1810.0 67.2439885905
1820.0 67.6155995437
1830.0 67.9872109165
1840.0 68.3588227178
1850.0 68.7304349567
1860.0 69.1020476426
1870.0 69.473660785
1880.0 69.8452743938
1890.0 70.2168884791
1900.0 70.5885030511
1910.0 70.9601181203
1920.0 71.3317336977
1930.0 71.7033497941
1940.0 72.0749664209
1950.0 72.4465835895
1960.0 72.8182013118
1970.0 73.1898195998
1980.0 73.5614384657
1990.0 73.9330579221
2000.0 74.3046779817
2010.0 74.6762986577
2020.0 75.0479199633
2030.0 75.4195419122
2040.0 75.7911645182
2050.0 76.1627877955
2060.0 76.5344117584
2070.0 76.9060364217
2080.0 77.2776618003
2090.0 77.6492879094
2100.0 78.0209147647
2110.0 78.392542382
2120.0 78.7641707773
2130.0 79.1357999671
2140.0 79.507429968
2150.0 79.8790607971
2160.0 80.2506924718
2170.0 80.6223250095
2180.0 80.9939584282
2190.0 81.3655927461
2200.0 81.7372279817
2210.0 82.108864154
2220.0 82.4805012819
2230.0 82.8521393851
2240.0 83.2237784832
2250.0 83.5954185965
2260.0 83.9670597453
2270.0 84.3387019503
2280.0 84.7103452327
2290.0 85.0819896139
2300.0 85.4536351156
2310.0 85.8252817599
2320.0 86.1969295692
2330.0 86.5685785663
2340.0 86.9402287742
2350.0 87.3118802164
2360.0 87.6835329166
2370.0 88.0551868989
2380.0 88.4268421878
2390.0 88.7984988081
2400.0 89.170156785
2410.0 89.5418161439
2420.0 89.9134769107
2430.0 90.2851391116
2440.0 90.6568027731
2450.0 91.0284679222
2460.0 91.4001345861
2470.0 91.7718027924
2480.0 92.1434725691
2490.0 92.5151439446
2500.0 92.8868169475
2510.0 93.2584916068
2520.0 93.630167952
2530.0 94.0018460129
2540.0 94.3735258194
2550.0 94.7452074022
2560.0 95.1168907921
2570.0 95.4885760203
2580.0 95.8602631182
2590.0 96.2319521179
2600.0 96.6036430517
2610.0 96.975335952
2620.0 97.347030852
2630.0 97.718727785
2640.0 98.0904267846
2650.0 98.462127885
2660.0 98.8338311206
2670.0 99.205536526
2680.0 99.5772441364
2690.0 99.9489539873
2700.0 100.320666114
2710.0 100.692380554
2720.0 101.064097343
2730.0 101.435816517
2740.0 101.807538114
2750.0 102.179262172
2760.0 102.550988728
2770.0 102.92271782
2780.0 103.294449487
2790.0 103.666183769
2800.0 104.037920703
2810.0 104.409660329
2820.0 104.781402688
2830.0 105.153147819
2840.0 105.524895763
2850.0 105.896646561
2860.0 106.268400253
2870.0 106.640156881
2880.0 107.011916486
2890.0 107.383679111
2900.0 107.755444797
2910.0 108.127213587
2920.0 108.498985524
2930.0 108.870760651
2940.0 109.24253901
2950.0 109.614320647
2960.0 109.986105603
2970.0 110.357893924
2980.0 110.729685654
2990.0 111.101480837
3000.0 111.473279518
3010.0 111.845081741
3020.0 112.216887553
3030.0 112.588696998
3040.0 112.960510122
3050.0 113.33232697
3060.0 113.70414759
3070.0 114.075972026
3080.0 114.447800326
3090.0 114.819632535
3100.0 115.1914687
3110.0 115.563308868
3120.0 115.935153087
3130.0 116.307001402
3140.0 116.678853862
3150.0 117.050710513
3160.0 117.422571403
3170.0 117.794436579
3180.0 118.16630609
3190.0 118.538179982
3200.0 118.910058303
3210.0 119.281941101
3220.0 119.653828424
3230.0 120.02572032
3240.0 120.397616836
3250.0 120.769518021
3260.0 121.141423923
3270.0 121.513334588
3280.0 121.885250066
3290.0 122.257170404
3300.0 122.62909565
3310.0 123.001025851
3320.0 123.372961055
3330.0 123.744901311
3340.0 124.116846665
3350.0 124.488797165
3360.0 124.860752858
3370.0 125.232713792
3380.0 125.604680013
3390.0 125.976651568
3400.0 126.348628505
3410.0 126.72061087
3420.0 127.092598709
3430.0 127.464592069
3440.0 127.836590995
3450.0 128.208595533
3460.0 128.58060573
3470.0 128.952621629
3480.0 129.324643277
3490.0 129.696670718
3500.0 130.068703997
3510.0 130.440743157
3520.0 130.812788243
3530.0 131.184839298
3540.0 131.556896366
3550.0 131.928959488
3560.0 132.301028709
3570.0 132.673104069
3580.0 133.045185611
3590.0 133.417273375
3600.0 133.789367404
3610.0 134.161467736
3620.0 134.533574412
3630.0 134.905687472
3640.0 135.277806955
3650.0 135.649932898
3660.0 136.022065341
3670.0 136.39420432
3680.0 136.766349873
3690.0 137.138502036
3700.0 137.510660845
3710.0 137.882826335
3720.0 138.254998541
3730.0 138.627177497
3740.0 138.999363235
3750.0 139.37155579
3760.0 139.743755194
3770.0 140.115961477
3780.0 140.48817467
3790.0 140.860394805
3800.0 141.232621909
3810.0 141.604856013
3820.0 141.977097143
3830.0 142.349345328
3840.0 142.721600593
3850.0 143.093862964
3860.0 143.466132467
3870.0 143.838409126
3880.0 144.210692963
3890.0 144.582984002
3900.0 144.955282264
3910.0 145.327587769
3920.0 145.699900539
3930.0 146.072220592
3940.0 146.444547946
3950.0 146.81688262
3960.0 147.189224628
3970.0 147.561573987
3980.0 147.933930712
3990.0 148.306294816
4000.0 148.678666312
4010.0 149.051045212
4020.0 149.423431526
4030.0 149.795825265
4040.0 150.168226437
4050.0 150.540635051
4060.0 150.913051113
4070.0 151.285474629
4080.0 151.657905605
4090.0 152.030344043
4100.0 152.402789947
4110.0 152.775243318
4120.0 153.147704157
4130.0 153.520172465
4140.0 153.892648238
4150.0 154.265131476
4160.0 154.637622174
4170.0 155.010120328
4180.0 155.382625932
4190.0 155.755138979
4200.0 156.127659461
4210.0 156.50018737
4220.0 156.872722694
4230.0 157.245265423
4240.0 157.617815545
4250.0 157.990373045
4260.0 158.362937909
4270.0 158.735510122
4280.0 159.108089667
4290.0 159.480676524
4300.0 159.853270676
4310.0 160.225872102
4320.0 160.59848078
4330.0 160.971096687
4340.0 161.343719801
4350.0 161.716350096
4360.0 162.088987545
4370.0 162.461632122
4380.0 162.834283799
4390.0 163.206942545
4400.0 163.579608331
4410.0 163.952281124
4420.0 164.324960892
4430.0 164.6976476
4440.0 165.070341213
4450.0 165.443041695
4460.0 165.815749008
4470.0 166.188463114
4480.0 166.561183974
4490.0 166.933911545
4500.0 167.306645787
4510.0 167.679386656
4520.0 168.052134108
4530.0 168.424888098
4540.0 168.79764858
4550.0 169.170415506
4560.0 169.543188827
4570.0 169.915968495
4580.0 170.288754458
4590.0 170.661546665
4600.0 171.034345063
4610.0 171.407149598
4620.0 171.779960216
4630.0 172.152776862
4640.0 172.525599477
4650.0 172.898428004
4660.0 173.271262385
4670.0 173.64410256
4680.0 174.016948468
4690.0 174.389800047
4700.0 174.762657236
4710.0 175.13551997
4720.0 175.508388185
4730.0 175.881261815
4740.0 176.254140795
4750.0 176.627025058
4760.0 176.999914535
4770.0 177.372809158
4780.0 177.745708857
4790.0 178.118613562
4800.0 178.491523202
4810.0 178.864437704
4820.0 179.237356997
4830.0 179.610281006
4840.0 179.983209657
4850.0 180.356142876
4860.0 180.729080586
4870.0 181.102022712
4880.0 181.474969177
4890.0 181.847919893
4900.0 182.220874798
4910.0 182.593833803
4920.0 182.96679683
4930.0 183.339763798
4940.0 183.712734626
4950.0 184.085709234
4960.0 184.45868754
4970.0 184.831669461
4980.0 185.204654914
4990.0 185.577643816
5000.0 185.950636084
5010.0 186.323631633
5020.0 186.696630379
5030.0 187.069632236
5040.0 187.442637119
5050.0 187.815644942
5060.0 188.188655619
5070.0 188.561669063
5080.0 188.934685188
5090.0 189.307703907
5100.0 189.680725131
5110.0 190.053748775
5120.0 190.426774749
5130.0 190.799802966
5140.0 191.172833338
5150.0 191.545865775
5160.0 191.918900191
5170.0 192.291936495
5180.0 192.6649746
5190.0 193.038014417
5200.0 193.411055857
5210.0 193.78409883
5220.0 194.157143248
5230.0 194.530189023
5240.0 194.903236065
5250.0 195.276284285
5260.0 195.649333595
5270.0 196.022383906
5280.0 196.395435129
5290.0 196.768487177
5300.0 197.14153996
5310.0 197.514593391
5320.0 197.887647382
5330.0 198.260701845
5340.0 198.633756693
5350.0 199.006811838
5360.0 199.379867193
5370.0 199.752922672
5380.0 200.125978189
5390.0 200.499033657
5400.0 200.87208899
5410.0 201.245144104
5420.0 201.618198913
5430.0 201.991253333
5440.0 202.36430728
5450.0 202.737360669
5460.0 203.110413418
5470.0 203.483465444
5480.0 203.856516665
5490.0 204.229566998
5500.0 204.602616363
5510.0 204.975664679
5520.0 205.348711865
5530.0 205.721757843
5540.0 206.094802532
5550.0 206.467845856
5560.0 206.840887735
5570.0 207.213928092
5580.0 207.586966852
5590.0 207.960003938
5600.0 208.333039276
5610.0 208.70607279
5620.0 209.079104407
5630.0 209.452134054
5640.0 209.825161658
5650.0 210.198187149
5660.0 210.571210454
5670.0 210.944231505
5680.0 211.317250232
5690.0 211.690266567
5700.0 212.063280441
5710.0 212.436291789
5720.0 212.809300543
5730.0 213.18230664
5740.0 213.555310014
5750.0 213.928310603
5760.0 214.301308343
5770.0 214.674303173
5780.0 215.047295032
5790.0 215.42028386
5800.0 215.793269599
5810.0 216.16625219
5820.0 216.539231576