0.0 0.0
120.0 4.51617021645
120.625 4.5386608707
121.25 4.56116027798
122.5 4.60618466235
123.75 4.65124203558
125.0 4.69633113211
126.25 4.74145075062
127.5 4.78659975019
128.75 4.83177704665
130.0 4.87698160927
131.25 4.92221245762
132.5 4.96746865864
133.75 5.01274932391
135.0 5.05805360711
136.25 5.10338070164
137.5 5.14872983837
138.75 5.19410028357
140.0 5.23949133697
141.25 5.28490232988
142.5 5.33033262352
143.75 5.37578160738
145.0 5.42124869773
146.25 5.46673333618
147.5 5.51223498835
148.75 5.55775314262
150.0 5.60328730895
151.25 5.64883701776
152.5 5.69440181892
153.75 5.7399812807
155.0 5.78557498891
156.25 5.83118254599
157.5 5.8768035702
158.75 5.92243769482
160.0 5.96808456746
161.25 6.0137438493
162.5 6.05941521452
165.0 6.15079295281
167.5 6.24221541202
170.0 6.3336803929
172.5 6.4251858518
175.0 6.51672988683
177.5 6.6083107254
180.0 6.69992671303
182.5 6.79157630332
185.0 6.8832580488
187.5 6.97497059276
190.0 7.06671266182
192.5 7.15848305925
195.0 7.25028065883
197.5 7.34210439939
200.0 7.43395327974
202.5 7.52582635418
205.0 7.61772272827
207.5 7.70964155515
210.0 7.80158203198
212.5 7.89354339688
215.0 7.98552492603
217.5 8.07752593101
220.0 8.1695457564
222.5 8.26158377761
225.0 8.35363939877
230.0 8.53780119041
235.0 8.72202687273
240.0 8.90631254261
245.0 9.09065461099
250.0 9.27504976757
255.0 9.45949495058
260.0 9.64398732069
265.0 9.8285242386
270.0 10.0131032455
275.0 10.1977220462
280.0 10.3823784942
285.0 10.5670705789
290.0 10.7517964139
295.0 10.936554227
300.0 11.1213423514
305.0 11.3061592174
310.0 11.4910033455
315.0 11.6758733397
320.0 11.860767882
330.0 12.230625697
340.0 12.6005676157
350.0 12.9705854186
360.0 13.3406717298
370.0 13.7108199207
380.0 14.0810240287
390.0 14.4512786853
400.0 14.8215790545
410.0 15.1919207775
420.0 15.5622999245
430.0 15.9327129514
440.0 16.3031566612
450.0 16.67362817
460.0 17.0441248757
470.0 17.4146444301
480.0 17.7851847143
490.0 18.1557438158
500.0 18.5263200085
510.0 18.896911734
520.0 19.2675175855
530.0 19.6381362925
540.0 20.0087667078
550.0 20.3794077946
560.0 20.7500586165
570.0 21.1207183269
580.0 21.4913861604
590.0 21.8620614247
600.0 22.2327434934
610.0 22.6034317995
620.0 22.9741258293
630.0 23.3448251175
640.0 23.7155292422
650.0 24.0862378205
660.0 24.456950505
670.0 24.8276669799
680.0 25.1983869583
690.0 25.569110179
700.0 25.9398364043
710.0 26.3105654175
720.0 26.681297021
730.0 27.0520310343
740.0 27.4227672925
750.0 27.7935056449
760.0 28.1642459533
770.0 28.5349880911
780.0 28.9057319422
790.0 29.2764773999
800.0 29.6472243661
810.0 30.0179727505
820.0 30.3887224698
830.0 30.7594734473
840.0 31.1302256121
850.0 31.5009788986
860.0 31.871733246
870.0 32.2424885982
880.0 32.6132449029
890.0 32.9840021117
900.0 33.3547601795
910.0 33.7255190644
920.0 34.0962787274
930.0 34.4670391319
940.0 34.8378002442
950.0 35.2085620322
960.0 35.5793244665
970.0 35.9500875192
980.0 36.3208511643
990.0 36.6916153774
1000.0 37.0623801356
1010.0 37.4331454176
1020.0 37.8039112031
1030.0 38.1746774733
1040.0 38.5454442103
1050.0 38.9162113975
1060.0 39.2869790192
1070.0 39.6577470605
1080.0 40.0285155075
1090.0 40.3992843473
1100.0 40.7700535674
1110.0 41.1408231562
1120.0 41.511593103
1130.0 41.8823633974
1140.0 42.2531340298
1150.0 42.6239049912
1160.0 42.994676273
1170.0 43.3654478674
1180.0 43.7362197668
1190.0 44.1069919643
1200.0 44.4777644532
1210.0 44.8485372277
1220.0 45.2193102818
1230.0 45.5900836104
1240.0 45.9608572085
1250.0 46.3316310717
1260.0 46.7024051956
1270.0 47.0731795766
1280.0 47.443954211
1290.0 47.8147290957
1300.0 48.1855042277
1310.0 48.5562796046
1320.0 48.9270552239
1330.0 49.2978310837
1340.0 49.6686071821
1350.0 50.0393835178
1360.0 50.4101600895
1370.0 50.7809368961
1380.0 51.1517139371
1390.0 51.5224912118
1400.0 51.89326872
1410.0 52.2640464618
1420.0 52.6348244372
1430.0 53.0056026469
1440.0 53.3763810913
1450.0 53.7471597714
1460.0 54.1179386882
1470.0 54.4887178431
1480.0 54.8594972376
1490.0 55.2302768733
1500.0 55.6010567522
1510.0 55.9718368764
1520.0 56.3426172483
1530.0 56.7133978704
1540.0 57.0841787454
1550.0 57.4549598762
1560.0 57.825741266
1570.0 58.196522918
1580.0 58.5673048359
1590.0 58.9380870234
1600.0 59.3088694842
1610.0 59.6796522227
1620.0 60.050435243
1630.0 60.4212185498
1640.0 60.7920021477
1650.0 61.1627860415
1660.0 61.5335702366
1670.0 61.904354738
1680.0 62.2751395515
1690.0 62.6459246826
1700.0 63.0167101373
1710.0 63.3874959217
1720.0 63.7582820421
1730.0 64.1290685051
1740.0 64.4998553174
1750.0 64.8706424859
1760.0 65.2414300179
1770.0 65.6122179206
1780.0 65.9830062017
1790.0 66.353794869
1800.0 66.7245839305
1810.0 67.0953733944
1820.0 67.4661632692
1830.0 67.8369535636
1840.0 68.2077442865
1850.0 68.5785354469
1860.0 68.9493270543
1870.0 69.3201191183
1880.0 69.6909116487
1890.0 70.0617046555
1900.0 70.4324981491
1910.0 70.8032921399
1920.0 71.1740866389
1930.0 71.5448816569
1940.0 71.9156772052
1950.0 72.2864732954
1960.0 72.6572699393
1970.0 73.0280671488
1980.0 73.3988649363
1990.0 73.7696633142
2000.0 74.1404622954
2010.0 74.511261893
2020.0 74.8820621202
2030.0 75.2528629906
2040.0 75.6236645182
2050.0 75.994466717
2060.0 76.3652696015
2070.0 76.7360731864
2080.0 77.1068774865
2090.0 77.4776825173
2100.0 77.8484882941
2110.0 78.219294833
2120.0 78.5901021498
2130.0 78.9609102612
2140.0 79.3317191837
2150.0 79.7025289344
2160.0 80.0733395306
2170.0 80.4441509899
2180.0 80.8149633301
2190.0 81.1857765696
2200.0 81.5565907268
2210.0 81.9274058206
2220.0 82.2982218702
2230.0 82.6690388949
2240.0 83.0398569146
2250.0 83.4106759494
2260.0 83.7814960198
2270.0 84.1523171464
2280.0 84.5231393504
2290.0 84.8939626531
2300.0 85.2647870764
2310.0 85.6356126423
2320.0 86.0064393732
2330.0 86.3772672918
2340.0 86.7480964213
2350.0 87.118926785
2360.0 87.4897584067
2370.0 87.8605913106
2380.0 88.2314255211
2390.0 88.602261063
2400.0 88.9730979615
2410.0 89.3439362419
2420.0 89.7147759303
2430.0 90.0856170528
2440.0 90.4564596359
2450.0 90.8273037065
2460.0 91.198149292
2470.0 91.5689964199
2480.0 91.9398451182
2490.0 92.3106954152
2500.0 92.6815473396
2510.0 93.0524009205
2520.0 93.4232561873
2530.0 93.7941131697
2540.0 94.1649718979
2550.0 94.5358324022
2560.0 94.9066947137
2570.0 95.2775588634
2580.0 95.6484248829
2590.0 96.0192928042
2600.0 96.3901626595
2610.0 96.7610344814
2620.0 97.131908303
2630.0 97.5027841575
2640.0 97.8736620788
2650.0 98.2445421007
2660.0 98.6154242578
2670.0 98.9863085848
2680.0 99.3571951168
2690.0 99.7280838893
2700.0 100.098974938
2710.0 100.469868299
2720.0 100.840764009
2730.0 101.211662105
2740.0 101.582562624
2750.0 101.953465603
2760.0 102.324371081
2770.0 102.695279094
2780.0 103.066189683
2790.0 103.437102886
2800.0 103.808018742
2810.0 104.17893729
2820.0 104.549858571
2830.0 104.920782623
2840.0 105.291709489
2850.0 105.662639208
2860.0 106.033571822
2870.0 106.404507371
2880.0 106.775445898
2890.0 107.146387444
2900.0 107.517332052
2910.0 107.888279764
2920.0 108.259230622
2930.0 108.63018467
2940.0 109.001141952
2950.0 109.37210251
2960.0 109.743066388
2970.0 110.11403363
2980.0 110.485004282
2990.0 110.855978386
3000.0 111.226955988
3010.0 111.597937133
3020.0 111.968921867
3030.0 112.339910233
3040.0 112.710902279
3050.0 113.081898049
3060.0 113.45289759
3070.0 113.823900948
3080.0 114.194908169
3090.0 114.565919299
3100.0 114.936934386
3110.0 115.307953476
3120.0 115.678976616
3130.0 116.050003853
3140.0 116.421035234
3150.0 116.792070807
3160.0 117.163110619
3170.0 117.534154717
3180.0 117.905203148
3190.0 118.276255962
3200.0 118.647313205
3210.0 119.018374924
3220.0 119.389441169
3230.0 119.760511987
3240.0 120.131587425
3250.0 120.502667531
3260.0 120.873752354
3270.0 121.244841941
3280.0 121.615936341
3290.0 121.9870356
3300.0 122.358139767
3310.0 122.72924889
3320.0 123.100363016
3330.0 123.471482193
3340.0 123.842606469
3350.0 124.21373589
3360.0 124.584870505
3370.0 124.95601036
3380.0 125.327155503
3390.0 125.69830598
3400.0 126.069461839
3410.0 126.440623125
3420.0 126.811789886
3430.0 127.182962167
3440.0 127.554140014
3450.0 127.925323474
3460.0 128.296512592
3470.0 128.667707414
3480.0 129.038907983
3490.0 129.410114346
3500.0 129.781326546
3510.0 130.152544628
3520.0 130.523768635
3530.0 130.894998612
3540.0 131.266234601
3550.0 131.637476645
3560.0 132.008724787
3570.0 132.379979069
3580.0 132.751239532
3590.0 133.122506218
3600.0 133.493779168
3610.0 133.865058422
3620.0 134.23634402
3630.0 134.607636002
3640.0 134.978934406
3650.0 135.350239271
3660.0 135.721550635
3670.0 136.092868536
3680.0 136.464193011
3690.0 136.835524095
3700.0 137.206861826
3710.0 137.578206237
3720.0 137.949557364
3730.0 138.320915242
3740.0 138.692279902
3750.0 139.063651379
3760.0 139.435029703
3770.0 139.806414908
3780.0 140.177807023
3790.0 140.549206079
3800.0 140.920612105
3810.0 141.29202513
3820.0 141.663445182
3830.0 142.034872288
3840.0 142.406306475
3850.0 142.777747768
3860.0 143.149196193
3870.0 143.520651773
3880.0 143.892114532
3890.0 144.263584492
3900.0 144.635061675
3910.0 145.006546103
3920.0 145.378037794
3930.0 145.749536769
3940.0 146.121043044
3950.0 146.492556639
3960.0 146.864077569
3970.0 147.23560585
3980.0 147.607141496
3990.0 147.978684522
4000.0 148.350234939
4010.0 148.721792761
4020.0 149.093357997
4030.0 149.464930657
4040.0 149.836510751
4050.0 150.208098286
4060.0 150.57969327
4070.0 150.951295708
4080.0 151.322905605
4090.0 151.694522964
4100.0 152.06614779
4110.0 152.437780083
4120.0 152.809419844
4130.0 153.181067073
4140.0 153.552721768
4150.0 153.924383927
4160.0 154.296053547
4170.0 154.667730622
4180.0 155.039415148
4190.0 155.411107116
4200.0 155.78280652
4210.0 156.15451335
4220.0 156.526227596
4230.0 156.897949247
4240.0 157.26967829
4250.0 157.641414712
4260.0 158.013158498
4270.0 158.384909632
4280.0 158.756668098
4290.0 159.128433877
4300.0 159.50020695
4310.0 159.871987298
4320.0 160.243774897
4330.0 160.615569726
4340.0 160.987371762
4350.0 161.359180978
4360.0 161.730997349
4370.0 162.102820848
4380.0 162.474651446
4390.0 162.846489114
4400.0 163.218333821
4410.0 163.590185536
4420.0 163.962044225
4430.0 164.333909855
4440.0 164.705782389
4450.0 165.077661793
4460.0 165.449548028
4470.0 165.821441055
4480.0 166.193340836
4490.0 166.565247329
4500.0 166.937160493
4510.0 167.309080283
4520.0 167.681006657
4530.0 168.052939569
4540.0 168.424878972
4550.0 168.796824819
4560.0 169.168777062
4570.0 169.540735652
4580.0 169.912700536
4590.0 170.284671665
4600.0 170.656648984
4610.0 171.028632441
4620.0 171.400621981
4630.0 171.772617548
4640.0 172.144619084
4650.0 172.516626533
4660.0 172.888639836
4670.0 173.260658932
4680.0 173.632683762
4690.0 174.004714263
4700.0 174.376750373
4710.0 174.748792028
4720.0 175.120839165
4730.0 175.492891717
4740.0 175.864949619
4750.0 176.237012803
4760.0 176.609081202
4770.0 176.981154746
4780.0 177.353233367
4790.0 177.725316994
4800.0 178.097405555
4810.0 178.469498979
4820.0 178.841597193
4830.0 179.213700123
4840.0 179.585807696
4850.0 179.957919836
4860.0 180.330036469
4870.0 180.702157516
4880.0 181.074282903
4890.0 181.44641254
4900.0 181.818546366
4910.0 182.190684293
4920.0 182.562826241
4930.0 182.934972131
4940.0 183.307121881
4950.0 183.679275411
4960.0 184.051432638
4970.0 184.42359348
4980.0 184.795757855
4990.0 185.167925679
5000.0 185.540096869
5010.0 185.912271339
5020.0 186.284449006
5030.0 186.656629785
5040.0 187.028813589
5050.0 187.401000334
5060.0 187.773189932
5070.0 188.145382298
5080.0 188.517577345
5090.0 188.889774985
5100.0 189.261975131
5110.0 189.634177696
5120.0 190.006382592
5130.0 190.378589731
5140.0 190.750799024
5150.0 191.123010383
5160.0 191.49522372
5170.0 191.867438946
5180.0 192.239655973
5190.0 192.611874711
5200.0 192.984095072
5210.0 193.356316967
5220.0 193.728540307
5230.0 194.100765003
5240.0 194.472990966
5250.0 194.845218108
5260.0 195.21744634
5270.0 195.589675572
5280.0 195.961905717
5290.0 196.334136686
5300.0 196.706368391
5310.0 197.078600744
5320.0 197.450833657
5330.0 197.823067041
5340.0 198.19530081
5350.0 198.567534877
5360.0 198.939769154
5370.0 199.312003555
5380.0 199.684237993
5390.0 200.056472382
5400.0 200.428706637
5410.0 200.800940673
5420.0 201.173174403
5430.0 201.545407745
5440.0 201.917640613
5450.0 202.289872924
5460.0 202.662104595
5470.0 203.034335542
5480.0 203.406565684
5490.0 203.778794939
5500.0 204.151023226
5510.0 204.523250463
5520.0 204.895476571
5530.0 205.26770147
5540.0 205.639925081
5550.0 206.012147326
5560.0 206.384368127
5570.0 206.756587406
5580.0 207.128805087
5590.0 207.501021095
5600.0 207.873235354
5610.0 208.24544779
5620.0 208.617658328
5630.0 208.989866897
5640.0 209.362073423
5650.0 209.734277835
5660.0 210.106480062
5670.0 210.478680035
5680.0 210.850877683
5690.0 211.223072939
5700.0 211.595265735
5710.0 211.967456005
5720.0 212.339643681
5730.0 212.711828699
5740.0 213.084010995
5750.0 213.456190505
5760.0 213.828367166
5770.0 214.200540918
5780.0 214.572711699
5790.0 214.944879449
5800.0 215.317044109
5810.0 215.689205622
5820.0 216.061363929