0.0 0.0
120.0 4.50415214276
120.625 4.52664014229
121.25 4.54913689479
122.5 4.59415596937
123.75 4.63920803253
125.0 4.68429181872
126.25 4.72940612662
127.5 4.77454981528
128.75 4.81972180057
130.0 4.86492105174
131.25 4.91014658836
132.5 4.95539747737
133.75 5.00067283035
135.0 5.04597180099
136.25 5.09129358267
137.5 5.13663740628
138.75 5.18200253808
140.0 5.2273882778
141.25 5.27279395676
142.5 5.31821893616
143.75 5.36366260552
145.0 5.40912438108
146.25 5.45460370446
147.5 5.50010004128
148.75 5.54561287993
150.0 5.59114173036
151.25 5.63668612299
152.5 5.68224560769
153.75 5.72781975273
155.0 5.77340814393
156.25 5.81901038371
157.5 5.86462609035
158.75 5.91025489712
160.0 5.95589645163
161.25 6.00155041507
162.5 6.0472164616
165.0 6.13858356168
167.5 6.22999538156
170.0 6.32144972201
172.5 6.41294453936
175.0 6.50447793173
177.5 6.59604812651
180.0 6.68765346925
182.5 6.77929241353
185.0 6.87096351188
187.5 6.96266540759
190.0 7.0543968273
192.5 7.14615657425
195.0 7.23794352224
197.5 7.32975661009
200.0 7.42159483662
202.5 7.51345725611
205.0 7.60534297415
207.5 7.69725114384
210.0 7.78918096238
212.5 7.88113166787
215.0 7.97310253649
217.5 8.06509287982
220.0 8.15710204244
222.5 8.24912939976
225.0 8.34117435591
230.0 8.52531481418
235.0 8.70951915866
240.0 8.89378348621
245.0 9.07810420777
250.0 9.26247801307
255.0 9.4469018403
260.0 9.63137285014
265.0 9.8158884033
270.0 10.000446041
275.0 10.1850434679
280.0 10.3696785377
285.0 10.5543492397
290.0 10.7390536874
295.0 10.9237901088
300.0 11.108556837
305.0 11.2933523023
310.0 11.4781750252
315.0 11.6630236096
320.0 11.8478967377
330.0 12.2177117107
340.0 12.5876107693
350.0 12.9575856942
360.0 13.3276291092
370.0 13.6977343858
380.0 14.0678955614
390.0 14.4381072676
400.0 14.8083646682
410.0 15.1786634044
420.0 15.5489995465
430.0 15.9193695502
440.0 16.2897702188
450.0 16.6601986682
460.0 17.0306522961
470.0 17.4011287546
480.0 17.7716259247
490.0 18.1421418938
500.0 18.5126749358
510.0 18.8832234924
520.0 19.2537861566
530.0 19.6243616581
540.0 19.9949488495
550.0 20.3655466941
560.0 20.7361542554
570.0 21.1067706869
580.0 21.4773952231
590.0 21.8480271717
600.0 22.2186659063
610.0 22.5893108598
620.0 22.9599615186
630.0 23.3306174174
640.0 23.7012781342
650.0 24.0719432861
660.0 24.4426125257
670.0 24.8132855372
680.0 25.1839620337
690.0 25.554641754
700.0 25.9253244602
710.0 26.2960099359
720.0 26.6666979831
730.0 27.0373884217
740.0 27.4080810865
750.0 27.7787758269
760.0 28.1494725046
770.0 28.5201709931
780.0 28.8908711762
790.0 29.2615729473
800.0 29.6322762081
810.0 30.0029808684
820.0 30.3736868449
830.0 30.7443940608
840.0 31.1151024452
850.0 31.4858119325
860.0 31.8565224621
870.0 32.2272339775
880.0 32.5979464266
890.0 32.968659761
900.0 33.3393739356
910.0 33.7100889084
920.0 34.0808046403
930.0 34.451521095
940.0 34.8222382384
950.0 35.1929560387
960.0 35.5636744662
970.0 35.9343934932
980.0 36.3051130936
990.0 36.6758332431
1000.0 37.0465539187
1010.0 37.4172750989
1020.0 37.7879967637
1030.0 38.158718894
1040.0 38.5294414722
1050.0 38.9001644814
1060.0 39.270887906
1070.0 39.6416117311
1080.0 40.0123359428
1090.0 40.3830605281
1100.0 40.7537854745
1110.0 41.1245107705
1120.0 41.4952364052
1130.0 41.8659623683
1140.0 42.2366886501
1150.0 42.6074152417
1160.0 42.9781421345
1170.0 43.3488693206
1180.0 43.7195967923
1190.0 44.0903245428
1200.0 44.4610525655
1210.0 44.8317808543
1220.0 45.2025094034
1230.0 45.5732382076
1240.0 45.9439672619
1250.0 46.3146965618
1260.0 46.6854261031
1270.0 47.0561558819
1280.0 47.4268858947
1290.0 47.7976161383
1300.0 48.1683466098
1310.0 48.5390773065
1320.0 48.9098082261
1330.0 49.2805393667
1340.0 49.6512707264
1350.0 50.0220023037
1360.0 50.3927340973
1370.0 50.7634661064
1380.0 51.13419833
1390.0 51.5049307678
1400.0 51.8756634195
1410.0 52.2463962849
1420.0 52.6171293644
1430.0 52.9878626583
1440.0 53.3585961672
1450.0 53.729329892
1460.0 54.1000638338
1470.0 54.4707979939
1480.0 54.8415323736
1490.0 55.2122669749
1500.0 55.5830017994
1510.0 55.9537368494
1520.0 56.3244721272
1530.0 56.6952076352
1540.0 57.0659433763
1550.0 57.4366793532
1560.0 57.8074155691
1570.0 58.1781520273
1580.0 58.5488887313
1590.0 58.9196256848
1600.0 59.2903628918
1610.0 59.6611003562
1620.0 60.0318380825
1630.0 60.4025760751
1640.0 60.7733143387
1650.0 61.1440528782
1660.0 61.5147916987
1670.0 61.8855308054
1680.0 62.256270204
1690.0 62.6270098999
1700.0 62.9977498993
1710.0 63.3684902081
1720.0 63.7392308327
1730.0 64.1099717795
1740.0 64.4807130554
1750.0 64.8514546671
1760.0 65.222196622
1770.0 65.5929389273
1780.0 65.9636815905
1790.0 66.3344246196
1800.0 66.7051680224
1810.0 67.0759118072
1820.0 67.4466559824
1830.0 67.8174005568
1840.0 68.1881455391
1850.0 68.5588909384
1860.0 68.9296367643
1870.0 69.3003830261
1880.0 69.6711297337
1890.0 70.0418768972
1900.0 70.4126245268
1910.0 70.7833726331
1920.0 71.1541212267
1930.0 71.5248703188
1940.0 71.8956199205
1950.0 72.2663700433
1960.0 72.6371206991
1970.0 73.0078718998
1980.0 73.3786236576
1990.0 73.7493759851
2000.0 74.120128895
2010.0 74.4908824004
2020.0 74.8616365147
2030.0 75.2323912513
2040.0 75.603146624
2050.0 75.9739026472
2060.0 76.344659335
2070.0 76.7154167022
2080.0 77.0861747638
2090.0 77.4569335349
2100.0 77.8276930311
2110.0 78.1984532682
2120.0 78.5692142623
2130.0 78.9399760297
2140.0 79.3107385872
2150.0 79.6815019518
2160.0 80.0522661406
2170.0 80.4230311714
2180.0 80.7937970619
2190.0 81.1645638305
2200.0 81.5353314955
2210.0 81.9061000758
2220.0 82.2768695906
2230.0 82.6476400592
2240.0 83.0184115015
2250.0 83.3891839375
2260.0 83.7599573877
2270.0 84.1307318727
2280.0 84.5015074137
2290.0 84.872284032
2300.0 85.2430617493
2310.0 85.6138405877
2320.0 85.9846205696
2330.0 86.3554017177
2340.0 86.7261840551
2350.0 87.0969676052
2360.0 87.4677523916
2370.0 87.8385384386
2380.0 88.2093257705
2390.0 88.5801144121
2400.0 88.9509043885
2410.0 89.3216957253
2420.0 89.6924884482
2430.0 90.0632825834
2440.0 90.4340781574
2450.0 90.8048751972
2460.0 91.1756737299
2470.0 91.5464737832
2480.0 91.917275385
2490.0 92.2880785636
2500.0 92.6588833477
2510.0 93.0296897662
2520.0 93.4004978487
2530.0 93.7713076247
2540.0 94.1421191244
2550.0 94.5129323783
2560.0 94.8837474172
2570.0 95.2545642722
2580.0 95.6253829749
2590.0 95.9962035571
2600.0 96.3670260512
2610.0 96.7378504897
2620.0 97.1086769056
2630.0 97.4795053322
2640.0 97.8503358032
2650.0 98.2211683526
2660.0 98.5920030148
2670.0 98.9628398245
2680.0 99.3336788168
2690.0 99.7045200271
2700.0 100.075363491
2710.0 100.446209245
2720.0 100.817057326
2730.0 101.18790777
2740.0 101.558760614
2750.0 101.929615896
2760.0 102.300473654
2770.0 102.671333925
2780.0 103.042196749
2790.0 103.413062164
2800.0 103.783930209
2810.0 104.154800924
2820.0 104.525674348
2830.0 104.896550522
2840.0 105.267429486
2850.0 105.638311281
2860.0 106.009195947
2870.0 106.380083526
2880.0 106.75097406
2890.0 107.12186759
2900.0 107.492764158
2910.0 107.863663808
2920.0 108.234566581
2930.0 108.605472521
2940.0 108.976381671
2950.0 109.347294074
2960.0 109.718209775
2970.0 110.089128816
2980.0 110.460051244
2990.0 110.830977101
3000.0 111.201906432
3010.0 111.572839283
3020.0 111.943775699
3030.0 112.314715725
3040.0 112.685659407
3050.0 113.056606789
3060.0 113.427557919
3070.0 113.798512843
3080.0 114.169471606
3090.0 114.540434255
3100.0 114.911400837
3110.0 115.282371398
3120.0 115.653345986
3130.0 116.024324647
3140.0 116.395307429
3150.0 116.766294378
3160.0 117.137285543
3170.0 117.50828097
3180.0 117.879280707
3190.0 118.250284802
3200.0 118.621293302
3210.0 118.992306255
3220.0 119.36332371
3230.0 119.734345713
3240.0 120.105372313
3250.0 120.476403557
3260.0 120.847439493
3270.0 121.21848017
3280.0 121.589525635
3290.0 121.960575936
3300.0 122.33163112
3310.0 122.702691236
3320.0 123.07375633
3330.0 123.444826452
3340.0 123.815901647
3350.0 124.186981964
3360.0 124.55806745
3370.0 124.929158152
3380.0 125.300254117
3390.0 125.671355392
3400.0 126.042462024
3410.0 126.413574059
3420.0 126.784691543
3430.0 127.155814524
3440.0 127.526943046
3450.0 127.898077156
3460.0 128.2692169
3470.0 128.640362321
3480.0 129.011513467
3490.0 129.38267038
3500.0 129.753833106
3510.0 130.125001689
3520.0 130.496176173
3530.0 130.867356601
3540.0 131.238543016
3550.0 131.609735461
3560.0 131.980933979
3570.0 132.352138612
3580.0 132.723349401
3590.0 133.094566388
3600.0 133.465789613
3610.0 133.837019117
3620.0 134.208254939
3630.0 134.57949712
3640.0 134.950745698
3650.0 135.322000712
3660.0 135.693262199
3670.0 136.064530198
3680.0 136.435804744
3690.0 136.807085875
3700.0 137.178373626
3710.0 137.549668033
3720.0 137.92096913
3730.0 138.29227695
3740.0 138.663591529
3750.0 139.034912898
3760.0 139.406241089
3770.0 139.777576134
3780.0 140.148918063
3790.0 140.520266908
3800.0 140.891622696
3810.0 141.262985458
3820.0 141.63435522
3830.0 142.00573201
3840.0 142.377115855
3850.0 142.74850678
3860.0 143.11990481
3870.0 143.491309969
3880.0 143.86272228
3890.0 144.234141767
3900.0 144.605568451
3910.0 144.977002352
3920.0 145.34844349
3930.0 145.719891885
3940.0 146.091347555
3950.0 146.462810517
3960.0 146.834280787
3970.0 147.205758382
3980.0 147.577243315
3990.0 147.948735601
4000.0 148.320235252
4010.0 148.691742279
4020.0 149.063256695
4030.0 149.434778508
4040.0 149.806307727
4050.0 150.177844361
4060.0 150.549388416
4070.0 150.920939897
4080.0 151.292498811
4090.0 151.66406516
4100.0 152.035638948
4110.0 152.407220176
4120.0 152.778808844
4130.0 153.150404953
4140.0 153.522008501
4150.0 153.893619485
4160.0 154.265237902
4170.0 154.636863747
4180.0 155.008497014
4190.0 155.380137697
4200.0 155.751785787
4210.0 156.123441275
4220.0 156.495104152
4230.0 156.866774405
4240.0 157.238452023
4250.0 157.610136991
4260.0 157.981829296
4270.0 158.35352892
4280.0 158.725235848
4290.0 159.096950061
4300.0 159.46867154
4310.0 159.840400265
4320.0 160.212136213
4330.0 160.583879362
4340.0 160.955629689
4350.0 161.327387169
4360.0 161.699151774
4370.0 162.070923479
4380.0 162.442702254
4390.0 162.81448807
4400.0 163.186280897
4410.0 163.558080702
4420.0 163.929887453
4430.0 164.301701115
4440.0 164.673521653
4450.0 165.045349031
4460.0 165.417183211
4470.0 165.789024155
4480.0 166.160871822
4490.0 166.532726173
4500.0 166.904587164
4510.0 167.276454753
4520.0 167.648328895
4530.0 168.020209546
4540.0 168.392096659
4550.0 168.763990186
4560.0 169.135890079
4570.0 169.507796289
4580.0 169.879708764
4590.0 170.251627453
4600.0 170.623552303
4610.0 170.99548326
4620.0 171.36742027
4630.0 171.739363276
4640.0 172.111312222
4650.0 172.483267051
4660.0 172.855227702
4670.0 173.227194117
4680.0 173.599166234
4690.0 173.971143993
4700.0 174.343127329
4710.0 174.715116181
4720.0 175.087110482
4730.0 175.459110168
4740.0 175.831115173
4750.0 176.20312543
4760.0 176.57514087
4770.0 176.947161424
4780.0 177.319187024
4790.0 177.691217598
4800.0 178.063253076
4810.0 178.435293384
4820.0 178.807338452
4830.0 179.179388204
4840.0 179.551442567
4850.0 179.923501465
4860.0 180.295564824
4870.0 180.667632566
4880.0 181.039704616
4890.0 181.411780884
4900.0 181.783861308
4910.0 182.155945802
4920.0 182.528034284
4930.0 182.900126676
4940.0 183.272222895
4950.0 183.644322862
4960.0 184.016426494
4970.0 184.388533708
4980.0 184.760644422
4990.0 185.132758553
5000.0 185.504876016
5010.0 185.876996727
5020.0 186.249120601
5030.0 186.621247554
5040.0 186.9933775
5050.0 187.365510352
5060.0 187.737646025
5070.0 188.109784432
5080.0 188.481925486
5090.0 188.8540691
5100.0 189.226215187
5110.0 189.598363658
5120.0 189.970514426
5130.0 190.342667403
5140.0 190.714822501
5150.0 191.08697963
5160.0 191.459138703
5170.0 191.831299631
5180.0 192.203462324
5190.0 192.575626695
5200.0 192.947792654
5210.0 193.319960112
5220.0 193.69212898
5230.0 194.06429917
5240.0 194.436470591
5250.0 194.808643156
5260.0 195.180816776
5270.0 195.552991361
5280.0 195.925166823
5290.0 196.297343074
5300.0 196.669520025
5310.0 197.041697588
5320.0 197.413875675
5330.0 197.786054198
5340.0 198.158233069
5350.0 198.530412202
5360.0 198.902591509
5370.0 199.274770903
5380.0 199.646950298
5390.0 200.019129608
5400.0 200.391308747
5410.0 200.763487629
5420.0 201.135666169
5430.0 201.507844284
5440.0 201.880021887
5450.0 202.252198897
5460.0 202.624375228
5470.0 202.996550799
5480.0 203.368725527
5490.0 203.74089933
5500.0 204.113072126
5510.0 204.485243835
5520.0 204.857414377
5530.0 205.229583671
5540.0 205.601751639
5550.0 205.973918202
5560.0 206.346083282
5570.0 206.718246802
5580.0 207.090408685
5590.0 207.462568855
5600.0 207.834727238
5610.0 208.206883757
5620.0 208.57903834
5630.0 208.951190913
5640.0 209.323341404
5650.0 209.695489741
5660.0 210.067635854
5670.0 210.439779671
5680.0 210.811921124
5690.0 211.184060143
5700.0 211.556196662
5710.0 211.928330613
5720.0 212.30046193
5730.0 212.672590548
5740.0 213.044716402
5750.0 213.416839429
5760.0 213.788959566
5770.0 214.161076751
5780.0 214.533190923
5790.0 214.905302022
5800.0 215.277409989
5810.0 215.649514766
5820.0 216.021616295