0.0 0.0
120.0 4.50304349224
120.625 4.52552571755
121.25 4.54801669583
122.5 4.59302422196
123.75 4.63806473668
125.0 4.68313697443
126.25 4.72823973388
127.5 4.77337187411
128.75 4.81853231095
130.0 4.86372001368
131.25 4.90893400185
132.5 4.95417334242
133.75 4.99943714696
135.0 5.04472456915
136.25 5.09003480239
137.5 5.13536707756
138.75 5.18072066092
140.0 5.2260948522
141.25 5.27148898271
142.5 5.31690241367
143.75 5.36233453458
145.0 5.4077847617
146.25 5.45325253664
147.5 5.49873732502
148.75 5.54423861522
150.0 5.58975591721
151.25 5.6352887614
152.5 5.68083669765
153.75 5.72639929425
155.0 5.77197613701
156.25 5.81756682835
157.5 5.86317098654
158.75 5.90878824487
160.0 5.95441825094
161.25 6.00006066593
162.5 6.04571516402
165.0 6.13705916721
167.5 6.22844789021
170.0 6.31987913377
172.5 6.41135085424
175.0 6.50286114972
177.5 6.59440824762
180.0 6.68599049347
182.5 6.77760634087
185.0 6.86925434233
187.5 6.96093314116
190.0 7.05264146398
192.5 7.14437811404
195.0 7.23614196515
197.5 7.32793195611
200.0 7.41974708575
202.5 7.51158640836
205.0 7.60344902951
207.5 7.69533410232
210.0 7.78724082397
212.5 7.87916843258
215.0 7.97111620431
217.5 8.06308345075
220.0 8.15506951649
222.5 8.24707377692
225.0 8.33909563619
230.0 8.52318990069
235.0 8.70734805139
240.0 8.89156618517
245.0 9.07584071296
250.0 9.26016832449
255.0 9.44454595794
260.0 9.62897077402
265.0 9.8134401334
270.0 9.99795157729
275.0 10.1825028105
280.0 10.3670916865
285.0 10.5517161947
290.0 10.7363744487
295.0 10.9210646763
300.0 11.1057852107
305.0 11.2905344822
310.0 11.4753110113
315.0 11.660113402
320.0 11.8449403363
330.0 12.2146629218
340.0 12.5844695928
350.0 12.9543521302
360.0 13.3243031576
370.0 13.6943160467
380.0 14.0643848348
390.0 14.4345041534
400.0 14.8046691664
410.0 15.1748755151
420.0 15.5451192697
430.0 15.9153968859
440.0 16.2857051669
450.0 16.6560412287
460.0 17.0264024692
470.0 17.3967865401
480.0 17.7671913226
490.0 18.1376149042
500.0 18.5080555586
510.0 18.8785117277
520.0 19.2489820044
530.0 19.6194651183
540.0 19.9899599221
550.0 20.3604653792
560.0 20.730980553
570.0 21.1015045969
580.0 21.4720367456
590.0 21.8425763066
600.0 22.2131226537
610.0 22.5836752196
620.0 22.9542334909
630.0 23.3247970022
640.0 23.6953653314
650.0 24.0659380958
660.0 24.4365149478
670.0 24.8070955718
680.0 25.1776796808
690.0 25.5482670135
700.0 25.9188573322
710.0 26.2894504203
720.0 26.66004608
730.0 27.030644131
740.0 27.4012444083
750.0 27.7718467612
760.0 28.1424510513
770.0 28.5130571523
780.0 28.8836649479
790.0 29.2542743313
800.0 29.6248852046
810.0 29.9954974774
820.0 30.3661110663
830.0 30.7367258947
840.0 31.1073418916
850.0 31.4779589914
860.0 31.8485771333
870.0 32.2191962612
880.0 32.5898163228
890.0 32.9604372697
900.0 33.3310590567
910.0 33.701681642
920.0 34.0723049864
930.0 34.4429290535
940.0 34.8135538093
950.0 35.1841792221
960.0 35.5548052621
970.0 35.9254319015
980.0 36.2960591144
990.0 36.6666868763
1000.0 37.0373151643
1010.0 37.407943957
1020.0 37.7785732343
1030.0 38.1492029771
1040.0 38.5198331677
1050.0 38.8904637894
1060.0 39.2610948264
1070.0 39.631726264
1080.0 40.0023580882
1090.0 40.3729902858
1100.0 40.7436228447
1110.0 41.1142557532
1120.0 41.4848890003
1130.0 41.8555225759
1140.0 42.2261564702
1150.0 42.5967906743
1160.0 42.9674251795
1170.0 43.338059978
1180.0 43.7086950622
1190.0 44.0793304252
1200.0 44.4499660603
1210.0 44.8206019615
1220.0 45.1912381231
1230.0 45.5618745397
1240.0 45.9325112065
1250.0 46.3031481189
1260.0 46.6737852726
1270.0 47.0444226639
1280.0 47.4150602892
1290.0 47.7856981452
1300.0 48.1563362291
1310.0 48.5269745383
1320.0 48.8976130704
1330.0 49.2682518234
1340.0 49.6388907956
1350.0 50.0095299853
1360.0 50.3801693914
1370.0 50.7508090129
1380.0 51.1214488491
1390.0 51.4920888993
1400.0 51.8627291634
1410.0 52.2333696413
1420.0 52.6040103332
1430.0 52.9746512396
1440.0 53.345292361
1450.0 53.7159336982
1460.0 54.0865752525
1470.0 54.457217025
1480.0 54.8278590172
1490.0 55.1985012309
1500.0 55.569143668
1510.0 55.9397863304
1520.0 56.3104292206
1530.0 56.6810723411
1540.0 57.0517156946
1550.0 57.4223592839
1560.0 57.7930031123
1570.0 58.163647183
1580.0 58.5342914994
1590.0 58.9049360654
1600.0 59.2755808849
1610.0 59.6462259618
1620.0 60.0168713005
1630.0 60.3875169056
1640.0 60.7581627816
1650.0 61.1288089336
1660.0 61.4994553665
1670.0 61.8701020857
1680.0 62.2407490967
1690.0 62.6113964051
1700.0 62.9820440169
1710.0 63.3526919382
1720.0 63.7233401752
1730.0 64.0939887345
1740.0 64.4646376228
1750.0 64.8352868471
1760.0 65.2059364144
1770.0 65.5765863321
1780.0 65.9472366078
1790.0 66.3178872493
1800.0 66.6885382646
1810.0 67.0591896619
1820.0 67.4298414496
1830.0 67.8004936363
1840.0 68.1711462311
1850.0 68.5417992429
1860.0 68.9124526812
1870.0 69.2831065555
1880.0 69.6537608756
1890.0 70.0244156515
1900.0 70.3950708936
1910.0 70.7657266123
1920.0 71.1363828184
1930.0 71.5070395229
1940.0 71.8776967371
1950.0 72.2483544724
1960.0 72.6190127406
1970.0 72.9896715537
1980.0 73.360330924
1990.0 73.730990864
2000.0 74.1016513864
2010.0 74.4723125042
2020.0 74.8429742309
2030.0 75.21363658
2040.0 75.5842995652
2050.0 75.9549632008
2060.0 76.3256275011
2070.0 76.6962924808
2080.0 77.0669581548
2090.0 77.4376245384
2100.0 77.808291647
2110.0 78.1789594966
2120.0 78.5496281031
2130.0 78.920297483
2140.0 79.290967653
2150.0 79.66163863
2160.0 80.0323104313
2170.0 80.4029830745
2180.0 80.7736565775
2190.0 81.1443309585
2200.0 81.515006236
2210.0 81.8856824288
2220.0 82.256359556
2230.0 82.6270376371
2240.0 82.9977166918
2250.0 83.3683967403
2260.0 83.7390778029
2270.0 84.1097599004
2280.0 84.4804430538
2290.0 84.8511272846
2300.0 85.2218126143
2310.0 85.5924990652
2320.0 85.9631866596
2330.0 86.3338754202
2340.0 86.70456537
2350.0 87.0752565325
2360.0 87.4459489314
2370.0 87.8166425908
2380.0 88.1873375352
2390.0 88.5580337893
2400.0 88.9287313782
2410.0 89.2994303274
2420.0 89.6701306627
2430.0 90.0408324104
2440.0 90.4115355969
2450.0 90.7822402491
2460.0 91.1529463943
2470.0 91.5236540601
2480.0 91.8943632743
2490.0 92.2650740653
2500.0 92.6357864619
2510.0 93.0065004929
2520.0 93.3772161878
2530.0 93.7479335762
2540.0 94.1186526884
2550.0 94.4893735548
2560.0 94.8600962061
2570.0 95.2308206736
2580.0 95.6015469887
2590.0 95.9722751834
2600.0 96.34300529
2610.0 96.7137373409
2620.0 97.0844713693
2630.0 97.4552074083
2640.0 97.8259454918
2650.0 98.1966856536
2660.0 98.5674279283
2670.0 98.9381723504
2680.0 99.3089189552
2690.0 99.679667778
2700.0 100.050418855
2710.0 100.421172221
2720.0 100.791927914
2730.0 101.16268597
2740.0 101.533446427
2750.0 101.904209321
2760.0 102.274974692
2770.0 102.645742576
2780.0 103.016513012
2790.0 103.387286039
2800.0 103.758061697
2810.0 104.128840024
2820.0 104.499621061
2830.0 104.870404848
2840.0 105.241191424
2850.0 105.611980831
2860.0 105.98277311
2870.0 106.353568301
2880.0 106.724366447
2890.0 107.09516759
2900.0 107.465971771
2910.0 107.836779033
2920.0 108.207589418
2930.0 108.578402971
2940.0 108.949219733
2950.0 109.320039749
2960.0 109.690863062
2970.0 110.061689716
2980.0 110.432519756
2990.0 110.803353225
3000.0 111.174190169
3010.0 111.545030633
3020.0 111.915874661
3030.0 112.286722299
3040.0 112.657573593
3050.0 113.028428589
3060.0 113.399287331
3070.0 113.770149867
3080.0 114.141016243
3090.0 114.511886504
3100.0 114.882760699
3110.0 115.253638872
3120.0 115.624521073
3130.0 115.995407346
3140.0 116.36629774
3150.0 116.737192302
3160.0 117.108091079
3170.0 117.478994118
3180.0 117.849901468
3190.0 118.220813175
3200.0 118.591729288
3210.0 118.962649854
3220.0 119.333574921
3230.0 119.704504536
3240.0 120.075438749
3250.0 120.446377605
3260.0 120.817321154
3270.0 121.188269444
3280.0 121.559222521
3290.0 121.930180434
3300.0 122.301143231
3310.0 122.672110959
3320.0 123.043083666
3330.0 123.4140614
3340.0 123.785044208
3350.0 124.156032137
3360.0 124.527025235
3370.0 124.89802355
3380.0 125.269027127
3390.0 125.640036015
3400.0 126.011050259
3410.0 126.382069906
3420.0 126.753095003
3430.0 127.124125597
3440.0 127.495161731
3450.0 127.866203454
3460.0 128.23725081
3470.0 128.608303844
3480.0 128.979362602
3490.0 129.350427128
3500.0 129.721497466
3510.0 130.092573662
3520.0 130.463655758
3530.0 130.834743798
3540.0 131.205837826
3550.0 131.576937883
3560.0 131.948044014
3570.0 132.319156259
3580.0 132.690274661
3590.0 133.06139926
3600.0 133.432530097
3610.0 133.803667213
3620.0 134.174810649
3630.0 134.545960442
3640.0 134.917116632
3650.0 135.288279258
3660.0 135.659448358
3670.0 136.030623969
3680.0 136.401806128
3690.0 136.772994872
3700.0 137.144190235
3710.0 137.515392254
3720.0 137.886600964
3730.0 138.257816397
3740.0 138.629038588
3750.0 139.000267569
3760.0 139.371503372
3770.0 139.74274603
3780.0 140.113995572
3790.0 140.485252029
3800.0 140.85651543
3810.0 141.227785804
3820.0 141.599063178
3830.0 141.970347581
3840.0 142.341639038
3850.0 142.712937575
3860.0 143.084243218
3870.0 143.45555599
3880.0 143.826875914
3890.0 144.198203013
3900.0 144.569537309
3910.0 144.940878822
3920.0 145.312227573
3930.0 145.68358358
3940.0 146.054946863
3950.0 146.426317437
3960.0 146.79769532
3970.0 147.169080527
3980.0 147.540473073
3990.0 147.911872971
4000.0 148.283280234
4010.0 148.654694874
4020.0 149.026116902
4030.0 149.397546328
4040.0 149.76898316
4050.0 150.140427406
4060.0 150.511879073
4070.0 150.883338167
4080.0 151.254804693
4090.0 151.626278655
4100.0 151.997760055
4110.0 152.369248895
4120.0 152.740745176
4130.0 153.112248897
4140.0 153.483760058
4150.0 153.855278654
4160.0 154.226804684
4170.0 154.598338141
4180.0 154.969879021
4190.0 155.341427316
4200.0 155.712983019
4210.0 156.084546119
4220.0 156.456116608
4230.0 156.827694474
4240.0 157.199279704
4250.0 157.570872285
4260.0 157.942472202
4270.0 158.314079439
4280.0 158.68569398
4290.0 159.057315805
4300.0 159.428944897
4310.0 159.800581233
4320.0 160.172224794
4330.0 160.543875556
4340.0 160.915533495
4350.0 161.287198587
4360.0 161.658870805
4370.0 162.030550122
4380.0 162.40223651
4390.0 162.773929939
4400.0 163.145630378
4410.0 163.517337796
4420.0 163.889052159
4430.0 164.260773433
4440.0 164.632501584
4450.0 165.004236574
4460.0 165.375978367
4470.0 165.747726923
4480.0 166.119482203
4490.0 166.491244166
4500.0 166.863012769
4510.0 167.234787971
4520.0 167.606569726
4530.0 167.978357989
4540.0 168.350152714
4550.0 168.721953854
4560.0 169.09376136
4570.0 169.465575181
4580.0 169.837395269
4590.0 170.20922157
4600.0 170.581054033
4610.0 170.952892602
4620.0 171.324737225
4630.0 171.696587844
4640.0 172.068444402
4650.0 172.440306843
4660.0 172.812175107
4670.0 173.184049134
4680.0 173.555928864
4690.0 173.927814235
4700.0 174.299705184
4710.0 174.671601648
4720.0 175.043503562
4730.0 175.415410861
4740.0 175.787323478
4750.0 176.159241347
4760.0 176.531164399
4770.0 176.903092566
4780.0 177.275025778
4790.0 177.646963965
4800.0 178.018907055
4810.0 178.390854976
4820.0 178.762807656
4830.0 179.13476502
4840.0 179.506726996
4850.0 179.878693507
4860.0 180.250664478
4870.0 180.622639833
4880.0 180.994619495
4890.0 181.366603375
4900.0 181.738591412
4910.0 182.110583518
4920.0 182.482579613
4930.0 182.854579617
4940.0 183.226583449
4950.0 183.598591028
4960.0 183.970602272
4970.0 184.342617099
4980.0 184.714635426
4990.0 185.086657169
5000.0 185.458682244
5010.0 185.830710568
5020.0 186.202742055
5030.0 186.57477662
5040.0 186.946814178
5050.0 187.318854643
5060.0 187.690897928
5070.0 188.062943948
5080.0 188.434992614
5090.0 188.807043841
5100.0 189.17909754
5110.0 189.551153624
5120.0 189.923212004
5130.0 190.295272594
5140.0 190.667335303
5150.0 191.039400045
5160.0 191.411466731
5170.0 191.783535271
5180.0 192.155605577
5190.0 192.52767756
5200.0 192.899751132
5210.0 193.271826202
5220.0 193.643902683
5230.0 194.015980485
5240.0 194.388059519
5250.0 194.760139696
5260.0 195.132220928
5270.0 195.504303126
5280.0 195.8763862
5290.0 196.248470064
5300.0 196.620554627
5310.0 196.992639802
5320.0 197.364725502
5330.0 197.736811637
5340.0 198.108898121
5350.0 198.480984866
5360.0 198.853071786
5370.0 199.225158792
5380.0 199.5972458
5390.0 199.969332722
5400.0 200.341419473
5410.0 200.713505968
5420.0 201.085592121
5430.0 201.457677848
5440.0 201.829763064
5450.0 202.201847686
5460.0 202.57393163
5470.0 202.946014813
5480.0 203.318097153
5490.0 203.690178568
5500.0 204.062258977
5510.0 204.434338299
5520.0 204.806416453
5530.0 205.17849336
5540.0 205.55056894
5550.0 205.922643115
5560.0 206.294715808
5570.0 206.66678694
5580.0 207.038856436
5590.0 207.410924219
5600.0 207.782990213
5610.0 208.155054345
5620.0 208.527116541
5630.0 208.899176727
5640.0 209.27123483
5650.0 209.64329078
5660.0 210.015344504
5670.0 210.387395934
5680.0 210.759444999
5690.0 211.131491631
5700.0 211.503535763
5710.0 211.875577326
5720.0 212.247616256
5730.0 212.619652486
5740.0 212.991685953
5750.0 213.363716592
5760.0 213.735744341
5770.0 214.107769139
5780.0 214.479790923
5790.0 214.851809635
5800.0 215.223825214
5810.0 215.595837604
5820.0 215.967846745