0.0 0.0
120.0 4.50003726387
120.625 4.52250383174
121.25 4.54497915258
122.5 4.58995536383
123.75 4.63496456367
125.0 4.68000548654
126.25 4.72507693111
127.5 4.77017775646
128.75 4.81530687842
130.0 4.86046326627
131.25 4.90564593957
132.5 4.95085396526
133.75 4.99608645492
135.0 5.04134256223
136.25 5.08662148059
137.5 5.13192244088
138.75 5.17724470936
140.0 5.22258758576
141.25 5.26795040139
142.5 5.31333251748
143.75 5.35873332351
145.0 5.40415223575
146.25 5.44958869581
147.5 5.49504216931
148.75 5.54051214463
150.0 5.58599813174
151.25 5.63149966105
152.5 5.67701628243
153.75 5.72254756415
155.0 5.76809309202
156.25 5.81365246849
157.5 5.8592253118
158.75 5.90481125525
160.0 5.95040994644
161.25 5.99602104655
162.5 6.04164422976
165.0 6.1329256032
167.5 6.22425169644
170.0 6.31562031024
172.5 6.40702940095
175.0 6.49847706667
177.5 6.58996153482
180.0 6.68148115091
182.5 6.77303436855
185.0 6.86461974025
187.5 6.95623590932
190.0 7.04788160239
192.5 7.13955562269
195.0 7.23125684404
197.5 7.32298420525
200.0 7.41473670513
202.5 7.50651339798
205.0 7.59831338937
207.5 7.69013583242
210.0 7.78197992432
212.5 7.87384490317
215.0 7.96573004514
217.5 8.05763466182
220.0 8.14955809781
222.5 8.24149972848
225.0 8.33345895799
230.0 8.51742796297
235.0 8.70146085416
240.0 8.88555372842
245.0 9.0697029967
250.0 9.25390534871
255.0 9.43815772265
260.0 9.62245727921
265.0 9.80680137907
270.0 9.99118756345
275.0 10.1756135371
280.0 10.3600771536
285.0 10.5445764023
290.0 10.7291093968
295.0 10.9136743649
300.0 11.0982696398
305.0 11.2828936518
310.0 11.4675449214
315.0 11.6522220526
320.0 11.8369237273
330.0 12.2063957938
340.0 12.5759519458
350.0 12.9455839641
360.0 13.3152844725
370.0 13.6850468426
380.0 14.0548651116
390.0 14.4247339112
400.0 14.7946484052
410.0 15.1646042349
420.0 15.5345974704
430.0 15.9046245675
440.0 16.2746823295
450.0 16.6447678723
460.0 17.0148785937
470.0 17.3850121456
480.0 17.7551664091
490.0 18.1253394717
500.0 18.4955296071
510.0 18.8657352571
520.0 19.2359550148
530.0 19.6061876097
540.0 19.9764318945
550.0 20.3466868325
560.0 20.7169514873
570.0 21.0872250122
580.0 21.4575066418
590.0 21.8277956838
600.0 22.1980915118
610.0 22.5683935587
620.0 22.938701311
630.0 23.3090143032
640.0 23.6793321134
650.0 24.0496543588
660.0 24.4199806918
670.0 24.7903107967
680.0 25.1606443866
690.0 25.5309812003
700.0 25.901321
710.0 26.2716635691
720.0 26.6420087098
730.0 27.0123562418
740.0 27.382706
750.0 27.7530578338
760.0 28.123411605
770.0 28.4937671869
780.0 28.8641244634
790.0 29.2344833279
800.0 29.6048436821
810.0 29.9752054358
820.0 30.3455685058
830.0 30.7159328151
840.0 31.086298293
850.0 31.4566648737
860.0 31.8270324967
870.0 32.1974011055
880.0 32.5677706481
890.0 32.9381410759
900.0 33.3085123439
910.0 33.6788844101
920.0 34.0492572355
930.0 34.4196307836
940.0 34.7900050204
950.0 35.1603799141
960.0 35.5307554351
970.0 35.9011315555
980.0 36.2715082494
990.0 36.6418854922
1000.0 37.0122632612
1010.0 37.3826415349
1020.0 37.7530202931
1030.0 38.1233995169
1040.0 38.4937791885
1050.0 38.8641592911
1060.0 39.2345398091
1070.0 39.6049207277
1080.0 39.9753020328
1090.0 40.3456837114
1100.0 40.7160657513
1110.0 41.0864481407
1120.0 41.4568308688
1130.0 41.8272139254
1140.0 42.1975973007
1150.0 42.5679809857
1160.0 42.9383649719
1170.0 43.3087492514
1180.0 43.6791338165
1190.0 44.0495186605
1200.0 44.4199037766
1210.0 44.7902891588
1220.0 45.1606748013
1230.0 45.5310606989
1240.0 45.9014468466
1250.0 46.27183324
1260.0 46.6422198747
1270.0 47.0126067469
1280.0 47.3829938532
1290.0 47.7533811902
1300.0 48.1237687551
1310.0 48.4941565452
1320.0 48.8645445583
1330.0 49.2349327923
1340.0 49.6053212454
1350.0 49.9757099161
1360.0 50.3460988032
1370.0 50.7164879057
1380.0 51.0868772228
1390.0 51.457266754
1400.0 51.8276564991
1410.0 52.1980464579
1420.0 52.5684366308
1430.0 52.9388270181
1440.0 53.3092176205
1450.0 53.6796084387
1460.0 54.0499994739
1470.0 54.4203907274
1480.0 54.7907822006
1490.0 55.1611738953
1500.0 55.5315658133
1510.0 55.9019579567
1520.0 56.2723503279
1530.0 56.6427429294
1540.0 57.0131357638
1550.0 57.3835288341
1560.0 57.7539221434
1570.0 58.1243156951
1580.0 58.4947094925
1590.0 58.8651035395
1600.0 59.2354978399
1610.0 59.6058923978
1620.0 59.9762872175
1630.0 60.3466823035
1640.0 60.7170776605
1650.0 61.0874732934
1660.0 61.4578692073
1670.0 61.8282654075
1680.0 62.1986618995
1690.0 62.5690586889
1700.0 62.9394557816
1710.0 63.3098531839
1720.0 63.6802509019
1730.0 64.0506489421
1740.0 64.4210473114
1750.0 64.7914460166
1760.0 65.1618450649
1770.0 65.5322444636
1780.0 65.9026442203
1790.0 66.2730443428
1800.0 66.643444839
1810.0 67.0138457172
1820.0 67.3842469859
1830.0 67.7546486536
1840.0 68.1250507294
1850.0 68.4954532222
1860.0 68.8658561414
1870.0 69.2362594967
1880.0 69.6066632977
1890.0 69.9770675546
1900.0 70.3474722777
1910.0 70.7178774773
1920.0 71.0882831644
1930.0 71.4586893499
1940.0 71.829096045
1950.0 72.1995032613
1960.0 72.5699110105
1970.0 72.9403193046
1980.0 73.3107281559
1990.0 73.6811375768
2000.0 74.0515475801
2010.0 74.421958179
2020.0 74.7923693866
2030.0 75.1627812167
2040.0 75.5331936829
2050.0 75.9036067994
2060.0 76.2740205807
2070.0 76.6444350413
2080.0 77.0148501963
2090.0 77.3852660609
2100.0 77.7556826505
2110.0 78.126099981
2120.0 78.4965180685
2130.0 78.8669369294
2140.0 79.2373565803
2150.0 79.6077770383
2160.0 79.9781983206
2170.0 80.3486204447
2180.0 80.7190434287
2190.0 81.0894672907
2200.0 81.4598920491
2210.0 81.8303177229
2220.0 82.2007443311
2230.0 82.5711718931
2240.0 82.9416004288
2250.0 83.3120299583
2260.0 83.6824605019
2270.0 84.0528920803
2280.0 84.4233247147
2290.0 84.7937584264
2300.0 85.1641932372
2310.0 85.534629169
2320.0 85.9050662444
2330.0 86.2755044859
2340.0 86.6459439167
2350.0 87.0163845602
2360.0 87.3868264401
2370.0 87.7572695805
2380.0 88.1277140058
2390.0 88.4981597408
2400.0 88.8686068107
2410.0 89.2390552409
2420.0 89.6095050572
2430.0 89.9799562858
2440.0 90.3504089533
2450.0 90.7208630865
2460.0 91.0913187126
2470.0 91.4617758594
2480.0 91.8322345546
2490.0 92.2026948266
2500.0 92.5731567041
2510.0 92.9436202161
2520.0 93.3140853919
2530.0 93.6845522614
2540.0 94.0550208545
2550.0 94.4254912018
2560.0 94.7959633341
2570.0 95.1664372826
2580.0 95.5369130787
2590.0 95.9073907544
2600.0 96.2778703419
2610.0 96.6483518738
2620.0 97.0188353831
2630.0 97.3893209032
2640.0 97.7598084676
2650.0 98.1302981104
2660.0 98.500789866
2670.0 98.8712837691
2680.0 99.2417798548
2690.0 99.6122781586
2700.0 99.9827787162
2710.0 100.353281564
2720.0 100.723786738
2730.0 101.094294275
2740.0 101.464804212
2750.0 101.835316588
2760.0 102.205831439
2770.0 102.576348804
2780.0 102.946868721
2790.0 103.31739123
2800.0 103.687916368
2810.0 104.058444177
2820.0 104.428974694
2830.0 104.799507962
2840.0 105.170044019
2850.0 105.540582907
2860.0 105.911124667
2870.0 106.281669339
2880.0 106.652216966
2890.0 107.02276759
2900.0 107.393321252
2910.0 107.763877995
2920.0 108.134437861
2930.0 108.505000895
2940.0 108.875567138
2950.0 109.246136635
2960.0 109.616709429
2970.0 109.987285564
2980.0 110.357865084
2990.0 110.728448035
3000.0 111.09903446
3010.0 111.469624404
3020.0 111.840217914
3030.0 112.210815033
3040.0 112.581415808
3050.0 112.952020284
3060.0 113.322628508
3070.0 113.693240524
3080.0 114.063856381
3090.0 114.434476124
3100.0 114.805099799
3110.0 115.175727454
3120.0 115.546359135
3130.0 115.916994889
3140.0 116.287634764
3150.0 116.658278807
3160.0 117.028927065
3170.0 117.399579586
3180.0 117.770236416
3190.0 118.140897604
3200.0 118.511563198
3210.0 118.882233245
3220.0 119.252907793
3230.0 119.623586889
3240.0 119.994270583
3250.0 120.36495892
3260.0 120.73565195
3270.0 121.10634972
3280.0 121.477052279
3290.0 121.847759673
3300.0 122.21847195
3310.0 122.58918916
3320.0 122.959911348
3330.0 123.330638562
3340.0 123.701370851
3350.0 124.072108262
3360.0 124.442850841
3370.0 124.813598636
3380.0 125.184351695
3390.0 125.555110063
3400.0 125.925873788
3410.0 126.296642917
3420.0 126.667417495
3430.0 127.038197569
3440.0 127.408983185
3450.0 127.779774388
3460.0 128.150571225
3470.0 128.52137374
3480.0 128.892181979
3490.0 129.262995986
3500.0 129.633815805
3510.0 130.004641482
3520.0 130.375473059
3530.0 130.74631058
3540.0 131.117154089
3550.0 131.488003627
3560.0 131.858859239
3570.0 132.229720965
3580.0 132.600588847
3590.0 132.971462927
3600.0 133.342343246
3610.0 133.713229843
3620.0 134.084122759
3630.0 134.455022033
3640.0 134.825927705
3650.0 135.196839812
3660.0 135.567758393
3670.0 135.938683485
3680.0 136.309615125
3690.0 136.680553349
3700.0 137.051498194
3710.0 137.422449694
3720.0 137.793407884
3730.0 138.164372798
3740.0 138.53534447
3750.0 138.906322932
3760.0 139.277308217
3770.0 139.648300355
3780.0 140.019299378
3790.0 140.390305316
3800.0 140.761318198
3810.0 141.132338053
3820.0 141.503364908
3830.0 141.874398792
3840.0 142.24543973
3850.0 142.616487748
3860.0 142.987542872
3870.0 143.358605124
3880.0 143.72967453
3890.0 144.10075111
3900.0 144.471834887
3910.0 144.842925881
3920.0 145.214024113
3930.0 145.585129601
3940.0 145.956242364
3950.0 146.32736242
3960.0 146.698489784
3970.0 147.069624472
3980.0 147.440766498
3990.0 147.811915878
4000.0 148.183072622
4010.0 148.554236743
4020.0 148.925408252
4030.0 149.296587158
4040.0 149.667773471
4050.0 150.038967198
4060.0 150.410168347
4070.0 150.781376922
4080.0 151.152592929
4090.0 151.523816371
4100.0 151.895047252
4110.0 152.266285573
4120.0 152.637531335
4130.0 153.008784538
4140.0 153.380045179
4150.0 153.751313256
4160.0 154.122588767
4170.0 154.493871705
4180.0 154.865162066
4190.0 155.236459842
4200.0 155.607765025
4210.0 155.979077607
4220.0 156.350397577
4230.0 156.721724924
4240.0 157.093059635
4250.0 157.464401697
4260.0 157.835751095
4270.0 158.207107813
4280.0 158.578471834
4290.0 158.949843141
4300.0 159.321221713
4310.0 159.692607531
4320.0 160.064000573
4330.0 160.435400816
4340.0 160.806808236
4350.0 161.178222809
4360.0 161.549644508
4370.0 161.921073306
4380.0 162.292509175
4390.0 162.663952084
4400.0 163.035402004
4410.0 163.406858903
4420.0 163.778322747
4430.0 164.149793503
4440.0 164.521271134
4450.0 164.892755606
4460.0 165.264246879
4470.0 165.635744916
4480.0 166.007249677
4490.0 166.378761121
4500.0 166.750279205
4510.0 167.121803888
4520.0 167.493335124
4530.0 167.864872868
4540.0 168.236417074
4550.0 168.607967695
4560.0 168.979524681
4570.0 169.351087984
4580.0 169.722657553
4590.0 170.094233335
4600.0 170.465815278
4610.0 170.837403329
4620.0 171.208997432
4630.0 171.580597532
4640.0 171.952203572
4650.0 172.323815494
4660.0 172.695433239
4670.0 173.067056747
4680.0 173.438685958
4690.0 173.810320809
4700.0 174.181961239
4710.0 174.553607184
4720.0 174.925258579
4730.0 175.296915359
4740.0 175.668577457
4750.0 176.040244807
4760.0 176.41191734
4770.0 176.783594988
4780.0 177.155277681
4790.0 177.526965349
4800.0 177.89865792
4810.0 178.270355322
4820.0 178.642057483
4830.0 179.013764328
4840.0 179.385475785
4850.0 179.757191777
4860.0 180.128912229
4870.0 180.500637065
4880.0 180.872366207
4890.0 181.244099569
4900.0 181.615837087
4910.0 181.987578674
4920.0 182.35932425
4930.0 182.731073735
4940.0 183.102827048
4950.0 183.474584108
4960.0 183.846344833
4970.0 184.218109141
4980.0 184.589876948
4990.0 184.961648172
5000.0 185.333422729
5010.0 185.705200533
5020.0 186.076981501
5030.0 186.448765547
5040.0 186.820552586
5050.0 187.192342532
5060.0 187.564135299
5070.0 187.935930799
5080.0 188.307728947
5090.0 188.679529654
5100.0 189.051332834
5110.0 189.423138399
5120.0 189.79494626
5130.0 190.166756331
5140.0 190.538568521
5150.0 190.910382744
5160.0 191.282198911
5170.0 191.654016932
5180.0 192.025836719
5190.0 192.397658183
5200.0 192.769481235
5210.0 193.141305787
5220.0 193.513131749
5230.0 193.884959031
5240.0 194.256787546
5250.0 194.628617205
5260.0 195.000447918
5270.0 195.372279596
5280.0 195.744112152
5290.0 196.115945496
5300.0 196.48777954
5310.0 196.859614197
5320.0 197.231449377
5330.0 197.603284993
5340.0 197.975120958
5350.0 198.346957185
5360.0 198.718793585
5370.0 199.090630073
5380.0 199.462466561
5390.0 199.834302964
5400.0 200.206139197
5410.0 200.577975172
5420.0 200.949810806
5430.0 201.321646014
5440.0 201.693480711
5450.0 202.065314814
5460.0 202.437148239
5470.0 202.808980903
5480.0 203.180812724
5490.0 203.55264362
5500.0 203.92447351
5510.0 204.296302313
5520.0 204.668129948
5530.0 205.039956335
5540.0 205.411781397
5550.0 205.783605053
5560.0 206.155427227
5570.0 206.52724784
5580.0 206.899066816
5590.0 207.27088408
5600.0 207.642699556
5610.0 208.014513169
5620.0 208.386324845
5630.0 208.758134512
5640.0 209.129942096
5650.0 209.501747527
5660.0 209.873550733
5670.0 210.245351643
5680.0 210.617150189
5690.0 210.988946302
5700.0 211.360739915
5710.0 211.732530959
5720.0 212.10431937
5730.0 212.476105081
5740.0 212.847888029
5750.0 213.219668149
5760.0 213.591445379
5770.0 213.963219658
5780.0 214.334990923
5790.0 214.706759116
5800.0 215.078524176
5810.0 215.450286046
5820.0 215.822044669