0.0 0.0
120.0 4.50619682564
120.625 4.52869547386
121.25 4.55120287504
122.5 4.59624324694
123.75 4.6413166074
125.0 4.68642169084
126.25 4.73155729596
127.5 4.77672228181
128.75 4.82191556424
130.0 4.86713611252
131.25 4.91238294621
132.5 4.95765513225
133.75 5.00295178223
135.0 5.04827204983
136.25 5.09361512843
137.5 5.13898024892
138.75 5.18436667757
140.0 5.2297737141
141.25 5.27520068982
142.5 5.32064696595
143.75 5.36611193199
145.0 5.4115950042
146.25 5.45709562419
147.5 5.50261325758
148.75 5.54814739276
150.0 5.59369753967
151.25 5.63926322875
152.5 5.68484400985
153.75 5.73043945126
155.0 5.77604913878
156.25 5.82167267484
157.5 5.86730967772
158.75 5.91295978068
160.0 5.95862263134
161.25 6.00429789089
162.5 6.04998523349
165.0 6.14139492556
167.5 6.23284933728
170.0 6.32434626937
172.5 6.41588367818
175.0 6.50745966183
177.5 6.59907244771
180.0 6.69072038137
182.5 6.78240191636
185.0 6.87411560524
187.5 6.96586009129
190.0 7.05763410114
192.5 7.14943643803
195.0 7.24126597576
197.5 7.33312165314
200.0 7.425002469
202.5 7.51690747761
205.0 7.60883578456
207.5 7.70078654296
210.0 7.79275894997
212.5 7.88475224373
215.0 7.97676570039
217.5 8.06879863154
220.0 8.16085038176
222.5 8.25292032644
225.0 8.34500786973
230.0 8.52923350156
235.0 8.71352301863
240.0 8.8978725178
245.0 9.08227840999
250.0 9.26673738487
255.0 9.45124638064
260.0 9.63580255795
265.0 9.82040327746
270.0 10.0050460804
275.0 10.1897286714
280.0 10.3744489041
285.0 10.5592047678
290.0 10.743994376
295.0 10.9288159566
300.0 11.1136678427
305.0 11.2985484646
310.0 11.4834563427
315.0 11.6683900811
320.0 11.8533483616
330.0 12.2233336352
340.0 12.5934029883
350.0 12.9635482015
360.0 13.3337618981
370.0 13.7040374496
380.0 14.0743688929
390.0 14.4447508592
400.0 14.8151785122
410.0 15.1856474926
420.0 15.5561538704
430.0 15.926694101
440.0 16.2972649872
450.0 16.6678636445
460.0 17.0384874704
470.0 17.4091341163
480.0 17.7798014629
490.0 18.1504875972
500.0 18.5211907925
510.0 18.89190949
520.0 19.2626422824
530.0 19.6333878986
540.0 20.0041451907
550.0 20.3749131217
560.0 20.7456907543
570.0 21.1164772413
580.0 21.4872718167
590.0 21.8580737875
600.0 22.2288825267
610.0 22.5996974665
620.0 22.9705180925
630.0 23.3413439386
640.0 23.7121745821
650.0 24.0830096394
660.0 24.4538487621
670.0 24.8246916336
680.0 25.195537966
690.0 25.5663874973
700.0 25.9372399888
710.0 26.3080952227
720.0 26.6789530005
730.0 27.0498131406
740.0 27.4206754769
750.0 27.7915398576
760.0 28.1624061434
770.0 28.5332742065
780.0 28.9041439294
790.0 29.2750152041
800.0 29.6458879314
810.0 30.0167620193
820.0 30.3876373834
830.0 30.7585139452
840.0 31.1293916325
850.0 31.500270378
860.0 31.8711501195
870.0 32.2420307989
880.0 32.6129123625
890.0 32.9837947599
900.0 33.3546779443
910.0 33.7255618719
920.0 34.0964465016
930.0 34.467331795
940.0 34.8382177161
950.0 35.209104231
960.0 35.5799913078
970.0 35.9508789165
980.0 36.3217670286
990.0 36.6926556175
1000.0 37.0635446577
1010.0 37.4344341254
1020.0 37.8053239976
1030.0 38.1762142529
1040.0 38.5471048706
1050.0 38.9179958312
1060.0 39.288887116
1070.0 39.6597787071
1080.0 40.0306705876
1090.0 40.4015627412
1100.0 40.7724551521
1110.0 41.1433478056
1120.0 41.514240687
1130.0 41.8851337827
1140.0 42.2560270793
1150.0 42.6269205639
1160.0 42.9978142241
1170.0 43.368708048
1180.0 43.7396020239
1190.0 44.1104961406
1200.0 44.4813903871
1210.0 44.852284753
1220.0 45.2231792279
1230.0 45.5940738017
1240.0 45.9649684648
1250.0 46.3358632075
1260.0 46.7067580206
1270.0 47.077652895
1280.0 47.4485478216
1290.0 47.8194427918
1300.0 48.190337797
1310.0 48.5612328286
1320.0 48.9321278785
1330.0 49.3030229383
1340.0 49.6739180001
1350.0 50.0448130559
1360.0 50.4157080976
1370.0 50.7866031177
1380.0 51.1574981082
1390.0 51.5283930616
1400.0 51.8992879702
1410.0 52.2701828265
1420.0 52.6410776229
1430.0 53.0119723518
1440.0 53.382867006
1450.0 53.7537615777
1460.0 54.1246560597
1470.0 54.4955504445
1480.0 54.8664447245
1490.0 55.2373388924
1500.0 55.6082329407
1510.0 55.9791268618
1520.0 56.3500206482
1530.0 56.7209142924
1540.0 57.0918077867
1550.0 57.4627011234
1560.0 57.833594295
1570.0 58.2044872936
1580.0 58.5753801114
1590.0 58.9462727405
1600.0 59.3171651731
1610.0 59.6880574009
1620.0 60.058949416
1630.0 60.4298412101
1640.0 60.8007327751
1650.0 61.1716241024
1660.0 61.5425151836
1670.0 61.9134060101
1680.0 62.2842965734
1690.0 62.6551868645
1700.0 63.0260768746
1710.0 63.3969665946
1720.0 63.7678560154
1730.0 64.1387451277
1740.0 64.5096339222
1750.0 64.8805223892
1760.0 65.2514105191
1770.0 65.622298302
1780.0 65.993185728
1790.0 66.364072787
1800.0 66.7349594687
1810.0 67.1058457625
1820.0 67.4767316581
1830.0 67.8476171445
1840.0 68.2185022108
1850.0 68.5893868459
1860.0 68.9602710386
1870.0 69.3311547773
1880.0 69.7020380504
1890.0 70.072920846
1900.0 70.4438031522
1910.0 70.8146849566
1920.0 71.1855662468
1930.0 71.5564470102
1940.0 71.927327234
1950.0 72.298206905
1960.0 72.6690860101
1970.0 73.0399645357
1980.0 73.4108424681
1990.0 73.7817197934
2000.0 74.1525964974
2010.0 74.5234725657
2020.0 74.8943479838
2030.0 75.2652227366
2040.0 75.6360968092
2050.0 76.0069701862
2060.0 76.3778428519
2070.0 76.7487147905
2080.0 77.1195859859
2090.0 77.4904564218
2100.0 77.8613260814
2110.0 78.232194948
2120.0 78.6030630044
2130.0 78.9739302331
2140.0 79.3447966164
2150.0 79.7156621363
2160.0 80.0865267747
2170.0 80.4573905128
2180.0 80.828253332
2190.0 81.1991152131
2200.0 81.5699761367
2210.0 81.9408360831
2220.0 82.3116950323
2230.0 82.682552964
2240.0 83.0534098575
2250.0 83.4242656921
2260.0 83.7951204464
2270.0 84.165974099
2280.0 84.536826628
2290.0 84.9076780113
2300.0 85.2785282264
2310.0 85.6493772505
2320.0 86.0202250605
2330.0 86.3910716329
2340.0 86.7619169441
2350.0 87.13276097
2360.0 87.503603686
2370.0 87.8744450675
2380.0 88.2452850894
2390.0 88.6161237263
2400.0 88.9869609523
2410.0 89.3577967415
2420.0 89.7286310674
2430.0 90.0994639032
2440.0 90.4702952218
2450.0 90.8411249958
2460.0 91.2119531972
2470.0 91.5827797981
2480.0 91.9536047698
2490.0 92.3244280835
2500.0 92.6952497101
2510.0 93.0660696199
2520.0 93.4368877831
2530.0 93.8077041695
2540.0 94.1785187483
2550.0 94.5493314887
2560.0 94.9201423594
2570.0 95.2909513287
2580.0 95.6617583645
2590.0 96.0325634346
2600.0 96.4033665062
2610.0 96.7741675462
2620.0 97.1449665213
2630.0 97.5157633976
2640.0 97.8865581411
2650.0 98.2573507172
2660.0 98.6281410912
2670.0 98.9989292279
2680.0 99.3697150918
2690.0 99.7404986471
2700.0 100.111279858
2710.0 100.482058687
2720.0 100.852835097
2730.0 101.223609053
2740.0 101.594380515
2750.0 101.965149447
2760.0 102.335915809
2770.0 102.706679564
2780.0 103.077440672
2790.0 103.448199095
2800.0 103.818954793
2810.0 104.189707725
2820.0 104.560457853
2830.0 104.931205135
2840.0 105.301949531
2850.0 105.672690999
2860.0 106.043429499
2870.0 106.414164988
2880.0 106.784897426
2890.0 107.155626768
2900.0 107.526352974
2910.0 107.897076
2920.0 108.267795804
2930.0 108.638512341
2940.0 109.009225569
2950.0 109.379935444
2960.0 109.75064192
2970.0 110.121344955
2980.0 110.492044504
2990.0 110.862740522
3000.0 111.233432963
3010.0 111.604121783
3020.0 111.974806936
3030.0 112.345488376
3040.0 112.716166058
3050.0 113.086839936
3060.0 113.457509963
3070.0 113.828176093
3080.0 114.198838279
3090.0 114.569496475
3100.0 114.940150634
3110.0 115.310800708
3120.0 115.681446651
3130.0 116.052088415
3140.0 116.422725953
3150.0 116.793359218
3160.0 117.163988161
3170.0 117.534612734
3180.0 117.905232891
3190.0 118.275848583
3200.0 118.646459762
3210.0 119.017066381
3220.0 119.387668391
3230.0 119.758265743
3240.0 120.128858391
3250.0 120.499446285
3260.0 120.870029379
3270.0 121.240607622
3280.0 121.611180969
3290.0 121.981749369
3300.0 122.352312776
3310.0 122.722871141
3320.0 123.093424417
3330.0 123.463972555
3340.0 123.834515508
3350.0 124.205053228
3360.0 124.575585668
3370.0 124.94611278
3380.0 125.316634516
3390.0 125.687150831
3400.0 126.057661676
3410.0 126.428167004
3420.0 126.79866677
3430.0 127.169160927
3440.0 127.539649428
3450.0 127.910132228
3460.0 128.28060928
3470.0 128.65108054
3480.0 129.021545961
3490.0 129.392005499
3500.0 129.76245911
3510.0 130.132906748
3520.0 130.50334837
3530.0 130.873783932
3540.0 131.24421339
3550.0 131.614636702
3560.0 131.985053824
3570.0 132.355464715
3580.0 132.725869333
3590.0 133.096267635
3600.0 133.466659582
3610.0 133.837045132
3620.0 134.207424244
3630.0 134.577796881
3640.0 134.948163001
3650.0 135.318522567
3660.0 135.688875541
3670.0 136.059221883
3680.0 136.429561558
3690.0 136.799894529
3700.0 137.17022076
3710.0 137.540540215
3720.0 137.910852859
3730.0 138.281158658
3740.0 138.651457578
3750.0 139.021749587
3760.0 139.392034652
3770.0 139.762312741
3780.0 140.132583823
3790.0 140.502847869
3800.0 140.873104847
3810.0 141.24335473
3820.0 141.613597489
3830.0 141.983833097
3840.0 142.354061526
3850.0 142.724282752
3860.0 143.094496748
3870.0 143.464703491
3880.0 143.834902957
3890.0 144.205095123
3900.0 144.575279967
3910.0 144.945457469
3920.0 145.315627607
3930.0 145.685790363
3940.0 146.055945718
3950.0 146.426093654
3960.0 146.796234156
3970.0 147.166367206
3980.0 147.53649279
3990.0 147.906610895
4000.0 148.276721507
4010.0 148.646824614
4020.0 149.016920205
4030.0 149.387008271
4040.0 149.757088801
4050.0 150.127161788
4060.0 150.497227225
4070.0 150.867285105
4080.0 151.237335424
4090.0 151.607378177
4100.0 151.977413362
4110.0 152.347440976
4120.0 152.717461019
4130.0 153.08747349
4140.0 153.45747839
4150.0 153.827475723
4160.0 154.197465492
4170.0 154.5674477
4180.0 154.937422353
4190.0 155.307389458
4200.0 155.677349023
4210.0 156.047301057
4220.0 156.417245569
4230.0 156.78718257
4240.0 157.157112073
4250.0 157.527034091
4260.0 157.896948638
4270.0 158.26685573
4280.0 158.636755384
4290.0 159.006647617
4300.0 159.376532449
4310.0 159.7464099
4320.0 160.11627999
4330.0 160.486142742
4340.0 160.85599818
4350.0 161.225846329
4360.0 161.595687213
4370.0 161.965520861
4380.0 162.335347301
4390.0 162.705166561
4400.0 163.074978672
4410.0 163.444783666
4420.0 163.814581575
4430.0 164.184372433
4440.0 164.554156275
4450.0 164.923933138
4460.0 165.293703058
4470.0 165.663466073
4480.0 166.033222224
4490.0 166.402971551
4500.0 166.772714095
4510.0 167.1424499
4520.0 167.512179008
4530.0 167.881901466
4540.0 168.251617319
4550.0 168.621326615
4560.0 168.991029401
4570.0 169.360725727
4580.0 169.730415643
4590.0 170.100099201
4600.0 170.469776453
4610.0 170.839447453
4620.0 171.209112255
4630.0 171.578770914
4640.0 171.948423487
4650.0 172.318070032
4660.0 172.687710608
4670.0 173.057345272
4680.0 173.426974087
4690.0 173.796597113
4700.0 174.166214412
4710.0 174.535826049
4720.0 174.905432086
4730.0 175.27503259
4740.0 175.644627625
4750.0 176.014217259
4760.0 176.383801559
4770.0 176.753380594
4780.0 177.122954434
4790.0 177.492523147
4800.0 177.862086806
4810.0 178.231645481
4820.0 178.601199245
4830.0 178.970748172
4840.0 179.340292335
4850.0 179.709831808
4860.0 180.079366668
4870.0 180.44889699
4880.0 180.81842285
4890.0 181.187944336
4900.0 181.557461511
4910.0 181.926974461
4920.0 182.296483266
4930.0 182.665988005
4940.0 183.035488759
4950.0 183.404985609
4960.0 183.774478636
4970.0 184.143967922
4980.0 184.51345355
4990.0 184.882935603
5000.0 185.252414164
5010.0 185.621889317
5020.0 185.991361146
5030.0 186.360829736
5040.0 186.730295172
5050.0 187.099757541
5060.0 187.469216926
5070.0 187.838673416
5080.0 188.208127095
5090.0 188.577578052
5100.0 188.947026372
5110.0 189.316472143
5120.0 189.685915453
5130.0 190.055356389
5140.0 190.42479504
5150.0 190.794231492
5160.0 191.163665834
5170.0 191.533098155
5180.0 191.902528542
5190.0 192.271957085
5200.0 192.641383871
5210.0 193.01080899
5220.0 193.380232529
5230.0 193.749654577
5240.0 194.119075222
5250.0 194.488494554
5260.0 194.85791266
5270.0 195.227329628
5280.0 195.596745548
5290.0 195.966160506
5300.0 196.33557459
5310.0 196.704987889
5320.0 197.074400489
5330.0 197.443812479
5340.0 197.813223944
5350.0 198.182634973
5360.0 198.552045651
5370.0 198.921456064
5380.0 199.2908663
5390.0 199.660276442
5400.0 200.029686577
5410.0 200.399096789
5420.0 200.768507162
5430.0 201.137917782
5440.0 201.507328731
5450.0 201.876740094
5460.0 202.246151951
5470.0 202.615564387
5480.0 202.984977482
5490.0 203.354391318
5500.0 203.723805976
5510.0 204.093221537
5520.0 204.462638078
5530.0 204.832055681
5540.0 205.201474422
5550.0 205.570894381
5560.0 205.940315634
5570.0 206.309738259
5580.0 206.67916233
5590.0 207.048587923
5600.0 207.418015114
5610.0 207.787443975
5620.0 208.15687458
5630.0 208.526307002
5640.0 208.895741312
5650.0 209.265177581
5660.0 209.63461588
5670.0 210.004056277
5680.0 210.373498842
5690.0 210.742943643
5700.0 211.112390746
5710.0 211.481840217
5720.0 211.851292122
5730.0 212.220746526
5740.0 212.590203492
5750.0 212.959663083
5760.0 213.32912536
5770.0 213.698590386
5780.0 214.068058219
5790.0 214.43752892
5800.0 214.807002546
5810.0 215.176479155
5820.0 215.545958803