0.0 0.0
120.0 4.49681511854
120.625 4.5192649044
121.25 4.54172344323
122.5 4.58666609048
123.75 4.6316417263
125.0 4.67664908516
126.25 4.72168696572
127.5 4.76675422705
128.75 4.811849785
130.0 4.85697260883
131.25 4.90212171812
132.5 4.94729617979
133.75 4.99249510544
135.0 5.03771764874
136.25 5.08296300308
137.5 5.12823039936
138.75 5.17351910383
140.0 5.21882841621
141.25 5.26415766783
142.5 5.3095062199
143.75 5.35487346192
145.0 5.40025881014
146.25 5.44566170619
147.5 5.49108161568
148.75 5.53651802699
150.0 5.58197045008
151.25 5.62743841538
152.5 5.67292147274
153.75 5.71841919045
155.0 5.76393115431
156.25 5.80945696676
157.5 5.85499624606
158.75 5.9005486255
160.0 5.94611375267
161.25 5.99169128877
162.5 6.03728090797
165.0 6.12849515337
167.5 6.21975411859
170.0 6.31105560436
172.5 6.40239756704
175.0 6.49377810474
177.5 6.58519544485
180.0 6.67664793292
182.5 6.76813402253
185.0 6.85965226621
187.5 6.95120130725
190.0 7.04277987228
192.5 7.13438676456
195.0 7.22602085788
197.5 7.31768109106
200.0 7.40936646292
202.5 7.50107602774
205.0 7.5928088911
207.5 7.68456420613
210.0 7.77634116999
212.5 7.86813902081
215.0 7.95995703476
217.5 8.05179452341
220.0 8.14365083137
222.5 8.23552533401
225.0 8.3274174355
230.0 8.51125218443
235.0 8.69515081956
240.0 8.87910943776
245.0 9.06312444999
250.0 9.24719254594
255.0 9.43131066383
260.0 9.61547596433
265.0 9.79968580814
270.0 9.98393773646
275.0 10.1682294541
280.0 10.3525588145
285.0 10.5369238071
290.0 10.7213225455
295.0 10.9057532576
300.0 11.0902142765
305.0 11.2747040324
310.0 11.4592210459
315.0 11.6437639211
320.0 11.8283313398
330.0 12.1975348941
340.0 12.566822534
350.0 12.9361860402
360.0 13.3056180365
370.0 13.6751118945
380.0 14.0446616514
390.0 14.4142619389
400.0 14.7839079208
410.0 15.1535952383
420.0 15.5233199617
430.0 15.8930785468
440.0 16.2628677967
450.0 16.6326848273
460.0 17.0025270366
470.0 17.3723920764
480.0 17.7422778278
490.0 18.1121823782
500.0 18.4821040015
510.0 18.8520411394
520.0 19.221992385
530.0 19.5919564678
540.0 19.9619322405
550.0 20.3319186664
560.0 20.7019148091
570.0 21.0719198218
580.0 21.4419329393
590.0 21.8119534693
600.0 22.1819807852
610.0 22.55201432
620.0 22.9220535601
630.0 23.2920980402
640.0 23.6621473383
650.0 24.0322010716
660.0 24.4022588925
670.0 24.7723204853
680.0 25.1423855631
690.0 25.5124538647
700.0 25.8825251523
710.0 26.2525992092
720.0 26.6226758378
730.0 26.9927548577
740.0 27.3628361038
750.0 27.7329194255
760.0 28.1030046846
770.0 28.4730917544
780.0 28.8431805188
790.0 29.2132708711
800.0 29.5833627133
810.0 29.9534559549
820.0 30.3235505127
830.0 30.6936463099
840.0 31.0637432757
850.0 31.4338413443
860.0 31.8039404551
870.0 32.1740405519
880.0 32.5441415824
890.0 32.9142434981
900.0 33.2843462539
910.0 33.654449808
920.0 34.0245541213
930.0 34.3946591573
940.0 34.764764882
950.0 35.1348712636
960.0 35.5049782725
970.0 35.8750858808
980.0 36.2451940625
990.0 36.6153027932
1000.0 36.9854120501
1010.0 37.3555218117
1020.0 37.7256320578
1030.0 38.0957427695
1040.0 38.465853929
1050.0 38.8359655195
1060.0 39.2060775254
1070.0 39.5761899318
1080.0 39.9463027248
1090.0 40.3164158914
1100.0 40.6865294191
1110.0 41.0566432964
1120.0 41.4267575124
1130.0 41.7968720568
1140.0 42.16698692
1150.0 42.5371020929
1160.0 42.9072175671
1170.0 43.2773333344
1180.0 43.6474493875
1190.0 44.0175657193
1200.0 44.3876823233
1210.0 44.7577991934
1220.0 45.1279163238
1230.0 45.4980337093
1240.0 45.8681513449
1250.0 46.2382692261
1260.0 46.6083873487
1270.0 46.9785057089
1280.0 47.348624303
1290.0 47.7187431279
1300.0 48.0888621807
1310.0 48.4589814587
1320.0 48.8291009597
1330.0 49.1992206816
1340.0 49.5693406226
1350.0 49.9394607812
1360.0 50.3095811562
1370.0 50.6797017465
1380.0 51.0498225515
1390.0 51.4199435706
1400.0 51.7900648036
1410.0 52.1601862503
1420.0 52.5303079111
1430.0 52.9004297863
1440.0 53.2705518765
1450.0 53.6406741827
1460.0 54.0107967058
1470.0 54.3809194471
1480.0 54.7510424083
1490.0 55.1211655908
1500.0 55.4912889967
1510.0 55.861412628
1520.0 56.2315364871
1530.0 56.6016605764
1540.0 56.9717848987
1550.0 57.341909457
1560.0 57.7120342542
1570.0 58.0821592937
1580.0 58.452284579
1590.0 58.8224101139
1600.0 59.1925359022
1610.0 59.5626619479
1620.0 59.9327882555
1630.0 60.3029148295
1640.0 60.6730416744
1650.0 61.0431687952
1660.0 61.413296197
1670.0 61.783423885
1680.0 62.1535518649
1690.0 62.5236801422
1700.0 62.8938087228
1710.0 63.2639376129
1720.0 63.6340668188
1730.0 64.004196347
1740.0 64.3743262042
1750.0 64.7444563972
1760.0 65.1145869334
1770.0 65.48471782
1780.0 65.8548490646
1790.0 66.224980675
1800.0 66.5951126591
1810.0 66.9652450252
1820.0 67.3353777817
1830.0 67.7055109374
1840.0 68.075644501
1850.0 68.4457784817
1860.0 68.8159128888
1870.0 69.186047732
1880.0 69.5561830209
1890.0 69.9263187657
1900.0 70.2964549766
1910.0 70.6665916642
1920.0 71.0367288392
1930.0 71.4068665125
1940.0 71.7770046956
1950.0 72.1471433997
1960.0 72.5172826368
1970.0 72.8874224188
1980.0 73.2575627579
1990.0 73.6277036667
2000.0 73.997845158
2010.0 74.3679872447
2020.0 74.7381299403
2030.0 75.1082732582
2040.0 75.4784172123
2050.0 75.8485618167
2060.0 76.2187070859
2070.0 76.5888530344
2080.0 76.9589996773
2090.0 77.3291470297
2100.0 77.6992951072
2110.0 78.0694439256
2120.0 78.439593501
2130.0 78.8097438498
2140.0 79.1798949886
2150.0 79.5500469345
2160.0 79.9201997046
2170.0 80.2903533167
2180.0 80.6605077886
2190.0 81.0306631384
2200.0 81.4008193848
2210.0 81.7709765464
2220.0 82.1411346425
2230.0 82.5112936924
2240.0 82.881453716
2250.0 83.2516147334
2260.0 83.6217767648
2270.0 83.9919398312
2280.0 84.3621039535
2290.0 84.7322691531
2300.0 85.1024354517
2310.0 85.4726028715
2320.0 85.8427714347
2330.0 86.2129411641
2340.0 86.5831120828
2350.0 86.9532842142
2360.0 87.3234575819
2370.0 87.6936322102
2380.0 88.0638081234
2390.0 88.4339853464
2400.0 88.8041639041
2410.0 89.1743438222
2420.0 89.5445251264
2430.0 89.9147078429
2440.0 90.2848919983
2450.0 90.6550776194
2460.0 91.0252647334
2470.0 91.395453368
2480.0 91.7656435511
2490.0 92.135835311
2500.0 92.5060286764
2510.0 92.8762236763
2520.0 93.24642034
2530.0 93.6166186974
2540.0 93.9868187784
2550.0 94.3570206136
2560.0 94.7272242338
2570.0 95.0974296701
2580.0 95.4676369541
2590.0 95.8378461177
2600.0 96.2080571931
2610.0 96.5782702129
2620.0 96.9484852101
2630.0 97.318702218
2640.0 97.6889212703
2650.0 98.059142401
2660.0 98.4293656445
2670.0 98.7995910355
2680.0 99.1698186092
2690.0 99.5400484008
2700.0 99.9102804463
2710.0 100.280514782
2720.0 100.650751444
2730.0 101.020990469
2740.0 101.391231894
2750.0 101.761475757
2760.0 102.131722096
2770.0 102.501970949
2780.0 102.872222354
2790.0 103.242476351
2800.0 103.612732977
2810.0 103.982992273
2820.0 104.353254279
2830.0 104.723519034
2840.0 105.09378658
2850.0 105.464056956
2860.0 105.834330203
2870.0 106.204606363
2880.0 106.574885478
2890.0 106.94516759
2900.0 107.31545274
2910.0 107.68574097
2920.0 108.056032325
2930.0 108.426326846
2940.0 108.796624577
2950.0 109.166925562
2960.0 109.537229844
2970.0 109.907537467
2980.0 110.277848475
2990.0 110.648162914
3000.0 111.018480827
3010.0 111.388802259
3020.0 111.759127256
3030.0 112.129455863
3040.0 112.499788126
3050.0 112.87012409
3060.0 113.240463802
3070.0 113.610807306
3080.0 113.981154651
3090.0 114.351505881
3100.0 114.721861045
3110.0 115.092220187
3120.0 115.462583356
3130.0 115.832950599
3140.0 116.203321962
3150.0 116.573697492
3160.0 116.944077238
3170.0 117.314461246
3180.0 117.684849565
3190.0 118.055242241
3200.0 118.425639323
3210.0 118.796040857
3220.0 119.166446893
3230.0 119.536857478
3240.0 119.907272659
3250.0 120.277692484
3260.0 120.648117002
3270.0 121.01854626
3280.0 121.388980306
3290.0 121.759419188
3300.0 122.129862954
3310.0 122.500311651
3320.0 122.870765327
3330.0 123.24122403
3340.0 123.611687806
3350.0 123.982156705
3360.0 124.352630772
3370.0 124.723110055
3380.0 125.093594601
3390.0 125.464084458
3400.0 125.834579671
3410.0 126.205080287
3420.0 126.575586353
3430.0 126.946097915
3440.0 127.316615019
3450.0 127.68713771
3460.0 128.057666035
3470.0 128.428200038
3480.0 128.798739764
3490.0 129.169285259
3500.0 129.539836566
3510.0 129.910393731
3520.0 130.280956796
3530.0 130.651525805
3540.0 131.022100801
3550.0 131.392681828
3560.0 131.763268927
3570.0 132.133862141
3580.0 132.504461512
3590.0 132.87506708
3600.0 133.245678886
3610.0 133.616296971
3620.0 133.986921375
3630.0 134.357552137
3640.0 134.728189297
3650.0 135.098832892
3660.0 135.46948296
3670.0 135.84013954
3680.0 136.210802668
3690.0 136.58147238
3700.0 136.952148713
3710.0 137.322831701
3720.0 137.693521379
3730.0 138.064217781
3740.0 138.434920941
3750.0 138.805630891
3760.0 139.176347663
3770.0 139.547071289
3780.0 139.9178018
3790.0 140.288539226
3800.0 140.659283596
3810.0 141.030034939
3820.0 141.400793282
3830.0 141.771558654
3840.0 142.14233108
3850.0 142.513110586
3860.0 142.883897197
3870.0 143.254690938
3880.0 143.625491831
3890.0 143.996299899
3900.0 144.367115163
3910.0 144.737937646
3920.0 145.108767365
3930.0 145.479604342
3940.0 145.850448593
3950.0 146.221300136
3960.0 146.592158988
3970.0 146.963025164
3980.0 147.333898678
3990.0 147.704779545
4000.0 148.075667778
4010.0 148.446563387
4020.0 148.817466383
4030.0 149.188376778
4040.0 149.559294578
4050.0 149.930219793
4060.0 150.30115243
4070.0 150.672092493
4080.0 151.043039988
4090.0 151.413994918
4100.0 151.784957287
4110.0 152.155927096
4120.0 152.526904346
4130.0 152.897889036
4140.0 153.268881165
4150.0 153.63988073
4160.0 154.010887729
4170.0 154.381902155
4180.0 154.752924004
4190.0 155.123953268
4200.0 155.494989939
4210.0 155.866034009
4220.0 156.237085467
4230.0 156.608144301
4240.0 156.9792105
4250.0 157.35028405
4260.0 157.721364936
4270.0 158.092453142
4280.0 158.463548651
4290.0 158.834651445
4300.0 159.205761506
4310.0 159.576878811
4320.0 159.948003341
4330.0 160.319135072
4340.0 160.69027398
4350.0 161.061420041
4360.0 161.432573227
4370.0 161.803733513
4380.0 162.17490087
4390.0 162.546075268
4400.0 162.917256676
4410.0 163.288445062
4420.0 163.659640394
4430.0 164.030842638
4440.0 164.402051757
4450.0 164.773267716
4460.0 165.144490478
4470.0 165.515720003
4480.0 165.886956251
4490.0 166.258199183
4500.0 166.629448755
4510.0 167.000704926
4520.0 167.37196765
4530.0 167.743236882
4540.0 168.114512576
4550.0 168.485794685
4560.0 168.857083159
4570.0 169.22837795
4580.0 169.599679006
4590.0 169.970986276
4600.0 170.342299707
4610.0 170.713619246
4620.0 171.084944837
4630.0 171.456276425
4640.0 171.827613953
4650.0 172.198957362
4660.0 172.570306595
4670.0 172.941661591
4680.0 173.31302229
4690.0 173.684388629
4700.0 174.055760547
4710.0 174.42713798
4720.0 174.798520863
4730.0 175.16990913
4740.0 175.541302717
4750.0 175.912701554
4760.0 176.284105576
4770.0 176.655514712
4780.0 177.026928893
4790.0 177.398348048
4800.0 177.769772107
4810.0 178.141200997
4820.0 178.512634645
4830.0 178.884072979
4840.0 179.255515923
4850.0 179.626963403
4860.0 179.998415343
4870.0 180.369871667
4880.0 180.741332297
4890.0 181.112797147
4900.0 181.484266153
4910.0 181.855739227
4920.0 182.227216291
4930.0 182.598697264
4940.0 182.970182065
4950.0 183.341670613
4960.0 183.713162826
4970.0 184.084658622
4980.0 184.456157917
4990.0 184.827660629
5000.0 185.199166673
5010.0 185.570675966
5020.0 185.942188422
5030.0 186.313703956
5040.0 186.685222483
5050.0 187.056743916
5060.0 187.428268171
5070.0 187.799795159
5080.0 188.171324794
5090.0 188.54285699
5100.0 188.914391657
5110.0 189.28592871
5120.0 189.657468059
5130.0 190.029009618
5140.0 190.400553296
5150.0 190.772099007
5160.0 191.143646662
5170.0 191.515196171
5180.0 191.886747446
5190.0 192.258300398
5200.0 192.629854938
5210.0 193.001410977
5220.0 193.372968427
5230.0 193.744527197
5240.0 194.1160872
5250.0 194.487648347
5260.0 194.859210547
5270.0 195.230773714
5280.0 195.602337757
5290.0 195.97390259
5300.0 196.345468122
5310.0 196.717034266
5320.0 197.088600934
5330.0 197.460168038
5340.0 197.831735491
5350.0 198.203303205
5360.0 198.574871094
5370.0 198.946439069
5380.0 199.318007046
5390.0 199.689574937
5400.0 200.061142657
5410.0 200.43271012
5420.0 200.804277242
5430.0 201.175843938
5440.0 201.547410123
5450.0 201.918975713
5460.0 202.290540626
5470.0 202.662104778
5480.0 203.033668087
5490.0 203.405230471
5500.0 203.776791849
5510.0 204.14835214
5520.0 204.519911262
5530.0 204.891469138
5540.0 205.263025687
5550.0 205.634580832
5560.0 206.006134493
5570.0 206.377686594
5580.0 206.749237059
5590.0 207.12078581
5600.0 207.492332774
5610.0 207.863877875
5620.0 208.235421039
5630.0 208.606962194
5640.0 208.978501266
5650.0 209.350038184
5660.0 209.721572878
5670.0 210.093105276
5680.0 210.46463531
5690.0 210.836162911
5700.0 211.207688012
5710.0 211.579210544
5720.0 211.950730442
5730.0 212.322247642
5740.0 212.693762077
5750.0 213.065273685
5760.0 213.436782403
5770.0 213.80828817
5780.0 214.179790923
5790.0 214.551290604
5800.0 214.922787152
5810.0 215.29428051
5820.0 215.665770621