0.0 0.0
120.0 4.49785318082
120.625 4.52030837326
121.25 4.54277231867
122.5 4.58772577906
123.75 4.63271222803
125.0 4.67773040004
126.25 4.72277909374
127.5 4.76785716823
128.75 4.81296353932
130.0 4.85809717631
131.25 4.90325709874
132.5 4.94844237356
133.75 4.99365211236
135.0 5.03888546881
136.25 5.0841416363
137.5 5.12941984572
138.75 5.17471936334
140.0 5.22003948887
141.25 5.26537955364
142.5 5.31073891886
143.75 5.35611697403
145.0 5.4015131354
146.25 5.4469268446
147.5 5.49235756723
148.75 5.53780479169
150.0 5.58326802793
151.25 5.62874680638
152.5 5.67424067689
153.75 5.71974920775
155.0 5.76527198476
156.25 5.81080861036
157.5 5.85635870281
158.75 5.90192189539
160.0 5.94749783571
161.25 5.99308618496
162.5 6.03868661731
165.0 6.12992248901
167.5 6.22120308053
170.0 6.3125261926
172.5 6.40388978158
175.0 6.49529194557
177.5 6.58673091198
180.0 6.67820502635
182.5 6.76971274225
185.0 6.86125261223
187.5 6.95282327957
190.0 7.0444234709
192.5 7.13605198948
195.0 7.22770770909
197.5 7.31938956857
200.0 7.41109656672
202.5 7.50282775784
205.0 7.5945822475
207.5 7.68635918883
210.0 7.77815777899
212.5 7.86997725611
215.0 7.96181689635
217.5 8.0536760113
220.0 8.14555394556
222.5 8.2374500745
225.0 8.32936380228
230.0 8.5132418038
235.0 8.69718369153
240.0 8.88118556233
245.0 9.06524382715
250.0 9.2493551757
255.0 9.43351654618
260.0 9.61772509928
265.0 9.80197819568
270.0 9.9862733766
275.0 10.1706083468
280.0 10.3549809599
285.0 10.5393892051
290.0 10.7238311961
295.0 10.9083051607
300.0 11.0928094322
305.0 11.2773424407
310.0 11.4619027068
315.0 11.6464888346
320.0 11.8310995059
330.0 12.2003895654
340.0 12.5697637105
350.0 12.9392137219
360.0 13.3087322233
370.0 13.6783125865
380.0 14.0479488486
390.0 14.4176356413
400.0 14.7873681284
410.0 15.1571419511
420.0 15.5269531797
430.0 15.8967982699
440.0 16.266674025
450.0 16.6365775609
460.0 17.0065062754
470.0 17.3764578204
480.0 17.7464300769
490.0 18.1164211326
500.0 18.4864292611
510.0 18.8564529041
520.0 19.2264906549
530.0 19.5965412429
540.0 19.9666035208
550.0 20.3366764519
560.0 20.7067590997
570.0 21.0768506177
580.0 21.4469502404
590.0 21.8170572755
600.0 22.1871710966
610.0 22.5572911366
620.0 22.9274168819
630.0 23.2975478672
640.0 23.6676836705
650.0 24.0378239089
660.0 24.407968235
670.0 24.7781163331
680.0 25.148267916
690.0 25.5184227228
700.0 25.8885805156
710.0 26.2587410777
720.0 26.6289042115
730.0 26.9990697366
740.0 27.3692374879
750.0 27.7394073148
760.0 28.109579079
770.0 28.479752654
780.0 28.8499279237
790.0 29.2201047812
800.0 29.5902831285
810.0 29.9604628753
820.0 30.3306439383
830.0 30.7008262407
840.0 31.0710097117
850.0 31.4411942855
860.0 31.8113799015
870.0 32.1815665034
880.0 32.5517540391
890.0 32.92194246
900.0 33.2921317211
910.0 33.6623217804
920.0 34.0325125988
930.0 34.40270414
940.0 34.7728963699
950.0 35.1430892567
960.0 35.5132827707
970.0 35.8834768842
980.0 36.2536715712
990.0 36.6238668071
1000.0 36.9940625692
1010.0 37.3642588359
1020.0 37.7344555872
1030.0 38.1046528041
1040.0 38.4748504688
1050.0 38.8450485645
1060.0 39.2152470756
1070.0 39.5854459872
1080.0 39.9556452854
1090.0 40.3258449571
1100.0 40.69604499
1110.0 41.0662453726
1120.0 41.4364460937
1130.0 41.8066471434
1140.0 42.1768485117
1150.0 42.5470501898
1160.0 42.9172521691
1170.0 43.2874544417
1180.0 43.6576569999
1190.0 44.0278598369
1200.0 44.3980629461
1210.0 44.7682663214
1220.0 45.138469957
1230.0 45.5086738477
1240.0 45.8788779885
1250.0 46.2490823749
1260.0 46.6192870027
1270.0 46.989491868
1280.0 47.3596969674
1290.0 47.7299022975
1300.0 48.1001078554
1310.0 48.4703136387
1320.0 48.8405196448
1330.0 49.2107258719
1340.0 49.5809323181
1350.0 49.9511389819
1360.0 50.321345862
1370.0 50.6915529576
1380.0 51.0617602678
1390.0 51.4319677921
1400.0 51.8021755302
1410.0 52.1723834822
1420.0 52.5425916481
1430.0 52.9128000285
1440.0 53.2830086239
1450.0 53.6532174353
1460.0 54.0234264636
1470.0 54.3936357101
1480.0 54.7638451764
1490.0 55.1340548641
1500.0 55.5042647752
1510.0 55.8744749117
1520.0 56.244685276
1530.0 56.6148958705
1540.0 56.9851066981
1550.0 57.3553177615
1560.0 57.7255290639
1570.0 58.0957406086
1580.0 58.4659523991
1590.0 58.8361644391
1600.0 59.2063767326
1610.0 59.5765892836
1620.0 59.9468020964
1630.0 60.3170151755
1640.0 60.6872285256
1650.0 61.0574421516
1660.0 61.4276560586
1670.0 61.7978702518
1680.0 62.1680847368
1690.0 62.5382995193
1700.0 62.9085146052
1710.0 63.2787300005
1720.0 63.6489457116
1730.0 64.0191617449
1740.0 64.3893781073
1750.0 64.7595948056
1760.0 65.1298118469
1770.0 65.5000292387
1780.0 65.8702469885
1790.0 66.240465104
1800.0 66.6106835933
1810.0 66.9809024646
1820.0 67.3511217264
1830.0 67.7213413872
1840.0 68.091561456
1850.0 68.4617819419
1860.0 68.8320028542
1870.0 69.2022242026
1880.0 69.5724459967
1890.0 69.9426682467
1900.0 70.3128909628
1910.0 70.6831141555
1920.0 71.0533378357
1930.0 71.4235620143
1940.0 71.7937867025
1950.0 72.1640119119
1960.0 72.5342376541
1970.0 72.9044639413
1980.0 73.2746907856
1990.0 73.6449181996
2000.0 74.0151461961
2010.0 74.385374788
2020.0 74.7556039887
2030.0 75.1258338118
2040.0 75.4960642711
2050.0 75.8662953807
2060.0 76.2365271551
2070.0 76.6067596088
2080.0 76.9769927569
2090.0 77.3472266145
2100.0 77.7174611972
2110.0 78.0876965208
2120.0 78.4579326014
2130.0 78.8281694553
2140.0 79.1984070993
2150.0 79.5686455504
2160.0 79.9388848257
2170.0 80.309124943
2180.0 80.6793659201
2190.0 81.0496077751
2200.0 81.4198505266
2210.0 81.7900941935
2220.0 82.1603387947
2230.0 82.5305843499
2240.0 82.9008308787
2250.0 83.2710784012
2260.0 83.6413269379
2270.0 84.0115765094
2280.0 84.3818271369
2290.0 84.7520788417
2300.0 85.1223316455
2310.0 85.4925855704
2320.0 85.8628406388
2330.0 86.2330968734
2340.0 86.6033542973
2350.0 86.9736129339
2360.0 87.3438728068
2370.0 87.7141339403
2380.0 88.0843963587
2390.0 88.4546600868
2400.0 88.8249251498
2410.0 89.195191573
2420.0 89.5654593824
2430.0 89.9357286042
2440.0 90.3059992647
2450.0 90.676271391
2460.0 91.0465450102
2470.0 91.41682015
2480.0 91.7870968383
2490.0 92.1573751034
2500.0 92.527654974
2510.0 92.897936479
2520.0 93.268219648
2530.0 93.6385045105
2540.0 94.0087910967
2550.0 94.3790794371
2560.0 94.7493695625
2570.0 95.119661504
2580.0 95.4899552932
2590.0 95.860250962
2600.0 96.2305485426
2610.0 96.6008480676
2620.0 96.97114957
2630.0 97.3414530831
2640.0 97.7117586406
2650.0 98.0820662765
2660.0 98.4523760251
2670.0 98.8226879214
2680.0 99.1930020002
2690.0 99.563318297
2700.0 99.9336368477
2710.0 100.303957688
2720.0 100.674280855
2730.0 101.044606386
2740.0 101.414934316
2750.0 101.785264685
2760.0 102.155597529
2770.0 102.525932887
2780.0 102.896270797
2790.0 103.266611299
2800.0 103.636954431
2810.0 104.007300232
2820.0 104.377648743
2830.0 104.748000003
2840.0 105.118354054
2850.0 105.488710935
2860.0 105.859070687
2870.0 106.229433353
2880.0 106.599798973
2890.0 106.97016759
2900.0 107.340539245
2910.0 107.710913981
2920.0 108.081291841
2930.0 108.451672867
2940.0 108.822057103
2950.0 109.192444593
2960.0 109.56283538
2970.0 109.933229508
2980.0 110.303627022
2990.0 110.674027966
3000.0 111.044432384
3010.0 111.414840321
3020.0 111.785251824
3030.0 112.155666936
3040.0 112.526085704
3050.0 112.896508173
3060.0 113.26693439
3070.0 113.6373644
3080.0 114.00779825
3090.0 114.378235985
3100.0 114.748677654
3110.0 115.119123301
3120.0 115.489572976
3130.0 115.860026723
3140.0 116.230484591
3150.0 116.600946627
3160.0 116.971412878
3170.0 117.341883392
3180.0 117.712358215
3190.0 118.082837397
3200.0 118.453320984
3210.0 118.823809024
3220.0 119.194301564
3230.0 119.564798654
3240.0 119.93530034
3250.0 120.305806671
3260.0 120.676317694
3270.0 121.046833457
3280.0 121.417354009
3290.0 121.787879396
3300.0 122.158409667
3310.0 122.528944869
3320.0 122.89948505
3330.0 123.270030258
3340.0 123.64058054
3350.0 124.011135943
3360.0 124.381696516
3370.0 124.752262304
3380.0 125.122833356
3390.0 125.493409717
3400.0 125.863991435
3410.0 126.234578557
3420.0 126.605171128
3430.0 126.975769195
3440.0 127.346372804
3450.0 127.716982001
3460.0 128.087596831
3470.0 128.458217339
3480.0 128.828843571
3490.0 129.19947557
3500.0 129.570113383
3510.0 129.940757053
3520.0 130.311406623
3530.0 130.682062137
3540.0 131.052723639
3550.0 131.423391171
3560.0 131.794064775
3570.0 132.164744494
3580.0 132.53543037
3590.0 132.906122443
3600.0 133.276820755
3610.0 133.647525345
3620.0 134.018236254
3630.0 134.388953521
3640.0 134.759677186
3650.0 135.130407286
3660.0 135.50114386
3670.0 135.871886945
3680.0 136.242636578
3690.0 136.613392795
3700.0 136.984155633
3710.0 137.354925126
3720.0 137.72570131
3730.0 138.096484217
3740.0 138.467273882
3750.0 138.838070337
3760.0 139.208873615
3770.0 139.579683746
3780.0 139.950500762
3790.0 140.321324693
3800.0 140.692155568
3810.0 141.062993416
3820.0 141.433838265
3830.0 141.804690141
3840.0 142.175549073
3850.0 142.546415084
3860.0 142.917288201
3870.0 143.288168446
3880.0 143.659055845
3890.0 144.029950418
3900.0 144.400852188
3910.0 144.771761175
3920.0 145.1426774
3930.0 145.513600881
3940.0 145.884531638
3950.0 146.255469686
3960.0 146.626415043
3970.0 146.997367724
3980.0 147.368327744
3990.0 147.739295116
4000.0 148.110269854
4010.0 148.481251968
4020.0 148.85224147
4030.0 149.223238369
4040.0 149.594242675
4050.0 149.965254395
4060.0 150.336273537
4070.0 150.707300105
4080.0 151.078334105
4090.0 151.449375541
4100.0 151.820424415
4110.0 152.191480729
4120.0 152.562544484
4130.0 152.933615679
4140.0 153.304694314
4150.0 153.675780384
4160.0 154.046873888
4170.0 154.417974819
4180.0 154.789083173
4190.0 155.160198942
4200.0 155.531322119
4210.0 155.902452694
4220.0 156.273590657
4230.0 156.644735997
4240.0 157.015888701
4250.0 157.387048756
4260.0 157.758216147
4270.0 158.129390858
4280.0 158.500572872
4290.0 158.871762172
4300.0 159.242958737
4310.0 159.614162548
4320.0 159.985373583
4330.0 160.356591819
4340.0 160.727817232
4350.0 161.099049798
4360.0 161.47028949
4370.0 161.841536282
4380.0 162.212790143
4390.0 162.584051046
4400.0 162.955318959
4410.0 163.326593851
4420.0 163.697875688
4430.0 164.069164437
4440.0 164.440460062
4450.0 164.811762526
4460.0 165.183071793
4470.0 165.554387823
4480.0 165.925710577
4490.0 166.297040013
4500.0 166.668376091
4510.0 167.039718767
4520.0 167.411067996
4530.0 167.782423733
4540.0 168.153785932
4550.0 168.525154546
4560.0 168.896529526
4570.0 169.267910822
4580.0 169.639298383
4590.0 170.010692158
4600.0 170.382092095
4610.0 170.753498139
4620.0 171.124910235
4630.0 171.496328328
4640.0 171.867752361
4650.0 172.239182276
4660.0 172.610618014
4670.0 172.982059515
4680.0 173.353506719
4690.0 173.724959564
4700.0 174.096417987
4710.0 174.467881925
4720.0 174.839351313
4730.0 175.210826085
4740.0 175.582306177
4750.0 175.95379152
4760.0 176.325282046
4770.0 176.696777687
4780.0 177.068278373
4790.0 177.439784034
4800.0 177.811294598
4810.0 178.182809993
4820.0 178.554330147
4830.0 178.925854986
4840.0 179.297384435
4850.0 179.66891842
4860.0 180.040456865
4870.0 180.411999694
4880.0 180.78354683
4890.0 181.155098185
4900.0 181.526653696
4910.0 181.898213276
4920.0 182.269776845
4930.0 182.641344323
4940.0 183.012915629
4950.0 183.384490682
4960.0 183.7560694
4970.0 184.127651701
4980.0 184.499237502
4990.0 184.870826719
5000.0 185.242419268
5010.0 185.614015066
5020.0 185.985614027
5030.0 186.357216066
5040.0 186.728821099
5050.0 187.100429037
5060.0 187.472039797
5070.0 187.84365329
5080.0 188.215269431
5090.0 188.586888132
5100.0 188.958509304
5110.0 189.330132862
5120.0 189.701758717
5130.0 190.07338678
5140.0 190.445016964
5150.0 190.81664918
5160.0 191.18828334
5170.0 191.559919354
5180.0 191.931557134
5190.0 192.303196591
5200.0 192.674837637
5210.0 193.046480181
5220.0 193.418124136
5230.0 193.789769412
5240.0 194.16141592
5250.0 194.533063572
5260.0 194.904712278
5270.0 195.276361949
5280.0 195.648012498
5290.0 196.019663835
5300.0 196.391315873
5310.0 196.762968522
5320.0 197.134621695
5330.0 197.506275305
5340.0 197.877929263
5350.0 198.249583482
5360.0 198.621237876
5370.0 198.992892356
5380.0 199.364546838
5390.0 199.736201234
5400.0 200.10785546
5410.0 200.479509428
5420.0 200.851163055
5430.0 201.222816256
5440.0 201.594468946
5450.0 201.966121042
5460.0 202.33777246
5470.0 202.709423117
5480.0 203.081072932
5490.0 203.452721821
5500.0 203.824369704
5510.0 204.196016499
5520.0 204.567662127
5530.0 204.939306508
5540.0 205.310949563
5550.0 205.682591212
5560.0 206.054231379
5570.0 206.425869985
5580.0 206.797506955
5590.0 207.169142212
5600.0 207.54077568
5610.0 207.912407287
5620.0 208.284036956
5630.0 208.655664616
5640.0 209.027290193
5650.0 209.398913617
5660.0 209.770534816
5670.0 210.142153719
5680.0 210.513770259
5690.0 210.885384365
5700.0 211.25699597
5710.0 211.628605008
5720.0 212.000211411
5730.0 212.371815116
5740.0 212.743416056
5750.0 213.11501417
5760.0 213.486609393
5770.0 213.858201665
5780.0 214.229790923
5790.0 214.601377109
5800.0 214.972960162
5810.0 215.344540026
5820.0 215.716116641