0.0 0.0
120.0 4.49836464571
120.625 4.52082250133
121.25 4.5432891099
122.5 4.58824789659
123.75 4.63323967184
125.0 4.67826317008
126.25 4.72331718999
127.5 4.76840059063
128.75 4.81351228785
130.0 4.85865125092
131.25 4.90381649941
132.5 4.94900710025
133.75 4.99422216502
135.0 5.0394608474
136.25 5.0847223408
137.5 5.13000587608
138.75 5.17531071953
140.0 5.22063617084
141.25 5.26598156136
142.5 5.31134625228
143.75 5.35672963312
145.0 5.40213112012
146.25 5.4475501549
147.5 5.49298620309
148.75 5.53843875305
150.0 5.58390731476
151.25 5.62939141863
152.5 5.67489061452
153.75 5.72040447072
155.0 5.76593257303
156.25 5.81147452389
157.5 5.85702994156
158.75 5.90259845932
160.0 5.94817972477
161.25 5.99377339911
162.5 6.0393791565
165.0 6.13062567816
167.5 6.22191691946
170.0 6.31325068113
172.5 6.40462491953
175.0 6.49603773276
177.5 6.58748734823
180.0 6.67897211147
182.5 6.77049047605
185.0 6.86204099452
187.5 6.95362231015
190.0 7.04523314958
192.5 7.13687231606
195.0 7.22853868337
197.5 7.32023119034
200.0 7.41194883578
202.5 7.50369067398
205.0 7.59545581052
207.5 7.68724339849
210.0 7.77905263509
212.5 7.87088275844
215.0 7.96273304468
217.5 8.05460280541
220.0 8.14649138522
222.5 8.23839815948
225.0 8.33032253236
230.0 8.51422182336
235.0 8.6981849996
240.0 8.88220815794
245.0 9.0662877093
250.0 9.25042034335
255.0 9.43460299828
260.0 9.61883283476
265.0 9.80310721345
270.0 9.98742367552
275.0 10.1717799257
280.0 10.3561738176
285.0 10.5406033404
290.0 10.7250666078
295.0 10.9095618476
300.0 11.0940873929
305.0 11.2786416739
310.0 11.4632232112
315.0 11.6478306087
320.0 11.8324625484
330.0 12.2017951404
340.0 12.5712118119
350.0 12.9407043433
360.0 13.3102653583
370.0 13.6798882282
380.0 14.0495669898
390.0 14.4192962744
400.0 14.7890712457
410.0 15.1588875445
420.0 15.5287412407
430.0 15.8986287896
440.0 16.2685469941
450.0 16.6384929698
460.0 17.008464114
470.0 17.3784580783
480.0 17.7484727432
490.0 18.1185061958
500.0 18.4885567094
510.0 18.8586227253
520.0 19.228702836
530.0 19.5987957706
540.0 19.9689003811
550.0 20.3390156303
560.0 20.7091405813
570.0 21.0792743866
580.0 21.4494162803
590.0 21.8195655695
600.0 22.1897216271
610.0 22.5598838852
620.0 22.9300518295
630.0 23.300224994
640.0 23.6704029558
650.0 24.0405853314
660.0 24.4107717724
670.0 24.7809619623
680.0 25.1511556131
690.0 25.5213524627
700.0 25.8915522725
710.0 26.2617548248
720.0 26.6319599209
730.0 27.0021673793
740.0 27.372377034
750.0 27.7425887331
760.0 28.1128023372
770.0 28.4830177186
780.0 28.8532347598
790.0 29.2234533529
800.0 29.5936733985
810.0 29.9638948048
820.0 30.3341174872
830.0 30.7043413674
840.0 31.074566373
850.0 31.4447924368
860.0 31.8150194966
870.0 32.1852474944
880.0 32.5554763763
890.0 32.9257060921
900.0 33.2959365948
910.0 33.6661678407
920.0 34.0363997888
930.0 34.4066324006
940.0 34.77686564
950.0 35.1470994732
960.0 35.5173338684
970.0 35.8875687954
980.0 36.2578042258
990.0 36.628040133
1000.0 36.9982764916
1010.0 37.3685132776
1020.0 37.7387504682
1030.0 38.1089880418
1040.0 38.4792259779
1050.0 38.8494642568
1060.0 39.2197028599
1070.0 39.5899417694
1080.0 39.9601809682
1090.0 40.3304204401
1100.0 40.7006601694
1110.0 41.0709001412
1120.0 41.441140341
1130.0 41.8113807551
1140.0 42.18162137
1150.0 42.5518621729
1160.0 42.9221031515
1170.0 43.2923442937
1180.0 43.6625855879
1190.0 44.0328270229
1200.0 44.4030685878
1210.0 44.773310272
1220.0 45.1435520653
1230.0 45.5137939575
1240.0 45.8840359389
1250.0 46.2542779999
1260.0 46.6245201314
1270.0 46.994762324
1280.0 47.365004569
1290.0 47.7352468575
1300.0 48.105489181
1310.0 48.475731531
1320.0 48.8459738992
1330.0 49.2162162774
1340.0 49.5864586576
1350.0 49.9567010316
1360.0 50.3269433918
1370.0 50.6971857301
1380.0 51.067428039
1390.0 51.4376703108
1400.0 51.8079125377
1410.0 52.1781547123
1420.0 52.548396827
1430.0 52.9186388743
1440.0 53.2888808468
1450.0 53.6591227369
1460.0 54.0293645372
1470.0 54.3996062403
1480.0 54.7698478387
1490.0 55.140089325
1500.0 55.5103306916
1510.0 55.880571931
1520.0 56.2508130357
1530.0 56.6210539982
1540.0 56.9912948109
1550.0 57.361535466
1560.0 57.7317759559
1570.0 58.1020162728
1580.0 58.472256409
1590.0 58.8424963565
1600.0 59.2127361073
1610.0 59.5829756535
1620.0 59.9532149869
1630.0 60.3234540994
1640.0 60.6936929827
1650.0 61.0639316283
1660.0 61.4341700279
1670.0 61.8044081728
1680.0 62.1746460543
1690.0 62.5448836638
1700.0 62.9151209922
1710.0 63.2853580306
1720.0 63.6555947697
1730.0 64.0258312004
1740.0 64.3960673132
1750.0 64.7663030985
1760.0 65.1365385467
1770.0 65.506773648
1780.0 65.8770083924
1790.0 66.2472427697
1800.0 66.6174767697
1810.0 66.9877103819
1820.0 67.3579435958
1830.0 67.7281764005
1840.0 68.0984087852
1850.0 68.4686407387
1860.0 68.8388722497
1870.0 69.2091033067
1880.0 69.5793338981
1890.0 69.9495640121
1900.0 70.3197936366
1910.0 70.6900227593
1920.0 71.0602513679
1930.0 71.4304794497
1940.0 71.8007069918
1950.0 72.1709339812
1960.0 72.5411604046
1970.0 72.9113862485
1980.0 73.2816114992
1990.0 73.6518361429
2000.0 74.0220601652
2010.0 74.3922835519
2020.0 74.7625062883
2030.0 75.1327283595
2040.0 75.5029497504
2050.0 75.8731704457
2060.0 76.2433904297
2070.0 76.6136096867
2080.0 76.9838282004
2090.0 77.3540459546
2100.0 77.7242629327
2110.0 78.0944791176
2120.0 78.4646944923
2130.0 78.8349090393
2140.0 79.2051227409
2150.0 79.5753355792
2160.0 79.9455475359
2170.0 80.3157585924
2180.0 80.68596873
2190.0 81.0561779294
2200.0 81.4263861713
2210.0 81.7965934361
2220.0 82.1667997036
2230.0 82.5370049536
2240.0 82.9072091655
2250.0 83.2774123184
2260.0 83.6476143911
2270.0 84.017815362
2280.0 84.3880152093
2290.0 84.758213911
2300.0 85.1284114444
2310.0 85.4986077868
2320.0 85.8688029151
2330.0 86.238996806
2340.0 86.6091894355
2350.0 86.9793807797
2360.0 87.349570814
2370.0 87.7197595139
2380.0 88.0899468541
2390.0 88.4601328093
2400.0 88.8303173537
2410.0 89.2005004613
2420.0 89.5706821055
2430.0 89.9408622596
2440.0 90.3110408966
2450.0 90.6812179889
2460.0 91.0513935087
2470.0 91.4215674278
2480.0 91.7917397179
2490.0 92.16191035
2500.0 92.5320792949
2510.0 92.902246523
2520.0 93.2724120046
2530.0 93.6425757093
2540.0 94.0127376064
2550.0 94.3828976652
2560.0 94.7530558542
2570.0 95.1232121418
2580.0 95.493366496
2590.0 95.8635188844
2600.0 96.2336692744
2610.0 96.6038176327
2620.0 96.9739639261
2630.0 97.3441081208
2640.0 97.7142501826
2650.0 98.0843900771
2660.0 98.4545277694
2670.0 98.8246632245
2680.0 99.1947964067
2690.0 99.5649272803
2700.0 99.9350558091
2710.0 100.305181956
2720.0 100.675305686
2730.0 101.045426959
2740.0 101.41554574
2750.0 101.78566199
2760.0 102.155775671
2770.0 102.525886744
2780.0 102.895995171
2790.0 103.266100912
2800.0 103.636203928
2810.0 104.006304179
2820.0 104.376401624
2830.0 104.746496225
2840.0 105.116587939
2850.0 105.486676726
2860.0 105.856762544
2870.0 106.226845352
2880.0 106.596925107
2890.0 106.967001768
2900.0 107.337075293
2910.0 107.707145637
2920.0 108.077212759
2930.0 108.447276615
2940.0 108.817337161
2950.0 109.187394354
2960.0 109.557448149
2970.0 109.927498502
2980.0 110.297545369
2990.0 110.667588705
3000.0 111.037628465
3010.0 111.407664603
3020.0 111.777697074
3030.0 112.147725833
3040.0 112.517750833
3050.0 112.887772029
3060.0 113.257789375
3070.0 113.627802823
3080.0 113.997812328
3090.0 114.367817842
3100.0 114.737819319
3110.0 115.107816712
3120.0 115.477809973
3130.0 115.847799056
3140.0 116.217783912
3150.0 116.587764494
3160.0 116.957740756
3170.0 117.327712648
3180.0 117.697680123
3190.0 118.067643133
3200.0 118.437601631
3210.0 118.807555568
3220.0 119.177504896
3230.0 119.547449567
3240.0 119.917389533
3250.0 120.287324746
3260.0 120.657255157
3270.0 121.027180719
3280.0 121.397101384
3290.0 121.767017103
3300.0 122.136927828
3310.0 122.506833512
3320.0 122.876734106
3330.0 123.246629562
3340.0 123.616519833
3350.0 123.986404872
3360.0 124.35628463
3370.0 124.72615906
3380.0 125.096028115
3390.0 125.465891748
3400.0 125.835749911
3410.0 126.205602558
3420.0 126.575449642
3430.0 126.945291117
3440.0 127.315126937
3450.0 127.684957055
3460.0 128.054781425
3470.0 128.424600003
3480.0 128.794412743
3490.0 129.1642196
3500.0 129.534020528
3510.0 129.903815485
3520.0 130.273604425
3530.0 130.643387305
3540.0 131.013164082
3550.0 131.382934712
3560.0 131.752699153
3570.0 132.122457362
3580.0 132.492209298
3590.0 132.861954919
3600.0 133.231694184
3610.0 133.601427052
3620.0 133.971153483
3630.0 134.340873438
3640.0 134.710586877
3650.0 135.080293761
3660.0 135.449994053
3670.0 135.819687714
3680.0 136.189374707
3690.0 136.559054996
3700.0 136.928728545
3710.0 137.298395318
3720.0 137.668055281
3730.0 138.037708398
3740.0 138.407354637
3750.0 138.776993964
3760.0 139.146626347
3770.0 139.516251755
3780.0 139.885870156
3790.0 140.255481519
3800.0 140.625085816
3810.0 140.994683017
3820.0 141.364273095
3830.0 141.733856021
3840.0 142.103431769
3850.0 142.473000312
3860.0 142.842561627
3870.0 143.212115688
3880.0 143.581662473
3890.0 143.951201957
3900.0 144.32073412
3910.0 144.690258939
3920.0 145.059776396
3930.0 145.42928647
3940.0 145.798789143
3950.0 146.168284398
3960.0 146.537772218
3970.0 146.907252586
3980.0 147.276725489
3990.0 147.646190912
4000.0 148.015648843
4010.0 148.385099268
4020.0 148.754542178
4030.0 149.123977561
4040.0 149.49340541
4050.0 149.862825716
4060.0 150.232238471
4070.0 150.601643669
4080.0 150.971041306
4090.0 151.340431378
4100.0 151.709813881
4110.0 152.079188813
4120.0 152.448556174
4130.0 152.817915964
4140.0 153.187268183
4150.0 153.556612834
4160.0 153.925949921
4170.0 154.295279447
4180.0 154.664601419
4190.0 155.033915842
4200.0 155.403222726
4210.0 155.772522077
4220.0 156.141813908
4230.0 156.511098227
4240.0 156.880375049
4250.0 157.249644385
4260.0 157.618906251
4270.0 157.988160661
4280.0 158.357407633
4290.0 158.726647185
4300.0 159.095879335
4310.0 159.465104104
4320.0 159.834321512
4330.0 160.203531583
4340.0 160.572734339
4350.0 160.941929806
4360.0 161.311118009
4370.0 161.680298976
4380.0 162.049472733
4390.0 162.418639312
4400.0 162.787798741
4410.0 163.156951053
4420.0 163.526096281
4430.0 163.895234457
4440.0 164.264365618
4450.0 164.633489799
4460.0 165.002607037
4470.0 165.371717371
4480.0 165.74082084
4490.0 166.109917485
4500.0 166.479007348
4510.0 166.848090471
4520.0 167.217166898
4530.0 167.586236674
4540.0 167.955299845
4550.0 168.324356459
4560.0 168.693406564
4570.0 169.062450208
4580.0 169.431487443
4590.0 169.800518319
4600.0 170.169542889
4610.0 170.538561207
4620.0 170.907573327
4630.0 171.276579305
4640.0 171.645579197
4650.0 172.01457306
4660.0 172.383560954
4670.0 172.752542937
4680.0 173.12151907
4690.0 173.490489414
4700.0 173.859454032
4710.0 174.228412987
4720.0 174.597366342
4730.0 174.966314164
4740.0 175.335256518
4750.0 175.70419347
4760.0 176.073125089
4770.0 176.442051442
4780.0 176.8109726
4790.0 177.179888631
4800.0 177.548799608
4810.0 177.917705602
4820.0 178.286606685
4830.0 178.65550293
4840.0 179.024394411
4850.0 179.393281203
4860.0 179.762163381
4870.0 180.131041021
4880.0 180.499914199
4890.0 180.868783004
4900.0 181.237647497
4910.0 181.606507766
4920.0 181.975363889
4930.0 182.344215946
4940.0 182.713064019
4950.0 183.081908187
4960.0 183.450748532
4970.0 183.819585137
4980.0 184.188418083
4990.0 184.557247454
5000.0 184.926073333
5010.0 185.294895804
5020.0 185.663714952
5030.0 186.03253086
5040.0 186.401343615
5050.0 186.770153302
5060.0 187.138960006
5070.0 187.507763814
5080.0 187.876564811
5090.0 188.245363086
5100.0 188.614158725
5110.0 188.982951814
5120.0 189.351742443
5130.0 189.720530697
5140.0 190.089316666
5150.0 190.458100436
5160.0 190.826882097
5170.0 191.195661736
5180.0 191.564439442
5190.0 191.933215303
5200.0 192.301989408
5210.0 192.670761844
5220.0 193.039532702
5230.0 193.408302068
5240.0 193.777070032
5250.0 194.145836682
5260.0 194.514602106
5270.0 194.883366393
5280.0 195.252129631
5290.0 195.620891907
5300.0 195.98965331
5310.0 196.358413927
5320.0 196.727173846
5330.0 197.095933154
5340.0 197.464691938
5350.0 197.833450284
5360.0 198.202208281
5370.0 198.570966013
5380.0 198.939723566
5390.0 199.308481027
5400.0 199.67723848
5410.0 200.04599601
5420.0 200.414753702
5430.0 200.78351164
5440.0 201.152269908
5450.0 201.521028588
5460.0 201.889787764
5470.0 202.258547518
5480.0 202.627307932
5490.0 202.996069087
5500.0 203.364831063
5510.0 203.733593941
5520.0 204.102357801
5530.0 204.471122722
5540.0 204.839888782
5550.0 205.208656059
5560.0 205.577424631
5570.0 205.946194574
5580.0 206.314965963
5590.0 206.683738875
5600.0 207.052513384
5610.0 207.421289563
5620.0 207.790067487
5630.0 208.158847227
5640.0 208.527628855
5650.0 208.896412443
5660.0 209.26519806
5670.0 209.633985776
5680.0 210.002775659
5690.0 210.371567778
5700.0 210.740362199
5710.0 211.109158989
5720.0 211.477958212
5730.0 211.846759934
5740.0 212.215564219
5750.0 212.584371128
5760.0 212.953180724
5770.0 213.321993068
5780.0 213.690808219
5790.0 214.059626238
5800.0 214.428447183
5810.0 214.79727111
5820.0 215.166098077