0.0 0.0
120.0 4.50023834814
120.625 4.52270596262
121.25 4.54518233005
122.5 4.59016063448
123.75 4.63517192747
125.0 4.68021494344
126.25 4.72528848108
127.5 4.77039139945
128.75 4.81552261441
130.0 4.86068109521
131.25 4.90586586143
132.5 4.95107598
133.75 4.99631056251
135.0 5.04156876263
136.25 5.08684977376
137.5 5.13215282678
138.75 5.17747718795
140.0 5.222822157
141.25 5.26818706525
142.5 5.31357127391
143.75 5.35897417248
145.0 5.40439517721
146.25 5.44983372973
147.5 5.49528929565
148.75 5.54076136335
150.0 5.58624944279
151.25 5.63175306439
152.5 5.67727177802
153.75 5.72280515195
155.0 5.76835277199
156.25 5.81391424059
157.5 5.85948917599
158.75 5.90507721148
160.0 5.95067799466
161.25 5.99629118674
162.5 6.04191646186
165.0 6.13320201899
167.5 6.22453229575
170.0 6.3159050929
172.5 6.40731836677
175.0 6.49877021546
177.5 6.5902588664
180.0 6.6817826651
182.5 6.77334006515
185.0 6.86492961908
187.5 6.95654997018
190.0 7.04819984508
192.5 7.13987804703
195.0 7.23158344981
197.5 7.32331499224
200.0 7.41507167315
202.5 7.50685254682
205.0 7.59865671882
207.5 7.69048334226
210.0 7.78233161433
212.5 7.87420077314
215.0 7.96609009485
217.5 8.05799889105
220.0 8.14992650632
222.5 8.24187231605
225.0 8.3338357244
230.0 8.51781308633
235.0 8.70185433351
240.0 8.88595556279
245.0 9.07011318507
250.0 9.25432389006
255.0 9.43858461593
260.0 9.62289252334
265.0 9.80724497296
270.0 9.99163950597
275.0 10.1760738271
280.0 10.3605457899
285.0 10.5450533837
290.0 10.729594722
295.0 10.9141680327
300.0 11.0987716489
305.0 11.2834040009
310.0 11.4680636091
315.0 11.6527490776
320.0 11.8374590882
330.0 12.206947822
340.0 12.5765206354
350.0 12.9461693087
360.0 13.3158864656
370.0 13.6856654773
380.0 14.0555003808
390.0 14.4253858073
400.0 14.7953169205
410.0 15.1652893612
420.0 15.5352991991
430.0 15.9053428899
440.0 16.2754172363
450.0 16.6455193539
460.0 17.01564664
470.0 17.3857967461
480.0 17.7559675529
490.0 18.1261571473
500.0 18.4963638028
510.0 18.8665859606
520.0 19.2368222132
530.0 19.6070712896
540.0 19.977332042
550.0 20.3476034331
560.0 20.7178845259
570.0 21.0881744731
580.0 21.4584725087
590.0 21.8287779398
600.0 22.1990901392
610.0 22.5694085391
620.0 22.9397326254
630.0 23.3100619317
640.0 23.6803960354
650.0 24.0507345529
660.0 24.4210771358
670.0 24.7914234675
680.0 25.1617732601
690.0 25.5321262517
700.0 25.9024822033
710.0 26.2728408975
720.0 26.6432021354
730.0 27.0135657357
740.0 27.3839315323
750.0 27.7542993732
760.0 28.1246691192
770.0 28.4950406424
780.0 28.8654138256
790.0 29.2357885605
800.0 29.606164748
810.0 29.9765422961
820.0 30.3469211204
830.0 30.7173011425
840.0 31.0876822899
850.0 31.4580644957
860.0 31.8284476973
870.0 32.198831837
880.0 32.5692168608
890.0 32.9396027184
900.0 33.309989363
910.0 33.6803767508
920.0 34.0507648407
930.0 34.4211535943
940.0 34.7915429757
950.0 35.1619329508
960.0 35.5323234878
970.0 35.9027145566
980.0 36.2731061289
990.0 36.643498178
1000.0 37.0138906785
1010.0 37.3842836063
1020.0 37.7546769388
1030.0 38.1250706543
1040.0 38.4954647322
1050.0 38.865859153
1060.0 39.236253898
1070.0 39.6066489493
1080.0 39.97704429
1090.0 40.3474399038
1100.0 40.717835775
1110.0 41.0882318886
1120.0 41.4586282303
1130.0 41.8290247862
1140.0 42.199421543
1150.0 42.5698184878
1160.0 42.9402156082
1170.0 43.3106128923
1180.0 43.6810103284
1190.0 44.0514079053
1200.0 44.421805612
1210.0 44.7922034381
1220.0 45.1626013732
1230.0 45.5329994073
1240.0 45.9033975306
1250.0 46.2737957335
1260.0 46.6441940068
1270.0 47.0145923413
1280.0 47.3849907282
1290.0 47.7553891586
1300.0 48.1257876239
1310.0 48.4961861158
1320.0 48.8665846259
1330.0 49.236983146
1340.0 49.607381668
1350.0 49.9777801839
1360.0 50.3481786859
1370.0 50.7185771661
1380.0 51.0889756169
1390.0 51.4593740305
1400.0 51.8297723993
1410.0 52.2001707158
1420.0 52.5705689723
1430.0 52.9409671615
1440.0 53.3113652759
1450.0 53.6817633078
1460.0 54.05216125
1470.0 54.422559095
1480.0 54.7929568353
1490.0 55.1633544634
1500.0 55.5337519718
1510.0 55.9041493531
1520.0 56.2745465998
1530.0 56.6449437041
1540.0 57.0153406586
1550.0 57.3857374556
1560.0 57.7561340874
1570.0 58.1265305462
1580.0 58.4969268242
1590.0 58.8673229136
1600.0 59.2377188063
1610.0 59.6081144943
1620.0 59.9785099696
1630.0 60.348905224
1640.0 60.7193002491
1650.0 61.0896950366
1660.0 61.460089578
1670.0 61.8304838648
1680.0 62.2008778883
1690.0 62.5712716396
1700.0 62.9416651099
1710.0 63.3120582901
1720.0 63.6824511711
1730.0 64.0528437436
1740.0 64.4232359983
1750.0 64.7936279255
1760.0 65.1640195156
1770.0 65.5344107587
1780.0 65.904801645
1790.0 66.2751921642
1800.0 66.645582306
1810.0 67.0159720601
1820.0 67.3863614159
1830.0 67.7567503625
1840.0 68.127138889
1850.0 68.4975269843
1860.0 68.8679146372
1870.0 69.2383018361
1880.0 69.6086885694
1890.0 69.9790748253
1900.0 70.3494605916
1910.0 70.7198458562
1920.0 71.0902306067
1930.0 71.4606148303
1940.0 71.8309985143
1950.0 72.2013816455
1960.0 72.5717642108
1970.0 72.9421461966
1980.0 73.3125275892
1990.0 73.6829083747
2000.0 74.0532885389
2010.0 74.4236680675
2020.0 74.7940469457
2030.0 75.1644251588
2040.0 75.5348026916
2050.0 75.9051795287
2060.0 76.2755556546
2070.0 76.6459310535
2080.0 77.0163057091
2090.0 77.3866796052
2100.0 77.757052725
2110.0 78.1274250518
2120.0 78.4977965684
2130.0 78.8681672573
2140.0 79.2385371008
2150.0 79.608906081
2160.0 79.9792741795
2170.0 80.3496413779
2180.0 80.7200076573
2190.0 81.0903729986
2200.0 81.4607373824
2210.0 81.831100789
2220.0 82.2014631984
2230.0 82.5718245903
2240.0 82.9421849441
2250.0 83.3125442388
2260.0 83.6829024534
2270.0 84.0532595662
2280.0 84.4236155554
2290.0 84.7939703988
2300.0 85.1643240741
2310.0 85.5346765584
2320.0 85.9050278286
2330.0 86.2753778613
2340.0 86.6457266327
2350.0 87.0160741188
2360.0 87.386420295
2370.0 87.7567651367
2380.0 88.1271086188
2390.0 88.4974507159
2400.0 88.8677914022
2410.0 89.2381306516
2420.0 89.6084684377
2430.0 89.9788047337
2440.0 90.3491395125
2450.0 90.7194727466
2460.0 91.0898044083
2470.0 91.4601344694
2480.0 91.8304629013
2490.0 92.2007896752
2500.0 92.571114762
2510.0 92.941438132
2520.0 93.3117597555
2530.0 93.682079602
2540.0 94.052397641
2550.0 94.4227138417
2560.0 94.7930281725
2570.0 95.163340602
2580.0 95.5336510981
2590.0 95.9039596284
2600.0 96.2742661602
2610.0 96.6445706604
2620.0 97.0148730957
2630.0 97.3851734322
2640.0 97.7554716359
2650.0 98.1257676722
2660.0 98.4960615064
2670.0 98.8663531034
2680.0 99.2366424275
2690.0 99.6069294429
2700.0 99.9772141136
2710.0 100.347496403
2720.0 100.717776274
2730.0 101.088053689
2740.0 101.458328612
2750.0 101.828601004
2760.0 102.198870826
2770.0 102.569138041
2780.0 102.93940261
2790.0 103.309664493
2800.0 103.679923651
2810.0 104.050180044
2820.0 104.420433631
2830.0 104.790684374
2840.0 105.160932229
2850.0 105.531177158
2860.0 105.901419118
2870.0 106.271658068
2880.0 106.641893965
2890.0 107.012126768
2900.0 107.382356434
2910.0 107.752582921
2920.0 108.122806185
2930.0 108.493026182
2940.0 108.86324287
2950.0 109.233456205
2960.0 109.603666142
2970.0 109.973872637
2980.0 110.344075646
2990.0 110.714275124
3000.0 111.084471025
3010.0 111.454663305
3020.0 111.824851918
3030.0 112.195036819
3040.0 112.565217961
3050.0 112.935395299
3060.0 113.305568786
3070.0 113.675738377
3080.0 114.045904023
3090.0 114.416065679
3100.0 114.786223298
3110.0 115.156376833
3120.0 115.526526236
3130.0 115.89667146
3140.0 116.266812459
3150.0 116.636949183
3160.0 117.007081586
3170.0 117.37720962
3180.0 117.747333237
3190.0 118.117452389
3200.0 118.487567029
3210.0 118.857677108
3220.0 119.227782577
3230.0 119.59788339
3240.0 119.967979498
3250.0 120.338070853
3260.0 120.708157406
3270.0 121.07823911
3280.0 121.448315917
3290.0 121.818387777
3300.0 122.188454645
3310.0 122.55851647
3320.0 122.928573206
3330.0 123.298624804
3340.0 123.668671218
3350.0 124.038712398
3360.0 124.408748298
3370.0 124.77877887
3380.0 125.148804067
3390.0 125.518823841
3400.0 125.888838146
3410.0 126.258846935
3420.0 126.628850161
3430.0 126.998847778
3440.0 127.36883974
3450.0 127.738825999
3460.0 128.108806512
3470.0 128.478781232
3480.0 128.848750113
3490.0 129.218713112
3500.0 129.588670182
3510.0 129.958621281
3520.0 130.328566363
3530.0 130.698505385
3540.0 131.068438303
3550.0 131.438365075
3560.0 131.808285658
3570.0 132.178200009
3580.0 132.548108087
3590.0 132.91800985
3600.0 133.287905256
3610.0 133.657794266
3620.0 134.02767684
3630.0 134.397552936
3640.0 134.767422517
3650.0 135.137285543
3660.0 135.507141977
3670.0 135.87699178
3680.0 136.246834915
3690.0 136.616671346
3700.0 136.986501037
3710.0 137.356323952
3720.0 137.726140056
3730.0 138.095949315
3740.0 138.465751696
3750.0 138.835547165
3760.0 139.20533569
3770.0 139.575117239
3780.0 139.944891782
3790.0 140.314659287
3800.0 140.684419726
3810.0 141.054173069
3820.0 141.423919288
3830.0 141.793658356
3840.0 142.163390246
3850.0 142.533114932
3860.0 142.902832388
3870.0 143.272542592
3880.0 143.642245518
3890.0 144.011941144
3900.0 144.381629448
3910.0 144.75131041
3920.0 145.120984008
3930.0 145.490650224
3940.0 145.86030904
3950.0 146.229960436
3960.0 146.599604398
3970.0 146.969240908
3980.0 147.338869953
3990.0 147.708491518
4000.0 148.07810559
4010.0 148.447712157
4020.0 148.817311209
4030.0 149.186902735
4040.0 149.556486725
4050.0 149.926063172
4060.0 150.295632069
4070.0 150.66519341
4080.0 151.034747189
4090.0 151.404293402
4100.0 151.773832047
4110.0 152.143363121
4120.0 152.512886624
4130.0 152.882402555
4140.0 153.251910916
4150.0 153.621411709
4160.0 153.990904938
4170.0 154.360390606
4180.0 154.72986872
4190.0 155.099339285
4200.0 155.46880231
4210.0 155.838257804
4220.0 156.207705776
4230.0 156.577146238
4240.0 156.946579201
4250.0 157.316004679
4260.0 157.685422686
4270.0 158.054833239
4280.0 158.424236353
4290.0 158.793632047
4300.0 159.163020338
4310.0 159.532401249
4320.0 159.901774799
4330.0 160.271141012
4340.0 160.64049991
4350.0 161.009851519
4360.0 161.379195864
4370.0 161.748532972
4380.0 162.117862872
4390.0 162.487185592
4400.0 162.856501163
4410.0 163.225809617
4420.0 163.595110987
4430.0 163.964405305
4440.0 164.333692607
4450.0 164.70297293
4460.0 165.07224631
4470.0 165.441512786
4480.0 165.810772397
4490.0 166.180025184
4500.0 166.549271189
4510.0 166.918510453
4520.0 167.287743022
4530.0 167.65696894
4540.0 168.026188254
4550.0 168.395401009
4560.0 168.764607256
4570.0 169.133807042
4580.0 169.503000418
4590.0 169.872187437
4600.0 170.241368149
4610.0 170.610542609
4620.0 170.979710871
4630.0 171.34887299
4640.0 171.718029024
4650.0 172.087179029
4660.0 172.456323064
4670.0 172.825461189
4680.0 173.194593464
4690.0 173.56371995
4700.0 173.93284071
4710.0 174.301955807
4720.0 174.671065304
4730.0 175.040169268
4740.0 175.409267763
4750.0 175.778360858
4760.0 176.147448618
4770.0 176.516531113
4780.0 176.885608413
4790.0 177.254680587
4800.0 177.623747705
4810.0 177.992809841
4820.0 178.361867065
4830.0 178.730919452
4840.0 179.099967075
4850.0 179.469010009
4860.0 179.838048329
4870.0 180.207082111
4880.0 180.576111431
4890.0 180.945136378
4900.0 181.314157013
4910.0 181.683173423
4920.0 182.052185688
4930.0 182.421193887
4940.0 182.790198102
4950.0 183.159198412
4960.0 183.528194899
4970.0 183.897187646
4980.0 184.266176734
4990.0 184.635162247
5000.0 185.004144268
5010.0 185.373122881
5020.0 185.74209817
5030.0 186.11107022
5040.0 186.480039117
5050.0 186.849004945
5060.0 187.217967791
5070.0 187.586927741
5080.0 187.955884881
5090.0 188.324839297
5100.0 188.693791078
5110.0 189.062740309
5120.0 189.431687079
5130.0 189.800631476
5140.0 190.169573586
5150.0 190.538513499
5160.0 190.907451301
5170.0 191.276387082
5180.0 191.64532093
5190.0 192.014252933
5200.0 192.383183179
5210.0 192.752111758
5220.0 193.121038757
5230.0 193.489964265
5240.0 193.858888371
5250.0 194.227811163
5260.0 194.596732729
5270.0 194.965653158
5280.0 195.334572537
5290.0 195.703490955
5300.0 196.0724085
5310.0 196.441325259
5320.0 196.81024132
5330.0 197.17915677
5340.0 197.548071695
5350.0 197.916986184
5360.0 198.285900322
5370.0 198.654814196
5380.0 199.023727891
5390.0 199.392641494
5400.0 199.761555089
5410.0 200.130468761
5420.0 200.499382595
5430.0 200.868296675
5440.0 201.237211084
5450.0 201.606125907
5460.0 201.975041225
5470.0 202.34395712
5480.0 202.712873676
5490.0 203.081790972
5500.0 203.450709091
5510.0 203.819628111
5520.0 204.188548113
5530.0 204.557469175
5540.0 204.926391377
5550.0 205.295314796
5560.0 205.66423951
5570.0 206.033165594
5580.0 206.402093126
5590.0 206.771022179
5600.0 207.13995283
5610.0 207.508885152
5620.0 207.877819217
5630.0 208.246755099
5640.0 208.615692869
5650.0 208.984632599
5660.0 209.353574357
5670.0 209.722518215
5680.0 210.09146424
5690.0 210.460412501
5700.0 210.829363064
5710.0 211.198315996
5720.0 211.567271361
5730.0 211.936229225
5740.0 212.305189651
5750.0 212.674152702
5760.0 213.04311844
5770.0 213.412086926
5780.0 213.781058219
5790.0 214.15003238
5800.0 214.519009466
5810.0 214.887989536
5820.0 215.256972644