0.0 0.0
120.0 4.50093518774
120.625 4.5234064323
121.25 4.54588642983
122.5 4.59087199445
123.75 4.63589054767
125.0 4.68094082391
126.25 4.72602162186
127.5 4.77113180058
128.75 4.81627027591
130.0 4.86143601714
131.25 4.90662804381
132.5 4.95184542287
133.75 4.9970872659
135.0 5.04235272659
136.25 5.08764099833
137.5 5.13295131199
138.75 5.17828293384
140.0 5.22363516361
141.25 5.26900733262
142.5 5.31439880208
143.75 5.35980896148
145.0 5.4052372271
146.25 5.45068304053
147.5 5.49614586741
148.75 5.54162519611
150.0 5.58712053658
151.25 5.63263141927
152.5 5.67815739402
153.75 5.72369802911
155.0 5.76925291036
156.25 5.8148216402
157.5 5.86040383689
158.75 5.90599913371
160.0 5.95160717827
161.25 5.99722763176
162.5 6.04286016835
165.0 6.13416024853
167.5 6.22550504852
170.0 6.31689236907
172.5 6.40832016652
175.0 6.49978653899
177.5 6.59128971388
180.0 6.68282803673
182.5 6.77439996111
185.0 6.86600403956
187.5 6.95763891538
190.0 7.04930331519
192.5 7.14099604224
195.0 7.23271597034
197.5 7.32446203829
200.0 7.41623324492
202.5 7.50802864452
205.0 7.59984734266
207.5 7.69168849246
210.0 7.7835512911
212.5 7.8754349767
215.0 7.96733882542
217.5 8.05926214885
220.0 8.15120429158
222.5 8.243164629
225.0 8.33514256526
230.0 8.51914898374
235.0 8.70321928842
240.0 8.88734957617
245.0 9.07153625795
250.0 9.25577602345
255.0 9.44006581088
260.0 9.62440278094
265.0 9.8087842943
270.0 9.99320789217
275.0 10.1776712793
280.0 10.3621723093
285.0 10.5467089715
290.0 10.7312793795
295.0 10.9158817611
300.0 11.1005144495
305.0 11.285175875
310.0 11.469864558
315.0 11.6545791027
320.0 11.839318191
330.0 12.2088650844
340.0 12.5784960634
350.0 12.9482029087
360.0 13.3179782441
370.0 13.6878154412
380.0 14.0577085372
390.0 14.4276521638
400.0 14.7976414848
410.0 15.1676721414
420.0 15.5377402039
430.0 15.9078421281
440.0 16.2779747171
450.0 16.6481350869
460.0 17.0183206352
470.0 17.3885290142
480.0 17.7587581046
490.0 18.1290059941
500.0 18.4992709566
510.0 18.8695514336
520.0 19.2398460182
530.0 19.6101534401
540.0 19.9804725519
550.0 20.3508023169
560.0 20.7211417987
570.0 21.0914901506
580.0 21.4618466072
590.0 21.8322104762
600.0 22.2025811312
610.0 22.5729580051
620.0 22.9433405843
630.0 23.3137284035
640.0 23.6841210407
650.0 24.0545181131
660.0 24.4249192731
670.0 24.7953242051
680.0 25.1657326219
690.0 25.5361442626
700.0 25.9065588893
710.0 26.2769762853
720.0 26.647396253
730.0 27.017818612
740.0 27.3882431973
750.0 27.758669858
760.0 28.1290984562
770.0 28.4995288651
780.0 28.8699609686
790.0 29.2403946601
800.0 29.6108298413
810.0 29.981266422
820.0 30.3517043189
830.0 30.7221434553
840.0 31.0925837601
850.0 31.4630251678
860.0 31.8334676178
870.0 32.2039110536
880.0 32.5743554232
890.0 32.944800678
900.0 33.315246773
910.0 33.6856936662
920.0 34.0561413185
930.0 34.4265896936
940.0 34.7970387574
950.0 35.1674884781
960.0 35.5379388261
970.0 35.9083897735
980.0 36.2788412943
990.0 36.6492933642
1000.0 37.0197459602
1010.0 37.3901990608
1020.0 37.760652646
1030.0 38.1311066968
1040.0 38.5015611954
1050.0 38.872016125
1060.0 39.24247147
1070.0 39.6129272155
1080.0 39.9833833477
1090.0 40.3538398533
1100.0 40.7242967201
1110.0 41.0947539366
1120.0 41.4652114917
1130.0 41.8356693752
1140.0 42.2061275775
1150.0 42.5765860895
1160.0 42.9470449027
1170.0 43.3175040091
1180.0 43.6879634013
1190.0 44.0584230722
1200.0 44.4288830153
1210.0 44.7993432245
1220.0 45.169803694
1230.0 45.5402644186
1240.0 45.9107253934
1250.0 46.2811866137
1260.0 46.6516480754
1270.0 47.0221097746
1280.0 47.3925717078
1290.0 47.7630338719
1300.0 48.1334962637
1310.0 48.5039588809
1320.0 48.8744217209
1330.0 49.2448847819
1340.0 49.615348062
1350.0 49.9858115597
1360.0 50.3562752738
1370.0 50.7267392033
1380.0 51.0972033473
1390.0 51.4676677055
1400.0 51.8381322776
1410.0 52.2085970635
1420.0 52.5790620633
1430.0 52.9495272776
1440.0 53.319992707
1450.0 53.6904583522
1460.0 54.0609242144
1470.0 54.4313902949
1480.0 54.8018565951
1490.0 55.1723231167
1500.0 55.5427898617
1510.0 55.9132568321
1520.0 56.2837240303
1530.0 56.6541914588
1540.0 57.0246591202
1550.0 57.3951270175
1560.0 57.7655951538
1570.0 58.1360635324
1580.0 58.5065321569
1590.0 58.8770010308
1600.0 59.2474701582
1610.0 59.6179395431
1620.0 59.9884091898
1630.0 60.3588791028
1640.0 60.7293492868
1650.0 61.0998197467
1660.0 61.4702904876
1670.0 61.8407615148
1680.0 62.2112328337
1690.0 62.5817044501
1700.0 62.9521763699
1710.0 63.3226485991
1720.0 63.6931211441
1730.0 64.0635940113
1740.0 64.4340672076
1750.0 64.8045407398
1760.0 65.1750146151
1770.0 65.5454888408
1780.0 65.9159634245
1790.0 66.2864383739
1800.0 66.6569136971
1810.0 67.0273894024
1820.0 67.397865498
1830.0 67.7683419927
1840.0 68.1388188955
1850.0 68.5092962153
1860.0 68.8797739615
1870.0 69.2502521437
1880.0 69.6207307718
1890.0 69.9912098557
1900.0 70.3616894057
1910.0 70.7321694324
1920.0 71.1026499464
1930.0 71.4731309589
1940.0 71.843612481
1950.0 72.2140945243
1960.0 72.5845771005
1970.0 72.9550602216
1980.0 73.3255438998
1990.0 73.6960281477
2000.0 74.0665129781
2010.0 74.4369984039
2020.0 74.8074844385
2030.0 75.1779710955
2040.0 75.5484583888
2050.0 75.9189463323
2060.0 76.2894349405
2070.0 76.6599242282
2080.0 77.0304142101
2090.0 77.4009049017
2100.0 77.7713963183
2110.0 78.1418884758
2120.0 78.5123813903
2130.0 78.8828750782
2140.0 79.2533695561
2150.0 79.623864841
2160.0 79.9943609503
2170.0 80.3648579015
2180.0 80.7353557125
2190.0 81.1058544014
2200.0 81.4763539868
2210.0 81.8468544876
2220.0 82.2173559228
2230.0 82.5878583118
2240.0 82.9583616745
2250.0 83.3288660309
2260.0 83.6993714015
2270.0 84.069877807
2280.0 84.4403852683
2290.0 84.8108938071
2300.0 85.1814034448
2310.0 85.5519142036
2320.0 85.922426106
2330.0 86.2929391745
2340.0 86.6634534323
2350.0 87.0339689027
2360.0 87.4044856096
2370.0 87.775003577
2380.0 88.1455228293
2390.0 88.5160433913
2400.0 88.8865652882
2410.0 89.2570885454
2420.0 89.6276131887
2430.0 89.9981392443
2440.0 90.3686667388
2450.0 90.7391956989
2460.0 91.1097261521
2470.0 91.4802581258
2480.0 91.850791648
2490.0 92.221326747
2500.0 92.5918634515
2510.0 92.9624017905
2520.0 93.3329417933
2530.0 93.7034834897
2540.0 94.0740269099
2550.0 94.4445720842
2560.0 94.8151190435
2570.0 95.1856678189
2580.0 95.556218442
2590.0 95.9267709447
2600.0 96.2973253592
2610.0 96.6678817181
2620.0 97.0384400544
2630.0 97.4090004014
2640.0 97.7795627928
2650.0 98.1501272626
2660.0 98.5206938452
2670.0 98.8912625753
2680.0 99.2618334881
2690.0 99.6324066188
2700.0 100.002982003
2710.0 100.373559678
2720.0 100.744139679
2730.0 101.114722043
2740.0 101.485306808
2750.0 101.85589401
2760.0 102.226483688
2770.0 102.59707588
2780.0 102.967670624
2790.0 103.33826796
2800.0 103.708867925
2810.0 104.079470561
2820.0 104.450075905
2830.0 104.820684
2840.0 105.191294884
2850.0 105.561908599
2860.0 105.932525186
2870.0 106.303144685
2880.0 106.673767139
2890.0 107.04439259
2900.0 107.415021079
2910.0 107.785652649
2920.0 108.156287342
2930.0 108.526925203
2940.0 108.897566273
2950.0 109.268210597
2960.0 109.638858218
2970.0 110.00950918
2980.0 110.380163527
2990.0 110.750821305
3000.0 111.121482557
3010.0 111.492147328
3020.0 111.862815665
3030.0 112.233487611
3040.0 112.604163213
3050.0 112.974842516
3060.0 113.345525566
3070.0 113.71621241
3080.0 114.086903094
3090.0 114.457597663
3100.0 114.828296166
3110.0 115.198998648
3120.0 115.569705156
3130.0 115.940415737
3140.0 116.311130439
3150.0 116.681849309
3160.0 117.052572394
3170.0 117.423299741
3180.0 117.794031399
3190.0 118.164767414
3200.0 118.535507835
3210.0 118.906252709
3220.0 119.277002084
3230.0 119.647756007
3240.0 120.018514527
3250.0 120.389277692
3260.0 120.760045549
3270.0 121.130818146
3280.0 121.501595531
3290.0 121.872377752
3300.0 122.243164857
3310.0 122.613956893
3320.0 122.984753908
3330.0 123.35555595
3340.0 123.726363066
3350.0 124.097175303
3360.0 124.46799271
3370.0 124.838815332
3380.0 125.209643217
3390.0 125.580476413
3400.0 125.951314965
3410.0 126.32215892
3420.0 126.693008325
3430.0 127.063863226
3440.0 127.434723669
3450.0 127.8055897
3460.0 128.176461363
3470.0 128.547338706
3480.0 128.918221771
3490.0 129.289110605
3500.0 129.660005252
3510.0 130.030905755
3520.0 130.401812159
3530.0 130.772724507
3540.0 131.143642843
3550.0 131.514567209
3560.0 131.885497647
3570.0 132.2564342
3580.0 132.62737691
3590.0 132.998325817
3600.0 133.369280962
3610.0 133.740242386
3620.0 134.111210129
3630.0 134.482184231
3640.0 134.853164729
3650.0 135.224151663
3660.0 135.595145071
3670.0 135.96614499
3680.0 136.337151457
3690.0 136.708164508
3700.0 137.07918418
3710.0 137.450210507
3720.0 137.821243524
3730.0 138.192283265
3740.0 138.563329764
3750.0 138.934383053
3760.0 139.305443165
3770.0 139.67651013
3780.0 140.04758398
3790.0 140.418664745
3800.0 140.789752454
3810.0 141.160847136
3820.0 141.531948818
3830.0 141.903057529
3840.0 142.274173294
3850.0 142.645296139
3860.0 143.01642609
3870.0 143.387563169
3880.0 143.758707402
3890.0 144.129858809
3900.0 144.501017413
3910.0 144.872183234
3920.0 145.243356293
3930.0 145.614536608
3940.0 145.985724198
3950.0 146.356919081
3960.0 146.728121271
3970.0 147.099330787
3980.0 147.47054764
3990.0 147.841771846
4000.0 148.213003418
4010.0 148.584242366
4020.0 148.955488702
4030.0 149.326742435
4040.0 149.698003575
4050.0 150.069272129
4060.0 150.440548104
4070.0 150.811831506
4080.0 151.18312234
4090.0 151.55442061
4100.0 151.925726318
4110.0 152.297039466
4120.0 152.668360055
4130.0 153.039688084
4140.0 153.411023552
4150.0 153.782366457
4160.0 154.153716794
4170.0 154.52507456
4180.0 154.896439747
4190.0 155.267812351
4200.0 155.639192361
4210.0 156.01057977
4220.0 156.381974567
4230.0 156.753376741
4240.0 157.124786279
4250.0 157.496203168
4260.0 157.867627393
4270.0 158.239058938
4280.0 158.610497786
4290.0 158.981943919
4300.0 159.353397319
4310.0 159.724857963
4320.0 160.096325832
4330.0 160.467800902
4340.0 160.839283149
4350.0 161.210772549
4360.0 161.582269075
4370.0 161.9537727
4380.0 162.325283396
4390.0 162.696801133
4400.0 163.06832588
4410.0 163.439857605
4420.0 163.811396277
4430.0 164.182941859
4440.0 164.554494318
4450.0 164.926053616
4460.0 165.297619716
4470.0 165.66919258
4480.0 166.040772168
4490.0 166.412358439
4500.0 166.783951351
4510.0 167.15555086
4520.0 167.527156923
4530.0 167.898769494
4540.0 168.270388528
4550.0 168.642013975
4560.0 169.013645789
4570.0 169.385283919
4580.0 169.756928314
4590.0 170.128578923
4600.0 170.500235694
4610.0 170.871898571
4620.0 171.243567502
4630.0 171.615242428
4640.0 171.986923295
4650.0 172.358610044
4660.0 172.730302616
4670.0 173.102000951
4680.0 173.473704989
4690.0 173.845414667
4700.0 174.217129924
4710.0 174.588850696
4720.0 174.960576918
4730.0 175.332308525
4740.0 175.70404545
4750.0 176.075787627
4760.0 176.447534987
4770.0 176.819287462
4780.0 177.191044982
4790.0 177.562807477
4800.0 177.934574875
4810.0 178.306347104
4820.0 178.678124092
4830.0 179.049905764
4840.0 179.421692048
4850.0 179.793482867
4860.0 180.165278146
4870.0 180.537077809
4880.0 180.908881778
4890.0 181.280689967
4900.0 181.652502312
4910.0 182.024318726
4920.0 182.396139129
4930.0 182.76796344
4940.0 183.139791581
4950.0 183.511623468
4960.0 183.88345902
4970.0 184.255298154
4980.0 184.627140789
4990.0 184.99898684
5000.0 185.370836223
5010.0 185.742688855
5020.0 186.11454465
5030.0 186.486403523
5040.0 186.858265389
5050.0 187.230130162
5060.0 187.601997755
5070.0 187.973868083
5080.0 188.345741057
5090.0 188.717616592
5100.0 189.089494599
5110.0 189.46137499
5120.0 189.833257679
5130.0 190.205142576
5140.0 190.577029594
5150.0 190.948918644
5160.0 191.320809637
5170.0 191.692702485
5180.0 192.0645971
5190.0 192.436493391
5200.0 192.80839127
5210.0 193.180290648
5220.0 193.552191437
5230.0 193.924093547
5240.0 194.295996889
5250.0 194.667901374
5260.0 195.039806914
5270.0 195.41171342
5280.0 195.783620802
5290.0 196.155528974
5300.0 196.527437845
5310.0 196.899347328
5320.0 197.271257336
5330.0 197.643167779
5340.0 198.015078571
5350.0 198.386989624
5360.0 198.758900851
5370.0 199.130812166
5380.0 199.502723482
5390.0 199.874634712
5400.0 200.246545771
5410.0 200.618456574
5420.0 200.990367034
5430.0 201.362277069
5440.0 201.734186593
5450.0 202.106095523
5460.0 202.478003775
5470.0 202.849911266
5480.0 203.221817914
5490.0 203.593723637
5500.0 203.965628354
5510.0 204.337531984
5520.0 204.709434446
5530.0 205.081335661
5540.0 205.453235549
5550.0 205.825134032
5560.0 206.197031033
5570.0 206.568926473
5580.0 206.940820277
5590.0 207.312712367
5600.0 207.68460267
5610.0 208.05649111
5620.0 208.428377613
5630.0 208.800262107
5640.0 209.172144519
5650.0 209.544024776
5660.0 209.915902809
5670.0 210.287778546
5680.0 210.659651919
5690.0 211.03152286
5700.0 211.403391299
5710.0 211.77525717
5720.0 212.147120408
5730.0 212.518980946
5740.0 212.890838721
5750.0 213.262693668
5760.0 213.634545725
5770.0 214.006394831
5780.0 214.378240923
5790.0 214.750083943
5800.0 215.12192383
5810.0 215.493760527
5820.0 215.865593977