0.0 0.0
120.0 4.5107310817
120.625 4.53325334583
121.25 4.55578436293
122.5 4.60087196666
123.75 4.64599255895
125.0 4.69114487423
126.25 4.73632771118
127.5 4.78153992887
128.75 4.82678044313
130.0 4.87204822324
131.25 4.91734228877
132.5 4.96266170665
133.75 5.00800558846
135.0 5.05337308789
136.25 5.09876339833
137.5 5.14417575065
138.75 5.18960941114
140.0 5.23506367949
141.25 5.28053788705
142.5 5.32603139502
143.75 5.37154359289
145.0 5.41707389694
146.25 5.46262174876
147.5 5.50818661399
148.75 5.55376798099
150.0 5.59936535974
151.25 5.64497828066
152.5 5.69060629359
153.75 5.73624896683
155.0 5.78190588618
156.25 5.82757665408
157.5 5.87326088879
158.75 5.91895822359
160.0 5.96466830608
161.25 6.01039079746
162.5 6.05612537189
165.0 6.14762952764
167.5 6.23917840302
170.0 6.33076979878
172.5 6.42240167126
175.0 6.51407211858
177.5 6.60577936813
180.0 6.69752176545
182.5 6.78929776412
185.0 6.88110591666
187.5 6.97294486638
190.0 7.06481333989
192.5 7.15671014045
195.0 7.24863414185
197.5 7.3405842829
200.0 7.43255956243
202.5 7.52455903471
205.0 7.61658180533
207.5 7.70862702738
210.0 7.80069389807
212.5 7.8927816555
215.0 7.98488957582
217.5 8.07701697064
220.0 8.16916318452
222.5 8.26132759287
225.0 8.35350959983
230.0 8.537924159
235.0 8.72240260341
240.0 8.90694102991
245.0 9.09153584943
250.0 9.27618375165
255.0 9.46088167475
260.0 9.6456267794
265.0 9.83041642625
270.0 10.0152481565
275.0 10.2001196749
280.0 10.3850288349
285.0 10.5699736259
290.0 10.7549521614
295.0 10.9399626694
300.0 11.1250034828
305.0 11.3100730321
310.0 11.4951698375
315.0 11.6802925032
320.0 11.8654397111
330.0 12.2358028393
340.0 12.6062500472
350.0 12.9767731149
360.0 13.3473646663
370.0 13.7180180725
380.0 14.0887273704
390.0 14.4594871914
400.0 14.830292699
410.0 15.2011395342
420.0 15.5720237666
430.0 15.9429418519
440.0 16.3138905927
450.0 16.6848671047
460.0 17.0558687853
470.0 17.4268932859
480.0 17.7979384871
490.0 18.1690024761
500.0 18.540083526
510.0 18.9111800782
520.0 19.2822907253
530.0 19.6534141962
540.0 20.024549343
550.0 20.3956951286
560.0 20.7668506159
570.0 21.1380149575
580.0 21.5091873876
590.0 21.8803672131
600.0 22.251553807
610.0 22.6227466014
620.0 22.9939450821
630.0 23.3651487829
640.0 23.7363572811
650.0 24.107570193
660.0 24.4787871704
670.0 24.8500078965
680.0 25.2212320837
690.0 25.5924594696
700.0 25.9636898158
710.0 26.3349229044
720.0 26.7061585368
730.0 27.0773965316
740.0 27.4486367226
750.0 27.819878958
760.0 28.1911230984
770.0 28.5623690161
780.0 28.9336165937
790.0 29.3048657232
800.0 29.6761163051
810.0 30.0473682477
820.0 30.4186214664
830.0 30.7898758829
840.0 31.1611314249
850.0 31.5323880251
860.0 31.9036456212
870.0 32.2749041553
880.0 32.6461635736
890.0 33.0174238257
900.0 33.3886848647
910.0 33.759946647
920.0 34.1312091314
930.0 34.5024722795
940.0 34.8737360552
950.0 35.2450004248
960.0 35.6162653563
970.0 35.9875308196
980.0 36.3587967864
990.0 36.7300632299
1000.0 37.1013301249
1010.0 37.4725974472
1020.0 37.8438651741
1030.0 38.2151332841
1040.0 38.5864017564
1050.0 38.9576705717
1060.0 39.3289397111
1070.0 39.7002091569
1080.0 40.0714788921
1090.0 40.4427489003
1100.0 40.814019166
1110.0 41.1852896741
1120.0 41.5565604102
1130.0 41.9278313606
1140.0 42.2991025118
1150.0 42.6703738511
1160.0 43.041645366
1170.0 43.4129170445
1180.0 43.7841888751
1190.0 44.1554608464
1200.0 44.5267329477
1210.0 44.8980051682
1220.0 45.2692774978
1230.0 45.6405499263
1240.0 46.011822444
1250.0 46.3830950415
1260.0 46.7543677092
1270.0 47.1256404382
1280.0 47.4969132195
1290.0 47.8681860444
1300.0 48.2394589042
1310.0 48.6107317906
1320.0 48.9820046951
1330.0 49.3532776096
1340.0 49.7245505261
1350.0 50.0958234365
1360.0 50.4670963329
1370.0 50.8383692077
1380.0 51.2096420529
1390.0 51.5809148609
1400.0 51.9521876242
1410.0 52.3234603351
1420.0 52.6947329862
1430.0 53.0660055698
1440.0 53.4372780786
1450.0 53.8085505051
1460.0 54.1798228417
1470.0 54.5510950812
1480.0 54.9223672159
1490.0 55.2936392385
1500.0 55.6649111414
1510.0 56.0361829172
1520.0 56.4074545582
1530.0 56.7787260571
1540.0 57.149997406
1550.0 57.5212685975
1560.0 57.8925396237
1570.0 58.263810477
1580.0 58.6350811495
1590.0 59.0063516333
1600.0 59.3776219205
1610.0 59.748892003
1620.0 60.1201618728
1630.0 60.4914315216
1640.0 60.8627009411
1650.0 61.2339701231
1660.0 61.605239059
1670.0 61.9765077403
1680.0 62.3477761582
1690.0 62.7190443039
1700.0 63.0903121687
1710.0 63.4615797434
1720.0 63.8328470189
1730.0 64.2041139859
1740.0 64.575380635
1750.0 64.9466469566
1760.0 65.3179129412
1770.0 65.6891785788
1780.0 66.0604438595
1790.0 66.4317087732
1800.0 66.8029733095
1810.0 67.1742374581
1820.0 67.5455012083
1830.0 67.9167645493
1840.0 68.2880274703
1850.0 68.6592899601
1860.0 69.0305520074
1870.0 69.4018136008
1880.0 69.7730747286
1890.0 70.1443353789
1900.0 70.5155955397
1910.0 70.8868551988
1920.0 71.2581143437
1930.0 71.6293729618
1940.0 72.0006310402
1950.0 72.3718885659
1960.0 72.7431455257
1970.0 73.1144019059
1980.0 73.485657693
1990.0 73.856912873
2000.0 74.2281674317
2010.0 74.5994213547
2020.0 74.9706746274
2030.0 75.3419272349
2040.0 75.7131791622
2050.0 76.0844303938
2060.0 76.4556809142
2070.0 76.8269307074
2080.0 77.1981797575
2090.0 77.5694280481
2100.0 77.9406755624
2110.0 78.3119222837
2120.0 78.6831681947
2130.0 79.054413278
2140.0 79.425657516
2150.0 79.7969008906
2160.0 80.1681433837
2170.0 80.5393849765
2180.0 80.9106256504
2190.0 81.2818653862
2200.0 81.6531041644
2210.0 82.0243419655
2220.0 82.3955787693
2230.0 82.7668145557
2240.0 83.1380493039
2250.0 83.5092829931
2260.0 83.8805156021
2270.0 84.2517471094
2280.0 84.6229774931
2290.0 84.994206731
2300.0 85.3654348008
2310.0 85.7366616795
2320.0 86.1078873442
2330.0 86.4791117714
2340.0 86.8503349372
2350.0 87.2215568177
2360.0 87.5927773884
2370.0 87.9639966246
2380.0 88.3352145012
2390.0 88.7064309927
2400.0 89.0776460734
2410.0 89.4488597173
2420.0 89.8200718979
2430.0 90.1912825884
2440.0 90.5624917616
2450.0 90.9336993902
2460.0 91.3049054464
2470.0 91.6761099019
2480.0 92.0473127283
2490.0 92.4185138967
2500.0 92.7897133779
2510.0 93.1609111424
2520.0 93.5321071603
2530.0 93.9033014013
2540.0 94.2744938348
2550.0 94.6456844299
2560.0 95.0168731552
2570.0 95.3880599792
2580.0 95.7592448697
2590.0 96.1304277945
2600.0 96.5016087207
2610.0 96.8727876154
2620.0 97.2439644452
2630.0 97.6151391762
2640.0 97.9863117743
2650.0 98.3574822051
2660.0 98.7286504338
2670.0 99.0998164252
2680.0 99.4709801437
2690.0 99.8421415537
2700.0 100.213300619
2710.0 100.584457302
2720.0 100.955611568
2730.0 101.326763378
2740.0 101.697912695
2750.0 102.069059481
2760.0 102.440203698
2770.0 102.811345308
2780.0 103.182484271
2790.0 103.553620548
2800.0 103.924754101
2810.0 104.295884888
2820.0 104.66701287
2830.0 105.038138007
2840.0 105.409260257
2850.0 105.78037958
2860.0 106.151495935
2870.0 106.522609279
2880.0 106.893719571
2890.0 107.264826768
2900.0 107.635930829
2910.0 108.00703171
2920.0 108.378129368
2930.0 108.74922376
2940.0 109.120314843
2950.0 109.491402572
2960.0 109.862486903
2970.0 110.233567793
2980.0 110.604645196
2990.0 110.975719068
3000.0 111.346789364
3010.0 111.717856039
3020.0 112.088919046
3030.0 112.459978342
3040.0 112.831033878
3050.0 113.202085611
3060.0 113.573133492
3070.0 113.944177477
3080.0 114.315217518
3090.0 114.686253569
3100.0 115.057285582
3110.0 115.428313511
3120.0 115.799337309
3130.0 116.170356928
3140.0 116.54137232
3150.0 116.912383439
3160.0 117.283390237
3170.0 117.654392665
3180.0 118.025390677
3190.0 118.396384223
3200.0 118.767373257
3210.0 119.13835773
3220.0 119.509337595
3230.0 119.880312802
3240.0 120.251283304
3250.0 120.622249054
3260.0 120.993210001
3270.0 121.3641661
3280.0 121.735117301
3290.0 122.106063556
3300.0 122.477004818
3310.0 122.847941037
3320.0 123.218872168
3330.0 123.589798161
3340.0 123.960718968
3350.0 124.331634543
3360.0 124.702544838
3370.0 125.073449804
3380.0 125.444349395
3390.0 125.815243564
3400.0 126.186132264
3410.0 126.557015447
3420.0 126.927893068
3430.0 127.298765079
3440.0 127.669631435
3450.0 128.040492089
3460.0 128.411346996
3470.0 128.782196111
3480.0 129.153039387
3490.0 129.52387678
3500.0 129.894708245
3510.0 130.265533738
3520.0 130.636353214
3530.0 131.007166631
3540.0 131.377973944
3550.0 131.74877511
3560.0 132.119570087
3570.0 132.490358833
3580.0 132.861141305
3590.0 133.231917462
3600.0 133.602687263
3610.0 133.973450668
3620.0 134.344207635
3630.0 134.714958127
3640.0 135.085702102
3650.0 135.456439522
3660.0 135.82717035
3670.0 136.197894548
3680.0 136.568612077
3690.0 136.939322903
3700.0 137.310026988
3710.0 137.680724298
3720.0 138.051414796
3730.0 138.42209845
3740.0 138.792775225
3750.0 139.163445089
3760.0 139.534108008
3770.0 139.904763952
3780.0 140.275412889
3790.0 140.646054789
3800.0 141.016689622
3810.0 141.38731736
3820.0 141.757937973
3830.0 142.128551436
3840.0 142.49915772
3850.0 142.8697568
3860.0 143.240348651
3870.0 143.610933249
3880.0 143.98151057
3890.0 144.35208059
3900.0 144.722643289
3910.0 145.093198645
3920.0 145.463746638
3930.0 145.834287249
3940.0 146.204820458
3950.0 146.575346249
3960.0 146.945864605
3970.0 147.31637551
3980.0 147.68687895
3990.0 148.057374909
4000.0 148.427863376
4010.0 148.798344337
4020.0 149.168817783
4030.0 149.539283703
4040.0 149.909742088
4050.0 150.28019293
4060.0 150.650636222
4070.0 151.021071957
4080.0 151.39150013
4090.0 151.761920738
4100.0 152.132333777
4110.0 152.502739246
4120.0 152.873137143
4130.0 153.243527469
4140.0 153.613910224
4150.0 153.984285412
4160.0 154.354653035
4170.0 154.725013098
4180.0 155.095365606
4190.0 155.465710566
4200.0 155.836047985
4210.0 156.206377873
4220.0 156.57670024
4230.0 156.947015096
4240.0 157.317322453
4250.0 157.687622326
4260.0 158.057914728
4270.0 158.428199675
4280.0 158.798477183
4290.0 159.168747271
4300.0 159.539009958
4310.0 159.909265263
4320.0 160.279513208
4330.0 160.649753815
4340.0 161.019987107
4350.0 161.390213111
4360.0 161.76043185
4370.0 162.130643353
4380.0 162.500847647
4390.0 162.871044762
4400.0 163.241234727
4410.0 163.611417576
4420.0 163.981593339
4430.0 164.351762052
4440.0 164.721923749
4450.0 165.092078466
4460.0 165.462226241
4470.0 165.832367111
4480.0 166.202501117
4490.0 166.572628298
4500.0 166.942748697
4510.0 167.312862356
4520.0 167.68296932
4530.0 168.053069632
4540.0 168.42316334
4550.0 168.79325049
4560.0 169.163331131
4570.0 169.533405312
4580.0 169.903473083
4590.0 170.273534495
4600.0 170.643589602
4610.0 171.013638456
4620.0 171.383681113
4630.0 171.753717627
4640.0 172.123748055
4650.0 172.493772455
4660.0 172.863790884
4670.0 173.233803404
4680.0 173.603810073
4690.0 173.973810954
4700.0 174.343806108
4710.0 174.713795599
4720.0 175.083779491
4730.0 175.453757849
4740.0 175.823730739
4750.0 176.193698228
4760.0 176.563660383
4770.0 176.933617273
4780.0 177.303568967
4790.0 177.673515535
4800.0 178.043457048
4810.0 178.413393578
4820.0 178.783325197
4830.0 179.153251978
4840.0 179.523173995
4850.0 179.893091324
4860.0 180.263004038
4870.0 180.632912215
4880.0 181.002815929
4890.0 181.372715271
4900.0 181.7426103
4910.0 182.112501105
4920.0 182.482387764
4930.0 182.852270358
4940.0 183.222148967
4950.0 183.592023671
4960.0 183.961894553
4970.0 184.331761694
4980.0 184.701625177
4990.0 185.071485084
5000.0 185.441341499
5010.0 185.811194507
5020.0 186.181044191
5030.0 186.550890636
5040.0 186.920733927
5050.0 187.29057415
5060.0 187.66041139
5070.0 188.030245734
5080.0 188.400077268
5090.0 188.769906079
5100.0 189.139732254
5110.0 189.50955588
5120.0 189.879377045
5130.0 190.249195836
5140.0 190.619012341
5150.0 190.988826647
5160.0 191.358638845
5170.0 191.72844902
5180.0 192.098257262
5190.0 192.46806366
5200.0 192.837868301
5210.0 193.207671274
5220.0 193.577472667
5230.0 193.94727257
5240.0 194.31707107
5250.0 194.686868256
5260.0 195.056664217
5270.0 195.42645904
5280.0 195.796252814
5290.0 196.166045627
5300.0 196.535837566
5310.0 196.905628719
5320.0 197.275419174
5330.0 197.645209019
5340.0 198.014998339
5350.0 198.384787222
5360.0 198.754575755
5370.0 199.124364023
5380.0 199.494152113
5390.0 199.86394011
5400.0 200.233728099
5410.0 200.603516166
5420.0 200.973304394
5430.0 201.343092869
5440.0 201.712881673
5450.0 202.082670889
5460.0 202.452460602
5470.0 202.822250892
5480.0 203.192041842
5490.0 203.561833533
5500.0 203.931626046
5510.0 204.30141946
5520.0 204.671213857
5530.0 205.041009314
5540.0 205.41080591
5550.0 205.780603724
5560.0 206.150402832
5570.0 206.520203311
5580.0 206.890005236
5590.0 207.259808685
5600.0 207.62961373
5610.0 207.999420446
5620.0 208.369228906
5630.0 208.739039182
5640.0 209.108851347
5650.0 209.478665471
5660.0 209.848481624
5670.0 210.218299876
5680.0 210.588120296
5690.0 210.957942951
5700.0 211.327767908
5710.0 211.697595234
5720.0 212.067424994
5730.0 212.437257253
5740.0 212.807092073
5750.0 213.176929519
5760.0 213.546769651
5770.0 213.916612531
5780.0 214.286458219
5790.0 214.656306775
5800.0 215.026158255
5810.0 215.396012719
5820.0 215.765870222