0.0 0.0
120.0 4.50036810592
120.625 4.52283639622
121.25 4.54531343948
122.5 4.59029309556
123.75 4.63530574018
125.0 4.6803501078
126.25 4.72542499708
127.5 4.7705292671
128.75 4.8156618337
130.0 4.86082166615
131.25 4.90600778401
132.5 4.95121925422
133.75 4.99645518837
135.0 5.04171474014
136.25 5.08699710291
137.5 5.13230150757
138.75 5.17762722039
140.0 5.22297354109
141.25 5.26833980098
142.5 5.31372536128
143.75 5.35912961149
145.0 5.40455196787
146.25 5.44999187203
147.5 5.49544878959
148.75 5.54092220893
150.0 5.58641164002
151.25 5.63191661327
152.5 5.67743667854
153.75 5.72297140411
155.0 5.7685203758
156.25 5.81408319604
157.5 5.85965948308
158.75 5.90524887022
160.0 5.95085100504
161.25 5.99646554876
162.5 6.04209217553
165.0 6.13338043594
167.5 6.22471341599
170.0 6.31608891642
172.5 6.40750489358
175.0 6.49895944557
177.5 6.59045079979
180.0 6.68197730178
182.5 6.77353740512
185.0 6.86512966234
187.5 6.95675271672
190.0 7.04840529491
192.5 7.14008620014
195.0 7.23179430621
197.5 7.32352855193
200.0 7.41528793613
202.5 7.50707151308
205.0 7.59887838837
207.5 7.6907077151
210.0 7.78255869046
212.5 7.87443055255
215.0 7.96632257755
217.5 8.05823407704
220.0 8.1501643956
222.5 8.24211290862
225.0 8.33407902025
230.0 8.51806178875
235.0 8.70210844251
240.0 8.88621507836
245.0 9.07037810722
250.0 9.25459421878
255.0 9.43886035122
260.0 9.62317366521
265.0 9.80753152141
270.0 9.99193146099
275.0 10.1763711887
280.0 10.3608485581
285.0 10.5453615584
290.0 10.7299083033
295.0 10.9144870206
300.0 11.0990960434
305.0 11.283733802
310.0 11.4683988168
315.0 11.6530896918
320.0 11.837805109
330.0 12.2073046559
340.0 12.5768882824
350.0 12.9465477689
360.0 13.316275739
370.0 13.6860655638
380.0 14.0559112804
390.0 14.4258075201
400.0 14.7957494464
410.0 15.1657327003
420.0 15.5357533514
430.0 15.9058078553
440.0 16.2758930149
450.0 16.6460059456
460.0 17.0161440448
470.0 17.3863049641
480.0 17.756486584
490.0 18.1266869916
500.0 18.4969044603
510.0 18.8671374312
520.0 19.2373844969
530.0 19.6076443865
540.0 19.977915952
550.0 20.3481981563
560.0 20.7184900622
570.0 21.0887908226
580.0 21.4590996714
590.0 21.8294159156
600.0 22.1997389281
610.0 22.5700681412
620.0 22.9404030406
630.0 23.3107431601
640.0 23.6810880769
650.0 24.0514374075
660.0 24.4217908036
670.0 24.7921479484
680.0 25.1625085542
690.0 25.5328723589
700.0 25.9032391237
710.0 26.273608631
720.0 26.6439806822
730.0 27.0143550956
740.0 27.3847317053
750.0 27.7551103594
760.0 28.1254909185
770.0 28.4958732549
780.0 28.8662572512
790.0 29.2366427993
800.0 29.6070297999
810.0 29.9774181612
820.0 30.3478077986
830.0 30.7181986338
840.0 31.0885905944
850.0 31.4589836133
860.0 31.8293776281
870.0 32.1997725809
880.0 32.5701684179
890.0 32.9405650886
900.0 33.3109625464
910.0 33.6813607473
920.0 34.0517596504
930.0 34.4221592172
940.0 34.7925594116
950.0 35.1629601999
960.0 35.53336155
970.0 35.903763432
980.0 36.2741658175
990.0 36.6445686798
1000.0 37.0149719934
1010.0 37.3853757344
1020.0 37.75577988
1030.0 38.1261844086
1040.0 38.4965892997
1050.0 38.8669945336
1060.0 39.2374000917
1070.0 39.6078059563
1080.0 39.9782121101
1090.0 40.348618537
1100.0 40.7190252213
1110.0 41.0894321481
1120.0 41.459839303
1130.0 41.830246672
1140.0 42.2006542419
1150.0 42.5710619999
1160.0 42.9414699335
1170.0 43.3118780307
1180.0 43.6822862799
1190.0 44.05269467
1200.0 44.4231031899
1210.0 44.7935118291
1220.0 45.1639205774
1230.0 45.5343294246
1240.0 45.904738361
1250.0 46.2751473771
1260.0 46.6455564635
1270.0 47.0159656112
1280.0 47.3863748112
1290.0 47.7567840548
1300.0 48.1271933333
1310.0 48.4976026383
1320.0 48.8680119615
1330.0 49.2384212947
1340.0 49.6088306299
1350.0 49.979239959
1360.0 50.3496492741
1370.0 50.7200585675
1380.0 51.0904678314
1390.0 51.4608770582
1400.0 51.8312862401
1410.0 52.2016953697
1420.0 52.5721044395
1430.0 52.9425134418
1440.0 53.3129223693
1450.0 53.6833312144
1460.0 54.0537399698
1470.0 54.4241486279
1480.0 54.7945571813
1490.0 55.1649656225
1500.0 55.5353739442
1510.0 55.9057821386
1520.0 56.2761901984
1530.0 56.6465981159
1540.0 57.0170058835
1550.0 57.3874134937
1560.0 57.7578209386
1570.0 58.1282282106
1580.0 58.4986353017
1590.0 58.8690422042
1600.0 59.2394489101
1610.0 59.6098554113
1620.0 59.9802616997
1630.0 60.3506677672
1640.0 60.7210736055
1650.0 61.0914792062
1660.0 61.4618845607
1670.0 61.8322896607
1680.0 62.2026944973
1690.0 62.5730990617
1700.0 62.9435033452
1710.0 63.3139073385
1720.0 63.6843110327
1730.0 64.0547144184
1740.0 64.4251174862
1750.0 64.7955202265
1760.0 65.1659226298
1770.0 65.5363246861
1780.0 65.9067263855
1790.0 66.2771277178
1800.0 66.6475286728
1810.0 67.0179292401
1820.0 67.3883294089
1830.0 67.7587291687
1840.0 68.1291285084
1850.0 68.4995274169
1860.0 68.8699258829
1870.0 69.2403238949
1880.0 69.6107214414
1890.0 69.9811185104
1900.0 70.3515150899
1910.0 70.7219111676
1920.0 71.0923067312
1930.0 71.462701768
1940.0 71.8330962651
1950.0 72.2034902095
1960.0 72.573883588
1970.0 72.9442763869
1980.0 73.3146685927
1990.0 73.6850601913
2000.0 74.0554511687
2010.0 74.4258415104
2020.0 74.7962312018
2030.0 75.166620228
2040.0 75.5370085739
2050.0 75.9073962242
2060.0 76.2777831633
2070.0 76.6481693753
2080.0 77.018554844
2090.0 77.3889395533
2100.0 77.7593234863
2110.0 78.1297066262
2120.0 78.5000889559
2130.0 78.870470458
2140.0 79.2408511146
2150.0 79.6112309079
2160.0 79.9816098196
2170.0 80.3519878312
2180.0 80.7223649237
2190.0 81.0927410782
2200.0 81.4631162752
2210.0 81.8334904949
2220.0 82.2038637174
2230.0 82.5742359225
2240.0 82.9446070894
2250.0 83.3149771973
2260.0 83.685346225
2270.0 84.0557141509
2280.0 84.4260809533
2290.0 84.7964466099
2300.0 85.1668110984
2310.0 85.5371743958
2320.0 85.9075364792
2330.0 86.277897325
2340.0 86.6482569095
2350.0 87.0186152087
2360.0 87.3889721981
2370.0 87.759327853
2380.0 88.1296821482
2390.0 88.5000350584
2400.0 88.8703865579
2410.0 89.2407366204
2420.0 89.6110852197
2430.0 89.9814323288
2440.0 90.3517779208
2450.0 90.7221219681
2460.0 91.0924644429
2470.0 91.4628053171
2480.0 91.8331445622
2490.0 92.2034821493
2500.0 92.5738180492
2510.0 92.9441522324
2520.0 93.314484669
2530.0 93.6848153286
2540.0 94.0551441808
2550.0 94.4254711946
2560.0 94.7957963386
2570.0 95.1661195813
2580.0 95.5364408905
2590.0 95.9067602339
2600.0 96.2770775789
2610.0 96.6473928922
2620.0 97.0177061407
2630.0 97.3880172903
2640.0 97.7583263072
2650.0 98.1286331567
2660.0 98.498937804
2670.0 98.8692402141
2680.0 99.2395403514
2690.0 99.60983818
2700.0 99.9801336638
2710.0 100.350426766
2720.0 100.72071745
2730.0 101.091005679
2740.0 101.461291415
2750.0 101.83157462
2760.0 102.201855255
2770.0 102.572133284
2780.0 102.942408665
2790.0 103.312681361
2800.0 103.682951332
2810.0 104.053218538
2820.0 104.423482939
2830.0 104.793744495
2840.0 105.164003164
2850.0 105.534258906
2860.0 105.904511679
2870.0 106.274761442
2880.0 106.645008152
2890.0 107.015251768
2900.0 107.385492248
2910.0 107.755729547
2920.0 108.125963624
2930.0 108.496194435
2940.0 108.866421936
2950.0 109.236646084
2960.0 109.606866834
2970.0 109.977084142
2980.0 110.347297964
2990.0 110.717508255
3000.0 111.08771497
3010.0 111.457918063
3020.0 111.828117489
3030.0 112.198313203
3040.0 112.568505159
3050.0 112.93869331
3060.0 113.30887761
3070.0 113.679058013
3080.0 114.049234473
3090.0 114.419406942
3100.0 114.789575374
3110.0 115.159739722
3120.0 115.529899938
3130.0 115.900055976
3140.0 116.270207787
3150.0 116.640355325
3160.0 117.010498541
3170.0 117.380637388
3180.0 117.750771818
3190.0 118.120901784
3200.0 118.491027236
3210.0 118.861148128
3220.0 119.231264411
3230.0 119.601376037
3240.0 119.971482958
3250.0 120.341585126
3260.0 120.711682493
3270.0 121.08177501
3280.0 121.451862629
3290.0 121.821945303
3300.0 122.192022984
3310.0 122.562095622
3320.0 122.932163171
3330.0 123.302225583
3340.0 123.672282809
3350.0 124.042334803
3360.0 124.412381516
3370.0 124.782422901
3380.0 125.152458911
3390.0 125.522489499
3400.0 125.892514617
3410.0 126.262534219
3420.0 126.632548258
3430.0 127.002556688
3440.0 127.372559463
3450.0 127.742556536
3460.0 128.112547861
3470.0 128.482533394
3480.0 128.852513089
3490.0 129.222486901
3500.0 129.592454784
3510.0 129.962416696
3520.0 130.332372591
3530.0 130.702322426
3540.0 131.072266158
3550.0 131.442203743
3560.0 131.812135139
3570.0 132.182060303
3580.0 132.551979194
3590.0 132.92189177
3600.0 133.29179799
3610.0 133.661697813
3620.0 134.0315912
3630.0 134.401478109
3640.0 134.771358503
3650.0 135.141232342
3660.0 135.511099589
3670.0 135.880960205
3680.0 136.250814154
3690.0 136.620661398
3700.0 136.990501902
3710.0 137.36033563
3720.0 137.730162547
3730.0 138.09998262
3740.0 138.469795813
3750.0 138.839602096
3760.0 139.209401434
3770.0 139.579193796
3780.0 139.948979152
3790.0 140.318757471
3800.0 140.688528723
3810.0 141.058292879
3820.0 141.428049911
3830.0 141.797799792
3840.0 142.167542495
3850.0 142.537277994
3860.0 142.907006264
3870.0 143.27672728
3880.0 143.646441019
3890.0 144.016147459
3900.0 144.385846576
3910.0 144.755538351
3920.0 145.125222763
3930.0 145.494899792
3940.0 145.86456942
3950.0 146.23423163
3960.0 146.603886405
3970.0 146.973533728
3980.0 147.343173586
3990.0 147.712805964
4000.0 148.08243085
4010.0 148.45204823
4020.0 148.821658095
4030.0 149.191260433
4040.0 149.560855237
4050.0 149.930442498
4060.0 150.300022208
4070.0 150.669594361
4080.0 151.039158954
4090.0 151.40871598
4100.0 151.778265438
4110.0 152.147807326
4120.0 152.517341641
4130.0 152.886868386
4140.0 153.25638756
4150.0 153.625899166
4160.0 153.995403208
4170.0 154.364899689
4180.0 154.734388616
4190.0 155.103869995
4200.0 155.473343833
4210.0 155.84281014
4220.0 156.212268925
4230.0 156.5817202
4240.0 156.951163976
4250.0 157.320600267
4260.0 157.690029088
4270.0 158.059450453
4280.0 158.428864381
4290.0 158.798270887
4300.0 159.167669992
4310.0 159.537061716
4320.0 159.90644608
4330.0 160.275823105
4340.0 160.645192817
4350.0 161.014555239
4360.0 161.383910397
4370.0 161.753258318
4380.0 162.122599031
4390.0 162.491932564
4400.0 162.861258949
4410.0 163.230578216
4420.0 163.599890398
4430.0 163.96919553
4440.0 164.338493646
4450.0 164.707784781
4460.0 165.077068975
4470.0 165.446346264
4480.0 165.815616688
4490.0 166.184880288
4500.0 166.554137106
4510.0 166.923387183
4520.0 167.292630565
4530.0 167.661867297
4540.0 168.031097423
4550.0 168.400320992
4560.0 168.769538051
4570.0 169.138748651
4580.0 169.50795284
4590.0 169.877150672
4600.0 170.246342197
4610.0 170.61552747
4620.0 170.984706545
4630.0 171.353879478
4640.0 171.723046325
4650.0 172.092207143
4660.0 172.461361992
4670.0 172.83051093
4680.0 173.199654018
4690.0 173.568791317
4700.0 173.93792289
4710.0 174.3070488
4720.0 174.67616911
4730.0 175.045283887
4740.0 175.414393196
4750.0 175.783497103
4760.0 176.152595677
4770.0 176.521688985
4780.0 176.890777098
4790.0 177.259860085
4800.0 177.628938017
4810.0 177.998010965
4820.0 178.367079003
4830.0 178.736142203
4840.0 179.105200639
4850.0 179.474254386
4860.0 179.843303519
4870.0 180.212348114
4880.0 180.581388248
4890.0 180.950424008
4900.0 181.319455456
4910.0 181.688482679
4920.0 182.057505757
4930.0 182.42652477
4940.0 182.795539797
4950.0 183.164550921
4960.0 183.533558221
4970.0 183.902561781
4980.0 184.271561682
4990.0 184.640558008
5000.0 185.009550842
5010.0 185.378540268
5020.0 185.747526371
5030.0 186.116509234
5040.0 186.485488944
5050.0 186.854465586
5060.0 187.223439245
5070.0 187.592410007
5080.0 187.96137796
5090.0 188.33034319
5100.0 188.699305784
5110.0 189.068265828
5120.0 189.437223412
5130.0 189.806178621
5140.0 190.175131545
5150.0 190.54408227
5160.0 190.913030886
5170.0 191.28197748
5180.0 191.650922141
5190.0 192.019864957
5200.0 192.388806017
5210.0 192.757745409
5220.0 193.126683221
5230.0 193.495619542
5240.0 193.864554461
5250.0 194.233488066
5260.0 194.602420445
5270.0 194.971351687
5280.0 195.34028188
5290.0 195.709211111
5300.0 196.078139469
5310.0 196.447067041
5320.0 196.815993915
5330.0 197.184920178
5340.0 197.553845917
5350.0 197.922771219
5360.0 198.29169617
5370.0 198.660620857
5380.0 199.029545365
5390.0 199.398469781
5400.0 199.767394189
5410.0 200.136318674
5420.0 200.505243322
5430.0 200.874168215
5440.0 201.243093437
5450.0 201.612019073
5460.0 201.980945204
5470.0 202.349871913
5480.0 202.718799281
5490.0 203.087727391
5500.0 203.456656323
5510.0 203.825586156
5520.0 204.194516971
5530.0 204.563448847
5540.0 204.932381862
5550.0 205.301316094
5560.0 205.670251621
5570.0 206.039188518
5580.0 206.408126863
5590.0 206.77706673
5600.0 207.146008193
5610.0 207.514951328
5620.0 207.883896207
5630.0 208.252842902
5640.0 208.621791485
5650.0 208.990742028
5660.0 209.3596946
5670.0 209.728649271
5680.0 210.097606109
5690.0 210.466565183
5700.0 210.835526559
5710.0 211.204490303
5720.0 211.573456482
5730.0 211.942425159
5740.0 212.311396399
5750.0 212.680370263
5760.0 213.049346814
5770.0 213.418326112
5780.0 213.787308219
5790.0 214.156293193
5800.0 214.525281093
5810.0 214.894271975
5820.0 215.263265897