0.0 0.0
120.0 4.49958540696
120.625 4.5220496207
121.25 4.54452258741
122.5 4.58949409037
123.75 4.63449858188
125.0 4.67953479638
126.25 4.72460153255
127.5 4.76969764945
128.75 4.81482206294
130.0 4.85997374227
131.25 4.90515170702
132.5 4.95035502412
133.75 4.99558280516
135.0 5.04083420381
136.25 5.08610841347
137.5 5.13140466501
138.75 5.17672222472
140.0 5.2220603923
141.25 5.26741849907
142.5 5.31279590626
143.75 5.35819200336
145.0 5.40360620663
146.25 5.44903795767
147.5 5.49448672212
148.75 5.53995198835
150.0 5.58543326631
151.25 5.63093008645
152.5 5.67644199861
153.75 5.72196857107
155.0 5.76750938964
156.25 5.81306405676
157.5 5.85863219069
158.75 5.90421342472
160.0 5.94980740643
161.25 5.99541379703
162.5 6.04103227068
165.0 6.13230422487
167.5 6.22362089869
170.0 6.3149800929
172.5 6.40637976382
175.0 6.49781800958
177.5 6.58929305758
180.0 6.68080325334
182.5 6.77234705045
185.0 6.86392300144
187.5 6.9555297496
190.0 7.04716602155
192.5 7.13883062055
195.0 7.2305224204
197.5 7.32224035989
200.0 7.41398343786
202.5 7.50575070858
205.0 7.59754127764
207.5 7.68935429815
210.0 7.78118896727
212.5 7.87304452314
215.0 7.96492024191
217.5 8.05681543517
220.0 8.1487294475
222.5 8.24066165429
225.0 8.33261145969
230.0 8.51656161574
235.0 8.70057565704
240.0 8.88464968043
245.0 9.06878009684
250.0 9.25296359594
255.0 9.43719711593
260.0 9.62147781746
265.0 9.8058030612
270.0 9.99017038832
275.0 10.1745775036
280.0 10.3590222605
285.0 10.5435026484
290.0 10.7280167808
295.0 10.9125628857
300.0 11.097139296
305.0 11.2817444421
310.0 11.4663768444
315.0 11.651035107
320.0 11.8357179118
330.0 12.2051522338
340.0 12.5746706354
350.0 12.944264897
360.0 13.3139276421
370.0 13.683652242
380.0 14.0534327337
390.0 14.4232637485
400.0 14.7931404499
410.0 15.1630584788
420.0 15.533013905
430.0 15.9030031841
440.0 16.2730231187
450.0 16.6430708244
460.0 17.0131436988
470.0 17.3832393932
480.0 17.7533557882
490.0 18.1234909709
500.0 18.4936432146
510.0 18.8638109606
520.0 19.2339928014
530.0 19.6041874661
540.0 19.9743938067
550.0 20.3446107861
560.0 20.7148374671
570.0 21.0850730025
580.0 21.4553166264
590.0 21.8255676457
600.0 22.1958254333
610.0 22.5660894215
620.0 22.9363590959
630.0 23.3066339905
640.0 23.6769136825
650.0 24.0471977882
660.0 24.4174859593
670.0 24.7877778792
680.0 25.1580732601
690.0 25.5283718399
700.0 25.8986733798
710.0 26.2689776622
720.0 26.6392844884
730.0 27.0095936769
740.0 27.3799050617
750.0 27.7502184909
760.0 28.1205338251
770.0 28.4908509366
780.0 28.8611697079
790.0 29.2314900311
800.0 29.6018118068
810.0 29.9721349432
820.0 30.3424593557
830.0 30.712784966
840.0 31.0831117017
850.0 31.4534394957
860.0 31.8237682856
870.0 32.1940980135
880.0 32.5644286255
890.0 32.9347600713
900.0 33.3050923042
910.0 33.6754252802
920.0 34.0457589583
930.0 34.4160933002
940.0 34.7864282698
950.0 35.1567638331
960.0 35.5270999583
970.0 35.8974366154
980.0 36.267773776
990.0 36.6381114133
1000.0 37.008449502
1010.0 37.3787880181
1020.0 37.7491269388
1030.0 38.1194662425
1040.0 38.4898059087
1050.0 38.8601459177
1060.0 39.2304862509
1070.0 39.6008268905
1080.0 39.9711678195
1090.0 40.3415090214
1100.0 40.7118504809
1110.0 41.0821921827
1120.0 41.4525341127
1130.0 41.8228762568
1140.0 42.1932186018
1150.0 42.5635611348
1160.0 42.9339038435
1170.0 43.3042467158
1180.0 43.6745897401
1190.0 44.0449329053
1200.0 44.4152762003
1210.0 44.7856196146
1220.0 45.1559631379
1230.0 45.5263067602
1240.0 45.8966504717
1250.0 46.2669942629
1260.0 46.6373381244
1270.0 47.0076820472
1280.0 47.3780260223
1290.0 47.7483700409
1300.0 48.1187140945
1310.0 48.4890581746
1320.0 48.8594022729
1330.0 49.2297463812
1340.0 49.6000904915
1350.0 49.9704345957
1360.0 50.3407786859
1370.0 50.7111227544
1380.0 51.0814667934
1390.0 51.4518107952
1400.0 51.8221547522
1410.0 52.1924986569
1420.0 52.5628425017
1430.0 52.9331862792
1440.0 53.3035299817
1450.0 53.673873602
1460.0 54.0442171324
1470.0 54.4145605656
1480.0 54.7849038941
1490.0 55.1552471104
1500.0 55.5255902071
1510.0 55.8959331767
1520.0 56.2662760115
1530.0 56.6366187041
1540.0 57.0069612469
1550.0 57.3773036321
1560.0 57.7476458521
1570.0 58.1179878991
1580.0 58.4883297654
1590.0 58.858671443
1600.0 59.2290129239
1610.0 59.5993542002
1620.0 59.9696952638
1630.0 60.3400361063
1640.0 60.7103767197
1650.0 61.0807170954
1660.0 61.4510572251
1670.0 61.8213971001
1680.0 62.1917367118
1690.0 62.5620760513
1700.0 62.9324151099
1710.0 63.3027538783
1720.0 63.6730923476
1730.0 64.0434305083
1740.0 64.4137683512
1750.0 64.7841058667
1760.0 65.154443045
1770.0 65.5247798764
1780.0 65.8951163509
1790.0 66.2654524583
1800.0 66.6357881884
1810.0 67.0061235307
1820.0 67.3764584747
1830.0 67.7467930095
1840.0 68.1171271243
1850.0 68.4874608079
1860.0 68.857794049
1870.0 69.2281268361
1880.0 69.5984591576
1890.0 69.9687910017
1900.0 70.3391223563
1910.0 70.7094532092
1920.0 71.0797835478
1930.0 71.4501133597
1940.0 71.8204426319
1950.0 72.1907713514
1960.0 72.5610995049
1970.0 72.9314270789
1980.0 73.3017540598
1990.0 73.6720804335
2000.0 74.042406186
2010.0 74.4127313028
2020.0 74.7830557692
2030.0 75.1533795705
2040.0 75.5237026916
2050.0 75.894025117
2060.0 76.2643468311
2070.0 76.6346678182
2080.0 77.004988062
2090.0 77.3753075463
2100.0 77.7456262545
2110.0 78.1159441695
2120.0 78.4862612743
2130.0 78.8565775514
2140.0 79.2268929832
2150.0 79.5972075515
2160.0 79.9675212383
2170.0 80.337834025
2180.0 80.7081458926
2190.0 81.0784568221
2200.0 81.4487667942
2210.0 81.819075789
2220.0 82.1893837866
2230.0 82.5596907667
2240.0 82.9299967088
2250.0 83.3003015918
2260.0 83.6706053945
2270.0 84.0409080956
2280.0 84.411209673
2290.0 84.7815101047
2300.0 85.1518093683
2310.0 85.5221074408
2320.0 85.8924042992
2330.0 86.2626999201
2340.0 86.6329942798
2350.0 87.003287354
2360.0 87.3735791185
2370.0 87.7438695485
2380.0 88.1141586188
2390.0 88.4844463041
2400.0 88.8547325786
2410.0 89.2250174163
2420.0 89.5953007906
2430.0 89.9655826749
2440.0 90.3358630419
2450.0 90.7061418643
2460.0 91.0764191142
2470.0 91.4466947635
2480.0 91.8169687836
2490.0 92.1872411458
2500.0 92.5575118208
2510.0 92.9277807791
2520.0 93.2980479908
2530.0 93.6683134255
2540.0 94.0385770528
2550.0 94.4088388417
2560.0 94.7790987608
2570.0 95.1493567785
2580.0 95.5196128628
2590.0 95.8898669813
2600.0 96.2601191013
2610.0 96.6303691898
2620.0 97.0006172133
2630.0 97.3708631381
2640.0 97.74110693
2650.0 98.1113485546
2660.0 98.481587977
2670.0 98.8518251622
2680.0 99.2220600745
2690.0 99.5922926782
2700.0 99.9625229371
2710.0 100.332750815
2720.0 100.702976274
2730.0 101.073199278
2740.0 101.443419788
2750.0 101.813637768
2760.0 102.183853179
2770.0 102.554065983
2780.0 102.924276139
2790.0 103.294483611
2800.0 103.664688357
2810.0 104.034890338
2820.0 104.405089514
2830.0 104.775285844
2840.0 105.145479288
2850.0 105.515669805
2860.0 105.885857353
2870.0 106.256041891
2880.0 106.626223377
2890.0 106.996401768
2900.0 107.366577023
2910.0 107.736749097
2920.0 108.106917949
2930.0 108.477083535
2940.0 108.847245811
2950.0 109.217404734
2960.0 109.58756026
2970.0 109.957712343
2980.0 110.32786094
2990.0 110.698006006
3000.0 111.068147496
3010.0 111.438285364
3020.0 111.808419565
3030.0 112.178550054
3040.0 112.548676785
3050.0 112.918799711
3060.0 113.288918786
3070.0 113.659033965
3080.0 114.0291452
3090.0 114.399252444
3100.0 114.769355651
3110.0 115.139454774
3120.0 115.509549765
3130.0 115.879640578
3140.0 116.249727165
3150.0 116.619809477
3160.0 116.989887469
3170.0 117.359961091
3180.0 117.730030296
3190.0 118.100095036
3200.0 118.470155264
3210.0 118.840210931
3220.0 119.210261989
3230.0 119.58030839
3240.0 119.950350086
3250.0 120.320387029
3260.0 120.690419171
3270.0 121.060446463
3280.0 121.430468858
3290.0 121.800486307
3300.0 122.170498762
3310.0 122.540506176
3320.0 122.9105085
3330.0 123.280505687
3340.0 123.650497688
3350.0 124.020484457
3360.0 124.390465945
3370.0 124.760442105
3380.0 125.13041289
3390.0 125.500378253
3400.0 125.870338146
3410.0 126.240292523
3420.0 126.610241338
3430.0 126.980184543
3440.0 127.350122093
3450.0 127.720053941
3460.0 128.089980041
3470.0 128.459900349
3480.0 128.829814819
3490.0 129.199723406
3500.0 129.569626065
3510.0 129.939522751
3520.0 130.309413422
3530.0 130.679298032
3540.0 131.049176539
3550.0 131.419048899
3560.0 131.78891507
3570.0 132.158775009
3580.0 132.528628675
3590.0 132.898476026
3600.0 133.268317021
3610.0 133.638151619
3620.0 134.007979781
3630.0 134.377801466
3640.0 134.747616635
3650.0 135.117425249
3660.0 135.487227271
3670.0 135.857022662
3680.0 136.226811385
3690.0 136.596593405
3700.0 136.966368684
3710.0 137.336137187
3720.0 137.705898879
3730.0 138.075653727
3740.0 138.445401696
3750.0 138.815142753
3760.0 139.184876866
3770.0 139.554604004
3780.0 139.924324135
3790.0 140.294037229
3800.0 140.663743256
3810.0 141.033442187
3820.0 141.403133994
3830.0 141.77281865
3840.0 142.142496128
3850.0 142.512166402
3860.0 142.881829447
3870.0 143.251485239
3880.0 143.621133753
3890.0 143.990774967
3900.0 144.36040886
3910.0 144.73003541
3920.0 145.099654597
3930.0 145.469266401
3940.0 145.838870804
3950.0 146.208467789
3960.0 146.578057339
3970.0 146.947639438
3980.0 147.317214071
3990.0 147.686781224
4000.0 148.056340884
4010.0 148.42589304
4020.0 148.79543768
4030.0 149.164974793
4040.0 149.534504372
4050.0 149.904026408
4060.0 150.273540893
4070.0 150.643047822
4080.0 151.012547189
4090.0 151.382038991
4100.0 151.751523224
4110.0 152.120999886
4120.0 152.490468977
4130.0 152.859930496
4140.0 153.229384446
4150.0 153.598830827
4160.0 153.968269644
4170.0 154.3377009
4180.0 154.707124602
4190.0 155.076540756
4200.0 155.445949369
4210.0 155.815350451
4220.0 156.184744011
4230.0 156.554130061
4240.0 156.923508613
4250.0 157.292879679
4260.0 157.662243275
4270.0 158.031599415
4280.0 158.400948118
4290.0 158.770289399
4300.0 159.13962328
4310.0 159.508949778
4320.0 159.878268917
4330.0 160.247580718
4340.0 160.616885204
4350.0 160.986182401
4360.0 161.355472334
4370.0 161.724755031
4380.0 162.094030519
4390.0 162.463298827
4400.0 162.832559987
4410.0 163.201814029
4420.0 163.571060987
4430.0 163.940300893
4440.0 164.309533784
4450.0 164.678759695
4460.0 165.047978663
4470.0 165.417190727
4480.0 165.786395927
4490.0 166.155594302
4500.0 166.524785895
4510.0 166.893970747
4520.0 167.263148905
4530.0 167.632320411
4540.0 168.001485312
4550.0 168.370643656
4560.0 168.739795491
4570.0 169.108940865
4580.0 169.47807983
4590.0 169.847212437
4600.0 170.216338737
4610.0 170.585458785
4620.0 170.954572635
4630.0 171.323680343
4640.0 171.692781965
4650.0 172.061877558
4660.0 172.430967182
4670.0 172.800050895
4680.0 173.169128758
4690.0 173.538200833
4700.0 173.907267181
4710.0 174.276327865
4720.0 174.645382951
4730.0 175.014432503
4740.0 175.383476587
4750.0 175.752515269
4760.0 176.121548618
4770.0 176.490576702
4780.0 176.859599589
4790.0 177.228617351
4800.0 177.597630058
4810.0 177.966637782
4820.0 178.335640595
4830.0 178.70463857
4840.0 179.073631781
4850.0 179.442620303
4860.0 179.811604211
4870.0 180.180583581
4880.0 180.54955849
4890.0 180.918529025
4900.0 181.287495248
4910.0 181.656457246
4920.0 182.0254151
4930.0 182.394368887
4940.0 182.76331869
4950.0 183.132264588
4960.0 183.501206664
4970.0 183.870144999
4980.0 184.239079675
4990.0 184.608010776
5000.0 184.976938385
5010.0 185.345862586
5020.0 185.714783464
5030.0 186.083701103
5040.0 186.452615588
5050.0 186.821527004
5060.0 187.190435438
5070.0 187.559340976
5080.0 187.928243704
5090.0 188.297143709
5100.0 188.666041078
5110.0 189.034935898
5120.0 189.403828256
5130.0 189.772718241
5140.0 190.141605939
5150.0 190.51049144
5160.0 190.879374831
5170.0 191.2482562
5180.0 191.617135636
5190.0 191.986013227
5200.0 192.354889062
5210.0 192.723763229
5220.0 193.092635816
5230.0 193.461506912
5240.0 193.830376607
5250.0 194.199244987
5260.0 194.568112141
5270.0 194.936978158
5280.0 195.305843126
5290.0 195.674707132
5300.0 196.043570265
5310.0 196.412432612
5320.0 196.781294261
5330.0 197.150155299
5340.0 197.519015813
5350.0 197.88787589
5360.0 198.256735616
5370.0 198.625595078
5380.0 198.994454362
5390.0 199.363313553
5400.0 199.732172736
5410.0 200.101031996
5420.0 200.469891419
5430.0 200.838751087
5440.0 201.207611084
5450.0 201.576471495
5460.0 201.945332401
5470.0 202.314193885
5480.0 202.683056029
5490.0 203.051918914
5500.0 203.42078262
5510.0 203.789647229
5520.0 204.158512819
5530.0 204.52737947
5540.0 204.89624726
5550.0 205.265116267
5560.0 205.633986569
5570.0 206.002858241
5580.0 206.371731361
5590.0 206.740606003
5600.0 207.109482242
5610.0 207.478360152
5620.0 207.847239805
5630.0 208.216121275
5640.0 208.585004634
5650.0 208.953889952
5660.0 209.322777299
5670.0 209.691666745
5680.0 210.060558358
5690.0 210.429452207
5700.0 210.798348358
5710.0 211.167246878
5720.0 211.536147832
5730.0 211.905051284
5740.0 212.273957298
5750.0 212.642865937
5760.0 213.011777263
5770.0 213.380691337
5780.0 213.749608219
5790.0 214.118527968
5800.0 214.487450643
5810.0 214.8563763
5820.0 215.225304997