0.0 0.0
120.0 4.49745426509
120.625 4.51990737914
121.25 4.54236924614
122.5 4.58731854971
123.75 4.63230084183
125.0 4.67731485693
126.25 4.72235939371
127.5 4.76743331122
128.75 4.81253552531
130.0 4.85766500525
131.25 4.9028207706
132.5 4.94800188831
133.75 4.99320746995
135.0 5.0384366692
136.25 5.08368867947
137.5 5.12896273162
138.75 5.17425809193
140.0 5.21957406012
141.25 5.2649099675
142.5 5.31026517529
143.75 5.355639073
145.0 5.40103107687
146.25 5.44644062852
147.5 5.49186719357
148.75 5.5373102604
150.0 5.58276933898
151.25 5.62824395972
152.5 5.67373367248
153.75 5.71923804555
155.0 5.76475666473
156.25 5.81028913246
157.5 5.85583506699
158.75 5.90139410162
160.0 5.94696588394
161.25 5.99255007514
162.5 6.0381463494
165.0 6.1293739048
167.5 6.22064617984
170.0 6.31196097525
172.5 6.40331624739
175.0 6.49471009436
177.5 6.58614074356
180.0 6.67760654054
182.5 6.76910593886
185.0 6.86063749106
187.5 6.95219984043
190.0 7.04379171359
192.5 7.13541191381
195.0 7.22705931486
197.5 7.31873285556
200.0 7.41043153475
202.5 7.50215440668
205.0 7.59390057695
207.5 7.68566919867
210.0 7.777459469
212.5 7.86927062608
215.0 7.96110194607
217.5 8.05295274053
220.0 8.14482235407
222.5 8.23671016208
225.0 8.32861556869
230.0 8.51247692716
235.0 8.69640217088
240.0 8.8803873967
245.0 9.06442901552
250.0 9.24852371705
255.0 9.43266843946
260.0 9.61686034341
265.0 9.80109678957
270.0 9.98537531912
275.0 10.1696936368
280.0 10.3540495962
285.0 10.5384411864
290.0 10.7228665213
295.0 10.9073238286
300.0 11.0918114413
305.0 11.2763277899
310.0 11.4608713946
315.0 11.6454408596
320.0 11.8300348668
330.0 12.1992915936
340.0 12.5686324001
350.0 12.9380490665
360.0 13.3075342165
370.0 13.6770812213
380.0 14.0466841178
390.0 14.4163375374
400.0 14.7860366437
410.0 15.1557770774
420.0 15.5255549085
430.0 15.8953665924
440.0 16.2652089318
450.0 16.6350790424
460.0 17.0049743216
470.0 17.3748924208
480.0 17.7448312207
490.0 18.1147888082
500.0 18.4847634568
510.0 18.8547536076
520.0 19.2247578533
530.0 19.5947749228
540.0 19.9648036682
550.0 20.3348430525
560.0 20.7048921383
570.0 21.0749500786
580.0 21.4450161073
590.0 21.8150895315
600.0 22.1851697239
610.0 22.555256117
620.0 22.9253481963
630.0 23.2954454957
640.0 23.6655475925
650.0 24.0356541031
660.0 24.405764679
670.0 24.7758790038
680.0 25.1459967895
690.0 25.5161177741
700.0 25.8862417189
710.0 26.2563684061
720.0 26.6264976372
730.0 26.9966292305
740.0 27.3667630202
750.0 27.7368988542
760.0 28.1070365932
770.0 28.4771761096
780.0 28.8473172858
790.0 29.2174600138
800.0 29.5876041943
810.0 29.9577497356
820.0 30.3278965529
830.0 30.6980445681
840.0 31.0681937086
850.0 31.4383439074
860.0 31.8084951022
870.0 32.1786472349
880.0 32.5488002518
890.0 32.9189541025
900.0 33.2891087402
910.0 33.659264121
920.0 34.029420204
930.0 34.3995769507
940.0 34.7697343251
950.0 35.1398922933
960.0 35.5100508234
970.0 35.8802098853
980.0 36.2503694507
990.0 36.6205294929
1000.0 36.9906899864
1010.0 37.3608509074
1020.0 37.7310122329
1030.0 38.1011739415
1040.0 38.4713360125
1050.0 38.8414984264
1060.0 39.2116611644
1070.0 39.5818242089
1080.0 39.9519875426
1090.0 40.3221511495
1100.0 40.6923150137
1110.0 41.0624791204
1120.0 41.4326434552
1130.0 41.8028080042
1140.0 42.172972754
1150.0 42.5431376919
1160.0 42.9133028054
1170.0 43.2834680826
1180.0 43.6536335118
1190.0 44.0237990817
1200.0 44.3939647816
1210.0 44.7641306008
1220.0 45.1342965289
1230.0 45.5044625561
1240.0 45.8746286724
1250.0 46.2447948684
1260.0 46.6149611348
1270.0 46.9851274624
1280.0 47.3552938424
1290.0 47.7254602658
1300.0 48.0956267243
1310.0 48.4657932092
1320.0 48.8359597124
1330.0 49.2061262255
1340.0 49.5762927406
1350.0 49.9464592496
1360.0 50.3166257447
1370.0 50.686792218
1380.0 51.0569586619
1390.0 51.4271250685
1400.0 51.7972914304
1410.0 52.16745774
1420.0 52.5376239896
1430.0 52.9077901719
1440.0 53.2779562793
1450.0 53.6481223044
1460.0 54.0182882397
1470.0 54.3884540777
1480.0 54.7586198111
1490.0 55.1287854322
1500.0 55.4989509338
1510.0 55.8691163082
1520.0 56.2392815479
1530.0 56.6094466453
1540.0 56.9796115929
1550.0 57.349776383
1560.0 57.7199410078
1570.0 58.0901054597
1580.0 58.4602697308
1590.0 58.8304338132
1600.0 59.200597699
1610.0 59.5707613801
1620.0 59.9409248485
1630.0 60.311088096
1640.0 60.6812511142
1650.0 61.0514138947
1660.0 61.4215764293
1670.0 61.7917387091
1680.0 62.1619007256
1690.0 62.53206247
1700.0 62.9022239334
1710.0 63.2723851067
1720.0 63.6425459808
1730.0 64.0127065464
1740.0 64.3828667941
1750.0 64.7530267144
1760.0 65.1231862976
1770.0 65.4933455338
1780.0 65.8635044131
1790.0 66.2336629254
1800.0 66.6038210604
1810.0 66.9739788075
1820.0 67.3441361563
1830.0 67.714293096
1840.0 68.0844496156
1850.0 68.4546057041
1860.0 68.82476135
1870.0 69.194916542
1880.0 69.5650712684
1890.0 69.9352255173
1900.0 70.3053792767
1910.0 70.6755325344
1920.0 71.0456852779
1930.0 71.4158374946
1940.0 71.7859891717
1950.0 72.156140296
1960.0 72.5262908544
1970.0 72.8964408333
1980.0 73.266590219
1990.0 73.6367389976
2000.0 74.0068871548
2010.0 74.3770346765
2020.0 74.7471815478
2030.0 75.1173277539
2040.0 75.4874732798
2050.0 75.85761811
2060.0 76.227762229
2070.0 76.5979056209
2080.0 76.9680482696
2090.0 77.3381901588
2100.0 77.7083312718
2110.0 78.0784715916
2120.0 78.4486111013
2130.0 78.8187497832
2140.0 79.1888876198
2150.0 79.5590245931
2160.0 79.9291606847
2170.0 80.2992958762
2180.0 80.6694301487
2190.0 81.039563483
2200.0 81.4096958599
2210.0 81.7798272596
2220.0 82.1499576621
2230.0 82.520087047
2240.0 82.8902153939
2250.0 83.2603426817
2260.0 83.6304688893
2270.0 84.0005939952
2280.0 84.3707179775
2290.0 84.7408408141
2300.0 85.1109624824
2310.0 85.4810829598
2320.0 85.8512022231
2330.0 86.2213202489
2340.0 86.5914370133
2350.0 86.9615524925
2360.0 87.3316666618
2370.0 87.7017794966
2380.0 88.0718909718
2390.0 88.4420010619
2400.0 88.8121097413
2410.0 89.1822169838
2420.0 89.5523227629
2430.0 89.922427052
2440.0 90.2925298239
2450.0 90.6626310511
2460.0 91.0327307059
2470.0 91.40282876
2480.0 91.772925185
2490.0 92.1430199521
2500.0 92.5131130319
2510.0 92.883204395
2520.0 93.2532940115
2530.0 93.6233818511
2540.0 93.9934678833
2550.0 94.363552077
2560.0 94.7336344009
2570.0 95.1037148235
2580.0 95.4737933126
2590.0 95.843869836
2600.0 96.2139443609
2610.0 96.5840168542
2620.0 96.9540872825
2630.0 97.3241556121
2640.0 97.6942218089
2650.0 98.0642858383
2660.0 98.4343476656
2670.0 98.8044072556
2680.0 99.1744645728
2690.0 99.5445195814
2700.0 99.9145722451
2710.0 100.284622527
2720.0 100.654670392
2730.0 101.0247158
2740.0 101.394758716
2750.0 101.764799101
2760.0 102.134836916
2770.0 102.504872124
2780.0 102.874904686
2790.0 103.244934562
2800.0 103.614961713
2810.0 103.984986099
2820.0 104.35500768
2830.0 104.725026415
2840.0 105.095042264
2850.0 105.465055186
2860.0 105.835065139
2870.0 106.205072082
2880.0 106.575075972
2890.0 106.945076768
2900.0 107.315074428
2910.0 107.685068907
2920.0 108.055060164
2930.0 108.425048155
2940.0 108.795032836
2950.0 109.165014163
2960.0 109.534992093
2970.0 109.904966582
2980.0 110.274937584
2990.0 110.644905054
3000.0 111.014868949
3010.0 111.384829222
3020.0 111.754785828
3030.0 112.124738722
3040.0 112.494687858
3050.0 112.864633188
3060.0 113.234574669
3070.0 113.604512252
3080.0 113.974445892
3090.0 114.344375541
3100.0 114.714301153
3110.0 115.084222681
3120.0 115.454140077
3130.0 115.824053294
3140.0 116.193962286
3150.0 116.563867003
3160.0 116.933767399
3170.0 117.303663426
3180.0 117.673555036
3190.0 118.043442182
3200.0 118.413324814
3210.0 118.783202886
3220.0 119.153076349
3230.0 119.522945155
3240.0 119.892809256
3250.0 120.262668604
3260.0 120.63252315
3270.0 121.002372847
3280.0 121.372217647
3290.0 121.742057501
3300.0 122.111892361
3310.0 122.481722179
3320.0 122.851546908
3330.0 123.2213665
3340.0 123.591180906
3350.0 123.96099008
3360.0 124.330793973
3370.0 124.700592538
3380.0 125.070385728
3390.0 125.440173495
3400.0 125.809955793
3410.0 126.179732575
3420.0 126.549503795
3430.0 126.919269405
3440.0 127.289029359
3450.0 127.658783612
3460.0 128.028532118
3470.0 128.39827483
3480.0 128.768011705
3490.0 129.137742696
3500.0 129.50746776
3510.0 129.877186852
3520.0 130.246899927
3530.0 130.616606942
3540.0 130.986307854
3550.0 131.356002619
3560.0 131.725691195
3570.0 132.095373539
3580.0 132.46504961
3590.0 132.834719365
3600.0 133.204382765
3610.0 133.574039768
3620.0 133.943690334
3630.0 134.313334424
3640.0 134.682971998
3650.0 135.052603017
3660.0 135.422227444
3670.0 135.79184524
3680.0 136.161456368
3690.0 136.531060792
3700.0 136.900658476
3710.0 137.270249384
3720.0 137.639833481
3730.0 138.009410734
3740.0 138.378981108
3750.0 138.74854457
3760.0 139.118101088
3770.0 139.48765063
3780.0 139.857193166
3790.0 140.226728664
3800.0 140.596257096
3810.0 140.965778432
3820.0 141.335292645
3830.0 141.704799706
3840.0 142.074299589
3850.0 142.443792267
3860.0 142.813277717
3870.0 143.182755913
3880.0 143.552226833
3890.0 143.921690452
3900.0 144.291146749
3910.0 144.660595704
3920.0 145.030037296
3930.0 145.399471505
3940.0 145.768898313
3950.0 146.138317703
3960.0 146.507729657
3970.0 146.877134161
3980.0 147.246531199
3990.0 147.615920757
4000.0 147.985302822
4010.0 148.354677382
4020.0 148.724044427
4030.0 149.093403946
4040.0 149.462755929
4050.0 149.83210037
4060.0 150.20143726
4070.0 150.570766593
4080.0 150.940088365
4090.0 151.309402572
4100.0 151.67870921
4110.0 152.048008277
4120.0 152.417299773
4130.0 152.786583697
4140.0 153.155860051
4150.0 153.525128837
4160.0 153.894390059
4170.0 154.26364372
4180.0 154.632889827
4190.0 155.002128386
4200.0 155.371359404
4210.0 155.740582891
4220.0 156.109798856
4230.0 156.47900731
4240.0 156.848208267
4250.0 157.217401738
4260.0 157.586587738
4270.0 157.955766284
4280.0 158.324937391
4290.0 158.694101078
4300.0 159.063257363
4310.0 159.432406266
4320.0 159.80154781
4330.0 160.170682015
4340.0 160.539808907
4350.0 160.908928508
4360.0 161.278040846
4370.0 161.647145948
4380.0 162.016243841
4390.0 162.385334554
4400.0 162.754418118
4410.0 163.123494565
4420.0 163.492563928
4430.0 163.861626239
4440.0 164.230681535
4450.0 164.599729851
4460.0 164.968771224
4470.0 165.337805693
4480.0 165.706833297
4490.0 166.075854077
4500.0 166.444868074
4510.0 166.813875332
4520.0 167.182875894
4530.0 167.551869805
4540.0 167.920857112
4550.0 168.28983786
4560.0 168.6588121
4570.0 169.027779879
4580.0 169.396741249
4590.0 169.76569626
4600.0 170.134644965
4610.0 170.503587418
4620.0 170.872523673
4630.0 171.241453786
4640.0 171.610377813
4650.0 171.979295811
4660.0 172.348207839
4670.0 172.717113957
4680.0 173.086014225
4690.0 173.454908705
4700.0 173.823797457
4710.0 174.192680547
4720.0 174.561558038
4730.0 174.930429994
4740.0 175.299296483
4750.0 175.66815757
4760.0 176.037013324
4770.0 176.405863812
4780.0 176.774709105
4790.0 177.143549272
4800.0 177.512384383
4810.0 177.881214512
4820.0 178.250039729
4830.0 178.618860109
4840.0 178.987675726
4850.0 179.356486653
4860.0 179.725292966
4870.0 180.09409474
4880.0 180.462892054
4890.0 180.831684994
4900.0 181.200473622
4910.0 181.569258025
4920.0 181.938038283
4930.0 182.306814476
4940.0 182.675586683
4950.0 183.044354986
4960.0 183.413119467
4970.0 183.781880206
4980.0 184.150637287
4990.0 184.519390793
5000.0 184.888140807
5010.0 185.256887413
5020.0 185.625630696
5030.0 185.994370739
5040.0 186.363107629
5050.0 186.731841451
5060.0 187.10057229
5070.0 187.469300232
5080.0 187.838025365
5090.0 188.206747775
5100.0 188.575467548
5110.0 188.944184773
5120.0 189.312899536
5130.0 189.681611926
5140.0 190.050322029
5150.0 190.419029935
5160.0 190.78773573
5170.0 191.156439504
5180.0 191.525141345
5190.0 191.893841341
5200.0 192.262539581
5210.0 192.631236152
5220.0 192.999931145
5230.0 193.368624646
5240.0 193.737316745
5250.0 194.10600753
5260.0 194.474697089
5270.0 194.843385511
5280.0 195.212072883
5290.0 195.580759295
5300.0 195.949444832
5310.0 196.318129584
5320.0 196.686813638
5330.0 197.055497081
5340.0 197.42418
5350.0 197.792862482
5360.0 198.161544613
5370.0 198.53022648
5380.0 198.898908168
5390.0 199.267589764
5400.0 199.636271352
5410.0 200.004953017
5420.0 200.373634844
5430.0 200.742316917
5440.0 201.11099932
5450.0 201.479682135
5460.0 201.848365446
5470.0 202.217049335
5480.0 202.585733884
5490.0 202.954419173
5500.0 203.323105284
5510.0 203.691792298
5520.0 204.060480293
5530.0 204.429169348
5540.0 204.797859543
5550.0 205.166550956
5560.0 205.535243662
5570.0 205.90393774
5580.0 206.272633264
5590.0 206.641330311
5600.0 207.010028955
5610.0 207.378729269
5620.0 207.747431328
5630.0 208.116135203
5640.0 208.484840966
5650.0 208.853548689
5660.0 209.222258441
5670.0 209.590970291
5680.0 209.95968431
5690.0 210.328400563
5700.0 210.697119119
5710.0 211.065840044
5720.0 211.434563403
5730.0 211.80328926
5740.0 212.172017679
5750.0 212.540748723
5760.0 212.909482454
5770.0 213.278218933
5780.0 213.646958219
5790.0 214.015700373
5800.0 214.384445453
5810.0 214.753193515
5820.0 215.121944617