0.0 0.0
120.0 4.49745456491
120.625 4.51990768122
121.25 4.5423695505
122.5 4.58731885864
123.75 4.63230115537
125.0 4.67731517512
126.25 4.72235971658
127.5 4.76743363881
128.75 4.81253585766
130.0 4.8576653424
131.25 4.90282111258
132.5 4.94800223515
133.75 4.9932078217
135.0 5.0384370259
136.25 5.08368904115
137.5 5.12896309832
138.75 5.17425846369
140.0 5.21957443697
141.25 5.26491034949
142.5 5.31026556246
143.75 5.35563946538
145.0 5.4010314745
146.25 5.44644103145
147.5 5.49186760184
148.75 5.53731067405
150.0 5.58276975804
151.25 5.62824438424
152.5 5.6737341025
153.75 5.7192384811
155.0 5.76475710586
156.25 5.81028957922
157.5 5.85583551942
158.75 5.90139455975
160.0 5.94696634782
161.25 5.99255054482
162.5 6.03814682492
165.0 6.12937439213
167.5 6.22064667914
170.0 6.31196148671
172.5 6.4033167712
175.0 6.49471063069
177.5 6.5861412926
180.0 6.67760710247
182.5 6.76910651388
185.0 6.86063807935
187.5 6.9522004422
190.0 7.04379232903
192.5 7.13541254311
195.0 7.22705995823
197.5 7.3187335132
200.0 7.41043220686
202.5 7.50215509348
205.0 7.59390127865
207.5 7.68566991547
210.0 7.77746020113
212.5 7.86927137375
215.0 7.9611027095
217.5 8.05295351995
220.0 8.14482314971
222.5 8.23671097415
225.0 8.32861639744
230.0 8.51247778996
235.0 8.69640306869
240.0 8.8803883305
245.0 9.06442998632
250.0 9.24852472587
255.0 9.43266948736
260.0 9.61686143146
265.0 9.80109791887
270.0 9.98537649079
275.0 10.169694852
280.0 10.3540508561
285.0 10.5384424923
290.0 10.7228678743
295.0 10.9073252299
300.0 11.0918128924
305.0 11.2763292919
310.0 11.460872949
315.0 11.6454424678
320.0 11.8300365301
330.0 12.1992933716
340.0 12.5686342987
350.0 12.9380510921
360.0 13.3075363756
370.0 13.6770835208
380.0 14.0466865649
390.0 14.4163401396
400.0 14.7860394087
410.0 15.1557800134
420.0 15.525558024
430.0 15.8953698962
440.0 16.2652124333
450.0 16.6350827512
460.0 17.0049782477
470.0 17.3748965747
480.0 17.7448356133
490.0 18.1147934509
500.0 18.4847683614
510.0 18.8547587865
520.0 19.2247633193
530.0 19.5947806893
540.0 19.9648097491
550.0 20.3348494623
560.0 20.7048988921
570.0 21.0749571921
580.0 21.4450235968
590.0 21.8150974139
600.0 22.185178017
610.0 22.555264839
620.0 22.9253573664
630.0 23.2954551337
640.0 23.6655577189
650.0 24.0356647394
660.0 24.4057758475
670.0 24.7758907275
680.0 25.1460090925
690.0 25.5161306813
700.0 25.8862552561
710.0 26.2563826002
720.0 26.626512516
730.0 26.9966448231
740.0 27.3667793564
750.0 27.7369159653
760.0 28.1070545116
770.0 28.4771948686
780.0 28.8473369202
790.0 29.2174805597
800.0 29.587625689
810.0 29.9577722178
820.0 30.3279200629
830.0 30.6980691473
840.0 31.0682194002
850.0 31.4383707561
860.0 31.8085231541
870.0 32.178676538
880.0 32.5488308557
890.0 32.9189860586
900.0 33.2891421017
910.0 33.659298943
920.0 34.0294565434
930.0 34.3996148666
940.0 34.7697738785
950.0 35.1399335473
960.0 35.5100938434
970.0 35.8802547389
980.0 36.2504162078
990.0 36.6205782258
1000.0 36.9907407699
1010.0 37.3609038186
1020.0 37.7310673519
1030.0 38.1012313508
1040.0 38.4713957975
1050.0 38.8415606752
1060.0 39.2117259683
1070.0 39.5818916619
1080.0 39.9520577421
1090.0 40.3222241959
1100.0 40.6923910108
1110.0 41.0625581753
1120.0 41.4327256785
1130.0 41.8028935101
1140.0 42.1730616605
1150.0 42.5432301206
1160.0 42.9133988819
1170.0 43.2835679365
1180.0 43.6537372768
1190.0 44.0239068958
1200.0 44.394076787
1210.0 44.7642469442
1220.0 45.1344173619
1230.0 45.5045880345
1240.0 45.8747589574
1250.0 46.2449301258
1260.0 46.6151015356
1270.0 46.9852731829
1280.0 47.3554450642
1290.0 47.7256171764
1300.0 48.0957895163
1310.0 48.4659620816
1320.0 48.8361348697
1330.0 49.2063078788
1340.0 49.576481107
1350.0 49.9466545528
1360.0 50.316828215
1370.0 50.6870020925
1380.0 51.0571761847
1390.0 51.427350491
1400.0 51.7975250112
1410.0 52.1676997451
1420.0 52.5378746931
1430.0 52.9080498555
1440.0 53.2782252329
1450.0 53.6484008263
1460.0 54.0185766366
1470.0 54.3887526651
1480.0 54.7589289134
1490.0 55.1291053832
1500.0 55.4992820763
1510.0 55.8694589948
1520.0 56.2396361411
1530.0 56.6098135176
1540.0 56.9799911271
1550.0 57.3501689725
1560.0 57.7203470569
1570.0 58.0905253837
1580.0 58.4607039562
1590.0 58.8308827782
1600.0 59.2010618537
1610.0 59.5712411867
1620.0 59.9414207815
1630.0 60.3116006426
1640.0 60.6817807747
1650.0 61.0519611827
1660.0 61.4221418717
1670.0 61.792322847
1680.0 62.162504114
1690.0 62.5326856785
1700.0 62.9028675463
1710.0 63.2730497237
1720.0 63.6432322167
1730.0 64.0134150321
1740.0 64.3835981765
1750.0 64.7537816568
1760.0 65.1239654801
1770.0 65.4941496539
1780.0 65.8643341857
1790.0 66.2345190833
1800.0 66.6047043546
1810.0 66.9748900079
1820.0 67.3450760516
1830.0 67.7152624945
1840.0 68.0854493453
1850.0 68.4556366132
1860.0 68.8258243075
1870.0 69.1960124378
1880.0 69.566201014
1890.0 69.936390046
1900.0 70.3065795441
1910.0 70.6767695189
1920.0 71.046959981
1930.0 71.4171509416
1940.0 71.7873424118
1950.0 72.1575344032
1960.0 72.5277269275
1970.0 72.8979199966
1980.0 73.268113623
1990.0 73.638307819
2000.0 74.0085025974
2010.0 74.3786979714
2020.0 74.7488939541
2030.0 75.1190905592
2040.0 75.4892878005
2050.0 75.8594856922
2060.0 76.2296842485
2070.0 76.5998834842
2080.0 76.9700834143
2090.0 77.3402840539
2100.0 77.7104854186
2110.0 78.0806875243
2120.0 78.4508903868
2130.0 78.8210940228
2140.0 79.1912984488
2150.0 79.5615036819
2160.0 79.9317097392
2170.0 80.3019166385
2180.0 80.6721243976
2190.0 81.0423330346
2200.0 81.4125425682
2210.0 81.782753017
2220.0 82.1529644003
2230.0 82.5231767374
2240.0 82.8933900482
2250.0 83.2636043527
2260.0 83.6338196714
2270.0 84.004036025
2280.0 84.3742534344
2290.0 84.7444719212
2300.0 85.1146915071
2310.0 85.484912214
2320.0 85.8551340644
2330.0 86.2253570811
2340.0 86.5955812869
2350.0 86.9658067055
2360.0 87.3360333605
2370.0 87.706261276
2380.0 88.0764904764
2390.0 88.4467209865
2400.0 88.8169528314
2410.0 89.1871860367
2420.0 89.5574206281
2430.0 89.9276566318
2440.0 90.2978940744
2450.0 90.6681329827
2460.0 91.0383733839
2470.0 91.4086153057
2480.0 91.778858776
2490.0 92.1491038231
2500.0 92.5193504757
2510.0 92.8895987628
2520.0 93.2598487137
2530.0 93.6301003583
2540.0 94.0003537265
2550.0 94.3706088489
2560.0 94.7408657563
2570.0 95.1111244798
2580.0 95.481385051
2590.0 95.8516475018
2600.0 96.2219118644
2610.0 96.5921781714
2620.0 96.9624464558
2630.0 97.3327167509
2640.0 97.7029890904
2650.0 98.0732635083
2660.0 98.443540039
2670.0 98.8138187172
2680.0 99.184099578
2690.0 99.5543826569
2700.0 99.9246679896
2710.0 100.294955612
2720.0 100.665245561
2730.0 101.035537874
2740.0 101.405832586
2750.0 101.776129737
2760.0 102.146429363
2770.0 102.516731503
2780.0 102.887036195
2790.0 103.257343479
2800.0 103.627653392
2810.0 103.997965976
2820.0 104.368281269
2830.0 104.738599311
2840.0 105.108920144
2850.0 105.479243807
2860.0 105.849570341
2870.0 106.219899789
2880.0 106.590232191
2890.0 106.96056759
2900.0 107.330906027
2910.0 107.701247545
2920.0 108.071592187
2930.0 108.441939995
2940.0 108.812291013
2950.0 109.182645285
2960.0 109.553002854
2970.0 109.923363764
2980.0 110.29372806
2990.0 110.664095786
3000.0 111.034466986
3010.0 111.404841705
3020.0 111.77521999
3030.0 112.145601884
3040.0 112.515987434
3050.0 112.886376686
3060.0 113.256769684
3070.0 113.627166476
3080.0 113.997567108
3090.0 114.367971625
3100.0 114.738380076
3110.0 115.108792506
3120.0 115.479208962
3130.0 115.849629491
3140.0 116.220054142
3150.0 116.590482959
3160.0 116.960915992
3170.0 117.331353288
3180.0 117.701794894
3190.0 118.072240857
3200.0 118.442691226
3210.0 118.813146048
3220.0 119.183605371
3230.0 119.554069242
3240.0 119.924537711
3250.0 120.295010823
3260.0 120.665488628
3270.0 121.035971174
3280.0 121.406458507
3290.0 121.776950676
3300.0 122.147447729
3310.0 122.517949713
3320.0 122.888456676
3330.0 123.258968666
3340.0 123.62948573
3350.0 124.000007916
3360.0 124.37053527
3370.0 124.74106784
3380.0 125.111605674
3390.0 125.482148817
3400.0 125.852697318
3410.0 126.223251221
3420.0 126.593810574
3430.0 126.964375423
3440.0 127.334945814
3450.0 127.705521793
3460.0 128.076103405
3470.0 128.446690695
3480.0 128.817283709
3490.0 129.187882491
3500.0 129.558487086
3510.0 129.929097537
3520.0 130.299713889
3530.0 130.670336186
3540.0 131.040964469
3550.0 131.411598783
3560.0 131.78223917
3570.0 132.152885671
3580.0 132.523538328
3590.0 132.894197184
3600.0 133.264862277
3610.0 133.635533649
3620.0 134.006211341
3630.0 134.37689539
3640.0 134.747585836
3650.0 135.118282719
3660.0 135.488986074
3670.0 135.859695941
3680.0 136.230412357
3690.0 136.601135356
3700.0 136.971864976
3710.0 137.342601251
3720.0 137.713344216
3730.0 138.084093905
3740.0 138.454850352
3750.0 138.82561359
3760.0 139.196383649
3770.0 139.567160563
3780.0 139.937944361
3790.0 140.308735074
3800.0 140.679532731
3810.0 141.050337361
3820.0 141.421148991
3830.0 141.79196765
3840.0 142.162793363
3850.0 142.533626157
3860.0 142.904466055
3870.0 143.275313083
3880.0 143.646167263
3890.0 144.017028618
3900.0 144.38789717
3910.0 144.75877294
3920.0 145.129655947
3930.0 145.50054621
3940.0 145.871443748
3950.0 146.242348579
3960.0 146.613260718
3970.0 146.984180181
3980.0 147.355106983
3990.0 147.726041137
4000.0 148.096982656
4010.0 148.467931553
4020.0 148.838887837
4030.0 149.209851518
4040.0 149.580822606
4050.0 149.951801108
4060.0 150.322787032
4070.0 150.693780382
4080.0 151.064781164
4090.0 151.435789382
4100.0 151.806805038
4110.0 152.177828134
4120.0 152.548858671
4130.0 152.919896648
4140.0 153.290942065
4150.0 153.661994917
4160.0 154.033055203
4170.0 154.404122916
4180.0 154.775198052
4190.0 155.146280603
4200.0 155.517370562
4210.0 155.888467919
4220.0 156.259572664
4230.0 156.630684786
4240.0 157.001804272
4250.0 157.372931109
4260.0 157.744065282
4270.0 158.115206775
4280.0 158.486355571
4290.0 158.857511653
4300.0 159.228675
4310.0 159.599845593
4320.0 159.97102341
4330.0 160.342208428
4340.0 160.713400623
4350.0 161.084599971
4360.0 161.455806445
4370.0 161.827020019
4380.0 162.198240662
4390.0 162.569468347
4400.0 162.940703042
4410.0 163.311944716
4420.0 163.683193335
4430.0 164.054448866
4440.0 164.425711273
4450.0 164.796980519
4460.0 165.168256568
4470.0 165.53953938
4480.0 165.910828916
4490.0 166.282125135
4500.0 166.653427994
4510.0 167.024737452
4520.0 167.396053463
4530.0 167.767375982
4540.0 168.138704964
4550.0 168.510040359
4560.0 168.881382121
4570.0 169.252730199
4580.0 169.624084542
4590.0 169.9954451
4600.0 170.366811818
4610.0 170.738184644
4620.0 171.109563522
4630.0 171.480948397
4640.0 171.852339212
4650.0 172.223735909
4660.0 172.595138429
4670.0 172.966546712
4680.0 173.337960698
4690.0 173.709380325
4700.0 174.08080553
4710.0 174.45223625
4720.0 174.82367242
4730.0 175.195113975
4740.0 175.566560848
4750.0 175.938012973
4760.0 176.309470282
4770.0 176.680932705
4780.0 177.052400173
4790.0 177.423872615
4800.0 177.795349961
4810.0 178.166832139
4820.0 178.538319074
4830.0 178.909810695
4840.0 179.281306926
4850.0 179.652807694
4860.0 180.024312921
4870.0 180.395822532
4880.0 180.76733645
4890.0 181.138854586
4900.0 181.510376879
4910.0 181.881903241
4920.0 182.253433592
4930.0 182.624967852
4940.0 182.99650594
4950.0 183.368047776
4960.0 183.739593276
4970.0 184.111142359
4980.0 184.482694941
4990.0 184.85425094
5000.0 185.225810272
5010.0 185.597372851
5020.0 185.968938595
5030.0 186.340507416
5040.0 186.71207923
5050.0 187.083653951
5060.0 187.455231492
5070.0 187.826811768
5080.0 188.198394691
5090.0 188.569980173
5100.0 188.941568128
5110.0 189.313158468
5120.0 189.684751104
5130.0 190.05634595
5140.0 190.427942916
5150.0 190.799541914
5160.0 191.171142855
5170.0 191.542745652
5180.0 191.914350214
5190.0 192.285956453
5200.0 192.65756428
5210.0 193.029173607
5220.0 193.400784344
5230.0 193.772396402
5240.0 194.144009692
5250.0 194.515624125
5260.0 194.887239613
5270.0 195.258856067
5280.0 195.630473398
5290.0 196.002091517
5300.0 196.373710336
5310.0 196.745329768
5320.0 197.116949723
5330.0 197.488570115
5340.0 197.860190855
5350.0 198.231811856
5360.0 198.603433031
5370.0 198.975054294
5380.0 199.346675558
5390.0 199.718296736
5400.0 200.089917743
5410.0 200.461538494
5420.0 200.833158903
5430.0 201.204778886
5440.0 201.576398358
5450.0 201.948017236
5460.0 202.319635436
5470.0 202.691252875
5480.0 203.062869471
5490.0 203.434485143
5500.0 203.806099808
5510.0 204.177713385
5520.0 204.549325795
5530.0 204.920936958
5540.0 205.292546795
5550.0 205.664155226
5560.0 206.035762175
5570.0 206.407367563
5580.0 206.778971315
5590.0 207.150573354
5600.0 207.522173604
5610.0 207.893771992
5620.0 208.265368444
5630.0 208.636962886
5640.0 209.008555245
5650.0 209.380145451
5660.0 209.751733432
5670.0 210.123319117
5680.0 210.494902438
5690.0 210.866483327
5700.0 211.238061714
5710.0 211.609637534
5720.0 211.981210719
5730.0 212.352781206
5740.0 212.724348928
5750.0 213.095913824
5760.0 213.467475829
5770.0 213.839034883
5780.0 214.210590923
5790.0 214.582143891
5800.0 214.953693726
5810.0 215.325240372
5820.0 215.696783769