0.0 0.0
120.0 4.51134799051
120.625 4.53387346842
121.25 4.55640769929
122.5 4.60150173061
123.75 4.64662875053
125.0 4.69178749346
126.25 4.7369767581
127.5 4.78219540352
128.75 4.82744234555
130.0 4.87271655347
131.25 4.91801704684
132.5 4.96334289259
133.75 5.00869320232
135.0 5.05406712971
136.25 5.09946386814
137.5 5.14488264849
138.75 5.19032273704
140.0 5.23578343351
141.25 5.28126406921
142.5 5.32676400537
143.75 5.37228263147
145.0 5.41781936378
146.25 5.46337364391
147.5 5.50894493748
148.75 5.55453273287
150.0 5.60013654004
151.25 5.64575588943
152.5 5.69139033087
153.75 5.73703943266
155.0 5.7827027806
156.25 5.82837997714
157.5 5.87407064052
158.75 5.91977440404
160.0 5.9654909153
161.25 6.01121983548
162.5 6.05696083876
165.0 6.14847785233
167.5 6.24003958572
170.0 6.33164383966
172.5 6.4232885705
175.0 6.51497187636
177.5 6.60669198464
180.0 6.69844724088
182.5 6.79023609865
185.0 6.8820571105
187.5 6.9739089197
190.0 7.06579025291
192.5 7.15769991335
195.0 7.24963677484
197.5 7.34159977618
200.0 7.4335879162
202.5 7.52560024919
205.0 7.61763588072
207.5 7.70969396391
210.0 7.80177369594
212.5 7.89387431493
215.0 7.98599509704
217.5 8.07813535386
220.0 8.17029442999
222.5 8.26247170079
225.0 8.35466657045
230.0 8.53910685571
235.0 8.72361102717
240.0 8.90817518171
245.0 9.09279573027
250.0 9.27746936255
255.0 9.46219301677
260.0 9.6469638536
265.0 9.83177923375
270.0 10.0166366984
275.0 10.2015339524
280.0 10.3864688491
285.0 10.5714393781
290.0 10.7564436528
295.0 10.9414799012
300.0 11.1265464564
305.0 11.3116417487
310.0 11.4967642985
315.0 11.68191271
320.0 11.867085665
330.0 12.237500292
340.0 12.6079990046
350.0 12.9785735834
360.0 13.3492166524
370.0 13.7199215831
380.0 14.0906824126
390.0 14.4614937728
400.0 14.8323508273
410.0 15.2032492176
420.0 15.5741850136
430.0 15.9451546713
440.0 16.3161549939
450.0 16.6871830972
460.0 17.0582363792
470.0 17.4293124917
480.0 17.8004093157
490.0 18.1715249388
500.0 18.5426576348
510.0 18.9138058453
520.0 19.2849681636
530.0 19.656143319
540.0 20.0273301644
550.0 20.398527663
560.0 20.7697348783
570.0 21.1409509637
580.0 21.5121751539
590.0 21.8834067565
600.0 22.254645145
610.0 22.6258897525
620.0 22.9971400653
630.0 23.3683956181
640.0 23.7396559888
650.0 24.1109207948
660.0 24.4821896883
670.0 24.8534623538
680.0 25.2247385043
690.0 25.5960178785
700.0 25.9673002388
710.0 26.3385853684
720.0 26.7098730697
730.0 27.0811631622
740.0 27.452455481
750.0 27.8237498753
760.0 28.1950462071
770.0 28.5663443495
780.0 28.9376441866
790.0 29.3089456116
800.0 29.6802485264
810.0 30.0515528407
820.0 30.4228584712
830.0 30.7941653411
840.0 31.1654733795
850.0 31.5367825208
860.0 31.9080927043
870.0 32.2794038737
880.0 32.6507159768
890.0 33.0220289652
900.0 33.3933427937
910.0 33.7646574205
920.0 34.1359728064
930.0 34.5072889151
940.0 34.8786057124
950.0 35.2499231667
960.0 35.6212412482
970.0 35.9925599292
980.0 36.3638791836
990.0 36.735198987
1000.0 37.1065193166
1010.0 37.4778401508
1020.0 37.8491614696
1030.0 38.2204832539
1040.0 38.5918054861
1050.0 38.9631281493
1060.0 39.3344512278
1070.0 39.7057747069
1080.0 40.0770985726
1090.0 40.4484228118
1100.0 40.8197474122
1110.0 41.1910723622
1120.0 41.5623976508
1130.0 41.9337232679
1140.0 42.3050492038
1150.0 42.6763754493
1160.0 43.0477019961
1170.0 43.4190288361
1180.0 43.7903559619
1190.0 44.1616833664
1200.0 44.533011043
1210.0 44.9043389857
1220.0 45.2756671888
1230.0 45.646995647
1240.0 46.0183243553
1250.0 46.3896533092
1260.0 46.7609825045
1270.0 47.1323119372
1280.0 47.503641604
1290.0 47.8749715016
1300.0 48.2463016271
1310.0 48.6176319778
1320.0 48.9889625514
1330.0 49.3602933459
1340.0 49.7316243596
1350.0 50.1029555909
1360.0 50.4742870385
1370.0 50.8456187015
1380.0 51.2169505792
1390.0 51.5882826709
1400.0 51.9596149766
1410.0 52.330947496
1420.0 52.7022802294
1430.0 53.0736131773
1440.0 53.4449463402
1450.0 53.816279719
1460.0 54.1876133148
1470.0 54.5589471288
1480.0 54.9302811626
1490.0 55.3016154178
1500.0 55.6729498963
1510.0 56.0442846003
1520.0 56.4156195321
1530.0 56.7869546941
1540.0 57.1582900891
1550.0 57.5296257199
1560.0 57.9009615898
1570.0 58.272297702
1580.0 58.64363406
1590.0 59.0149706675
1600.0 59.3863075284
1610.0 59.7576446469
1620.0 60.1289820272
1630.0 60.5003196737
1640.0 60.8716575913
1650.0 61.2429957848
1660.0 61.6143342592
1670.0 61.98567302
1680.0 62.3570120725
1690.0 62.7283514224
1700.0 63.0996910758
1710.0 63.4710310385
1720.0 63.8423713171
1730.0 64.2137119179
1740.0 64.5850528478
1750.0 64.9563941135
1760.0 65.3277357223
1770.0 65.6990776816
1780.0 66.0704199989
1790.0 66.4417626819
1800.0 66.8131057387
1810.0 67.1844491774
1820.0 67.5557930067
1830.0 67.927137235
1840.0 68.2984818712
1850.0 68.6698269246
1860.0 69.0411724044
1870.0 69.4125183202
1880.0 69.7838646818
1890.0 70.1552114993
1900.0 70.5265587829
1910.0 70.8979065431
1920.0 71.2692547907
1930.0 71.6406035368
1940.0 72.0119527925
1950.0 72.3833025693
1960.0 72.754652879
1970.0 73.1260037337
1980.0 73.4973551455
1990.0 73.8687071269
2000.0 74.2400596909
2010.0 74.6114128503
2020.0 74.9827666185
2030.0 75.354121009
2040.0 75.7254760358
2050.0 76.0968317129
2060.0 76.4681880547
2070.0 76.8395450759
2080.0 77.2109027915
2090.0 77.5822612166
2100.0 77.9536203667
2110.0 78.3249802578
2120.0 78.6963409059
2130.0 79.0677023273
2140.0 79.4390645388
2150.0 79.8104275573
2160.0 80.1817914001
2170.0 80.5531560849
2180.0 80.9245216294
2190.0 81.2958880519
2200.0 81.6672553709
2210.0 82.0386236052
2220.0 82.409992774
2230.0 82.7813628966
2240.0 83.1527339929
2250.0 83.5241060829
2260.0 83.895479187
2270.0 84.266853326
2280.0 84.6382285209
2290.0 85.0096047932
2300.0 85.3809821645
2310.0 85.7523606569
2320.0 86.1237402928
2330.0 86.4951210949
2340.0 86.8665030863
2350.0 87.2378862903
2360.0 87.6092707307
2370.0 87.9806564317
2380.0 88.3520434175
2390.0 88.7234317131
2400.0 89.0948213436
2410.0 89.4662123343
2420.0 89.8376047112
2430.0 90.2089985004
2440.0 90.5803937284
2450.0 90.9517904221
2460.0 91.3231886088
2470.0 91.6945883161
2480.0 92.0659895719
2490.0 92.4373924044
2500.0 92.8087968425
2510.0 93.180202915
2520.0 93.5516106514
2530.0 93.9230200814
2540.0 94.2944312352
2550.0 94.665844143
2560.0 95.0372588359
2570.0 95.4086753449
2580.0 95.7800937015
2590.0 96.1515139378
2600.0 96.5229360858
2610.0 96.8943601783
2620.0 97.2657862482
2630.0 97.6372143288
2640.0 98.0086444537
2650.0 98.3800766571
2660.0 98.7515109732
2670.0 99.1229474369
2680.0 99.4943860832
2690.0 99.8658269476
2700.0 100.237270066
2710.0 100.608715474
2720.0 100.980163208
2730.0 101.351613306
2740.0 101.723065804
2750.0 102.09452074
2760.0 102.465978152
2770.0 102.837438077
2780.0 103.208900555
2790.0 103.580365624
2800.0 103.951833323
2810.0 104.323303692
2820.0 104.694776771
2830.0 105.066252598
2840.0 105.437731216
2850.0 105.809212665
2860.0 106.180696985
2870.0 106.552184218
2880.0 106.923674406
2890.0 107.29516759
2900.0 107.666663812
2910.0 108.038163116
2920.0 108.409665543
2930.0 108.781171137
2940.0 109.152679941
2950.0 109.524191998
2960.0 109.895707353
2970.0 110.267226048
2980.0 110.638748129
2990.0 111.01027364
3000.0 111.381802626
3010.0 111.753335131
3020.0 112.124871201
3030.0 112.496410881
3040.0 112.867954216
3050.0 113.239501253
3060.0 113.611052037
3070.0 113.982606614
3080.0 114.354165032
3090.0 114.725727335
3100.0 115.097293571
3110.0 115.468863786
3120.0 115.840438028
3130.0 116.212016343
3140.0 116.583598778
3150.0 116.955185382
3160.0 117.3267762
3170.0 117.698371281
3180.0 118.069970672
3190.0 118.441574421
3200.0 118.813182575
3210.0 119.184795183
3220.0 119.556412291
3230.0 119.928033948
3240.0 120.299660202
3250.0 120.6712911
3260.0 121.042926691
3270.0 121.414567021
3280.0 121.78621214
3290.0 122.157862095
3300.0 122.529516933
3310.0 122.901176703
3320.0 123.272841451
3330.0 123.644511227
3340.0 124.016186076
3350.0 124.387866047
3360.0 124.759551187
3370.0 125.131241543
3380.0 125.502937162
3390.0 125.874638091
3400.0 126.246344376
3410.0 126.618056065
3420.0 126.989773204
3430.0 127.361495839
3440.0 127.733224015
3450.0 128.104957779
3460.0 128.476697177
3470.0 128.848442252
3480.0 129.220193051
3490.0 129.591949619
3500.0 129.963711999
3510.0 130.335480236
3520.0 130.707254374
3530.0 131.079034455
3540.0 131.450820525
3550.0 131.822612624
3560.0 132.194410796
3570.0 132.566215083
3580.0 132.938025526
3590.0 133.309842166
3600.0 133.681665045
3610.0 134.053494203
3620.0 134.42532968
3630.0 134.797171514
3640.0 135.169019746
3650.0 135.540874414
3660.0 135.912735555
3670.0 136.284603208
3680.0 136.656477408
3690.0 137.028358193
3700.0 137.400245599
3710.0 137.772139659
3720.0 138.14404041
3730.0 138.515947885
3740.0 138.887862117
3750.0 139.25978314
3760.0 139.631710985
3770.0 140.003645684
3780.0 140.375587267
3790.0 140.747535766
3800.0 141.119491208
3810.0 141.491453624
3820.0 141.86342304
3830.0 142.235399484
3840.0 142.607382983
3850.0 142.979373562
3860.0 143.351371246
3870.0 143.723376059
3880.0 144.095388024
3890.0 144.467407165
3900.0 144.839433503
3910.0 145.211467057
3920.0 145.58350785
3930.0 145.955555899
3940.0 146.327611222
3950.0 146.699673838
3960.0 147.071743763
3970.0 147.443821011
3980.0 147.815905599
3990.0 148.187997538
4000.0 148.560096843
4010.0 148.932203525
4020.0 149.304317594
4030.0 149.676439061
4040.0 150.048567935
4050.0 150.420704222
4060.0 150.792847931
4070.0 151.164999067
4080.0 151.537157635
4090.0 151.909323638
4100.0 152.281497079
4110.0 152.653677961
4120.0 153.025866283
4130.0 153.398062046
4140.0 153.770265248
4150.0 154.142475886
4160.0 154.514693957
4170.0 154.886919456
4180.0 155.259152377
4190.0 155.631392714
4200.0 156.003640458
4210.0 156.3758956
4220.0 156.748158131
4230.0 157.120428038
4240.0 157.49270531
4250.0 157.864989932
4260.0 158.237281891
4270.0 158.609581169
4280.0 158.981887751
4290.0 159.354201618
4300.0 159.726522751
4310.0 160.09885113
4320.0 160.471186732
4330.0 160.843529535
4340.0 161.215879516
4350.0 161.58823665
4360.0 161.960600909
4370.0 162.332972268
4380.0 162.705350697
4390.0 163.077736167
4400.0 163.450128648
4410.0 163.822528107
4420.0 164.194934512
4430.0 164.567347828
4440.0 164.93976802
4450.0 165.312195052
4460.0 165.684628886
4470.0 166.057069484
4480.0 166.429516805
4490.0 166.801970809
4500.0 167.174431454
4510.0 167.546898697
4520.0 167.919372494
4530.0 168.291852799
4540.0 168.664339566
4550.0 169.036832747
4560.0 169.409332294
4570.0 169.781838157
4580.0 170.154350286
4590.0 170.526868629
4600.0 170.899393133
4610.0 171.271923744
4620.0 171.644460408
4630.0 172.017003069
4640.0 172.389551669
4650.0 172.762106151
4660.0 173.134666457
4670.0 173.507232525
4680.0 173.879804297
4690.0 174.252381709
4700.0 174.6249647
4710.0 174.997553205
4720.0 175.37014716
4730.0 175.742746501
4740.0 176.11535116
4750.0 176.48796107
4760.0 176.860576164
4770.0 177.233196373
4780.0 177.605821626
4790.0 177.978451854
4800.0 178.351086986
4810.0 178.723726948
4820.0 179.09637167
4830.0 179.469021076
4840.0 179.841675093
4850.0 180.214333645
4860.0 180.586996658
4870.0 180.959664054
4880.0 181.332335758
4890.0 181.70501168
4900.0 182.077691758
4910.0 182.450375906
4920.0 182.823064042
4930.0 183.195756088
4940.0 183.568451961
4950.0 183.941151582
4960.0 184.313854867
4970.0 184.686561736
4980.0 185.059272104
4990.0 185.431985888
5000.0 185.804703005
5010.0 186.17742337
5020.0 186.550146899
5030.0 186.922873506
5040.0 187.295603105
5050.0 187.668335612
5060.0 188.041070939
5070.0 188.413809
5080.0 188.786549708
5090.0 189.159292976
5100.0 189.532038716
5110.0 189.904786841
5120.0 190.277537264
5130.0 190.650289895
5140.0 191.023044646
5150.0 191.395801429
5160.0 191.768560156
5170.0 192.141320738
5180.0 192.514083086
5190.0 192.88684711
5200.0 193.259612723
5210.0 193.632379835
5220.0 194.005148358
5230.0 194.377918201
5240.0 194.750689277
5250.0 195.123461495
5260.0 195.496234769
5270.0 195.869009008
5280.0 196.241784124
5290.0 196.614560029
5300.0 196.987336634
5310.0 197.360113851
5320.0 197.732891592
5330.0 198.105669769
5340.0 198.478448294
5350.0 198.851227081
5360.0 199.224006042
5370.0 199.59678509
5380.0 199.969564139
5390.0 200.342343103
5400.0 200.715121896
5410.0 201.087900432
5420.0 201.460678626
5430.0 201.833456394
5440.0 202.206233652
5450.0 202.579010315
5460.0 202.951786301
5470.0 203.324561526
5480.0 203.697335907
5490.0 204.070109364
5500.0 204.442881814
5510.0 204.815653178
5520.0 205.188423373
5530.0 205.561192321
5540.0 205.933959943
5550.0 206.30672616
5560.0 206.679490894
5570.0 207.052254068
5580.0 207.425015605
5590.0 207.79777543
5600.0 208.170533466
5610.0 208.543289639
5620.0 208.916043876
5630.0 209.288796104
5640.0 209.661546249
5650.0 210.03429424
5660.0 210.407040006
5670.0 210.779783477
5680.0 211.152524584
5690.0 211.525263257
5700.0 211.89799943
5710.0 212.270733035
5720.0 212.643464006
5730.0 213.016192278
5740.0 213.388917787
5750.0 213.761640467
5760.0 214.134360258
5770.0 214.507077097
5780.0 214.879790923
5790.0 215.252501676
5800.0 215.625209297
5810.0 215.997913728
5820.0 216.370614911