0.0 0.0
120.0 4.50023864795
120.625 4.5227062647
121.25 4.54518263441
122.5 4.59016094342
123.75 4.63517224101
125.0 4.68021526163
126.25 4.72528880395
127.5 4.77039172705
128.75 4.81552294676
130.0 4.86068143236
131.25 4.90586620341
132.5 4.95107632685
133.75 4.99631091426
135.0 5.04156911932
136.25 5.08685013544
137.5 5.13215319347
138.75 5.17747755971
140.0 5.22282253386
141.25 5.26818744724
142.5 5.31357166108
143.75 5.35897456486
145.0 5.40439557485
146.25 5.44983413266
147.5 5.49528970391
148.75 5.54076177699
150.0 5.58624986184
151.25 5.63175348891
152.5 5.67727220803
153.75 5.72280558751
155.0 5.76835321313
156.25 5.81391468735
157.5 5.85948962841
158.75 5.90507766961
160.0 5.95067845855
161.25 5.99629165642
162.5 6.04191693738
165.0 6.13320250631
167.5 6.22453279506
170.0 6.31590560436
172.5 6.40731889057
175.0 6.49877075179
177.5 6.59025941544
180.0 6.68178322704
182.5 6.77334064017
185.0 6.86493020738
187.5 6.95655057195
190.0 7.04820046052
192.5 7.13987867633
195.0 7.23158409318
197.5 7.32331564988
200.0 7.41507234527
202.5 7.50685323362
205.0 7.59865742052
207.5 7.69048405907
210.0 7.78233234646
212.5 7.87420152081
215.0 7.96609085829
217.5 8.05799967047
220.0 8.14992730196
222.5 8.24187312813
225.0 8.33383655315
230.0 8.51781394913
235.0 8.70185523132
240.0 8.88595649659
245.0 9.07011415587
250.0 9.25432489888
255.0 9.43858566383
260.0 9.62289361139
265.0 9.80724610226
270.0 9.99164067764
275.0 10.1760750423
280.0 10.3605470498
285.0 10.5450546895
290.0 10.729596075
295.0 10.9141694341
300.0 11.0987731
305.0 11.283405503
310.0 11.4680651636
315.0 11.6527506858
320.0 11.8374607516
330.0 12.2069496
340.0 12.576522534
350.0 12.9461713343
360.0 13.3158886247
370.0 13.6856677768
380.0 14.0555028279
390.0 14.4253884094
400.0 14.7953196855
410.0 15.1652922972
420.0 15.5353023146
430.0 15.9053461938
440.0 16.2754207378
450.0 16.6455230626
460.0 17.015650566
470.0 17.3858009
480.0 17.7559719454
490.0 18.12616179
500.0 18.4963687074
510.0 18.8665911394
520.0 19.2368276791
530.0 19.6070770561
540.0 19.9773381228
550.0 20.3476098429
560.0 20.7178912797
570.0 21.0881815866
580.0 21.4584799982
590.0 21.8287858222
600.0 22.1990984322
610.0 22.5694172611
620.0 22.9397417954
630.0 23.3100715696
640.0 23.6804061618
650.0 24.0507451892
660.0 24.4210883042
670.0 24.7914351912
680.0 25.1617855631
690.0 25.5321391588
700.0 25.9024957405
710.0 26.2728550916
720.0 26.6432170143
730.0 27.0135813283
740.0 27.3839478686
750.0 27.7543164843
760.0 28.1246870375
770.0 28.4950594014
780.0 28.86543346
790.0 29.2358091064
800.0 29.6061862427
810.0 29.9765647784
820.0 30.3469446303
830.0 30.7173257217
840.0 31.0877079815
850.0 31.4580913443
860.0 31.8284757493
870.0 32.1988611401
880.0 32.5692474647
890.0 32.9396346745
900.0 33.3100227245
910.0 33.6804115728
920.0 34.0508011801
930.0 34.4211915102
940.0 34.791582529
950.0 35.1619742048
960.0 35.5323665078
970.0 35.9027594102
980.0 36.273152886
990.0 36.6435469109
1000.0 37.0139414619
1010.0 37.3843365176
1020.0 37.7547320578
1030.0 38.1251280636
1040.0 38.4955245172
1050.0 38.8659214019
1060.0 39.2363187019
1070.0 39.6067164024
1080.0 39.9771144895
1090.0 40.3475129502
1100.0 40.7179117721
1110.0 41.0883109435
1120.0 41.4587104536
1130.0 41.8291102921
1140.0 42.1995104495
1150.0 42.5699109165
1160.0 42.9403116847
1170.0 43.3107127462
1180.0 43.6811140934
1190.0 44.0515157193
1200.0 44.4219176174
1210.0 44.7923197816
1220.0 45.1627222061
1230.0 45.5331248858
1240.0 45.9035278155
1250.0 46.2739309908
1260.0 46.6443344076
1270.0 47.0147380618
1280.0 47.3851419501
1290.0 47.7555460691
1300.0 48.125950416
1310.0 48.4963549881
1320.0 48.8667597832
1330.0 49.2371647992
1340.0 49.6075700343
1350.0 49.9779754871
1360.0 50.3483811562
1370.0 50.7187870406
1380.0 51.0891931397
1390.0 51.459599453
1400.0 51.83000598
1410.0 52.2004127209
1420.0 52.5708196758
1430.0 52.9412268451
1440.0 53.3116342295
1450.0 53.6820418297
1460.0 54.052449647
1470.0 54.4228576824
1480.0 54.7932659377
1490.0 55.1636744143
1500.0 55.5340831143
1510.0 55.9044920398
1520.0 56.274901193
1530.0 56.6453105764
1540.0 57.0157201929
1550.0 57.3861300452
1560.0 57.7565401365
1570.0 58.1269504702
1580.0 58.4973610496
1590.0 58.8677718786
1600.0 59.238182961
1610.0 59.6085943009
1620.0 59.9790059026
1630.0 60.3494177706
1640.0 60.7198299097
1650.0 61.0902423246
1660.0 61.4606550205
1670.0 61.8310680027
1680.0 62.2014812766
1690.0 62.571894848
1700.0 62.9423087228
1710.0 63.3127229071
1720.0 63.6831374071
1730.0 64.0535522293
1740.0 64.4239673806
1750.0 64.7943828678
1760.0 65.1647986981
1770.0 65.5352148788
1780.0 65.9056314175
1790.0 66.276048322
1800.0 66.6464656003
1810.0 67.0168832605
1820.0 67.3873013112
1830.0 67.7577197609
1840.0 68.1281386186
1850.0 68.4985578935
1860.0 68.8689775947
1870.0 69.239397732
1880.0 69.609818315
1890.0 69.9802393539
1900.0 70.350660859
1910.0 70.7210828407
1920.0 71.0915053098
1930.0 71.4619282772
1940.0 71.8323517544
1950.0 72.2027757527
1960.0 72.5732002839
1970.0 72.94362536
1980.0 73.3140509932
1990.0 73.6844771961
2000.0 74.0549039815
2010.0 74.4253313624
2020.0 74.795759352
2030.0 75.1661879641
2040.0 75.5366172123
2050.0 75.9070471108
2060.0 76.2774776741
2070.0 76.6479089168
2080.0 77.0183408537
2090.0 77.3887735003
2100.0 77.7592068719
2110.0 78.1296409845
2120.0 78.500075854
2130.0 78.8705114968
2140.0 79.2409479298
2150.0 79.6113851698
2160.0 79.9818232341
2170.0 80.3522621402
2180.0 80.7227019062
2190.0 81.0931425502
2200.0 81.4635840906
2210.0 81.8340265464
2220.0 82.2044699366
2230.0 82.5749142807
2240.0 82.9453595984
2250.0 83.3158059098
2260.0 83.6862532354
2270.0 84.0567015959
2280.0 84.4271510123
2290.0 84.797601506
2300.0 85.1680530988
2310.0 85.5385058126
2320.0 85.90895967
2330.0 86.2794146935
2340.0 86.6498709063
2350.0 87.0203283318
2360.0 87.3907869937
2370.0 87.7612469161
2380.0 88.1317081234
2390.0 88.5021706405
2400.0 88.8726344923
2410.0 89.2430997045
2420.0 89.6135663029
2430.0 89.9840343135
2440.0 90.354503763
2450.0 90.7249746782
2460.0 91.0954470864
2470.0 91.4659210151
2480.0 91.8363964923
2490.0 92.2068735463
2500.0 92.5773522058
2510.0 92.9478324998
2520.0 93.3183144577
2530.0 93.6887981091
2540.0 94.0592834843
2550.0 94.4297706136
2560.0 94.8002595279
2570.0 95.1707502584
2580.0 95.5412428365
2590.0 95.9117372942
2600.0 96.2822336637
2610.0 96.6527319776
2620.0 97.0232322689
2630.0 97.393734571
2640.0 97.7642389174
2650.0 98.1347453422
2660.0 98.5052538798
2670.0 98.875764565
2680.0 99.2462774327
2690.0 99.6167925185
2700.0 99.9873098581
2710.0 100.357829488
2720.0 100.728351444
2730.0 101.098875763
2740.0 101.469402482
2750.0 101.83993164
2760.0 102.210463273
2770.0 102.58099742
2780.0 102.951534119
2790.0 103.32207341
2800.0 103.69261533
2810.0 104.063159921
2820.0 104.43370722
2830.0 104.80425727
2840.0 105.174810109
2850.0 105.545365779
2860.0 105.915924321
2870.0 106.286485775
2880.0 106.657050184
2890.0 107.02761759
2900.0 107.398188034
2910.0 107.768761559
2920.0 108.139338207
2930.0 108.509918023
2940.0 108.880501048
2950.0 109.251087327
2960.0 109.621676903
2970.0 109.99226982
2980.0 110.362866122
2990.0 110.733465855
3000.0 111.104069062
3010.0 111.474675789
3020.0 111.84528608
3030.0 112.215899981
3040.0 112.586517538
3050.0 112.957138796
3060.0 113.327763802
3070.0 113.698392601
3080.0 114.069025239
3090.0 114.439661764
3100.0 114.810302221
3110.0 115.180946658
3120.0 115.551595121
3130.0 115.922247658
3140.0 116.292904315
3150.0 116.663565139
3160.0 117.034230179
3170.0 117.404899482
3180.0 117.775573094
3190.0 118.146251065
3200.0 118.51693344
3210.0 118.887620269
3220.0 119.258311599
3230.0 119.629007478
3240.0 119.999707953
3250.0 120.370413073
3260.0 120.741122885
3270.0 121.111837437
3280.0 121.482556777
3290.0 121.853280953
3300.0 122.224010013
3310.0 122.594744004
3320.0 122.965482974
3330.0 123.336226971
3340.0 123.706976042
3350.0 124.077730234
3360.0 124.448489595
3370.0 124.819254173
3380.0 125.190024013
3390.0 125.560799163
3400.0 125.931579671
3410.0 126.302365581
3420.0 126.673156941
3430.0 127.043953797
3440.0 127.414756195
3450.0 127.785564181
3460.0 128.156377799
3470.0 128.527197097
3480.0 128.898022117
3490.0 129.268852906
3500.0 129.639689508
3510.0 130.010531966
3520.0 130.381380325
3530.0 130.752234628
3540.0 131.123094919
3550.0 131.49396124
3560.0 131.864833633
3570.0 132.235712141
3580.0 132.606596806
3590.0 132.977487668
3600.0 133.348384768
3610.0 133.719288148
3620.0 134.090197846
3630.0 134.461113902
3640.0 134.832036355
3650.0 135.202965245
3660.0 135.573900607
3670.0 135.944842481
3680.0 136.315790903
3690.0 136.68674591
3700.0 137.057707536
3710.0 137.428675818
3720.0 137.799650791
3730.0 138.170632487
3740.0 138.541620941
3750.0 138.912616185
3760.0 139.283618251
3770.0 139.654627172
3780.0 140.025642977
3790.0 140.396665696
3800.0 140.76769536
3810.0 141.138731997
3820.0 141.509775635
3830.0 141.880826301
3840.0 142.251884021
3850.0 142.622948821
3860.0 142.994020727
3870.0 143.365099761
3880.0 143.736185948
3890.0 144.10727931
3900.0 144.478379869
3910.0 144.849487646
3920.0 145.220602659
3930.0 145.59172493
3940.0 145.962854475
3950.0 146.333991312
3960.0 146.705135458
3970.0 147.076286928
3980.0 147.447445737
3990.0 147.818611898
4000.0 148.189785425
4010.0 148.560966328
4020.0 148.932154619
4030.0 149.303350307
4040.0 149.674553402
4050.0 150.045763911
4060.0 150.416981841
4070.0 150.788207199
4080.0 151.159439988
4090.0 151.530680212
4100.0 151.901927875
4110.0 152.273182978
4120.0 152.644445522
4130.0 153.015715506
4140.0 153.38699293
4150.0 153.758277789
4160.0 154.129570082
4170.0 154.500869802
4180.0 154.872176945
4190.0 155.243491503
4200.0 155.614813468
4210.0 155.986142832
4220.0 156.357479584
4230.0 156.728823713
4240.0 157.100175206
4250.0 157.47153405
4260.0 157.84290023
4270.0 158.21427373
4280.0 158.585654533
4290.0 158.957042622
4300.0 159.328437976
4310.0 159.699840576
4320.0 160.0712504
4330.0 160.442667425
4340.0 160.814091627
4350.0 161.185522982
4360.0 161.556961463
4370.0 161.928407043
4380.0 162.299859694
4390.0 162.671319385
4400.0 163.042786087
4410.0 163.414259768
4420.0 163.785740394
4430.0 164.157227932
4440.0 164.528722345
4450.0 164.900223599
4460.0 165.271731654
4470.0 165.643246473
4480.0 166.014768016
4490.0 166.386296242
4500.0 166.757831108
4510.0 167.129372573
4520.0 167.500920591
4530.0 167.872475117
4540.0 168.244036105
4550.0 168.615603508
4560.0 168.987177277
4570.0 169.358757361
4580.0 169.730343712
4590.0 170.101936276
4600.0 170.473535002
4610.0 170.845139834
4620.0 171.21675072
4630.0 171.588367601
4640.0 171.959990423
4650.0 172.331619127
4660.0 172.703253654
4670.0 173.074893944
4680.0 173.446539937
4690.0 173.818191571
4700.0 174.189848783
4710.0 174.561511509
4720.0 174.933179686
4730.0 175.304853248
4740.0 175.676532128
4750.0 176.04821626
4760.0 176.419905576
4770.0 176.791600006
4780.0 177.163299481
4790.0 177.53500393
4800.0 177.906713283
4810.0 178.278427467
4820.0 178.65014641
4830.0 179.021870038
4840.0 179.393598276
4850.0 179.76533105
4860.0 180.137068284
4870.0 180.508809902
4880.0 180.880555827
4890.0 181.25230597
4900.0 181.62406027
4910.0 181.995818639
4920.0 182.367580997
4930.0 182.739347264
4940.0 183.111117359
4950.0 183.482891201
4960.0 183.854668708
4970.0 184.226449798
4980.0 184.598234388
4990.0 184.970022394
5000.0 185.341813732
5010.0 185.713608319
5020.0 186.085406069
5030.0 186.457206897
5040.0 186.829010718
5050.0 187.200817446
5060.0 187.572626994
5070.0 187.944439277
5080.0 188.316254206
5090.0 188.688071696
5100.0 189.059891657
5110.0 189.431714004
5120.0 189.803538648
5130.0 190.1753655
5140.0 190.547194473
5150.0 190.919025478
5160.0 191.290858426
5170.0 191.662693229
5180.0 192.034529799
5190.0 192.406368045
5200.0 192.778207879
5210.0 193.150049212
5220.0 193.521891956
5230.0 193.893736021
5240.0 194.265581318
5250.0 194.637427758
5260.0 195.009275253
5270.0 195.381123714
5280.0 195.752973052
5290.0 196.124823178
5300.0 196.496674004
5310.0 196.868525442
5320.0 197.240377405
5330.0 197.612229803
5340.0 197.98408255
5350.0 198.355935558
5360.0 198.727788741
5370.0 199.09964201
5380.0 199.471495281
5390.0 199.843348466
5400.0 200.21520148
5410.0 200.587054238
5420.0 200.958906654
5430.0 201.330758644
5440.0 201.702610123
5450.0 202.074461007
5460.0 202.446311214
5470.0 202.818160661
5480.0 203.190009264
5490.0 203.561856942
5500.0 203.933703614
5510.0 204.305549198
5520.0 204.677393615
5530.0 205.049236785
5540.0 205.421078628
5550.0 205.792919067
5560.0 206.164758022
5570.0 206.536595418
5580.0 206.908431176
5590.0 207.280265222
5600.0 207.65209748
5610.0 208.023927875
5620.0 208.395756333
5630.0 208.767582782
5640.0 209.139407148
5650.0 209.511229361
5660.0 209.883049348
5670.0 210.254867041
5680.0 210.626682369
5690.0 210.998495264
5700.0 211.370305659
5710.0 211.742113485
5720.0 212.113918678
5730.0 212.485721171
5740.0 212.857520901
5750.0 213.229317803
5760.0 213.601111815
5770.0 213.972902876
5780.0 214.344690923
5790.0 214.716475898
5800.0 215.08825774
5810.0 215.460036392
5820.0 215.831811797