0.0 0.0
120.0 4.50148120851
120.625 4.52395529692
121.25 4.5464381383
122.5 4.59142939065
123.75 4.63645363158
125.0 4.68150959554
126.25 4.7265960812
127.5 4.77171194764
128.75 4.81685611069
130.0 4.86202753963
131.25 4.90722525402
132.5 4.95244832079
133.75 4.99769585154
135.0 5.04296699995
136.25 5.0882609594
137.5 5.13357696077
138.75 5.17891427035
140.0 5.22427218784
141.25 5.26965004456
142.5 5.31504720173
143.75 5.36046304885
145.0 5.40589700219
146.25 5.45134850334
147.5 5.49681701793
148.75 5.54230203434
150.0 5.58780306254
151.25 5.63331963294
152.5 5.6788512954
153.75 5.72439761821
155.0 5.76995818718
156.25 5.81553260474
157.5 5.86112048914
158.75 5.90672147368
160.0 5.95233520595
161.25 5.99796134716
162.5 6.04359957146
165.0 6.13491102707
167.5 6.2262672025
170.0 6.31766589848
172.5 6.40910507137
175.0 6.50058281927
177.5 6.59209736959
180.0 6.68364706787
182.5 6.77523036768
185.0 6.86684582157
187.5 6.95849207282
190.0 7.05016784806
192.5 7.14187195055
195.0 7.23360325408
197.5 7.32536069746
200.0 7.41714327953
202.5 7.50895005455
205.0 7.60078012813
207.5 7.69263265336
210.0 7.78450682743
212.5 7.87640188846
215.0 7.96831711261
217.5 8.06025181148
220.0 8.15220532964
222.5 8.24417704249
225.0 8.33616635418
230.0 8.52019552353
235.0 8.70428857908
240.0 8.8884416177
245.0 9.07265105034
250.0 9.2569135667
255.0 9.441226105
260.0 9.62558582592
265.0 9.80999009015
270.0 9.99443643889
275.0 10.1789225769
280.0 10.3634463578
285.0 10.5480057708
290.0 10.7325989296
295.0 10.9172240621
300.0 11.1018795014
305.0 11.2865636777
310.0 11.4712751117
315.0 11.6560124072
320.0 11.8407742464
330.0 12.2103666415
340.0 12.5800431223
350.0 12.9497954693
360.0 13.3196163064
370.0 13.6894990052
380.0 14.0594376029
390.0 14.4294267312
400.0 14.799461554
410.0 15.1695377124
420.0 15.5396512766
430.0 15.9097987025
440.0 16.2799767932
450.0 16.6501826647
460.0 17.0204137148
470.0 17.3906675955
480.0 17.7609421877
490.0 18.1312355789
500.0 18.5015460431
510.0 18.8718720218
520.0 19.2422121082
530.0 19.6125650318
540.0 19.9829296453
550.0 20.3533049121
560.0 20.7236898956
570.0 21.0940837492
580.0 21.4644857075
590.0 21.8348950783
600.0 22.205311235
610.0 22.5757336106
620.0 22.9461616916
630.0 23.3165950125
640.0 23.6870331515
650.0 24.0574757255
660.0 24.4279223873
670.0 24.798372821
680.0 25.1688267396
690.0 25.539283882
700.0 25.9097440104
710.0 26.2802069082
720.0 26.6506723776
730.0 27.0211402383
740.0 27.3916103253
750.0 27.7620824878
760.0 28.1325565877
770.0 28.5030324983
780.0 28.8735101036
790.0 29.2439892967
800.0 29.6144699797
810.0 29.9849520621
820.0 30.3554354608
830.0 30.7259200989
840.0 31.0964059054
850.0 31.4668928149
860.0 31.8373807666
870.0 32.2078697041
880.0 32.5783595754
890.0 32.948850332
900.0 33.3193419287
910.0 33.6898343236
920.0 34.0603274777
930.0 34.4308213545
940.0 34.80131592
950.0 35.1718111425
960.0 35.5423069922
970.0 35.9128034413
980.0 36.2833004639
990.0 36.6537980355
1000.0 37.0242961332
1010.0 37.3947947356
1020.0 37.7652938225
1030.0 38.135793375
1040.0 38.5062933753
1050.0 38.8767938067
1060.0 39.2472946534
1070.0 39.6177959007
1080.0 39.9882975345
1090.0 40.3587995419
1100.0 40.7293019105
1110.0 41.0998046286
1120.0 41.4703076854
1130.0 41.8408110707
1140.0 42.2113147747
1150.0 42.5818187884
1160.0 42.9523231034
1170.0 43.3228277116
1180.0 43.6933326055
1190.0 44.0638377781
1200.0 44.4343432229
1210.0 44.8048489338
1220.0 45.1753549051
1230.0 45.5458611314
1240.0 45.9163676079
1250.0 46.2868743299
1260.0 46.6573812934
1270.0 47.0278884943
1280.0 47.3983959293
1290.0 47.768903595
1300.0 48.1394114886
1310.0 48.5099196075
1320.0 48.8804279493
1330.0 49.250936512
1340.0 49.6214452938
1350.0 49.9919542933
1360.0 50.3624635091
1370.0 50.7329729403
1380.0 51.1034825861
1390.0 51.473992446
1400.0 51.8445025198
1410.0 52.2150128074
1420.0 52.585523309
1430.0 52.956034025
1440.0 53.3265449561
1450.0 53.6970561031
1460.0 54.067567467
1470.0 54.4380790492
1480.0 54.8085908512
1490.0 55.1791028745
1500.0 55.5496151212
1510.0 55.9201275934
1520.0 56.2906402933
1530.0 56.6611532235
1540.0 57.0316663866
1550.0 57.4021797857
1560.0 57.7726934237
1570.0 58.1432073041
1580.0 58.5137214302
1590.0 58.8842358059
1600.0 59.254750435
1610.0 59.6252653216
1620.0 59.9957804701
1630.0 60.3662958848
1640.0 60.7368115706
1650.0 61.1073275322
1660.0 61.4778437748
1670.0 61.8483603037
1680.0 62.2188771244
1690.0 62.5893942425
1700.0 62.959911664
1710.0 63.3304293949
1720.0 63.7009474417
1730.0 64.0714658107
1740.0 64.4419845087
1750.0 64.8125035426
1760.0 65.1830229196
1770.0 65.553542647
1780.0 65.9240627324
1790.0 66.2945831836
1800.0 66.6651040086
1810.0 67.0356252155
1820.0 67.4061468129
1830.0 67.7766688094
1840.0 68.1471912138
1850.0 68.5177140353
1860.0 68.8882372833
1870.0 69.2587609673
1880.0 69.629285097
1890.0 69.9998096827
1900.0 70.3703347344
1910.0 70.7408602628
1920.0 71.1113862786
1930.0 71.4819127928
1940.0 71.8524398167
1950.0 72.2229673617
1960.0 72.5934954396
1970.0 72.9640240624
1980.0 73.3345532424
1990.0 73.705082992
2000.0 74.0756133241
2010.0 74.4461442517
2020.0 74.816675788
2030.0 75.1872079468
2040.0 75.5577407417
2050.0 75.928274187
2060.0 76.2988082969
2070.0 76.6693430863
2080.0 77.03987857
2090.0 77.4104147633
2100.0 77.7809516816
2110.0 78.1514893409
2120.0 78.5220277571
2130.0 78.8925669467
2140.0 79.2631069263
2150.0 79.633647713
2160.0 80.004189324
2170.0 80.3747317769
2180.0 80.7452750896
2190.0 81.1158192803
2200.0 81.4863643675
2210.0 81.8569103699
2220.0 82.2274573068
2230.0 82.5980051976
2240.0 82.9685540621
2250.0 83.3391039202
2260.0 83.7096547925
2270.0 84.0802066997
2280.0 84.4507596628
2290.0 84.8213137032
2300.0 85.1918688427
2310.0 85.5624251033
2320.0 85.9329825073
2330.0 86.3035410776
2340.0 86.6741008371
2350.0 87.0446618093
2360.0 87.4152240179
2370.0 87.785787487
2380.0 88.1563522411
2390.0 88.5269183048
2400.0 88.8974857034
2410.0 89.2680544623
2420.0 89.6386246074
2430.0 90.0091961647
2440.0 90.3797691609
2450.0 90.7503436228
2460.0 91.1209195777
2470.0 91.4914970531
2480.0 91.8620760771
2490.0 92.2326566778
2500.0 92.603238884
2510.0 92.9738227247
2520.0 93.3444082293
2530.0 93.7149954275
2540.0 94.0855843493
2550.0 94.4561750254
2560.0 94.8267674864
2570.0 95.1973617635
2580.0 95.5679578884
2590.0 95.9385558928
2600.0 96.309155809
2610.0 96.6797576697
2620.0 97.0503615077
2630.0 97.4209673564
2640.0 97.7915752496
2650.0 98.1621852211
2660.0 98.5327973054
2670.0 98.9034115373
2680.0 99.2740279517
2690.0 99.6446465842
2700.0 100.015267471
2710.0 100.385890647
2720.0 100.756516149
2730.0 101.127144015
2740.0 101.497774282
2750.0 101.868406986
2760.0 102.239042166
2770.0 102.609679859
2780.0 102.980320105
2790.0 103.350962942
2800.0 103.72160841
2810.0 104.092256547
2820.0 104.462907393
2830.0 104.833560989
2840.0 105.204217375
2850.0 105.574876592
2860.0 105.945538681
2870.0 106.316203682
2880.0 106.686871638
2890.0 107.05754259
2900.0 107.42821658
2910.0 107.798893652
2920.0 108.169573848
2930.0 108.54025721
2940.0 108.910943782
2950.0 109.281633607
2960.0 109.65232673
2970.0 110.023023194
2980.0 110.393723043
2990.0 110.764426322
3000.0 111.135133076
3010.0 111.505843349
3020.0 111.876557187
3030.0 112.247274635
3040.0 112.617995739
3050.0 112.988720544
3060.0 113.359449096
3070.0 113.730181441
3080.0 114.100917627
3090.0 114.471657698
3100.0 114.842401702
3110.0 115.213149686
3120.0 115.583901695
3130.0 115.954657779
3140.0 116.325417982
3150.0 116.696182354
3160.0 117.06695094
3170.0 117.43772379
3180.0 117.808500949
3190.0 118.179282466
3200.0 118.550068388
3210.0 118.920858764
3220.0 119.291653641
3230.0 119.662453066
3240.0 120.033257088
3250.0 120.404065754
3260.0 120.774879113
3270.0 121.145697212
3280.0 121.516520099
3290.0 121.887347822
3300.0 122.258180428
3310.0 122.629017966
3320.0 122.999860483
3330.0 123.370708026
3340.0 123.741560644
3350.0 124.112418383
3360.0 124.483281291
3370.0 124.854149415
3380.0 125.225022802
3390.0 125.595901499
3400.0 125.966785553
3410.0 126.33767501
3420.0 126.708569917
3430.0 127.07947032
3440.0 127.450376264
3450.0 127.821287797
3460.0 128.192204962
3470.0 128.563127806
3480.0 128.934056373
3490.0 129.304990709
3500.0 129.675930857
3510.0 130.046876862
3520.0 130.417828768
3530.0 130.788786618
3540.0 131.159750455
3550.0 131.530720323
3560.0 131.901696263
3570.0 132.272678318
3580.0 132.643666529
3590.0 133.014660938
3600.0 133.385661585
3610.0 133.756668511
3620.0 134.127681756
3630.0 134.498701359
3640.0 134.869727359
3650.0 135.240759795
3660.0 135.611798704
3670.0 135.982844125
3680.0 136.353896094
3690.0 136.724954647
3700.0 137.09601982
3710.0 137.467091649
3720.0 137.838170168
3730.0 138.209255411
3740.0 138.580347411
3750.0 138.951446202
3760.0 139.322551815
3770.0 139.693664282
3780.0 140.064783634
3790.0 140.435909901
3800.0 140.807043111
3810.0 141.178183295
3820.0 141.549330479
3830.0 141.920484692
3840.0 142.291645959
3850.0 142.662814306
3860.0 143.033989758
3870.0 143.405172339
3880.0 143.776362073
3890.0 144.147558982
3900.0 144.518763087
3910.0 144.88997441
3920.0 145.261192971
3930.0 145.632418788
3940.0 146.00365188
3950.0 146.374892264
3960.0 146.746139957
3970.0 147.117394973
3980.0 147.488657329
3990.0 147.859927037
4000.0 148.23120411
4010.0 148.60248856
4020.0 148.973780397
4030.0 149.345079632
4040.0 149.716386274
4050.0 150.08770033
4060.0 150.459021807
4070.0 150.830350711
4080.0 151.201687046
4090.0 151.573030818
4100.0 151.944382027
4110.0 152.315740677
4120.0 152.687106768
4130.0 153.058480299
4140.0 153.429861269
4150.0 153.801249675
4160.0 154.172645514
4170.0 154.544048781
4180.0 154.915459471
4190.0 155.286877575
4200.0 155.658303088
4210.0 156.029735998
4220.0 156.401176297
4230.0 156.772623973
4240.0 157.144079012
4250.0 157.515541403
4260.0 157.88701113
4270.0 158.258488176
4280.0 158.629972526
4290.0 159.001464162
4300.0 159.372963063
4310.0 159.744469209
4320.0 160.11598258
4330.0 160.487503151
4340.0 160.8590309
4350.0 161.230565802
4360.0 161.60210783
4370.0 161.973656956
4380.0 162.345213154
4390.0 162.716776392
4400.0 163.088346641
4410.0 163.459923868
4420.0 163.831508041
4430.0 164.203099125
4440.0 164.574697086
4450.0 164.946301886
4460.0 165.317913488
4470.0 165.689531854
4480.0 166.061156943
4490.0 166.432788716
4500.0 166.804427129
4510.0 167.17607214
4520.0 167.547723705
4530.0 167.919381778
4540.0 168.291046313
4550.0 168.662717262
4560.0 169.034394578
4570.0 169.406078209
4580.0 169.777768106
4590.0 170.149464217
4600.0 170.521166489
4610.0 170.892874869
4620.0 171.264589301
4630.0 171.636309729
4640.0 172.008036098
4650.0 172.379768348
4660.0 172.751506422
4670.0 173.123250259
4680.0 173.494999798
4690.0 173.866754979
4700.0 174.238515738
4710.0 174.610282011
4720.0 174.982053735
4730.0 175.353830843
4740.0 175.72561327
4750.0 176.097400949
4760.0 176.469193811
4770.0 176.840991788
4780.0 177.212794809
4790.0 177.584602806
4800.0 177.956415705
4810.0 178.328233436
4820.0 178.700055926
4830.0 179.0718831
4840.0 179.443714885
4850.0 179.815551206
4860.0 180.187391987
4870.0 180.559237151
4880.0 180.931086623
4890.0 181.302940313
4900.0 181.67479816
4910.0 182.046660075
4920.0 182.41852598
4930.0 182.790395793
4940.0 183.162269435
4950.0 183.534146824
4960.0 183.906027878
4970.0 184.277912514
4980.0 184.649800651
4990.0 185.021692203
5000.0 185.393587088
5010.0 185.765485222
5020.0 186.137386518
5030.0 186.509290893
5040.0 186.881198261
5050.0 187.253108536
5060.0 187.625021631
5070.0 187.99693746
5080.0 188.368855936
5090.0 188.740776972
5100.0 189.112700481
5110.0 189.484626374
5120.0 189.856554565
5130.0 190.228484964
5140.0 190.600417483
5150.0 190.972352035
5160.0 191.34428853
5170.0 191.71622688
5180.0 192.088166996
5190.0 192.460108789
5200.0 192.83205217
5210.0 193.20399705
5220.0 193.57594334
5230.0 193.947890952
5240.0 194.319839796
5250.0 194.691789783
5260.0 195.063740824
5270.0 195.435692832
5280.0 195.807645716
5290.0 196.179599389
5300.0 196.551553762
5310.0 196.923508747
5320.0 197.295464256
5330.0 197.667420201
5340.0 198.039376495
5350.0 198.41133305
5360.0 198.783289779
5370.0 199.155246595
5380.0 199.527203412
5390.0 199.899160144
5400.0 200.271116705
5410.0 200.64307301
5420.0 201.015028972
5430.0 201.386984509
5440.0 201.758939534
5450.0 202.130893966
5460.0 202.50284772
5470.0 202.874800712
5480.0 203.246752862
5490.0 203.618704087
5500.0 203.990654306
5510.0 204.362603437
5520.0 204.734551401
5530.0 205.106498117
5540.0 205.478443507
5550.0 205.850387492
5560.0 206.222329995
5570.0 206.594270937
5580.0 206.966210242
5590.0 207.338147835
5600.0 207.710083639
5610.0 208.082017581
5620.0 208.453949586
5630.0 208.825879581
5640.0 209.197807494
5650.0 209.569733254
5660.0 209.941656788
5670.0 210.313578027
5680.0 210.685496902
5690.0 211.057413344
5700.0 211.429327285
5710.0 211.801238658
5720.0 212.173147398
5730.0 212.545053438
5740.0 212.916956714
5750.0 213.288857163
5760.0 213.660754722
5770.0 214.032649329
5780.0 214.404540923
5790.0 214.776429444
5800.0 215.148314834
5810.0 215.520197033
5820.0 215.892075984