0.0 0.0
120.0 4.49968432269
120.625 4.52214905233
121.25 4.54462253493
122.5 4.58959506971
123.75 4.63460059309
125.0 4.67963783948
126.25 4.72470560759
127.5 4.76980275646
128.75 4.81492820195
130.0 4.86008091333
131.25 4.90525991016
132.5 4.95046425937
133.75 4.99569307256
135.0 5.04094550341
136.25 5.0862207453
137.5 5.13151802911
138.75 5.17683662113
140.0 5.22217582105
141.25 5.26753496022
142.5 5.31291339983
143.75 5.35831052939
145.0 5.40372576516
146.25 5.44915854875
147.5 5.49460834578
148.75 5.54007464463
150.0 5.58555695527
151.25 5.63105480811
152.5 5.67656775301
153.75 5.72209535827
155.0 5.76763720967
156.25 5.81319290967
157.5 5.85876207651
158.75 5.90434434349
160.0 5.9499393582
161.25 5.99554678185
162.5 6.04116628859
165.0 6.13244030908
167.5 6.22375904938
170.0 6.31512031024
172.5 6.40652204801
175.0 6.49796236079
177.5 6.58943947599
180.0 6.68095173915
182.5 6.77249760384
185.0 6.86407562261
187.5 6.95568443874
190.0 7.04732277886
192.5 7.13898944622
195.0 7.23068331463
197.5 7.32240332289
200.0 7.41414846984
202.5 7.50591780974
205.0 7.5977104482
207.5 7.68952553831
210.0 7.78136227726
212.5 7.87321990317
215.0 7.9650976922
217.5 8.05699495594
220.0 8.14891103898
222.5 8.24084531671
225.0 8.33279719329
230.0 8.51675149239
235.0 8.70076967769
240.0 8.88484784607
245.0 9.06898240847
250.0 9.25317005459
255.0 9.43740772265
260.0 9.62169257333
265.0 9.80602196731
270.0 9.99039344581
275.0 10.1748047136
280.0 10.3592536242
285.0 10.543738167
290.0 10.7282564556
295.0 10.9128067178
300.0 11.0973872868
305.0 11.281996593
310.0 11.4666331566
315.0 11.651295582
320.0 11.8359825509
330.0 12.2054252055
340.0 12.5749519458
350.0 12.9445545523
360.0 13.3142256489
370.0 13.6839586073
380.0 14.0537474645
390.0 14.4235868524
400.0 14.7934719346
410.0 15.1633983525
420.0 15.5333621762
430.0 15.9033598616
440.0 16.2733882119
450.0 16.6434443429
460.0 17.0135256525
470.0 17.3836297927
480.0 17.7537546444
490.0 18.1238982952
500.0 18.4940590188
510.0 18.8642352571
520.0 19.234425603
530.0 19.6046287862
540.0 19.9748436592
550.0 20.3450691855
560.0 20.7153044284
570.0 21.0855485416
580.0 21.4558007594
590.0 21.8260603897
600.0 22.1963268059
610.0 22.5665994411
620.0 22.9368777816
630.0 23.307161362
640.0 23.6774497605
650.0 24.0477425941
660.0 24.4180395153
670.0 24.7883402085
680.0 25.1586443866
690.0 25.5289517886
700.0 25.8992621765
710.0 26.2695753338
720.0 26.6398910627
730.0 27.0102091829
740.0 27.3805295295
750.0 27.7508519515
760.0 28.1211763109
770.0 28.491502481
780.0 28.8618303458
790.0 29.2321597985
800.0 29.6024907409
810.0 29.9728230829
820.0 30.3431567411
830.0 30.7134916386
840.0 31.0838277047
850.0 31.4541648737
860.0 31.8245030849
870.0 32.194842282
880.0 32.5651824128
890.0 32.9355234289
900.0 33.3058652851
910.0 33.6762079395
920.0 34.0465513531
930.0 34.4168954895
940.0 34.7872403145
950.0 35.1575857965
960.0 35.5279319057
970.0 35.8982786143
980.0 36.2686258964
990.0 36.6389737275
1000.0 37.0093220847
1010.0 37.3796709467
1020.0 37.7500202931
1030.0 38.1203701051
1040.0 38.4907203649
1050.0 38.8610710558
1060.0 39.2314221621
1070.0 39.6017736688
1080.0 39.9721255622
1090.0 40.3424778291
1100.0 40.7128304572
1110.0 41.0831834348
1120.0 41.4535367512
1130.0 41.8238903959
1140.0 42.1942443595
1150.0 42.5645986327
1160.0 42.9349532072
1170.0 43.3053080749
1180.0 43.6756632283
1190.0 44.0460186605
1200.0 44.4163743648
1210.0 44.7867303352
1220.0 45.157086566
1230.0 45.5274430518
1240.0 45.8977997878
1250.0 46.2681567694
1260.0 46.6385139923
1270.0 47.0088714528
1280.0 47.3792291473
1290.0 47.7495870725
1300.0 48.1199452257
1310.0 48.4903036041
1320.0 48.8606622054
1330.0 49.2310210276
1340.0 49.6013800689
1350.0 49.9717393279
1360.0 50.3420988032
1370.0 50.7124584939
1380.0 51.0828183992
1390.0 51.4531785187
1400.0 51.823538852
1410.0 52.1938993991
1420.0 52.5642601602
1430.0 52.9346211358
1440.0 53.3049823264
1450.0 53.6753437328
1460.0 54.0457053563
1470.0 54.416067198
1480.0 54.7864292595
1490.0 55.1567915423
1500.0 55.5271540486
1510.0 55.8975167802
1520.0 56.2678797397
1530.0 56.6382429294
1540.0 57.008606352
1550.0 57.3789700106
1560.0 57.7493339082
1570.0 58.119698048
1580.0 58.4900624337
1590.0 58.8604270689
1600.0 59.2307919575
1610.0 59.6011571037
1620.0 59.9715225116
1630.0 60.3418881859
1640.0 60.7122541311
1650.0 61.0826203523
1660.0 61.4529868544
1670.0 61.8233536428
1680.0 62.193720723
1690.0 62.5640881006
1700.0 62.9344557816
1710.0 63.3048237721
1720.0 63.6751920783
1730.0 64.0455607068
1740.0 64.4159296644
1750.0 64.7862989578
1760.0 65.1566685943
1770.0 65.5270385813
1780.0 65.8974089262
1790.0 66.2677796369
1800.0 66.6381507214
1810.0 67.0085221878
1820.0 67.3788940447
1830.0 67.7492663007
1840.0 68.1196389647
1850.0 68.4900120457
1860.0 68.8603855532
1870.0 69.2307594967
1880.0 69.601133886
1890.0 69.9715087311
1900.0 70.3418840424
1910.0 70.7122598303
1920.0 71.0826361056
1930.0 71.4530128793
1940.0 71.8233901627
1950.0 72.1937679672
1960.0 72.5641463046
1970.0 72.934525187
1980.0 73.3049046264
1990.0 73.6752846356
2000.0 74.0456652272
2010.0 74.4160464143
2020.0 74.7864282102
2030.0 75.1568106284
2040.0 75.5271936829
2050.0 75.8975773877
2060.0 76.2679617572
2070.0 76.638346806
2080.0 77.0087325492
2090.0 77.379119002
2100.0 77.7495061799
2110.0 78.1198940986
2120.0 78.4902827744
2130.0 78.8606722235
2140.0 79.2310624627
2150.0 79.6014535089
2160.0 79.9718453794
2170.0 80.3422380918
2180.0 80.712631664
2190.0 81.0830261142
2200.0 81.4534214609
2210.0 81.8238177229
2220.0 82.1942149193
2230.0 82.5646130696
2240.0 82.9350121935
2250.0 83.3054123112
2260.0 83.675813443
2270.0 84.0462156097
2280.0 84.4166188324
2290.0 84.7870231323
2300.0 85.1574285313
2310.0 85.5278350514
2320.0 85.898242715
2330.0 86.2686515447
2340.0 86.6390615638
2350.0 87.0094727955
2360.0 87.3798852636
2370.0 87.7502989922
2380.0 88.1207140058
2390.0 88.491130329
2400.0 88.8615479872
2410.0 89.2319670056
2420.0 89.6023874101
2430.0 89.972809227
2440.0 90.3432324827
2450.0 90.7136572041
2460.0 91.0840834185
2470.0 91.4545111535
2480.0 91.8249404369
2490.0 92.1953712972
2500.0 92.5658037629
2510.0 92.9362378631
2520.0 93.3066736272
2530.0 93.6771110849
2540.0 94.0475502663
2550.0 94.4179912018
2560.0 94.7884339224
2570.0 95.158878459
2580.0 95.5293248434
2590.0 95.8997731073
2600.0 96.2702232831
2610.0 96.6406754032
2620.0 97.0111295008
2630.0 97.381585609
2640.0 97.7520437617
2650.0 98.1225039927
2660.0 98.4929663366
2670.0 98.8634308279
2680.0 99.2338975019
2690.0 99.6043663939
2700.0 99.9748375398
2710.0 100.345310976
2720.0 100.715786738
2730.0 101.086264863
2740.0 101.456745389
2750.0 101.827228353
2760.0 102.197713792
2770.0 102.568201745
2780.0 102.938692251
2790.0 103.309185347
2800.0 103.679681074
2810.0 104.050179471
2820.0 104.420680577
2830.0 104.791184432
2840.0 105.161691078
2850.0 105.532200554
2860.0 105.902712902
2870.0 106.273228163
2880.0 106.643746378
2890.0 107.01426759
2900.0 107.38479184
2910.0 107.755319171
2920.0 108.125849626
2930.0 108.496383248
2940.0 108.866920079
2950.0 109.237460164
2960.0 109.608003546
2970.0 109.97855027
2980.0 110.349100378
2990.0 110.719653917
3000.0 111.09021093
3010.0 111.460771463
3020.0 111.831335561
3030.0 112.201903268
3040.0 112.572474631
3050.0 112.943049696
3060.0 113.313628508
3070.0 113.684211113
3080.0 114.054797557
3090.0 114.425387888
3100.0 114.795982152
3110.0 115.166580395
3120.0 115.537182664
3130.0 115.907789007
3140.0 116.27839947
3150.0 116.649014101
3160.0 117.019632947
3170.0 117.390256056
3180.0 117.760883475
3190.0 118.131515251
3200.0 118.502151433
3210.0 118.872792069
3220.0 119.243437205
3230.0 119.614086889
3240.0 119.984741171
3250.0 120.355400097
3260.0 120.726063715
3270.0 121.096732073
3280.0 121.46740522
3290.0 121.838083202
3300.0 122.208766068
3310.0 122.579453865
3320.0 122.950146642
3330.0 123.320844445
3340.0 123.691547322
3350.0 124.062255321
3360.0 124.432968488
3370.0 124.803686872
3380.0 125.174410518
3390.0 125.545139475
3400.0 125.915873788
3410.0 126.286613505
3420.0 126.657358671
3430.0 127.028109334
3440.0 127.398865538
3450.0 127.769627329
3460.0 128.140394754
3470.0 128.511167858
3480.0 128.881946685
3490.0 129.25273128
3500.0 129.623521688
3510.0 129.994317952
3520.0 130.365120118
3530.0 130.735928227
3540.0 131.106742324
3550.0 131.477562451
3560.0 131.848388651
3570.0 132.219220965
3580.0 132.590059436
3590.0 132.960904104
3600.0 133.331755011
3610.0 133.702612196
3620.0 134.0734757
3630.0 134.444345563
3640.0 134.815221823
3650.0 135.186104518
3660.0 135.556993687
3670.0 135.927889367
3680.0 136.298791595
3690.0 136.669700408
3700.0 137.040615841
3710.0 137.411537929
3720.0 137.782466707
3730.0 138.15340221
3740.0 138.52434447
3750.0 138.89529352
3760.0 139.266249393
3770.0 139.63721212
3780.0 140.008181731
3790.0 140.379158257
3800.0 140.750141727
3810.0 141.12113217
3820.0 141.492129614
3830.0 141.863134086
3840.0 142.234145613
3850.0 142.605164219
3860.0 142.976189931
3870.0 143.347222772
3880.0 143.718262765
3890.0 144.089309933
3900.0 144.460364298
3910.0 144.831425881
3920.0 145.202494701
3930.0 145.573570778
3940.0 145.944654129
3950.0 146.315744773
3960.0 146.686842725
3970.0 147.057948001
3980.0 147.429060616
3990.0 147.800180583
4000.0 148.171307916
4010.0 148.542442625
4020.0 148.913584722
4030.0 149.284734217
4040.0 149.655891118
4050.0 150.027055434
4060.0 150.39822717
4070.0 150.769406333
4080.0 151.140592929
4090.0 151.51178696
4100.0 151.882988429
4110.0 152.254197338
4120.0 152.625413688
4130.0 152.996637479
4140.0 153.367868708
4150.0 153.739107374
4160.0 154.110353473
4170.0 154.481606999
4180.0 154.852867948
4190.0 155.224136313
4200.0 155.595412084
4210.0 155.966695254
4220.0 156.337985813
4230.0 156.709283748
4240.0 157.080589047
4250.0 157.451901697
4260.0 157.823221683
4270.0 158.19454899
4280.0 158.565883599
4290.0 158.937225494
4300.0 159.308574654
4310.0 159.67993106
4320.0 160.05129469
4330.0 160.422665521
4340.0 160.79404353
4350.0 161.165428691
4360.0 161.536820978
4370.0 161.908220365
4380.0 162.279626822
4390.0 162.65104032
4400.0 163.022460828
4410.0 163.393888315
4420.0 163.765322747
4430.0 164.136764091
4440.0 164.508212311
4450.0 164.87966737
4460.0 165.251129232
4470.0 165.622597857
4480.0 165.994073206
4490.0 166.365555238
4500.0 166.737043911
4510.0 167.108539182
4520.0 167.480041006
4530.0 167.851549339
4540.0 168.223064133
4550.0 168.594585342
4560.0 168.966112917
4570.0 169.337646808
4580.0 169.709186964
4590.0 170.080733335
4600.0 170.452285867
4610.0 170.823844506
4620.0 171.195409197
4630.0 171.566979885
4640.0 171.938556513
4650.0 172.310139023
4660.0 172.681727356
4670.0 173.053321453
4680.0 173.424921252
4690.0 173.796526692
4700.0 174.16813771
4710.0 174.539754243
4720.0 174.911376226
4730.0 175.283003594
4740.0 175.654636281
4750.0 176.026274219
4760.0 176.39791734
4770.0 176.769565577
4780.0 177.141218858
4790.0 177.512877114
4800.0 177.884540273
4810.0 178.256208263
4820.0 178.627881012
4830.0 178.999558446
4840.0 179.37124049
4850.0 179.742927071
4860.0 180.114618111
4870.0 180.486313535
4880.0 180.858013266
4890.0 181.229717216
4900.0 181.601425322
4910.0 181.973137497
4920.0 182.344853661
4930.0 182.716573735
4940.0 183.088297636
4950.0 183.460025284
4960.0 183.831756598
4970.0 184.203491494
4980.0 184.575229889
4990.0 184.946971702
5000.0 185.318716846
5010.0 185.690465239
5020.0 186.062216795
5030.0 186.43397143
5040.0 186.805729057
5050.0 187.177489591
5060.0 187.549252946
5070.0 187.921019034
5080.0 188.29278777
5090.0 188.664559066
5100.0 189.036332834
5110.0 189.408108987
5120.0 189.779887437
5130.0 190.151668095
5140.0 190.523450874
5150.0 190.895235685
5160.0 191.26702244
5170.0 191.638811049
5180.0 192.010601425
5190.0 192.382393477
5200.0 192.754187118
5210.0 193.125982257
5220.0 193.497778807
5230.0 193.869576678
5240.0 194.241375782
5250.0 194.613176028
5260.0 194.984977329
5270.0 195.356779596
5280.0 195.72858274
5290.0 196.100386673
5300.0 196.472191305
5310.0 196.84399655
5320.0 197.215802318
5330.0 197.587608523
5340.0 197.959415076
5350.0 198.331221891
5360.0 198.703028879
5370.0 199.074835955
5380.0 199.446643032
5390.0 199.818450023
5400.0 200.190256844
5410.0 200.562063407
5420.0 200.93386963
5430.0 201.305675426
5440.0 201.677480711
5450.0 202.049285402
5460.0 202.421089415
5470.0 202.792892668
5480.0 203.164695077
5490.0 203.536496561
5500.0 203.908297039
5510.0 204.28009643
5520.0 204.651894653
5530.0 205.023691629
5540.0 205.395487279
5550.0 205.767281524
5560.0 206.139074285
5570.0 206.510865487
5580.0 206.882655052
5590.0 207.254442904
5600.0 207.626228968
5610.0 207.998013169
5620.0 208.369795434
5630.0 208.741575688
5640.0 209.113353861
5650.0 209.48512988
5660.0 209.856903674
5670.0 210.228675173
5680.0 210.600444307
5690.0 210.972211008
5700.0 211.343975209
5710.0 211.715736842
5720.0 212.08749584
5730.0 212.45925214
5740.0 212.831005676
5750.0 213.202756384
5760.0 213.574504203
5770.0 213.946249069
5780.0 214.317990923
5790.0 214.689729704
5800.0 215.061465353
5810.0 215.433197811
5820.0 215.804927022