0.0 0.0
120.0 4.49958570678
120.625 4.52204992279
121.25 4.54452289176
122.5 4.5894943993
123.75 4.63449889542
125.0 4.67953511457
126.25 4.72460185542
127.5 4.76969797705
128.75 4.81482239529
130.0 4.85997407942
131.25 4.905152049
132.5 4.95035537097
133.75 4.99558315691
135.0 5.0408345605
136.25 5.08610877514
137.5 5.13140503171
138.75 5.17672259647
140.0 5.22206076915
141.25 5.26741888106
142.5 5.31279629343
143.75 5.35819239574
145.0 5.40360660426
146.25 5.4490383606
147.5 5.49448713038
148.75 5.53995240199
150.0 5.58543368537
151.25 5.63093051097
152.5 5.67644242862
153.75 5.72196900662
155.0 5.76750983078
156.25 5.81306450352
157.5 5.85863264312
158.75 5.90421388285
160.0 5.94980787031
161.25 5.99541426671
162.5 6.0410327462
165.0 6.1323047122
167.5 6.223621398
170.0 6.31498060436
172.5 6.40638028763
175.0 6.49781854591
177.5 6.58929360662
180.0 6.68080381527
182.5 6.77234762547
185.0 6.86392358973
187.5 6.95553035137
190.0 7.04716663699
192.5 7.13883124986
195.0 7.23052306376
197.5 7.32224101753
200.0 7.41398410998
202.5 7.50575139538
205.0 7.59754197934
207.5 7.68935501495
210.0 7.7811896994
212.5 7.87304527081
215.0 7.96492100535
217.5 8.05681621459
220.0 8.14873024313
222.5 8.24066246637
225.0 8.33261228844
230.0 8.51656247854
235.0 8.70057655485
240.0 8.88465061424
245.0 9.06878106764
250.0 9.25296460476
255.0 9.43719816383
260.0 9.62147890551
265.0 9.80580419049
270.0 9.99017155999
275.0 10.1745787188
280.0 10.3590235204
285.0 10.5435039542
290.0 10.7280181338
295.0 10.912564287
300.0 11.097140747
305.0 11.2817459442
310.0 11.4663783989
315.0 11.6510367152
320.0 11.8357195751
330.0 12.2051540117
340.0 12.574672534
350.0 12.9442669225
360.0 13.3139298012
370.0 13.6836545415
380.0 14.0534351808
390.0 14.4232663506
400.0 14.7931432149
410.0 15.1630614148
420.0 15.5330170205
430.0 15.9030064879
440.0 16.2730266202
450.0 16.6430745332
460.0 17.0131476249
470.0 17.383243547
480.0 17.7533601807
490.0 18.1234956135
500.0 18.4936481192
510.0 18.8638161394
520.0 19.2339982674
530.0 19.6041932325
540.0 19.9743998875
550.0 20.3446171958
560.0 20.7148442208
570.0 21.085080116
580.0 21.4553241158
590.0 21.8255755281
600.0 22.1958337263
610.0 22.5660981435
620.0 22.936368266
630.0 23.3066436285
640.0 23.6769238089
650.0 24.0472084245
660.0 24.4174971278
670.0 24.787789603
680.0 25.1580855631
690.0 25.528384747
700.0 25.898686917
710.0 26.2689918563
720.0 26.6392993672
730.0 27.0096092694
740.0 27.379921398
750.0 27.750235602
760.0 28.1205517434
770.0 28.4908696956
780.0 28.8611893423
790.0 29.231510577
800.0 29.6018333015
810.0 29.9721574254
820.0 30.3424828656
830.0 30.7128095452
840.0 31.0831373933
850.0 31.4534663443
860.0 31.8237963375
870.0 32.1941273166
880.0 32.5644592294
890.0 32.9347920275
900.0 33.3051256657
910.0 33.6754601022
920.0 34.0457952978
930.0 34.4161312161
940.0 34.7864678231
950.0 35.1568050871
960.0 35.5271429783
970.0 35.897481469
980.0 36.2678205331
990.0 36.6381601462
1000.0 37.0085002854
1010.0 37.3788409294
1020.0 37.7491820578
1030.0 38.1195236518
1040.0 38.4898656937
1050.0 38.8602081666
1060.0 39.2305510548
1070.0 39.6008943436
1080.0 39.971238019
1090.0 40.3415820679
1100.0 40.7119264779
1110.0 41.0822712376
1120.0 41.452616336
1130.0 41.8229617627
1140.0 42.1933075083
1150.0 42.5636535635
1160.0 42.93399992
1170.0 43.3043465697
1180.0 43.6746935051
1190.0 44.0450407193
1200.0 44.4153882056
1210.0 44.7857359581
1220.0 45.1560839708
1230.0 45.5264322387
1240.0 45.8967807567
1250.0 46.2671295203
1260.0 46.6374785252
1270.0 47.0078277677
1280.0 47.3781772442
1290.0 47.7485269514
1300.0 48.1188768866
1310.0 48.489227047
1320.0 48.8595774303
1330.0 49.2299280345
1340.0 49.6002788579
1350.0 49.9706298988
1360.0 50.3409811562
1370.0 50.7113326289
1380.0 51.0816843162
1390.0 51.4520362177
1400.0 51.822388333
1410.0 52.1927406621
1420.0 52.5630932052
1430.0 52.9334459628
1440.0 53.3037989353
1450.0 53.6741521238
1460.0 54.0445055293
1470.0 54.414859153
1480.0 54.7852129965
1490.0 55.1555670614
1500.0 55.5259213496
1510.0 55.8962758633
1520.0 56.2666306047
1530.0 56.6369855764
1540.0 57.0073407811
1550.0 57.3776962217
1560.0 57.7480519012
1570.0 58.1184078231
1580.0 58.4887639908
1590.0 58.859120408
1600.0 59.2294770786
1610.0 59.5998340068
1620.0 59.9701911967
1630.0 60.340548653
1640.0 60.7109063802
1650.0 61.0812643834
1660.0 61.4516226676
1670.0 61.821981238
1680.0 62.1923401002
1690.0 62.5626992598
1700.0 62.9330587228
1710.0 63.3034184953
1720.0 63.6737785835
1730.0 64.044138994
1740.0 64.4144997336
1750.0 64.784860809
1760.0 65.1552222275
1770.0 65.5255839965
1780.0 65.8959461234
1790.0 66.2663086161
1800.0 66.6366714826
1810.0 67.0070347311
1820.0 67.37739837
1830.0 67.747762408
1840.0 68.1181268539
1850.0 68.488491717
1860.0 68.8588570065
1870.0 69.229222732
1880.0 69.5995889033
1890.0 69.9699555304
1900.0 70.3403226237
1910.0 70.7106901936
1920.0 71.0810582509
1930.0 71.4514268067
1940.0 71.821795872
1950.0 72.1921654586
1960.0 72.562535578
1970.0 72.9329062423
1980.0 73.3032774638
1990.0 73.673649255
2000.0 74.0440216286
2010.0 74.4143945977
2020.0 74.7847681756
2030.0 75.1551423758
2040.0 75.5255172123
2050.0 75.8958926991
2060.0 76.2662688506
2070.0 76.6366456815
2080.0 77.0070232067
2090.0 77.3774014415
2100.0 77.7477804013
2110.0 78.1181601021
2120.0 78.4885405598
2130.0 78.858921791
2140.0 79.2293038121
2150.0 79.5996866403
2160.0 79.9700702929
2170.0 80.3404547873
2180.0 80.7108401415
2190.0 81.0812263737
2200.0 81.4516135024
2210.0 81.8220015464
2220.0 82.1923905248
2230.0 82.5627804571
2240.0 82.9331713631
2250.0 83.3035632628
2260.0 83.6739561766
2270.0 84.0443501253
2280.0 84.4147451299
2290.0 84.7851412119
2300.0 85.1555383929
2310.0 85.525936695
2320.0 85.8963361406
2330.0 86.2667367523
2340.0 86.6371385534
2350.0 87.0075415671
2360.0 87.3779458172
2370.0 87.7483513279
2380.0 88.1187581234
2390.0 88.4891662287
2400.0 88.8595756688
2410.0 89.2299864692
2420.0 89.6003986558
2430.0 89.9708122547
2440.0 90.3412272924
2450.0 90.7116437958
2460.0 91.0820617922
2470.0 91.4524813092
2480.0 91.8229023746
2490.0 92.1933250169
2500.0 92.5637492646
2510.0 92.9341751469
2520.0 93.304602693
2530.0 93.6750319327
2540.0 94.0454628961
2550.0 94.4158956136
2560.0 94.7863301161
2570.0 95.1567664348
2580.0 95.5272046012
2590.0 95.8976446471
2600.0 96.2680866049
2610.0 96.638530507
2620.0 97.0089763866
2630.0 97.3794242769
2640.0 97.7498742115
2650.0 98.1203262246
2660.0 98.4907803504
2670.0 98.8612366238
2680.0 99.2316950798
2690.0 99.6021557538
2700.0 99.9726186816
2710.0 100.343083899
2720.0 100.713551444
2730.0 101.084021351
2740.0 101.454493659
2750.0 101.824968405
2760.0 102.195445626
2770.0 102.565925361
2780.0 102.936407649
2790.0 103.306892527
2800.0 103.677380036
2810.0 104.047870215
2820.0 104.418363103
2830.0 104.78885874
2840.0 105.159357168
2850.0 105.529858426
2860.0 105.900362556
2870.0 106.270869599
2880.0 106.641379596
2890.0 107.01189259
2900.0 107.382408622
2910.0 107.752927735
2920.0 108.123449972
2930.0 108.493975376
2940.0 108.864503989
2950.0 109.235035856
2960.0 109.60557102
2970.0 109.976109526
2980.0 110.346651417
2990.0 110.717196737
3000.0 111.087745532
3010.0 111.458297847
3020.0 111.828853727
3030.0 112.199413216
3040.0 112.569976362
3050.0 112.940543208
3060.0 113.311113802
3070.0 113.681688189
3080.0 114.052266416
3090.0 114.422848528
3100.0 114.793434574
3110.0 115.164024599
3120.0 115.53461865
3130.0 115.905216775
3140.0 116.27581902
3150.0 116.646425433
3160.0 117.017036062
3170.0 117.387650952
3180.0 117.758270153
3190.0 118.128893712
3200.0 118.499521676
3210.0 118.870154093
3220.0 119.240791011
3230.0 119.611432478
3240.0 119.982078541
3250.0 120.352729249
3260.0 120.723384649
3270.0 121.09404479
3280.0 121.464709718
3290.0 121.835379482
3300.0 122.20605413
3310.0 122.57673371
3320.0 122.947418268
3330.0 123.318107853
3340.0 123.688802512
3350.0 124.059502293
3360.0 124.430207242
3370.0 124.800917408
3380.0 125.171632837
3390.0 125.542353575
3400.0 125.913079671
3410.0 126.283811169
3420.0 126.654548118
3430.0 127.025290562
3440.0 127.396038548
3450.0 127.766792122
3460.0 128.137551329
3470.0 128.508316214
3480.0 128.879086823
3490.0 129.2498632
3500.0 129.62064539
3510.0 129.991433437
3520.0 130.362227384
3530.0 130.733027275
3540.0 131.103833154
3550.0 131.474645063
3560.0 131.845463045
3570.0 132.216287141
3580.0 132.587117394
3590.0 132.957953844
3600.0 133.328796533
3610.0 133.699645501
3620.0 134.070500787
3630.0 134.441362431
3640.0 134.812230473
3650.0 135.18310495
3660.0 135.553985901
3670.0 135.924873364
3680.0 136.295767374
3690.0 136.666667968
3700.0 137.037575183
3710.0 137.408489054
3720.0 137.779409614
3730.0 138.150336899
3740.0 138.521270941
3750.0 138.892211773
3760.0 139.263159428
3770.0 139.634113936
3780.0 140.00507533
3790.0 140.376043638
3800.0 140.74701889
3810.0 141.118001115
3820.0 141.488990341
3830.0 141.859986595
3840.0 142.230989903
3850.0 142.602000292
3860.0 142.973017785
3870.0 143.344042408
3880.0 143.715074184
3890.0 144.086113134
3900.0 144.457159281
3910.0 144.828212646
3920.0 145.199273248
3930.0 145.570341106
3940.0 145.94141624
3950.0 146.312498665
3960.0 146.683588399
3970.0 147.054685458
3980.0 147.425789855
3990.0 147.796901604
4000.0 148.168020719
4010.0 148.53914721
4020.0 148.910281089
4030.0 149.281422366
4040.0 149.652571049
4050.0 150.023727146
4060.0 150.394890665
4070.0 150.76606161
4080.0 151.137239988
4090.0 151.5084258
4100.0 151.879619052
4110.0 152.250819743
4120.0 152.622027875
4130.0 152.993243448
4140.0 153.364466459
4150.0 153.735696907
4160.0 154.106934787
4170.0 154.478180096
4180.0 154.849432827
4190.0 155.220692973
4200.0 155.591960527
4210.0 155.963235479
4220.0 156.33451782
4230.0 156.705807537
4240.0 157.077104618
4250.0 157.44840905
4260.0 157.819720818
4270.0 158.191039907
4280.0 158.562366298
4290.0 158.933699975
4300.0 159.305040917
4310.0 159.676389105
4320.0 160.047744517
4330.0 160.41910713
4340.0 160.790476921
4350.0 161.161853864
4360.0 161.533237933
4370.0 161.904629102
4380.0 162.276027341
4390.0 162.647432621
4400.0 163.018844911
4410.0 163.39026418
4420.0 163.761690394
4430.0 164.13312352
4440.0 164.504563522
4450.0 164.876010363
4460.0 165.247464007
4470.0 165.618924414
4480.0 165.990391545
4490.0 166.361865359
4500.0 166.733345814
4510.0 167.104832867
4520.0 167.476326473
4530.0 167.847826588
4540.0 168.219333164
4550.0 168.590846155
4560.0 168.962365512
4570.0 169.333891185
4580.0 169.705423124
4590.0 170.076961276
4600.0 170.44850559
4610.0 170.820056011
4620.0 171.191612484
4630.0 171.563174954
4640.0 171.934743364
4650.0 172.306317656
4660.0 172.677897771
4670.0 173.04948365
4680.0 173.421075231
4690.0 173.792672453
4700.0 174.164275253
4710.0 174.535883568
4720.0 174.907497333
4730.0 175.279116483
4740.0 175.650740952
4750.0 176.022370672
4760.0 176.394005576
4770.0 176.765645594
4780.0 177.137290657
4790.0 177.508940695
4800.0 177.880595636
4810.0 178.252255409
4820.0 178.623919939
4830.0 178.995589155
4840.0 179.367262982
4850.0 179.738941344
4860.0 180.110624166
4870.0 180.482311373
4880.0 180.854002886
4890.0 181.225698617
4900.0 181.597398506
4910.0 181.969102463
4920.0 182.340810409
4930.0 182.712522264
4940.0 183.084237947
4950.0 183.455957378
4960.0 183.827680473
4970.0 184.199407151
4980.0 184.571137329
4990.0 184.942870923
5000.0 185.31460785
5010.0 185.686348024
5020.0 186.058091363
5030.0 186.429837779
5040.0 186.801587189
5050.0 187.173339505
5060.0 187.545094641
5070.0 187.916852512
5080.0 188.28861303
5090.0 188.660376107
5100.0 189.032141657
5110.0 189.403909592
5120.0 189.775679824
5130.0 190.147452265
5140.0 190.519226826
5150.0 190.891003419
5160.0 191.262781956
5170.0 191.634562347
5180.0 192.006344504
5190.0 192.378128339
5200.0 192.749913761
5210.0 193.121700683
5220.0 193.493489015
5230.0 193.865278668
5240.0 194.237069553
5250.0 194.608861582
5260.0 194.980654665
5270.0 195.352448714
5280.0 195.72424364
5290.0 196.096039354
5300.0 196.467835769
5310.0 196.839632795
5320.0 197.211430346
5330.0 197.583228333
5340.0 197.955026668
5350.0 198.326825264
5360.0 198.698624035
5370.0 199.070422893
5380.0 199.442221751
5390.0 199.814020525
5400.0 200.185819127
5410.0 200.557617473
5420.0 200.929415477
5430.0 201.301213055
5440.0 201.673010123
5450.0 202.044806596
5460.0 202.416602391
5470.0 202.788397425
5480.0 203.160191617
5490.0 203.531984883
5500.0 203.903777143
5510.0 204.275568316
5520.0 204.647358321
5530.0 205.019147079
5540.0 205.390934511
5550.0 205.762720537
5560.0 206.134505081
5570.0 206.506288065
5580.0 206.878069412
5590.0 207.249849046
5600.0 207.621626892
5610.0 207.993402875
5620.0 208.365176921
5630.0 208.736948958
5640.0 209.108718913
5650.0 209.480486714
5660.0 209.85225229
5670.0 210.224015571
5680.0 210.595776487
5690.0 210.96753497
5700.0 211.339290953
5710.0 211.711044368
5720.0 212.082795148
5730.0 212.45454323
5740.0 212.826288548
5750.0 213.198031038
5760.0 213.569770639
5770.0 213.941507287
5780.0 214.313240923
5790.0 214.684971486
5800.0 215.056698917
5810.0 215.428423157
5820.0 215.80014415