0.0 0.0
120.0 4.50148090869
120.625 4.52395499484
121.25 4.54643783395
122.5 4.59142908172
123.75 4.63645331804
125.0 4.68150927735
126.25 4.72659575833
127.5 4.77171162004
128.75 4.81685577834
130.0 4.86202720248
131.25 4.90722491204
132.5 4.95244797395
133.75 4.99769549979
135.0 5.04296664325
136.25 5.08826059772
137.5 5.13357659408
138.75 5.17891389859
140.0 5.22427181098
141.25 5.26964966257
142.5 5.31504681457
143.75 5.36046265647
145.0 5.40589660455
146.25 5.4513481004
147.5 5.49681660966
148.75 5.5423016207
150.0 5.58780264348
151.25 5.63331920842
152.5 5.67885086539
153.75 5.72439718266
155.0 5.76995774604
156.25 5.81553215798
157.5 5.86112003671
158.75 5.90672101555
160.0 5.95233474207
161.25 5.99796087748
162.5 6.04359909594
165.0 6.13491053975
167.5 6.22626670319
170.0 6.31766538701
172.5 6.40910454756
175.0 6.50058228294
177.5 6.59209682055
180.0 6.68364650593
182.5 6.77522979266
185.0 6.86684523327
187.5 6.95849147105
190.0 7.05016723262
192.5 7.14187132125
195.0 7.23360261071
197.5 7.32536003982
200.0 7.41714260741
202.5 7.50894936775
205.0 7.60077942643
207.5 7.69263193655
210.0 7.7845060953
212.5 7.87640114079
215.0 7.96831634918
217.5 8.06025103206
220.0 8.15220453401
222.5 8.24417623041
225.0 8.33616552544
230.0 8.52019466073
235.0 8.70428768126
240.0 8.88844068389
245.0 9.07265007954
250.0 9.25691255788
255.0 9.44122505711
260.0 9.62558473788
265.0 9.80998896085
270.0 9.99443526721
275.0 10.1789213617
280.0 10.3634450979
285.0 10.548004465
290.0 10.7325975767
295.0 10.9172226607
300.0 11.1018780503
305.0 11.2865621757
310.0 11.4712735572
315.0 11.6560107991
320.0 11.840772583
330.0 12.2103648635
340.0 12.5800412236
350.0 12.9497934437
360.0 13.3196141473
370.0 13.6894967057
380.0 14.0594351558
390.0 14.4294241291
400.0 14.799458789
410.0 15.1695347764
420.0 15.5396481611
430.0 15.9097953986
440.0 16.2799732917
450.0 16.6501789559
460.0 17.0204097887
470.0 17.3906634416
480.0 17.7609377951
490.0 18.1312309363
500.0 18.5015411385
510.0 18.8718668429
520.0 19.2422066422
530.0 19.6125592654
540.0 19.9829235644
550.0 20.3532985023
560.0 20.7236831418
570.0 21.0940766357
580.0 21.4644782181
590.0 21.8348871958
600.0 22.2053029419
610.0 22.5757248886
620.0 22.9461525215
630.0 23.3165853746
640.0 23.687023025
650.0 24.0574650892
660.0 24.4279112188
670.0 24.7983610972
680.0 25.1688144366
690.0 25.5392709748
700.0 25.9097304732
710.0 26.2801927141
720.0 26.6506574988
730.0 27.0211246457
740.0 27.391593989
750.0 27.7620653767
760.0 28.1325386694
770.0 28.5030137393
780.0 28.8734904692
790.0 29.2439687509
800.0 29.614448485
810.0 29.9849295799
820.0 30.3554119508
830.0 30.7258955196
840.0 31.0963802138
850.0 31.4668659663
860.0 31.8373527146
870.0 32.207840401
880.0 32.5783289715
890.0 32.9488183758
900.0 33.3193085672
910.0 33.6897995016
920.0 34.0602911383
930.0 34.4307834386
940.0 34.8012763667
950.0 35.1717698885
960.0 35.5422639722
970.0 35.9127585877
980.0 36.2832537068
990.0 36.6537493026
1000.0 37.0242453498
1010.0 37.3947418243
1020.0 37.7652387035
1030.0 38.1357359657
1040.0 38.5062335903
1050.0 38.8767315578
1060.0 39.2472298495
1070.0 39.6177284476
1080.0 39.988227335
1090.0 40.3587264955
1100.0 40.7292259134
1110.0 41.0997255737
1120.0 41.4702254621
1130.0 41.8407255647
1140.0 42.2112258682
1150.0 42.5817263597
1160.0 42.9522270269
1170.0 43.3227278577
1180.0 43.6932288405
1190.0 44.0637299641
1200.0 44.4342312176
1210.0 44.8047325904
1220.0 45.1752340722
1230.0 45.545735653
1240.0 45.9162373229
1250.0 46.2867390726
1260.0 46.6572408926
1270.0 47.0277427739
1280.0 47.3982447074
1290.0 47.7687466845
1300.0 48.1392486966
1310.0 48.5097507352
1320.0 48.880252792
1330.0 49.2507548588
1340.0 49.6212569275
1350.0 49.9917589901
1360.0 50.3622610388
1370.0 50.7327630658
1380.0 51.1032650632
1390.0 51.4737670236
1400.0 51.8442689391
1410.0 52.2147708023
1420.0 52.5852726056
1430.0 52.9557743415
1440.0 53.3262760025
1450.0 53.6967775812
1460.0 54.0672790701
1470.0 54.4377804618
1480.0 54.8082817488
1490.0 55.1787829236
1500.0 55.5492839788
1510.0 55.9197849068
1520.0 56.2902857001
1530.0 56.6607863512
1540.0 57.0312868524
1550.0 57.4017871961
1560.0 57.7722873746
1570.0 58.1427873801
1580.0 58.5132872048
1590.0 58.8837868409
1600.0 59.2542862803
1610.0 59.6247855151
1620.0 59.9952845371
1630.0 60.3657833382
1640.0 60.73628191
1650.0 61.1067802442
1660.0 61.4772783324
1670.0 61.8477761659
1680.0 62.218273736
1690.0 62.588771034
1700.0 62.959268051
1710.0 63.329764778
1720.0 63.7002612057
1730.0 64.070757325
1740.0 64.4412531263
1750.0 64.8117486002
1760.0 65.182243737
1770.0 65.5527385269
1780.0 65.9232329599
1790.0 66.2937270258
1800.0 66.6642207143
1810.0 67.0347140151
1820.0 67.4052069176
1830.0 67.7756994109
1840.0 68.1461914842
1850.0 68.5166831262
1860.0 68.8871743258
1870.0 69.2576650714
1880.0 69.6281553514
1890.0 69.998645154
1900.0 70.369134467
1910.0 70.7396232784
1920.0 71.1101115755
1930.0 71.4805993459
1940.0 71.8510865765
1950.0 72.2215732545
1960.0 72.5920593665
1970.0 72.962544899
1980.0 73.3330298383
1990.0 73.7035141706
2000.0 74.0739978815
2010.0 74.4444809567
2020.0 74.8149633817
2030.0 75.1854451415
2040.0 75.555926221
2050.0 75.9264066048
2060.0 76.2968862775
2070.0 76.667365223
2080.0 77.0378434254
2090.0 77.4083208681
2100.0 77.7787975347
2110.0 78.1492734082
2120.0 78.5197484715
2130.0 78.8902227071
2140.0 79.2606960973
2150.0 79.6311686242
2160.0 80.0016402695
2170.0 80.3721110146
2180.0 80.7425808407
2190.0 81.1130497287
2200.0 81.4835176592
2210.0 81.8539846125
2220.0 82.2244505686
2230.0 82.5949155072
2240.0 82.9653794077
2250.0 83.3358422492
2260.0 83.7063040105
2270.0 84.07676467
2280.0 84.4472242059
2290.0 84.8176825961
2300.0 85.1881398181
2310.0 85.5585958491
2320.0 85.929050666
2330.0 86.2995042454
2340.0 86.6699565635
2350.0 87.0404075963
2360.0 87.4108573192
2370.0 87.7813057076
2380.0 88.1517527365
2390.0 88.5221983802
2400.0 88.8926426132
2410.0 89.2630854094
2420.0 89.6335267422
2430.0 90.0039665849
2440.0 90.3744049104
2450.0 90.7448416913
2460.0 91.1152768997
2470.0 91.4857105074
2480.0 91.8561424861
2490.0 92.2265728067
2500.0 92.5970014402
2510.0 92.967428357
2520.0 93.3378535271
2530.0 93.7082769203
2540.0 94.0786985061
2550.0 94.4491182534
2560.0 94.819536131
2570.0 95.1899521072
2580.0 95.56036615
2590.0 95.930778227
2600.0 96.3011883055
2610.0 96.6715963525
2620.0 97.0420023344
2630.0 97.4124062177
2640.0 97.7828079681
2650.0 98.1532075511
2660.0 98.523604932
2670.0 98.8940000757
2680.0 99.2643929465
2690.0 99.6347835087
2700.0 100.005171726
2710.0 100.375557562
2720.0 100.74594098
2730.0 101.116321942
2740.0 101.486700411
2750.0 101.85707635
2760.0 102.227449719
2770.0 102.597820481
2780.0 102.968188596
2790.0 103.338554026
2800.0 103.70891673
2810.0 104.07927667
2820.0 104.449633804
2830.0 104.819988093
2840.0 105.190339496
2850.0 105.560687971
2860.0 105.931033478
2870.0 106.301375974
2880.0 106.671715419
2890.0 107.042051768
2900.0 107.412384981
2910.0 107.782715014
2920.0 108.153041825
2930.0 108.523365369
2940.0 108.893685604
2950.0 109.264002485
2960.0 109.634315969
2970.0 110.004626011
2980.0 110.374932566
2990.0 110.745235591
3000.0 111.115535039
3010.0 111.485830866
3020.0 111.856123026
3030.0 112.226411473
3040.0 112.596696162
3050.0 112.966977047
3060.0 113.337254081
3070.0 113.707527217
3080.0 114.077796411
3090.0 114.448061614
3100.0 114.818322779
3110.0 115.188579861
3120.0 115.55883281
3130.0 115.929081582
3140.0 116.299326126
3150.0 116.669566398
3160.0 117.039802347
3170.0 117.410033928
3180.0 117.780261092
3190.0 118.150483791
3200.0 118.520701977
3210.0 118.890915602
3220.0 119.261124619
3230.0 119.631328979
3240.0 120.001528633
3250.0 120.371723535
3260.0 120.741913635
3270.0 121.112098885
3280.0 121.482279238
3290.0 121.852454646
3300.0 122.22262506
3310.0 122.592790432
3320.0 122.962950715
3330.0 123.33310586
3340.0 123.70325582
3350.0 124.073400547
3360.0 124.443539993
3370.0 124.813674112
3380.0 125.183802856
3390.0 125.553926177
3400.0 125.924044029
3410.0 126.294156364
3420.0 126.664263137
3430.0 127.034364301
3440.0 127.404459809
3450.0 127.774549615
3460.0 128.144633675
3470.0 128.514711941
3480.0 128.884784369
3490.0 129.254850914
3500.0 129.624911532
3510.0 129.994966177
3520.0 130.365014806
3530.0 130.735057375
3540.0 131.10509384
3550.0 131.475124159
3560.0 131.845148288
3570.0 132.215166186
3580.0 132.58517781
3590.0 132.95518312
3600.0 133.325182073
3610.0 133.69517463
3620.0 134.06516075
3630.0 134.435140393
3640.0 134.80511352
3650.0 135.175080093
3660.0 135.545040073
3670.0 135.914993423
3680.0 136.284940105
3690.0 136.654880083
3700.0 137.02481332
3710.0 137.394739782
3720.0 137.764659433
3730.0 138.134572239
3740.0 138.504478166
3750.0 138.874377182
3760.0 139.244269254
3770.0 139.61415435
3780.0 139.984032439
3790.0 140.353903491
3800.0 140.723767477
3810.0 141.093624367
3820.0 141.463474133
3830.0 141.833316747
3840.0 142.203152184
3850.0 142.572980416
3860.0 142.94280142
3870.0 143.312615169
3880.0 143.682421642
3890.0 144.052220815
3900.0 144.422012666
3910.0 144.791797175
3920.0 145.16157432
3930.0 145.531344083
3940.0 145.901106444
3950.0 146.270861388
3960.0 146.640608896
3970.0 147.010348953
3980.0 147.380081545
3990.0 147.749806656
4000.0 148.119524275
4010.0 148.489234389
4020.0 148.858936987
4030.0 149.22863206
4040.0 149.598319597
4050.0 149.967999591
4060.0 150.337672035
4070.0 150.707336922
4080.0 151.076994248
4090.0 151.446644008
4100.0 151.816286199
4110.0 152.18592082
4120.0 152.55554787
4130.0 152.925167348
4140.0 153.294779255
4150.0 153.664383595
4160.0 154.03398037
4170.0 154.403569585
4180.0 154.773151246
4190.0 155.142725358
4200.0 155.51229193
4210.0 155.88185097
4220.0 156.251402489
4230.0 156.620946497
4240.0 156.990483007
4250.0 157.360012032
4260.0 157.729533586
4270.0 158.099047685
4280.0 158.468554346
4290.0 158.838053586
4300.0 159.207545425
4310.0 159.577029882
4320.0 159.946506979
4330.0 160.315976738
4340.0 160.685439183
4350.0 161.054894339
4360.0 161.424342231
4370.0 161.793782886
4380.0 162.163216332
4390.0 162.532642599
4400.0 162.902061717
4410.0 163.271473718
4420.0 163.640878634
4430.0 164.010276499
4440.0 164.379667348
4450.0 164.749051217
4460.0 165.118428144
4470.0 165.487798167
4480.0 165.857161325
4490.0 166.226517658
4500.0 166.595867209
4510.0 166.965210021
4520.0 167.334546136
4530.0 167.703875601
4540.0 168.073198461
4550.0 168.442514764
4560.0 168.811824557
4570.0 169.18112789
4580.0 169.550424813
4590.0 169.919715378
4600.0 170.288999637
4610.0 170.658277643
4620.0 171.027549452
4630.0 171.396815118
4640.0 171.766074699
4650.0 172.13532825
4660.0 172.504575832
4670.0 172.873817504
4680.0 173.243053326
4690.0 173.612283358
4700.0 173.981507665
4710.0 174.350726308
4720.0 174.719939353
4730.0 175.089146863
4740.0 175.458348905
4750.0 175.827545546
4760.0 176.196736853
4770.0 176.565922895
4780.0 176.935103742
4790.0 177.304279462
4800.0 177.673450127
4810.0 178.042615809
4820.0 178.411776581
4830.0 178.780932514
4840.0 179.150083684
4850.0 179.519230165
4860.0 179.888372031
4870.0 180.25750936
4880.0 180.626642227
4890.0 180.995770721
4900.0 181.364894902
4910.0 181.734014859
4920.0 182.103130671
4930.0 182.472242417
4940.0 182.841350178
4950.0 183.210454035
4960.0 183.579554069
4970.0 183.948650362
4980.0 184.317742997
4990.0 184.686832056
5000.0 185.055917624
5010.0 185.424999784
5020.0 185.79407862
5030.0 186.163154217
5040.0 186.53222666
5050.0 186.901296035
5060.0 187.270362428
5070.0 187.639425924
5080.0 188.008486611
5090.0 188.377544574
5100.0 188.746599901
5110.0 189.11565268
5120.0 189.484702996
5130.0 189.853750939
5140.0 190.222796597
5150.0 190.591840056
5160.0 190.960881405
5170.0 191.329920733
5180.0 191.698958127
5190.0 192.067993677
5200.0 192.43702747
5210.0 192.806059595
5220.0 193.175090141
5230.0 193.544119196
5240.0 193.913146849
5250.0 194.282173187
5260.0 194.6511983
5270.0 195.020222276
5280.0 195.389245202
5290.0 195.758267166
5300.0 196.127288258
5310.0 196.496308564
5320.0 196.865328171
5330.0 197.234347167
5340.0 197.60336564
5350.0 197.972383675
5360.0 198.34140136
5370.0 198.710418781
5380.0 199.079436023
5390.0 199.448453172
5400.0 199.817470314
5410.0 200.186487533
5420.0 200.555504913
5430.0 200.92452254
5440.0 201.293540496
5450.0 201.662558865
5460.0 202.03157773
5470.0 202.400597172
5480.0 202.769617275
5490.0 203.138638118
5500.0 203.507659783
5510.0 203.87668235
5520.0 204.245705898
5530.0 204.614730508
5540.0 204.983756256
5550.0 205.352783222
5560.0 205.721811482
5570.0 206.090841113
5580.0 206.459872191
5590.0 206.828904792
5600.0 207.197938989
5610.0 207.566974857
5620.0 207.93601247
5630.0 208.305051898
5640.0 208.674093215
5650.0 209.043136491
5660.0 209.412181797
5670.0 209.781229201
5680.0 210.150278773
5690.0 210.519330581
5700.0 210.88838469
5710.0 211.257441169
5720.0 211.626500081
5730.0 211.995561491
5740.0 212.364625464
5750.0 212.733692062
5760.0 213.102761347
5770.0 213.471833379
5780.0 213.840908219
5790.0 214.209985927
5800.0 214.57906656
5810.0 214.948150176
5820.0 215.317236831