0.0 0.0
120.0 4.50093488793
120.625 4.52340613022
121.25 4.54588612547
122.5 4.59087168552
123.75 4.63589023413
125.0 4.68094050572
126.25 4.72602129898
127.5 4.77113147298
128.75 4.81626994356
130.0 4.86143567999
131.25 4.90662770183
132.5 4.95184507602
133.75 4.99708691415
135.0 5.0423523699
136.25 5.08764063665
137.5 5.13295094529
138.75 5.17828256209
140.0 5.22363478676
141.25 5.26900695063
142.5 5.31439841491
143.75 5.3598085691
145.0 5.40523682946
146.25 5.4506826376
147.5 5.49614545914
148.75 5.54162478246
150.0 5.58712011753
151.25 5.63263099476
152.5 5.678156964
153.75 5.72369759356
155.0 5.76925246923
156.25 5.81482119344
157.5 5.86040338446
158.75 5.90599867558
160.0 5.95160671439
161.25 5.99722716208
162.5 6.04285969283
165.0 6.1341597612
167.5 6.22550454921
170.0 6.3168918576
172.5 6.40831964272
175.0 6.49978600266
177.5 6.59128916484
180.0 6.68282747479
182.5 6.77439938609
185.0 6.86600345126
187.5 6.95763831361
190.0 7.04930269975
192.5 7.14099541294
195.0 7.23271532697
197.5 7.32446138065
200.0 7.41623257281
202.5 7.50802795772
205.0 7.59984664097
207.5 7.69168777565
210.0 7.78355055897
212.5 7.87543422903
215.0 7.96733806198
217.5 8.05926136943
220.0 8.15120349594
222.5 8.24316381692
225.0 8.33514173651
230.0 8.51914812093
235.0 8.70321839061
240.0 8.88734864237
245.0 9.07153528715
250.0 9.25577501463
255.0 9.44006476299
260.0 9.62440169289
265.0 9.808783165
270.0 9.9932067205
275.0 10.1776700641
280.0 10.3621710494
285.0 10.5467076657
290.0 10.7312780265
295.0 10.9158803597
300.0 11.1005129984
305.0 11.2851743729
310.0 11.4698630036
315.0 11.6545774946
320.0 11.8393165277
330.0 12.2088633064
340.0 12.5784941648
350.0 12.9482008831
360.0 13.317976085
370.0 13.6878131417
380.0 14.0577060901
390.0 14.4276495616
400.0 14.7976387198
410.0 15.1676692054
420.0 15.5377370884
430.0 15.9078388242
440.0 16.2779712156
450.0 16.6481313781
460.0 17.0183167092
470.0 17.3885248603
480.0 17.758753712
490.0 18.1290013515
500.0 18.499266052
510.0 18.8695462547
520.0 19.2398405523
530.0 19.6101476737
540.0 19.980466471
550.0 20.3507959072
560.0 20.7211350449
570.0 21.0914830371
580.0 21.4618391177
590.0 21.8322025938
600.0 22.2025728381
610.0 22.5729492831
620.0 22.9433314143
630.0 23.3137187656
640.0 23.6841109143
650.0 24.0545074768
660.0 24.4249081046
670.0 24.7953124813
680.0 25.165720319
690.0 25.5361313555
700.0 25.9065453521
710.0 26.2769620913
720.0 26.6473813742
730.0 27.0178030194
740.0 27.388226861
750.0 27.7586527469
760.0 28.1290805379
770.0 28.4995101061
780.0 28.8699413342
790.0 29.2403741142
800.0 29.6108083466
810.0 29.9812439397
820.0 30.351680809
830.0 30.722118876
840.0 31.0925580685
850.0 31.4629983192
860.0 31.8334395658
870.0 32.2038817505
880.0 32.5743248192
890.0 32.9447687219
900.0 33.3152134114
910.0 33.6856588442
920.0 34.0561049791
930.0 34.4265517777
940.0 34.796999204
950.0 35.1674472241
960.0 35.5378958061
970.0 35.9083449199
980.0 36.2787945373
990.0 36.6492446313
1000.0 37.0196951768
1010.0 37.3901461496
1020.0 37.7605975271
1030.0 38.1310492875
1040.0 38.5015014104
1050.0 38.8719538762
1060.0 39.2424066661
1070.0 39.6128597625
1080.0 39.9833131482
1090.0 40.3537668069
1100.0 40.7242207231
1110.0 41.0946748817
1120.0 41.4651292684
1130.0 41.8355838692
1140.0 42.206038671
1150.0 42.5764936608
1160.0 42.9469488262
1170.0 43.3174041553
1180.0 43.6878596363
1190.0 44.0583152582
1200.0 44.42877101
1210.0 44.799226881
1220.0 45.1696828611
1230.0 45.5401389402
1240.0 45.9105951084
1250.0 46.2810513563
1260.0 46.6515076746
1270.0 47.0219640541
1280.0 47.392420486
1290.0 47.7628769613
1300.0 48.1333334717
1310.0 48.5037900085
1320.0 48.8742465636
1330.0 49.2447031287
1340.0 49.6151596956
1350.0 49.9856162566
1360.0 50.3560728035
1370.0 50.7265293288
1380.0 51.0969858245
1390.0 51.4674422831
1400.0 51.8378986969
1410.0 52.2083550583
1420.0 52.5788113599
1430.0 52.9492675941
1440.0 53.3197237534
1450.0 53.6901798303
1460.0 54.0606358175
1470.0 54.4310917075
1480.0 54.8015474927
1490.0 55.1720031658
1500.0 55.5424587192
1510.0 55.9129141455
1520.0 56.2833694371
1530.0 56.6538245865
1540.0 57.024279586
1550.0 57.3947344279
1560.0 57.7651891047
1570.0 58.1356436085
1580.0 58.5060979315
1590.0 58.8765520658
1600.0 59.2470060035
1610.0 59.6174597365
1620.0 59.9879132568
1630.0 60.3583665562
1640.0 60.7288196263
1650.0 61.0992724588
1660.0 61.4697250452
1670.0 61.8401773769
1680.0 62.2106294454
1690.0 62.5810812417
1700.0 62.9515327569
1710.0 63.3219839821
1720.0 63.6924349081
1730.0 64.0628855256
1740.0 64.4333358253
1750.0 64.8037857975
1760.0 65.1742354325
1770.0 65.5446847207
1780.0 65.9151336519
1790.0 66.2855822161
1800.0 66.6560304029
1810.0 67.026478202
1820.0 67.3969256027
1830.0 67.7673725943
1840.0 68.1378191658
1850.0 68.5082653061
1860.0 68.878711004
1870.0 69.2491562479
1880.0 69.6196010262
1890.0 69.990045327
1900.0 70.3604891383
1910.0 70.7309324479
1920.0 71.1013752433
1930.0 71.4718175119
1940.0 71.8422592409
1950.0 72.2127004171
1960.0 72.5831410274
1970.0 72.9535810582
1980.0 73.3240204958
1990.0 73.6944593263
2000.0 74.0648975355
2010.0 74.435335109
2020.0 74.8057720322
2030.0 75.1762082903
2040.0 75.546643868
2050.0 75.9170787502
2060.0 76.2875129211
2070.0 76.6579463649
2080.0 77.0283790655
2090.0 77.3988110065
2100.0 77.7692421714
2110.0 78.1396725432
2120.0 78.5101021047
2130.0 78.8805308386
2140.0 79.2509587271
2150.0 79.6213857522
2160.0 79.9918118958
2170.0 80.3622371391
2180.0 80.7326614635
2190.0 81.1030848498
2200.0 81.4735072786
2210.0 81.8439287302
2220.0 82.2143491846
2230.0 82.5847686214
2240.0 82.9551870202
2250.0 83.3256043599
2260.0 83.6960206194
2270.0 84.0664357772
2280.0 84.4368498114
2290.0 84.8072626999
2300.0 85.1776744202
2310.0 85.5480849494
2320.0 85.9184942646
2330.0 86.2889023423
2340.0 86.6593091587
2350.0 87.0297146897
2360.0 87.4001189109
2370.0 87.7705217976
2380.0 88.1409233247
2390.0 88.5113234667
2400.0 88.881722198
2410.0 89.2521194924
2420.0 89.6225153235
2430.0 89.9929096645
2440.0 90.3633024883
2450.0 90.7336937674
2460.0 91.1040834741
2470.0 91.4744715801
2480.0 91.844858057
2490.0 92.2152428759
2500.0 92.5856260077
2510.0 92.9560074227
2520.0 93.3263870911
2530.0 93.6967649826
2540.0 94.0671410667
2550.0 94.4375153123
2560.0 94.8078876881
2570.0 95.1782581626
2580.0 95.5486267036
2590.0 95.9189932789
2600.0 96.2893578557
2610.0 96.6597204009
2620.0 97.0300808811
2630.0 97.4004392627
2640.0 97.7707955113
2650.0 98.1411495926
2660.0 98.5115014718
2670.0 98.8818511137
2680.0 99.2521984828
2690.0 99.6225435433
2700.0 99.9928862589
2710.0 100.363226593
2720.0 100.733564509
2730.0 101.10389997
2740.0 101.474232937
2750.0 101.844563374
2760.0 102.214891242
2770.0 102.585216502
2780.0 102.955539115
2790.0 103.325859043
2800.0 103.696176246
2810.0 104.066490684
2820.0 104.436802316
2830.0 104.807111104
2840.0 105.177417005
2850.0 105.547719978
2860.0 105.918019983
2870.0 106.288316978
2880.0 106.65861092
2890.0 107.028901768
2900.0 107.399189479
2910.0 107.769474011
2920.0 108.13975532
2930.0 108.510033362
2940.0 108.880308095
2950.0 109.250579475
2960.0 109.620847457
2970.0 109.991111997
2980.0 110.361373051
2990.0 110.731630573
3000.0 111.10188452
3010.0 111.472134845
3020.0 111.842381503
3030.0 112.212624449
3040.0 112.582863636
3050.0 112.953099019
3060.0 113.323330551
3070.0 113.693558186
3080.0 114.063781878
3090.0 114.434001579
3100.0 114.804217243
3110.0 115.174428823
3120.0 115.544636271
3130.0 115.91483954
3140.0 116.285038583
3150.0 116.655233353
3160.0 117.025423801
3170.0 117.39560988
3180.0 117.765791542
3190.0 118.135968739
3200.0 118.506141423
3210.0 118.876309547
3220.0 119.246473062
3230.0 119.61663192
3240.0 119.986786073
3250.0 120.356935472
3260.0 120.727080071
3270.0 121.09721982
3280.0 121.467354671
3290.0 121.837484577
3300.0 122.207609489
3310.0 122.577729359
3320.0 122.94784414
3330.0 123.317953784
3340.0 123.688058242
3350.0 124.058157467
3360.0 124.428251412
3370.0 124.798340029
3380.0 125.168423271
3390.0 125.53850109
3400.0 125.90857344
3410.0 126.278640274
3420.0 126.648701545
3430.0 127.018757207
3440.0 127.388807214
3450.0 127.758851518
3460.0 128.128890076
3470.0 128.498922841
3480.0 128.868949767
3490.0 129.238970811
3500.0 129.608985926
3510.0 129.97899507
3520.0 130.348998197
3530.0 130.718995264
3540.0 131.088986227
3550.0 131.458971044
3560.0 131.828949672
3570.0 132.198922068
3580.0 132.568888191
3590.0 132.938847999
3600.0 133.30880145
3610.0 133.678748505
3620.0 134.048689123
3630.0 134.418623265
3640.0 134.788550891
3650.0 135.158471962
3660.0 135.52838644
3670.0 135.898294288
3680.0 136.268195468
3690.0 136.638089945
3700.0 137.00797768
3710.0 137.37785864
3720.0 137.747732789
3730.0 138.117600094
3740.0 138.487460519
3750.0 138.857314033
3760.0 139.227160603
3770.0 139.597000198
3780.0 139.966832785
3790.0 140.336658336
3800.0 140.70647682
3810.0 141.076288208
3820.0 141.446092472
3830.0 141.815889585
3840.0 142.185679519
3850.0 142.55546225
3860.0 142.925237752
3870.0 143.295006
3880.0 143.664766971
3890.0 144.034520642
3900.0 144.404266991
3910.0 144.774005998
3920.0 145.143737642
3930.0 145.513461903
3940.0 145.883178763
3950.0 146.252888204
3960.0 146.622590211
3970.0 146.992284766
3980.0 147.361971856
3990.0 147.731651466
4000.0 148.101323583
4010.0 148.470988195
4020.0 148.840645292
4030.0 149.210294863
4040.0 149.579936898
4050.0 149.94957139
4060.0 150.319198332
4070.0 150.688817718
4080.0 151.058429542
4090.0 151.4280338
4100.0 151.79763049
4110.0 152.167219609
4120.0 152.536801157
4130.0 152.906375133
4140.0 153.275941539
4150.0 153.645500377
4160.0 154.015051651
4170.0 154.384595364
4180.0 154.754131523
4190.0 155.123660133
4200.0 155.493181203
4210.0 155.862694742
4220.0 156.232200759
4230.0 156.601699265
4240.0 156.971190274
4250.0 157.340673797
4260.0 157.710149849
4270.0 158.079618447
4280.0 158.449079606
4290.0 158.818533344
4300.0 159.187979681
4310.0 159.557418637
4320.0 159.926850232
4330.0 160.296274489
4340.0 160.665691433
4350.0 161.035101086
4360.0 161.404503476
4370.0 161.773898629
4380.0 162.143286574
4390.0 162.512667339
4400.0 162.882040956
4410.0 163.251407455
4420.0 163.620766869
4430.0 163.990119232
4440.0 164.35946458
4450.0 164.728802947
4460.0 165.098134373
4470.0 165.467458893
4480.0 165.83677655
4490.0 166.206087381
4500.0 166.575391431
4510.0 166.944688741
4520.0 167.313979354
4530.0 167.683263317
4540.0 168.052540676
4550.0 168.421811476
4560.0 168.791075768
4570.0 169.160333599
4580.0 169.52958502
4590.0 169.898830084
4600.0 170.268068841
4610.0 170.637301346
4620.0 171.006527653
4630.0 171.375747817
4640.0 171.744961896
4650.0 172.114169946
4660.0 172.483372026
4670.0 172.852568196
4680.0 173.221758516
4690.0 173.590943047
4700.0 173.960121852
4710.0 174.329294993
4720.0 174.698462536
4730.0 175.067624545
4740.0 175.436781085
4750.0 175.805932224
4760.0 176.17507803
4770.0 176.54421857
4780.0 176.913353915
4790.0 177.282484133
4800.0 177.651609297
4810.0 178.020729477
4820.0 178.389844747
4830.0 178.758955179
4840.0 179.128060847
4850.0 179.497161826
4860.0 179.86625819
4870.0 180.235350017
4880.0 180.604437383
4890.0 180.973520374
4900.0 181.342599054
4910.0 181.711673509
4920.0 182.080743819
4930.0 182.449810064
4940.0 182.818872323
4950.0 183.187930678
4960.0 183.556985211
4970.0 183.926036002
4980.0 184.295083135
4990.0 184.664126693
5000.0 185.033166759
5010.0 185.402203417
5020.0 185.771236751
5030.0 186.140266847
5040.0 186.509293788
5050.0 186.878317662
5060.0 187.247338553
5070.0 187.616356547
5080.0 187.985371732
5090.0 188.354384193
5100.0 188.723394019
5110.0 189.092401295
5120.0 189.461406111
5130.0 189.830408552
5140.0 190.199408707
5150.0 190.568406665
5160.0 190.937402512
5170.0 191.306396338
5180.0 191.675388231
5190.0 192.044378279
5200.0 192.41336657
5210.0 192.782353194
5220.0 193.151338238
5230.0 193.520321791
5240.0 193.889303942
5250.0 194.258284779
5260.0 194.62726439
5270.0 194.996242864
5280.0 195.365220288
5290.0 195.734196751
5300.0 196.103172341
5310.0 196.472147145
5320.0 196.841121251
5330.0 197.210094745
5340.0 197.579067716
5350.0 197.94804025
5360.0 198.317012433
5370.0 198.685984352
5380.0 199.054956092
5390.0 199.423927739
5400.0 199.792899379
5410.0 200.161871097
5420.0 200.530842976
5430.0 200.899815101
5440.0 201.268787555
5450.0 201.637760422
5460.0 202.006733785
5470.0 202.375707726
5480.0 202.744682326
5490.0 203.113657668
5500.0 203.482633831
5510.0 203.851610896
5520.0 204.220588943
5530.0 204.589568051
5540.0 204.958548298
5550.0 205.327529762
5560.0 205.69651252
5570.0 206.06549665
5580.0 206.434482226
5590.0 206.803469325
5600.0 207.17245802
5610.0 207.541448387
5620.0 207.910440497
5630.0 208.279434424
5640.0 208.648430239
5650.0 209.017428014
5660.0 209.386427818
5670.0 209.75542972
5680.0 210.124433791
5690.0 210.493440096
5700.0 210.862448704
5710.0 211.231459681
5720.0 211.600473091
5730.0 211.969489
5740.0 212.338507471
5750.0 212.707528567
5760.0 213.07655235
5770.0 213.445578881
5780.0 213.814608219
5790.0 214.183640425
5800.0 214.552675556
5810.0 214.921713671
5820.0 215.290754824