0.0 0.0
120.0 4.50096706786
120.625 4.52343847775
121.25 4.54591864061
122.5 4.59090453587
123.75 4.63592341968
125.0 4.68097402648
126.25 4.72605515495
127.5 4.77116566416
128.75 4.81630446995
130.0 4.86147054158
131.25 4.90666289863
132.5 4.95188060803
133.75 4.99712278137
135.0 5.04238857232
136.25 5.08767717428
137.5 5.13298781813
138.75 5.17831977013
140.0 5.22367233001
141.25 5.26904482909
142.5 5.31443662858
143.75 5.35984711798
145.0 5.40527571355
146.25 5.45072185689
147.5 5.49618501364
148.75 5.54166467217
150.0 5.58716034244
151.25 5.63267155488
152.5 5.67819785933
153.75 5.7237388241
155.0 5.76929403497
156.25 5.81486309439
157.5 5.86044562062
158.75 5.90604124695
160.0 5.95164962096
161.25 5.99727040386
162.5 6.04290326982
165.0 6.13420400861
167.5 6.22554946703
170.0 6.31693744584
172.5 6.40836590137
175.0 6.49983293173
177.5 6.59133676432
180.0 6.68287574469
182.5 6.7744483264
185.0 6.86605306199
187.5 6.95768859475
190.0 7.04935365131
192.5 7.14104703491
195.0 7.23276761936
197.5 7.32451434345
200.0 7.41628620603
202.5 7.50808226135
205.0 7.59990161501
207.5 7.69174342012
210.0 7.78360687385
212.5 7.87549121432
215.0 7.96739571769
217.5 8.05931969555
220.0 8.15126249248
222.5 8.24322348387
225.0 8.33520207388
230.0 8.51920979914
235.0 8.70328140964
240.0 8.88741300223
245.0 9.07160098784
250.0 9.25584205615
255.0 9.44013314534
260.0 9.62447141608
265.0 9.80885422902
270.0 9.99327912534
275.0 10.1777438098
280.0 10.3622461359
285.0 10.546784093
290.0 10.7313557947
295.0 10.9159594687
300.0 11.1005934482
305.0 11.2852561636
310.0 11.4699461351
315.0 11.6546619669
320.0 11.8394023408
330.0 12.2089518013
340.0 12.5785853413
350.0 12.9482947412
360.0 13.3180726248
370.0 13.6879123631
380.0 14.0578079932
390.0 14.4277541464
400.0 14.7977459862
410.0 15.1677791535
420.0 15.5378497182
430.0 15.9079541356
440.0 16.2780892086
450.0 16.6482520528
460.0 17.0184400656
470.0 17.3886508983
480.0 17.7588824318
490.0 18.1291327529
500.0 18.499400135
510.0 18.8696830194
520.0 19.2399799986
530.0 19.6102898017
540.0 19.9806112807
550.0 20.3509433985
560.0 20.7212852179
570.0 21.0916358918
580.0 21.461994654
590.0 21.8323608117
600.0 22.2027337378
610.0 22.5731128644
620.0 22.9434976773
630.0 23.3138877102
640.0 23.6842825406
650.0 24.0546817847
660.0 24.4250850942
670.0 24.7954921526
680.0 25.1659026719
690.0 25.5363163901
700.0 25.9067330684
710.0 26.2771524892
720.0 26.6475744538
730.0 27.0179987807
740.0 27.3884253039
750.0 27.7588538715
760.0 28.1292843441
770.0 28.499716594
780.0 28.8701505038
790.0 29.2405859654
800.0 29.6110228795
810.0 29.9814611543
820.0 30.3519007052
830.0 30.7223414539
840.0 31.092783328
850.0 31.4632262604
860.0 31.8336701887
870.0 32.204115055
880.0 32.5745608054
890.0 32.9450073897
900.0 33.3154547609
910.0 33.6859028753
920.0 34.0563516919
930.0 34.4268011722
940.0 34.7972512802
950.0 35.1677019819
960.0 35.5381532455
970.0 35.908605041
980.0 36.27905734
990.0 36.6495101157
1000.0 37.0199633429
1010.0 37.3904169973
1020.0 37.7608710565
1030.0 38.1313254986
1040.0 38.5017803031
1050.0 38.8722354506
1060.0 39.2426909222
1070.0 39.6131467002
1080.0 39.9836027676
1090.0 40.3540591079
1100.0 40.7245157058
1110.0 41.0949725461
1120.0 41.4654296144
1130.0 41.8358868969
1140.0 42.2063443803
1150.0 42.5768020518
1160.0 42.9472598989
1170.0 43.3177179096
1180.0 43.6881760723
1190.0 44.0586343759
1200.0 44.4290928093
1210.0 44.799551362
1220.0 45.1700100237
1230.0 45.5404687844
1240.0 45.9109276344
1250.0 46.2813865639
1260.0 46.6518455639
1270.0 47.0223046251
1280.0 47.3927637386
1290.0 47.7632228956
1300.0 48.1336820876
1310.0 48.5041413061
1320.0 48.8746005428
1330.0 49.2450597896
1340.0 49.6155190382
1350.0 49.9859782808
1360.0 50.3564375094
1370.0 50.7268967163
1380.0 51.0973558937
1390.0 51.4678150339
1400.0 51.8382741294
1410.0 52.2087331725
1420.0 52.5791921557
1430.0 52.9496510716
1440.0 53.3201099125
1450.0 53.6905686712
1460.0 54.06102734
1470.0 54.4314859116
1480.0 54.8019443785
1490.0 55.1724027333
1500.0 55.5428609684
1510.0 55.9133190763
1520.0 56.2837770496
1530.0 56.6542348806
1540.0 57.0246925617
1550.0 57.3951500854
1560.0 57.7656074438
1570.0 58.1360646292
1580.0 58.5065216339
1590.0 58.8769784499
1600.0 59.2474350692
1610.0 59.617891484
1620.0 59.9883476859
1630.0 60.3588036669
1640.0 60.7292594187
1650.0 61.0997149328
1660.0 61.4701702009
1670.0 61.8406252143
1680.0 62.2110799644
1690.0 62.5815344423
1700.0 62.9519886393
1710.0 63.3224425461
1720.0 63.6928961538
1730.0 64.063349453
1740.0 64.4338024343
1750.0 64.8042550881
1760.0 65.1747074049
1770.0 65.5451593747
1780.0 65.9156109875
1790.0 66.2860622334
1800.0 66.6565131019
1810.0 67.0269635826
1820.0 67.397413665
1830.0 67.7678633382
1840.0 68.1383125914
1850.0 68.5087614134
1860.0 68.8792097929
1870.0 69.2496577185
1880.0 69.6201051784
1890.0 69.9905521609
1900.0 70.3609986539
1910.0 70.7314446451
1920.0 71.1018901222
1930.0 71.4723350725
1940.0 71.8427794831
1950.0 72.213223341
1960.0 72.5836666329
1970.0 72.9541093454
1980.0 73.3245514646
1990.0 73.6949929768
2000.0 74.0654338677
2010.0 74.4358741228
2020.0 74.8063137277
2030.0 75.1767526674
2040.0 75.5471909269
2050.0 75.9176284907
2060.0 76.2880653432
2070.0 76.6585014687
2080.0 77.028936851
2090.0 77.3993714737
2100.0 77.7698053202
2110.0 78.1402383736
2120.0 78.5106706168
2130.0 78.8811020324
2140.0 79.2515326025
2150.0 79.6219623093
2160.0 79.9923911345
2170.0 80.3628190596
2180.0 80.7332460656
2190.0 81.1036721336
2200.0 81.474097244
2210.0 81.8445213772
2220.0 82.2149445133
2230.0 82.5853666318
2240.0 82.9557877122
2250.0 83.3262077336
2260.0 83.6966266748
2270.0 84.0670445143
2280.0 84.4374612301
2290.0 84.8078768002
2300.0 85.1782912022
2310.0 85.5487044131
2320.0 85.91911641
2330.0 86.2895271693
2340.0 86.6599366673
2350.0 87.03034488
2360.0 87.4007517829
2370.0 87.7711573512
2380.0 88.14156156
2390.0 88.5119643837
2400.0 88.8823657966
2410.0 89.2527657727
2420.0 89.6231642854
2430.0 89.9935613081
2440.0 90.3639568135
2450.0 90.7343507743
2460.0 91.1047431626
2470.0 91.4751339503
2480.0 91.8455231089
2490.0 92.2159106095
2500.0 92.5862964229
2510.0 92.9566805196
2520.0 93.3270628696
2530.0 93.6974434428
2540.0 94.0678222085
2550.0 94.4381991358
2560.0 94.8085741933
2570.0 95.1789473494
2580.0 95.5493185721
2590.0 95.9196878291
2600.0 96.2900550875
2610.0 96.6604203144
2620.0 97.0307834763
2630.0 97.4011445395
2640.0 97.7715034698
2650.0 98.1418602328
2660.0 98.5122147936
2670.0 98.8825671172
2680.0 99.252917168
2690.0 99.6232649101
2700.0 99.9936103074
2710.0 100.363953323
2720.0 100.734293921
2730.0 101.104632063
2740.0 101.474967712
2750.0 101.845300831
2760.0 102.21563138
2770.0 102.585959322
2780.0 102.956284617
2790.0 103.326607226
2800.0 103.696927111
2810.0 104.06724423
2820.0 104.437558545
2830.0 104.807870014
2840.0 105.178178596
2850.0 105.548484252
2860.0 105.918786938
2870.0 106.289086615
2880.0 106.659383239
2890.0 107.029676768
2900.0 107.399967161
2910.0 107.770254374
2920.0 108.140538365
2930.0 108.510819089
2940.0 108.881096503
2950.0 109.251370565
2960.0 109.621641228
2970.0 109.99190845
2980.0 110.362172186
2990.0 110.73243239
3000.0 111.102689018
3010.0 111.472942025
3020.0 111.843191365
3030.0 112.213436992
3040.0 112.583678861
3050.0 112.953916926
3060.0 113.324151139
3070.0 113.694381456
3080.0 114.064607829
3090.0 114.434830212
3100.0 114.805048558
3110.0 115.175262819
3120.0 115.545472949
3130.0 115.9156789
3140.0 116.285880625
3150.0 116.656078076
3160.0 117.026271206
3170.0 117.396459966
3180.0 117.76664431
3190.0 118.136824189
3200.0 118.506999555
3210.0 118.87717036
3220.0 119.247336557
3230.0 119.617498096
3240.0 119.987654931
3250.0 120.357807012
3260.0 120.727954292
3270.0 121.098096723
3280.0 121.468234256
3290.0 121.838366843
3300.0 122.208494437
3310.0 122.578616989
3320.0 122.948734452
3330.0 123.318846777
3340.0 123.688953917
3350.0 124.059055823
3360.0 124.42915245
3370.0 124.799243749
3380.0 125.169329672
3390.0 125.539410173
3400.0 125.909485205
3410.0 126.279554721
3420.0 126.649618673
3430.0 127.019677017
3440.0 127.389729705
3450.0 127.759776691
3460.0 128.129817931
3470.0 128.499853377
3480.0 128.869882985
3490.0 129.23990671
3500.0 129.609924508
3510.0 129.979936333
3520.0 130.349942141
3530.0 130.71994189
3540.0 131.089935535
3550.0 131.459923034
3560.0 131.829904343
3570.0 132.199879421
3580.0 132.569848225
3590.0 132.939810715
3600.0 133.309766848
3610.0 133.679716585
3620.0 134.049659885
3630.0 134.419596708
3640.0 134.789527015
3650.0 135.159450768
3660.0 135.529367928
3670.0 135.899278458
3680.0 136.26918232
3690.0 136.639079477
3700.0 137.008969895
3710.0 137.378853536
3720.0 137.748730367
3730.0 138.118600353
3740.0 138.48846346
3750.0 138.858319656
3760.0 139.228168908
3770.0 139.598011184
3780.0 139.967846453
3790.0 140.337674685
3800.0 140.707495851
3810.0 141.07730992
3820.0 141.447116866
3830.0 141.816916661
3840.0 142.186709277
3850.0 142.55649469
3860.0 142.926272873
3870.0 143.296043803
3880.0 143.665807455
3890.0 144.035563808
3900.0 144.405312839
3910.0 144.775054527
3920.0 145.144788853
3930.0 145.514515795
3940.0 145.884235337
3950.0 146.25394746
3960.0 146.623652149
3970.0 146.993349386
3980.0 147.363039157
3990.0 147.732721449
4000.0 148.102396247
4010.0 148.472063542
4020.0 148.84172332
4030.0 149.211375572
4040.0 149.581020289
4050.0 149.950657463
4060.0 150.320287087
4070.0 150.689909154
4080.0 151.059523659
4090.0 151.4291306
4100.0 151.798729971
4110.0 152.168321772
4120.0 152.537906001
4130.0 152.907482659
4140.0 153.277051747
4150.0 153.646613267
4160.0 154.016167222
4170.0 154.385713617
4180.0 154.755252457
4190.0 155.124783749
4200.0 155.494307501
4210.0 155.863823721
4220.0 156.23333242
4230.0 156.602833608
4240.0 156.972327298
4250.0 157.341813503
4260.0 157.711292237
4270.0 158.080763516
4280.0 158.450227356
4290.0 158.819683777
4300.0 159.189132795
4310.0 159.558574432
4320.0 159.928008709
4330.0 160.297435649
4340.0 160.666855273
4350.0 161.036267609
4360.0 161.40567268
4370.0 161.775070515
4380.0 162.144461142
4390.0 162.513844588
4400.0 162.883220886
4410.0 163.252590067
4420.0 163.621952163
4430.0 163.991307208
4440.0 164.360655237
4450.0 164.729996287
4460.0 165.099330393
4470.0 165.468657596
4480.0 165.837977934
4490.0 166.207291447
4500.0 166.576598178
4510.0 166.94589817
4520.0 167.315191465
4530.0 167.68447811
4540.0 168.05375815
4550.0 168.423031632
4560.0 168.792298605
4570.0 169.161559118
4580.0 169.530813221
4590.0 169.900060966
4600.0 170.269302405
4610.0 170.638537591
4620.0 171.00776658
4630.0 171.376989426
4640.0 171.746206186
4650.0 172.115416918
4660.0 172.48462168
4670.0 172.853820532
4680.0 173.223013533
4690.0 173.592200746
4700.0 173.961382232
4710.0 174.330558056
4720.0 174.69972828
4730.0 175.06889297
4740.0 175.438052192
4750.0 175.807206013
4760.0 176.1763545
4770.0 176.545497722
4780.0 176.914635749
4790.0 177.283768649
4800.0 177.652896494
4810.0 178.022019356
4820.0 178.391137307
4830.0 178.760250421
4840.0 179.129358771
4850.0 179.498462431
4860.0 179.867561478
4870.0 180.236655986
4880.0 180.605746033
4890.0 180.974831707
4900.0 181.343913068
4910.0 181.712990205
4920.0 182.082063197
4930.0 182.451132123
4940.0 182.820197064
4950.0 183.1892581
4960.0 183.558315314
4970.0 183.927368787
4980.0 184.296418602
4990.0 184.665464842
5000.0 185.034507589
5010.0 185.403546929
5020.0 185.772582945
5030.0 186.141615722
5040.0 186.510645345
5050.0 186.8796719
5060.0 187.248695473
5070.0 187.617716149
5080.0 187.986734016
5090.0 188.355749159
5100.0 188.724761666
5110.0 189.093771624
5120.0 189.462779121
5130.0 189.831784244
5140.0 190.200787081
5150.0 190.56978772
5160.0 190.938786249
5170.0 191.307782757
5180.0 191.676777331
5190.0 192.045770061
5200.0 192.414761034
5210.0 192.783750339
5220.0 193.152738065
5230.0 193.5217243
5240.0 193.890709133
5250.0 194.259692651
5260.0 194.628674944
5270.0 194.997656099
5280.0 195.366636205
5290.0 195.73561535
5300.0 196.104593621
5310.0 196.473571107
5320.0 196.842547894
5330.0 197.211524071
5340.0 197.580499723
5350.0 197.949474938
5360.0 198.318449803
5370.0 198.687424404
5380.0 199.056398826
5390.0 199.425373155
5400.0 199.794347476
5410.0 200.163321875
5420.0 200.532296436
5430.0 200.901271242
5440.0 201.270246379
5450.0 201.639221928
5460.0 202.008197972
5470.0 202.377174595
5480.0 202.746151877
5490.0 203.1151299
5500.0 203.484108745
5510.0 203.853088492
5520.0 204.22206922
5530.0 204.591051009
5540.0 204.960033938
5550.0 205.329018084
5560.0 205.698003524
5570.0 206.066990335
5580.0 206.435978593
5590.0 206.804968373
5600.0 207.17395975
5610.0 207.542952799
5620.0 207.911947591
5630.0 208.280944199
5640.0 208.649942696
5650.0 209.018943152
5660.0 209.387945638
5670.0 209.756950222
5680.0 210.125956974
5690.0 210.494965961
5700.0 210.863977251
5710.0 211.232990909
5720.0 211.602007001
5730.0 211.971025592
5740.0 212.340046745
5750.0 212.709070522
5760.0 213.078096987
5770.0 213.447126199
5780.0 213.816158219
5790.0 214.185193107
5800.0 214.55423092
5810.0 214.923271716
5820.0 215.292315551