0.0 0.0
120.0 4.50003696405
120.625 4.52250352966
121.25 4.54497884822
122.5 4.5899550549
123.75 4.63496425013
125.0 4.68000516835
126.25 4.72507660824
127.5 4.77017742887
128.75 4.81530654607
130.0 4.86046292912
131.25 4.90564559759
132.5 4.95085361841
133.75 4.99608610317
135.0 5.04134220554
136.25 5.08662111892
137.5 5.13192207418
138.75 5.17724433761
140.0 5.22258720891
141.25 5.2679500194
142.5 5.31333213031
143.75 5.35873293113
145.0 5.40415183811
146.25 5.44958829288
147.5 5.49504176104
148.75 5.54051173099
150.0 5.58599771268
151.25 5.63149923654
152.5 5.67701585241
153.75 5.72254712859
155.0 5.76809265089
156.25 5.81365202173
157.5 5.85922485938
158.75 5.90481079712
160.0 5.95040948255
161.25 5.99602057687
162.5 6.04164375425
165.0 6.13292511588
167.5 6.22425119714
170.0 6.31561979878
172.5 6.40702887715
175.0 6.49847653034
177.5 6.58996098578
180.0 6.68148058898
182.5 6.77303379353
185.0 6.86461915196
187.5 6.95623530755
190.0 7.04788098695
192.5 7.13955499339
195.0 7.23125620067
197.5 7.32298354761
200.0 7.41473603302
202.5 7.50651271118
205.0 7.59831268768
207.5 7.69013511562
210.0 7.78197919219
212.5 7.8738441555
215.0 7.96572928171
217.5 8.0576338824
220.0 8.14955730217
222.5 8.2414989164
225.0 8.33345812924
230.0 8.51742710017
235.0 8.70145995635
240.0 8.88555279462
245.0 9.0697020259
250.0 9.25390433989
255.0 9.43815667475
260.0 9.62245619116
265.0 9.80680024978
270.0 9.99118639178
275.0 10.1756123219
280.0 10.3600758937
285.0 10.5445750965
290.0 10.7291080438
295.0 10.9136729635
300.0 11.0982681887
305.0 11.2828921497
310.0 11.4675433669
315.0 11.6522204444
320.0 11.836922064
330.0 12.2063940158
340.0 12.5759500472
350.0 12.9455819385
360.0 13.3152823133
370.0 13.685044543
380.0 14.0548626645
390.0 14.424731309
400.0 14.7946456402
410.0 15.1646012989
420.0 15.5345943548
430.0 15.9046212636
440.0 16.274678828
450.0 16.6447641635
460.0 17.0148746676
470.0 17.3850079918
480.0 17.7551620165
490.0 18.125334829
500.0 18.4955247025
510.0 18.8657300782
520.0 19.2359495488
530.0 19.6061818432
540.0 19.9764258136
550.0 20.3466804227
560.0 20.7169447335
570.0 21.0872178987
580.0 21.4574991523
590.0 21.8277878014
600.0 22.1980832188
610.0 22.5683848367
620.0 22.9386921409
630.0 23.3090046653
640.0 23.679321987
650.0 24.0496437224
660.0 24.4199695233
670.0 24.790299073
680.0 25.1606320837
690.0 25.5309682932
700.0 25.9013074628
710.0 26.271649375
720.0 26.6419938309
730.0 27.0123406492
740.0 27.3826896638
750.0 27.7530407227
760.0 28.1233936867
770.0 28.4937484279
780.0 28.864104829
790.0 29.234462782
800.0 29.6048221874
810.0 29.9751829536
820.0 30.3455449958
830.0 30.7159082359
840.0 31.0862726014
850.0 31.4566380251
860.0 31.8270044447
870.0 32.1973718024
880.0 32.5677400442
890.0 32.9381091198
900.0 33.3084789824
910.0 33.6788495881
920.0 34.0492208961
930.0 34.4195928677
940.0 34.789965467
950.0 35.1603386601
960.0 35.5307124151
970.0 35.9010867019
980.0 36.2714614923
990.0 36.6418367593
1000.0 37.0122124778
1010.0 37.3825886236
1020.0 37.7529651741
1030.0 38.1233421076
1040.0 38.4937194035
1050.0 38.8640970423
1060.0 39.2344750052
1070.0 39.6048532746
1080.0 39.9752318333
1090.0 40.345610665
1100.0 40.7159897542
1110.0 41.0863690858
1120.0 41.4567486455
1130.0 41.8271284194
1140.0 42.1975083942
1150.0 42.567888557
1160.0 42.9382688954
1170.0 43.3086493975
1180.0 43.6790300516
1190.0 44.0494108464
1200.0 44.4197917712
1210.0 44.7901728153
1220.0 45.1605539684
1230.0 45.5309352204
1240.0 45.9013165617
1250.0 46.2716979826
1260.0 46.6420794739
1270.0 47.0124610265
1280.0 47.3828426313
1290.0 47.7532242797
1300.0 48.123605963
1310.0 48.4939876729
1320.0 48.864369401
1330.0 49.234751139
1340.0 49.605132879
1350.0 49.975514613
1360.0 50.3458963329
1370.0 50.7162780312
1380.0 51.0866596999
1390.0 51.4570413315
1400.0 51.8274229183
1410.0 52.1978044528
1420.0 52.5681859274
1430.0 52.9385673345
1440.0 53.3089486669
1450.0 53.6793299168
1460.0 54.049711077
1470.0 54.42009214
1480.0 54.7904730982
1490.0 55.1608539443
1500.0 55.5312346708
1510.0 55.9016152701
1520.0 56.2719957347
1530.0 56.6423760571
1540.0 57.0127562296
1550.0 57.3831362445
1560.0 57.7535160943
1570.0 58.1238957711
1580.0 58.4942752671
1590.0 58.8646545745
1600.0 59.2350336852
1610.0 59.6054125912
1620.0 59.9757912845
1630.0 60.3461697569
1640.0 60.716548
1650.0 61.0869260055
1660.0 61.4573037649
1670.0 61.8276812697
1680.0 62.1980585111
1690.0 62.5684354804
1700.0 62.9388121687
1710.0 63.3091885669
1720.0 63.6795646659
1730.0 64.0499404564
1740.0 64.4203159291
1750.0 64.7906910743
1760.0 65.1610658824
1770.0 65.5314403435
1780.0 65.9018144477
1790.0 66.2721881849
1800.0 66.6425615448
1810.0 67.0129345169
1820.0 67.3833070906
1830.0 67.7536792552
1840.0 68.1240509997
1850.0 68.4944223131
1860.0 68.8647931839
1870.0 69.2351636008
1880.0 69.6055335521
1890.0 69.9759030259
1900.0 70.3462720103
1910.0 70.7166404929
1920.0 71.0870084613
1930.0 71.4573759029
1940.0 71.8277428049
1950.0 72.1981091542
1960.0 72.5684749374
1970.0 72.9388401412
1980.0 73.3092047518
1990.0 73.6795687553
2000.0 74.0499321375
2010.0 74.4202948841
2020.0 74.7906569803
2030.0 75.1610184114
2040.0 75.5313791622
2050.0 75.9017392173
2060.0 76.2720985612
2070.0 76.642457178
2080.0 77.0128150517
2090.0 77.3831721657
2100.0 77.7535285036
2110.0 78.1238840484
2120.0 78.4942387829
2130.0 78.8645926898
2140.0 79.2349457513
2150.0 79.6052979495
2160.0 79.975649266
2170.0 80.3459996824
2180.0 80.7163491798
2190.0 81.0866977391
2200.0 81.4570453409
2210.0 81.8273919655
2220.0 82.1977375929
2230.0 82.5680822027
2240.0 82.9384257745
2250.0 83.3087682873
2260.0 83.6791097198
2270.0 84.0494500506
2280.0 84.4197892578
2290.0 84.7901273193
2300.0 85.1604642125
2310.0 85.5307999148
2320.0 85.901134403
2330.0 86.2714676537
2340.0 86.6417996431
2350.0 87.0121303471
2360.0 87.3824597414
2370.0 87.7527878011
2380.0 88.1231145012
2390.0 88.4934398162
2400.0 88.8637637205
2410.0 89.2340861879
2420.0 89.604407192
2430.0 89.974726706
2440.0 90.3450447028
2450.0 90.715361155
2460.0 91.0856760346
2470.0 91.4559893137
2480.0 91.8263009636
2490.0 92.1966109555
2500.0 92.5669192603
2510.0 92.9372258483
2520.0 93.3075306897
2530.0 93.6778337542
2540.0 94.0481350113
2550.0 94.4184344299
2560.0 94.7887319788
2570.0 95.1590276262
2580.0 95.5293213403
2590.0 95.8996130886
2600.0 96.2699028384
2610.0 96.6401905566
2620.0 97.0104762099
2630.0 97.3807597644
2640.0 97.751041186
2650.0 98.1213204404
2660.0 98.4915974926
2670.0 98.8618723075
2680.0 99.2321448496
2690.0 99.6024150831
2700.0 99.9726829717
2710.0 100.342948479
2720.0 100.713211568
2730.0 101.083472202
2740.0 101.453730342
2750.0 101.823985952
2760.0 102.194238992
2770.0 102.564489425
2780.0 102.934737212
2790.0 103.304982313
2800.0 103.675224689
2810.0 104.0454643
2820.0 104.415701105
2830.0 104.785935066
2840.0 105.15616614
2850.0 105.526394286
2860.0 105.896619464
2870.0 106.266841632
2880.0 106.637060747
2890.0 107.007276768
2900.0 107.377489652
2910.0 107.747699357
2920.0 108.117905839
2930.0 108.488109054
2940.0 108.85830896
2950.0 109.228505513
2960.0 109.598698668
2970.0 109.968888381
2980.0 110.339074608
2990.0 110.709257304
3000.0 111.079436423
3010.0 111.449611921
3020.0 111.819783752
3030.0 112.189951871
3040.0 112.560116231
3050.0 112.930276787
3060.0 113.300433492
3070.0 113.670586301
3080.0 114.040735165
3090.0 114.410880039
3100.0 114.781020876
3110.0 115.151157629
3120.0 115.52129025
3130.0 115.891418692
3140.0 116.261542908
3150.0 116.631662851
3160.0 117.001778472
3170.0 117.371889724
3180.0 117.741996559
3190.0 118.112098929
3200.0 118.482196787
3210.0 118.852290083
3220.0 119.222378771
3230.0 119.592462802
3240.0 119.962542128
3250.0 120.332616701
3260.0 120.702686472
3270.0 121.072751394
3280.0 121.442811418
3290.0 121.812866497
3300.0 122.182916582
3310.0 122.552961626
3320.0 122.92300158
3330.0 123.293036396
3340.0 123.663066027
3350.0 124.033090426
3360.0 124.403109543
3370.0 124.773123333
3380.0 125.143131748
3390.0 125.513134741
3400.0 125.883132264
3410.0 126.253124271
3420.0 126.623110715
3430.0 126.99309155
3440.0 127.363066729
3450.0 127.733036207
3460.0 128.102999938
3470.0 128.472957875
3480.0 128.842909975
3490.0 129.212856191
3500.0 129.58279648
3510.0 129.952730796
3520.0 130.322659096
3530.0 130.692581336
3540.0 131.062497473
3550.0 131.432407463
3560.0 131.802311264
3570.0 132.172208833
3580.0 132.542100129
3590.0 132.911985109
3600.0 133.281863734
3610.0 133.651735962
3620.0 134.021601753
3630.0 134.391461068
3640.0 134.761313866
3650.0 135.131160111
3660.0 135.500999762
3670.0 135.870832783
3680.0 136.240659136
3690.0 136.610478785
3700.0 136.980291694
3710.0 137.350097827
3720.0 137.719897149
3730.0 138.089689626
3740.0 138.459475225
3750.0 138.829253912
3760.0 139.199025655
3770.0 139.568790423
3780.0 139.938548183
3790.0 140.308298907
3800.0 140.678042563
3810.0 141.047779125
3820.0 141.417508562
3830.0 141.787230848
3840.0 142.156945955
3850.0 142.526653859
3860.0 142.896354534
3870.0 143.266047955
3880.0 143.635734099
3890.0 144.005412943
3900.0 144.375084466
3910.0 144.744748645
3920.0 145.114405462
3930.0 145.484054896
3940.0 145.853696929
3950.0 146.223331544
3960.0 146.592958723
3970.0 146.962578452
3980.0 147.332190714
3990.0 147.701795497
4000.0 148.071392787
4010.0 148.440982573
4020.0 148.810564842
4030.0 149.180139586
4040.0 149.549706794
4050.0 149.919266459
4060.0 150.288818574
4070.0 150.658363133
4080.0 151.02790013
4090.0 151.397429561
4100.0 151.766951424
4110.0 152.136465717
4120.0 152.505972437
4130.0 152.875471586
4140.0 153.244963166
4150.0 153.614447177
4160.0 153.983923623
4170.0 154.353392509
4180.0 154.722853841
4190.0 155.092307624
4200.0 155.461753868
4210.0 155.831192579
4220.0 156.200623769
4230.0 156.570047449
4240.0 156.93946363
4250.0 157.308872326
4260.0 157.678273552
4270.0 158.047667322
4280.0 158.417053654
4290.0 158.786432566
4300.0 159.155804076
4310.0 159.525168204
4320.0 159.894524972
4330.0 160.263874403
4340.0 160.633216519
4350.0 161.002551346
4360.0 161.371878909
4370.0 161.741199235
4380.0 162.110512353
4390.0 162.479818291
4400.0 162.84911708
4410.0 163.218408752
4420.0 163.587693339
4430.0 163.956970876
4440.0 164.326241396
4450.0 164.695504937
4460.0 165.064761535
4470.0 165.434011229
4480.0 165.803254058
4490.0 166.172490063
4500.0 166.541719286
4510.0 166.910941768
4520.0 167.280157555
4530.0 167.649366691
4540.0 168.018569222
4550.0 168.387765196
4560.0 168.75695466
4570.0 169.126137665
4580.0 169.495314259
4590.0 169.864484495
4600.0 170.233648426
4610.0 170.602806103
4620.0 170.971957583
4630.0 171.341102921
4640.0 171.710242173
4650.0 172.079375396
4660.0 172.448502649
4670.0 172.817623992
4680.0 173.186739485
4690.0 173.555849189
4700.0 173.924953167
4710.0 174.294051481
4720.0 174.663144197
4730.0 175.032231379
4740.0 175.401313092
4750.0 175.770389404
4760.0 176.139460383
4770.0 176.508526096
4780.0 176.877586614
4790.0 177.246642005
4800.0 177.615692342
4810.0 177.984737695
4820.0 178.353778138
4830.0 178.722813743
4840.0 179.091844584
4850.0 179.460870736
4860.0 179.829892273
4870.0 180.198909273
4880.0 180.567921812
4890.0 180.936929977
4900.0 181.305933829
4910.0 181.674933458
4920.0 182.043928941
4930.0 182.412920358
4940.0 182.78190779
4950.0 183.150891318
4960.0 183.519871024
4970.0 183.888846988
4980.0 184.257819294
4990.0 184.626788025
5000.0 184.995753264
5010.0 185.364715095
5020.0 185.733673602
5030.0 186.102628871
5040.0 186.471580986
5050.0 186.840530032
5060.0 187.209476096
5070.0 187.578419263
5080.0 187.947359621
5090.0 188.316297256
5100.0 188.685232254
5110.0 189.054164704
5120.0 189.423094692
5130.0 189.792022306
5140.0 190.160947635
5150.0 190.529870765
5160.0 190.898791786
5170.0 191.267710785
5180.0 191.63662785
5190.0 192.005543071
5200.0 192.374456536
5210.0 192.743368332
5220.0 193.11227855
5230.0 193.481187276
5240.0 193.8500946
5250.0 194.219000609
5260.0 194.587905394
5270.0 194.95680904
5280.0 195.325711638
5290.0 195.694613274
5300.0 196.063514036
5310.0 196.432414013
5320.0 196.801313292
5330.0 197.17021196
5340.0 197.539110104
5350.0 197.90800781
5360.0 198.276905166
5370.0 198.645802258
5380.0 199.014699172
5390.0 199.383595992
5400.0 199.752492805
5410.0 200.121389695
5420.0 200.490286747
5430.0 200.859184045
5440.0 201.228081673
5450.0 201.596979713
5460.0 201.965878249
5470.0 202.334777363
5480.0 202.703677136
5490.0 203.072577651
5500.0 203.441478987
5510.0 203.810381225
5520.0 204.179284445
5530.0 204.548188726
5540.0 204.917094146
5550.0 205.286000783
5560.0 205.654908714
5570.0 206.023818016
5580.0 206.392728766
5590.0 206.761641038
5600.0 207.130554906
5610.0 207.499470446
5620.0 207.868387729
5630.0 208.237306829
5640.0 208.606227817
5650.0 208.975150765
5660.0 209.344075742
5670.0 209.713002817
5680.0 210.08193206
5690.0 210.450863539
5700.0 210.81979732
5710.0 211.18873347
5720.0 211.557672053
5730.0 211.926613135
5740.0 212.295556779
5750.0 212.664503048
5760.0 213.033452004
5770.0 213.402403708
5780.0 213.771358219
5790.0 214.140315598
5800.0 214.509275902
5810.0 214.87823919
5820.0 215.247205516