0.0 0.0
120.0 4.50619712546
120.625 4.52869577594
121.25 4.55120317939
122.5 4.59624355587
123.75 4.64131692094
125.0 4.68642200903
126.25 4.73155761883
127.5 4.7767226094
128.75 4.82191589659
130.0 4.86713644966
131.25 4.91238328819
132.5 4.9576554791
133.75 5.00295213398
135.0 5.04827240652
136.25 5.09361549011
137.5 5.13898061562
138.75 5.18436704933
140.0 5.22977409095
141.25 5.27520107181
142.5 5.32064735312
143.75 5.36611232437
145.0 5.41159540184
146.25 5.45709602712
147.5 5.50261366585
148.75 5.5481478064
150.0 5.59369795873
151.25 5.63926365327
152.5 5.68484443987
153.75 5.73043988681
155.0 5.77604957991
156.25 5.8216731216
157.5 5.86731013014
158.75 5.91296023882
160.0 5.95862309523
161.25 6.00429836057
162.5 6.049985709
165.0 6.14139541289
167.5 6.23284983658
170.0 6.32434678083
172.5 6.41588420199
175.0 6.50746019816
177.5 6.59907299675
180.0 6.6907209433
182.5 6.78240249139
185.0 6.87411619354
187.5 6.96586069306
190.0 7.05763471657
192.5 7.14943706733
195.0 7.24126661913
197.5 7.33312231078
200.0 7.42500314112
202.5 7.51690816441
205.0 7.60883648626
207.5 7.70078725976
210.0 7.7927596821
212.5 7.8847529914
215.0 7.97676646383
217.5 8.06879941096
220.0 8.16085117739
222.5 8.25292113851
225.0 8.34500869848
230.0 8.52923436436
235.0 8.71352391645
240.0 8.89787345161
245.0 9.08227938079
250.0 9.26673839369
255.0 9.45124742853
260.0 9.63580364599
265.0 9.82040440676
270.0 10.005047252
275.0 10.1897298866
280.0 10.374450164
285.0 10.5592060736
290.0 10.7439957289
295.0 10.928817358
300.0 11.1136692938
305.0 11.2985499667
310.0 11.4834578971
315.0 11.6683916892
320.0 11.8533500249
330.0 12.2233354131
340.0 12.593404887
350.0 12.963550227
360.0 13.3337640572
370.0 13.7040397491
380.0 14.07437134
390.0 14.4447534614
400.0 14.8151812772
410.0 15.1856504286
420.0 15.5561569859
430.0 15.9266974049
440.0 16.2972684887
450.0 16.6678673533
460.0 17.0384913965
470.0 17.4091382702
480.0 17.7798058555
490.0 18.1504922398
500.0 18.521195697
510.0 18.8919146688
520.0 19.2626477483
530.0 19.6333936651
540.0 20.0041512716
550.0 20.3749195315
560.0 20.745697508
570.0 21.1164843547
580.0 21.4872793061
590.0 21.8580816699
600.0 22.2288908198
610.0 22.5997061885
620.0 22.9705272625
630.0 23.3413535766
640.0 23.7121847086
650.0 24.0830202757
660.0 24.4538599305
670.0 24.8247033573
680.0 25.195550269
690.0 25.5664004045
700.0 25.937253526
710.0 26.3081094168
720.0 26.6789678793
730.0 27.0498287331
740.0 27.4206918132
750.0 27.7915569688
760.0 28.1624240617
770.0 28.5332929655
780.0 28.9041635638
790.0 29.27503575
800.0 29.6459094261
810.0 30.0167845016
820.0 30.3876608933
830.0 30.7585385245
840.0 31.1294173241
850.0 31.5002972267
860.0 31.8711781714
870.0 32.2420601021
880.0 32.6129429664
890.0 32.9838267161
900.0 33.3547113058
910.0 33.7255966939
920.0 34.096482841
930.0 34.4673697109
940.0 34.8382572695
950.0 35.209145485
960.0 35.5800343278
970.0 35.95092377
980.0 36.3218137857
990.0 36.6927043503
1000.0 37.0635954411
1010.0 37.4344870366
1020.0 37.8053791166
1030.0 38.1762716622
1040.0 38.5471646556
1050.0 38.9180580801
1060.0 39.2889519198
1070.0 39.6598461602
1080.0 40.0307407871
1090.0 40.4016357876
1100.0 40.7725311492
1110.0 41.1434268604
1120.0 41.5143229104
1130.0 41.8852192887
1140.0 42.2561159858
1150.0 42.6270129926
1160.0 42.9979103006
1170.0 43.3688079019
1180.0 43.7397057889
1190.0 44.1106039546
1200.0 44.4815023925
1210.0 44.8524010965
1220.0 45.2233000608
1230.0 45.5941992802
1240.0 45.9650987498
1250.0 46.3359984649
1260.0 46.7068984214
1270.0 47.0777986154
1280.0 47.4486990435
1290.0 47.8195997023
1300.0 48.190500589
1310.0 48.5614017009
1320.0 48.9323030358
1330.0 49.3032045916
1340.0 49.6741063665
1350.0 50.045008359
1360.0 50.4159105679
1370.0 50.7868129922
1380.0 51.1577156311
1390.0 51.5286184841
1400.0 51.899521551
1410.0 52.2704248316
1420.0 52.6413283263
1430.0 53.0122320354
1440.0 53.3831359596
1450.0 53.7540400996
1460.0 54.1249444566
1470.0 54.4958490319
1480.0 54.8667538269
1490.0 55.2376588434
1500.0 55.6085640832
1510.0 55.9794695484
1520.0 56.3503752414
1530.0 56.7212811647
1540.0 57.0921873209
1550.0 57.463093713
1560.0 57.8340003441
1570.0 58.2049072176
1580.0 58.5758143368
1590.0 58.9467217056
1600.0 59.3176293278
1610.0 59.6885372075
1620.0 60.059445349
1630.0 60.4303537568
1640.0 60.8012624356
1650.0 61.1721713903
1660.0 61.543080626
1670.0 61.913990148
1680.0 62.2848999617
1690.0 62.655810073
1700.0 63.0267204875
1710.0 63.3976312116
1720.0 63.7685422513
1730.0 64.1394536134
1740.0 64.5103653045
1750.0 64.8812773315
1760.0 65.2521897016
1770.0 65.6231024221
1780.0 65.9940155006
1790.0 66.3649289448
1800.0 66.7358427629
1810.0 67.1067569629
1820.0 67.4776715534
1830.0 67.8485865429
1840.0 68.2195019404
1850.0 68.5904177551
1860.0 68.9613339961
1870.0 69.3322506731
1880.0 69.703167796
1890.0 70.0740853747
1900.0 70.4450034195
1910.0 70.815921941
1920.0 71.1868409499
1930.0 71.5577604572
1940.0 71.9286804741
1950.0 72.2996010122
1960.0 72.6705220832
1970.0 73.0414436991
1980.0 73.4123658721
1990.0 73.7832886148
2000.0 74.15421194
2010.0 74.5251358607
2020.0 74.8960603901
2030.0 75.2669855419
2040.0 75.6379113299
2050.0 76.0088377683
2060.0 76.3797648713
2070.0 76.7506926538
2080.0 77.1216211306
2090.0 77.4925503169
2100.0 77.8634802283
2110.0 78.2344108807
2120.0 78.60534229
2130.0 78.9762744726
2140.0 79.3472074454
2150.0 79.7181412251
2160.0 80.0890758292
2170.0 80.4600112752
2180.0 80.830947581
2190.0 81.2018847647
2200.0 81.572822845
2210.0 81.9437618405
2220.0 82.3147017705
2230.0 82.6856426544
2240.0 83.0565845119
2250.0 83.4275273631
2260.0 83.7984712285
2270.0 84.1694161288
2280.0 84.540362085
2290.0 84.9113091185
2300.0 85.282257251
2310.0 85.6532065047
2320.0 86.0241569018
2330.0 86.3951084651
2340.0 86.7660612177
2350.0 87.137015183
2360.0 87.5079703847
2370.0 87.8789268469
2380.0 88.249884594
2390.0 88.6208436508
2400.0 88.9918040425
2410.0 89.3627657945
2420.0 89.7337289326
2430.0 90.104693483
2440.0 90.4756594723
2450.0 90.8466269273
2460.0 91.2175958753
2470.0 91.5885663438
2480.0 91.9595383608
2490.0 92.3305119546
2500.0 92.7014871539
2510.0 93.0724639877
2520.0 93.4434424853
2530.0 93.8144226766
2540.0 94.1854045916
2550.0 94.5563882607
2560.0 94.9273737148
2570.0 95.298360985
2580.0 95.6693501029
2590.0 96.0403411004
2600.0 96.4113340097
2610.0 96.7823288634
2620.0 97.1533256946
2630.0 97.5243245364
2640.0 97.8953254226
2650.0 98.2663283872
2660.0 98.6373334646
2670.0 99.0083406895
2680.0 99.3793500971
2690.0 99.7503617226
2700.0 100.121375602
2710.0 100.492391771
2720.0 100.863410267
2730.0 101.234431126
2740.0 101.605454385
2750.0 101.976480083
2760.0 102.347508256
2770.0 102.718538942
2780.0 103.089572181
2790.0 103.460608012
2800.0 103.831646472
2810.0 104.202687602
2820.0 104.573731442
2830.0 104.944778031
2840.0 105.31582741
2850.0 105.68687962
2860.0 106.057934701
2870.0 106.428992696
2880.0 106.800053644
2890.0 107.17111759
2900.0 107.542184573
2910.0 107.913254638
2920.0 108.284327827
2930.0 108.655404182
2940.0 109.026483747
2950.0 109.397566566
2960.0 109.768652681
2970.0 110.139742138
2980.0 110.510834981
2990.0 110.881931253
3000.0 111.253031
3010.0 111.624134266
3020.0 111.995241097
3030.0 112.366351538
3040.0 112.737465635
3050.0 113.108583433
3060.0 113.479704978
3070.0 113.850830317
3080.0 114.221959495
3090.0 114.59309256
3100.0 114.964229557
3110.0 115.335370533
3120.0 115.706515536
3130.0 116.077664613
3140.0 116.448817809
3150.0 116.819975174
3160.0 117.191136754
3170.0 117.562302596
3180.0 117.933472748
3190.0 118.304647258
3200.0 118.675826174
3210.0 119.047009543
3220.0 119.418197412
3230.0 119.789389831
3240.0 120.160586846
3250.0 120.531788505
3260.0 120.902994857
3270.0 121.274205949
3280.0 121.645421829
3290.0 122.016642545
3300.0 122.387868144
3310.0 122.759098675
3320.0 123.130334185
3330.0 123.501574722
3340.0 123.872820332
3350.0 124.244071065
3360.0 124.615326966
3370.0 124.986588083
3380.0 125.357854463
3390.0 125.729126153
3400.0 126.1004032
3410.0 126.47168565
3420.0 126.84297355
3430.0 127.214266946
3440.0 127.585565884
3450.0 127.956870409
3460.0 128.328180568
3470.0 128.699496405
3480.0 129.070817965
3490.0 129.442145294
3500.0 129.813478435
3510.0 130.184817433
3520.0 130.556162332
3530.0 130.927513175
3540.0 131.298870006
3550.0 131.670232866
3560.0 132.041601799
3570.0 132.412976847
3580.0 132.784358052
3590.0 133.155745453
3600.0 133.527139094
3610.0 133.898539013
3620.0 134.269945251
3630.0 134.641357847
3640.0 135.01277684
3650.0 135.384202269
3660.0 135.755634171
3670.0 136.127072585
3680.0 136.498517547
3690.0 136.869969093
3700.0 137.241427259
3710.0 137.612892081
3720.0 137.984363593
3730.0 138.355841829
3740.0 138.727326823
3750.0 139.098818607
3760.0 139.470317213
3770.0 139.841822673
3780.0 140.213335018
3790.0 140.584854278
3800.0 140.956380482
3810.0 141.327913658
3820.0 141.699453836
3830.0 142.071001041
3840.0 142.442555301
3850.0 142.814116641
3860.0 143.185685086
3870.0 143.557260661
3880.0 143.928843388
3890.0 144.30043329
3900.0 144.672030388
3910.0 145.043634704
3920.0 145.415246258
3930.0 145.786865068
3940.0 146.158491153
3950.0 146.53012453
3960.0 146.901765216
3970.0 147.273413226
3980.0 147.645068575
3990.0 148.016731275
4000.0 148.388401342
4010.0 148.760078785
4020.0 149.131763615
4030.0 149.503455843
4040.0 149.875155478
4050.0 150.246862527
4060.0 150.618576997
4070.0 150.990298894
4080.0 151.362028223
4090.0 151.733764987
4100.0 152.10550919
4110.0 152.477260833
4120.0 152.849019917
4130.0 153.220786441
4140.0 153.592560404
4150.0 153.964341803
4160.0 154.336130635
4170.0 154.707926895
4180.0 155.079730578
4190.0 155.451541676
4200.0 155.823360181
4210.0 156.195186085
4220.0 156.567019377
4230.0 156.938860045
4240.0 157.310708078
4250.0 157.682563462
4260.0 158.054426181
4270.0 158.426296221
4280.0 158.798173565
4290.0 159.170058193
4300.0 159.541950087
4310.0 159.913849226
4320.0 160.28575559
4330.0 160.657669155
4340.0 161.029589897
4350.0 161.401517791
4360.0 161.773452812
4370.0 162.145394932
4380.0 162.517344123
4390.0 162.889300354
4400.0 163.261263596
4410.0 163.633233817
4420.0 164.005210982
4430.0 164.37719506
4440.0 164.749186013
4450.0 165.121183806
4460.0 165.493188402
4470.0 165.86519976
4480.0 166.237217843
4490.0 166.609242609
4500.0 166.981274015
4510.0 167.353312019
4520.0 167.725356577
4530.0 168.097407643
4540.0 168.469465171
4550.0 168.841529114
4560.0 169.213599422
4570.0 169.585676047
4580.0 169.957758937
4590.0 170.329848041
4600.0 170.701943306
4610.0 171.074044679
4620.0 171.446152104
4630.0 171.818265525
4640.0 172.190384887
4650.0 172.56251013
4660.0 172.934641197
4670.0 173.306778027
4680.0 173.67892056
4690.0 174.051068733
4700.0 174.423222485
4710.0 174.795381752
4720.0 175.167546468
4730.0 175.53971657
4740.0 175.91189199
4750.0 176.284072662
4760.0 176.656258517
4770.0 177.028449487
4780.0 177.400645502
4790.0 177.772846491
4800.0 178.145052384
4810.0 178.517263108
4820.0 178.88947859
4830.0 179.261698757
4840.0 179.633923535
4850.0 180.006152849
4860.0 180.378386623
4870.0 180.750624781
4880.0 181.122867245
4890.0 181.495113929
4900.0 181.867364769
4910.0 182.239619677
4920.0 182.611878575
4930.0 182.984141382
4940.0 183.356408017
4950.0 183.728678398
4960.0 184.100952445
4970.0 184.473230075
4980.0 184.845511204
4990.0 185.21779575
5000.0 185.590083628
5010.0 185.962374755
5020.0 186.334669044
5030.0 186.706966412
5040.0 187.079266773
5050.0 187.451570041
5060.0 187.823876129
5070.0 188.196184951
5080.0 188.568496421
5090.0 188.94081045
5100.0 189.313126952
5110.0 189.685445838
5120.0 190.057767021
5130.0 190.430090414
5140.0 190.802415926
5150.0 191.174743471
5160.0 191.547072959
5170.0 191.919404302
5180.0 192.291737411
5190.0 192.664072197
5200.0 193.036408571
5210.0 193.408746444
5220.0 193.781085728
5230.0 194.153426332
5240.0 194.525768169
5250.0 194.898111149
5260.0 195.270455184
5270.0 195.642800184
5280.0 196.015146062
5290.0 196.387492728
5300.0 196.759840094
5310.0 197.132188072
5320.0 197.504536574
5330.0 197.876885513
5340.0 198.249234799
5350.0 198.621584347
5360.0 198.993934069
5370.0 199.366283879
5380.0 199.738633689
5390.0 200.110983414
5400.0 200.483332968
5410.0 200.855682266
5420.0 201.228031221
5430.0 201.600379751
5440.0 201.97272777
5450.0 202.345075194
5460.0 202.717421941
5470.0 203.089767927
5480.0 203.46211307
5490.0 203.834457288
5500.0 204.2068005
5510.0 204.579142624
5520.0 204.951483581
5530.0 205.32382329
5540.0 205.696161673
5550.0 206.068498652
5560.0 206.440834147
5570.0 206.813168082
5580.0 207.18550038
5590.0 207.557830966
5600.0 207.930159763
5610.0 208.302486698
5620.0 208.674811697
5630.0 209.047134685
5640.0 209.419455591
5650.0 209.791774344
5660.0 210.164090871
5670.0 210.536405103
5680.0 210.908716971
5690.0 211.281026406
5700.0 211.65333334
5710.0 212.025637707
5720.0 212.397939439
5730.0 212.770238472
5740.0 213.142534742
5750.0 213.514828184
5760.0 213.887118736
5770.0 214.259406336
5780.0 214.631690923
5790.0 215.003972438
5800.0 215.37625082
5810.0 215.748526012
5820.0 216.120797956