0.0 0.0
120.0 4.49889094329
120.625 4.52135154004
121.25 4.54382088974
122.5 4.58878515871
123.75 4.63378241622
125.0 4.67881139672
126.25 4.7238708989
127.5 4.76895978181
128.75 4.8140769613
130.0 4.85922140663
131.25 4.90439213739
132.5 4.94958822049
133.75 4.99480876753
135.0 5.04005293218
136.25 5.08531990784
137.5 5.13060892539
138.75 5.1759192511
140.0 5.22125018468
141.25 5.26660105746
142.5 5.31197123066
143.75 5.35736009376
145.0 5.40276706303
146.25 5.44819158008
147.5 5.49363311053
148.75 5.53909114276
150.0 5.58456518673
151.25 5.63005477287
152.5 5.67555945103
153.75 5.72107878949
155.0 5.76661237407
156.25 5.8121598072
157.5 5.85772070713
158.75 5.90329470715
160.0 5.94888145487
161.25 5.99448061148
162.5 6.04009185113
165.0 6.13134933733
167.5 6.22265154316
170.0 6.31399626937
172.5 6.4053814723
175.0 6.49680525007
177.5 6.58826583007
180.0 6.67976155784
182.5 6.77129088695
185.0 6.86285236995
187.5 6.95444465012
190.0 7.04606645408
192.5 7.13771658509
195.0 7.22939391694
197.5 7.32109738844
200.0 7.41282599841
202.5 7.50457880114
205.0 7.59635490221
207.5 7.68815345472
210.0 7.77997365586
212.5 7.87181474373
215.0 7.96367599451
217.5 8.05555671977
220.0 8.14745626411
222.5 8.23937400291
225.0 8.33130934031
230.0 8.51523056038
235.0 8.69921566569
240.0 8.8832607531
245.0 9.06736223352
250.0 9.25151679663
255.0 9.43572138064
260.0 9.61997314618
265.0 9.80426945393
270.0 9.98860784507
275.0 10.1729860243
280.0 10.3574018453
285.0 10.5418532972
290.0 10.7263384936
295.0 10.9108556625
300.0 11.0954031368
305.0 11.279979347
310.0 11.4645828133
315.0 11.6492121399
320.0 11.8338660087
330.0 12.2032424587
340.0 12.5727029883
350.0 12.9422393779
360.0 13.3118442511
370.0 13.681510979
380.0 14.0512335988
390.0 14.4210067416
400.0 14.790825571
410.0 15.1606857279
420.0 15.5305832822
430.0 15.9005146892
440.0 16.2704767519
450.0 16.6404665857
460.0 17.010481588
470.0 17.3805194105
480.0 17.7505779335
490.0 18.1206552442
500.0 18.490749616
510.0 18.86085949
520.0 19.2309834588
530.0 19.6011202515
540.0 19.9712687202
550.0 20.3414278276
560.0 20.7115966366
570.0 21.0817743001
580.0 21.451960052
590.0 21.8221531993
600.0 22.1923531149
610.0 22.5625592312
620.0 22.9327710337
630.0 23.3029880563
640.0 23.6732098762
650.0 24.04343611
660.0 24.4136664091
670.0 24.7839004571
680.0 25.154137966
690.0 25.5243786738
700.0 25.8946223417
710.0 26.2648687522
720.0 26.6351177064
730.0 27.0053690229
740.0 27.3756225357
750.0 27.7458780929
760.0 28.1161355552
770.0 28.4863947947
780.0 28.8566556941
790.0 29.2269181453
800.0 29.597182049
810.0 29.9674473134
820.0 30.3377138539
830.0 30.7079815923
840.0 31.078250456
850.0 31.448520378
860.0 31.8187912959
870.0 32.1890631519
880.0 32.5593358919
890.0 32.9296094658
900.0 33.2998838267
910.0 33.6701589307
920.0 34.0404347369
930.0 34.4107112068
940.0 34.7809883044
950.0 35.1512659957
960.0 35.521544249
970.0 35.8918230341
980.0 36.2621023227
990.0 36.6323820881
1000.0 37.0026623048
1010.0 37.3729429489
1020.0 37.7432239976
1030.0 38.1135054294
1040.0 38.4837872236
1050.0 38.8540693606
1060.0 39.2243518219
1070.0 39.5946345895
1080.0 39.9649176464
1090.0 40.3352009765
1100.0 40.7054845639
1110.0 41.0757683938
1120.0 41.4460524518
1130.0 41.8163367239
1140.0 42.1866211969
1150.0 42.556905858
1160.0 42.9271906947
1170.0 43.297475695
1180.0 43.6677608474
1190.0 44.0380461406
1200.0 44.4083315636
1210.0 44.778617106
1220.0 45.1489027573
1230.0 45.5191885076
1240.0 45.8894743472
1250.0 46.2597602664
1260.0 46.6300462559
1270.0 47.0003323067
1280.0 47.3706184098
1290.0 47.7409045565
1300.0 48.1111907381
1310.0 48.4814769463
1320.0 48.8517631726
1330.0 49.2220494089
1340.0 49.5923356472
1350.0 49.9626218794
1360.0 50.3329080976
1370.0 50.7031942942
1380.0 51.0734804612
1390.0 51.443766591
1400.0 51.8140526761
1410.0 52.1843387088
1420.0 52.5546246817
1430.0 52.9249105871
1440.0 53.2951964177
1450.0 53.665482166
1460.0 54.0357678244
1470.0 54.4060533857
1480.0 54.7763388422
1490.0 55.1466241866
1500.0 55.5169094113
1510.0 55.8871945088
1520.0 56.2574794717
1530.0 56.6277642924
1540.0 56.9980489631
1550.0 57.3683334764
1560.0 57.7386178244
1570.0 58.1089019995
1580.0 58.4791859938
1590.0 58.8494697994
1600.0 59.2197534083
1610.0 59.5900368127
1620.0 59.9603200042
1630.0 60.3306029749
1640.0 60.7008857162
1650.0 61.07116822
1660.0 61.4414504777
1670.0 61.8117324807
1680.0 62.1820142204
1690.0 62.552295688
1700.0 62.9225768746
1710.0 63.2928577711
1720.0 63.6631383683
1730.0 64.0334186571
1740.0 64.403698628
1750.0 64.7739782715
1760.0 65.1442575779
1770.0 65.5145365373
1780.0 65.8848151398
1790.0 66.2550933752
1800.0 66.6253712334
1810.0 66.9956487037
1820.0 67.3659257757
1830.0 67.7362024386
1840.0 68.1064786814
1850.0 68.476754493
1860.0 68.8470298621
1870.0 69.2173047773
1880.0 69.5875792269
1890.0 69.957853199
1900.0 70.3281266816
1910.0 70.6983996624
1920.0 71.0686721291
1930.0 71.438944069
1940.0 71.8092154693
1950.0 72.1794863168
1960.0 72.5497565983
1970.0 72.9200263004
1980.0 73.2902954093
1990.0 73.660563911
2000.0 74.0308317915
2010.0 74.4010990363
2020.0 74.7713656308
2030.0 75.1416315602
2040.0 75.5118968092
2050.0 75.8821613626
2060.0 76.2524252048
2070.0 76.6226883199
2080.0 76.9929506918
2090.0 77.3632123041
2100.0 77.7334731403
2110.0 78.1037331833
2120.0 78.4739924161
2130.0 78.8442508213
2140.0 79.2145083811
2150.0 79.5847650775
2160.0 79.9550208923
2170.0 80.325275807
2180.0 80.6955298026
2190.0 81.0657828602
2200.0 81.4360349603
2210.0 81.8062860831
2220.0 82.1765362088
2230.0 82.5467853169
2240.0 82.917033387
2250.0 83.287280398
2260.0 83.6575263288
2270.0 84.0277711578
2280.0 84.3980148633
2290.0 84.7682574231
2300.0 85.1384988146
2310.0 85.5087390152
2320.0 85.8789780016
2330.0 86.2492157506
2340.0 86.6194522383
2350.0 86.9896874406
2360.0 87.3599213331
2370.0 87.730153891
2380.0 88.1003850894
2390.0 88.4706149027
2400.0 88.8408433053
2410.0 89.211070271
2420.0 89.5812957733
2430.0 89.9515197856
2440.0 90.3217422807
2450.0 90.6919632311
2460.0 91.062182609
2470.0 91.4324003863
2480.0 91.8026165345
2490.0 92.1728310247
2500.0 92.5430438277
2510.0 92.913254914
2520.0 93.2834642537
2530.0 93.6536718165
2540.0 94.0238775718
2550.0 94.3940814887
2560.0 94.7642835359
2570.0 95.1344836816
2580.0 95.5046818939
2590.0 95.8748781405
2600.0 96.2450723885
2610.0 96.615264605
2620.0 96.9854547566
2630.0 97.3556428094
2640.0 97.7258287293
2650.0 98.0960124819
2660.0 98.4661940324
2670.0 98.8363733456
2680.0 99.206550386
2690.0 99.5767251177
2700.0 99.9468975046
2710.0 100.31706751
2720.0 100.687235097
2730.0 101.057400229
2740.0 101.427562868
2750.0 101.797722976
2760.0 102.167880515
2770.0 102.538035446
2780.0 102.908187731
2790.0 103.27833733
2800.0 103.648484204
2810.0 104.018628313
2820.0 104.388769617
2830.0 104.758908076
2840.0 105.129043648
2850.0 105.499176293
2860.0 105.869305969
2870.0 106.239432635
2880.0 106.609556249
2890.0 106.979676768
2900.0 107.349794151
2910.0 107.719908353
2920.0 108.090019333
2930.0 108.460127047
2940.0 108.830231452
2950.0 109.200332502
2960.0 109.570430156
2970.0 109.940524367
2980.0 110.310615092
2990.0 110.680702286
3000.0 111.050785904
3010.0 111.4208659
3020.0 111.79094223
3030.0 112.161014847
3040.0 112.531083705
3050.0 112.901148759
3060.0 113.271209963
3070.0 113.641267269
3080.0 114.011320632
3090.0 114.381370005
3100.0 114.75141534
3110.0 115.121456591
3120.0 115.49149371
3130.0 115.861526651
3140.0 116.231555365
3150.0 116.601579806
3160.0 116.971599925
3170.0 117.341615675
3180.0 117.711627009
3190.0 118.081633877
3200.0 118.451636233
3210.0 118.821634028
3220.0 119.191627214
3230.0 119.561615743
3240.0 119.931599567
3250.0 120.301578638
3260.0 120.671552908
3270.0 121.041522328
3280.0 121.411486851
3290.0 121.781446428
3300.0 122.151401011
3310.0 122.521350553
3320.0 122.891295005
3330.0 123.26123432
3340.0 123.631168449
3350.0 124.001097346
3360.0 124.371020962
3370.0 124.74093925
3380.0 125.110852164
3390.0 125.480759654
3400.0 125.850661676
3410.0 126.220558181
3420.0 126.590449123
3430.0 126.960334456
3440.0 127.330214134
3450.0 127.70008811
3460.0 128.069956339
3470.0 128.439818775
3480.0 128.809675373
3490.0 129.179526087
3500.0 129.549370874
3510.0 129.919209689
3520.0 130.289042487
3530.0 130.658869226
3540.0 131.028689861
3550.0 131.398504349
3560.0 131.768312648
3570.0 132.138114715
3580.0 132.507910509
3590.0 132.877699988
3600.0 133.247483111
3610.0 133.617259837
3620.0 133.987030127
3630.0 134.35679394
3640.0 134.726551237
3650.0 135.096301979
3660.0 135.466046129
3670.0 135.835783648
3680.0 136.2055145
3690.0 136.575238647
3700.0 136.944956054
3710.0 137.314666685
3720.0 137.684370506
3730.0 138.054067481
3740.0 138.423757578
3750.0 138.793440763
3760.0 139.163117005
3770.0 139.53278627
3780.0 139.902448529
3790.0 140.272103751
3800.0 140.641751906
3810.0 141.011392965
3820.0 141.381026901
3830.0 141.750653685
3840.0 142.120273291
3850.0 142.489885693
3860.0 142.859490866
3870.0 143.229088785
3880.0 143.598679428
3890.0 143.96826277
3900.0 144.337838791
3910.0 144.707407469
3920.0 145.076968783
3930.0 145.446522716
3940.0 145.816069247
3950.0 146.18560836
3960.0 146.555140038
3970.0 146.924664265
3980.0 147.294181026
3990.0 147.663690307
4000.0 148.033192095
4010.0 148.402686379
4020.0 148.772173147
4030.0 149.141652388
4040.0 149.511124095
4050.0 149.880588259
4060.0 150.250044872
4070.0 150.619493929
4080.0 150.988935424
4090.0 151.358369354
4100.0 151.727795715
4110.0 152.097214505
4120.0 152.466625724
4130.0 152.836029372
4140.0 153.205425449
4150.0 153.574813959
4160.0 153.944194903
4170.0 154.313568288
4180.0 154.682934118
4190.0 155.052292399
4200.0 155.421643141
4210.0 155.790986351
4220.0 156.160322039
4230.0 156.529650217
4240.0 156.898970896
4250.0 157.268284091
4260.0 157.637589815
4270.0 158.006888083
4280.0 158.376178914
4290.0 158.745462323
4300.0 159.114738332
4310.0 159.484006958
4320.0 159.853268225
4330.0 160.222522154
4340.0 160.591768768
4350.0 160.961008093
4360.0 161.330240154
4370.0 161.699464979
4380.0 162.068682595
4390.0 162.437893031
4400.0 162.807096319
4410.0 163.176292489
4420.0 163.545481575
4430.0 163.914663609
4440.0 164.283838628
4450.0 164.653006667
4460.0 165.022167764
4470.0 165.391321956
4480.0 165.760469283
4490.0 166.129609786
4500.0 166.498743507
4510.0 166.867870488
4520.0 167.236990773
4530.0 167.606104407
4540.0 167.975211437
4550.0 168.344311909
4560.0 168.713405872
4570.0 169.082493374
4580.0 169.451574467
4590.0 169.820649201
4600.0 170.18971763
4610.0 170.558779806
4620.0 170.927835784
4630.0 171.29688562
4640.0 171.66592937
4650.0 172.034967091
4660.0 172.403998843
4670.0 172.773024684
4680.0 173.142044675
4690.0 173.511058878
4700.0 173.880067354
4710.0 174.249070166
4720.0 174.61806738
4730.0 174.98705906
4740.0 175.356045272
4750.0 175.725026083
4760.0 176.094001559
4770.0 176.462971771
4780.0 176.831936787
4790.0 177.200896676
4800.0 177.569851511
4810.0 177.938801363
4820.0 178.307746304
4830.0 178.676686407
4840.0 179.045621746
4850.0 179.414552396
4860.0 179.783478433
4870.0 180.152399931
4880.0 180.521316968
4890.0 180.890229631
4900.0 181.259137982
4910.0 181.628042108
4920.0 181.996942089
4930.0 182.365838005
4940.0 182.734729936
4950.0 183.103617962
4960.0 183.472502166
4970.0 183.841382628
4980.0 184.210259433
4990.0 184.579132662
5000.0 184.948002399
5010.0 185.316868728
5020.0 185.685731734
5030.0 186.054591501
5040.0 186.423448114
5050.0 186.792301658
5060.0 187.16115222
5070.0 187.529999886
5080.0 187.898844742
5090.0 188.267686875
5100.0 188.636526372
5110.0 189.00536332
5120.0 189.374197806
5130.0 189.743029919
5140.0 190.111859745
5150.0 190.480687374
5160.0 190.849512893
5170.0 191.21833639
5180.0 191.587157954
5190.0 191.955977673
5200.0 192.324795636
5210.0 192.693611931
5220.0 193.062426646
5230.0 193.431239871
5240.0 193.800051693
5250.0 194.168862201
5260.0 194.537671484
5270.0 194.906479628
5280.0 195.275286724
5290.0 195.644092859
5300.0 196.012898119
5310.0 196.381702595
5320.0 196.750506372
5330.0 197.119309538
5340.0 197.48811218
5350.0 197.856914385
5360.0 198.225716239
5370.0 198.594517829
5380.0 198.963319241
5390.0 199.33212056
5400.0 199.700921871
5410.0 200.069723259
5420.0 200.43852481
5430.0 200.807326606
5440.0 201.176128731
5450.0 201.54493127
5460.0 201.913734304
5470.0 202.282537916
5480.0 202.651342188
5490.0 203.020147201
5500.0 203.388953035
5510.0 203.757759772
5520.0 204.12656749
5530.0 204.495376269
5540.0 204.864186187
5550.0 205.232997322
5560.0 205.601809752
5570.0 205.970623553
5580.0 206.3394388
5590.0 206.70825557
5600.0 207.077073937
5610.0 207.445893975
5620.0 207.814715757
5630.0 208.183539355
5640.0 208.552364842
5650.0 208.921192287
5660.0 209.290021762
5670.0 209.658853336
5680.0 210.027687078
5690.0 210.396523055
5700.0 210.765361334
5710.0 211.134201982
5720.0 211.503045063
5730.0 211.871890644
5740.0 212.240738786
5750.0 212.609589553
5760.0 212.978443007
5770.0 213.347299209
5780.0 213.716158219
5790.0 214.085020096
5800.0 214.453884899
5810.0 214.822752685
5820.0 215.191623509