0.0 0.0
120.0 4.49681481872
120.625 4.51926460232
121.25 4.54172313888
122.5 4.58666578154
123.75 4.63164141276
125.0 4.67664876697
126.25 4.72168664284
127.5 4.76675389945
128.75 4.81184945265
130.0 4.85697227169
131.25 4.90212137614
132.5 4.94729583294
133.75 4.99249475369
135.0 5.03771729204
136.25 5.08296264141
137.5 5.12823003266
138.75 5.17351873207
140.0 5.21882803936
141.25 5.26415728584
142.5 5.30950583273
143.75 5.35487306954
145.0 5.40025841251
146.25 5.44566130326
147.5 5.49108120741
148.75 5.53651761335
150.0 5.58197003102
151.25 5.62743799086
152.5 5.67292104272
153.75 5.71841875489
155.0 5.76393071317
156.25 5.80945652
157.5 5.85499579363
158.75 5.90054816736
160.0 5.94611328878
161.25 5.99169081909
162.5 6.03728043245
165.0 6.12849466605
167.5 6.21975361928
170.0 6.3110550929
172.5 6.40239704324
175.0 6.4937775684
177.5 6.58519489581
180.0 6.67664737099
182.5 6.76813344751
185.0 6.85965167791
187.5 6.95120070548
190.0 7.04277925685
192.5 7.13438613526
195.0 7.22602021451
197.5 7.31768043342
200.0 7.4093657908
202.5 7.50107534094
205.0 7.59280818941
207.5 7.68456348932
210.0 7.77634043786
212.5 7.86813827314
215.0 7.95995627133
217.5 8.05179374399
220.0 8.14365003574
222.5 8.23552452194
225.0 8.32741660675
230.0 8.51125132163
235.0 8.69514992175
240.0 8.87910850396
245.0 9.06312347919
250.0 9.24719153712
255.0 9.43130961593
260.0 9.61547487629
265.0 9.79968467884
270.0 9.98393656479
275.0 10.1682282389
280.0 10.3525575546
285.0 10.5369225013
290.0 10.7213211926
295.0 10.9057518562
300.0 11.0902128254
305.0 11.2747025303
310.0 11.4592194915
315.0 11.6437623129
320.0 11.8283296765
330.0 12.1975331161
340.0 12.5668206354
350.0 12.9361840146
360.0 13.3056158774
370.0 13.675109595
380.0 14.0446592043
390.0 14.4142593367
400.0 14.7839051558
410.0 15.1535923023
420.0 15.5233168462
430.0 15.8930752429
440.0 16.2628642952
450.0 16.6326811186
460.0 17.0025231105
470.0 17.3723879226
480.0 17.7422734352
490.0 18.1121777356
500.0 18.482099097
510.0 18.8520359606
520.0 19.221986919
530.0 19.5919507014
540.0 19.9619261596
550.0 20.3319122566
560.0 20.7019080553
570.0 21.0719127084
580.0 21.4419254499
590.0 21.8119455868
600.0 22.1819724921
610.0 22.552005598
620.0 22.9220443901
630.0 23.2920884023
640.0 23.6621372119
650.0 24.0321904352
660.0 24.402247724
670.0 24.7723087616
680.0 25.1423732601
690.0 25.5124409575
700.0 25.8825116151
710.0 26.2525850151
720.0 26.622660959
730.0 26.9927392651
740.0 27.3628197676
750.0 27.7329023144
760.0 28.1029867663
770.0 28.4730729954
780.0 28.8431608844
790.0 29.2132503253
800.0 29.5833412186
810.0 29.9534334726
820.0 30.3235270027
830.0 30.6936217307
840.0 31.0637175841
850.0 31.4338144957
860.0 31.8039124032
870.0 32.1740112488
880.0 32.5441109784
890.0 32.9142115419
900.0 33.2843128924
910.0 33.6544149861
920.0 34.0245177819
930.0 34.3946212414
940.0 34.7647253286
950.0 35.1348300096
960.0 35.5049352525
970.0 35.8750410272
980.0 36.2451473054
990.0 36.6152540604
1000.0 36.9853612667
1010.0 37.3554689005
1020.0 37.7255769388
1030.0 38.0956853602
1040.0 38.465794144
1050.0 38.8359032706
1060.0 39.2060127215
1070.0 39.5761224787
1080.0 39.9462325253
1090.0 40.316342845
1100.0 40.686453422
1110.0 41.0565642416
1120.0 41.4266752891
1130.0 41.7967865509
1140.0 42.1668980136
1150.0 42.5370096642
1160.0 42.9071214906
1170.0 43.2772334805
1180.0 43.6473456225
1190.0 44.0174579053
1200.0 44.3875703179
1210.0 44.7576828499
1220.0 45.1277954909
1230.0 45.4979082308
1240.0 45.86802106
1250.0 46.2381339688
1260.0 46.608246948
1270.0 46.9783599884
1280.0 47.3484730811
1290.0 47.7185862174
1300.0 48.0886993886
1310.0 48.4588125864
1320.0 48.8289258024
1330.0 49.1990390283
1340.0 49.5691522562
1350.0 49.939265478
1360.0 50.3093786859
1370.0 50.679491872
1380.0 51.0496050286
1390.0 51.4197181481
1400.0 51.7898312228
1410.0 52.1599442452
1420.0 52.5300572076
1430.0 52.9001701027
1440.0 53.2702829229
1450.0 53.6403956608
1460.0 54.0105083089
1470.0 54.3806208597
1480.0 54.7507333059
1490.0 55.1208456398
1500.0 55.4909578542
1510.0 55.8610699414
1520.0 56.2311818939
1530.0 56.6012937041
1540.0 56.9714053645
1550.0 57.3415168674
1560.0 57.711628205
1570.0 58.0817393697
1580.0 58.4518503536
1590.0 58.8219611488
1600.0 59.1920717474
1610.0 59.5621821414
1620.0 59.9322923226
1630.0 60.3024022828
1640.0 60.6725120138
1650.0 61.0426215072
1660.0 61.4127307545
1670.0 61.7828397472
1680.0 62.1529484765
1690.0 62.5230569337
1700.0 62.8931651099
1710.0 63.263272996
1720.0 63.6333805829
1730.0 64.0034878613
1740.0 64.3735948218
1750.0 64.7437014549
1760.0 65.1138077509
1770.0 65.4839136999
1780.0 65.854019292
1790.0 66.2241245171
1800.0 66.5942293648
1810.0 66.9643338248
1820.0 67.3344378865
1830.0 67.7045415389
1840.0 68.0746447713
1850.0 68.4447475726
1860.0 68.8148499313
1870.0 69.1849518361
1880.0 69.5550532753
1890.0 69.925154237
1900.0 70.2952547092
1910.0 70.6653546797
1920.0 71.0354541361
1930.0 71.4055530656
1940.0 71.7756514554
1950.0 72.1457492926
1960.0 72.5158465637
1970.0 72.8859432554
1980.0 73.2560393539
1990.0 73.6261348453
2000.0 73.9962297154
2010.0 74.3663239498
2020.0 74.7364175339
2030.0 75.1065104529
2040.0 75.4766026916
2050.0 75.8466942346
2060.0 76.2167850664
2070.0 76.5868751711
2080.0 76.9569645326
2090.0 77.3270531346
2100.0 77.6971409603
2110.0 78.067227993
2120.0 78.4373142155
2130.0 78.8073996102
2140.0 79.1774841596
2150.0 79.5475678457
2160.0 79.9176506501
2170.0 80.2877325544
2180.0 80.6578135397
2190.0 81.0278935868
2200.0 81.3979726765
2210.0 81.768050789
2220.0 82.1381279043
2230.0 82.508204002
2240.0 82.8782790617
2250.0 83.2483530623
2260.0 83.6184259828
2270.0 83.9884978014
2280.0 84.3585684965
2290.0 84.7286380459
2300.0 85.0987064271
2310.0 85.4687736173
2320.0 85.8388395933
2330.0 86.2089043319
2340.0 86.5789678092
2350.0 86.9490300011
2360.0 87.3190908832
2370.0 87.6891504308
2380.0 88.0592086188
2390.0 88.4292654218
2400.0 88.7993208139
2410.0 89.1693747692
2420.0 89.5394272612
2430.0 89.9094782631
2440.0 90.2795277478
2450.0 90.6495756878
2460.0 91.0196220554
2470.0 91.3896668223
2480.0 91.7597099601
2490.0 92.1297514399
2500.0 92.4997912326
2510.0 92.8698293085
2520.0 93.2398656378
2530.0 93.6099001902
2540.0 93.9799329352
2550.0 94.3499638417
2560.0 94.7199928784
2570.0 95.0900200138
2580.0 95.4600452157
2590.0 95.8300684519
2600.0 96.2000896896
2610.0 96.5701088957
2620.0 96.9401260369
2630.0 97.3101410793
2640.0 97.6801539888
2650.0 98.050164731
2660.0 98.4201732711
2670.0 98.7901795739
2680.0 99.1601836039
2690.0 99.5301853253
2700.0 99.9001847018
2710.0 100.270181697
2720.0 100.640176274
2730.0 101.010168395
2740.0 101.380158024
2750.0 101.750145121
2760.0 102.12012965
2770.0 102.490111571
2780.0 102.860090845
2790.0 103.230067434
2800.0 103.600041298
2810.0 103.970012396
2820.0 104.33998069
2830.0 104.709946138
2840.0 105.0799087
2850.0 105.449868335
2860.0 105.819825
2870.0 106.189778656
2880.0 106.559729259
2890.0 106.929676768
2900.0 107.29962114
2910.0 107.669562333
2920.0 108.039500302
2930.0 108.409435006
2940.0 108.7793664
2950.0 109.14929444
2960.0 109.519219083
2970.0 109.889140284
2980.0 110.259057999
2990.0 110.628972182
3000.0 110.99888279
3010.0 111.368789776
3020.0 111.738693095
3030.0 112.108592701
3040.0 112.47848855
3050.0 112.848380593
3060.0 113.218268786
3070.0 113.588153083
3080.0 113.958033435
3090.0 114.327909797
3100.0 114.697782122
3110.0 115.067650362
3120.0 115.437514471
3130.0 115.807374402
3140.0 116.177230106
3150.0 116.547081536
3160.0 116.916928645
3170.0 117.286771385
3180.0 117.656609708
3190.0 118.026443566
3200.0 118.396272911
3210.0 118.766097696
3220.0 119.135917872
3230.0 119.50573339
3240.0 119.875544204
3250.0 120.245350265
3260.0 120.615151524
3270.0 120.984947934
3280.0 121.354739446
3290.0 121.724526013
3300.0 122.094307586
3310.0 122.464084117
3320.0 122.833855559
3330.0 123.203621863
3340.0 123.573382982
3350.0 123.943138868
3360.0 124.312889474
3370.0 124.682634752
3380.0 125.052374655
3390.0 125.422109135
3400.0 125.791838146
3410.0 126.161561641
3420.0 126.531279573
3430.0 126.900991896
3440.0 127.270698563
3450.0 127.640399529
3460.0 128.010094747
3470.0 128.379784173
3480.0 128.74946776
3490.0 129.119145465
3500.0 129.488817241
3510.0 129.858483045
3520.0 130.228142833
3530.0 130.597796561
3540.0 130.967444186
3550.0 131.337085664
3560.0 131.706720952
3570.0 132.076350009
3580.0 132.445972793
3590.0 132.815589262
3600.0 133.185199374
3610.0 133.55480309
3620.0 133.924400369
3630.0 134.293991172
3640.0 134.663575458
3650.0 135.03315319
3660.0 135.40272433
3670.0 135.772288838
3680.0 136.14184668
3690.0 136.511397816
3700.0 136.880942213
3710.0 137.250479834
3720.0 137.620010644
3730.0 137.989534609
3740.0 138.359051696
3750.0 138.728561871
3760.0 139.098065102
3770.0 139.467561357
3780.0 139.837050605
3790.0 140.206532817
3800.0 140.576007961
3810.0 140.94547601
3820.0 141.314936935
3830.0 141.684390709
3840.0 142.053837305
3850.0 142.423276697
3860.0 142.792708859
3870.0 143.162133768
3880.0 143.5315514
3890.0 143.900961732
3900.0 144.270364742
3910.0 144.63976041
3920.0 145.009148714
3930.0 145.378529636
3940.0 145.747903157
3950.0 146.11726926
3960.0 146.486627927
3970.0 146.855979144
3980.0 147.225322894
3990.0 147.594659165
4000.0 147.963987943
4010.0 148.333309216
4020.0 148.702622974
4030.0 149.071929205
4040.0 149.441227901
4050.0 149.810519055
4060.0 150.179802658
4070.0 150.549078704
4080.0 150.918347189
4090.0 151.287608108
4100.0 151.656861459
4110.0 152.026107239
4120.0 152.395345448
4130.0 152.764576085
4140.0 153.133799152
4150.0 153.503014651
4160.0 153.872222585
4170.0 154.241422959
4180.0 154.610615779
4190.0 154.97980105
4200.0 155.348978781
4210.0 155.718148981
4220.0 156.087311659
4230.0 156.456466826
4240.0 156.825614495
4250.0 157.194754679
4260.0 157.563887392
4270.0 157.933012651
4280.0 158.302130471
4290.0 158.67124087
4300.0 159.040343868
4310.0 159.409439484
4320.0 159.77852774
4330.0 160.147608659
4340.0 160.516682263
4350.0 160.885748578
4360.0 161.254807629
4370.0 161.623859443
4380.0 161.992904048
4390.0 162.361941474
4400.0 162.730971752
4410.0 163.099994911
4420.0 163.469010987
4430.0 163.838020011
4440.0 164.207022019
4450.0 164.576017048
4460.0 164.945005134
4470.0 165.313986316
4480.0 165.682960633
4490.0 166.051928125
4500.0 166.420888836
4510.0 166.789842806
4520.0 167.158790081
4530.0 167.527730705
4540.0 167.896664724
4550.0 168.265592186
4560.0 168.634513138
4570.0 169.00342763
4580.0 169.372335712
4590.0 169.741237437
4600.0 170.110132855
4610.0 170.47902202
4620.0 170.847904988
4630.0 171.216781814
4640.0 171.585652553
4650.0 171.954517264
4660.0 172.323376006
4670.0 172.692228836
4680.0 173.061075817
4690.0 173.429917009
4700.0 173.798752475
4710.0 174.167582277
4720.0 174.536406481
4730.0 174.90522515
4740.0 175.274038352
4750.0 175.642846152
4760.0 176.011648618
4770.0 176.380445819
4780.0 176.749237825
4790.0 177.118024704
4800.0 177.486806529
4810.0 177.85558337
4820.0 178.2243553
4830.0 178.593122393
4840.0 178.961884722
4850.0 179.330642362
4860.0 179.699395388
4870.0 180.068143875
4880.0 180.436887902
4890.0 180.805627554
4900.0 181.174362895
4910.0 181.543094011
4920.0 181.911820982
4930.0 182.280543887
4940.0 182.649262808
4950.0 183.017977824
4960.0 183.386689017
4970.0 183.755396469
4980.0 184.124100263
4990.0 184.492800482
5000.0 184.861497209
5010.0 185.230190528
5020.0 185.598880523
5030.0 185.967567279
5040.0 186.336250882
5050.0 186.704931416
5060.0 187.073608968
5070.0 187.442283623
5080.0 187.810955469
5090.0 188.179624591
5100.0 188.548291078
5110.0 188.916955015
5120.0 189.285616491
5130.0 189.654275593
5140.0 190.02293241
5150.0 190.391587028
5160.0 190.760239537
5170.0 191.128890023
5180.0 191.497538577
5190.0 191.866185286
5200.0 192.234830238
5210.0 192.603473523
5220.0 192.972115228
5230.0 193.340755442
5240.0 193.709394254
5250.0 194.078031751
5260.0 194.446668023
5270.0 194.815303158
5280.0 195.183937243
5290.0 195.552570367
5300.0 195.921202618
5310.0 196.289834083
5320.0 196.658464849
5330.0 197.027095005
5340.0 197.395724637
5350.0 197.764353831
5360.0 198.132982675
5370.0 198.501611255
5380.0 198.870239656
5390.0 199.238867964
5400.0 199.607496265
5410.0 199.976124643
5420.0 200.344753183
5430.0 200.713381969
5440.0 201.082011084
5450.0 201.450640613
5460.0 201.819270636
5470.0 202.187901238
5480.0 202.556532499
5490.0 202.925164502
5500.0 203.293797326
5510.0 203.662431052
5520.0 204.03106576
5530.0 204.399701528
5540.0 204.768338436
5550.0 205.136976561
5560.0 205.50561598
5570.0 205.874256771
5580.0 206.242899008
5590.0 206.611542768
5600.0 206.980188124
5610.0 207.348835152
5620.0 207.717483923
5630.0 208.086134511
5640.0 208.454786987
5650.0 208.823441422
5660.0 209.192097887
5670.0 209.56075645
5680.0 209.929417182
5690.0 210.298080148
5700.0 210.666745417
5710.0 211.035413054
5720.0 211.404083126
5730.0 211.772755696
5740.0 212.141430828
5750.0 212.510108584
5760.0 212.878789028
5770.0 213.24747222
5780.0 213.616158219
5790.0 213.984847086
5800.0 214.353538878
5810.0 214.722233653
5820.0 215.090931468