0.0 0.0
120.0 4.49968402288
120.625 4.52214875025
121.25 4.54462223057
122.5 4.58959476078
123.75 4.63460027954
125.0 4.67963752129
126.25 4.72470528471
127.5 4.76980242887
128.75 4.8149278696
130.0 4.86008057618
131.25 4.90525956818
132.5 4.95046391253
133.75 4.99569272081
135.0 5.04094514671
136.25 5.08622038362
137.5 5.13151766242
138.75 5.17683624937
140.0 5.2221754442
141.25 5.26753457823
142.5 5.31291301266
143.75 5.35831013701
145.0 5.40372536753
146.25 5.44915814582
147.5 5.49460793752
148.75 5.54007423099
150.0 5.58555653621
151.25 5.6310543836
152.5 5.676567323
153.75 5.72209492271
155.0 5.76763676853
156.25 5.81319246291
157.5 5.85876162408
158.75 5.90434388536
160.0 5.94993889432
161.25 5.99554631217
162.5 6.04116581307
165.0 6.13243982176
167.5 6.22375855008
170.0 6.31511979878
172.5 6.40652152421
175.0 6.49796182446
177.5 6.58943892695
180.0 6.68095117721
182.5 6.77249702882
185.0 6.86407503431
187.5 6.95568383697
190.0 7.04732216342
192.5 7.13898881692
195.0 7.23068267126
197.5 7.32240266525
200.0 7.41414779772
202.5 7.50591712294
205.0 7.5977097465
207.5 7.6895248215
210.0 7.78136154513
212.5 7.8732191555
215.0 7.96509692876
217.5 8.05699417652
220.0 8.14891024335
222.5 8.24084450464
225.0 8.33279636454
230.0 8.51675062959
235.0 8.70076877988
240.0 8.88484691227
245.0 9.06898143767
250.0 9.25316904577
255.0 9.43740667475
260.0 9.62169148528
265.0 9.80602083801
270.0 9.99039227413
275.0 10.1748034984
280.0 10.3592523643
285.0 10.5437368612
290.0 10.7282551026
295.0 10.9128053165
300.0 11.0973858358
305.0 11.2819950909
310.0 11.4666316022
315.0 11.6512939738
320.0 11.8359808875
330.0 12.2054234276
340.0 12.5749500472
350.0 12.9445525267
360.0 13.3142234898
370.0 13.6839563078
380.0 14.0537450174
390.0 14.4235842502
400.0 14.7934691696
410.0 15.1633954165
420.0 15.5333590607
430.0 15.9033565578
440.0 16.2733847104
450.0 16.6434406341
460.0 17.0135217265
470.0 17.3836256388
480.0 17.7537502518
490.0 18.1238936525
500.0 18.4940541143
510.0 18.8642300782
520.0 19.234420137
530.0 19.6046230197
540.0 19.9748375783
550.0 20.3450627757
560.0 20.7152976747
570.0 21.0855414281
580.0 21.45579327
590.0 21.8260525073
600.0 22.1963185129
610.0 22.5665907191
620.0 22.9368686115
630.0 23.3071517241
640.0 23.677439634
650.0 24.0477319577
660.0 24.4180283468
670.0 24.7883284848
680.0 25.1586320837
690.0 25.5289388814
700.0 25.8992486393
710.0 26.2695611397
720.0 26.6398761839
730.0 27.0101935904
740.0 27.3805131932
750.0 27.7508348403
760.0 28.1211583925
770.0 28.491483722
780.0 28.8618107114
790.0 29.2321392526
800.0 29.6024692462
810.0 29.9728006006
820.0 30.3431332311
830.0 30.7134670594
840.0 31.0838020131
850.0 31.4541380251
860.0 31.824475033
870.0 32.1948129789
880.0 32.5651518089
890.0 32.9354914727
900.0 33.3058319236
910.0 33.6761731176
920.0 34.0465150137
930.0 34.4168575736
940.0 34.7872007611
950.0 35.1575445425
960.0 35.5278888857
970.0 35.8982337608
980.0 36.2685791393
990.0 36.6389249946
1000.0 37.0092713013
1010.0 37.3796180354
1020.0 37.7499651741
1030.0 38.1203126958
1040.0 38.49066058
1050.0 38.861008807
1060.0 39.2313573582
1070.0 39.6017062158
1080.0 39.9720553627
1090.0 40.3424047827
1100.0 40.7127544601
1110.0 41.08310438
1120.0 41.4534545279
1130.0 41.82380489
1140.0 42.194155453
1150.0 42.564506204
1160.0 42.9348571307
1170.0 43.305208221
1180.0 43.6755594633
1190.0 44.0459108464
1200.0 44.4162623595
1210.0 44.7866139918
1220.0 45.1569657331
1230.0 45.5273175734
1240.0 45.8976695029
1250.0 46.268021512
1260.0 46.6383735916
1270.0 47.0087257323
1280.0 47.3790779254
1290.0 47.749430162
1300.0 48.1197824336
1310.0 48.4901347317
1320.0 48.860487048
1330.0 49.2308393743
1340.0 49.6011917026
1350.0 49.9715440247
1360.0 50.3418963329
1370.0 50.7122486194
1380.0 51.0826008764
1390.0 51.4529530962
1400.0 51.8233052713
1410.0 52.193657394
1420.0 52.5640094568
1430.0 52.9343614522
1440.0 53.3047133727
1450.0 53.675065211
1460.0 54.0454169594
1470.0 54.4157686106
1480.0 54.7861201571
1490.0 55.1564715914
1500.0 55.5268229061
1510.0 55.8971740936
1520.0 56.2675251465
1530.0 56.6378760571
1540.0 57.0082268178
1550.0 57.378577421
1560.0 57.748927859
1570.0 58.1192781241
1580.0 58.4896282083
1590.0 58.8599781039
1600.0 59.2303278028
1610.0 59.6006772971
1620.0 59.9710265786
1630.0 60.3413756392
1640.0 60.7117244706
1650.0 61.0820730643
1660.0 61.452421412
1670.0 61.822769505
1680.0 62.1931173346
1690.0 62.5634648922
1700.0 62.9338121687
1710.0 63.3041591551
1720.0 63.6745058424
1730.0 64.0448522212
1740.0 64.415198282
1750.0 64.7855440155
1760.0 65.1558894118
1770.0 65.5262344612
1780.0 65.8965791536
1790.0 66.266923479
1800.0 66.6372674271
1810.0 67.0076109875
1820.0 67.3779541494
1830.0 67.7482969023
1840.0 68.118639235
1850.0 68.4889811366
1860.0 68.8593225957
1870.0 69.2296636008
1880.0 69.6000041403
1890.0 69.9703442024
1900.0 70.340683775
1910.0 70.7110228458
1920.0 71.0813614025
1930.0 71.4516994324
1940.0 71.8220369226
1950.0 72.1923738601
1960.0 72.5627102316
1970.0 72.9330460236
1980.0 73.3033812224
1990.0 73.6737158142
2000.0 74.0440497846
2010.0 74.4143831194
2020.0 74.7847158038
2030.0 75.1550478231
2040.0 75.5253791622
2050.0 75.8957098055
2060.0 76.2660397377
2070.0 76.6363689427
2080.0 77.0066974046
2090.0 77.3770251069
2100.0 77.747352033
2110.0 78.117678166
2120.0 78.4880034888
2130.0 78.8583279839
2140.0 79.2286516337
2150.0 79.5989744201
2160.0 79.9692963248
2170.0 80.3396173295
2180.0 80.7099374151
2190.0 81.0802565626
2200.0 81.4505747527
2210.0 81.8208919655
2220.0 82.1912081811
2230.0 82.5615233792
2240.0 82.9318375392
2250.0 83.3021506402
2260.0 83.672462661
2270.0 84.04277358
2280.0 84.4130833754
2290.0 84.7833920251
2300.0 85.1536995067
2310.0 85.5240057972
2320.0 85.8943108736
2330.0 86.2646147125
2340.0 86.6349172902
2350.0 87.0052185824
2360.0 87.3755185649
2370.0 87.7458172128
2380.0 88.1161145012
2390.0 88.4864104045
2400.0 88.856704897
2410.0 89.2269979526
2420.0 89.5972895449
2430.0 89.9675796472
2440.0 90.3378682322
2450.0 90.7081552726
2460.0 91.0784407405
2470.0 91.4487246078
2480.0 91.8190068459
2490.0 92.1892874261
2500.0 92.5595663191
2510.0 92.9298434954
2520.0 93.300118925
2530.0 93.6703925778
2540.0 94.0406644231
2550.0 94.4109344299
2560.0 94.781202567
2570.0 95.1514688027
2580.0 95.521733105
2590.0 95.8919954415
2600.0 96.2622557795
2610.0 96.632514086
2620.0 97.0027703275
2630.0 97.3730244703
2640.0 97.7432764802
2650.0 98.1135263227
2660.0 98.4837739632
2670.0 98.8540193663
2680.0 99.2242624967
2690.0 99.5945033184
2700.0 99.9647417952
2710.0 100.334977891
2720.0 100.705211568
2730.0 101.07544279
2740.0 101.445671519
2750.0 101.815897717
2760.0 102.186121345
2770.0 102.556342367
2780.0 102.926560741
2790.0 103.296776431
2800.0 103.666989395
2810.0 104.037199594
2820.0 104.407406988
2830.0 104.777611536
2840.0 105.147813198
2850.0 105.518011933
2860.0 105.888207699
2870.0 106.258400455
2880.0 106.628590159
2890.0 106.998776768
2900.0 107.368960241
2910.0 107.739140533
2920.0 108.109317603
2930.0 108.479491407
2940.0 108.849661901
2950.0 109.219829042
2960.0 109.589992785
2970.0 109.960153087
2980.0 110.330309902
2990.0 110.700463186
3000.0 111.070612894
3010.0 111.44075898
3020.0 111.810901399
3030.0 112.181040106
3040.0 112.551175055
3050.0 112.921306199
3060.0 113.291433492
3070.0 113.661556889
3080.0 114.031676342
3090.0 114.401791804
3100.0 114.771903229
3110.0 115.14201057
3120.0 115.512113779
3130.0 115.88221281
3140.0 116.252307614
3150.0 116.622398145
3160.0 116.992484354
3170.0 117.362566195
3180.0 117.732643618
3190.0 118.102716576
3200.0 118.472785022
3210.0 118.842848907
3220.0 119.212908183
3230.0 119.582962802
3240.0 119.953012716
3250.0 120.323057877
3260.0 120.693098237
3270.0 121.063133747
3280.0 121.43316436
3290.0 121.803190027
3300.0 122.1732107
3310.0 122.543226332
3320.0 122.913236874
3330.0 123.283242278
3340.0 123.653242498
3350.0 124.023237484
3360.0 124.393227191
3370.0 124.763211569
3380.0 125.133190572
3390.0 125.503164153
3400.0 125.873132264
3410.0 126.243094859
3420.0 126.613051891
3430.0 126.983003315
3440.0 127.352949082
3450.0 127.722889148
3460.0 128.092823467
3470.0 128.462751993
3480.0 128.832674681
3490.0 129.202591485
3500.0 129.572502362
3510.0 129.942407267
3520.0 130.312306155
3530.0 130.682198984
3540.0 131.052085708
3550.0 131.421966287
3560.0 131.791840676
3570.0 132.161708833
3580.0 132.531570717
3590.0 132.901426286
3600.0 133.271275499
3610.0 133.641118315
3620.0 134.010954694
3630.0 134.380784597
3640.0 134.750607984
3650.0 135.120424817
3660.0 135.490235056
3670.0 135.860038665
3680.0 136.229835607
3690.0 136.599625844
3700.0 136.969409341
3710.0 137.339186062
3720.0 137.708955973
3730.0 138.078719038
3740.0 138.448475225
3750.0 138.8182245
3760.0 139.187966832
3770.0 139.557702187
3780.0 139.927430536
3790.0 140.297151848
3800.0 140.666866093
3810.0 141.036573242
3820.0 141.406273268
3830.0 141.775966142
3840.0 142.145651838
3850.0 142.51533033
3860.0 142.885001593
3870.0 143.254665602
3880.0 143.624322334
3890.0 143.993971767
3900.0 144.363613877
3910.0 144.733248645
3920.0 145.10287605
3930.0 145.472496072
3940.0 145.842108694
3950.0 146.211713896
3960.0 146.581311664
3970.0 146.950901981
3980.0 147.320484832
3990.0 147.690060203
4000.0 148.059628081
4010.0 148.429188455
4020.0 148.798741313
4030.0 149.168286645
4040.0 149.537824441
4050.0 149.907354695
4060.0 150.276877398
4070.0 150.646392545
4080.0 151.01590013
4090.0 151.38540015
4100.0 151.754892601
4110.0 152.124377481
4120.0 152.49385479
4130.0 152.863324528
4140.0 153.232786695
4150.0 153.602241294
4160.0 153.971688329
4170.0 154.341127803
4180.0 154.710559723
4190.0 155.079984095
4200.0 155.449400926
4210.0 155.818810226
4220.0 156.188212005
4230.0 156.557606272
4240.0 156.926993042
4250.0 157.296372326
4260.0 157.66574414
4270.0 158.035108498
4280.0 158.404465419
4290.0 158.773814918
4300.0 159.143157017
4310.0 159.512491733
4320.0 159.88181909
4330.0 160.251139109
4340.0 160.620451813
4350.0 160.989757228
4360.0 161.359055379
4370.0 161.728346294
4380.0 162.09763
4390.0 162.466906526
4400.0 162.836175904
4410.0 163.205438164
4420.0 163.574693339
4430.0 163.943941464
4440.0 164.313182573
4450.0 164.682416702
4460.0 165.051643888
4470.0 165.42086417
4480.0 165.790077588
4490.0 166.159284181
4500.0 166.528483991
4510.0 166.897677062
4520.0 167.266863437
4530.0 167.636043162
4540.0 168.005216281
4550.0 168.374382843
4560.0 168.743542896
4570.0 169.112696488
4580.0 169.481843671
4590.0 169.850984495
4600.0 170.220119014
4610.0 170.58924728
4620.0 170.958369348
4630.0 171.327485274
4640.0 171.696595114
4650.0 172.065698925
4660.0 172.434796767
4670.0 172.803888698
4680.0 173.172974779
4690.0 173.542055071
4700.0 173.911129637
4710.0 174.28019854
4720.0 174.649261844
4730.0 175.018319614
4740.0 175.387371916
4750.0 175.756418816
4760.0 176.125460383
4770.0 176.494496684
4780.0 176.86352779
4790.0 177.23255377
4800.0 177.601574695
4810.0 177.970590636
4820.0 178.339601667
4830.0 178.70860786
4840.0 179.07760929
4850.0 179.44660603
4860.0 179.815598156
4870.0 180.184585744
4880.0 180.553568871
4890.0 180.922547624
4900.0 181.291522065
4910.0 181.660492281
4920.0 182.029458352
4930.0 182.398420358
4940.0 182.767378379
4950.0 183.136332495
4960.0 183.505282788
4970.0 183.874229341
4980.0 184.243172235
4990.0 184.612111555
5000.0 184.981047382
5010.0 185.349979801
5020.0 185.718908897
5030.0 186.087834753
5040.0 186.456757456
5050.0 186.825677091
5060.0 187.194593743
5070.0 187.563507499
5080.0 187.932418445
5090.0 188.301326667
5100.0 188.670232254
5110.0 189.039135292
5120.0 189.408035868
5130.0 189.776934071
5140.0 190.145829988
5150.0 190.514723706
5160.0 190.883615315
5170.0 191.252504902
5180.0 191.621392556
5190.0 191.990278365
5200.0 192.359162418
5210.0 192.728044803
5220.0 193.096925608
5230.0 193.465804923
5240.0 193.834682835
5250.0 194.203559433
5260.0 194.572434805
5270.0 194.94130904
5280.0 195.310182226
5290.0 195.67905445
5300.0 196.047925801
5310.0 196.416796366
5320.0 196.785666233
5330.0 197.154535489
5340.0 197.523404221
5350.0 197.892272516
5360.0 198.261140461
5370.0 198.630008141
5380.0 198.998875642
5390.0 199.367743051
5400.0 199.736610452
5410.0 200.105477931
5420.0 200.474345571
5430.0 200.843213457
5440.0 201.212081673
5450.0 201.580950301
5460.0 201.949819425
5470.0 202.318689127
5480.0 202.687559489
5490.0 203.056430592
5500.0 203.425302516
5510.0 203.794175343
5520.0 204.163049151
5530.0 204.53192402
5540.0 204.900800028
5550.0 205.269677253
5560.0 205.638555773
5570.0 206.007435663
5580.0 206.376317001
5590.0 206.745199861
5600.0 207.114084318
5610.0 207.482970446
5620.0 207.851858317
5630.0 208.220748006
5640.0 208.589639582
5650.0 208.958533118
5660.0 209.327428683
5670.0 209.696326347
5680.0 210.065226178
5690.0 210.434128245
5700.0 210.803032614
5710.0 211.171939352
5720.0 211.540848524
5730.0 211.909760194
5740.0 212.278674426
5750.0 212.647591283
5760.0 213.016510827
5770.0 213.385433119
5780.0 213.754358219
5790.0 214.123286186
5800.0 214.492217079
5810.0 214.861150954
5820.0 215.230087869