0.0 0.0
120.0 4.49889124311
120.625 4.52135184212
121.25 4.5438211941
122.5 4.58878546764
123.75 4.63378272976
125.0 4.67881171491
126.25 4.72387122177
127.5 4.7689601094
128.75 4.81407729365
130.0 4.85922174378
131.25 4.90439247936
132.5 4.94958856733
133.75 4.99480911928
135.0 5.04005328887
136.25 5.08532026952
137.5 5.13060929209
138.75 5.17591962286
140.0 5.22125056154
141.25 5.26660143945
142.5 5.31197161782
143.75 5.35736048614
145.0 5.40276746066
146.25 5.44819198301
147.5 5.49363351879
148.75 5.5390915564
150.0 5.58456560579
151.25 5.63005519739
152.5 5.67555988104
153.75 5.72107922505
155.0 5.76661281521
156.25 5.81216025396
157.5 5.85772115955
158.75 5.90329516529
160.0 5.94888191876
161.25 5.99448108116
162.5 6.04009232665
165.0 6.13134982465
167.5 6.22265204246
170.0 6.31399678083
172.5 6.40538199611
175.0 6.4968057864
177.5 6.58826637911
180.0 6.67976211977
182.5 6.77129146197
185.0 6.86285295825
187.5 6.95444525188
190.0 7.04606706951
192.5 7.13771721439
195.0 7.2293945603
197.5 7.32109804608
200.0 7.41282667053
202.5 7.50457948794
205.0 7.59635560391
207.5 7.68815417152
210.0 7.77997438798
212.5 7.8718154914
215.0 7.96367675794
217.5 8.05555749919
220.0 8.14745705974
222.5 8.23937481498
225.0 8.33131016906
230.0 8.51523142318
235.0 8.6992165635
240.0 8.8832616869
245.0 9.06736320431
250.0 9.25151780546
255.0 9.43572242853
260.0 9.61997423423
265.0 9.80427058323
270.0 9.98860901674
275.0 10.1729872395
280.0 10.3574031052
285.0 10.541854603
290.0 10.7263398466
295.0 10.9108570638
300.0 11.0954045879
305.0 11.279980849
310.0 11.4645843677
315.0 11.6492137481
320.0 11.833867672
330.0 12.2032442367
340.0 12.572704887
350.0 12.9422414035
360.0 13.3118464102
370.0 13.6815132786
380.0 14.0512360458
390.0 14.4210093437
400.0 14.790828336
410.0 15.1606886639
420.0 15.5305863977
430.0 15.9005179931
440.0 16.2704802534
450.0 16.6404702945
460.0 17.0104855141
470.0 17.3805235643
480.0 17.7505823261
490.0 18.1206598869
500.0 18.4907545206
510.0 18.8608646688
520.0 19.2309889248
530.0 19.601126018
540.0 19.971274801
550.0 20.3414342374
560.0 20.7116033904
570.0 21.0817814135
580.0 21.4519675414
590.0 21.8221610817
600.0 22.192361408
610.0 22.5625679532
620.0 22.9327802037
630.0 23.3029976942
640.0 23.6732200027
650.0 24.0434467463
660.0 24.4136775776
670.0 24.7839121808
680.0 25.154150269
690.0 25.5243915809
700.0 25.8946358789
710.0 26.2648829462
720.0 26.6351325852
730.0 27.0053846155
740.0 27.375638872
750.0 27.7458952041
760.0 28.1161534735
770.0 28.4864135537
780.0 28.8566753285
790.0 29.2269386912
800.0 29.5972035437
810.0 29.9674697957
820.0 30.3377373639
830.0 30.7080061715
840.0 31.0782761476
850.0 31.4485472267
860.0 31.8188193479
870.0 32.189092455
880.0 32.5593664958
890.0 32.9296414219
900.0 33.2999171882
910.0 33.6701937527
920.0 34.0404710763
930.0 34.4107491227
940.0 34.7810278577
950.0 35.1513072498
960.0 35.521587269
970.0 35.8918678877
980.0 36.2621490798
990.0 36.6324308209
1000.0 37.0027130882
1010.0 37.3729958601
1020.0 37.7432791166
1030.0 38.1135628387
1040.0 38.4838470085
1050.0 38.8541316095
1060.0 39.2244166257
1070.0 39.5947020425
1080.0 39.9649878459
1090.0 40.3352740229
1100.0 40.705560561
1110.0 41.0758474487
1120.0 41.4461346751
1130.0 41.8164222299
1140.0 42.1867101034
1150.0 42.5569982867
1160.0 42.9272867712
1170.0 43.2975755489
1180.0 43.6678646124
1190.0 44.0381539546
1200.0 44.408443569
1210.0 44.7787334494
1220.0 45.1490235902
1230.0 45.5193139861
1240.0 45.8896046321
1250.0 46.2598955237
1260.0 46.6301866567
1270.0 47.0004780272
1280.0 47.3707696317
1290.0 47.741061467
1300.0 48.1113535302
1310.0 48.4816458186
1320.0 48.8519383299
1330.0 49.2222310622
1340.0 49.5925240136
1350.0 49.9628171826
1360.0 50.3331105679
1370.0 50.7034041687
1380.0 51.073697984
1390.0 51.4439920135
1400.0 51.8142862568
1410.0 52.184580714
1420.0 52.5548753851
1430.0 52.9251702707
1440.0 53.2954653713
1450.0 53.6657606879
1460.0 54.0360562214
1470.0 54.4063519731
1480.0 54.7766479446
1490.0 55.1469441375
1500.0 55.5172405538
1510.0 55.8875371955
1520.0 56.2578340649
1530.0 56.6281311647
1540.0 56.9984284974
1550.0 57.368726066
1560.0 57.7390238736
1570.0 58.1093219235
1580.0 58.4796202192
1590.0 58.8499187644
1600.0 59.2202175631
1610.0 59.5905166192
1620.0 59.9608159372
1630.0 60.3311155215
1640.0 60.7014153768
1650.0 61.071715508
1660.0 61.4420159201
1670.0 61.8123166186
1680.0 62.1826176088
1690.0 62.5529188965
1700.0 62.9232204875
1710.0 63.293522388
1720.0 63.6638246043
1730.0 64.0341271428
1740.0 64.4044300104
1750.0 64.7747332139
1760.0 65.1450367604
1770.0 65.5153406574
1780.0 65.8856449123
1790.0 66.2559495331
1800.0 66.6262545276
1810.0 66.9965599041
1820.0 67.366865671
1830.0 67.737171837
1840.0 68.107478411
1850.0 68.4777854021
1860.0 68.8480928196
1870.0 69.2184006731
1880.0 69.5887089725
1890.0 69.9590177276
1900.0 70.329326949
1910.0 70.6996366469
1920.0 71.0699468322
1930.0 71.440257516
1940.0 71.8105687094
1950.0 72.180880424
1960.0 72.5511926714
1970.0 72.9215054638
1980.0 73.2918188133
1990.0 73.6621327325
2000.0 74.0324472341
2010.0 74.4027623312
2020.0 74.7730780372
2030.0 75.1433943654
2040.0 75.5137113299
2050.0 75.8840289447
2060.0 76.2543472243
2070.0 76.6246661832
2080.0 76.9949858364
2090.0 77.3653061993
2100.0 77.7356272872
2110.0 78.1059491159
2120.0 78.4762717017
2130.0 78.8465950609
2140.0 79.2169192101
2150.0 79.5872441663
2160.0 79.9575699469
2170.0 80.3278965693
2180.0 80.6982240516
2190.0 81.0685524118
2200.0 81.4388816685
2210.0 81.8092118405
2220.0 82.179542947
2230.0 82.5498750073
2240.0 82.9202080413
2250.0 83.290542069
2260.0 83.6608771109
2270.0 84.0312131876
2280.0 84.4015503203
2290.0 84.7718885302
2300.0 85.1422278393
2310.0 85.5125682694
2320.0 85.882909843
2330.0 86.2532525828
2340.0 86.6235965119
2350.0 86.9939416536
2360.0 87.3642880318
2370.0 87.7346356704
2380.0 88.104984594
2390.0 88.4753348273
2400.0 88.8456863955
2410.0 89.2160393239
2420.0 89.5863936385
2430.0 89.9567493654
2440.0 90.3271065311
2450.0 90.6974651626
2460.0 91.067825287
2470.0 91.438186932
2480.0 91.8085501255
2490.0 92.1789148958
2500.0 92.5492812716
2510.0 92.9196492818
2520.0 93.2900189559
2530.0 93.6603903237
2540.0 94.0307634151
2550.0 94.4011382607
2560.0 94.7715148912
2570.0 95.1418933379
2580.0 95.5122736323
2590.0 95.8826558063
2600.0 96.2530398921
2610.0 96.6234259223
2620.0 96.9938139298
2630.0 97.3642039481
2640.0 97.7345960108
2650.0 98.1049901519
2660.0 98.4753864058
2670.0 98.8457848072
2680.0 99.2161853912
2690.0 99.5865881932
2700.0 99.9569932491
2710.0 100.327400595
2720.0 100.697810267
2730.0 101.068222303
2740.0 101.438636738
2750.0 101.809053612
2760.0 102.179472961
2770.0 102.549894825
2780.0 102.92031924
2790.0 103.290746247
2800.0 103.661175884
2810.0 104.03160819
2820.0 104.402043207
2830.0 104.772480972
2840.0 105.142921528
2850.0 105.513364914
2860.0 105.883811172
2870.0 106.254260343
2880.0 106.624712468
2890.0 106.99516759
2900.0 107.36562575
2910.0 107.736086991
2920.0 108.106551356
2930.0 108.477018888
2940.0 108.847489629
2950.0 109.217963624
2960.0 109.588440917
2970.0 109.95892155
2980.0 110.329405569
2990.0 110.699893017
3000.0 111.070383941
3010.0 111.440878384
3020.0 111.811376391
3030.0 112.181878009
3040.0 112.552383282
3050.0 112.922892256
3060.0 113.293404978
3070.0 113.663921493
3080.0 114.034441848
3090.0 114.404966089
3100.0 114.775494263
3110.0 115.146026416
3120.0 115.516562595
3130.0 115.887102848
3140.0 116.257647221
3150.0 116.628195762
3160.0 116.998748518
3170.0 117.369305537
3180.0 117.739866866
3190.0 118.110432553
3200.0 118.481002645
3210.0 118.85157719
3220.0 119.222156236
3230.0 119.592739831
3240.0 119.963328022
3250.0 120.333920858
3260.0 120.704518386
3270.0 121.075120655
3280.0 121.445727711
3290.0 121.816339604
3300.0 122.18695638
3310.0 122.557578087
3320.0 122.928204773
3330.0 123.298836486
3340.0 123.669473273
3350.0 124.040115182
3360.0 124.41076226
3370.0 124.781414553
3380.0 125.15207211
3390.0 125.522734977
3400.0 125.8934032
3410.0 126.264076827
3420.0 126.634755903
3430.0 127.005440475
3440.0 127.37613059
3450.0 127.746826291
3460.0 128.117527626
3470.0 128.48823464
3480.0 128.858947377
3490.0 129.229665882
3500.0 129.6003902
3510.0 129.971120374
3520.0 130.34185645
3530.0 130.712598469
3540.0 131.083346476
3550.0 131.454100513
3560.0 131.824860623
3570.0 132.195626847
3580.0 132.566399228
3590.0 132.937177806
3600.0 133.307962623
3610.0 133.678753719
3620.0 134.049551133
3630.0 134.420354905
3640.0 134.791165075
3650.0 135.161981681
3660.0 135.53280476
3670.0 135.90363435
3680.0 136.274470488
3690.0 136.645313211
3700.0 137.016162554
3710.0 137.387018552
3720.0 137.75788124
3730.0 138.128750653
3740.0 138.499626823
3750.0 138.870509783
3760.0 139.241399566
3770.0 139.612296203
3780.0 139.983199724
3790.0 140.35411016
3800.0 140.72502754
3810.0 141.095951894
3820.0 141.466883247
3830.0 141.837821629
3840.0 142.208767066
3850.0 142.579719582
3860.0 142.950679204
3870.0 143.321645955
3880.0 143.692619858
3890.0 144.063600937
3900.0 144.434589212
3910.0 144.805584704
3920.0 145.176587435
3930.0 145.547597421
3940.0 145.918614683
3950.0 146.289639236
3960.0 146.660671098
3970.0 147.031710285
3980.0 147.40275681
3990.0 147.773810687
4000.0 148.14487193
4010.0 148.515940549
4020.0 148.887016556
4030.0 149.258099961
4040.0 149.629190772
4050.0 150.000288998
4060.0 150.371394644
4070.0 150.742507718
4080.0 151.113628223
4090.0 151.484756164
4100.0 151.855891543
4110.0 152.227034362
4120.0 152.598184623
4130.0 152.969342323
4140.0 153.340507462
4150.0 153.711680038
4160.0 154.082860047
4170.0 154.454047484
4180.0 154.825242343
4190.0 155.196444617
4200.0 155.567654299
4210.0 155.938871379
4220.0 156.310095847
4230.0 156.681327692
4240.0 157.052566902
4250.0 157.423813462
4260.0 157.795067358
4270.0 158.166328574
4280.0 158.537597094
4290.0 158.908872899
4300.0 159.280155969
4310.0 159.651446285
4320.0 160.022743825
4330.0 160.394048566
4340.0 160.765360485
4350.0 161.136679556
4360.0 161.508005753
4370.0 161.87933905
4380.0 162.250679417
4390.0 162.622026825
4400.0 162.993381243
4410.0 163.36474264
4420.0 163.736110982
4430.0 164.107486236
4440.0 164.478868366
4450.0 164.850257336
4460.0 165.221653107
4470.0 165.593055643
4480.0 165.964464902
4490.0 166.335880844
4500.0 166.707303427
4510.0 167.078732607
4520.0 167.450168342
4530.0 167.821610584
4540.0 168.193059289
4550.0 168.564514408
4560.0 168.935975893
4570.0 169.307443694
4580.0 169.67891776
4590.0 170.050398041
4600.0 170.421884483
4610.0 170.793377032
4620.0 171.164875633
4630.0 171.536380231
4640.0 171.907890769
4650.0 172.279407189
4660.0 172.650929432
4670.0 173.022457439
4680.0 173.393991148
4690.0 173.765530498
4700.0 174.137075426
4710.0 174.508625869
4720.0 174.880181762
4730.0 175.25174304
4740.0 175.623309637
4750.0 175.994881485
4760.0 176.366458517
4770.0 176.738040663
4780.0 177.109627854
4790.0 177.48122002
4800.0 177.852817089
4810.0 178.22441899
4820.0 178.596025649
4830.0 178.967636993
4840.0 179.339252947
4850.0 179.710873437
4860.0 180.082498388
4870.0 180.454127722
4880.0 180.825761363
4890.0 181.197399223
4900.0 181.569041239
4910.0 181.940687324
4920.0 182.312337399
4930.0 182.683991382
4940.0 183.055649193
4950.0 183.427310751
4960.0 183.798975975
4970.0 184.170644781
4980.0 184.542317087
4990.0 184.913992809
5000.0 185.285671863
5010.0 185.657354166
5020.0 186.029039633
5030.0 186.400728177
5040.0 186.772419714
5050.0 187.144114159
5060.0 187.515811423
5070.0 187.887511422
5080.0 188.259214068
5090.0 188.630919273
5100.0 189.002626952
5110.0 189.374337015
5120.0 189.746049374
5130.0 190.117763943
5140.0 190.489480632
5150.0 190.861199353
5160.0 191.232920018
5170.0 191.604642537
5180.0 191.976366823
5190.0 192.348092785
5200.0 192.719820336
5210.0 193.091549385
5220.0 193.463279845
5230.0 193.835011626
5240.0 194.20674464
5250.0 194.578478796
5260.0 194.950214008
5270.0 195.321950184
5280.0 195.693687238
5290.0 196.065425081
5300.0 196.437163623
5310.0 196.808902778
5320.0 197.180642457
5330.0 197.552382571
5340.0 197.924123035
5350.0 198.295863759
5360.0 198.667604658
5370.0 199.039345644
5380.0 199.41108663
5390.0 199.782827532
5400.0 200.154568262
5410.0 200.526308736
5420.0 200.898048868
5430.0 201.269788574
5440.0 201.64152777
5450.0 202.013266371
5460.0 202.385004294
5470.0 202.756741456
5480.0 203.128477776
5490.0 203.50021317
5500.0 203.871947558
5510.0 204.243680859
5520.0 204.615412993
5530.0 204.987143879
5540.0 205.358873438
5550.0 205.730601593
5560.0 206.102328265
5570.0 206.474053376
5580.0 206.845776851
5590.0 207.217498613
5600.0 207.589218587
5610.0 207.960936698
5620.0 208.332652873
5630.0 208.704367038
5640.0 209.076079121
5650.0 209.447789049
5660.0 209.819496753
5670.0 210.191202162
5680.0 210.562905207
5690.0 210.934605818
5700.0 211.306303929
5710.0 211.677999471
5720.0 212.04969238
5730.0 212.42138259
5740.0 212.793070036
5750.0 213.164754654
5760.0 213.536436383
5770.0 213.908115159
5780.0 214.279790923
5790.0 214.651463614
5800.0 215.023133173
5810.0 215.394799541
5820.0 215.766462662