0.0 0.0
120.0 4.49785288101
120.625 4.52030807118
121.25 4.54277201431
122.5 4.58772547012
123.75 4.63271191449
125.0 4.67773008184
126.25 4.72277877087
127.5 4.76785684063
128.75 4.81296320697
130.0 4.85809683916
131.25 4.90325675676
132.5 4.94844202672
133.75 4.99365176061
135.0 5.03888511211
136.25 5.08414127462
137.5 5.12941947903
138.75 5.17471899159
140.0 5.22003911202
141.25 5.26537917165
142.5 5.3107385317
143.75 5.35611658165
145.0 5.40151273777
146.25 5.44692644167
147.5 5.49235715897
148.75 5.53780437805
150.0 5.58326760888
151.25 5.62874638187
152.5 5.67424024688
153.75 5.71974877219
155.0 5.76527154362
156.25 5.8108081636
157.5 5.85635825038
158.75 5.90192143726
160.0 5.94749737182
161.25 5.99308571528
162.5 6.03868614179
165.0 6.12992200169
167.5 6.22120258122
170.0 6.31252568113
172.5 6.40388925777
175.0 6.49529140924
177.5 6.58673036294
180.0 6.67820446441
182.5 6.76971216723
185.0 6.86125202393
187.5 6.9528226778
190.0 7.04442285546
192.5 7.13605136017
195.0 7.22770706572
197.5 7.31938891093
200.0 7.41109589461
202.5 7.50282707104
205.0 7.59458154581
207.5 7.68635847202
210.0 7.77815704686
212.5 7.86997650844
215.0 7.96181613292
217.5 8.05367523188
220.0 8.14555314992
222.5 8.23744926242
225.0 8.32936297353
230.0 8.513240941
235.0 8.69718279372
240.0 8.88118462853
245.0 9.06524285635
250.0 9.24935416688
255.0 9.43351549828
260.0 9.61772401123
265.0 9.80197706639
270.0 9.98627220493
275.0 10.1706071316
280.0 10.3549797
285.0 10.5393878992
290.0 10.7238298431
295.0 10.9083037594
300.0 11.0928079811
305.0 11.2773409386
310.0 11.4619011524
315.0 11.6464872264
320.0 11.8310978426
330.0 12.2003877874
340.0 12.5697618119
350.0 12.9392116963
360.0 13.3087300642
370.0 13.678310287
380.0 14.0479464015
390.0 14.4176330391
400.0 14.7873653634
410.0 15.1571390151
420.0 15.5269500642
430.0 15.8967949661
440.0 16.2666705235
450.0 16.6365738521
460.0 17.0065023493
470.0 17.3764536665
480.0 17.7464256843
490.0 18.1164164899
500.0 18.4864243565
510.0 18.8564477253
520.0 19.2264851889
530.0 19.5965354764
540.0 19.9665974399
550.0 20.3366700421
560.0 20.706752346
570.0 21.0768435042
580.0 21.4469427509
590.0 21.8170493931
600.0 22.1871628035
610.0 22.5572824146
620.0 22.9274077119
630.0 23.2975382293
640.0 23.6676735441
650.0 24.0378132726
660.0 24.4079570666
670.0 24.7781046093
680.0 25.1482556131
690.0 25.5184098157
700.0 25.8885669784
710.0 26.2587268836
720.0 26.6288893327
730.0 26.999054144
740.0 27.3692211517
750.0 27.7393902037
760.0 28.1095611607
770.0 28.479733895
780.0 28.8499082892
790.0 29.2200842353
800.0 29.5902616338
810.0 29.960440393
820.0 30.3306204283
830.0 30.7008016615
840.0 31.07098402
850.0 31.4411674368
860.0 31.8113518496
870.0 32.1815372003
880.0 32.5517234352
890.0 32.9219105039
900.0 33.2920983595
910.0 33.6622869584
920.0 34.0324762594
930.0 34.4026662241
940.0 34.7728568165
950.0 35.1430480027
960.0 35.5132397507
970.0 35.8834320306
980.0 36.2536248141
990.0 36.6238180742
1000.0 36.9940117858
1010.0 37.3642059247
1020.0 37.7344004682
1030.0 38.1045953948
1040.0 38.4747906838
1050.0 38.8449863156
1060.0 39.2151822717
1070.0 39.5853785341
1080.0 39.9555750859
1090.0 40.3257719107
1100.0 40.695968993
1110.0 41.0661663177
1120.0 41.4363638704
1130.0 41.8065616374
1140.0 42.1767596053
1150.0 42.5469577611
1160.0 42.9171560926
1170.0 43.2873545878
1180.0 43.6575532349
1190.0 44.0277520229
1200.0 44.3979509408
1210.0 44.7681499779
1220.0 45.1383491241
1230.0 45.5085483692
1240.0 45.8787477036
1250.0 46.2489471176
1260.0 46.619146602
1270.0 46.9893461476
1280.0 47.3595457455
1290.0 47.729745387
1300.0 48.0999450634
1310.0 48.4701447663
1320.0 48.8403444875
1330.0 49.2105442186
1340.0 49.5807439517
1350.0 49.9509436787
1360.0 50.3211433918
1370.0 50.6913430831
1380.0 51.0615427449
1390.0 51.4317423696
1400.0 51.8019419495
1410.0 52.172141477
1420.0 52.5423409447
1430.0 52.9125403449
1440.0 53.2827396703
1450.0 53.6529389134
1460.0 54.0231380667
1470.0 54.3933371227
1480.0 54.763536074
1490.0 55.1337349132
1500.0 55.5039336327
1510.0 55.8741322251
1520.0 56.2443306828
1530.0 56.6145289982
1540.0 56.9847271638
1550.0 57.3549251719
1560.0 57.7251230147
1570.0 58.0953206846
1580.0 58.4655181737
1590.0 58.8357154741
1600.0 59.2059125779
1610.0 59.576109477
1620.0 59.9463061634
1630.0 60.3165026288
1640.0 60.686698865
1650.0 61.0568948636
1660.0 61.4270906161
1670.0 61.797286114
1680.0 62.1674813485
1690.0 62.5376763109
1700.0 62.9078709922
1710.0 63.2780653835
1720.0 63.6482594756
1730.0 64.0184532592
1740.0 64.3886467249
1750.0 64.7588398632
1760.0 65.1290326644
1770.0 65.4992251186
1780.0 65.8694172159
1790.0 66.2396089462
1800.0 66.6098002991
1810.0 66.9799912643
1820.0 67.3501818311
1830.0 67.7203719888
1840.0 68.0905617264
1850.0 68.4607510328
1860.0 68.8309398967
1870.0 69.2011283067
1880.0 69.5713162511
1890.0 69.941503718
1900.0 70.3116906954
1910.0 70.6818771711
1920.0 71.0520631326
1930.0 71.4222485673
1940.0 71.7924334624
1950.0 72.1626178047
1960.0 72.532801581
1970.0 72.9029847779
1980.0 73.2731673816
1990.0 73.6433493782
2000.0 74.0135307535
2010.0 74.3837114931
2020.0 74.7538915824
2030.0 75.1240710065
2040.0 75.4942497504
2050.0 75.8644277986
2060.0 76.2346051356
2070.0 76.6047817455
2080.0 76.9749576122
2090.0 77.3451327194
2100.0 77.7153070503
2110.0 78.0854805882
2120.0 78.4556533158
2130.0 78.8258252158
2140.0 79.1959962703
2150.0 79.5661664616
2160.0 79.9363357712
2170.0 80.3065041807
2180.0 80.6766716711
2190.0 81.0468382235
2200.0 81.4170038184
2210.0 81.7871684361
2220.0 82.1573320565
2230.0 82.5274946595
2240.0 82.8976562243
2250.0 83.2678167302
2260.0 83.6379761558
2270.0 84.0081344796
2280.0 84.3782916799
2290.0 84.7484477345
2300.0 85.1186026208
2310.0 85.4887563162
2320.0 85.8589087975
2330.0 86.2290600413
2340.0 86.5992100237
2350.0 86.9693587208
2360.0 87.3395061081
2370.0 87.7096521609
2380.0 88.0797968541
2390.0 88.4499401622
2400.0 88.8200820596
2410.0 89.1902225201
2420.0 89.5603615173
2430.0 89.9304990243
2440.0 90.3006350142
2450.0 90.6707694594
2460.0 91.0409023322
2470.0 91.4110336043
2480.0 91.7811632473
2490.0 92.1512912323
2500.0 92.5214175302
2510.0 92.8915421113
2520.0 93.2616649458
2530.0 93.6317860034
2540.0 94.0019052535
2550.0 94.3720226652
2560.0 94.7421382071
2570.0 95.1122518477
2580.0 95.4823635548
2590.0 95.8524732962
2600.0 96.2225810391
2610.0 96.5926867504
2620.0 96.9627903967
2630.0 97.3328919443
2640.0 97.7029913591
2650.0 98.0730886065
2660.0 98.4431836518
2670.0 98.8132764598
2680.0 99.183366995
2690.0 99.5534552215
2700.0 99.9235411032
2710.0 100.293624604
2720.0 100.663705686
2730.0 101.033784312
2740.0 101.403860446
2750.0 101.773934049
2760.0 102.144005082
2770.0 102.514073509
2780.0 102.884139288
2790.0 103.254202382
2800.0 103.624262751
2810.0 103.994320355
2820.0 104.364375154
2830.0 104.734427107
2840.0 105.104476174
2850.0 105.474522314
2860.0 105.844565485
2870.0 106.214605646
2880.0 106.584642754
2890.0 106.954676768
2900.0 107.324707646
2910.0 107.694735343
2920.0 108.064759818
2930.0 108.434781027
2940.0 108.804798926
2950.0 109.174813471
2960.0 109.544824619
2970.0 109.914832326
2980.0 110.284836546
2990.0 110.654837234
3000.0 111.024834347
3010.0 111.394827838
3020.0 111.764817662
3030.0 112.134803774
3040.0 112.504786127
3050.0 112.874764676
3060.0 113.244739375
3070.0 113.614710176
3080.0 113.984677034
3090.0 114.354639901
3100.0 114.724598731
3110.0 115.094553477
3120.0 115.464504091
3130.0 115.834450526
3140.0 116.204392735
3150.0 116.574330671
3160.0 116.944264285
3170.0 117.31419353
3180.0 117.684118358
3190.0 118.054038722
3200.0 118.423954572
3210.0 118.793865862
3220.0 119.163772543
3230.0 119.533674567
3240.0 119.903571886
3250.0 120.273464452
3260.0 120.643352216
3270.0 121.013235131
3280.0 121.383113148
3290.0 121.75298622
3300.0 122.122854299
3310.0 122.492717335
3320.0 122.862575282
3330.0 123.232428092
3340.0 123.602275716
3350.0 123.972118107
3360.0 124.341955218
3370.0 124.711787001
3380.0 125.081613409
3390.0 125.451434395
3400.0 125.821249911
3410.0 126.191059911
3420.0 126.560864348
3430.0 126.930663176
3440.0 127.300456349
3450.0 127.67024382
3460.0 128.040025543
3470.0 128.409801474
3480.0 128.779571567
3490.0 129.149335776
3500.0 129.519094058
3510.0 129.888846367
3520.0 130.25859266
3530.0 130.628332894
3540.0 130.998067023
3550.0 131.367795006
3560.0 131.7375168
3570.0 132.107232362
3580.0 132.476941651
3590.0 132.846644625
3600.0 133.216341243
3610.0 133.586031464
3620.0 133.955715248
3630.0 134.325392556
3640.0 134.695063347
3650.0 135.064727585
3660.0 135.434385229
3670.0 135.804036243
3680.0 136.17368059
3690.0 136.543318232
3700.0 136.912949133
3710.0 137.282573259
3720.0 137.652190575
3730.0 138.021801045
3740.0 138.391404637
3750.0 138.761001317
3760.0 139.130591053
3770.0 139.500173814
3780.0 139.869749567
3790.0 140.239318284
3800.0 140.608879934
3810.0 140.978434488
3820.0 141.347981918
3830.0 141.717522197
3840.0 142.087055298
3850.0 142.456581195
3860.0 142.826099863
3870.0 143.195611277
3880.0 143.565115414
3890.0 143.934612251
3900.0 144.304101767
3910.0 144.673583939
3920.0 145.043058749
3930.0 145.412526176
3940.0 145.781986202
3950.0 146.15143881
3960.0 146.520883983
3970.0 146.890321704
3980.0 147.25975196
3990.0 147.629174736
4000.0 147.998590019
4010.0 148.367997798
4020.0 148.73739806
4030.0 149.106790797
4040.0 149.476175998
4050.0 149.845553657
4060.0 150.214923765
4070.0 150.584286316
4080.0 150.953641306
4090.0 151.322988731
4100.0 151.692328587
4110.0 152.061660872
4120.0 152.430985586
4130.0 152.800302728
4140.0 153.1696123
4150.0 153.538914305
4160.0 153.908208744
4170.0 154.277495623
4180.0 154.646774948
4190.0 155.016046725
4200.0 155.385310961
4210.0 155.754567666
4220.0 156.123816849
4230.0 156.493058521
4240.0 156.862292696
4250.0 157.231519385
4260.0 157.600738603
4270.0 157.969950367
4280.0 158.339154692
4290.0 158.708351597
4300.0 159.0775411
4310.0 159.446723221
4320.0 159.815897983
4330.0 160.185065406
4340.0 160.554225516
4350.0 160.923378335
4360.0 161.292523891
4370.0 161.661662211
4380.0 162.030793321
4390.0 162.399917253
4400.0 162.769034035
4410.0 163.1381437
4420.0 163.507246281
4430.0 163.87634181
4440.0 164.245430324
4450.0 164.614511857
4460.0 164.983586449
4470.0 165.352654136
4480.0 165.721714958
4490.0 166.090768956
4500.0 166.459816171
4510.0 166.828856647
4520.0 167.197890427
4530.0 167.566917556
4540.0 167.935938081
4550.0 168.304952047
4560.0 168.673959505
4570.0 169.042960502
4580.0 169.41195509
4590.0 169.780943319
4600.0 170.149925242
4610.0 170.518900913
4620.0 170.887870386
4630.0 171.256833717
4640.0 171.625790961
4650.0 171.994742178
4660.0 172.363687424
4670.0 172.73262676
4680.0 173.101560246
4690.0 173.470487943
4700.0 173.839409914
4710.0 174.208326222
4720.0 174.577236931
4730.0 174.946142105
4740.0 175.315041812
4750.0 175.683936117
4760.0 176.052825089
4770.0 176.421708795
4780.0 176.790587306
4790.0 177.15946069
4800.0 177.52832902
4810.0 177.897192367
4820.0 178.266050802
4830.0 178.6349044
4840.0 179.003753234
4850.0 179.372597379
4860.0 179.74143691
4870.0 180.110271903
4880.0 180.479102435
4890.0 180.847928592
4900.0 181.216750438
4910.0 181.58556806
4920.0 181.954381536
4930.0 182.323190946
4940.0 182.691996372
4950.0 183.060797893
4960.0 183.429595591
4970.0 183.798389549
4980.0 184.167179848
4990.0 184.535966572
5000.0 184.904749804
5010.0 185.273529628
5020.0 185.642306128
5030.0 186.01107939
5040.0 186.379849498
5050.0 186.748616537
5060.0 187.117380594
5070.0 187.486141755
5080.0 187.854900106
5090.0 188.223655733
5100.0 188.592408725
5110.0 188.961159167
5120.0 189.329907149
5130.0 189.698652756
5140.0 190.067396078
5150.0 190.436137201
5160.0 190.804876215
5170.0 191.173613207
5180.0 191.542348266
5190.0 191.91108148
5200.0 192.279812937
5210.0 192.648542727
5220.0 193.017270937
5230.0 193.385997656
5240.0 193.754722973
5250.0 194.123446976
5260.0 194.492169753
5270.0 194.860891393
5280.0 195.229611984
5290.0 195.598331613
5300.0 195.967050369
5310.0 196.335768339
5320.0 196.70448561
5330.0 197.073202271
5340.0 197.441918408
5350.0 197.810634108
5360.0 198.179349457
5370.0 198.548064542
5380.0 198.916779448
5390.0 199.285494262
5400.0 199.654209068
5410.0 200.022923951
5420.0 200.391638996
5430.0 200.760354287
5440.0 201.129069908
5450.0 201.497785941
5460.0 201.86650247
5470.0 202.235219577
5480.0 202.603937344
5490.0 202.972655851
5500.0 203.341375181
5510.0 203.710095412
5520.0 204.078816625
5530.0 204.447538899
5540.0 204.816262312
5550.0 205.184986942
5560.0 205.553712866
5570.0 205.922440162
5580.0 206.291168904
5590.0 206.659899169
5600.0 207.028631031
5610.0 207.397364563
5620.0 207.76609984
5630.0 208.134836933
5640.0 208.503575914
5650.0 208.872316855
5660.0 209.241059825
5670.0 209.609804893
5680.0 209.97855213
5690.0 210.347301601
5700.0 210.716053375
5710.0 211.084807518
5720.0 211.453564095
5730.0 211.82232317
5740.0 212.191084807
5750.0 212.559849069
5760.0 212.928616018
5770.0 213.297385715
5780.0 213.666158219
5790.0 214.034933591
5800.0 214.403711889
5810.0 214.772493169
5820.0 215.141277489