0.0 0.0
120.0 4.50719574138
120.625 4.52969959299
121.25 4.55221219756
122.5 4.59726297629
123.75 4.6423467436
125.0 4.68746223395
126.25 4.73260824599
127.5 4.77778363881
128.75 4.82298732825
130.0 4.86821828357
131.25 4.91347552434
132.5 4.95875811751
133.75 5.00406517464
135.0 5.04939584943
136.25 5.09474933526
137.5 5.14012486302
138.75 5.18552169898
140.0 5.23093914285
141.25 5.27637652596
142.5 5.32183320952
143.75 5.36730858302
145.0 5.41280206274
146.25 5.45831309027
147.5 5.50384113125
148.75 5.54938567405
150.0 5.59494622863
151.25 5.64052232541
152.5 5.68611351426
153.75 5.73171936346
155.0 5.77733945881
156.25 5.82297340275
157.5 5.86862081353
158.75 5.91428132446
160.0 5.95995458312
161.25 6.00564025071
162.5 6.05133800139
165.0 6.14276850977
167.5 6.23424373796
170.0 6.32576148671
172.5 6.41731971237
175.0 6.50891651304
177.5 6.60055011613
180.0 6.69221886718
182.5 6.78392121976
185.0 6.87565572641
187.5 6.96742103043
190.0 7.05921585844
192.5 7.1510390137
195.0 7.24288936999
197.5 7.33476586614
200.0 7.42666750098
202.5 7.51859332877
205.0 7.61054245512
207.5 7.70251403312
210.0 7.79450725996
212.5 7.88652137375
215.0 7.97855565068
217.5 8.07060940231
220.0 8.16268197324
222.5 8.25477273886
225.0 8.34688110332
230.0 8.5311483782
235.0 8.71547953928
240.0 8.89987068344
245.0 9.08431822162
250.0 9.26881884352
255.0 9.45336948736
260.0 9.63796731381
265.0 9.82260968357
270.0 10.0072941378
275.0 10.1920183814
280.0 10.3767802678
285.0 10.5615777864
290.0 10.7464090507
295.0 10.9312722888
300.0 11.1161658335
305.0 11.3010881155
310.0 11.4860376549
315.0 11.671013056
320.0 11.8560130007
330.0 12.2260816069
340.0 12.5962342987
350.0 12.9664628568
360.0 13.336759905
370.0 13.7071188149
380.0 14.0775336237
390.0 14.4479989631
400.0 14.8185099969
410.0 15.1890623664
420.0 15.5596521416
430.0 15.9302757786
440.0 16.3009300804
450.0 16.671612163
460.0 17.0423194242
470.0 17.4130495159
480.0 17.7838003191
490.0 18.1545699215
500.0 18.5253565967
510.0 18.8961587865
520.0 19.266975084
530.0 19.6378042187
540.0 20.0086450432
550.0 20.3794965211
560.0 20.7503577156
570.0 21.1212277803
580.0 21.4921059497
590.0 21.8629915315
600.0 22.2338838993
610.0 22.6047824861
620.0 22.9756867781
630.0 23.3465963101
640.0 23.7175106601
650.0 24.0884294453
660.0 24.4593523181
670.0 24.8302789628
680.0 25.2012090925
690.0 25.572142446
700.0 25.9430787855
710.0 26.3140178943
720.0 26.6849595748
730.0 27.0559036466
740.0 27.4268499447
750.0 27.7977983183
760.0 28.1687486292
770.0 28.5397007509
780.0 28.9106545672
790.0 29.2816099715
800.0 29.6525668655
810.0 30.023525159
820.0 30.3944847687
830.0 30.7654456179
840.0 31.1364076355
850.0 31.5073707561
860.0 31.8783349188
870.0 32.2493000675
880.0 32.6202661498
890.0 32.9912331174
900.0 33.3622009252
910.0 33.7331695312
920.0 34.1041388964
930.0 34.4751089843
940.0 34.8460797609
950.0 35.2170511944
960.0 35.5880232552
970.0 35.9589959154
980.0 36.329969149
990.0 36.7009429317
1000.0 37.0719172404
1010.0 37.4428920539
1020.0 37.8138673519
1030.0 38.1848431155
1040.0 38.5558193269
1050.0 38.9267959693
1060.0 39.2977730271
1070.0 39.6687504854
1080.0 40.0397283304
1090.0 40.4107065488
1100.0 40.7816851285
1110.0 41.1526640577
1120.0 41.5236433256
1130.0 41.8946229219
1140.0 42.265602837
1150.0 42.6365830618
1160.0 43.0075635878
1170.0 43.3785444071
1180.0 43.749525512
1190.0 44.1205068958
1200.0 44.4914885517
1210.0 44.8624704736
1220.0 45.233452656
1230.0 45.6044350934
1240.0 45.9754177809
1250.0 46.346400714
1260.0 46.7173838885
1270.0 47.0883673006
1280.0 47.4593509466
1290.0 47.8303348234
1300.0 48.2013189281
1310.0 48.572303258
1320.0 48.9432878109
1330.0 49.3142725847
1340.0 49.6852575776
1350.0 50.0562427881
1360.0 50.427228215
1370.0 50.7982138572
1380.0 51.1691997141
1390.0 51.5401857851
1400.0 51.91117207
1410.0 52.2821585687
1420.0 52.6531452813
1430.0 53.0241322084
1440.0 53.3951193506
1450.0 53.7661067086
1460.0 54.1370942836
1470.0 54.5080820769
1480.0 54.8790700899
1490.0 55.2500583244
1500.0 55.6210467821
1510.0 55.9920354654
1520.0 56.3630243763
1530.0 56.7340135176
1540.0 57.1050028918
1550.0 57.4759925019
1560.0 57.8469823511
1570.0 58.2179724425
1580.0 58.5889627797
1590.0 58.9599533665
1600.0 59.3309442067
1610.0 59.7019353043
1620.0 60.0729266638
1630.0 60.4439182897
1640.0 60.8149101865
1650.0 61.1859023592
1660.0 61.5568948129
1670.0 61.9278875528
1680.0 62.2988805846
1690.0 62.6698739138
1700.0 63.0408675463
1710.0 63.4118614884
1720.0 63.7828557462
1730.0 64.1538503262
1740.0 64.5248452353
1750.0 64.8958404803
1760.0 65.2668360684
1770.0 65.6378320069
1780.0 66.0088283033
1790.0 66.3798249656
1800.0 66.7508220016
1810.0 67.1218194197
1820.0 67.4928172281
1830.0 67.8638154356
1840.0 68.2348140512
1850.0 68.6058130838
1860.0 68.9768125428
1870.0 69.3478124378
1880.0 69.7188127787
1890.0 70.0898135754
1900.0 70.4608148382
1910.0 70.8318165777
1920.0 71.2028188046
1930.0 71.5738215298
1940.0 71.9448247648
1950.0 72.3158285208
1960.0 72.6868328098
1970.0 73.0578376437
1980.0 73.4288430347
1990.0 73.7998489955
2000.0 74.1708555386
2010.0 74.5418626773
2020.0 74.9128704247
2030.0 75.2838787945
2040.0 75.6548878005
2050.0 76.0258974569
2060.0 76.3969077779
2070.0 76.7679187784
2080.0 77.1389304731
2090.0 77.5099428775
2100.0 77.8809560069
2110.0 78.2519698772
2120.0 78.6229845045
2130.0 78.9939999052
2140.0 79.3650160959
2150.0 79.7360330936
2160.0 80.1070509157
2170.0 80.4780695797
2180.0 80.8490891035
2190.0 81.2201095052
2200.0 81.5911308034
2210.0 81.962153017
2220.0 82.333176165
2230.0 82.7042002668
2240.0 83.0752253423
2250.0 83.4462514116
2260.0 83.8172784949
2270.0 84.1883066132
2280.0 84.5593357874
2290.0 84.9303660389
2300.0 85.3013973894
2310.0 85.6724298611
2320.0 86.0434634762
2330.0 86.4144982575
2340.0 86.7855342281
2350.0 87.1565714114
2360.0 87.5276098311
2370.0 87.8986495113
2380.0 88.2696904764
2390.0 88.6407327512
2400.0 89.0117763609
2410.0 89.3828213308
2420.0 89.7538676869
2430.0 90.1249154554
2440.0 90.4959646626
2450.0 90.8670153356
2460.0 91.2380675016
2470.0 91.6091211881
2480.0 91.9801764231
2490.0 92.3512332349
2500.0 92.7222916522
2510.0 93.093351704
2520.0 93.4644134196
2530.0 93.8354768288
2540.0 94.2065419618
2550.0 94.5776088489
2560.0 94.948677521
2570.0 95.3197480092
2580.0 95.6908203451
2590.0 96.0618945606
2600.0 96.4329706879
2610.0 96.8040487596
2620.0 97.1751288087
2630.0 97.5462108686
2640.0 97.9172949728
2650.0 98.2883811554
2660.0 98.6594694508
2670.0 99.0305598937
2680.0 99.4016525192
2690.0 99.7727473628
2700.0 100.14384446
2710.0 100.514943848
2720.0 100.886045561
2730.0 101.257149638
2740.0 101.628256116
2750.0 101.999365031
2760.0 102.370476422
2770.0 102.741590326
2780.0 103.112706783
2790.0 103.483825832
2800.0 103.85494751
2810.0 104.226071858
2820.0 104.597198916
2830.0 104.968328723
2840.0 105.33946132
2850.0 105.710596748
2860.0 106.081735047
2870.0 106.45287626
2880.0 106.824020426
2890.0 107.19516759
2900.0 107.566317791
2910.0 107.937471074
2920.0 108.308627481
2930.0 108.679787054
2940.0 109.050949837
2950.0 109.422115874
2960.0 109.793285207
2970.0 110.164457882
2980.0 110.535633942
2990.0 110.906813433
3000.0 111.277996398
3010.0 111.649182882
3020.0 112.020372931
3030.0 112.39156659
3040.0 112.762763905
3050.0 113.133964921
3060.0 113.505169684
3070.0 113.876378241
3080.0 114.247590637
3090.0 114.618806919
3100.0 114.990027135
3110.0 115.361251329
3120.0 115.73247955
3130.0 116.103711844
3140.0 116.474948259
3150.0 116.846188842
3160.0 117.217433639
3170.0 117.5886827
3180.0 117.95993607
3190.0 118.331193798
3200.0 118.702455932
3210.0 119.073722518
3220.0 119.444993606
3230.0 119.816269242
3240.0 120.187549475
3250.0 120.558834353
3260.0 120.930123923
3270.0 121.301418233
3280.0 121.672717331
3290.0 122.044021264
3300.0 122.415330082
3310.0 122.786643831
3320.0 123.157962559
3330.0 123.529286313
3340.0 123.900615142
3350.0 124.271949092
3360.0 124.643288211
3370.0 125.014632546
3380.0 125.385982145
3390.0 125.757337053
3400.0 126.128697318
3410.0 126.500062986
3420.0 126.871434104
3430.0 127.242810718
3440.0 127.614192873
3450.0 127.985580617
3460.0 128.356973993
3470.0 128.728373048
3480.0 129.099777827
3490.0 129.471188373
3500.0 129.842604733
3510.0 130.214026949
3520.0 130.585455066
3530.0 130.956889127
3540.0 131.328329175
3550.0 131.699775254
3560.0 132.071227405
3570.0 132.442685671
3580.0 132.814150093
3590.0 133.185620713
3600.0 133.557097571
3610.0 133.928580708
3620.0 134.300070164
3630.0 134.671565978
3640.0 135.043068189
3650.0 135.414576836
3660.0 135.786091957
3670.0 136.157613589
3680.0 136.529141768
3690.0 136.900676533
3700.0 137.272217917
3710.0 137.643765957
3720.0 138.015320687
3730.0 138.386882141
3740.0 138.758450352
3750.0 139.130025354
3760.0 139.501607179
3770.0 139.873195857
3780.0 140.24479142
3790.0 140.616393897
3800.0 140.988003319
3810.0 141.359619714
3820.0 141.731243109
3830.0 142.102873532
3840.0 142.47451101
3850.0 142.846155569
3860.0 143.217807232
3870.0 143.589466024
3880.0 143.961131969
3890.0 144.332805089
3900.0 144.704485406
3910.0 145.07617294
3920.0 145.447867711
3930.0 145.81956974
3940.0 146.191279043
3950.0 146.562995638
3960.0 146.934719541
3970.0 147.306450769
3980.0 147.678189336
3990.0 148.049935255
4000.0 148.421688539
4010.0 148.7934492
4020.0 149.165217248
4030.0 149.536992695
4040.0 149.908775547
4050.0 150.280565814
4060.0 150.652363502
4070.0 151.024168617
4080.0 151.395981164
4090.0 151.767801146
4100.0 152.139628567
4110.0 152.511463428
4120.0 152.88330573
4130.0 153.255155472
4140.0 153.627012653
4150.0 153.99887727
4160.0 154.37074932
4170.0 154.742628798
4180.0 155.114515699
4190.0 155.486410015
4200.0 155.858311738
4210.0 156.23022086
4220.0 156.60213737
4230.0 156.974061256
4240.0 157.345992507
4250.0 157.717931109
4260.0 158.089877047
4270.0 158.461830304
4280.0 158.833790866
4290.0 159.205758712
4300.0 159.577733824
4310.0 159.949716181
4320.0 160.321705763
4330.0 160.693702546
4340.0 161.065706506
4350.0 161.437717618
4360.0 161.809735857
4370.0 162.181761195
4380.0 162.553793604
4390.0 162.925833053
4400.0 163.297879513
4410.0 163.669932951
4420.0 164.041993335
4430.0 164.414060631
4440.0 164.786134802
4450.0 165.158215813
4460.0 165.530303626
4470.0 165.902398203
4480.0 166.274499504
4490.0 166.646607487
4500.0 167.018722112
4510.0 167.390843334
4520.0 167.76297111
4530.0 168.135105394
4540.0 168.50724614
4550.0 168.8793933
4560.0 169.251546827
4570.0 169.623706669
4580.0 169.995872778
4590.0 170.3680451
4600.0 170.740223583
4610.0 171.112408173
4620.0 171.484598816
4630.0 171.856795456
4640.0 172.228998036
4650.0 172.601206497
4660.0 172.973420782
4670.0 173.34564083
4680.0 173.71786658
4690.0 174.090097972
4700.0 174.462334942
4710.0 174.834577426
4720.0 175.206825361
4730.0 175.579078681
4740.0 175.951337319
4750.0 176.323601208
4760.0 176.695870282
4770.0 177.068144469
4780.0 177.440423702
4790.0 177.81270791
4800.0 178.18499702
4810.0 178.557290962
4820.0 178.929589663
4830.0 179.301893048
4840.0 179.674201044
4850.0 180.046513576
4860.0 180.418830568
4870.0 180.791151944
4880.0 181.163477626
4890.0 181.535807527
4900.0 181.908141585
4910.0 182.280479712
4920.0 182.652821828
4930.0 183.025167852
4940.0 183.397517705
4950.0 183.769871305
4960.0 184.14222857
4970.0 184.514589417
4980.0 184.886953765
4990.0 185.259321529
5000.0 185.631692625
5010.0 186.004066969
5020.0 186.376444477
5030.0 186.748825063
5040.0 187.121208642
5050.0 187.493595127
5060.0 187.865984434
5070.0 188.238376474
5080.0 188.610771161
5090.0 188.983168408
5100.0 189.355568128
5110.0 189.727970233
5120.0 190.100374634
5130.0 190.472781244
5140.0 190.845189975
5150.0 191.217600737
5160.0 191.590013444
5170.0 191.962428005
5180.0 192.334844331
5190.0 192.707262335
5200.0 193.079681927
5210.0 193.452103019
5220.0 193.82452552
5230.0 194.196949343
5240.0 194.569374398
5250.0 194.941800596
5260.0 195.314227848
5270.0 195.686656067
5280.0 196.059085162
5290.0 196.431515046
5300.0 196.80394563
5310.0 197.176376827
5320.0 197.548808547
5330.0 197.921240703
5340.0 198.293673208
5350.0 198.666105974
5360.0 199.038538914
5370.0 199.410971941
5380.0 199.783404969
5390.0 200.155837912
5400.0 200.528270684
5410.0 200.9007032
5420.0 201.273135374
5430.0 201.645567121
5440.0 202.017998358
5450.0 202.390429
5460.0 202.762858965
5470.0 203.135288169
5480.0 203.50771653
5490.0 203.880143966
5500.0 204.252570396
5510.0 204.624995738
5520.0 204.997419913
5530.0 205.36984284
5540.0 205.742264442
5550.0 206.114684638
5560.0 206.487103351
5570.0 206.859520504
5580.0 207.231936021
5590.0 207.604349824
5600.0 207.97676184
5610.0 208.349171992
5620.0 208.721580209
5630.0 209.093986415
5640.0 209.466390539
5650.0 209.83879251
5660.0 210.211192255
5670.0 210.583589705
5680.0 210.955984791
5690.0 211.328377444
5700.0 211.700767596
5710.0 212.073155181
5720.0 212.445540131
5730.0 212.817922382
5740.0 213.19030187
5750.0 213.56267853
5760.0 213.9350523
5770.0 214.307423118
5780.0 214.679790923
5790.0 215.052155656
5800.0 215.424517256
5810.0 215.796875666
5820.0 216.169230828