0.0 0.0
120.0 4.50899937558
120.625 4.53151262111
121.25 4.55403461961
122.5 4.59910418618
123.75 4.64420674135
125.0 4.68934101953
126.25 4.73450581943
127.5 4.77970000009
128.75 4.82492247737
130.0 4.87017222054
131.25 4.91544824916
132.5 4.96074963017
133.75 5.00607547515
135.0 5.05142493778
136.25 5.09679721146
137.5 5.14219152707
138.75 5.18760715087
140.0 5.23304338259
141.25 5.27849955354
142.5 5.32397502495
143.75 5.3694691863
145.0 5.41498145386
146.25 5.46051126924
147.5 5.50605809806
148.75 5.5516214287
150.0 5.59720077113
151.25 5.64279565576
152.5 5.68840563245
153.75 5.7340302695
155.0 5.77966915269
156.25 5.82532188448
157.5 5.87098808311
158.75 5.91666738188
160.0 5.96235942838
161.25 6.00806388382
162.5 6.05378042235
165.0 6.14524850642
167.5 6.23676131031
170.0 6.32831663475
172.5 6.4199124361
175.0 6.51154681246
177.5 6.60321799124
180.0 6.69492431798
182.5 6.78666424625
185.0 6.8784363286
187.5 6.97023920831
190.0 7.06207161201
192.5 7.15393234296
195.0 7.24582027494
197.5 7.33773434679
200.0 7.42967355731
202.5 7.5216369608
205.0 7.61362366283
207.5 7.70563281652
210.0 7.79766361905
212.5 7.88971530854
215.0 7.98178716116
217.5 8.07387848848
220.0 8.1659886351
222.5 8.25811697641
225.0 8.35026291657
230.0 8.53460534283
235.0 8.7190116553
240.0 8.90347795084
245.0 9.08800064039
250.0 9.27257641368
255.0 9.4572022089
260.0 9.64187518674
265.0 9.82659270788
270.0 10.0113523135
275.0 10.1961517085
280.0 10.3809887463
285.0 10.5658614162
290.0 10.750767832
295.0 10.9357062214
300.0 11.1206749175
305.0 11.3056723508
310.0 11.4906970417
315.0 11.6757475942
320.0 11.8608226902
330.0 12.2310415992
340.0 12.6013445938
350.0 12.9717234546
360.0 13.3421708056
370.0 13.7126800182
380.0 14.0832451298
390.0 14.453860772
400.0 14.8245221085
410.0 15.1952247808
420.0 15.5659648588
430.0 15.9367387985
440.0 16.3075434031
450.0 16.6783757885
460.0 17.0492333524
470.0 17.4201137469
480.0 17.7910148529
490.0 18.161934758
500.0 18.532871736
510.0 18.9038242286
520.0 19.2747908288
530.0 19.6457702663
540.0 20.0167613936
550.0 20.3877631742
560.0 20.7587746716
570.0 21.129795039
580.0 21.5008235112
590.0 21.8718593957
600.0 22.2429020663
610.0 22.6139509558
620.0 22.9850055506
630.0 23.3560653854
640.0 23.7271300381
650.0 24.0981991261
660.0 24.4692723017
670.0 24.8403492492
680.0 25.2114296816
690.0 25.5825133379
700.0 25.9535999801
710.0 26.3246893917
720.0 26.695781375
730.0 27.0668757495
740.0 27.4379723504
750.0 27.8090710267
760.0 28.1801716404
770.0 28.5512740649
780.0 28.922378184
790.0 29.293483891
800.0 29.6645910878
810.0 30.0356996841
820.0 30.4068095966
830.0 30.7779207485
840.0 31.1490330689
850.0 31.5201464922
860.0 31.8912609577
870.0 32.2623764091
880.0 32.6334927943
890.0 33.0046100646
900.0 33.3757281752
910.0 33.746847084
920.0 34.1179667519
930.0 34.4890871425
940.0 34.8602082219
950.0 35.2313299582
960.0 35.6024523217
970.0 35.9735752847
980.0 36.3446988211
990.0 36.7158229065
1000.0 37.0869475181
1010.0 37.4580726343
1020.0 37.8291982351
1030.0 38.2003243014
1040.0 38.5714508156
1050.0 38.9425777608
1060.0 39.3137051213
1070.0 39.6848328824
1080.0 40.0559610301
1090.0 40.4270895513
1100.0 40.7982184337
1110.0 41.1693476657
1120.0 41.5404772364
1130.0 41.9116071355
1140.0 42.2827373533
1150.0 42.6538678809
1160.0 43.0249987097
1170.0 43.3961298317
1180.0 43.7672612395
1190.0 44.1383929259
1200.0 44.5095248846
1210.0 44.8806571093
1220.0 45.2517895944
1230.0 45.6229223346
1240.0 45.9940553249
1250.0 46.3651885608
1260.0 46.7363220381
1270.0 47.1074557529
1280.0 47.4785897017
1290.0 47.8497238812
1300.0 48.2208582887
1310.0 48.5919929214
1320.0 48.963127777
1330.0 49.3342628536
1340.0 49.7053981492
1350.0 50.0765336625
1360.0 50.4476693922
1370.0 50.8188053372
1380.0 51.1899414969
1390.0 51.5610778706
1400.0 51.9322144583
1410.0 52.3033512597
1420.0 52.6744882751
1430.0 53.045625505
1440.0 53.4167629499
1450.0 53.7879006107
1460.0 54.1590384885
1470.0 54.5301765845
1480.0 54.9013149003
1490.0 55.2724534375
1500.0 55.6435921981
1510.0 56.0147311841
1520.0 56.3858703978
1530.0 56.7570098418
1540.0 57.1281495188
1550.0 57.4992894317
1560.0 57.8704295836
1570.0 58.2415699778
1580.0 58.6127106178
1590.0 58.9838515073
1600.0 59.3549926502
1610.0 59.7261340507
1620.0 60.097275713
1630.0 60.4684176416
1640.0 60.8395598411
1650.0 61.2107023166
1660.0 61.5818450731
1670.0 61.9529881158
1680.0 62.3241314503
1690.0 62.6952750823
1700.0 63.0664190176
1710.0 63.4375632624
1720.0 63.8087078229
1730.0 64.1798527058
1740.0 64.5509979176
1750.0 64.9221434654
1760.0 65.2932893562
1770.0 65.6644355975
1780.0 66.0355821967
1790.0 66.4067291618
1800.0 66.7778765006
1810.0 67.1490242213
1820.0 67.5201723326
1830.0 67.8913208429
1840.0 68.2624697611
1850.0 68.6336190965
1860.0 69.0047688583
1870.0 69.3759190561
1880.0 69.7470696997
1890.0 70.1182207992
1900.0 70.4893723648
1910.0 70.860524407
1920.0 71.2316769367
1930.0 71.6028299647
1940.0 71.9739835024
1950.0 72.3451375613
1960.0 72.716292153
1970.0 73.0874472897
1980.0 73.4586029835
1990.0 73.8297592469
2000.0 74.2009160929
2010.0 74.5720735343
2020.0 74.9432315845
2030.0 75.314390257
2040.0 75.6855495658
2050.0 76.0567095249
2060.0 76.4278701488
2070.0 76.799031452
2080.0 77.1701934495
2090.0 77.5413561566
2100.0 77.9125195888
2110.0 78.2836837619
2120.0 78.6548486919
2130.0 79.0260143954
2140.0 79.3971808888
2150.0 79.7683481894
2160.0 80.1395163142
2170.0 80.510685281
2180.0 80.8818551075
2190.0 81.253025812
2200.0 81.624197413
2210.0 81.9953699293
2220.0 82.3665433801
2230.0 82.7377177847
2240.0 83.108893163
2250.0 83.480069535
2260.0 83.8512469211
2270.0 84.2224253421
2280.0 84.5936048191
2290.0 84.9647853734
2300.0 85.3359670267
2310.0 85.7071498011
2320.0 86.078333719
2330.0 86.4495188031
2340.0 86.8207050764
2350.0 87.1918925625
2360.0 87.5630812849
2370.0 87.9342712679
2380.0 88.3054625357
2390.0 88.6766551133
2400.0 89.0478490258
2410.0 89.4190442985
2420.0 89.7902409574
2430.0 90.1614390286
2440.0 90.5326385386
2450.0 90.9038395144
2460.0 91.2750419831
2470.0 91.6462459723
2480.0 92.0174515101
2490.0 92.3886586247
2500.0 92.7598673447
2510.0 93.1310776993
2520.0 93.5022897177
2530.0 93.8735034297
2540.0 94.2447188654
2550.0 94.6159360553
2560.0 94.9871550302
2570.0 95.3583758211
2580.0 95.7295984598
2590.0 96.1008229781
2600.0 96.4720494081
2610.0 96.8432777826
2620.0 97.2145081345
2630.0 97.5857404971
2640.0 97.956974904
2650.0 98.3282113894
2660.0 98.6994499876
2670.0 99.0706907333
2680.0 99.4419336616
2690.0 99.8131788079
2700.0 100.184426208
2710.0 100.555675898
2720.0 100.926927915
2730.0 101.298182294
2740.0 101.669439075
2750.0 102.040698293
2760.0 102.411959986
2770.0 102.783224194
2780.0 103.154490954
2790.0 103.525760304
2800.0 103.897032286
2810.0 104.268306937
2820.0 104.639584297
2830.0 105.010864407
2840.0 105.382147307
2850.0 105.753433037
2860.0 106.124721639
2870.0 106.496013155
2880.0 106.867307624
2890.0 107.23860509
2900.0 107.609905595
2910.0 107.98120918
2920.0 108.352515889
2930.0 108.723825765
2940.0 109.095138851
2950.0 109.466455191
2960.0 109.837774827
2970.0 110.209097805
2980.0 110.580424168
2990.0 110.951753961
3000.0 111.323087228
3010.0 111.694424016
3020.0 112.065764367
3030.0 112.437108329
3040.0 112.808455947
3050.0 113.179807266
3060.0 113.551162332
3070.0 113.922521191
3080.0 114.29388389
3090.0 114.665250475
3100.0 115.036620993
3110.0 115.40799549
3120.0 115.779374014
3130.0 116.150756611
3140.0 116.522143329
3150.0 116.893534214
3160.0 117.264929315
3170.0 117.636328678
3180.0 118.007732351
3190.0 118.379140382
3200.0 118.750552818
3210.0 119.121969707
3220.0 119.493391098
3230.0 119.864817037
3240.0 120.236247573
3250.0 120.607682753
3260.0 120.979122625
3270.0 121.350567238
3280.0 121.722016639
3290.0 122.093470876
3300.0 122.464929996
3310.0 122.836394047
3320.0 123.207863078
3330.0 123.579337135
3340.0 123.950816267
3350.0 124.32230052
3360.0 124.693789942
3370.0 125.06528458
3380.0 125.436784481
3390.0 125.808289692
3400.0 126.179800259
3410.0 126.55131623
3420.0 126.922837651
3430.0 127.294364567
3440.0 127.665897026
3450.0 128.037435072
3460.0 128.408978751
3470.0 128.780528109
3480.0 129.15208319
3490.0 129.52364404
3500.0 129.895210702
3510.0 130.266783221
3520.0 130.63836164
3530.0 131.009946004
3540.0 131.381536355
3550.0 131.753132737
3560.0 132.124735191
3570.0 132.496343759
3580.0 132.867958484
3590.0 133.239579407
3600.0 133.611206568
3610.0 133.982840008
3620.0 134.354479766
3630.0 134.726125883
3640.0 135.097778397
3650.0 135.469437347
3660.0 135.84110277
3670.0 136.212774705
3680.0 136.584453187
3690.0 136.956138254
3700.0 137.327829941
3710.0 137.699528284
3720.0 138.071233317
3730.0 138.442945074
3740.0 138.814663588
3750.0 139.186388893
3760.0 139.55812102
3770.0 139.929860001
3780.0 140.301605866
3790.0 140.673358647
3800.0 141.045118371
3810.0 141.416885069
3820.0 141.788658767
3830.0 142.160439493
3840.0 142.532227274
3850.0 142.904022135
3860.0 143.275824101
3870.0 143.647633196
3880.0 144.019449443
3890.0 144.391272866
3900.0 144.763103486
3910.0 145.134941322
3920.0 145.506786397
3930.0 145.878638728
3940.0 146.250498333
3950.0 146.622365231
3960.0 146.994239438
3970.0 147.366120968
3980.0 147.738009838
3990.0 148.109906059
4000.0 148.481809646
4010.0 148.85372061
4020.0 149.225638962
4030.0 149.597564711
4040.0 149.969497866
4050.0 150.341438436
4060.0 150.713386426
4070.0 151.085341844
4080.0 151.457304694
4090.0 151.829274979
4100.0 152.201252702
4110.0 152.573237866
4120.0 152.945230471
4130.0 153.317230515
4140.0 153.689237999
4150.0 154.061252919
4160.0 154.433275272
4170.0 154.805305053
4180.0 155.177342256
4190.0 155.549386875
4200.0 155.921438901
4210.0 156.293498326
4220.0 156.665565138
4230.0 157.037639327
4240.0 157.409720881
4250.0 157.781809786
4260.0 158.153906026
4270.0 158.526009587
4280.0 158.898120451
4290.0 159.2702386
4300.0 159.642364014
4310.0 160.014496675
4320.0 160.386636559
4330.0 160.758783645
4340.0 161.130937907
4350.0 161.503099323
4360.0 161.875267864
4370.0 162.247443505
4380.0 162.619626216
4390.0 162.991815969
4400.0 163.364012731
4410.0 163.736216472
4420.0 164.108427159
4430.0 164.480644757
4440.0 164.852869231
4450.0 165.225100545
4460.0 165.597338661
4470.0 165.969583541
4480.0 166.341835144
4490.0 166.714093431
4500.0 167.086358358
4510.0 167.458629883
4520.0 167.830907961
4530.0 168.203192548
4540.0 168.575483597
4550.0 168.94778106
4560.0 169.320084889
4570.0 169.692395035
4580.0 170.064711446
4590.0 170.43703407
4600.0 170.809362856
4610.0 171.18169775
4620.0 171.554038696
4630.0 171.926385638
4640.0 172.29873852
4650.0 172.671097285
4660.0 173.043461872
4670.0 173.415832223
4680.0 173.788208276
4690.0 174.16058997
4700.0 174.532977243
4710.0 174.90537003
4720.0 175.277768268
4730.0 175.65017189
4740.0 176.022580831
4750.0 176.394995024
4760.0 176.767414399
4770.0 177.13983889
4780.0 177.512268426
4790.0 177.884702936
4800.0 178.257142349
4810.0 178.629586594
4820.0 179.002035597
4830.0 179.374489285
4840.0 179.746947584
4850.0 180.119410419
4860.0 180.491877713
4870.0 180.864349392
4880.0 181.236825377
4890.0 181.609305581
4900.0 181.981789942
4910.0 182.354278371
4920.0 182.72677079
4930.0 183.099267117
4940.0 183.471767273
4950.0 183.844271175
4960.0 184.216778743
4970.0 184.589289893
4980.0 184.961804544
4990.0 185.33432261
5000.0 185.706844009
5010.0 186.079368656
5020.0 186.451896467
5030.0 186.824427356
5040.0 187.196961237
5050.0 187.569498026
5060.0 187.942037634
5070.0 188.314579977
5080.0 188.687124968
5090.0 189.059672517
5100.0 189.43222254
5110.0 189.804774947
5120.0 190.177329651
5130.0 190.549886564
5140.0 190.922445598
5150.0 191.295006663
5160.0 191.667569672
5170.0 192.040134536
5180.0 192.412701165
5190.0 192.785269472
5200.0 193.157839367
5210.0 193.530410761
5220.0 193.902983565
5230.0 194.275557691
5240.0 194.648133048
5250.0 195.020709549
5260.0 195.393287105
5270.0 195.765865626
5280.0 196.138445024
5290.0 196.511025211
5300.0 196.883606098
5310.0 197.256187597
5320.0 197.628769619
5330.0 198.001352078
5340.0 198.373934886
5350.0 198.746517955
5360.0 199.119101198
5370.0 199.491684528
5380.0 199.864267859
5390.0 200.236851105
5400.0 200.609434179
5410.0 200.982016998
5420.0 201.354599474
5430.0 201.727181524
5440.0 202.099763064
5450.0 202.472344009
5460.0 202.844924277
5470.0 203.217503784
5480.0 203.590082447
5490.0 203.962660186
5500.0 204.335236918
5510.0 204.707812564
5520.0 205.080387041
5530.0 205.452960271
5540.0 205.825532175
5550.0 206.198102674
5560.0 206.57067169
5570.0 206.943239146
5580.0 207.315804965
5590.0 207.688369072
5600.0 208.06093139
5610.0 208.433491845
5620.0 208.806050364
5630.0 209.178606874
5640.0 209.551161301
5650.0 209.923713574
5660.0 210.296263622
5670.0 210.668811375
5680.0 211.041356764
5690.0 211.41389972
5700.0 211.786440174
5710.0 212.158978061
5720.0 212.531513315
5730.0 212.904045868
5740.0 213.276575659
5750.0 213.649102621
5760.0 214.021626694
5770.0 214.394147815
5780.0 214.766665923
5790.0 215.139180958
5800.0 215.511692861
5810.0 215.884201574
5820.0 216.256707039