0.0 0.0
120.0 4.50679349323
120.625 4.52929524979
121.25 4.55180575931
122.5 4.59685234795
123.75 4.64193192517
125.0 4.68704322542
126.25 4.73218504737
127.5 4.77735625009
128.75 4.82255574943
130.0 4.86778251466
131.25 4.91303556534
132.5 4.9583139684
133.75 5.00361683544
135.0 5.04894332013
136.25 5.09429261587
137.5 5.13966395354
138.75 5.1850565994
140.0 5.23046985318
141.25 5.27590304619
142.5 5.32135553965
143.75 5.36682672306
145.0 5.41231601268
146.25 5.45782285012
147.5 5.503346701
148.75 5.5488870537
150.0 5.59444341819
151.25 5.64001532488
152.5 5.68560232363
153.75 5.73120398273
155.0 5.77681988798
156.25 5.82244964183
157.5 5.86809286252
158.75 5.91374918335
160.0 5.95941825191
161.25 6.00509972941
162.5 6.05079329
165.0 6.14221541819
167.5 6.23368226619
170.0 6.32519163475
172.5 6.41674148022
175.0 6.50832990069
177.5 6.59995512359
180.0 6.69161549445
182.5 6.78330946684
185.0 6.8750355933
187.5 6.96679251713
190.0 7.05857896495
192.5 7.15039374001
195.0 7.24223571612
197.5 7.33410383208
200.0 7.42599708672
202.5 7.51791453433
205.0 7.60985528048
207.5 7.70181847829
210.0 7.79380332494
212.5 7.88580905854
215.0 7.97783495528
217.5 8.06988032671
220.0 8.16194451746
222.5 8.25402690288
225.0 8.34612688716
230.0 8.53037740165
235.0 8.71469180236
240.0 8.89906618613
245.0 9.08349696392
250.0 9.26798082545
255.0 9.4525147089
260.0 9.63709577498
265.0 9.82172138436
270.0 10.0063890782
275.0 10.1910965614
280.0 10.3758416875
285.0 10.5606224456
290.0 10.7454369496
295.0 10.9302834272
300.0 11.1151602117
305.0 11.3000657332
310.0 11.4849985123
315.0 11.669957153
320.0 11.8549403373
330.0 12.2249754227
340.0 12.5950945938
350.0 12.9652896311
360.0 13.3355531585
370.0 13.7058785477
380.0 14.0762598357
390.0 14.4466916543
400.0 14.8171691674
410.0 15.1876880161
420.0 15.5582442706
430.0 15.9288343868
440.0 16.2994551678
450.0 16.6701037296
460.0 17.0407774701
470.0 17.411474041
480.0 17.7821913235
490.0 18.1529274051
500.0 18.5236805595
510.0 18.8944492286
520.0 19.2652320053
530.0 19.6360276192
540.0 20.006834923
550.0 20.3776528801
560.0 20.7484805539
570.0 21.1193170978
580.0 21.4901617465
590.0 21.8610138075
600.0 22.2318726545
610.0 22.6027377205
620.0 22.9736084918
630.0 23.344484503
640.0 23.7153653323
650.0 24.0862505967
660.0 24.4571399487
670.0 24.8280330727
680.0 25.1989296816
690.0 25.5698295143
700.0 25.9407323331
710.0 26.3116379211
720.0 26.6825460809
730.0 27.0534566319
740.0 27.4243694092
750.0 27.795284262
760.0 28.1662010522
770.0 28.5371196532
780.0 28.9080399487
790.0 29.2789618322
800.0 29.6498852055
810.0 30.0208099782
820.0 30.3917360672
830.0 30.7626633955
840.0 31.1335918924
850.0 31.5045214922
860.0 31.8754521342
870.0 32.2463837621
880.0 32.6173163237
890.0 32.9882497705
900.0 33.3591840575
910.0 33.7301191428
920.0 34.1010549872
930.0 34.4719915543
940.0 34.8429288101
950.0 35.2138667229
960.0 35.5848052629
970.0 35.9557444023
980.0 36.3266841152
990.0 36.6976243771
1000.0 37.0685651651
1010.0 37.4395064578
1020.0 37.8104482351
1030.0 38.1813904779
1040.0 38.5523331685
1050.0 38.9232762902
1060.0 39.2942198272
1070.0 39.6651637648
1080.0 40.0361080889
1090.0 40.4070527866
1100.0 40.7779978455
1110.0 41.148943254
1120.0 41.5198890011
1130.0 41.8908350767
1140.0 42.261781471
1150.0 42.632728175
1160.0 43.0036751803
1170.0 43.3746224788
1180.0 43.745570063
1190.0 44.1165179259
1200.0 44.4874660611
1210.0 44.8584144623
1220.0 45.2293631239
1230.0 45.6003120405
1240.0 45.9712612073
1250.0 46.3422106196
1260.0 46.7131602734
1270.0 47.0841101646
1280.0 47.4550602899
1290.0 47.826010646
1300.0 48.1969612299
1310.0 48.567912039
1320.0 48.9388630712
1330.0 49.3098143242
1340.0 49.6807657963
1350.0 50.0517174861
1360.0 50.4226693922
1370.0 50.7936215137
1380.0 51.1645738498
1390.0 51.5355264
1400.0 51.9064791641
1410.0 52.2774321421
1420.0 52.648385334
1430.0 53.0193387403
1440.0 53.3902923617
1450.0 53.761246199
1460.0 54.1322002532
1470.0 54.5031545257
1480.0 54.874109018
1490.0 55.2450637316
1500.0 55.6160186687
1510.0 55.9869738311
1520.0 56.3579292213
1530.0 56.7288848418
1540.0 57.0998406953
1550.0 57.4707967846
1560.0 57.841753113
1570.0 58.2127096837
1580.0 58.5836665001
1590.0 58.9546235661
1600.0 59.3255808855
1610.0 59.6965384625
1620.0 60.0674963012
1630.0 60.4384544063
1640.0 60.8094127823
1650.0 61.1803714343
1660.0 61.5513303672
1670.0 61.9222895864
1680.0 62.2932490974
1690.0 62.6642089058
1700.0 63.0351690176
1710.0 63.4061294389
1720.0 63.7770901759
1730.0 64.1480512352
1740.0 64.5190126235
1750.0 64.8899743477
1760.0 65.260936415
1770.0 65.6318988328
1780.0 66.0028616085
1790.0 66.37382475
1800.0 66.7447882653
1810.0 67.1157521625
1820.0 67.4867164502
1830.0 67.857681137
1840.0 68.2286462317
1850.0 68.5996117436
1860.0 68.9705776819
1870.0 69.3415440561
1880.0 69.7125108762
1890.0 70.0834781522
1900.0 70.4544458942
1910.0 70.8254141129
1920.0 71.196382819
1930.0 71.5673520235
1940.0 71.9383217377
1950.0 72.309291973
1960.0 72.6802627412
1970.0 73.0512340544
1980.0 73.4222059246
1990.0 73.7931783646
2000.0 74.164151387
2010.0 74.5351250049
2020.0 74.9060992315
2030.0 75.2770740806
2040.0 75.6480495658
2050.0 76.0190257014
2060.0 76.3900025017
2070.0 76.7609799814
2080.0 77.1319581554
2090.0 77.502937039
2100.0 77.8739166476
2110.0 78.2448969972
2120.0 78.6158781037
2130.0 78.9868599836
2140.0 79.3578426536
2150.0 79.7288261306
2160.0 80.0998104319
2170.0 80.4707955751
2180.0 80.8417815781
2190.0 81.2127684591
2200.0 81.5837562365
2210.0 81.9547449293
2220.0 82.3257345565
2230.0 82.6967251376
2240.0 83.0677166924
2250.0 83.4387092409
2260.0 83.8097028035
2270.0 84.180697401
2280.0 84.5516930544
2290.0 84.9226897851
2300.0 85.2936876149
2310.0 85.6646865658
2320.0 86.0356866601
2330.0 86.4066879207
2340.0 86.7776903705
2350.0 87.148694033
2360.0 87.519698932
2370.0 87.8907050914
2380.0 88.2617125357
2390.0 88.6327212898
2400.0 89.0037313787
2410.0 89.3747428279
2420.0 89.7457556633
2430.0 90.1167699109
2440.0 90.4877855974
2450.0 90.8588027496
2460.0 91.2298213948
2470.0 91.6008415606
2480.0 91.9718632748
2490.0 92.3428865659
2500.0 92.7139114624
2510.0 93.0849379934
2520.0 93.4559661883
2530.0 93.8269960768
2540.0 94.198027689
2550.0 94.5690610553
2560.0 94.9400962066
2570.0 95.3111331741
2580.0 95.6821719892
2590.0 96.053212684
2600.0 96.4242552905
2610.0 96.7952998414
2620.0 97.1663463698
2630.0 97.5373949088
2640.0 97.9084454923
2650.0 98.2794981541
2660.0 98.6505529288
2670.0 99.0216098509
2680.0 99.3926689557
2690.0 99.7637302785
2700.0 100.134793855
2710.0 100.505859722
2720.0 100.876927915
2730.0 101.247998471
2740.0 101.619071427
2750.0 101.990146822
2760.0 102.361224692
2770.0 102.732305076
2780.0 103.103388012
2790.0 103.47447354
2800.0 103.845561697
2810.0 104.216652525
2820.0 104.587746062
2830.0 104.958842348
2840.0 105.329941424
2850.0 105.701043331
2860.0 106.07214811
2870.0 106.443255802
2880.0 106.814366448
2890.0 107.18548009
2900.0 107.556596771
2910.0 107.927716533
2920.0 108.298839419
2930.0 108.669965471
2940.0 109.041094734
2950.0 109.412227249
2960.0 109.783363062
2970.0 110.154502216
2980.0 110.525644756
2990.0 110.896790726
3000.0 111.26794017
3010.0 111.639093133
3020.0 112.010249662
3030.0 112.3814098
3040.0 112.752573594
3050.0 113.123741089
3060.0 113.494912332
3070.0 113.866087367
3080.0 114.237266243
3090.0 114.608449005
3100.0 114.979635699
3110.0 115.350826373
3120.0 115.722021073
3130.0 116.093219847
3140.0 116.464422741
3150.0 116.835629802
3160.0 117.206841079
3170.0 117.578056619
3180.0 117.949276468
3190.0 118.320500676
3200.0 118.691729289
3210.0 119.062962354
3220.0 119.434199921
3230.0 119.805442037
3240.0 120.176688749
3250.0 120.547940106
3260.0 120.919196155
3270.0 121.290456944
3280.0 121.661722521
3290.0 122.032992934
3300.0 122.404268231
3310.0 122.775548459
3320.0 123.146833666
3330.0 123.5181239
3340.0 123.889419208
3350.0 124.260719638
3360.0 124.632025236
3370.0 125.00333605
3380.0 125.374652128
3390.0 125.745973515
3400.0 126.117300259
3410.0 126.488632407
3420.0 126.859970004
3430.0 127.231313097
3440.0 127.602661732
3450.0 127.974015954
3460.0 128.34537581
3470.0 128.716741344
3480.0 129.088112602
3490.0 129.459489628
3500.0 129.830872467
3510.0 130.202261162
3520.0 130.573655758
3530.0 130.945056298
3540.0 131.316462826
3550.0 131.687875384
3560.0 132.059294014
3570.0 132.430718759
3580.0 132.802149661
3590.0 133.17358676
3600.0 133.545030097
3610.0 133.916479714
3620.0 134.287935649
3630.0 134.659397942
3640.0 135.030866633
3650.0 135.402341759
3660.0 135.773823359
3670.0 136.14531147
3680.0 136.516806129
3690.0 136.888307372
3700.0 137.259815236
3710.0 137.631329755
3720.0 138.002850964
3730.0 138.374378897
3740.0 138.745913588
3750.0 139.117455069
3760.0 139.489003373
3770.0 139.86055853
3780.0 140.232120572
3790.0 140.603689529
3800.0 140.97526543
3810.0 141.346848304
3820.0 141.718438179
3830.0 142.090035081
3840.0 142.461639038
3850.0 142.833250076
3860.0 143.204868218
3870.0 143.57649349
3880.0 143.948125914
3890.0 144.319765513
3900.0 144.691412309
3910.0 145.063066322
3920.0 145.434727573
3930.0 145.806396081
3940.0 146.178071863
3950.0 146.549754937
3960.0 146.92144532
3970.0 147.293143027
3980.0 147.664848073
3990.0 148.036560471
4000.0 148.408280235
4010.0 148.780007375
4020.0 149.151741903
4030.0 149.523483828
4040.0 149.89523316
4050.0 150.266989906
4060.0 150.638754073
4070.0 151.010525668
4080.0 151.382304694
4090.0 151.754091155
4100.0 152.125885055
4110.0 152.497686396
4120.0 152.869495176
4130.0 153.241311398
4140.0 153.613135058
4150.0 153.984966154
4160.0 154.356804684
4170.0 154.728650641
4180.0 155.100504021
4190.0 155.472364816
4200.0 155.844233019
4210.0 156.21610862
4220.0 156.587991609
4230.0 156.959881975
4240.0 157.331779705
4250.0 157.703684786
4260.0 158.075597203
4270.0 158.44751694
4280.0 158.81944398
4290.0 159.191378305
4300.0 159.563319897
4310.0 159.935268734
4320.0 160.307224794
4330.0 160.679188056
4340.0 161.051158496
4350.0 161.423136087
4360.0 161.795120806
4370.0 162.167112623
4380.0 162.53911151
4390.0 162.911117439
4400.0 163.283130378
4410.0 163.655150296
4420.0 164.027177159
4430.0 164.399210934
4440.0 164.771251584
4450.0 165.143299075
4460.0 165.515353367
4470.0 165.887414423
4480.0 166.259482203
4490.0 166.631556666
4500.0 167.00363777
4510.0 167.375725471
4520.0 167.747819726
4530.0 168.119920489
4540.0 168.492027715
4550.0 168.864141354
4560.0 169.23626136
4570.0 169.608387682
4580.0 169.980520269
4590.0 170.35265907
4600.0 170.724804033
4610.0 171.096955103
4620.0 171.469112225
4630.0 171.841275344
4640.0 172.213444403
4650.0 172.585619343
4660.0 172.957800107
4670.0 173.329986634
4680.0 173.702178864
4690.0 174.074376735
4700.0 174.446580184
4710.0 174.818789148
4720.0 175.191003562
4730.0 175.563223361
4740.0 175.935448478
4750.0 176.307678847
4760.0 176.679914399
4770.0 177.052155066
4780.0 177.424400779
4790.0 177.796651465
4800.0 178.168907055
4810.0 178.541167476
4820.0 178.913432656
4830.0 179.28570252
4840.0 179.657976996
4850.0 180.030256007
4860.0 180.402539478
4870.0 180.774827333
4880.0 181.147119495
4890.0 181.519415875
4900.0 181.891716412
4910.0 182.264021018
4920.0 182.636329613
4930.0 183.008642117
4940.0 183.380958449
4950.0 183.753278528
4960.0 184.125602272
4970.0 184.497929599
4980.0 184.870260426
4990.0 185.242594669
5000.0 185.614932244
5010.0 185.987273068
5020.0 186.359617055
5030.0 186.73196412
5040.0 187.104314178
5050.0 187.476667143
5060.0 187.849022929
5070.0 188.221381448
5080.0 188.593742615
5090.0 188.966106341
5100.0 189.33847254
5110.0 189.710841124
5120.0 190.083212004
5130.0 190.455585094
5140.0 190.827960304
5150.0 191.200337545
5160.0 191.572716731
5170.0 191.945097771
5180.0 192.317480577
5190.0 192.68986506
5200.0 193.062251132
5210.0 193.434638702
5220.0 193.807027683
5230.0 194.179417985
5240.0 194.551809519
5250.0 194.924202196
5260.0 195.296595928
5270.0 195.668990626
5280.0 196.0413862
5290.0 196.413782564
5300.0 196.786179627
5310.0 197.158577302
5320.0 197.530975502
5330.0 197.903374137
5340.0 198.275773121
5350.0 198.648172366
5360.0 199.020571786
5370.0 199.392971292
5380.0 199.7653708
5390.0 200.137770222
5400.0 200.510169473
5410.0 200.882568468
5420.0 201.254967121
5430.0 201.627365348
5440.0 201.999763064
5450.0 202.372160186
5460.0 202.74455663
5470.0 203.116952313
5480.0 203.489347153
5490.0 203.861741068
5500.0 204.234133977
5510.0 204.606525799
5520.0 204.978916453
5530.0 205.35130586
5540.0 205.72369394
5550.0 206.096080615
5560.0 206.468465808
5570.0 206.84084944
5580.0 207.213231436
5590.0 207.585611719
5600.0 207.957990213
5610.0 208.330366845
5620.0 208.702741541
5630.0 209.075114227
5640.0 209.44748483
5650.0 209.81985328
5660.0 210.192219504
5670.0 210.564583434
5680.0 210.936944999
5690.0 211.309304131
5700.0 211.681660763
5710.0 212.054014826
5720.0 212.426366256
5730.0 212.798714986
5740.0 213.171060953
5750.0 213.543404092
5760.0 213.915744341
5770.0 214.288081639
5780.0 214.660415923
5790.0 215.032747135
5800.0 215.405075214
5810.0 215.777400104
5820.0 216.149721745