0.0 0.0
120.0 4.50716114029
120.625 4.52966481168
121.25 4.55217723603
122.5 4.59722765432
123.75 4.6423110612
125.0 4.6874261911
126.25 4.73257184271
127.5 4.77774687509
128.75 4.82295020409
130.0 4.86818079897
131.25 4.91343767931
132.5 4.95871991203
133.75 5.00402660873
135.0 5.04935692308
136.25 5.09471004847
137.5 5.14008521579
138.75 5.18548169131
140.0 5.23089877475
141.25 5.27633579741
142.5 5.32179212053
143.75 5.3672671336
145.0 5.41276025288
146.25 5.45827091997
147.5 5.50379860051
148.75 5.54934278287
150.0 5.59490297701
151.25 5.64047871336
152.5 5.68606954177
153.75 5.73167503053
155.0 5.77729476544
156.25 5.82292834894
157.5 5.86857539929
158.75 5.91423554977
160.0 5.95990844799
161.25 6.00559375514
162.5 6.05129114539
165.0 6.14272093289
167.5 6.23419544021
170.0 6.32571246808
172.5 6.41726997286
175.0 6.50886605265
177.5 6.60049893487
180.0 6.69216696504
182.5 6.78386859674
185.0 6.87560238252
187.5 6.96736696566
190.0 7.05916107279
192.5 7.15098350717
195.0 7.24283314259
197.5 7.33470891786
200.0 7.42660983182
202.5 7.51853493874
205.0 7.61048334421
207.5 7.70245420133
210.0 7.79444670729
212.5 7.88646010021
215.0 7.97849365626
217.5 8.07054668701
220.0 8.16261853706
222.5 8.25470858181
225.0 8.34681622539
230.0 8.53108205852
235.0 8.71541177785
240.0 8.89980148025
245.0 9.08424757667
250.0 9.26874675682
255.0 9.4532959589
260.0 9.6378923436
265.0 9.82253327161
270.0 10.0072162841
275.0 10.1919390859
280.0 10.3766995306
285.0 10.5614956074
290.0 10.74632543
295.0 10.9311872263
300.0 11.1160793293
305.0 11.3010001695
310.0 11.4859482672
315.0 11.6709222265
320.0 11.8559207294
330.0 12.2259864521
340.0 12.5961362604
350.0 12.966361935
360.0 13.3366560997
370.0 13.7070121261
380.0 14.0774240514
390.0 14.4478865073
400.0 14.8183946576
410.0 15.1889441435
420.0 15.5595310353
430.0 15.9301517887
440.0 16.300803207
450.0 16.6714824061
460.0 17.0421867838
470.0 17.412913992
480.0 17.7836619117
490.0 18.1544286306
500.0 18.5252124223
510.0 18.8960117286
520.0 19.2668251425
530.0 19.6376513938
540.0 20.0084893348
550.0 20.3793379291
560.0 20.7501962402
570.0 21.1210634214
580.0 21.4919387072
590.0 21.8628214055
600.0 22.2337108898
610.0 22.6046065931
620.0 22.9755080016
630.0 23.3464146501
640.0 23.7173261166
650.0 24.0882420182
660.0 24.4591620075
670.0 24.8300857688
680.0 25.201013015
690.0 25.5719434849
700.0 25.9428769409
710.0 26.3138131662
720.0 26.6847519632
730.0 27.0556931515
740.0 27.4266365661
750.0 27.7975820561
760.0 28.1685294836
770.0 28.5394787218
780.0 28.9104296546
790.0 29.2813821753
800.0 29.6523361859
810.0 30.0232915958
820.0 30.3942483221
830.0 30.7652062877
840.0 31.1361654218
850.0 31.5071256589
860.0 31.8780869381
870.0 32.2490492032
880.0 32.6200124021
890.0 32.9909764862
900.0 33.3619414105
910.0 33.732907133
920.0 34.1038736146
930.0 34.474840819
940.0 34.8458087121
950.0 35.2167772621
960.0 35.5877464394
970.0 35.9587162161
980.0 36.3296865662
990.0 36.7006574653
1000.0 37.0716288906
1010.0 37.4426008206
1020.0 37.8135732351
1030.0 38.1845461151
1040.0 38.555519443
1050.0 38.926493202
1060.0 39.2974673762
1070.0 39.668441951
1080.0 40.0394169125
1090.0 40.4103922474
1100.0 40.7813679435
1110.0 41.1523439893
1120.0 41.5233203736
1130.0 41.8942970865
1140.0 42.265274118
1150.0 42.6362514593
1160.0 43.0072291019
1170.0 43.3782070376
1180.0 43.7491852591
1190.0 44.1201637593
1200.0 44.4911425317
1210.0 44.8621215701
1220.0 45.233100869
1230.0 45.6040804228
1240.0 45.9750602269
1250.0 46.3460402765
1260.0 46.7170205675
1270.0 47.088001096
1280.0 47.4589818585
1290.0 47.8299628518
1300.0 48.200944073
1310.0 48.5719255194
1320.0 48.9429071888
1330.0 49.3138890791
1340.0 49.6848711885
1350.0 50.0558535155
1360.0 50.4268360588
1370.0 50.7978188176
1380.0 51.168801791
1390.0 51.5397849785
1400.0 51.9107683798
1410.0 52.281751995
1420.0 52.6527358242
1430.0 53.0237198677
1440.0 53.3947041264
1450.0 53.7656886009
1460.0 54.1366732924
1470.0 54.5076582022
1480.0 54.8786433317
1490.0 55.2496286826
1500.0 55.6206142569
1510.0 55.9916000566
1520.0 56.3625860841
1530.0 56.7335723418
1540.0 57.1045588325
1550.0 57.4755455592
1560.0 57.8465325248
1570.0 58.2175197327
1580.0 58.5885071864
1590.0 58.9594948897
1600.0 59.3304828463
1610.0 59.7014710605
1620.0 60.0724595365
1630.0 60.4434482788
1640.0 60.8144372921
1650.0 61.1854265813
1660.0 61.5564161515
1670.0 61.927406008
1680.0 62.2983961562
1690.0 62.6693866019
1700.0 63.0403773509
1710.0 63.4113684094
1720.0 63.7823597837
1730.0 64.1533514803
1740.0 64.5243435058
1750.0 64.8953358673
1760.0 65.2663285719
1770.0 65.6373216269
1780.0 66.0083150399
1790.0 66.3793088186
1800.0 66.7503029711
1810.0 67.1212975057
1820.0 67.4922924306
1830.0 67.8632877546
1840.0 68.2342834866
1850.0 68.6052796357
1860.0 68.9762762113
1870.0 69.3472732228
1880.0 69.7182706801
1890.0 70.0892685933
1900.0 70.4602669726
1910.0 70.8312658286
1920.0 71.202265172
1930.0 71.5732650137
1940.0 71.9442653652
1950.0 72.3152662377
1960.0 72.6862676432
1970.0 73.0572695936
1980.0 73.4282721011
1990.0 73.7992751783
2000.0 74.170278838
2010.0 74.5412830931
2020.0 74.912287957
2030.0 75.2832934433
2040.0 75.6542995658
2050.0 76.0253063387
2060.0 76.3963137762
2070.0 76.7673218931
2080.0 77.1383307044
2090.0 77.5093402252
2100.0 77.8803504711
2110.0 78.2513614579
2120.0 78.6223732017
2130.0 78.9933857189
2140.0 79.3643990261
2150.0 79.7354131404
2160.0 80.1064280789
2170.0 80.4774438594
2180.0 80.8484604997
2190.0 81.2194780179
2200.0 81.5904964326
2210.0 81.9615157627
2220.0 82.3325360271
2230.0 82.7035572455
2240.0 83.0745794375
2250.0 83.4456026232
2260.0 83.8166268231
2270.0 84.1876520578
2280.0 84.5586783485
2290.0 84.9297057165
2300.0 85.3007341835
2310.0 85.6717637717
2320.0 86.0427945033
2330.0 86.4138264011
2340.0 86.7848594882
2350.0 87.1558937879
2360.0 87.5269293241
2370.0 87.8979661208
2380.0 88.2690042024
2390.0 88.6400435937
2400.0 89.0110843199
2410.0 89.3821264063
2420.0 89.7531698789
2430.0 90.1242147639
2440.0 90.4952610876
2450.0 90.8663088771
2460.0 91.2373581595
2470.0 91.6084089625
2480.0 91.979461314
2490.0 92.3505152423
2500.0 92.7215707761
2510.0 93.0926279444
2520.0 93.4636867765
2530.0 93.8347473023
2540.0 94.2058095517
2550.0 94.5768735553
2560.0 94.9479393439
2570.0 95.3190069486
2580.0 95.690076401
2590.0 96.061147733
2600.0 96.4322209768
2610.0 96.803296165
2620.0 97.1743733306
2630.0 97.5454525069
2640.0 97.9165337276
2650.0 98.2876170267
2660.0 98.6587024386
2670.0 99.029789998
2680.0 99.40087974
2690.0 99.7719717001
2700.0 100.143065914
2710.0 100.514162418
2720.0 100.885261248
2730.0 101.256362441
2740.0 101.627466035
2750.0 101.998572067
2760.0 102.369680574
2770.0 102.740791596
2780.0 103.111905169
2790.0 103.483021334
2800.0 103.854140129
2810.0 104.225261593
2820.0 104.596385768
2830.0 104.967512691
2840.0 105.338642405
2850.0 105.709774949
2860.0 106.080910365
2870.0 106.452048694
2880.0 106.823189977
2890.0 107.194334257
2900.0 107.565481575
2910.0 107.936631974
2920.0 108.307785497
2930.0 108.678942187
2940.0 109.050102087
2950.0 109.42126524
2960.0 109.79243169
2970.0 110.163601481
2980.0 110.534774658
2990.0 110.905951265
3000.0 111.277131346
3010.0 111.648314947
3020.0 112.019502113
3030.0 112.390692888
3040.0 112.761887319
3050.0 113.133085452
3060.0 113.504287332
3070.0 113.875493005
3080.0 114.246702518
3090.0 114.617915916
3100.0 114.989133248
3110.0 115.360354559
3120.0 115.731579897
3130.0 116.102809307
3140.0 116.474042839
3150.0 116.845280538
3160.0 117.216522452
3170.0 117.587768629
3180.0 117.959019115
3190.0 118.33027396
3200.0 118.70153321
3210.0 119.072796913
3220.0 119.444065117
3230.0 119.81533787
3240.0 120.18661522
3250.0 120.557897214
3260.0 120.9291839
3270.0 121.300475326
3280.0 121.671771541
3290.0 122.043072591
3300.0 122.414378525
3310.0 122.785689391
3320.0 123.157005235
3330.0 123.528326106
3340.0 123.899652051
3350.0 124.270983118
3360.0 124.642319354
3370.0 125.013660805
3380.0 125.38500752
3390.0 125.756359544
3400.0 126.127716926
3410.0 126.499079711
3420.0 126.870447945
3430.0 127.241821675
3440.0 127.613200947
3450.0 127.984585807
3460.0 128.3559763
3470.0 128.727372472
3480.0 129.098774367
3490.0 129.47018203
3500.0 129.841595506
3510.0 130.213014838
3520.0 130.584440072
3530.0 130.955871249
3540.0 131.327308414
3550.0 131.698751609
3560.0 132.070200877
3570.0 132.441656259
3580.0 132.813117798
3590.0 133.184585534
3600.0 133.556059509
3610.0 133.927539763
3620.0 134.299026335
3630.0 134.670519266
3640.0 135.042018593
3650.0 135.413524357
3660.0 135.785036594
3670.0 136.156555342
3680.0 136.528080638
3690.0 136.899612519
3700.0 137.27115102
3710.0 137.642696176
3720.0 138.014248023
3730.0 138.385806593
3740.0 138.757371921
3750.0 139.12894404
3760.0 139.50052298
3770.0 139.872108775
3780.0 140.243701454
3790.0 140.615301049
3800.0 140.986907587
3810.0 141.358521098
3820.0 141.73014161
3830.0 142.10176915
3840.0 142.473403744
3850.0 142.845045419
3860.0 143.216694199
3870.0 143.588350107
3880.0 143.960013169
3890.0 144.331683405
3900.0 144.703360838
3910.0 145.075045489
3920.0 145.446737377
3930.0 145.818436522
3940.0 146.190142941
3950.0 146.561856653
3960.0 146.933577673
3970.0 147.305306017
3980.0 147.677041701
3990.0 148.048784736
4000.0 148.420535137
4010.0 148.792292914
4020.0 149.164058079
4030.0 149.535830642
4040.0 149.907610611
4050.0 150.279397994
4060.0 150.651192799
4070.0 151.02299503
4080.0 151.394804694
4090.0 151.766621793
4100.0 152.13844633
4110.0 152.510278307
4120.0 152.882117725
4130.0 153.253964584
4140.0 153.625818881
4150.0 153.997680615
4160.0 154.369549782
4170.0 154.741426377
4180.0 155.113310394
4190.0 155.485201826
4200.0 155.857100666
4210.0 156.229006904
4220.0 156.60092053
4230.0 156.972841533
4240.0 157.344769901
4250.0 157.716705619
4260.0 158.088648673
4270.0 158.460599047
4280.0 158.832556725
4290.0 159.204521688
4300.0 159.576493916
4310.0 159.94847339
4320.0 160.320460088
4330.0 160.692453988
4340.0 161.064455064
4350.0 161.436463293
4360.0 161.808478649
4370.0 162.180501103
4380.0 162.552530628
4390.0 162.924567194
4400.0 163.296610771
4410.0 163.668661325
4420.0 164.040718826
4430.0 164.412783238
4440.0 164.784854525
4450.0 165.156932653
4460.0 165.529017583
4470.0 165.901109276
4480.0 166.273207693
4490.0 166.645312793
4500.0 167.017424534
4510.0 167.389542873
4520.0 167.761667765
4530.0 168.133799166
4540.0 168.505937028
4550.0 168.878081305
4560.0 169.250231948
4570.0 169.622388907
4580.0 169.994552132
4590.0 170.36672157
4600.0 170.73889717
4610.0 171.111078877
4620.0 171.483266637
4630.0 171.855460393
4640.0 172.227660089
4650.0 172.599865667
4660.0 172.972077068
4670.0 173.344294233
4680.0 173.7165171
4690.0 174.088745608
4700.0 174.460979694
4710.0 174.833219295
4720.0 175.205464346
4730.0 175.577714782
4740.0 175.949970537
4750.0 176.322231543
4760.0 176.694497733
4770.0 177.066769037
4780.0 177.439045386
4790.0 177.81132671
4800.0 178.183612937
4810.0 178.555903996
4820.0 178.928199813
4830.0 179.300500315
4840.0 179.672805427
4850.0 180.045115076
4860.0 180.417429184
4870.0 180.789747676
4880.0 181.162070475
4890.0 181.534397493
4900.0 181.906728667
4910.0 182.27906391
4920.0 182.651403143
4930.0 183.023746284
4940.0 183.396093253
4950.0 183.76844397
4960.0 184.140798351
4970.0 184.513156315
4980.0 184.885517779
4990.0 185.257882659
5000.0 185.630250872
5010.0 186.002622333
5020.0 186.374996957
5030.0 186.747374659
5040.0 187.119755355
5050.0 187.492138957
5060.0 187.86452538
5070.0 188.236914536
5080.0 188.60930634
5090.0 188.981700704
5100.0 189.35409754
5110.0 189.726496761
5120.0 190.098898279
5130.0 190.471302005
5140.0 190.843707853
5150.0 191.216115732
5160.0 191.588525554
5170.0 191.960937232
5180.0 192.333350675
5190.0 192.705765796
5200.0 193.078182504
5210.0 193.450600712
5220.0 193.82302033
5230.0 194.195441269
5240.0 194.56786344
5250.0 194.940286755
5260.0 195.312711124
5270.0 195.685136459
5280.0 196.057562671
5290.0 196.429989672
5300.0 196.802417372
5310.0 197.174845685
5320.0 197.547274521
5330.0 197.919703794
5340.0 198.292133415
5350.0 198.664563298
5360.0 199.036993354
5370.0 199.409423498
5380.0 199.781853643
5390.0 200.154283703
5400.0 200.526713591
5410.0 200.899143223
5420.0 201.271572513
5430.0 201.644001377
5440.0 202.016429731
5450.0 202.38885749
5460.0 202.761284571
5470.0 203.133710891
5480.0 203.506136369
5490.0 203.878560921
5500.0 204.250984467
5510.0 204.623406926
5520.0 204.995828218
5530.0 205.368248262
5540.0 205.740666979
5550.0 206.113084292
5560.0 206.485500122
5570.0 206.857914391
5580.0 207.230327024
5590.0 207.602737944
5600.0 207.975147076
5610.0 208.347554345
5620.0 208.719959678
5630.0 209.092363001
5640.0 209.464764242
5650.0 209.837163329
5660.0 210.209560191
5670.0 210.581954757
5680.0 210.95434696
5690.0 211.326736729
5700.0 211.699123998
5710.0 212.071508699
5720.0 212.443890766
5730.0 212.816270133
5740.0 213.188646737
5750.0 213.561020514
5760.0 213.9333914
5770.0 214.305759335
5780.0 214.678124257
5790.0 215.050486105
5800.0 215.422844822
5810.0 215.795200349
5820.0 216.167552628