0.0 0.0
120.0 4.50826378165
120.625 4.53077319526
121.25 4.55329136182
122.5 4.59835326451
123.75 4.64344815574
125.0 4.68857476997
126.25 4.73373190587
127.5 4.7789184225
128.75 4.82413323571
130.0 4.86937531477
131.25 4.91464367924
132.5 4.95993739607
133.75 5.00525557683
135.0 5.0505973752
136.25 5.09596198459
137.5 5.14134863586
138.75 5.18675659529
140.0 5.2321851626
141.25 5.2776336691
142.5 5.32310147602
143.75 5.36858797284
145.0 5.41409257583
146.25 5.4596147266
147.5 5.50515389077
148.75 5.55070955673
150.0 5.59628123442
151.25 5.64186845428
152.5 5.68747076617
153.75 5.73308773835
155.0 5.77871895665
156.25 5.8243640235
157.5 5.87002255715
158.75 5.9156941909
160.0 5.96137857234
161.25 6.00707536267
162.5 6.05278423605
165.0 6.14423698969
167.5 6.23573446296
170.0 6.32727445662
172.5 6.418854927
175.0 6.51047397221
177.5 6.60212981965
180.0 6.69382081487
182.5 6.78554541143
185.0 6.87730216187
187.5 6.96908970948
190.0 7.06090678089
192.5 7.15275217934
195.0 7.24462477863
197.5 7.33652351758
200.0 7.428447395
202.5 7.52039546518
205.0 7.61236683369
207.5 7.70436065364
210.0 7.79637612222
212.5 7.88841247754
215.0 7.98046899576
217.5 8.07254498847
220.0 8.16463980025
222.5 8.25675280649
225.0 8.34888341135
230.0 8.5331951663
235.0 8.71757080651
240.0 8.9020064288
245.0 9.08649844411
250.0 9.27104354211
255.0 9.45563866101
260.0 9.64028096144
265.0 9.82496780408
270.0 10.0096967301
275.0 10.1944654443
280.0 10.3792718001
285.0 10.5641137869
290.0 10.7489895182
295.0 10.933897222
300.0 11.1188352312
305.0 11.3038019762
310.0 11.4887959774
315.0 11.6738158389
320.0 11.8588602426
330.0 12.2290177624
340.0 12.5992593618
350.0 12.9695768212
360.0 13.3399627641
370.0 13.7104105619
380.0 14.0809142514
390.0 14.4514684639
400.0 14.8220683631
410.0 15.1927095899
420.0 15.5633882139
430.0 15.9341006907
440.0 16.3048438232
450.0 16.6756147267
460.0 17.0464107989
470.0 17.4172296911
480.0 17.7880692839
490.0 18.1589276644
500.0 18.5298031059
510.0 18.9006940497
520.0 19.2715990883
530.0 19.6425169508
540.0 20.0134464892
550.0 20.3843866664
560.0 20.7553365452
570.0 21.1262952785
580.0 21.4972621002
590.0 21.8682363172
600.0 22.2392173027
610.0 22.6102044887
620.0 22.981197361
630.0 23.3521954533
640.0 23.7231983431
650.0 24.0942056466
660.0 24.4652170155
670.0 24.8362321333
680.0 25.207250712
690.0 25.5782724895
700.0 25.9492972273
710.0 26.3203247075
720.0 26.6913547315
730.0 27.0623871178
740.0 27.4334217004
750.0 27.8044583273
760.0 28.1754968594
770.0 28.5465371687
780.0 28.9175791378
790.0 29.2886226589
800.0 29.6596676323
810.0 30.0307139665
820.0 30.4017615768
830.0 30.7728103849
840.0 31.1438603185
850.0 31.5149113102
860.0 31.8859632979
870.0 32.2570162236
880.0 32.6280700334
890.0 32.9991246771
900.0 33.3701801078
910.0 33.7412362816
920.0 34.1122931575
930.0 34.4833506972
940.0 34.8544088646
950.0 35.2254676257
960.0 35.5965269488
970.0 35.9675868037
980.0 36.3386471621
990.0 36.7097079972
1000.0 37.0807692837
1010.0 37.4518309976
1020.0 37.8228931161
1030.0 38.1939556176
1040.0 38.5650184816
1050.0 38.9360816884
1060.0 39.3071452194
1070.0 39.6782090568
1080.0 40.0492731836
1090.0 40.4203375834
1100.0 40.7914022406
1110.0 41.1624671403
1120.0 41.533532268
1130.0 41.9045976099
1140.0 42.2756631527
1150.0 42.6467288836
1160.0 43.0177947901
1170.0 43.3888608602
1180.0 43.7599270823
1190.0 44.1309934452
1200.0 44.5020599381
1210.0 44.8731265502
1220.0 45.2441932713
1230.0 45.6152600914
1240.0 45.9863270007
1250.0 46.3573939897
1260.0 46.7284610491
1270.0 47.0995281696
1280.0 47.4705953425
1290.0 47.841662559
1300.0 48.2127298104
1310.0 48.5837970883
1320.0 48.9548643844
1330.0 49.3259316905
1340.0 49.6969989986
1350.0 50.0680663005
1360.0 50.4391335886
1370.0 50.8102008549
1380.0 51.1812680917
1390.0 51.5523352913
1400.0 51.9234024462
1410.0 52.2944695487
1420.0 52.6655365913
1430.0 53.0366035665
1440.0 53.4076704669
1450.0 53.7787372849
1460.0 54.1498040132
1470.0 54.5208706442
1480.0 54.8919371705
1490.0 55.2630035846
1500.0 55.6340698791
1510.0 56.0051360465
1520.0 56.3762020791
1530.0 56.7472679695
1540.0 57.1183337101
1550.0 57.4893992931
1560.0 57.8604647109
1570.0 58.2315299558
1580.0 58.6025950198
1590.0 58.9736598952
1600.0 59.344724574
1610.0 59.7157890481
1620.0 60.0868533094
1630.0 60.4579173498
1640.0 60.828981161
1650.0 61.2000447345
1660.0 61.571108062
1670.0 61.9421711348
1680.0 62.3132339443
1690.0 62.6842964817
1700.0 63.055358738
1710.0 63.4264207042
1720.0 63.7974823713
1730.0 64.1685437299
1740.0 64.5396047706
1750.0 64.9106654838
1760.0 65.28172586
1770.0 65.6527858892
1780.0 66.0238455614
1790.0 66.3949048667
1800.0 66.7659637946
1810.0 67.1370223347
1820.0 67.5080804765
1830.0 67.8791382091
1840.0 68.2501955217
1850.0 68.6212524031
1860.0 68.992308842
1870.0 69.3633648269
1880.0 69.7344203463
1890.0 70.1054753882
1900.0 70.4765299406
1910.0 70.8475839912
1920.0 71.2186375277
1930.0 71.5896905374
1940.0 71.9607430074
1950.0 72.3317949247
1960.0 72.702846276
1970.0 73.0738970478
1980.0 73.4449472265
1990.0 73.815996798
2000.0 74.1870457483
2010.0 74.5580940629
2020.0 74.9291417272
2030.0 75.3001887263
2040.0 75.6712350451
2050.0 76.0422806683
2060.0 76.4133255803
2070.0 76.7843697651
2080.0 77.1554132068
2090.0 77.5264558889
2100.0 77.8974977948
2110.0 78.2685389077
2120.0 78.6395792103
2130.0 79.0106186852
2140.0 79.3816573148
2150.0 79.752695081
2160.0 80.1237319656
2170.0 80.49476795
2180.0 80.8658030154
2190.0 81.2368371428
2200.0 81.6078703126
2210.0 81.9789025053
2220.0 82.3499337007
2230.0 82.7209638786
2240.0 83.0919930184
2250.0 83.4630210992
2260.0 83.8340480998
2270.0 84.2050739987
2280.0 84.5760987739
2290.0 84.9471224034
2300.0 85.3181448648
2310.0 85.6891661351
2320.0 86.0601861914
2330.0 86.4312050101
2340.0 86.8022225675
2350.0 87.1732388396
2360.0 87.5442538019
2370.0 87.9152674296
2380.0 88.2862796978
2390.0 88.6572905809
2400.0 89.0283000532
2410.0 89.3993080887
2420.0 89.7703146608
2430.0 90.1413197429
2440.0 90.5123233077
2450.0 90.8833253279
2460.0 91.2543257756
2470.0 91.6253246227
2480.0 91.9963218407
2490.0 92.3673174007
2500.0 92.7383112735
2510.0 93.1093034296
2520.0 93.480293839
2530.0 93.8512824716
2540.0 94.2222692967
2550.0 94.5932542834
2560.0 94.9642374003
2570.0 95.3352186158
2580.0 95.7061978979
2590.0 96.0771752142
2600.0 96.4481505321
2610.0 96.8191238184
2620.0 97.1900950397
2630.0 97.5610641622
2640.0 97.9320311519
2650.0 98.3029959743
2660.0 98.6739585946
2670.0 99.0449189776
2680.0 99.4158770877
2690.0 99.7868328892
2700.0 100.157786346
2710.0 100.528737421
2720.0 100.899686078
2730.0 101.27063228
2740.0 101.641575989
2750.0 102.012517166
2760.0 102.383455775
2770.0 102.754391776
2780.0 103.125325131
2790.0 103.4962558
2800.0 103.867183743
2810.0 104.238108922
2820.0 104.609031296
2830.0 104.979950824
2840.0 105.350867466
2850.0 105.721781181
2860.0 106.092691927
2870.0 106.463599663
2880.0 106.834504346
2890.0 107.205405935
2900.0 107.576304388
2910.0 107.94719966
2920.0 108.31809171
2930.0 108.688980494
2940.0 109.059865968
2950.0 109.430748088
2960.0 109.801626811
2970.0 110.172502093
2980.0 110.543373887
2990.0 110.914242151
3000.0 111.285106839
3010.0 111.655967905
3020.0 112.026825304
3030.0 112.397678991
3040.0 112.768528919
3050.0 113.139375043
3060.0 113.510217316
3070.0 113.881055693
3080.0 114.251890125
3090.0 114.622720567
3100.0 114.993546972
3110.0 115.364369293
3120.0 115.735187482
3130.0 116.106001493
3140.0 116.476811277
3150.0 116.847616787
3160.0 117.218417976
3170.0 117.589214796
3180.0 117.9600072
3190.0 118.330795138
3200.0 118.701578563
3210.0 119.072357428
3220.0 119.443131684
3230.0 119.813901283
3240.0 120.184666177
3250.0 120.555426318
3260.0 120.926181657
3270.0 121.296932147
3280.0 121.667677739
3290.0 122.038418386
3300.0 122.409154039
3310.0 122.779884651
3320.0 123.150610173
3330.0 123.521330557
3340.0 123.892045757
3350.0 124.262755723
3360.0 124.633460409
3370.0 125.004159767
3380.0 125.37485375
3390.0 125.74554231
3400.0 126.116225402
3410.0 126.486902977
3420.0 126.857574989
3430.0 127.228241392
3440.0 127.598902139
3450.0 127.969557185
3460.0 128.340206484
3470.0 128.710849989
3480.0 129.081487657
3490.0 129.452119441
3500.0 129.822745298
3510.0 130.193365183
3520.0 130.563979051
3530.0 130.934586859
3540.0 131.305188563
3550.0 131.675784121
3560.0 132.04637349
3570.0 132.416956627
3580.0 132.787533491
3590.0 133.15810404
3600.0 133.528668233
3610.0 133.899226029
3620.0 134.269777388
3630.0 134.64032227
3640.0 135.010860637
3650.0 135.38139245
3660.0 135.751917669
3670.0 136.122436258
3680.0 136.492948179
3690.0 136.863453396
3700.0 137.233951873
3710.0 137.604443574
3720.0 137.974928464
3730.0 138.34540651
3740.0 138.715877676
3750.0 139.086341932
3760.0 139.456799243
3770.0 139.827249578
3780.0 140.197692907
3790.0 140.568129198
3800.0 140.938558423
3810.0 141.308980552
3820.0 141.679395557
3830.0 142.049803411
3840.0 142.420204087
3850.0 142.790597559
3860.0 143.160983802
3870.0 143.531362791
3880.0 143.901734503
3890.0 144.272098915
3900.0 144.642456006
3910.0 145.012805753
3920.0 145.383148138
3930.0 145.75348314
3940.0 146.123810741
3950.0 146.494130924
3960.0 146.864443671
3970.0 147.234748968
3980.0 147.605046799
3990.0 147.97533715
4000.0 148.345620008
4010.0 148.715895361
4020.0 149.086163199
4030.0 149.45642351
4040.0 149.826676287
4050.0 150.19692152
4060.0 150.567159203
4070.0 150.93738933
4080.0 151.307611895
4090.0 151.677826894
4100.0 152.048034325
4110.0 152.418234186
4120.0 152.788426474
4130.0 153.158611192
4140.0 153.528788339
4150.0 153.898957918
4160.0 154.269119932
4170.0 154.639274387
4180.0 155.009421286
4190.0 155.379560638
4200.0 155.749692449
4210.0 156.119816729
4220.0 156.489933487
4230.0 156.860042734
4240.0 157.230144484
4250.0 157.600238748
4260.0 157.970325541
4270.0 158.34040488
4280.0 158.71047678
4290.0 159.08054126
4300.0 159.450598338
4310.0 159.820648034
4320.0 160.19069037
4330.0 160.560725369
4340.0 160.930753053
4350.0 161.300773448
4360.0 161.670786579
4370.0 162.040792473
4380.0 162.410791159
4390.0 162.780782665
4400.0 163.150767023
4410.0 163.520744263
4420.0 163.890714418
4430.0 164.260677523
4440.0 164.630633611
4450.0 165.00058272
4460.0 165.370524886
4470.0 165.740460148
4480.0 166.110388545
4490.0 166.480310118
4500.0 166.850224909
4510.0 167.220132959
4520.0 167.590034314
4530.0 167.959929018
4540.0 168.329817118
4550.0 168.699698659
4560.0 169.069573692
4570.0 169.439442264
4580.0 169.809304427
4590.0 170.179160231
4600.0 170.549009729
4610.0 170.918852975
4620.0 171.288690023
4630.0 171.658520929
4640.0 172.028345748
4650.0 172.39816454
4660.0 172.767977361
4670.0 173.137784272
4680.0 173.507585333
4690.0 173.877380605
4700.0 174.247170151
4710.0 174.616954033
4720.0 174.986732317
4730.0 175.356505067
4740.0 175.726272348
4750.0 176.096034229
4760.0 176.465790775
4770.0 176.835542057
4780.0 177.205288142
4790.0 177.575029102
4800.0 177.944765006
4810.0 178.314495928
4820.0 178.684221938
4830.0 179.053943111
4840.0 179.42365952
4850.0 179.79337124
4860.0 180.163078346
4870.0 180.532780914
4880.0 180.902479021
4890.0 181.272172754
4900.0 181.641862174
4910.0 182.011547371
4920.0 182.381228422
4930.0 182.750905407
4940.0 183.120578408
4950.0 183.490247504
4960.0 183.859912777
4970.0 184.22957431
4980.0 184.599232184
4990.0 184.968886483
5000.0 185.33853729
5010.0 185.708184689
5020.0 186.077828764
5030.0 186.447469601
5040.0 186.817107283
5050.0 187.186741898
5060.0 187.55637353
5070.0 187.926002265
5080.0 188.295628191
5090.0 188.665251394
5100.0 189.03487196
5110.0 189.404489978
5120.0 189.774105534
5130.0 190.143718716
5140.0 190.513329613
5150.0 190.882938311
5160.0 191.2525449
5170.0 191.622149467
5180.0 191.991752101
5190.0 192.36135289
5200.0 192.730951922
5210.0 193.100549287
5220.0 193.470145072
5230.0 193.839739366
5240.0 194.209332258
5250.0 194.578923836
5260.0 194.948514188
5270.0 195.318103403
5280.0 195.687691569
5290.0 196.057278773
5300.0 196.426865103
5310.0 196.796450648
5320.0 197.166035495
5330.0 197.535619731
5340.0 197.905203443
5350.0 198.274786718
5360.0 198.644369642
5370.0 199.013952302
5380.0 199.383534783
5390.0 199.753117172
5400.0 200.122699552
5410.0 200.492282011
5420.0 200.861864631
5430.0 201.231447497
5440.0 201.601030692
5450.0 201.970614301
5460.0 202.340198405
5470.0 202.709783087
5480.0 203.079368428
5490.0 203.448954511
5500.0 203.818541415
5510.0 204.188129221
5520.0 204.557718009
5530.0 204.927307858
5540.0 205.296898846
5550.0 205.666491051
5560.0 206.03608455
5570.0 206.405679421
5580.0 206.775275738
5590.0 207.144873578
5600.0 207.514473015
5610.0 207.884074122
5620.0 208.253676974
5630.0 208.623281642
5640.0 208.992888198
5650.0 209.362496713
5660.0 209.732107258
5670.0 210.101719902
5680.0 210.471334713
5690.0 210.84095176
5700.0 211.210571109
5710.0 211.580192827
5720.0 211.949816978
5730.0 212.319443628
5740.0 212.68907284
5750.0 213.058704677
5760.0 213.428339201
5770.0 213.797976473
5780.0 214.167616553
5790.0 214.5372595
5800.0 214.906905372
5810.0 215.276554227
5820.0 215.646206122