0.0 0.0
120.0 4.50598436988
120.625 4.52848191156
121.25 4.55098820618
122.5 4.596026365
123.75 4.64109751236
125.0 4.68620038271
126.25 4.73133377474
127.5 4.7764965475
128.75 4.82168761684
130.0 4.86690595202
131.25 4.91215057262
132.5 4.95742054558
133.75 5.00271498247
135.0 5.04803303697
136.25 5.09337390248
137.5 5.13873680988
138.75 5.18412102544
140.0 5.22952584887
141.25 5.2749506115
142.5 5.32039467455
143.75 5.36585742749
145.0 5.41133828661
146.25 5.45683669351
147.5 5.50235211381
148.75 5.54788403589
150.0 5.59343196972
151.25 5.63899544571
152.5 5.68457401371
153.75 5.73016724203
155.0 5.77577471646
156.25 5.82139603943
157.5 5.86703082921
158.75 5.91267871909
160.0 5.95833935665
161.25 6.00401240311
162.5 6.04969753262
165.0 6.14110279851
167.5 6.23255278404
170.0 6.32404528995
172.5 6.41557827259
175.0 6.50714983005
177.5 6.59875818975
180.0 6.69040169722
182.5 6.78207880603
185.0 6.87378806873
187.5 6.9655281286
190.0 7.05729771226
192.5 7.14909562297
195.0 7.24092073451
197.5 7.33277198571
200.0 7.42464837539
202.5 7.51654895782
205.0 7.60847283859
207.5 7.7004191708
210.0 7.79238715163
212.5 7.88437601921
215.0 7.97638504968
217.5 8.06841355465
220.0 8.16046087868
222.5 8.25252639718
225.0 8.34460951429
230.0 8.52882629375
235.0 8.71310695847
240.0 8.89744760527
245.0 9.08184464509
250.0 9.2662947676
255.0 9.45079491101
260.0 9.63534223595
265.0 9.8199341031
270.0 10.0045680536
275.0 10.1892417923
280.0 10.3739531727
285.0 10.5587001839
290.0 10.7434809398
295.0 10.928293668
300.0 11.1131367018
305.0 11.2980084713
310.0 11.482907497
315.0 11.667832383
320.0 11.8527818112
330.0 12.2227493801
340.0 12.5928010285
350.0 12.9629285369
360.0 13.3331245288
370.0 13.7033823756
380.0 14.0736961141
390.0 14.4440603757
400.0 14.8144703239
410.0 15.1849215997
420.0 15.5554102727
430.0 15.9259327986
440.0 16.29648598
450.0 16.6670669326
460.0 17.0376730538
470.0 17.408301995
480.0 17.7789516368
490.0 18.1496200663
500.0 18.5203055569
510.0 18.8910065497
520.0 19.2617216374
530.0 19.6324495489
540.0 20.0031891363
550.0 20.3739393625
560.0 20.7446992903
570.0 21.1154680726
580.0 21.4862449433
590.0 21.8570292094
600.0 22.2278202439
610.0 22.5986174789
620.0 22.9694204002
630.0 23.3402285416
640.0 23.7110414803
650.0 24.0818588329
660.0 24.4526802508
670.0 24.8235054176
680.0 25.1943340453
690.0 25.5651658719
700.0 25.9360006586
710.0 26.3068381879
720.0 26.6776782609
730.0 27.0485206962
740.0 27.4193653278
750.0 27.7902120038
760.0 28.1610605849
770.0 28.5319109432
780.0 28.9027629614
790.0 29.2736165314
800.0 29.6444715539
810.0 30.0153279371
820.0 30.3861855964
830.0 30.7570444536
840.0 31.1279044361
850.0 31.4987654769
860.0 31.8696275136
870.0 32.2404904883
880.0 32.6113543472
890.0 32.9822190399
900.0 33.3530845195
910.0 33.7239507424
920.0 34.0948176673
930.0 34.4656852561
940.0 34.8365534724
950.0 35.2074222826
960.0 35.5782916547
970.0 35.9491615586
980.0 36.320031966
990.0 36.6909028501
1000.0 37.0617741856
1010.0 37.4326459486
1020.0 37.8035181161
1030.0 38.1743906666
1040.0 38.5452635796
1050.0 38.9161368355
1060.0 39.2870104155
1070.0 39.6578843019
1080.0 40.0287584777
1090.0 40.3996329265
1100.0 40.7705076327
1110.0 41.1413825814
1120.0 41.5122577582
1130.0 41.8831331491
1140.0 42.254008741
1150.0 42.6248845208
1160.0 42.9957604763
1170.0 43.3666365955
1180.0 43.7375128666
1190.0 44.1083892786
1200.0 44.4792658204
1210.0 44.8501424816
1220.0 45.2210192517
1230.0 45.5918961208
1240.0 45.9627730792
1250.0 46.3336501172
1260.0 46.7045272255
1270.0 47.0754043951
1280.0 47.446281617
1290.0 47.8171588825
1300.0 48.1880361829
1310.0 48.5589135099
1320.0 48.929790855
1330.0 49.3006682101
1340.0 49.6715455672
1350.0 50.0424229182
1360.0 50.4133002552
1370.0 50.7841775705
1380.0 51.1550548564
1390.0 51.525932105
1400.0 51.8968093089
1410.0 52.2676864604
1420.0 52.6385635521
1430.0 53.0094405763
1440.0 53.3803175257
1450.0 53.7511943928
1460.0 54.12207117
1470.0 54.49294785
1480.0 54.8638244254
1490.0 55.2347008885
1500.0 55.6055772321
1510.0 55.9764534484
1520.0 56.3473295301
1530.0 56.7182054695
1540.0 57.0890812591
1550.0 57.4599568911
1560.0 57.830832358
1570.0 58.2017076518
1580.0 58.5725827649
1590.0 58.9434576893
1600.0 59.3143324171
1610.0 59.6852069402
1620.0 60.0560812506
1630.0 60.42695534
1640.0 60.7978292002
1650.0 61.1687028228
1660.0 61.5395761992
1670.0 61.9104493211
1680.0 62.2813221796
1690.0 62.652194766
1700.0 63.0230670713
1710.0 63.3939390866
1720.0 63.7648108027
1730.0 64.1356822103
1740.0 64.5065533
1750.0 64.8774240623
1760.0 65.2482944874
1770.0 65.6191645656
1780.0 65.9900342869
1790.0 66.3609036412
1800.0 66.7317726181
1810.0 67.1026412073
1820.0 67.4735093981
1830.0 67.8443771797
1840.0 68.2152445413
1850.0 68.5861114717
1860.0 68.9569779596
1870.0 69.3278439936
1880.0 69.698709562
1890.0 70.0695746529
1900.0 70.4404392543
1910.0 70.811303354
1920.0 71.1821669395
1930.0 71.5530299982
1940.0 71.9238925172
1950.0 72.2947544835
1960.0 72.6656158838
1970.0 73.0364767047
1980.0 73.4073369324
1990.0 73.7781965529
2000.0 74.1490555522
2010.0 74.5199139158
2020.0 74.8907716291
2030.0 75.2616286773
2040.0 75.6324850451
2050.0 76.0033407173
2060.0 76.3741956783
2070.0 76.7450499122
2080.0 77.1159034029
2090.0 77.486756134
2100.0 77.857608089
2110.0 78.2284592508
2120.0 78.5993096024
2130.0 78.9701591264
2140.0 79.341007805
2150.0 79.7118556202
2160.0 80.0827025538
2170.0 80.4535485872
2180.0 80.8243937017
2190.0 81.1952378781
2200.0 81.5660810969
2210.0 81.9369233386
2220.0 82.3077645831
2230.0 82.67860481
2240.0 83.0494439988
2250.0 83.4202821287
2260.0 83.7911191783
2270.0 84.1619551261
2280.0 84.5327899504
2290.0 84.9036236289
2300.0 85.2744561393
2310.0 85.6452874586
2320.0 86.0161175639
2330.0 86.3869464317
2340.0 86.7577740381
2350.0 87.1286003592
2360.0 87.4994253705
2370.0 87.8702490473
2380.0 88.2410713645
2390.0 88.6118922966
2400.0 88.9827118179
2410.0 89.3535299024
2420.0 89.7243465236
2430.0 90.0951616546
2440.0 90.4659752685
2450.0 90.8367873377
2460.0 91.2075978345
2470.0 91.5784067306
2480.0 91.9492139975
2490.0 92.3200196066
2500.0 92.6908235284
2510.0 93.0616257335
2520.0 93.432426192
2530.0 93.8032248736
2540.0 94.1740217477
2550.0 94.5448167834
2560.0 94.9156099493
2570.0 95.2864012138
2580.0 95.657190545
2590.0 96.0279779103
2600.0 96.3987632772
2610.0 96.7695466125
2620.0 97.1403278828
2630.0 97.5111070544
2640.0 97.8818840931
2650.0 98.2526589645
2660.0 98.6234316338
2670.0 98.9942020658
2680.0 99.364970225
2690.0 99.7357360755
2700.0 100.106499581
2710.0 100.477260706
2720.0 100.848019412
2730.0 101.218775662
2740.0 101.58952942
2750.0 101.960280647
2760.0 102.331029304
2770.0 102.701775354
2780.0 103.072518758
2790.0 103.443259476
2800.0 103.813997469
2810.0 104.184732697
2820.0 104.55546512
2830.0 104.926194697
2840.0 105.296921388
2850.0 105.667645152
2860.0 106.038365947
2870.0 106.409083732
2880.0 106.779798464
2890.0 107.150510102
2900.0 107.521218603
2910.0 107.891923925
2920.0 108.262626024
2930.0 108.633324856
2940.0 109.004020379
2950.0 109.374712549
2960.0 109.745401321
2970.0 110.116086651
2980.0 110.486768495
2990.0 110.857446808
3000.0 111.228121545
3010.0 111.59879266
3020.0 111.969460108
3030.0 112.340123844
3040.0 112.710783821
3050.0 113.081439994
3060.0 113.452092316
3070.0 113.822740742
3080.0 114.193385223
3090.0 114.564025714
3100.0 114.934662168
3110.0 115.305294538
3120.0 115.675922776
3130.0 116.046546836
3140.0 116.417166669
3150.0 116.787782228
3160.0 117.158393467
3170.0 117.529000336
3180.0 117.899602788
3190.0 118.270200775
3200.0 118.64079425
3210.0 119.011383163
3220.0 119.381967468
3230.0 119.752547116
3240.0 120.123122059
3250.0 120.493692249
3260.0 120.864257637
3270.0 121.234818176
3280.0 121.605373818
3290.0 121.975924514
3300.0 122.346470216
3310.0 122.717010876
3320.0 123.087546447
3330.0 123.458076881
3340.0 123.828602129
3350.0 124.199122145
3360.0 124.569636879
3370.0 124.940146287
3380.0 125.310650318
3390.0 125.681148928
3400.0 126.051642068
3410.0 126.422129692
3420.0 126.792611753
3430.0 127.163088205
3440.0 127.533559002
3450.0 127.904024097
3460.0 128.274483444
3470.0 128.644936999
3480.0 129.015384716
3490.0 129.385826549
3500.0 129.756262455
3510.0 130.126692388
3520.0 130.497116306
3530.0 130.867534163
3540.0 131.237945916
3550.0 131.608351523
3560.0 131.978750941
3570.0 132.349144127
3580.0 132.71953104
3590.0 133.089911638
3600.0 133.46028588
3610.0 133.830653725
3620.0 134.201015133
3630.0 134.571370065
3640.0 134.94171848
3650.0 135.312060342
3660.0 135.68239561
3670.0 136.052724248
3680.0 136.423046219
3690.0 136.793361485
3700.0 137.16367001
3710.0 137.53397176
3720.0 137.9042667
3730.0 138.274554794
3740.0 138.64483601
3750.0 139.015110314
3760.0 139.385377674
3770.0 139.755638058
3780.0 140.125891436
3790.0 140.496137777
3800.0 140.866377051
3810.0 141.236609229
3820.0 141.606834283
3830.0 141.977052186
3840.0 142.347262911
3850.0 142.717466432
3860.0 143.087662723
3870.0 143.457851761
3880.0 143.828033523
3890.0 144.198207984
3900.0 144.568375123
3910.0 144.93853492
3920.0 145.308687353
3930.0 145.678832405
3940.0 146.048970055
3950.0 146.419100287
3960.0 146.789223083
3970.0 147.159338429
3980.0 147.529446309
3990.0 147.899546708
4000.0 148.269639616
4010.0 148.639725018
4020.0 149.009802905
4030.0 149.379873265
4040.0 149.749936091
4050.0 150.119991373
4060.0 150.490039105
4070.0 150.860079281
4080.0 151.230111895
4090.0 151.600136944
4100.0 151.970154423
4110.0 152.340164333
4120.0 152.71016667
4130.0 153.080161437
4140.0 153.450148633
4150.0 153.820128261
4160.0 154.190100325
4170.0 154.560064828
4180.0 154.930021777
4190.0 155.299971177
4200.0 155.669913037
4210.0 156.039847366
4220.0 156.409774173
4230.0 156.77969347
4240.0 157.149605268
4250.0 157.519509581
4260.0 157.889406424
4270.0 158.259295811
4280.0 158.62917776
4290.0 158.999052289
4300.0 159.368919416
4310.0 159.738779162
4320.0 160.108631547
4330.0 160.478476595
4340.0 160.848314328
4350.0 161.218144772
4360.0 161.587967952
4370.0 161.957783895
4380.0 162.32759263
4390.0 162.697394185
4400.0 163.067188591
4410.0 163.43697588
4420.0 163.806756085
4430.0 164.176529238
4440.0 164.546295376
4450.0 164.916054534
4460.0 165.285806749
4470.0 165.65555206
4480.0 166.025290506
4490.0 166.395022128
4500.0 166.764746967
4510.0 167.134465067
4520.0 167.504176471
4530.0 167.873881224
4540.0 168.243579373
4550.0 168.613270963
4560.0 168.982956045
4570.0 169.352634666
4580.0 169.722306878
4590.0 170.091972731
4600.0 170.461632278
4610.0 170.831285573
4620.0 171.20093267
4630.0 171.570573625
4640.0 171.940208493
4650.0 172.309837334
4660.0 172.679460204
4670.0 173.049077164
4680.0 173.418688274
4690.0 173.788293595
4700.0 174.15789319
4710.0 174.527487122
4720.0 174.897075454
4730.0 175.266658253
4740.0 175.636235584
4750.0 176.005807513
4760.0 176.375374109
4770.0 176.744935439
4780.0 177.114491573
4790.0 177.484042582
4800.0 177.853588536
4810.0 178.223129506
4820.0 178.592665566
4830.0 178.962196788
4840.0 179.331723246
4850.0 179.701245015
4860.0 180.07076217
4870.0 180.440274787
4880.0 180.809782942
4890.0 181.179286724
4900.0 181.548786194
4910.0 181.918281439
4920.0 182.287772539
4930.0 182.657259574
4940.0 183.026742623
4950.0 183.396221768
4960.0 183.765697091
4970.0 184.135168672
4980.0 184.504636596
4990.0 184.874100943
5000.0 185.243561799
5010.0 185.613019247
5020.0 185.982473372
5030.0 186.351924257
5040.0 186.721371989
5050.0 187.090816653
5060.0 187.460258334
5070.0 187.829697118
5080.0 188.199133093
5090.0 188.568566345
5100.0 188.93799696
5110.0 189.307425027
5120.0 189.676850632
5130.0 190.046273864
5140.0 190.415694809
5150.0 190.785113556
5160.0 191.154530194
5170.0 191.52394481
5180.0 191.893357493
5190.0 192.262768331
5200.0 192.632177413
5210.0 193.001584826
5220.0 193.37099066
5230.0 193.740395004
5240.0 194.109797945
5250.0 194.479199572
5260.0 194.848599973
5270.0 195.217999236
5280.0 195.587397451
5290.0 195.956794704
5300.0 196.326191084
5310.0 196.695586678
5320.0 197.064981574
5330.0 197.434375858
5340.0 197.803769619
5350.0 198.173162943
5360.0 198.542555916
5370.0 198.911948625
5380.0 199.281341156
5390.0 199.650733593
5400.0 200.020126023
5410.0 200.38951853
5420.0 200.758911199
5430.0 201.128304114
5440.0 201.497697359
5450.0 201.867091016
5460.0 202.236485169
5470.0 202.6058799
5480.0 202.975275291
5490.0 203.344671422
5500.0 203.714068376
5510.0 204.083466231
5520.0 204.452865068
5530.0 204.822264966
5540.0 205.191666003
5550.0 205.561068257
5560.0 205.930471805
5570.0 206.299876725
5580.0 206.669283091
5590.0 207.03869098
5600.0 207.408100466
5610.0 207.777511622
5620.0 208.146924523
5630.0 208.51633924
5640.0 208.885755845
5650.0 209.25517441
5660.0 209.624595003
5670.0 209.994017696
5680.0 210.363442557
5690.0 210.732869652
5700.0 211.10229905
5710.0 211.471730817
5720.0 211.841165017
5730.0 212.210601716
5740.0 212.580040978
5750.0 212.949482864
5760.0 213.318927437
5770.0 213.688374757
5780.0 214.057824886
5790.0 214.427277882
5800.0 214.796733803
5810.0 215.166192708
5820.0 215.535654651