0.0 0.0
120.0 4.49539613459
120.625 4.5178385292
121.25 4.54028967677
122.5 4.58521754147
123.75 4.63017839471
125.0 4.67517097095
126.25 4.72019406886
127.5 4.7652465475
128.75 4.81032732272
130.0 4.85543536379
131.25 4.90056969027
132.5 4.94572936911
133.75 4.99091351188
135.0 5.03612127226
136.25 5.08135184366
137.5 5.12660445694
138.75 5.17187837838
140.0 5.2171729077
141.25 5.26248737621
142.5 5.30782114513
143.75 5.35317360397
145.0 5.39854416897
146.25 5.44393228175
147.5 5.48933740793
148.75 5.53475903589
150.0 5.5801966756
151.25 5.62564985747
152.5 5.67111813136
153.75 5.71660106556
155.0 5.76209824587
156.25 5.80760927473
157.5 5.85313377039
158.75 5.89867136615
160.0 5.9442217096
161.25 5.98978446193
162.5 6.03535929732
165.0 6.12654397498
167.5 6.21777337228
170.0 6.30904528995
172.5 6.40035768435
175.0 6.49170865358
177.5 6.58309642504
180.0 6.67451934428
182.5 6.76597586486
185.0 6.85746453932
187.5 6.94898401095
190.0 7.04053300638
192.5 7.13211032885
195.0 7.22371485216
197.5 7.31534551513
200.0 7.40700131657
202.5 7.49868131076
205.0 7.59038460329
207.5 7.68211034727
210.0 7.77385773987
212.5 7.86562601921
215.0 7.95741446145
217.5 8.04922237818
220.0 8.14104911398
222.5 8.23289404424
225.0 8.32475657311
230.0 8.50853217611
235.0 8.69237166435
240.0 8.87627113468
245.0 9.06022699803
250.0 9.24423594408
255.0 9.42829491101
260.0 9.61240105948
265.0 9.79655175016
270.0 9.98074452422
275.0 10.1649770864
280.0 10.3492472903
285.0 10.5335531251
290.0 10.7178927045
295.0 10.9022642563
300.0 11.0866661135
305.0 11.2710967066
310.0 11.4555545559
315.0 11.6400382654
320.0 11.8245465171
330.0 12.193631733
340.0 12.5628010285
350.0 12.9320461839
360.0 13.3013598229
370.0 13.6707353168
380.0 14.0401667023
390.0 14.409648611
400.0 14.7791762063
410.0 15.1487451291
420.0 15.5183514492
430.0 15.8879916221
440.0 16.2576624506
450.0 16.6273610503
460.0 16.9970848185
470.0 17.3668314068
480.0 17.7365986956
490.0 18.1063847722
500.0 18.4761879099
510.0 18.8460065497
520.0 19.2158392844
530.0 19.585684843
540.0 19.9555420775
550.0 20.3254099507
560.0 20.6952875256
570.0 21.065173955
580.0 21.4350684727
590.0 21.8049703859
600.0 22.1748790674
610.0 22.5447939495
620.0 22.9147145178
630.0 23.2846403063
640.0 23.6545708921
650.0 24.0245058917
660.0 24.3944449567
670.0 24.7643877705
680.0 25.1343340453
690.0 25.504283519
700.0 25.8742359528
710.0 26.244191129
720.0 26.6141488491
730.0 26.9841089315
740.0 27.3540712102
750.0 27.7240355332
760.0 28.0940017613
770.0 28.4639697667
780.0 28.8339394319
790.0 29.203910649
800.0 29.5738833186
810.0 29.9438573489
820.0 30.3138326552
830.0 30.6838091594
840.0 31.053786789
850.0 31.4237654769
860.0 31.7937451607
870.0 32.1637257825
880.0 32.5337072884
890.0 32.9036896281
900.0 33.2736727548
910.0 33.6436566247
920.0 34.0136411968
930.0 34.3836264325
940.0 34.753612296
950.0 35.1235987532
960.0 35.4935857723
970.0 35.8635733233
980.0 36.2335613777
990.0 36.6035499089
1000.0 36.9735388915
1010.0 37.3435283015
1020.0 37.7135181161
1030.0 38.0835083137
1040.0 38.4534988737
1050.0 38.8234897766
1060.0 39.1934810037
1070.0 39.5634725372
1080.0 39.93346436
1090.0 40.3034564559
1100.0 40.6734488092
1110.0 41.043441405
1120.0 41.4134342288
1130.0 41.7834272668
1140.0 42.1534205057
1150.0 42.5234139326
1160.0 42.8934075352
1170.0 43.2634013013
1180.0 43.6333952196
1190.0 44.0033892786
1200.0 44.3733834675
1210.0 44.7433777757
1220.0 45.1133721929
1230.0 45.4833667091
1240.0 45.8533613145
1250.0 46.2233559995
1260.0 46.593350755
1270.0 46.9633455716
1280.0 47.3333404406
1290.0 47.7033353531
1300.0 48.0733303006
1310.0 48.4433252746
1320.0 48.8133202668
1330.0 49.183315269
1340.0 49.5533102731
1350.0 49.9233052711
1360.0 50.2933002552
1370.0 50.6632952176
1380.0 51.0332901505
1390.0 51.4032850462
1400.0 51.7732798971
1410.0 52.1432746957
1420.0 52.5132694344
1430.0 52.8832641057
1440.0 53.2532587022
1450.0 53.6232532163
1460.0 53.9932476406
1470.0 54.3632419677
1480.0 54.7332361901
1490.0 55.1032303003
1500.0 55.4732242909
1510.0 55.8432181543
1520.0 56.213211883
1530.0 56.5832054695
1540.0 56.9531989062
1550.0 57.3231921853
1560.0 57.6931852992
1570.0 58.0631782401
1580.0 58.4331710002
1590.0 58.8031635717
1600.0 59.1731559465
1610.0 59.5431481167
1620.0 59.9131400741
1630.0 60.2831318106
1640.0 60.6531233178
1650.0 61.0231145875
1660.0 61.393105611
1670.0 61.7630963799
1680.0 62.1330868855
1690.0 62.5030771189
1700.0 62.8730670713
1710.0 63.2430567337
1720.0 63.6130460968
1730.0 63.9830351515
1740.0 64.3530238882
1750.0 64.7230122976
1760.0 65.0930003698
1770.0 65.462988095
1780.0 65.8329754634
1790.0 66.2029624647
1800.0 66.5729490887
1810.0 66.9429353249
1820.0 67.3129211628
1830.0 67.6829065915
1840.0 68.0528916001
1850.0 68.4228761776
1860.0 68.7928603126
1870.0 69.1628439936
1880.0 69.532827209
1890.0 69.902809947
1900.0 70.2727921955
1910.0 70.6427739422
1920.0 71.0127551748
1930.0 71.3827358805
1940.0 71.7527160466
1950.0 72.12269566
1960.0 72.4926747074
1970.0 72.8626531753
1980.0 73.23263105
1990.0 73.6026083177
2000.0 73.972584964
2010.0 74.3425609747
2020.0 74.712536335
2030.0 75.0825110302
2040.0 75.4524850451
2050.0 75.8224583644
2060.0 76.1924309724
2070.0 76.5624028534
2080.0 76.9323739911
2090.0 77.3023443693
2100.0 77.6723139713
2110.0 78.0422827802
2120.0 78.4122507789
2130.0 78.7822179499
2140.0 79.1521842755
2150.0 79.5221497378
2160.0 79.8921143185
2170.0 80.262077999
2180.0 80.6320407605
2190.0 81.002002584
2200.0 81.3719634499
2210.0 81.7419233386
2220.0 82.1118822301
2230.0 82.4818401041
2240.0 82.85179694
2250.0 83.2217527169
2260.0 83.5917074136
2270.0 83.9616610085
2280.0 84.3316134798
2290.0 84.7015648054
2300.0 85.0715149628
2310.0 85.4414639292
2320.0 85.8114116816
2330.0 86.1813581964
2340.0 86.5513034499
2350.0 86.921247418
2360.0 87.2911900764
2370.0 87.6611314002
2380.0 88.0310713645
2390.0 88.4010099436
2400.0 88.770947112
2410.0 89.1408828436
2420.0 89.5108171118
2430.0 89.8807498899
2440.0 90.2506811509
2450.0 90.6206108671
2460.0 90.9905390109
2470.0 91.3604655541
2480.0 91.7303904681
2490.0 92.1003137242
2500.0 92.4702352931
2510.0 92.8401551453
2520.0 93.2100732508
2530.0 93.5799895794
2540.0 93.9499041006
2550.0 94.3198167834
2560.0 94.6897275964
2570.0 95.0596365079
2580.0 95.4295434861
2590.0 95.7994484985
2600.0 96.1693515125
2610.0 96.5392524948
2620.0 96.9091514122
2630.0 97.2790482309
2640.0 97.6489429167
2650.0 98.0188354351
2660.0 98.3887257515
2670.0 98.7586138305
2680.0 99.1284996367
2690.0 99.4983831343
2700.0 99.8682642871
2710.0 100.238143058
2720.0 100.608019412
2730.0 100.977893309
2740.0 101.347764714
2750.0 101.717633588
2760.0 102.087499893
2770.0 102.45736359
2780.0 102.82722464
2790.0 103.197083006
2800.0 103.566938645
2810.0 103.93679152
2820.0 104.30664159
2830.0 104.676488815
2840.0 105.046333153
2850.0 105.416174563
2860.0 105.786013006
2870.0 106.155848437
2880.0 106.525680817
2890.0 106.895510102
2900.0 107.26533625
2910.0 107.635159219
2920.0 108.004978965
2930.0 108.374795444
2940.0 108.744608615
2950.0 109.114418431
2960.0 109.484224851
2970.0 109.854027828
2980.0 110.223827319
2990.0 110.593623279
3000.0 110.963415662
3010.0 111.333204424
3020.0 111.70298952
3030.0 112.072770903
3040.0 112.442548527
3050.0 112.812322347
3060.0 113.182092316
3070.0 113.551858389
3080.0 113.921620517
3090.0 114.291378656
3100.0 114.661132757
3110.0 115.030882773
3120.0 115.400628659
3130.0 115.770370365
3140.0 116.140107845
3150.0 116.509841052
3160.0 116.879569937
3170.0 117.249294453
3180.0 117.619014552
3190.0 117.988730187
3200.0 118.358441308
3210.0 118.728147869
3220.0 119.097849821
3230.0 119.467547116
3240.0 119.837239706
3250.0 120.206927543
3260.0 120.576610579
3270.0 120.946288765
3280.0 121.315962053
3290.0 121.685630396
3300.0 122.055293745
3310.0 122.424952053
3320.0 122.794605271
3330.0 123.164253351
3340.0 123.533896247
3350.0 123.903533909
3360.0 124.273166291
3370.0 124.642793345
3380.0 125.012415024
3390.0 125.382031281
3400.0 125.751642068
3410.0 126.121247339
3420.0 126.490847048
3430.0 126.860441147
3440.0 127.23002959
3450.0 127.599612332
3460.0 127.969189327
3470.0 128.338760528
3480.0 128.708325892
3490.0 129.077885373
3500.0 129.447438926
3510.0 129.816986506
3520.0 130.18652807
3530.0 130.556063574
3540.0 130.925592975
3550.0 131.295116229
3560.0 131.664633294
3570.0 132.034144127
3580.0 132.403648687
3590.0 132.773146932
3600.0 133.142638821
3610.0 133.512124313
3620.0 133.881603368
3630.0 134.251075947
3640.0 134.62054201
3650.0 134.990001518
3660.0 135.359454434
3670.0 135.728900719
3680.0 136.098340336
3690.0 136.467773249
3700.0 136.837199422
3710.0 137.206618819
3720.0 137.576031406
3730.0 137.945437147
3740.0 138.31483601
3750.0 138.684227961
3760.0 139.053612968
3770.0 139.422991
3780.0 139.792362024
3790.0 140.161726012
3800.0 140.531082933
3810.0 140.900432758
3820.0 141.269775459
3830.0 141.639111009
3840.0 142.008439381
3850.0 142.377760549
3860.0 142.747074488
3870.0 143.116381173
3880.0 143.485680581
3890.0 143.85497269
3900.0 144.224257476
3910.0 144.59353492
3920.0 144.962805001
3930.0 145.332067699
3940.0 145.701322996
3950.0 146.070570875
3960.0 146.439811318
3970.0 146.809044311
3980.0 147.178269838
3990.0 147.547487885
4000.0 147.916698439
4010.0 148.285901489
4020.0 148.655097022
4030.0 149.02428503
4040.0 149.393465503
4050.0 149.762638432
4060.0 150.131803811
4070.0 150.500961634
4080.0 150.870111895
4090.0 151.239254591
4100.0 151.608389718
4110.0 151.977517274
4120.0 152.346637259
4130.0 152.715749672
4140.0 153.084854515
4150.0 153.45395179
4160.0 153.823041501
4170.0 154.192123651
4180.0 154.561198247
4190.0 154.930265295
4200.0 155.299324802
4210.0 155.668376778
4220.0 156.037421232
4230.0 156.406458176
4240.0 156.775487621
4250.0 157.144509581
4260.0 157.513524071
4270.0 157.882531105
4280.0 158.251530702
4290.0 158.620522877
4300.0 158.989507651
4310.0 159.358485044
4320.0 159.727455076
4330.0 160.096417771
4340.0 160.465373151
4350.0 160.834321242
4360.0 161.203262069
4370.0 161.57219566
4380.0 161.941122041
4390.0 162.310041244
4400.0 162.678953297
4410.0 163.047858233
4420.0 163.416756085
4430.0 163.785646885
4440.0 164.15453067
4450.0 164.523407475
4460.0 164.892277337
4470.0 165.261140295
4480.0 165.629996388
4490.0 165.998845657
4500.0 166.367688144
4510.0 166.736523891
4520.0 167.105352942
4530.0 167.474175342
4540.0 167.842991137
4550.0 168.211800375
4560.0 168.580603104
4570.0 168.949399372
4580.0 169.318189231
4590.0 169.686972731
4600.0 170.055749925
4610.0 170.424520867
4620.0 170.793285611
4630.0 171.162044213
4640.0 171.530796729
4650.0 171.899543216
4660.0 172.268283733
4670.0 172.63701834
4680.0 173.005747097
4690.0 173.374470066
4700.0 173.743187308
4710.0 174.111898886
4720.0 174.480604866
4730.0 174.849305312
4740.0 175.21800029
4750.0 175.586689866
4760.0 175.955374109
4770.0 176.324053086
4780.0 176.692726868
4790.0 177.061395523
4800.0 177.430059124
4810.0 177.798717742
4820.0 178.167371448
4830.0 178.536020317
4840.0 178.904664422
4850.0 179.273303838
4860.0 179.64193864
4870.0 180.010568904
4880.0 180.379194707
4890.0 180.747816136
4900.0 181.116433253
4910.0 181.485046145
4920.0 181.853654892
4930.0 182.222259574
4940.0 182.59086027
4950.0 182.959457063
4960.0 183.328050032
4970.0 183.696639261
4980.0 184.065224831
4990.0 184.433806826
5000.0 184.802385329
5010.0 185.170960424
5020.0 185.539532195
5030.0 185.908100728
5040.0 186.276666107
5050.0 186.645228417
5060.0 187.013787745
5070.0 187.382344177
5080.0 187.750897799
5090.0 188.119448698
5100.0 188.48799696
5110.0 188.856542674
5120.0 189.225085926
5130.0 189.593626805
5140.0 189.962165397
5150.0 190.330701792
5160.0 190.699236077
5170.0 191.06776834
5180.0 191.436298669
5190.0 191.804827155
5200.0 192.173353883
5210.0 192.541878944
5220.0 192.910402425
5230.0 193.278924416
5240.0 193.647445003
5250.0 194.015964277
5260.0 194.384482326
5270.0 194.752999236
5280.0 195.121515098
5290.0 195.490029998
5300.0 195.858544025
5310.0 196.227057266
5320.0 196.595569809
5330.0 196.964081741
5340.0 197.332593149
5350.0 197.70110412
5360.0 198.06961474
5370.0 198.438125096
5380.0 198.806635273
5390.0 199.175145358
5400.0 199.543655435
5410.0 199.912165589
5420.0 200.280675905
5430.0 200.649186467
5440.0 201.017697359
5450.0 201.386208663
5460.0 201.754720464
5470.0 202.123232841
5480.0 202.491745879
5490.0 202.860259658
5500.0 203.228774258
5510.0 203.59728976
5520.0 203.965806244
5530.0 204.334323789
5540.0 204.702842473
5550.0 205.071362374
5560.0 205.43988357
5570.0 205.808406136
5580.0 206.17693015
5590.0 206.545455686
5600.0 206.913982819
5610.0 207.282511622
5620.0 207.65104217
5630.0 208.019574534
5640.0 208.388108786
5650.0 208.756644998
5660.0 209.125183239
5670.0 209.493723579
5680.0 209.862266086
5690.0 210.230810829
5700.0 210.599357874
5710.0 210.967907287
5720.0 211.336459135
5730.0 211.705013481
5740.0 212.073570389
5750.0 212.442129922
5760.0 212.810692142
5770.0 213.17925711
5780.0 213.547824886
5790.0 213.916395529
5800.0 214.284969097
5810.0 214.653545649
5820.0 215.022125239