0.0 0.0
120.0 4.50745495812
120.625 4.5299601591
121.25 4.55247411305
122.5 4.59752759049
123.75 4.64261405648
125.0 4.68773224546
126.25 4.73288095611
127.5 4.7780590475
128.75 4.82326543546
130.0 4.86849908928
131.25 4.91375902851
132.5 4.95904432009
133.75 5.0043540756
135.0 5.04968744873
136.25 5.09504363287
137.5 5.1404218589
138.75 5.18582139309
140.0 5.23124153515
141.25 5.2766816164
142.5 5.32214099807
143.75 5.36761906965
145.0 5.4131152474
146.25 5.45862897292
147.5 5.50415971185
148.75 5.54970695256
150.0 5.59527020501
151.25 5.64084899963
152.5 5.68644288626
153.75 5.73205143321
155.0 5.77767422626
156.25 5.82331086786
157.5 5.86896097627
158.75 5.91462418478
160.0 5.96030014097
161.25 6.00598850605
162.5 6.05168895419
165.0 6.14312485734
167.5 6.23460548012
170.0 6.32612862328
172.5 6.41769224317
175.0 6.50929443789
177.5 6.60093343485
180.0 6.69260757957
182.5 6.78431532564
185.0 6.87605522559
187.5 6.96782592271
190.0 7.05962614363
192.5 7.15145469159
195.0 7.2433104404
197.5 7.33519232885
200.0 7.42709935578
202.5 7.51903057547
205.0 7.61098509349
207.5 7.70296206295
210.0 7.79496068104
212.5 7.88698018587
215.0 7.97901985361
217.5 8.07107899582
220.0 8.16315695712
222.5 8.25525311287
225.0 8.34736686723
230.0 8.53164492121
235.0 8.71598686043
240.0 8.90038878174
245.0 9.08484709607
250.0 9.26935849309
255.0 9.45391991101
260.0 9.63852851046
265.0 9.82318165212
270.0 10.0078768772
275.0 10.1926118904
280.0 10.3773845452
285.0 10.562192831
290.0 10.7470348614
295.0 10.9319088641
300.0 11.1168131724
305.0 11.3017462164
310.0 11.4867065167
315.0 11.6716926772
320.0 11.8567033798
330.0 12.2267934977
340.0 12.5969676951
350.0 12.9672177526
360.0 13.3375362935
370.0 13.7079166893
380.0 14.0783529768
390.0 14.4488397875
400.0 14.8193722847
410.0 15.1899461095
420.0 15.5605573315
430.0 15.9312024064
440.0 16.3018781369
450.0 16.6725816385
460.0 17.0433103087
470.0 17.4140617989
480.0 17.7848339898
490.0 18.1556249683
500.0 18.5264330079
510.0 18.8972565497
520.0 19.2680941864
530.0 19.6389446469
540.0 20.0098067833
550.0 20.3806795586
560.0 20.7515620354
570.0 21.1224533667
580.0 21.4933527864
590.0 21.8642596016
600.0 22.235173185
610.0 22.6060929691
620.0 22.9770184394
630.0 23.3479491298
640.0 23.7188846176
650.0 24.0898245192
660.0 24.4607684861
670.0 24.8317162019
680.0 25.2026673786
690.0 25.5736217543
700.0 25.94457909
710.0 26.3155391682
720.0 26.6865017903
730.0 27.0574667746
740.0 27.4284339553
750.0 27.7994031803
760.0 28.1703743104
770.0 28.5413472177
780.0 28.9123217849
790.0 29.283297904
800.0 29.6542754755
810.0 30.0252544077
820.0 30.396234616
830.0 30.7672160222
840.0 31.1381985538
850.0 31.5091821436
860.0 31.8801667293
870.0 32.251152253
880.0 32.6221386609
890.0 32.9931259026
900.0 33.3641139313
910.0 33.7351027032
920.0 34.1060921772
930.0 34.4770823149
940.0 34.8480730803
950.0 35.2190644395
960.0 35.5900563605
970.0 35.9610488135
980.0 36.3320417699
990.0 36.7030352031
1000.0 37.0740290876
1010.0 37.4450233995
1020.0 37.8160181161
1030.0 38.1870132156
1040.0 38.5580086776
1050.0 38.9290044825
1060.0 39.3000006116
1070.0 39.670997047
1080.0 40.0419937718
1090.0 40.4129907696
1100.0 40.7839880249
1110.0 41.1549855226
1120.0 41.5259832484
1130.0 41.8969811884
1140.0 42.2679793292
1150.0 42.6389776581
1160.0 43.0099761626
1170.0 43.3809748308
1180.0 43.7519736509
1190.0 44.1229726119
1200.0 44.4939717028
1210.0 44.8649709129
1220.0 45.2359702321
1230.0 45.6069696503
1240.0 45.9779691576
1250.0 46.3489687446
1260.0 46.719968402
1270.0 47.0909681206
1280.0 47.4619678916
1290.0 47.832967706
1300.0 48.2039675555
1310.0 48.5749674314
1320.0 48.9459673256
1330.0 49.3169672297
1340.0 49.6879671358
1350.0 50.0589670358
1360.0 50.4299669219
1370.0 50.8009667862
1380.0 51.1719666211
1390.0 51.5429664187
1400.0 51.9139661716
1410.0 52.2849658722
1420.0 52.6559655128
1430.0 53.0269650861
1440.0 53.3979645845
1450.0 53.7689640006
1460.0 54.1399633269
1470.0 54.5109625559
1480.0 54.8819616803
1490.0 55.2529606925
1500.0 55.623959585
1510.0 55.9949583504
1520.0 56.3659569811
1530.0 56.7369554695
1540.0 57.1079538081
1550.0 57.4789519892
1560.0 57.849950005
1570.0 58.2209478479
1580.0 58.59194551
1590.0 58.9629429834
1600.0 59.3339402602
1610.0 59.7049373324
1620.0 60.0759341918
1630.0 60.4469308302
1640.0 60.8179272394
1650.0 61.188923411
1660.0 61.5599193365
1670.0 61.9309150074
1680.0 62.3019104149
1690.0 62.6729055503
1700.0 63.0439004046
1710.0 63.414894969
1720.0 63.7858892341
1730.0 64.1568831907
1740.0 64.5278768294
1750.0 64.8988701407
1760.0 65.2698631149
1770.0 65.6408557421
1780.0 66.0118480124
1790.0 66.3828399157
1800.0 66.7538314416
1810.0 67.1248225798
1820.0 67.4958133196
1830.0 67.8668036503
1840.0 68.2377935609
1850.0 68.6087830403
1860.0 68.9797720773
1870.0 69.3507606603
1880.0 69.7217487777
1890.0 70.0927364176
1900.0 70.463723568
1910.0 70.8347102167
1920.0 71.2056963512
1930.0 71.5766819589
1940.0 71.947667027
1950.0 72.3186515423
1960.0 72.6896354917
1970.0 73.0606188616
1980.0 73.4316016383
1990.0 73.8025838079
2000.0 74.1735653562
2010.0 74.5445462688
2020.0 74.9155265311
2030.0 75.2865061282
2040.0 75.6574850451
2050.0 76.0284632663
2060.0 76.3994407763
2070.0 76.7704175593
2080.0 77.141393599
2090.0 77.5123688791
2100.0 77.8833433831
2110.0 78.254317094
2120.0 78.6252899946
2130.0 78.9962620676
2140.0 79.3672332952
2150.0 79.7382036594
2160.0 80.109173142
2170.0 80.4801417245
2180.0 80.851109388
2190.0 81.2220761134
2200.0 81.5930418813
2210.0 81.9640066719
2220.0 82.3349704654
2230.0 82.7059332414
2240.0 83.0768949792
2250.0 83.4478556581
2260.0 83.8188152567
2270.0 84.1897737536
2280.0 84.5607311269
2290.0 84.9316873544
2300.0 85.3026424138
2310.0 85.6735962822
2320.0 86.0445489365
2330.0 86.4155003532
2340.0 86.7864505087
2350.0 87.1573993788
2360.0 87.5283469391
2370.0 87.8992931649
2380.0 88.2702380311
2390.0 88.6411815123
2400.0 89.0121235826
2410.0 89.3830642161
2420.0 89.7540033863
2430.0 90.1249410664
2440.0 90.4958772293
2450.0 90.8668118475
2460.0 91.2377448933
2470.0 91.6086763384
2480.0 91.9796061544
2490.0 92.3505343124
2500.0 92.7214607833
2510.0 93.0923855374
2520.0 93.4633085449
2530.0 93.8342297755
2540.0 94.2051491987
2550.0 94.5760667834
2560.0 94.9469824983
2570.0 95.3178963119
2580.0 95.688808192
2590.0 96.0597181064
2600.0 96.4306260223
2610.0 96.8015319066
2620.0 97.1724357259
2630.0 97.5433374465
2640.0 97.9142370343
2650.0 98.2851344547
2660.0 98.656029673
2670.0 99.026922654
2680.0 99.3978133622
2690.0 99.7687017618
2700.0 100.139587816
2710.0 100.51047149
2720.0 100.881352745
2730.0 101.252231545
2740.0 101.623107851
2750.0 101.993981627
2760.0 102.364852834
2770.0 102.735721433
2780.0 103.106587386
2790.0 103.477450653
2800.0 103.848311194
2810.0 104.219168971
2820.0 104.590023943
2830.0 104.96087607
2840.0 105.33172531
2850.0 105.702571622
2860.0 106.073414966
2870.0 106.4442553
2880.0 106.815092582
2890.0 107.185926769
2900.0 107.556757819
2910.0 107.92758569
2920.0 108.298410337
2930.0 108.669231719
2940.0 109.040049791
2950.0 109.41086451
2960.0 109.781675831
2970.0 110.15248371
2980.0 110.523288103
2990.0 110.894088965
3000.0 111.26488625
3010.0 111.635679915
3020.0 112.006469912
3030.0 112.377256197
3040.0 112.748038723
3050.0 113.118817445
3060.0 113.489592316
3070.0 113.860363291
3080.0 114.231130321
3090.0 114.601893361
3100.0 114.972652364
3110.0 115.343407283
3120.0 115.71415807
3130.0 116.084904679
3140.0 116.455647061
3150.0 116.82638517
3160.0 117.197118957
3170.0 117.567848375
3180.0 117.938573376
3190.0 118.309293912
3200.0 118.680009936
3210.0 119.050721399
3220.0 119.421428253
3230.0 119.79213045
3240.0 120.162827941
3250.0 120.53352068
3260.0 120.904208618
3270.0 121.274891706
3280.0 121.645569896
3290.0 122.016243141
3300.0 122.386911392
3310.0 122.757574602
3320.0 123.128232722
3330.0 123.498885704
3340.0 123.869533502
3350.0 124.240176066
3360.0 124.61081335
3370.0 124.981445306
3380.0 125.352071887
3390.0 125.722693046
3400.0 126.093308735
3410.0 126.463918908
3420.0 126.834523518
3430.0 127.205122519
3440.0 127.575715865
3450.0 127.946303508
3460.0 128.316885405
3470.0 128.687461509
3480.0 129.058031775
3490.0 129.428596157
3500.0 129.799154612
3510.0 130.169707094
3520.0 130.54025356
3530.0 130.910793967
3540.0 131.281328269
3550.0 131.651856425
3560.0 132.022378392
3570.0 132.392894127
3580.0 132.763403589
3590.0 133.133906736
3600.0 133.504403527
3610.0 133.874893921
3620.0 134.245377878
3630.0 134.615855359
3640.0 134.986326324
3650.0 135.356790734
3660.0 135.727248551
3670.0 136.097699738
3680.0 136.468144258
3690.0 136.838582073
3700.0 137.209013148
3710.0 137.579437447
3720.0 137.949854935
3730.0 138.320265578
3740.0 138.690669343
3750.0 139.061066196
3760.0 139.431456105
3770.0 139.801839039
3780.0 140.172214966
3790.0 140.542583855
3800.0 140.912945678
3810.0 141.283300405
3820.0 141.653648008
3830.0 142.02398846
3840.0 142.394321734
3850.0 142.764647804
3860.0 143.134966645
3870.0 143.505278232
3880.0 143.875582542
3890.0 144.245879552
3900.0 144.616169241
3910.0 144.986451587
3920.0 145.356726569
3930.0 145.726994169
3940.0 146.097254369
3950.0 146.467507149
3960.0 146.837752495
3970.0 147.20799039
3980.0 147.578220818
3990.0 147.948443767
4000.0 148.318659224
4010.0 148.688867175
4020.0 149.059067611
4030.0 149.42926052
4040.0 149.799445895
4050.0 150.169623726
4060.0 150.539794007
4070.0 150.909956732
4080.0 151.280111895
4090.0 151.650259493
4100.0 152.020399521
4110.0 152.39053198
4120.0 152.760656867
4130.0 153.130774182
4140.0 153.500883927
4150.0 153.870986104
4160.0 154.241080717
4170.0 154.611167769
4180.0 154.981247267
4190.0 155.351319216
4200.0 155.721383626
4210.0 156.091440503
4220.0 156.461489859
4230.0 156.831531705
4240.0 157.201566052
4250.0 157.571592915
4260.0 157.941612306
4270.0 158.311624243
4280.0 158.681628741
4290.0 159.051625818
4300.0 159.421615494
4310.0 159.791597789
4320.0 160.161572723
4330.0 160.53154032
4340.0 160.901500602
4350.0 161.271453595
4360.0 161.641399324
4370.0 162.011337817
4380.0 162.3812691
4390.0 162.751193205
4400.0 163.12111016
4410.0 163.491019998
4420.0 163.860922751
4430.0 164.230818454
4440.0 164.600707141
4450.0 164.970588847
4460.0 165.340463612
4470.0 165.710331472
4480.0 166.080192467
4490.0 166.450046638
4500.0 166.819894026
4510.0 167.189734675
4520.0 167.559568628
4530.0 167.92939593
4540.0 168.299216627
4550.0 168.669030767
4560.0 169.038838398
4570.0 169.408639568
4580.0 169.778434329
4590.0 170.148222731
4600.0 170.518004827
4610.0 170.887780671
4620.0 171.257550317
4630.0 171.627313821
4640.0 171.997071239
4650.0 172.366822628
4660.0 172.736568047
4670.0 173.106307556
4680.0 173.476041215
4690.0 173.845769085
4700.0 174.215491229
4710.0 174.58520771
4720.0 174.954918592
4730.0 175.324623939
4740.0 175.694323819
4750.0 176.064018297
4760.0 176.433707442
4770.0 176.803391321
4780.0 177.173070005
4790.0 177.542743562
4800.0 177.912412065
4810.0 178.282075585
4820.0 178.651734193
4830.0 179.021387964
4840.0 179.391036971
4850.0 179.760681289
4860.0 180.130320993
4870.0 180.499956159
4880.0 180.869586864
4890.0 181.239213195
4900.0 181.608835214
4910.0 181.978453008
4920.0 182.348066657
4930.0 182.717676241
4940.0 183.087281839
4950.0 183.456883533
4960.0 183.826481405
4970.0 184.196075535
4980.0 184.565666007
4990.0 184.935252904
5000.0 185.304836309
5010.0 185.674416306
5020.0 186.04399298
5030.0 186.413566414
5040.0 186.783136695
5050.0 187.152703907
5060.0 187.522268137
5070.0 187.891829471
5080.0 188.261387995
5090.0 188.630943796
5100.0 189.00049696
5110.0 189.370047576
5120.0 189.73959573
5130.0 190.109141511
5140.0 190.478685005
5150.0 190.848226302
5160.0 191.217765488
5170.0 191.587302653
5180.0 191.956837885
5190.0 192.326371272
5200.0 192.695902903
5210.0 193.065432865
5220.0 193.434961249
5230.0 193.804488141
5240.0 194.174013631
5250.0 194.543537807
5260.0 194.913060757
5270.0 195.28258257
5280.0 195.652103333
5290.0 196.021623135
5300.0 196.391142064
5310.0 196.760660207
5320.0 197.130177652
5330.0 197.499694486
5340.0 197.869210796
5350.0 198.238726669
5360.0 198.608242191
5370.0 198.977757449
5380.0 199.347272528
5390.0 199.716787515
5400.0 200.086302494
5410.0 200.45581755
5420.0 200.825332768
5430.0 201.194848232
5440.0 201.564364026
5450.0 201.933880232
5460.0 202.303396934
5470.0 202.672914214
5480.0 203.042432154
5490.0 203.411950834
5500.0 203.781470336
5510.0 204.150990741
5520.0 204.520512127
5530.0 204.890034573
5540.0 205.259558159
5550.0 205.629082963
5560.0 205.99860906
5570.0 206.368136529
5580.0 206.737665444
5590.0 207.107195882
5600.0 207.476727917
5610.0 207.846261622
5620.0 208.215797072
5630.0 208.585334338
5640.0 208.954873492
5650.0 209.324414606
5660.0 209.693957749
5670.0 210.06350299
5680.0 210.4330504
5690.0 210.802600044
5700.0 211.172151991
5710.0 211.541706307
5720.0 211.911263057
5730.0 212.280822305
5740.0 212.650384115
5750.0 213.01994855
5760.0 213.389515672
5770.0 213.759085542
5780.0 214.128658219
5790.0 214.498233764
5800.0 214.867812235
5810.0 215.237393688
5820.0 215.606978181