0.0 0.0
120.0 4.5059846697
120.625 4.52848221364
121.25 4.55098851054
122.5 4.59602667393
123.75 4.64109782591
125.0 4.68620070091
126.25 4.73133409761
127.5 4.77649687509
128.75 4.82168794919
130.0 4.86690628917
131.25 4.9121509146
132.5 4.95742089242
133.75 5.00271533422
135.0 5.04803339366
136.25 5.09337426416
137.5 5.13873717658
138.75 5.1841213972
140.0 5.22952622573
141.25 5.27495099349
142.5 5.32039506171
143.75 5.36585781988
145.0 5.41133868425
146.25 5.45683709644
147.5 5.50235252208
148.75 5.54788444954
150.0 5.59343238877
151.25 5.63899587022
152.5 5.68457444373
153.75 5.73016767758
155.0 5.77577515759
156.25 5.82139648619
157.5 5.86703128164
158.75 5.91267917722
160.0 5.95833982054
161.25 6.00401287279
162.5 6.04969800813
165.0 6.14110328584
167.5 6.23255328335
170.0 6.32404580142
172.5 6.41557879639
175.0 6.50715036638
177.5 6.59875873879
180.0 6.69040225915
182.5 6.78207938105
185.0 6.87378865703
187.5 6.96552873036
190.0 7.05729832769
192.5 7.14909625227
195.0 7.24092137788
197.5 7.33277264335
200.0 7.42464904751
202.5 7.51654964462
205.0 7.60847354028
207.5 7.7004198876
210.0 7.79238788376
212.5 7.88437676688
215.0 7.97638581312
217.5 8.06841433407
220.0 8.16046167432
222.5 8.25252720926
225.0 8.34461034304
230.0 8.52882715655
235.0 8.71310785628
240.0 8.89744853907
245.0 9.08184561589
250.0 9.26629577643
255.0 9.4507959589
260.0 9.635343324
265.0 9.81993523239
270.0 10.0045692253
275.0 10.1892430075
280.0 10.3739544326
285.0 10.5587014898
290.0 10.7434822927
295.0 10.9282950694
300.0 11.1131381528
305.0 11.2980099734
310.0 11.4829090515
315.0 11.6678339912
320.0 11.8527834745
330.0 12.222751158
340.0 12.5928029271
350.0 12.9629305625
360.0 13.3331266879
370.0 13.7033846751
380.0 14.0736985612
390.0 14.4440629779
400.0 14.8144730889
410.0 15.1849245357
420.0 15.5554133882
430.0 15.9259361025
440.0 16.2964894815
450.0 16.6670706414
460.0 17.0376769799
470.0 17.4083061489
480.0 17.7789560294
490.0 18.149624709
500.0 18.5203104615
510.0 18.8910117286
520.0 19.2617271033
530.0 19.6324553153
540.0 20.0031952172
550.0 20.3739457723
560.0 20.7447060441
570.0 21.1154751861
580.0 21.4862524327
590.0 21.8570370918
600.0 22.2278285369
610.0 22.5986262009
620.0 22.9694295702
630.0 23.3402381795
640.0 23.7110516068
650.0 24.0818694692
660.0 24.4526914193
670.0 24.8235171413
680.0 25.1943463483
690.0 25.565178779
700.0 25.9360141958
710.0 26.3068523819
720.0 26.6776931397
730.0 27.0485362887
740.0 27.4193816641
750.0 27.790229115
760.0 28.1610785032
770.0 28.5319297022
780.0 28.9027825958
790.0 29.2736370773
800.0 29.6444930486
810.0 30.0153504194
820.0 30.3862091064
830.0 30.7570690328
840.0 31.1279301277
850.0 31.4987923255
860.0 31.8696555655
870.0 32.2405197915
880.0 32.6113849511
890.0 32.982250996
900.0 33.3531178811
910.0 33.7239855643
920.0 34.0948540068
930.0 34.4657231719
940.0 34.8365930258
950.0 35.2074635366
960.0 35.5783346747
970.0 35.9492064121
980.0 36.3200787231
990.0 36.690951583
1000.0 37.061824969
1010.0 37.4326988598
1020.0 37.8035732351
1030.0 38.1744480759
1040.0 38.5453233646
1050.0 38.9161990843
1060.0 39.2870752194
1070.0 39.657951755
1080.0 40.0288286772
1090.0 40.3997059729
1100.0 40.7705836298
1110.0 41.1414616363
1120.0 41.5123399815
1130.0 41.8832186551
1140.0 42.2540976475
1150.0 42.6249769495
1160.0 42.9958565528
1170.0 43.3667364494
1180.0 43.7376166316
1190.0 44.1084970926
1200.0 44.4793778258
1210.0 44.850258825
1220.0 45.2211400846
1230.0 45.5920215993
1240.0 45.9629033641
1250.0 46.3337853745
1260.0 46.7046676263
1270.0 47.0755501156
1280.0 47.4464328389
1290.0 47.817315793
1300.0 48.188198975
1310.0 48.5590823822
1320.0 48.9299660123
1330.0 49.3008498634
1340.0 49.6717339336
1350.0 50.0426182213
1360.0 50.4135027255
1370.0 50.784387445
1380.0 51.1552723792
1390.0 51.5261575275
1400.0 51.8970428896
1410.0 52.2679284656
1420.0 52.6388142555
1430.0 53.0097002599
1440.0 53.3805864793
1450.0 53.7514729146
1460.0 54.1223595669
1470.0 54.4932464375
1480.0 54.8641335278
1490.0 55.2350208395
1500.0 55.6059083745
1510.0 55.976796135
1520.0 56.3476841233
1530.0 56.7185723418
1540.0 57.0894607933
1550.0 57.4603494807
1560.0 57.8312384071
1570.0 58.2021275758
1580.0 58.5730169903
1590.0 58.9439066544
1600.0 59.3147965718
1610.0 59.6856867468
1620.0 60.0565771836
1630.0 60.4274678867
1640.0 60.7983588607
1650.0 61.1692501107
1660.0 61.5401416417
1670.0 61.9110334589
1680.0 62.281925568
1690.0 62.6528179744
1700.0 63.0237106843
1710.0 63.3946037036
1720.0 63.7654970386
1730.0 64.136390696
1740.0 64.5072846823
1750.0 64.8781790046
1760.0 65.2490736699
1770.0 65.6199686857
1780.0 65.9908640595
1790.0 66.361759799
1800.0 66.7326559123
1810.0 67.1035524076
1820.0 67.4744492933
1830.0 67.8453465782
1840.0 68.216244271
1850.0 68.5871423808
1860.0 68.9580409171
1870.0 69.3289398895
1880.0 69.6998393076
1890.0 70.0707391816
1900.0 70.4416395217
1910.0 70.8125403384
1920.0 71.1834416426
1930.0 71.5543434451
1940.0 71.9252457573
1950.0 72.2961485907
1960.0 72.6670519569
1970.0 73.0379558681
1980.0 73.4088603364
1990.0 73.7797653744
2000.0 74.1506709948
2010.0 74.5215772107
2020.0 74.8924840355
2030.0 75.2633914825
2040.0 75.6342995658
2050.0 76.0052082994
2060.0 76.3761176978
2070.0 76.7470277755
2080.0 77.1179385475
2090.0 77.4888500292
2100.0 77.8597622358
2110.0 78.2306751834
2120.0 78.601588888
2130.0 78.9725033659
2140.0 79.3434186339
2150.0 79.714334709
2160.0 80.0852516083
2170.0 80.4561693496
2180.0 80.8270879506
2190.0 81.1980074297
2200.0 81.5689278052
2210.0 81.939849096
2220.0 82.3107713212
2230.0 82.6816945004
2240.0 83.0526186532
2250.0 83.4235437997
2260.0 83.7944699603
2270.0 84.1653971559
2280.0 84.5363254073
2290.0 84.9072547361
2300.0 85.2781851639
2310.0 85.6491167128
2320.0 86.0200494052
2330.0 86.3909832638
2340.0 86.7619183117
2350.0 87.1328545723
2360.0 87.5037920692
2370.0 87.8747308267
2380.0 88.2456708691
2390.0 88.6166122212
2400.0 88.9875549081
2410.0 89.3584989554
2420.0 89.7294443887
2430.0 90.1003912344
2440.0 90.471339519
2450.0 90.8422892693
2460.0 91.2132405125
2470.0 91.5841932763
2480.0 91.9551475885
2490.0 92.3261034776
2500.0 92.6970609722
2510.0 93.0680201012
2520.0 93.4389808942
2530.0 93.8099433807
2540.0 94.1809075909
2550.0 94.5518735553
2560.0 94.9228413047
2570.0 95.2938108702
2580.0 95.6647822834
2590.0 96.0357555761
2600.0 96.4067307807
2610.0 96.7777079297
2620.0 97.1486870561
2630.0 97.5196681932
2640.0 97.8906513746
2650.0 98.2616366345
2660.0 98.6326240072
2670.0 99.0036135274
2680.0 99.3746052302
2690.0 99.745599151
2700.0 100.116595326
2710.0 100.48759379
2720.0 100.858594581
2730.0 101.229597736
2740.0 101.60060329
2750.0 101.971611283
2760.0 102.342621751
2770.0 102.713634733
2780.0 103.084650267
2790.0 103.455668393
2800.0 103.826689148
2810.0 104.197712574
2820.0 104.568738709
2830.0 104.939767593
2840.0 105.310799268
2850.0 105.681833773
2860.0 106.052871149
2870.0 106.423911439
2880.0 106.794954683
2890.0 107.166000923
2900.0 107.537050203
2910.0 107.908102563
2920.0 108.279158046
2930.0 108.650216697
2940.0 109.021278557
2950.0 109.392343671
2960.0 109.763412082
2970.0 110.134483834
2980.0 110.505558972
2990.0 110.876637539
3000.0 111.247719581
3010.0 111.618805143
3020.0 111.989894269
3030.0 112.360987006
3040.0 112.732083398
3050.0 113.103183491
3060.0 113.474287332
3070.0 113.845394966
3080.0 114.216506439
3090.0 114.587621799
3100.0 114.958741091
3110.0 115.329864363
3120.0 115.700991661
3130.0 116.072123033
3140.0 116.443258525
3150.0 116.814398185
3160.0 117.18554206
3170.0 117.556690197
3180.0 117.927842645
3190.0 118.29899945
3200.0 118.670160661
3210.0 119.041326325
3220.0 119.41249649
3230.0 119.783671204
3240.0 120.154850514
3250.0 120.526034469
3260.0 120.897223116
3270.0 121.268416503
3280.0 121.639614678
3290.0 122.010817689
3300.0 122.382025584
3310.0 122.75323841
3320.0 123.124456215
3330.0 123.495679047
3340.0 123.866906953
3350.0 124.238139981
3360.0 124.609378177
3370.0 124.980621589
3380.0 125.351870265
3390.0 125.72312425
3400.0 126.094383593
3410.0 126.465648338
3420.0 126.836918533
3430.0 127.208194224
3440.0 127.579475457
3450.0 127.950762278
3460.0 128.322054732
3470.0 128.693352864
3480.0 129.06465672
3490.0 129.435966344
3500.0 129.80728178
3510.0 130.178603074
3520.0 130.549930268
3530.0 130.921263406
3540.0 131.292602532
3550.0 131.663947688
3560.0 132.035298916
3570.0 132.406656259
3580.0 132.778019759
3590.0 133.149389456
3600.0 133.520765392
3610.0 133.892147606
3620.0 134.263536139
3630.0 134.63493103
3640.0 135.006332319
3650.0 135.377740043
3660.0 135.749154241
3670.0 136.12057495
3680.0 136.492002207
3690.0 136.863436048
3700.0 137.23487651
3710.0 137.606323627
3720.0 137.977777434
3730.0 138.349237966
3740.0 138.720705255
3750.0 139.092179334
3760.0 139.463660235
3770.0 139.835147991
3780.0 140.206642631
3790.0 140.578144186
3800.0 140.949652685
3810.0 141.321168157
3820.0 141.69269063
3830.0 142.06422013
3840.0 142.435756685
3850.0 142.807300321
3860.0 143.178851061
3870.0 143.550408931
3880.0 143.921973953
3890.0 144.29354615
3900.0 144.665125544
3910.0 145.036712156
3920.0 145.408306005
3930.0 145.77990711
3940.0 146.15151549
3950.0 146.523131163
3960.0 146.894754144
3970.0 147.266384449
3980.0 147.638022093
3990.0 148.009667089
4000.0 148.38131945
4010.0 148.752979188
4020.0 149.124646314
4030.0 149.496320838
4040.0 149.868002768
4050.0 150.239692112
4060.0 150.611388877
4070.0 150.98309307
4080.0 151.354804694
4090.0 151.726523753
4100.0 152.098250251
4110.0 152.46998419
4120.0 152.841725569
4130.0 153.213474388
4140.0 153.585230646
4150.0 153.956994341
4160.0 154.328765468
4170.0 154.700544024
4180.0 155.072330001
4190.0 155.444123395
4200.0 155.815924195
4210.0 156.187732394
4220.0 156.559547981
4230.0 156.931370945
4240.0 157.303201273
4250.0 157.675038952
4260.0 158.046883967
4270.0 158.418736302
4280.0 158.790595941
4290.0 159.162462864
4300.0 159.534337054
4310.0 159.906218489
4320.0 160.278107147
4330.0 160.650003007
4340.0 161.021906045
4350.0 161.393816235
4360.0 161.765733551
4370.0 162.137657966
4380.0 162.509589452
4390.0 162.881527978
4400.0 163.253473516
4410.0 163.625426031
4420.0 163.997385492
4430.0 164.369351865
4440.0 164.741325114
4450.0 165.113305202
4460.0 165.485292093
4470.0 165.857285747
4480.0 166.229286125
4490.0 166.601293185
4500.0 166.973306887
4510.0 167.345327187
4520.0 167.71735404
4530.0 168.089387401
4540.0 168.461427224
4550.0 168.833473462
4560.0 169.205526066
4570.0 169.577584986
4580.0 169.949650171
4590.0 170.32172157
4600.0 170.693799131
4610.0 171.065882799
4620.0 171.437972519
4630.0 171.810068236
4640.0 172.182169893
4650.0 172.554277432
4660.0 172.926390793
4670.0 173.298509919
4680.0 173.670634747
4690.0 174.042765216
4700.0 174.414901263
4710.0 174.787042824
4720.0 175.159189836
4730.0 175.531342233
4740.0 175.903499949
4750.0 176.275662916
4760.0 176.647831066
4770.0 177.020004331
4780.0 177.392182641
4790.0 177.764365926
4800.0 178.136554114
4810.0 178.508747133
4820.0 178.880944911
4830.0 179.253147373
4840.0 179.625354447
4850.0 179.997566056
4860.0 180.369782125
4870.0 180.742002578
4880.0 181.114227338
4890.0 181.486456316
4900.0 181.858689452
4910.0 182.230926656
4920.0 182.603167849
4930.0 182.97541295
4940.0 183.347661881
4950.0 183.719914558
4960.0 184.0921709
4970.0 184.464430825
4980.0 184.836694249
4990.0 185.20896109
5000.0 185.581231264
5010.0 185.953504685
5020.0 186.325781271
5030.0 186.698060934
5040.0 187.07034359
5050.0 187.442629153
5060.0 187.814917536
5070.0 188.187208654
5080.0 188.559502418
5090.0 188.931798743
5100.0 189.30409754
5110.0 189.676398722
5120.0 190.0487022
5130.0 190.421007888
5140.0 190.793315696
5150.0 191.165625536
5160.0 191.537937319
5170.0 191.910250957
5180.0 192.282566362
5190.0 192.654883443
5200.0 193.027202112
5210.0 193.399522281
5220.0 193.771843859
5230.0 194.144166759
5240.0 194.516490891
5250.0 194.888816167
5260.0 195.261142497
5270.0 195.633469792
5280.0 196.005797965
5290.0 196.378126926
5300.0 196.750456588
5310.0 197.122786861
5320.0 197.495117659
5330.0 197.867448892
5340.0 198.239780474
5350.0 198.612112317
5360.0 198.984444335
5370.0 199.35677644
5380.0 199.729108545
5390.0 200.101440565
5400.0 200.473772415
5410.0 200.846104007
5420.0 201.218435258
5430.0 201.590766083
5440.0 201.963096397
5450.0 202.335426117
5460.0 202.707755159
5470.0 203.08008344
5480.0 203.452410879
5490.0 203.824737392
5500.0 204.197062899
5510.0 204.569387318
5520.0 204.94171057
5530.0 205.314032575
5540.0 205.686353254
5550.0 206.058672527
5560.0 206.430990318
5570.0 206.803306548
5580.0 207.175621142
5590.0 207.547934023
5600.0 207.920245115
5610.0 208.292554345
5620.0 208.664861639
5630.0 209.037166923
5640.0 209.409470124
5650.0 209.781771172
5660.0 210.154069994
5670.0 210.526366522
5680.0 210.898660685
5690.0 211.270952416
5700.0 211.643241645
5710.0 212.015528307
5720.0 212.387812334
5730.0 212.760093663
5740.0 213.132372227
5750.0 213.504647965
5760.0 213.876920812
5770.0 214.249190707
5780.0 214.62145759
5790.0 214.9937214
5800.0 215.365982077
5810.0 215.738239564
5820.0 216.110493804