0.0 0.0
120.0 4.50679319341
120.625 4.52929494771
121.25 4.55180545496
122.5 4.59685203902
123.75 4.64193161163
125.0 4.68704290722
126.25 4.73218472449
127.5 4.7773559225
128.75 4.82255541708
130.0 4.86778217751
131.25 4.91303522336
132.5 4.95831362156
133.75 5.00361648369
135.0 5.04894296344
136.25 5.0942922542
137.5 5.13966358684
138.75 5.18505622765
140.0 5.23046947632
141.25 5.2759026642
142.5 5.32135515249
143.75 5.36682633068
145.0 5.41231561505
146.25 5.45782244719
147.5 5.50334629273
148.75 5.54888664006
150.0 5.59444299913
151.25 5.64001490036
152.5 5.68560189362
153.75 5.73120354718
155.0 5.77681944685
156.25 5.82244919507
157.5 5.8680924101
158.75 5.91374872522
160.0 5.95941778803
161.25 6.00509925973
162.5 6.05079281448
165.0 6.14221493087
167.5 6.23368176688
170.0 6.32519112328
172.5 6.41674095641
175.0 6.50832936436
177.5 6.59995457455
180.0 6.69161493251
182.5 6.78330889182
185.0 6.875035005
187.5 6.96679191536
190.0 7.05857834951
192.5 7.15039311071
195.0 7.24223507275
197.5 7.33410317444
200.0 7.42599641461
202.5 7.51791384753
205.0 7.60985457878
207.5 7.70181776148
210.0 7.79380259281
212.5 7.88580831087
215.0 7.97783419184
217.5 8.06987954729
220.0 8.16194372182
222.5 8.25402609081
225.0 8.34612605841
230.0 8.53037653885
235.0 8.71469090454
240.0 8.89906525233
245.0 9.08349599313
250.0 9.26797981662
255.0 9.45251366101
260.0 9.63709468693
265.0 9.82172025506
270.0 10.0063879066
275.0 10.1910953462
280.0 10.3758404276
285.0 10.5606211398
290.0 10.7454355966
295.0 10.9302820259
300.0 11.1151587606
305.0 11.3000642311
310.0 11.4849969578
315.0 11.6699555448
320.0 11.854938674
330.0 12.2249736448
340.0 12.5950926951
350.0 12.9652876055
360.0 13.3355509994
370.0 13.7058762481
380.0 14.0762573886
390.0 14.4466890522
400.0 14.8171664024
410.0 15.1876850801
420.0 15.5582411551
430.0 15.9288310829
440.0 16.2994516663
450.0 16.6701000209
460.0 17.040773544
470.0 17.4114698871
480.0 17.7821869309
490.0 18.1529227624
500.0 18.523675655
510.0 18.8944440497
520.0 19.2652265393
530.0 19.6360218528
540.0 20.0068288422
550.0 20.3776464703
560.0 20.7484738001
570.0 21.1193099844
580.0 21.490154257
590.0 21.8610059251
600.0 22.2318643615
610.0 22.6027289985
620.0 22.9735993217
630.0 23.3444748651
640.0 23.7153552058
650.0 24.0862399603
660.0 24.4571287802
670.0 24.828021349
680.0 25.1989173786
690.0 25.5698166072
700.0 25.9407187959
710.0 26.3116237271
720.0 26.682531202
730.0 27.0534410393
740.0 27.4243530729
750.0 27.7952671509
760.0 28.1661831339
770.0 28.5371008942
780.0 28.9080203143
790.0 29.2789412863
800.0 29.6498637107
810.0 30.0207874959
820.0 30.3917125572
830.0 30.7626388163
840.0 31.1335662008
850.0 31.5044946436
860.0 31.8754240822
870.0 32.2463544589
880.0 32.6172857197
890.0 32.9882178144
900.0 33.359150696
910.0 33.7300843208
920.0 34.1010186477
930.0 34.4719536384
940.0 34.8428892568
950.0 35.2138254689
960.0 35.5847622429
970.0 35.9556995488
980.0 36.3266373581
990.0 36.6975756442
1000.0 37.0685143817
1010.0 37.4394535466
1020.0 37.8103931161
1030.0 38.1813330686
1040.0 38.5522733835
1050.0 38.9232140413
1060.0 39.2941550233
1070.0 39.6650963117
1080.0 40.0360378894
1090.0 40.4069797402
1100.0 40.7779218484
1110.0 41.1488641991
1120.0 41.5198067778
1130.0 41.8907495707
1140.0 42.2616925645
1150.0 42.6326357463
1160.0 43.0035791038
1170.0 43.3745226249
1180.0 43.745466298
1190.0 44.1164101119
1200.0 44.4873540557
1210.0 44.8582981188
1220.0 45.2292422909
1230.0 45.600186562
1240.0 45.9711309223
1250.0 46.3420753623
1260.0 46.7130198726
1270.0 47.0839644442
1280.0 47.454909068
1290.0 47.8258537355
1300.0 48.1967984378
1310.0 48.5677431667
1320.0 48.9386879138
1330.0 49.3096326709
1340.0 49.6805774299
1350.0 50.0515221829
1360.0 50.4224669219
1370.0 50.7934116392
1380.0 51.164356327
1390.0 51.5353009776
1400.0 51.9062455834
1410.0 52.2771901369
1420.0 52.6481346305
1430.0 53.0190790567
1440.0 53.3900234081
1450.0 53.7609676771
1460.0 54.1319118563
1470.0 54.5028559383
1480.0 54.8737999156
1490.0 55.2447437807
1500.0 55.6156875262
1510.0 55.9866311445
1520.0 56.3575746281
1530.0 56.7285179695
1540.0 57.0994611611
1550.0 57.4704041951
1560.0 57.8413470639
1570.0 58.2122897597
1580.0 58.5832322747
1590.0 58.9541746011
1600.0 59.3251167308
1610.0 59.6960586559
1620.0 60.0670003682
1630.0 60.4379418596
1640.0 60.8088831218
1650.0 61.1798241463
1660.0 61.5507649247
1670.0 61.9217054485
1680.0 62.292645709
1690.0 62.6635856973
1700.0 63.0345254046
1710.0 63.4054648219
1720.0 63.7764039399
1730.0 64.1473427495
1740.0 64.5182812412
1750.0 64.8892194054
1760.0 65.2601572325
1770.0 65.6310947127
1780.0 66.0020318359
1790.0 66.3729685921
1800.0 66.743904971
1810.0 67.1148409622
1820.0 67.4857765549
1830.0 67.8567117385
1840.0 68.2276465021
1850.0 68.5985808345
1860.0 68.9695147243
1870.0 69.3404481603
1880.0 69.7113811306
1890.0 70.0823136235
1900.0 70.4532456268
1910.0 70.8241771285
1920.0 71.1951081159
1930.0 71.5660385766
1940.0 71.9369684976
1950.0 72.3078978659
1960.0 72.6788266682
1970.0 73.049754891
1980.0 73.4206825206
1990.0 73.7916095431
2000.0 74.1625359444
2010.0 74.53346171
2020.0 74.9043868252
2030.0 75.2753112753
2040.0 75.6462350451
2050.0 76.0171581193
2060.0 76.3880804822
2070.0 76.7590021181
2080.0 77.1299230107
2090.0 77.5008431438
2100.0 77.8717625007
2110.0 78.2426810645
2120.0 78.6135988181
2130.0 78.984515744
2140.0 79.3554318246
2150.0 79.7263470417
2160.0 80.0972613773
2170.0 80.4681748127
2180.0 80.8390873292
2190.0 81.2099989075
2200.0 81.5809095283
2210.0 81.9518191719
2220.0 82.3227278183
2230.0 82.6936354472
2240.0 83.064542038
2250.0 83.4354475698
2260.0 83.8063520214
2270.0 84.1772553712
2280.0 84.5481575974
2290.0 84.919058678
2300.0 85.2899585903
2310.0 85.6608573116
2320.0 86.0317548188
2330.0 86.4026510885
2340.0 86.7735460969
2350.0 87.14443982
2360.0 87.5153322333
2370.0 87.886223312
2380.0 88.2571130311
2390.0 88.6280013652
2400.0 88.9988882885
2410.0 89.369773775
2420.0 89.7406577981
2430.0 90.1115403311
2440.0 90.4824213469
2450.0 90.8533008181
2460.0 91.2241787168
2470.0 91.5950550149
2480.0 91.9659296838
2490.0 92.3368026948
2500.0 92.7076740186
2510.0 93.0785436256
2520.0 93.4494114861
2530.0 93.8202775696
2540.0 94.1911418457
2550.0 94.5620042834
2560.0 94.9328648513
2570.0 95.3037235178
2580.0 95.6745802508
2590.0 96.0454350181
2600.0 96.416287787
2610.0 96.7871385242
2620.0 97.1579871965
2630.0 97.5288337701
2640.0 97.8996782108
2650.0 98.2705204841
2660.0 98.6413605554
2670.0 99.0121983893
2680.0 99.3830339505
2690.0 99.753867203
2700.0 100.124698111
2710.0 100.495526637
2720.0 100.866352745
2730.0 101.237176398
2740.0 101.607997557
2750.0 101.978816186
2760.0 102.349632246
2770.0 102.720445698
2780.0 103.091256503
2790.0 103.462064623
2800.0 103.832870018
2810.0 104.203672648
2820.0 104.574472473
2830.0 104.945269452
2840.0 105.316063545
2850.0 105.686854711
2860.0 106.057642908
2870.0 106.428428094
2880.0 106.799210229
2890.0 107.169989269
2900.0 107.540765172
2910.0 107.911537895
2920.0 108.282307396
2930.0 108.653073631
2940.0 109.023836556
2950.0 109.394596127
2960.0 109.765352301
2970.0 110.136105034
2980.0 110.50685428
2990.0 110.877599994
3000.0 111.248342133
3010.0 111.61908065
3020.0 111.9898155
3030.0 112.360546638
3040.0 112.731274017
3050.0 113.101997592
3060.0 113.472717316
3070.0 113.843433143
3080.0 114.214145027
3090.0 114.58485292
3100.0 114.955556776
3110.0 115.326256548
3120.0 115.696952188
3130.0 116.067643649
3140.0 116.438330885
3150.0 116.809013846
3160.0 117.179692486
3170.0 117.550366757
3180.0 117.921036611
3190.0 118.291702001
3200.0 118.662362877
3210.0 119.033019193
3220.0 119.4036709
3230.0 119.77431795
3240.0 120.144960294
3250.0 120.515597886
3260.0 120.886230677
3270.0 121.256858618
3280.0 121.627481661
3290.0 121.998099759
3300.0 122.368712863
3310.0 122.739320925
3320.0 123.109923898
3330.0 123.480521734
3340.0 123.851114384
3350.0 124.221701801
3360.0 124.592283938
3370.0 124.962860747
3380.0 125.333432181
3390.0 125.703998193
3400.0 126.074558735
3410.0 126.445113761
3420.0 126.815663224
3430.0 127.186207078
3440.0 127.556745276
3450.0 127.927277773
3460.0 128.297804523
3470.0 128.668325479
3480.0 129.038840598
3490.0 129.409349834
3500.0 129.779853141
3510.0 130.150350477
3520.0 130.520841796
3530.0 130.891327055
3540.0 131.26180621
3550.0 131.632279219
3560.0 132.002746039
3570.0 132.373206627
3580.0 132.743660942
3590.0 133.114108942
3600.0 133.484550586
3610.0 133.854985833
3620.0 134.225414643
3630.0 134.595836976
3640.0 134.966252794
3650.0 135.336662057
3660.0 135.707064728
3670.0 136.077460768
3680.0 136.44785014
3690.0 136.818232808
3700.0 137.188608736
3710.0 137.558977888
3720.0 137.929340229
3730.0 138.299695725
3740.0 138.670044343
3750.0 139.040386049
3760.0 139.410720811
3770.0 139.781048598
3780.0 140.151369377
3790.0 140.52168312
3800.0 140.891989796
3810.0 141.262289376
3820.0 141.632581832
3830.0 142.002867137
3840.0 142.373145264
3850.0 142.743416186
3860.0 143.11367988
3870.0 143.48393632
3880.0 143.854185483
3890.0 144.224427347
3900.0 144.594661888
3910.0 144.964889087
3920.0 145.335108922
3930.0 145.705321375
3940.0 146.075526427
3950.0 146.445724061
3960.0 146.81591426
3970.0 147.186097007
3980.0 147.556272289
3990.0 147.926440091
4000.0 148.2966004
4010.0 148.666753204
4020.0 149.036898493
4030.0 149.407036256
4040.0 149.777166483
4050.0 150.147289167
4060.0 150.517404301
4070.0 150.887511879
4080.0 151.257611895
4090.0 151.627704345
4100.0 151.997789227
4110.0 152.367866539
4120.0 152.737936278
4130.0 153.107998447
4140.0 153.478053045
4150.0 153.848100075
4160.0 154.21813954
4170.0 154.588171446
4180.0 154.958195796
4190.0 155.328212599
4200.0 155.698221861
4210.0 156.068223592
4220.0 156.438217801
4230.0 156.808204499
4240.0 157.178183699
4250.0 157.548155415
4260.0 157.918119659
4270.0 158.288076449
4280.0 158.6580258
4290.0 159.02796773
4300.0 159.397902259
4310.0 159.767829407
4320.0 160.137749194
4330.0 160.507661644
4340.0 160.877566779
4350.0 161.247464625
4360.0 161.617355207
4370.0 161.987238552
4380.0 162.357114689
4390.0 162.726983646
4400.0 163.096845454
4410.0 163.466700145
4420.0 163.836547751
4430.0 164.206388307
4440.0 164.576221846
4450.0 164.946048406
4460.0 165.315868023
4470.0 165.685680736
4480.0 166.055486584
4490.0 166.425285608
4500.0 166.79507785
4510.0 167.164863351
4520.0 167.534642157
4530.0 167.904414312
4540.0 168.274179863
4550.0 168.643938856
4560.0 169.013691339
4570.0 169.383437362
4580.0 169.753176976
4590.0 170.122910231
4600.0 170.49263718
4610.0 170.862357877
4620.0 171.232072376
4630.0 171.601780733
4640.0 171.971483003
4650.0 172.341179245
4660.0 172.710869518
4670.0 173.08055388
4680.0 173.450232392
4690.0 173.819905115
4700.0 174.189572112
4710.0 174.559233445
4720.0 174.92888918
4730.0 175.29853938
4740.0 175.668184113
4750.0 176.037823444
4760.0 176.407457442
4770.0 176.777086174
4780.0 177.146709711
4790.0 177.516328121
4800.0 177.885941477
4810.0 178.255549849
4820.0 178.625153311
4830.0 178.994751935
4840.0 179.364345795
4850.0 179.733934966
4860.0 180.103519523
4870.0 180.473099542
4880.0 180.842675099
4890.0 181.212246283
4900.0 181.581813155
4910.0 181.951375802
4920.0 182.320934304
4930.0 182.690488741
4940.0 183.060039192
4950.0 183.429585739
4960.0 183.799128463
4970.0 184.168667447
4980.0 184.538202772
4990.0 184.907734522
5000.0 185.27726278
5010.0 185.64678763
5020.0 186.016309156
5030.0 186.385827444
5040.0 186.755342577
5050.0 187.124854643
5060.0 187.494363726
5070.0 187.863869912
5080.0 188.233373289
5090.0 188.602873943
5100.0 188.97237196
5110.0 189.341867429
5120.0 189.711360436
5130.0 190.080851069
5140.0 190.450339417
5150.0 190.819825566
5160.0 191.189309606
5170.0 191.558791624
5180.0 191.928271709
5190.0 192.297749949
5200.0 192.667226432
5210.0 193.036701248
5220.0 193.406174484
5230.0 193.775646229
5240.0 194.145116572
5250.0 194.514585601
5260.0 194.884053404
5270.0 195.25352007
5280.0 195.622985686
5290.0 195.992450341
5300.0 196.361914123
5310.0 196.731377119
5320.0 197.100839417
5330.0 197.470301104
5340.0 197.839762266
5350.0 198.209222992
5360.0 198.578683367
5370.0 198.948143478
5380.0 199.31760341
5390.0 199.68706325
5400.0 200.056523082
5410.0 200.425982991
5420.0 200.795443062
5430.0 201.164903379
5440.0 201.534364026
5450.0 201.903825085
5460.0 202.27328664
5470.0 202.642748773
5480.0 203.012211565
5490.0 203.381675099
5500.0 203.751139454
5510.0 204.120604711
5520.0 204.49007095
5530.0 204.85953825
5540.0 205.229006689
5550.0 205.598476345
5560.0 205.967947295
5570.0 206.337419617
5580.0 206.706893385
5590.0 207.076368676
5600.0 207.445845564
5610.0 207.815324122
5620.0 208.184804425
5630.0 208.554286544
5640.0 208.923770551
5650.0 209.293256517
5660.0 209.662744513
5670.0 210.032234608
5680.0 210.40172687
5690.0 210.771221368
5700.0 211.140718168
5710.0 211.510217336
5720.0 211.879718939
5730.0 212.24922304
5740.0 212.618729703
5750.0 212.988238991
5760.0 213.357750966
5770.0 213.727265689
5780.0 214.096783219
5790.0 214.466303617
5800.0 214.835826941
5810.0 215.205353247
5820.0 215.574882592