0.0 0.0
120.0 4.49539643441
120.625 4.51783883128
121.25 4.54028998113
122.5 4.5852178504
123.75 4.63017870826
125.0 4.67517128914
126.25 4.72019439173
127.5 4.76524687509
128.75 4.81032765507
130.0 4.85543570093
131.25 4.90057003225
132.5 4.94572971595
133.75 4.99091386363
135.0 5.03612162896
136.25 5.08135220534
137.5 5.12660482364
138.75 5.17187875014
140.0 5.21717328455
141.25 5.2624877582
142.5 5.3078215323
143.75 5.35317399635
145.0 5.3985445666
146.25 5.44393268468
147.5 5.4893378162
148.75 5.53475944954
150.0 5.58019709466
151.25 5.62565028199
152.5 5.67111856138
153.75 5.71660150111
155.0 5.762098687
156.25 5.80760972149
157.5 5.85313422282
158.75 5.89867182428
160.0 5.94422217348
161.25 5.98978493161
162.5 6.03535977284
165.0 6.12654446231
167.5 6.21777387158
170.0 6.30904580142
172.5 6.40035820816
175.0 6.49170918991
177.5 6.58309697408
180.0 6.67451990621
182.5 6.76597643988
185.0 6.85746512762
187.5 6.94898461272
190.0 7.04053362181
192.5 7.13211095815
195.0 7.22371549553
197.5 7.31534617277
200.0 7.40700198868
202.5 7.49868199756
205.0 7.59038530499
207.5 7.68211106407
210.0 7.773858472
212.5 7.86562676688
215.0 7.95741522488
217.5 8.0492231576
220.0 8.14104990961
222.5 8.23289485631
225.0 8.32475740186
230.0 8.50853303891
235.0 8.69237256216
240.0 8.87627206848
245.0 9.06022796883
250.0 9.2442369529
255.0 9.4282959589
260.0 9.61240214752
265.0 9.79655287945
270.0 9.9807456959
275.0 10.1649783016
280.0 10.3492485502
285.0 10.5335544309
290.0 10.7178940575
295.0 10.9022656576
300.0 11.0866675646
305.0 11.2710982087
310.0 11.4555561103
315.0 11.6400398736
320.0 11.8245481804
330.0 12.193633511
340.0 12.5628029271
350.0 12.9320482095
360.0 13.3013619821
370.0 13.6707376163
380.0 14.0401691494
390.0 14.4096512131
400.0 14.7791789713
410.0 15.1487480651
420.0 15.5183545647
430.0 15.887994926
440.0 16.2576659521
450.0 16.6273647591
460.0 16.9970887446
470.0 17.3668355606
480.0 17.7366030882
490.0 18.1063894149
500.0 18.4761928144
510.0 18.8460117286
520.0 19.2158447504
530.0 19.5856906094
540.0 19.9555481583
550.0 20.3254163605
560.0 20.6952942794
570.0 21.0651810684
580.0 21.4350759621
590.0 21.8049782683
600.0 22.1748873604
610.0 22.5448026715
620.0 22.9147236879
630.0 23.2846499442
640.0 23.6545810185
650.0 24.024516528
660.0 24.3944561252
670.0 24.7643994943
680.0 25.1343463483
690.0 25.5042964261
700.0 25.8742494899
710.0 26.2442053231
720.0 26.614163728
730.0 26.984124524
740.0 27.3540875465
750.0 27.7240526444
760.0 28.0940196796
770.0 28.4639885257
780.0 28.8339590664
790.0 29.2039311949
800.0 29.5739048133
810.0 29.9438798311
820.0 30.3138561652
830.0 30.6838337387
840.0 31.0538124807
850.0 31.4237923255
860.0 31.7937732126
870.0 32.1637550856
880.0 32.5337378923
890.0 32.9037215842
900.0 33.2737061164
910.0 33.6436914467
920.0 34.0136775362
930.0 34.3836643484
940.0 34.7536518493
950.0 35.1236400072
960.0 35.4936287923
970.0 35.8636181769
980.0 36.2336081348
990.0 36.6035986418
1000.0 36.9735896749
1010.0 37.3435812127
1020.0 37.7135732351
1030.0 38.083565723
1040.0 38.4535586587
1050.0 38.8235520255
1060.0 39.1935458076
1070.0 39.5635399903
1080.0 39.9335345595
1090.0 40.3035295023
1100.0 40.6735248063
1110.0 41.0435204598
1120.0 41.4135164521
1130.0 41.7835127727
1140.0 42.1535094122
1150.0 42.5235063613
1160.0 42.8935036117
1170.0 43.2635011552
1180.0 43.6334989846
1190.0 44.0034970926
1200.0 44.3734954728
1210.0 44.7434941191
1220.0 45.1134930258
1230.0 45.4834921875
1240.0 45.8534915994
1250.0 46.2234912569
1260.0 46.5934911557
1270.0 46.9634912921
1280.0 47.3334916625
1290.0 47.7034922636
1300.0 48.0734930926
1310.0 48.4434941469
1320.0 48.8134954241
1330.0 49.1834969222
1340.0 49.5534986394
1350.0 49.9235005743
1360.0 50.2935027255
1370.0 50.6635050921
1380.0 51.0335076733
1390.0 51.4035104687
1400.0 51.7735134779
1410.0 52.1435167009
1420.0 52.5135201379
1430.0 52.8835237893
1440.0 53.2535276558
1450.0 53.6235317382
1460.0 53.9935360375
1470.0 54.3635405551
1480.0 54.7335452925
1490.0 55.1035502512
1500.0 55.4735554334
1510.0 55.8435608409
1520.0 56.2135664762
1530.0 56.5835723418
1540.0 56.9535784404
1550.0 57.3235847748
1560.0 57.6935913483
1570.0 58.0635981641
1580.0 58.4336052256
1590.0 58.8036125367
1600.0 59.1736201012
1610.0 59.5436279232
1620.0 59.9136360071
1630.0 60.2836443572
1640.0 60.6536529784
1650.0 61.0236618754
1660.0 61.3936710535
1670.0 61.7636805178
1680.0 62.1336902738
1690.0 62.5037003274
1700.0 62.8737106843
1710.0 63.2437213506
1720.0 63.6137323327
1730.0 63.9837436372
1740.0 64.3537552706
1750.0 64.7237672399
1760.0 65.0937795523
1770.0 65.4637922151
1780.0 65.8338052359
1790.0 66.2038186225
1800.0 66.5738323829
1810.0 66.9438465253
1820.0 67.313861058
1830.0 67.6838759899
1840.0 68.0538913298
1850.0 68.4239070867
1860.0 68.7939232701
1870.0 69.1639398895
1880.0 69.5339569546
1890.0 69.9039744757
1900.0 70.2739924628
1910.0 70.6440109266
1920.0 71.0140298779
1930.0 71.3840493275
1940.0 71.7540692867
1950.0 72.1240897671
1960.0 72.4941107805
1970.0 72.8641323387
1980.0 73.234154454
1990.0 73.6041771391
2000.0 73.9742004066
2010.0 74.3442242696
2020.0 74.7142487413
2030.0 75.0842738355
2040.0 75.4542995658
2050.0 75.8243259465
2060.0 76.1943529919
2070.0 76.5643807167
2080.0 76.9344091358
2090.0 77.3044382644
2100.0 77.6744681182
2110.0 78.0444987128
2120.0 78.4145300645
2130.0 78.7845621895
2140.0 79.1545951045
2150.0 79.5246288266
2160.0 79.894663373
2170.0 80.2646987614
2180.0 80.6347350095
2190.0 81.0047721355
2200.0 81.3748101581
2210.0 81.744849096
2220.0 82.1148889683
2230.0 82.4849297945
2240.0 82.8549715943
2250.0 83.2250143879
2260.0 83.5950581956
2270.0 83.9651030382
2280.0 84.3351489367
2290.0 84.7051959126
2300.0 85.0752439875
2310.0 85.4452931834
2320.0 85.8153435229
2330.0 86.1853950285
2340.0 86.5554477235
2350.0 86.9255016311
2360.0 87.2955567751
2370.0 87.6656131796
2380.0 88.0356708691
2390.0 88.4057298682
2400.0 88.7757902022
2410.0 89.1458518965
2420.0 89.515914977
2430.0 89.8859794697
2440.0 90.2560454013
2450.0 90.6261127987
2460.0 90.996181689
2470.0 91.3662520998
2480.0 91.7363240591
2490.0 92.1063975953
2500.0 92.4764727369
2510.0 92.846549513
2520.0 93.216627953
2530.0 93.5867080866
2540.0 93.9567899439
2550.0 94.3268735553
2560.0 94.6969589517
2570.0 95.0670461643
2580.0 95.4371352245
2590.0 95.8072261643
2600.0 96.177319016
2610.0 96.547413812
2620.0 96.9175105855
2630.0 97.2876093696
2640.0 97.6577101982
2650.0 98.0278131051
2660.0 98.3979181248
2670.0 98.7680252921
2680.0 99.138134642
2690.0 99.5082462099
2700.0 99.8783600316
2710.0 100.248476143
2720.0 100.618594581
2730.0 100.988715383
2740.0 101.358838584
2750.0 101.728964224
2760.0 102.099092339
2770.0 102.469222968
2780.0 102.83935615
2790.0 103.209491922
2800.0 103.579630325
2810.0 103.949771397
2820.0 104.319915179
2830.0 104.690061711
2840.0 105.060211032
2850.0 105.430363184
2860.0 105.800518208
2870.0 106.170676145
2880.0 106.540837036
2890.0 106.911000923
2900.0 107.28116785
2910.0 107.651337857
2920.0 108.021510988
2930.0 108.391687285
2940.0 108.761866792
2950.0 109.132049553
2960.0 109.502235611
2970.0 109.872425011
2980.0 110.242617795
2990.0 110.61281401
3000.0 110.983013699
3010.0 111.353216908
3020.0 111.723423681
3030.0 112.093634065
3040.0 112.463848104
3050.0 112.834065844
3060.0 113.204287332
3070.0 113.574512613
3080.0 113.944741733
3090.0 114.31497474
3100.0 114.685211679
3110.0 115.055452598
3120.0 115.425697544
3130.0 115.795946562
3140.0 116.166199701
3150.0 116.536457008
3160.0 116.90671853
3170.0 117.276984315
3180.0 117.64725441
3190.0 118.017528862
3200.0 118.38780772
3210.0 118.758091031
3220.0 119.128378843
3230.0 119.498671204
3240.0 119.868968161
3250.0 120.239269763
3260.0 120.609576057
3270.0 120.979887091
3280.0 121.350202913
3290.0 121.720523572
3300.0 122.090849113
3310.0 122.461179587
3320.0 122.831515039
3330.0 123.201855518
3340.0 123.572201071
3350.0 123.942551745
3360.0 124.312907589
3370.0 124.683268648
3380.0 125.053634971
3390.0 125.424006603
3400.0 125.794383593
3410.0 126.164765985
3420.0 126.535153827
3430.0 126.905547166
3440.0 127.275946046
3450.0 127.646350513
3460.0 128.016760614
3470.0 128.387176393
3480.0 128.757597896
3490.0 129.128025167
3500.0 129.498458251
3510.0 129.868897191
3520.0 130.239342033
3530.0 130.609792818
3540.0 130.980249591
3550.0 131.350712394
3560.0 131.721181269
3570.0 132.091656259
3580.0 132.462137406
3590.0 132.83262475
3600.0 133.203118333
3610.0 133.573618194
3620.0 133.944124374
3630.0 134.314636913
3640.0 134.685155848
3650.0 135.05568122
3660.0 135.426213064
3670.0 135.79675142
3680.0 136.167296325
3690.0 136.537847813
3700.0 136.908405922
3710.0 137.278970686
3720.0 137.64954214
3730.0 138.020120319
3740.0 138.390705255
3750.0 138.761296981
3760.0 139.131895529
3770.0 139.502500932
3780.0 139.873113219
3790.0 140.243732421
3800.0 140.614358567
3810.0 140.984991686
3820.0 141.355631806
3830.0 141.726278954
3840.0 142.096933156
3850.0 142.467594439
3860.0 142.838262826
3870.0 143.208938343
3880.0 143.579621012
3890.0 143.950310856
3900.0 144.321007897
3910.0 144.691712156
3920.0 145.062423652
3930.0 145.433142404
3940.0 145.803868431
3950.0 146.174601751
3960.0 146.545342379
3970.0 146.916090331
3980.0 147.286845622
3990.0 147.657608265
4000.0 148.028378274
4010.0 148.399155659
4020.0 148.769940432
4030.0 149.140732603
4040.0 149.51153218
4050.0 149.882339171
4060.0 150.253153583
4070.0 150.623975423
4080.0 150.994804694
4090.0 151.3656414
4100.0 151.736485546
4110.0 152.107337131
4120.0 152.478196157
4130.0 152.849062623
4140.0 153.219936528
4150.0 153.59081787
4160.0 153.961706645
4170.0 154.332602847
4180.0 154.703506472
4190.0 155.074417512
4200.0 155.44533596
4210.0 155.816261806
4220.0 156.18719504
4230.0 156.558135651
4240.0 156.929083626
4250.0 157.300038952
4260.0 157.671001614
4270.0 158.041971597
4280.0 158.412948882
4290.0 158.783933453
4300.0 159.154925289
4310.0 159.525924371
4320.0 159.896930677
4330.0 160.267944184
4340.0 160.638964868
4350.0 161.009992705
4360.0 161.381027668
4370.0 161.752069731
4380.0 162.123118863
4390.0 162.494175037
4400.0 162.865238222
4410.0 163.236308384
4420.0 163.607385492
4430.0 163.978469512
4440.0 164.349560408
4450.0 164.720658143
4460.0 165.091762681
4470.0 165.462873982
4480.0 165.833992007
4490.0 166.205116715
4500.0 166.576248064
4510.0 166.94738601
4520.0 167.31853051
4530.0 167.689681519
4540.0 168.060838989
4550.0 168.432002874
4560.0 168.803173125
4570.0 169.174349691
4580.0 169.545532524
4590.0 169.91672157
4600.0 170.287916778
4610.0 170.659118093
4620.0 171.03032546
4630.0 171.401538824
4640.0 171.772758128
4650.0 172.143983314
4660.0 172.515214323
4670.0 172.886451095
4680.0 173.25769357
4690.0 173.628941686
4700.0 174.00019538
4710.0 174.371454589
4720.0 174.742719248
4730.0 175.113989292
4740.0 175.485264655
4750.0 175.856545269
4760.0 176.227831066
4770.0 176.599121978
4780.0 176.970417935
4790.0 177.341718867
4800.0 177.713024702
4810.0 178.084335368
4820.0 178.455650793
4830.0 178.826970903
4840.0 179.198295623
4850.0 179.569624879
4860.0 179.940958596
4870.0 180.312296696
4880.0 180.683639103
4890.0 181.054985728
4900.0 181.42633651
4910.0 181.797691361
4920.0 182.169050201
4930.0 182.54041295
4940.0 182.911779528
4950.0 183.283149852
4960.0 183.654523841
4970.0 184.025901413
4980.0 184.397282485
4990.0 184.768666973
5000.0 185.140054793
5010.0 185.511445862
5020.0 185.882840094
5030.0 186.254237405
5040.0 186.625637708
5050.0 186.997040918
5060.0 187.368446948
5070.0 187.739855713
5080.0 188.111267124
5090.0 188.482681096
5100.0 188.85409754
5110.0 189.225516369
5120.0 189.596937494
5130.0 189.968360829
5140.0 190.339786284
5150.0 190.711213771
5160.0 191.082643201
5170.0 191.454074487
5180.0 191.825507538
5190.0 192.196942266
5200.0 192.568378583
5210.0 192.939816398
5220.0 193.311255624
5230.0 193.682696171
5240.0 194.05413795
5250.0 194.425580873
5260.0 194.79702485
5270.0 195.168469792
5280.0 195.539915612
5290.0 195.911362221
5300.0 196.282809529
5310.0 196.65425745
5320.0 197.025705894
5330.0 197.397154774
5340.0 197.768604004
5350.0 198.140053494
5360.0 198.511503158
5370.0 198.88295291
5380.0 199.254402663
5390.0 199.62585233
5400.0 199.997301826
5410.0 200.368751066
5420.0 200.740199964
5430.0 201.111648436
5440.0 201.483096397
5450.0 201.854543764
5460.0 202.225990453
5470.0 202.597436382
5480.0 202.968881467
5490.0 203.340325627
5500.0 203.711768781
5510.0 204.083210848
5520.0 204.454651747
5530.0 204.826091399
5540.0 205.197529724
5550.0 205.568966645
5560.0 205.940402082
5570.0 206.31183596
5580.0 206.683268201
5590.0 207.054698728
5600.0 207.426127468
5610.0 207.797554345
5620.0 208.168979286
5630.0 208.540402217
5640.0 208.911823065
5650.0 209.28324176
5660.0 209.65465823
5670.0 210.026072405
5680.0 210.397484215
5690.0 210.768893592
5700.0 211.140300468
5710.0 211.511704777
5720.0 211.883106452
5730.0 212.254505427
5740.0 212.625901639
5750.0 212.997295023
5760.0 213.368685518
5770.0 213.74007306
5780.0 214.11145759
5790.0 214.482839047
5800.0 214.854217371
5810.0 215.225592506
5820.0 215.596964392