0.0 0.0
120.0 4.50892584617
120.625 4.53143870874
121.25 4.55396032427
122.5 4.59902912491
123.75 4.64413091414
125.0 4.6892644264
126.25 4.73442846036
127.5 4.77962187509
128.75 4.82484358644
130.0 4.87009256368
131.25 4.91536782637
132.5 4.96066844144
133.75 5.00599352049
135.0 5.05134221719
136.25 5.09671372494
137.5 5.14210727462
138.75 5.18752213249
140.0 5.23295759828
141.25 5.2784130033
142.5 5.32388770877
143.75 5.36938110419
145.0 5.41489260582
146.25 5.46042165527
147.5 5.50596771816
148.75 5.55153028287
150.0 5.59710885936
151.25 5.64270297806
152.5 5.68831218883
153.75 5.73393605994
155.0 5.7795741772
156.25 5.82522614306
157.5 5.87089157576
158.75 5.9165701086
160.0 5.96226138917
161.25 6.00796507867
162.5 6.05368085127
165.0 6.14514740348
167.5 6.2366586755
170.0 6.32821246808
172.5 6.41980673757
175.0 6.51143958207
177.5 6.60310922898
180.0 6.69481402386
182.5 6.78655242027
185.0 6.87832297075
187.5 6.9701243186
190.0 7.06195519044
192.5 7.15381438952
195.0 7.24570078965
197.5 7.33761332963
200.0 7.42955100829
202.5 7.52151287992
205.0 7.61349805009
207.5 7.70550567191
210.0 7.79753494258
212.5 7.88958510021
215.0 7.98165542096
217.5 8.07374521642
220.0 8.16585383118
222.5 8.25798064063
225.0 8.35012504892
230.0 8.53446441146
235.0 8.7188676602
240.0 8.90333089201
245.0 9.08785051785
250.0 9.27242322741
255.0 9.4570459589
260.0 9.64171587301
265.0 9.82643033043
270.0 10.0111868724
275.0 10.1959832036
280.0 10.3808171777
285.0 10.5656867839
290.0 10.7505901359
295.0 10.9355254616
300.0 11.120491094
305.0 11.3054854636
310.0 11.4905070907
315.0 11.6755545794
320.0 11.8606266118
330.0 12.2308393933
340.0 12.6011362604
350.0 12.9715089938
360.0 13.3419502174
370.0 13.7124533026
380.0 14.0830122867
390.0 14.4536218014
400.0 14.8242770105
410.0 15.1949735553
420.0 15.5657075059
430.0 15.9364753182
440.0 16.3072737953
450.0 16.6781000532
460.0 17.0489514897
470.0 17.4198257567
480.0 17.7907207353
490.0 18.1616345129
500.0 18.5325653635
510.0 18.9035117286
520.0 19.2744722014
530.0 19.6454455114
540.0 20.0164305113
550.0 20.3874261644
560.0 20.7584315343
570.0 21.1294457743
580.0 21.500468119
590.0 21.8714978761
600.0 22.2425344193
610.0 22.6135771813
620.0 22.9846256487
630.0 23.355679356
640.0 23.7267378813
650.0 24.0978008418
660.0 24.4688678899
670.0 24.83993871
680.0 25.211013015
690.0 25.5820905437
700.0 25.9531710586
710.0 26.3242543427
720.0 26.6953401985
730.0 27.0664284456
740.0 27.437518919
750.0 27.8086114679
760.0 28.1797059542
770.0 28.5508022512
780.0 28.9219002428
790.0 29.2929998224
800.0 29.6641008917
810.0 30.0352033605
820.0 30.4063071456
830.0 30.77741217
840.0 31.148518363
850.0 31.5196256589
860.0 31.8907339969
870.0 32.2618433209
880.0 32.6329535786
890.0 33.0040647215
900.0 33.3751767046
910.0 33.7462894859
920.0 34.1174030264
930.0 34.4885172896
940.0 34.8596322415
950.0 35.2307478503
960.0 35.6018640864
970.0 35.972980922
980.0 36.3440983309
990.0 36.7152162889
1000.0 37.086334773
1010.0 37.4574537618
1020.0 37.8285732351
1030.0 38.199693174
1040.0 38.5708135607
1050.0 38.9419343784
1060.0 39.3130556115
1070.0 39.6841772452
1080.0 40.0552992654
1090.0 40.4264216592
1100.0 40.7975444141
1110.0 41.1686675187
1120.0 41.5397909619
1130.0 41.9109147335
1140.0 42.2820388239
1150.0 42.6531632241
1160.0 43.0242879254
1170.0 43.3954129199
1180.0 43.7665382002
1190.0 44.1376637593
1200.0 44.5087895905
1210.0 44.8799156878
1220.0 45.2510420454
1230.0 45.6221686581
1240.0 45.993295521
1250.0 46.3644226294
1260.0 46.7355499793
1270.0 47.1066775666
1280.0 47.4778053879
1290.0 47.8489334401
1300.0 48.2200617201
1310.0 48.5911902253
1320.0 48.9623189535
1330.0 49.3334479026
1340.0 49.7045770708
1350.0 50.0757064566
1360.0 50.4468360588
1370.0 50.8179658764
1380.0 51.1890959086
1390.0 51.5602261549
1400.0 51.9313566151
1410.0 52.3024872891
1420.0 52.6736181771
1430.0 53.0447492795
1440.0 53.415880597
1450.0 53.7870121303
1460.0 54.1581438807
1470.0 54.5292758492
1480.0 54.9004080376
1490.0 55.2715404473
1500.0 55.6426730804
1510.0 56.013805939
1520.0 56.3849390253
1530.0 56.7560723418
1540.0 57.1272058914
1550.0 57.4983396768
1560.0 57.8694737012
1570.0 58.240607968
1580.0 58.6117424805
1590.0 58.9828772426
1600.0 59.3540122581
1610.0 59.7251475311
1620.0 60.0962830659
1630.0 60.467418867
1640.0 60.8385549392
1650.0 61.2096912872
1660.0 61.5808279162
1670.0 61.9519648315
1680.0 62.3231020385
1690.0 62.6942395431
1700.0 63.0653773509
1710.0 63.4365154683
1720.0 63.8076539014
1730.0 64.1787926568
1740.0 64.5499317411
1750.0 64.9210711615
1760.0 65.2922109248
1770.0 65.6633510387
1780.0 66.0344915105
1790.0 66.405632348
1800.0 66.7767735594
1810.0 67.1479151527
1820.0 67.5190571365
1830.0 67.8901995193
1840.0 68.2613423102
1850.0 68.6324855181
1860.0 69.0036291524
1870.0 69.3747732228
1880.0 69.745917739
1890.0 70.117062711
1900.0 70.4882081491
1910.0 70.8593540639
1920.0 71.2305004661
1930.0 71.6016473667
1940.0 71.9727947769
1950.0 72.3439427083
1960.0 72.7150911726
1970.0 73.0862401818
1980.0 73.4573897482
1990.0 73.8285398842
2000.0 74.1996906027
2010.0 74.5708419166
2020.0 74.9419938394
2030.0 75.3131463845
2040.0 75.6842995658
2050.0 76.0554533975
2060.0 76.4266078939
2070.0 76.7977630696
2080.0 77.1689189397
2090.0 77.5400755193
2100.0 77.9112328241
2110.0 78.2823908697
2120.0 78.6535496723
2130.0 79.0247092483
2140.0 79.3958696143
2150.0 79.7670307874
2160.0 80.1381927848
2170.0 80.5093556241
2180.0 80.8805193232
2190.0 81.2516839002
2200.0 81.6228493738
2210.0 81.9940157627
2220.0 82.365183086
2230.0 82.7363513631
2240.0 83.1075206139
2250.0 83.4786908585
2260.0 83.8498621172
2270.0 84.2210344108
2280.0 84.5922077603
2290.0 84.9633821871
2300.0 85.3345577129
2310.0 85.7057343599
2320.0 86.0769121503
2330.0 86.448091107
2340.0 86.8192712529
2350.0 87.1904526115
2360.0 87.5616352065
2370.0 87.932819062
2380.0 88.3040042024
2390.0 88.6751906525
2400.0 89.0463784375
2410.0 89.4175675828
2420.0 89.7887581142
2430.0 90.159950058
2440.0 90.5311434406
2450.0 90.9023382889
2460.0 91.2735346301
2470.0 91.644732492
2480.0 92.0159319023
2490.0 92.3871328894
2500.0 92.758335482
2510.0 93.1295397091
2520.0 93.5007456
2530.0 93.8719531846
2540.0 94.2431624929
2550.0 94.6143735553
2560.0 94.9855864027
2570.0 95.3568010662
2580.0 95.7280175775
2590.0 96.0992359683
2600.0 96.4704562709
2610.0 96.8416785179
2620.0 97.2129027423
2630.0 97.5841289775
2640.0 97.955357257
2650.0 98.3265876149
2660.0 98.6978200856
2670.0 99.0690547039
2680.0 99.4402915047
2690.0 99.8115305236
2700.0 100.182771796
2710.0 100.554015359
2720.0 100.925261248
2730.0 101.2965095
2740.0 101.667760153
2750.0 102.039013244
2760.0 102.41026881
2770.0 102.78152689
2780.0 103.152787522
2790.0 103.524050746
2800.0 103.895316599
2810.0 104.266585123
2820.0 104.637856356
2830.0 105.009130338
2840.0 105.380407111
2850.0 105.751686714
2860.0 106.122969188
2870.0 106.494254576
2880.0 106.865542918
2890.0 107.236834257
2900.0 107.608128634
2910.0 107.979426092
2920.0 108.350726674
2930.0 108.722030422
2940.0 109.093337381
2950.0 109.464647593
2960.0 109.835961102
2970.0 110.207277952
2980.0 110.578598187
2990.0 110.949921853
3000.0 111.321248993
3010.0 111.692579653
3020.0 112.063913877
3030.0 112.435251712
3040.0 112.806593202
3050.0 113.177938393
3060.0 113.549287332
3070.0 113.920640064
3080.0 114.291996635
3090.0 114.663357093
3100.0 115.034721483
3110.0 115.406089853
3120.0 115.777462249
3130.0 116.148838719
3140.0 116.520219309
3150.0 116.891604067
3160.0 117.26299304
3170.0 117.634386276
3180.0 118.005783821
3190.0 118.377185725
3200.0 118.748592034
3210.0 119.120002796
3220.0 119.491418059
3230.0 119.86283787
3240.0 120.234262279
3250.0 120.605691331
3260.0 120.977125076
3270.0 121.348563562
3280.0 121.720006835
3290.0 122.091454944
3300.0 122.462907937
3310.0 122.834365861
3320.0 123.205828764
3330.0 123.577296694
3340.0 123.948769698
3350.0 124.320247824
3360.0 124.691731118
3370.0 125.063219629
3380.0 125.434713402
3390.0 125.806212486
3400.0 126.177716926
3410.0 126.549226769
3420.0 126.920742063
3430.0 127.292262852
3440.0 127.663789183
3450.0 128.035321101
3460.0 128.406858653
3470.0 128.778401884
3480.0 129.149950837
3490.0 129.521505559
3500.0 129.893066094
3510.0 130.264632485
3520.0 130.636204778
3530.0 131.007783014
3540.0 131.379367238
3550.0 131.750957492
3560.0 132.122553818
3570.0 132.494156259
3580.0 132.865764857
3590.0 133.237379652
3600.0 133.609000686
3610.0 133.980627998
3620.0 134.352261629
3630.0 134.723901619
3640.0 135.095548005
3650.0 135.467200827
3660.0 135.838860123
3670.0 136.21052593
3680.0 136.582198285
3690.0 136.953877225
3700.0 137.325562785
3710.0 137.697255
3720.0 138.068953905
3730.0 138.440659534
3740.0 138.812371921
3750.0 139.184091099
3760.0 139.555817098
3770.0 139.927549952
3780.0 140.29928969
3790.0 140.671036343
3800.0 141.04278994
3810.0 141.41455051
3820.0 141.786318081
3830.0 142.158092679
3840.0 142.529874333
3850.0 142.901663066
3860.0 143.273458904
3870.0 143.645261872
3880.0 144.017071992
3890.0 144.388889288
3900.0 144.76071378
3910.0 145.132545489
3920.0 145.504384436
3930.0 145.876230639
3940.0 146.248084118
3950.0 146.619944888
3960.0 146.991812967
3970.0 147.36368837
3980.0 147.735571112
3990.0 148.107461207
4000.0 148.479358666
4010.0 148.851263502
4020.0 149.223175726
4030.0 149.595095348
4040.0 149.967022376
4050.0 150.338956818
4060.0 150.710898681
4070.0 151.082847972
4080.0 151.454804694
4090.0 151.826768851
4100.0 152.198740448
4110.0 152.570719484
4120.0 152.942705961
4130.0 153.314699878
4140.0 153.686701234
4150.0 154.058710027
4160.0 154.430726252
4170.0 154.802749906
4180.0 155.174780982
4190.0 155.546819473
4200.0 155.918865372
4210.0 156.290918669
4220.0 156.662979354
4230.0 157.035047416
4240.0 157.407122842
4250.0 157.779205619
4260.0 158.151295732
4270.0 158.523393165
4280.0 158.895497902
4290.0 159.267609923
4300.0 159.639729211
4310.0 160.011855743
4320.0 160.3839895
4330.0 160.756130458
4340.0 161.128278594
4350.0 161.500433882
4360.0 161.872596296
4370.0 162.244765809
4380.0 162.616942393
4390.0 162.989126018
4400.0 163.361316653
4410.0 163.733514267
4420.0 164.105718826
4430.0 164.477930296
4440.0 164.850148643
4450.0 165.22237383
4460.0 165.594605818
4470.0 165.96684457
4480.0 166.339090046
4490.0 166.711342205
4500.0 167.083601005
4510.0 167.455866402
4520.0 167.828138354
4530.0 168.200416813
4540.0 168.572701734
4550.0 168.94499307
4560.0 169.317290772
4570.0 169.68959479
4580.0 170.061905073
4590.0 170.43422157
4600.0 170.806544229
4610.0 171.178872995
4620.0 171.551207813
4630.0 171.923548628
4640.0 172.295895383
4650.0 172.66824802
4660.0 173.04060648
4670.0 173.412970703
4680.0 173.785340629
4690.0 174.157716196
4700.0 174.530097341
4710.0 174.902484001
4720.0 175.274876111
4730.0 175.647273606
4740.0 176.019676419
4750.0 176.392084484
4760.0 176.764497733
4770.0 177.136916096
4780.0 177.509339504
4790.0 177.881767887
4800.0 178.254201173
4810.0 178.62663929
4820.0 178.999082166
4830.0 179.371529726
4840.0 179.743981898
4850.0 180.116438605
4860.0 180.488899772
4870.0 180.861365323
4880.0 181.233835181
4890.0 181.606309258
4900.0 181.978787491
4910.0 182.351269793
4920.0 182.723756084
4930.0 183.096246284
4940.0 183.468740312
4950.0 183.841238087
4960.0 184.213739527
4970.0 184.58624455
4980.0 184.958753073
4990.0 185.331265012
5000.0 185.703780283
5010.0 186.076298803
5020.0 186.448820486
5030.0 186.821345248
5040.0 187.193873002
5050.0 187.566403663
5060.0 187.938937144
5070.0 188.31147336
5080.0 188.684012222
5090.0 189.056553645
5100.0 189.42909754
5110.0 189.80164382
5120.0 190.174192396
5130.0 190.546743182
5140.0 190.919296088
5150.0 191.291851026
5160.0 191.664407907
5170.0 192.036966644
5180.0 192.409527146
5190.0 192.782089325
5200.0 193.154653093
5210.0 193.527218359
5220.0 193.899785036
5230.0 194.272353034
5240.0 194.644922264
5250.0 195.017492637
5260.0 195.390064065
5270.0 195.762636459
5280.0 196.13520973
5290.0 196.507783789
5300.0 196.880358549
5310.0 197.25293392
5320.0 197.625509815
5330.0 197.998086147
5340.0 198.370662827
5350.0 198.743239768
5360.0 199.115816884
5370.0 199.488394087
5380.0 199.86097129
5390.0 200.233548409
5400.0 200.606125356
5410.0 200.978702047
5420.0 201.351278396
5430.0 201.723854318
5440.0 202.096429731
5450.0 202.469004548
5460.0 202.841578688
5470.0 203.214152068
5480.0 203.586724604
5490.0 203.959296215
5500.0 204.33186682
5510.0 204.704436338
5520.0 205.077004688
5530.0 205.449571791
5540.0 205.822137567
5550.0 206.194701939
5560.0 206.567264828
5570.0 206.939826156
5580.0 207.312385848
5590.0 207.684943827
5600.0 208.057500017
5610.0 208.430054345
5620.0 208.802606737
5630.0 209.175157119
5640.0 209.547705418
5650.0 209.920251564
5660.0 210.292795485
5670.0 210.66533711
5680.0 211.037876372
5690.0 211.4104132
5700.0 211.782947527
5710.0 212.155479287
5720.0 212.528008413
5730.0 212.900534839
5740.0 213.273058502
5750.0 213.645579337
5760.0 214.018097282
5770.0 214.390612276
5780.0 214.763124257
5790.0 215.135633164
5800.0 215.50813894
5810.0 215.880641525
5820.0 216.253140863