0.0 0.0
120.0 4.50091084047
120.625 4.52338195751
121.25 4.54586182751
122.5 4.59084713706
123.75 4.63586543516
125.0 4.68091545624
126.25 4.725995999
127.5 4.7711059225
128.75 4.81624414257
130.0 4.86140962849
131.25 4.90660139983
132.5 4.95181852352
133.75 4.99706011114
135.0 5.04232531638
136.25 5.08761333263
137.5 5.13292339076
138.75 5.17825475706
140.0 5.22360673123
141.25 5.26897864459
142.5 5.31436985837
143.75 5.35977976205
145.0 5.40520777191
146.25 5.45065332954
147.5 5.49611590058
148.75 5.54159497339
150.0 5.58709005795
151.25 5.63260068468
152.5 5.67812640342
153.75 5.72366678247
155.0 5.76922140763
156.25 5.81478988134
157.5 5.86037182186
158.75 5.90596686247
160.0 5.95157465077
161.25 5.99719484796
162.5 6.04282712821
165.0 6.13412669557
167.5 6.22547098257
170.0 6.31685778995
172.5 6.40828507406
175.0 6.49975093299
177.5 6.59125359416
180.0 6.6827914031
182.5 6.77436281339
185.0 6.86596637755
187.5 6.95760073889
190.0 7.04926462402
192.5 7.1409568362
195.0 7.23267624922
197.5 7.32442180189
200.0 7.41619249304
202.5 7.50798737694
205.0 7.59980555918
207.5 7.69164619286
210.0 7.78350847516
212.5 7.87539164421
215.0 7.96729497616
217.5 8.05921778259
220.0 8.1511594081
222.5 8.24311922806
225.0 8.33509664664
230.0 8.51910202905
235.0 8.7031712967
240.0 8.88730054645
245.0 9.0714861892
250.0 9.25572491466
255.0 9.44001366101
260.0 9.62434958889
265.0 9.80873005898
270.0 9.99315261246
275.0 10.1776149541
280.0 10.3621149374
285.0 10.5466505516
290.0 10.7312199104
295.0 10.9158212416
300.0 11.1004528782
305.0 11.2851132507
310.0 11.4698008794
315.0 11.6545143683
320.0 11.8392523994
330.0 12.2087971742
340.0 12.5784260285
350.0 12.9481307428
360.0 13.3179039406
370.0 13.6877389932
380.0 14.0576299376
390.0 14.4275714051
400.0 14.7975585592
410.0 15.1675870409
420.0 15.5376529198
430.0 15.9077526515
440.0 16.2778830389
450.0 16.6480411973
460.0 17.0182245244
470.0 17.3884306715
480.0 17.7586575192
490.0 18.1289031546
500.0 18.499165851
510.0 18.8694440497
520.0 19.2397363432
530.0 19.6100414606
540.0 19.9803582539
550.0 20.350685686
560.0 20.7210228197
570.0 21.0913688079
580.0 21.4617228845
590.0 21.8320843565
600.0 22.2024525968
610.0 22.5728270377
620.0 22.9432071649
630.0 23.3135925122
640.0 23.6839826568
650.0 24.0543772152
660.0 24.4247758391
670.0 24.7951782117
680.0 25.1655840453
690.0 25.5359930778
700.0 25.9064050704
710.0 26.2768198055
720.0 26.6472370844
730.0 27.0176567256
740.0 27.3880785631
750.0 27.758502445
760.0 28.1289282319
770.0 28.4993557961
780.0 28.8697850202
790.0 29.2402157961
800.0 29.6106480245
810.0 29.9810816136
820.0 30.3515164788
830.0 30.7219525418
840.0 31.0923897302
850.0 31.4628279769
860.0 31.8332672195
870.0 32.2037074001
880.0 32.5741484648
890.0 32.9445903634
900.0 33.3150330489
910.0 33.6854764777
920.0 34.0559206085
930.0 34.4263654031
940.0 34.7968108254
950.0 35.1672568414
960.0 35.5377034194
970.0 35.9081505291
980.0 36.2785981424
990.0 36.6490462325
1000.0 37.0194947739
1010.0 37.3899437427
1020.0 37.7603931161
1030.0 38.1308428725
1040.0 38.5012929914
1050.0 38.8717434531
1060.0 39.242194239
1070.0 39.6126453313
1080.0 39.983096713
1090.0 40.3535483677
1100.0 40.7240002798
1110.0 41.0944524344
1120.0 41.464904817
1130.0 41.8353574138
1140.0 42.2058102116
1150.0 42.5762631973
1160.0 42.9467163587
1170.0 43.3171696837
1180.0 43.6876231607
1190.0 44.0580767786
1200.0 44.4285305263
1210.0 44.7989843933
1220.0 45.1694383694
1230.0 45.5398924444
1240.0 45.9103466086
1250.0 46.2808008525
1260.0 46.6512551667
1270.0 47.0217095422
1280.0 47.39216397
1290.0 47.7626184413
1300.0 48.1330729476
1310.0 48.5035274805
1320.0 48.8739820315
1330.0 49.2444365925
1340.0 49.6148911554
1350.0 49.9853457123
1360.0 50.3558002552
1370.0 50.7262547764
1380.0 51.0967092681
1390.0 51.4671637227
1400.0 51.8376181324
1410.0 52.2080724898
1420.0 52.5785267874
1430.0 52.9489810175
1440.0 53.3194351728
1450.0 53.6898892457
1460.0 54.0603432288
1470.0 54.4307971147
1480.0 54.801250896
1490.0 55.171704565
1500.0 55.5421581144
1510.0 55.9126115367
1520.0 56.2830648242
1530.0 56.6535179695
1540.0 57.023970965
1550.0 57.3944238029
1560.0 57.7648764756
1570.0 58.1353289754
1580.0 58.5057812943
1590.0 58.8762334246
1600.0 59.2466853583
1610.0 59.6171370873
1620.0 59.9875886035
1630.0 60.3580398988
1640.0 60.7284909649
1650.0 61.0989417933
1660.0 61.4693923757
1670.0 61.8398427034
1680.0 62.2102927678
1690.0 62.5807425601
1700.0 62.9511920713
1710.0 63.3216412925
1720.0 63.6920902144
1730.0 64.0625388279
1740.0 64.4329871235
1750.0 64.8034350917
1760.0 65.1738827227
1770.0 65.5443300068
1780.0 65.914776934
1790.0 66.2852234941
1800.0 66.6556696769
1810.0 67.026115472
1820.0 67.3965608686
1830.0 67.7670058562
1840.0 68.1374504237
1850.0 68.5078945599
1860.0 68.8783382538
1870.0 69.2487814936
1880.0 69.6192242679
1890.0 69.9896665646
1900.0 70.3601083719
1910.0 70.7305496775
1920.0 71.1009904689
1930.0 71.4714307334
1940.0 71.8418704584
1950.0 72.2123096306
1960.0 72.5827482368
1970.0 72.9531862635
1980.0 73.3236236971
1990.0 73.6940605235
2000.0 74.0644967287
2010.0 74.4349322982
2020.0 74.8053672174
2030.0 75.1758014714
2040.0 75.5462350451
2050.0 75.9166679232
2060.0 76.2871000901
2070.0 76.6575315298
2080.0 77.0279622264
2090.0 77.3983921634
2100.0 77.7688213243
2110.0 78.139249692
2120.0 78.5096772495
2130.0 78.8801039793
2140.0 79.2505298638
2150.0 79.6209548849
2160.0 79.9913790244
2170.0 80.3618022637
2180.0 80.7322245841
2190.0 81.1026459663
2200.0 81.4730663911
2210.0 81.8434858386
2220.0 82.2139042889
2230.0 82.5843217218
2240.0 82.9547381165
2250.0 83.3251534522
2260.0 83.6955677077
2270.0 84.0659808614
2280.0 84.4363928916
2290.0 84.806803776
2300.0 85.1772134922
2310.0 85.5476220175
2320.0 85.9180293286
2330.0 86.2884354022
2340.0 86.6588402146
2350.0 87.0292437416
2360.0 87.3996459588
2370.0 87.7700468414
2380.0 88.1404463645
2390.0 88.5108445025
2400.0 88.8812412297
2410.0 89.25163652
2420.0 89.6220303471
2430.0 89.992422684
2440.0 90.3628135038
2450.0 90.7332027789
2460.0 91.1035904815
2470.0 91.4739765835
2480.0 91.8443610564
2490.0 92.2147438713
2500.0 92.585124999
2510.0 92.95550441
2520.0 93.3258820743
2530.0 93.6962579618
2540.0 94.0666320418
2550.0 94.4370042834
2560.0 94.8073746552
2570.0 95.1777431256
2580.0 95.5481096626
2590.0 95.9184742338
2600.0 96.2888368066
2610.0 96.6591973478
2620.0 97.029555824
2630.0 97.3999122014
2640.0 97.7702664461
2650.0 98.1406185234
2660.0 98.5109683985
2670.0 98.8813160364
2680.0 99.2516614014
2690.0 99.6220044579
2700.0 99.9923451694
2710.0 100.3626835
2720.0 100.733019412
2730.0 101.103352868
2740.0 101.473683832
2750.0 101.844012264
2760.0 102.214338128
2770.0 102.584661384
2780.0 102.954981993
2790.0 103.325299917
2800.0 103.695615116
2810.0 104.06592755
2820.0 104.436237178
2830.0 104.806543962
2840.0 105.176847859
2850.0 105.547148828
2860.0 105.917446829
2870.0 106.28774182
2880.0 106.658033758
2890.0 107.028322602
2900.0 107.398608309
2910.0 107.768890837
2920.0 108.139170141
2930.0 108.50944618
2940.0 108.879718909
2950.0 109.249988284
2960.0 109.620254262
2970.0 109.990516798
2980.0 110.360775848
2990.0 110.731031367
3000.0 111.101283309
3010.0 111.47153163
3020.0 111.841776284
3030.0 112.212017226
3040.0 112.582254409
3050.0 112.952487788
3060.0 113.322717316
3070.0 113.692942947
3080.0 114.063164635
3090.0 114.433382332
3100.0 114.803595992
3110.0 115.173805567
3120.0 115.544011012
3130.0 115.914212277
3140.0 116.284409316
3150.0 116.654602081
3160.0 117.024790525
3170.0 117.3949746
3180.0 117.765154258
3190.0 118.135329452
3200.0 118.505500132
3210.0 118.875666252
3220.0 119.245827762
3230.0 119.615984616
3240.0 119.986136765
3250.0 120.356284161
3260.0 120.726426755
3270.0 121.0965645
3280.0 121.466697347
3290.0 121.836825249
3300.0 122.206948157
3310.0 122.577066023
3320.0 122.9471788
3330.0 123.31728644
3340.0 123.687388894
3350.0 124.057486115
3360.0 124.427578056
3370.0 124.797664669
3380.0 125.167745907
3390.0 125.537821722
3400.0 125.907892068
3410.0 126.277956898
3420.0 126.648016165
3430.0 127.018069823
3440.0 127.388117825
3450.0 127.758160126
3460.0 128.12819668
3470.0 128.49822744
3480.0 128.868252363
3490.0 129.238271402
3500.0 129.608284514
3510.0 129.978291653
3520.0 130.348292776
3530.0 130.718287839
3540.0 131.088276799
3550.0 131.458259612
3560.0 131.828236235
3570.0 132.198206627
3580.0 132.568170746
3590.0 132.93812855
3600.0 133.308079997
3610.0 133.678025048
3620.0 134.047963662
3630.0 134.4178958
3640.0 134.787821422
3650.0 135.157740489
3660.0 135.527652963
3670.0 135.897558807
3680.0 136.267457983
3690.0 136.637350455
3700.0 137.007236187
3710.0 137.377115143
3720.0 137.746987288
3730.0 138.116852588
3740.0 138.48671101
3750.0 138.85656252
3760.0 139.226407086
3770.0 139.596244676
3780.0 139.96607526
3790.0 140.335898806
3800.0 140.705715286
3810.0 141.07552467
3820.0 141.44532693
3830.0 141.815122039
3840.0 142.18490997
3850.0 142.554690696
3860.0 142.924464194
3870.0 143.294230438
3880.0 143.663989405
3890.0 144.033741072
3900.0 144.403485417
3910.0 144.77322242
3920.0 145.142952059
3930.0 145.512674316
3940.0 145.882389173
3950.0 146.25209661
3960.0 146.621796613
3970.0 146.991489164
3980.0 147.36117425
3990.0 147.730851856
4000.0 148.100521969
4010.0 148.470184577
4020.0 148.839839669
4030.0 149.209487236
4040.0 149.579127267
4050.0 149.948759756
4060.0 150.318384694
4070.0 150.688002075
4080.0 151.057611895
4090.0 151.427214149
4100.0 151.796808835
4110.0 152.16639595
4120.0 152.535975494
4130.0 152.905547466
4140.0 153.275111868
4150.0 153.644668702
4160.0 154.014217972
4170.0 154.383759681
4180.0 154.753293835
4190.0 155.122820442
4200.0 155.492339508
4210.0 155.861851043
4220.0 156.231355056
4230.0 156.600851558
4240.0 156.970340562
4250.0 157.339822081
4260.0 157.70929613
4270.0 158.078762723
4280.0 158.448221878
4290.0 158.817673613
4300.0 159.187117945
4310.0 159.556554897
4320.0 159.925984488
4330.0 160.295406742
4340.0 160.664821681
4350.0 161.03422933
4360.0 161.403629716
4370.0 161.773022866
4380.0 162.142408806
4390.0 162.511787567
4400.0 162.88115918
4410.0 163.250523675
4420.0 163.619881085
4430.0 163.989231444
4440.0 164.358574788
4450.0 164.727911151
4460.0 165.097240572
4470.0 165.466563089
4480.0 165.835878741
4490.0 166.205187569
4500.0 166.574489614
4510.0 166.94378492
4520.0 167.31307353
4530.0 167.682355489
4540.0 168.051630843
4550.0 168.42089964
4560.0 168.790161927
4570.0 169.159417754
4580.0 169.528667172
4590.0 169.897910231
4600.0 170.267146984
4610.0 170.636377485
4620.0 171.005601788
4630.0 171.374819948
4640.0 171.744032023
4650.0 172.113238069
4660.0 172.482438145
4670.0 172.851632311
4680.0 173.220820627
4690.0 173.590003154
4700.0 173.959179955
4710.0 174.328351092
4720.0 174.697516631
4730.0 175.066676635
4740.0 175.435831172
4750.0 175.804980307
4760.0 176.174124109
4770.0 176.543262645
4780.0 176.912395985
4790.0 177.2815242
4800.0 177.650647359
4810.0 178.019765536
4820.0 178.388878801
4830.0 178.757987229
4840.0 179.127090893
4850.0 179.496189868
4860.0 179.865284229
4870.0 180.234374051
4880.0 180.603459413
4890.0 180.972540401
4900.0 181.341617076
4910.0 181.710689528
4920.0 182.079757833
4930.0 182.448822074
4940.0 182.817882329
4950.0 183.18693868
4960.0 183.555991208
4970.0 183.925039996
4980.0 184.294085125
4990.0 184.663126679
5000.0 185.032164741
5010.0 185.401199395
5020.0 185.770230725
5030.0 186.139258816
5040.0 186.508283754
5050.0 186.877305623
5060.0 187.24632451
5070.0 187.615340501
5080.0 187.984353681
5090.0 188.353364139
5100.0 188.72237196
5110.0 189.091377233
5120.0 189.460380044
5130.0 189.829380481
5140.0 190.198378633
5150.0 190.567374586
5160.0 190.936368429
5170.0 191.305360251
5180.0 191.67435014
5190.0 192.043338184
5200.0 192.412324471
5210.0 192.781309091
5220.0 193.150292131
5230.0 193.51927368
5240.0 193.888253827
5250.0 194.25723266
5260.0 194.626210267
5270.0 194.995186736
5280.0 195.364162157
5290.0 195.733136616
5300.0 196.102110201
5310.0 196.471083001
5320.0 196.840055103
5330.0 197.209026594
5340.0 197.577997561
5350.0 197.94696809
5360.0 198.315938269
5370.0 198.684908184
5380.0 199.05387792
5390.0 199.422847564
5400.0 199.7918172
5410.0 200.160786913
5420.0 200.529756788
5430.0 200.898726909
5440.0 201.267697359
5450.0 201.636668222
5460.0 202.005639581
5470.0 202.374611518
5480.0 202.743584114
5490.0 203.112557452
5500.0 203.481531611
5510.0 203.850506672
5520.0 204.219482715
5530.0 204.588459819
5540.0 204.957438061
5550.0 205.326417521
5560.0 205.695398276
5570.0 206.064380401
5580.0 206.433363974
5590.0 206.802349068
5600.0 207.17133576
5610.0 207.540324122
5620.0 207.909314229
5630.0 208.278306152
5640.0 208.647299963
5650.0 209.016295733
5660.0 209.385293533
5670.0 209.754293432
5680.0 210.123295498
5690.0 210.492299799
5700.0 210.861306403
5710.0 211.230315376
5720.0 211.599326782
5730.0 211.968340687
5740.0 212.337357154
5750.0 212.706376246
5760.0 213.075398025
5770.0 213.444422551
5780.0 213.813449886
5790.0 214.182480088
5800.0 214.551513215
5810.0 214.920549325
5820.0 215.289588475