0.0 0.0
120.0 4.50892554635
120.625 4.53143840665
121.25 4.55396001991
122.5 4.59902881598
123.75 4.6441306006
125.0 4.6892641082
126.25 4.73442813748
127.5 4.7796215475
128.75 4.82484325409
130.0 4.87009222653
131.25 4.91536748439
132.5 4.9606680946
133.75 5.00599316874
135.0 5.0513418605
136.25 5.09671336327
137.5 5.14210690792
138.75 5.18752176073
140.0 5.23295722142
141.25 5.27841262131
142.5 5.3238873216
143.75 5.36938071181
145.0 5.41489220818
146.25 5.46042125234
147.5 5.50596730989
148.75 5.55152986923
150.0 5.5971084403
151.25 5.64270255355
152.5 5.68831175881
153.75 5.73393562438
155.0 5.77957373606
156.25 5.8252256963
157.5 5.87089112333
158.75 5.91656965046
160.0 5.96226092528
161.25 6.00796460899
162.5 6.05368037575
165.0 6.14514691616
167.5 6.2366581762
170.0 6.32821195662
172.5 6.41980621376
175.0 6.51143904573
177.5 6.60310867994
180.0 6.69481346192
182.5 6.78655184525
185.0 6.87832238246
187.5 6.97012371683
190.0 7.061954575
192.5 7.15381376022
195.0 7.24570014628
197.5 7.33761267199
200.0 7.42955033618
202.5 7.52151219312
205.0 7.61349734839
207.5 7.70550495511
210.0 7.79753421046
212.5 7.88958435254
215.0 7.98165465753
217.5 8.073744437
220.0 8.16585303555
222.5 8.25797982855
225.0 8.35012422017
230.0 8.53446354866
235.0 8.71886676239
240.0 8.90332995821
245.0 9.08784954705
250.0 9.27242221858
255.0 9.45704491101
260.0 9.64171478497
265.0 9.82642920114
270.0 10.0111857007
275.0 10.1959819884
280.0 10.3808159177
285.0 10.5656854781
290.0 10.7505887829
295.0 10.9355240602
300.0 11.120489643
305.0 11.3054839615
310.0 11.4905055363
315.0 11.6755529713
320.0 11.8606249485
330.0 12.2308376153
340.0 12.6011343618
350.0 12.9715069682
360.0 13.3419480582
370.0 13.712451003
380.0 14.0830098396
390.0 14.4536191992
400.0 14.8242742455
410.0 15.1949706193
420.0 15.5657043904
430.0 15.9364720143
440.0 16.3072702938
450.0 16.6780963444
460.0 17.0489475636
470.0 17.4198216028
480.0 17.7907163427
490.0 18.1616298703
500.0 18.5325604589
510.0 18.9035065497
520.0 19.2744667354
530.0 19.6454397449
540.0 20.0164244304
550.0 20.3874197547
560.0 20.7584247805
570.0 21.1294386608
580.0 21.5004606296
590.0 21.8714899937
600.0 22.2425261262
610.0 22.6135684593
620.0 22.9846164786
630.0 23.355669718
640.0 23.7267277548
650.0 24.0977902054
660.0 24.4688567214
670.0 24.8399269862
680.0 25.211000712
690.0 25.5820776366
700.0 25.9531575214
710.0 26.3242401486
720.0 26.6953253197
730.0 27.0664128531
740.0 27.4375025827
750.0 27.8085943568
760.0 28.1796880358
770.0 28.5507834922
780.0 28.9218806084
790.0 29.2929792765
800.0 29.664079397
810.0 30.0351808783
820.0 30.4062836356
830.0 30.7773875908
840.0 31.1484926714
850.0 31.5195988102
860.0 31.890705945
870.0 32.2618140178
880.0 32.6329229746
890.0 33.0040327654
900.0 33.3751433431
910.0 33.7462546639
920.0 34.117366687
930.0 34.4884793737
940.0 34.8595926881
950.0 35.2307065963
960.0 35.6018210664
970.0 35.9729360684
980.0 36.3440515738
990.0 36.715167556
1000.0 37.0862839896
1010.0 37.4574008505
1020.0 37.8285181161
1030.0 38.1996357647
1040.0 38.5707537757
1050.0 38.9418721296
1060.0 39.3129908076
1070.0 39.6841097921
1080.0 40.0552290659
1090.0 40.4263486128
1100.0 40.7974684171
1110.0 41.1685884638
1120.0 41.5397087386
1130.0 41.9108292276
1140.0 42.2819499174
1150.0 42.6530707954
1160.0 43.0241918489
1170.0 43.3953130661
1180.0 43.7664344353
1190.0 44.1375559452
1200.0 44.5086775851
1210.0 44.8797993443
1220.0 45.2509212125
1230.0 45.6220431797
1240.0 45.993165236
1250.0 46.3642873721
1260.0 46.7354095785
1270.0 47.1065318461
1280.0 47.4776541661
1290.0 47.8487765296
1300.0 48.219898928
1310.0 48.591021353
1320.0 48.9621437962
1330.0 49.3332662493
1340.0 49.7043887044
1350.0 50.0755111535
1360.0 50.4466335886
1370.0 50.8177560019
1380.0 51.1888783858
1390.0 51.5600007325
1400.0 51.9311230344
1410.0 52.302245284
1420.0 52.6733674736
1430.0 53.0444895959
1440.0 53.4156116433
1450.0 53.7867336084
1460.0 54.1578554837
1470.0 54.5289772618
1480.0 54.9000989352
1490.0 55.2712204964
1500.0 55.6423419379
1510.0 56.0134632523
1520.0 56.3845844321
1530.0 56.7557054695
1540.0 57.1268263571
1550.0 57.4979470872
1560.0 57.8690676521
1570.0 58.240188044
1580.0 58.6113082551
1590.0 58.9824282776
1600.0 59.3535481034
1610.0 59.7246677245
1620.0 60.0957871329
1630.0 60.4669063204
1640.0 60.8380252786
1650.0 61.2091439992
1660.0 61.5802624738
1670.0 61.9513806936
1680.0 62.3224986502
1690.0 62.6936163346
1700.0 63.064733738
1710.0 63.4358508513
1720.0 63.8069676654
1730.0 64.1780841711
1740.0 64.5492003588
1750.0 64.9203162191
1760.0 65.2914317423
1770.0 65.6625469186
1780.0 66.0336617379
1790.0 66.4047761902
1800.0 66.7758902652
1810.0 67.1470039524
1820.0 67.5181172412
1830.0 67.8892301209
1840.0 68.2603425805
1850.0 68.631454609
1860.0 69.0025661949
1870.0 69.3736773269
1880.0 69.7447879933
1890.0 70.1158981823
1900.0 70.4870078817
1910.0 70.8581170794
1920.0 71.229225763
1930.0 71.6003339197
1940.0 71.9714415368
1950.0 72.3425486012
1960.0 72.7136550995
1970.0 73.0847610184
1980.0 73.4558663442
1990.0 73.8269710628
2000.0 74.1980751601
2010.0 74.5691786217
2020.0 74.9402814331
2030.0 75.3113835792
2040.0 75.6824850451
2050.0 76.0535858154
2060.0 76.4246858744
2070.0 76.7957852063
2080.0 77.166883795
2090.0 77.5379816242
2100.0 77.9090786772
2110.0 78.2801749371
2120.0 78.6512703868
2130.0 79.0223650087
2140.0 79.3934587854
2150.0 79.7645516986
2160.0 80.1356437303
2170.0 80.5067348618
2180.0 80.8778250743
2190.0 81.2489143487
2200.0 81.6200026656
2210.0 81.9910900053
2220.0 82.3621763478
2230.0 82.7332616727
2240.0 83.1043459596
2250.0 83.4754291875
2260.0 83.8465113351
2270.0 84.217592381
2280.0 84.5886723033
2290.0 84.9597510799
2300.0 85.3308286883
2310.0 85.7019051057
2320.0 86.072980309
2330.0 86.4440542748
2340.0 86.8151269793
2350.0 87.1861983984
2360.0 87.5572685078
2370.0 87.9283372826
2380.0 88.2994046978
2390.0 88.670470728
2400.0 89.0415353473
2410.0 89.4125985299
2420.0 89.7836602491
2430.0 90.1547204782
2440.0 90.5257791901
2450.0 90.8968363573
2460.0 91.2678919521
2470.0 91.6389459463
2480.0 92.0099983113
2490.0 92.3810490183
2500.0 92.7520980382
2510.0 93.1231453413
2520.0 93.4941908978
2530.0 93.8652346775
2540.0 94.2362766496
2550.0 94.6073167834
2560.0 94.9783550473
2570.0 95.3493914099
2580.0 95.7204258391
2590.0 96.0914583025
2600.0 96.4624887674
2610.0 96.8335172007
2620.0 97.2045435691
2630.0 97.5755678387
2640.0 97.9465899755
2650.0 98.3176099449
2660.0 98.6886277122
2670.0 99.0596432423
2680.0 99.4306564995
2690.0 99.8016674481
2700.0 100.172676052
2710.0 100.543682274
2720.0 100.914686078
2730.0 101.285687427
2740.0 101.656686283
2750.0 102.027682607
2760.0 102.398676363
2770.0 102.769667511
2780.0 103.140656013
2790.0 103.511641829
2800.0 103.88262492
2810.0 104.253605246
2820.0 104.624582767
2830.0 104.995557442
2840.0 105.366529231
2850.0 105.737498093
2860.0 106.108463986
2870.0 106.479426869
2880.0 106.850386699
2890.0 107.221343435
2900.0 107.592297035
2910.0 107.963247454
2920.0 108.334194651
2930.0 108.705138582
2940.0 109.076079203
2950.0 109.447016471
2960.0 109.817950341
2970.0 110.188880769
2980.0 110.559807711
2990.0 110.930731122
3000.0 111.301650956
3010.0 111.67256717
3020.0 112.043479716
3030.0 112.41438855
3040.0 112.785293625
3050.0 113.156194896
3060.0 113.527092316
3070.0 113.89798584
3080.0 114.268875419
3090.0 114.639761009
3100.0 115.010642561
3110.0 115.381520028
3120.0 115.752393365
3130.0 116.123262522
3140.0 116.494127453
3150.0 116.864988111
3160.0 117.235844447
3170.0 117.606696414
3180.0 117.977543964
3190.0 118.34838705
3200.0 118.719225622
3210.0 119.090059634
3220.0 119.460889037
3230.0 119.831713783
3240.0 120.202533824
3250.0 120.573349112
3260.0 120.944159598
3270.0 121.314965235
3280.0 121.685765975
3290.0 122.056561769
3300.0 122.427352569
3310.0 122.798138327
3320.0 123.168918996
3330.0 123.539694528
3340.0 123.910464874
3350.0 124.281229988
3360.0 124.651989821
3370.0 125.022744326
3380.0 125.393493456
3390.0 125.764237163
3400.0 126.134975402
3410.0 126.505708124
3420.0 126.876435283
3430.0 127.247156833
3440.0 127.617872727
3450.0 127.98858292
3460.0 128.359287366
3470.0 128.729986019
3480.0 129.100678833
3490.0 129.471365765
3500.0 129.842046769
3510.0 130.2127218
3520.0 130.583390815
3530.0 130.954053771
3540.0 131.324710622
3550.0 131.695361327
3560.0 132.066005843
3570.0 132.436644127
3580.0 132.807276138
3590.0 133.177901834
3600.0 133.548521174
3610.0 133.919134117
3620.0 134.289740623
3630.0 134.660340653
3640.0 135.030934167
3650.0 135.401521126
3660.0 135.772101493
3670.0 136.142675229
3680.0 136.513242297
3690.0 136.883802661
3700.0 137.254356285
3710.0 137.624903133
3720.0 137.99544317
3730.0 138.365976363
3740.0 138.736502676
3750.0 139.107022079
3760.0 139.477534537
3770.0 139.848040019
3780.0 140.218538495
3790.0 140.589029934
3800.0 140.959514305
3810.0 141.329991582
3820.0 141.700461734
3830.0 142.070924735
3840.0 142.441380558
3850.0 142.811829177
3860.0 143.182270566
3870.0 143.552704703
3880.0 143.923131562
3890.0 144.293551121
3900.0 144.663963359
3910.0 145.034368253
3920.0 145.404765785
3930.0 145.775155934
3940.0 146.145538682
3950.0 146.515914012
3960.0 146.886281907
3970.0 147.25664235
3980.0 147.626995328
3990.0 147.997340826
4000.0 148.367678831
4010.0 148.738009332
4020.0 149.108332316
4030.0 149.478647775
4040.0 149.848955699
4050.0 150.219256079
4060.0 150.589548909
4070.0 150.959834183
4080.0 151.330111895
4090.0 151.700382042
4100.0 152.070644619
4110.0 152.440899627
4120.0 152.811147063
4130.0 153.181386927
4140.0 153.551619221
4150.0 153.921843947
4160.0 154.292061109
4170.0 154.66227071
4180.0 155.032472757
4190.0 155.402667256
4200.0 155.772854214
4210.0 156.143033641
4220.0 156.513205546
4230.0 156.88336994
4240.0 157.253526837
4250.0 157.623676248
4260.0 157.993818188
4270.0 158.363952674
4280.0 158.734079721
4290.0 159.104199348
4300.0 159.474311573
4310.0 159.844416416
4320.0 160.2145139
4330.0 160.584604046
4340.0 160.954686877
4350.0 161.324762419
4360.0 161.694830697
4370.0 162.064891738
4380.0 162.434945571
4390.0 162.804992224
4400.0 163.175031729
4410.0 163.545064116
4420.0 163.915089418
4430.0 164.28510767
4440.0 164.655118905
4450.0 165.025123161
4460.0 165.395120474
4470.0 165.765110883
4480.0 166.135094427
4490.0 166.505071148
4500.0 166.875041085
4510.0 167.245004283
4520.0 167.614960785
4530.0 167.984910636
4540.0 168.354853882
4550.0 168.724790571
4560.0 169.094720751
4570.0 169.46464447
4580.0 169.83456178
4590.0 170.204472731
4600.0 170.574377376
4610.0 170.944275769
4620.0 171.314167964
4630.0 171.684054017
4640.0 172.053933984
4650.0 172.423807922
4660.0 172.79367589
4670.0 173.163537948
4680.0 173.533394156
4690.0 173.903244576
4700.0 174.273089268
4710.0 174.642928298
4720.0 175.012761729
4730.0 175.382589626
4740.0 175.752412054
4750.0 176.122229082
4760.0 176.492040775
4770.0 176.861847204
4780.0 177.231648436
4790.0 177.601444543
4800.0 177.971235595
4810.0 178.341021663
4820.0 178.710802821
4830.0 179.080579141
4840.0 179.450350697
4850.0 179.820117564
4860.0 180.189879817
4870.0 180.559637532
4880.0 180.929390785
4890.0 181.299139665
4900.0 181.668884233
4910.0 182.038624577
4920.0 182.408360775
4930.0 182.778092907
4940.0 183.147821055
4950.0 183.517545298
4960.0 183.887265718
4970.0 184.256982398
4980.0 184.626695419
4990.0 184.996404865
5000.0 185.366110819
5010.0 185.735813365
5020.0 186.105512588
5030.0 186.475208571
5040.0 186.844901401
5050.0 187.214591162
5060.0 187.584277941
5070.0 187.953961824
5080.0 188.323642897
5090.0 188.693321247
5100.0 189.06299696
5110.0 189.432670125
5120.0 189.802340828
5130.0 190.172009158
5140.0 190.541675201
5150.0 190.911339047
5160.0 191.281000782
5170.0 191.650660496
5180.0 192.020318277
5190.0 192.389974213
5200.0 192.759628393
5210.0 193.129280905
5220.0 193.498931837
5230.0 193.868581278
5240.0 194.238229317
5250.0 194.607876042
5260.0 194.977521541
5270.0 195.347165903
5280.0 195.716809216
5290.0 196.086451567
5300.0 196.456093045
5310.0 196.825733737
5320.0 197.19537373
5330.0 197.565013113
5340.0 197.934651972
5350.0 198.304290394
5360.0 198.673928465
5370.0 199.043566272
5380.0 199.413203901
5390.0 199.782841436
5400.0 200.152478964
5410.0 200.52211657
5420.0 200.891754337
5430.0 201.26139235
5440.0 201.631030692
5450.0 202.000669448
5460.0 202.370308699
5470.0 202.739948528
5480.0 203.109589016
5490.0 203.479230246
5500.0 203.848872297
5510.0 204.218515251
5520.0 204.588159186
5530.0 204.957804181
5540.0 205.327450316
5550.0 205.697097668
5560.0 206.066746315
5570.0 206.436396333
5580.0 206.806047797
5590.0 207.175700784
5600.0 207.545355368
5610.0 207.915011622
5620.0 208.284669621
5630.0 208.654329436
5640.0 209.023991139
5650.0 209.393654802
5660.0 209.763320494
5670.0 210.132988284
5680.0 210.502658243
5690.0 210.872330436
5700.0 211.242004933
5710.0 211.611681797
5720.0 211.981361096
5730.0 212.351042893
5740.0 212.720727252
5750.0 213.090414236
5760.0 213.460103907
5770.0 213.829796326
5780.0 214.199491553
5790.0 214.569189647
5800.0 214.938890666
5810.0 215.308594668
5820.0 215.67830171