0.0 0.0
120.0 4.51186672282
120.625 4.53439490175
121.25 4.55693183363
122.5 4.60203126696
123.75 4.64716368883
125.0 4.69232783369
126.25 4.73752250023
127.5 4.7827465475
128.75 4.82799889135
130.0 4.87327850104
131.25 4.91858439615
132.5 4.96391564362
133.75 5.00927135501
135.0 5.05465068403
136.25 5.10005282405
137.5 5.14547700596
138.75 5.19092249603
140.0 5.23638859397
141.25 5.28187463111
142.5 5.32737996866
143.75 5.37290399612
145.0 5.41844612975
146.25 5.46400581116
147.5 5.50958250597
148.75 5.55517570256
150.0 5.60078491089
151.25 5.64640966139
152.5 5.69204950391
153.75 5.73770400674
155.0 5.78337275567
156.25 5.82905535316
157.5 5.87475141745
158.75 5.92046058183
160.0 5.96618249391
161.25 6.01191681488
162.5 6.05766321889
165.0 6.14919103381
167.5 6.24076356835
170.0 6.33237862328
172.5 6.42403415494
175.0 6.51572826142
177.5 6.60745917014
180.0 6.69922522663
182.5 6.79102488446
185.0 6.88285669618
187.5 6.97471930507
190.0 7.06661143775
192.5 7.15853189748
195.0 7.25047955804
197.5 7.34245335826
200.0 7.43445229696
202.5 7.52647542841
205.0 7.6185218582
207.5 7.71059073942
210.0 7.80268126928
212.5 7.89479268587
215.0 7.98692426537
217.5 8.07907531935
220.0 8.17124519241
222.5 8.26343325993
225.0 8.35563892605
230.0 8.54010080356
235.0 8.72462656631
240.0 8.90921231115
245.0 9.09385444901
250.0 9.27854966957
255.0 9.46329491101
260.0 9.64808733399
265.0 9.83292429918
270.0 10.0178033478
275.0 10.2027221845
280.0 10.3876786628
285.0 10.5726707722
290.0 10.7576966261
295.0 10.9427544524
300.0 11.1278425841
305.0 11.3129594517
310.0 11.4981035755
315.0 11.6832735595
320.0 11.8684680857
330.0 12.2389258506
340.0 12.6094676951
350.0 12.9800853996
360.0 13.3507715876
370.0 13.7215196305
380.0 14.0923235651
390.0 14.4631780228
400.0 14.8340781671
410.0 15.2050196389
420.0 15.575998508
430.0 15.94701123
440.0 16.3180546075
450.0 16.6891257562
460.0 17.0602220734
470.0 17.4313412107
480.0 17.8024810486
490.0 18.1736396742
500.0 18.5448153608
510.0 18.9160065497
520.0 19.2872118334
530.0 19.658429941
540.0 20.0296597245
550.0 20.4009001468
560.0 20.7721502707
570.0 21.1434092491
580.0 21.5146763158
590.0 21.885950778
600.0 22.2572320086
610.0 22.6285194397
620.0 22.999812557
630.0 23.3711108945
640.0 23.7424140294
650.0 24.113721578
660.0 24.485033192
670.0 24.8563485549
680.0 25.2276673786
690.0 25.5989894013
700.0 25.9703143841
710.0 26.3416421094
720.0 26.7129723785
730.0 27.0843050099
740.0 27.4556398376
750.0 27.8269767097
760.0 28.1983154868
770.0 28.5696560412
780.0 28.9409982555
790.0 29.3123420216
800.0 29.6836872402
810.0 30.0550338195
820.0 30.4263816749
830.0 30.7977307281
840.0 31.1690809067
850.0 31.5404321436
860.0 31.9117843764
870.0 32.2831375472
880.0 32.6544916021
890.0 33.0258464908
900.0 33.3972021666
910.0 33.7685585855
920.0 34.1399157066
930.0 34.5112734914
940.0 34.8826319038
950.0 35.25399091
960.0 35.6253504782
970.0 35.9967105782
980.0 36.3680711817
990.0 36.7394322619
1000.0 37.1107937935
1010.0 37.4821557525
1020.0 37.8535181161
1030.0 38.2248808627
1040.0 38.5962439718
1050.0 38.9676074237
1060.0 39.3389711998
1070.0 39.7103352823
1080.0 40.0816996542
1090.0 40.453064299
1100.0 40.8244292014
1110.0 41.1957943461
1120.0 41.567159719
1130.0 41.938525306
1140.0 42.3098910939
1150.0 42.6812570699
1160.0 43.0526232214
1170.0 43.4239895366
1180.0 43.7953560039
1190.0 44.1667226119
1200.0 44.5380893498
1210.0 44.9094562071
1220.0 45.2808231733
1230.0 45.6521902385
1240.0 46.0235573929
1250.0 46.394924627
1260.0 46.7662919314
1270.0 47.1376592971
1280.0 47.5090267151
1290.0 47.8803941766
1300.0 48.2517616731
1310.0 48.6231291961
1320.0 48.9944967373
1330.0 49.3658642886
1340.0 49.7372318417
1350.0 50.1085993888
1360.0 50.4799669219
1370.0 50.8513344333
1380.0 51.2227019152
1390.0 51.5940693599
1400.0 51.9654367599
1410.0 52.3368041075
1420.0 52.7081713952
1430.0 53.0795386155
1440.0 53.450905761
1450.0 53.8222728241
1460.0 54.1936397975
1470.0 54.5650066736
1480.0 54.936373445
1490.0 55.3077401042
1500.0 55.6791066438
1510.0 56.0504730563
1520.0 56.421839334
1530.0 56.7932054695
1540.0 57.1645714552
1550.0 57.5359372833
1560.0 57.9073029462
1570.0 58.2786684362
1580.0 58.6500337453
1590.0 59.0213988658
1600.0 59.3927637897
1610.0 59.7641285089
1620.0 60.1354930153
1630.0 60.5068573008
1640.0 60.878221357
1650.0 61.2495851757
1660.0 61.6209487483
1670.0 61.9923120662
1680.0 62.3636751208
1690.0 62.7350379032
1700.0 63.1064004046
1710.0 63.477762616
1720.0 63.8491245282
1730.0 64.2204861318
1740.0 64.5918474176
1750.0 64.963208376
1760.0 65.3345689972
1770.0 65.7059292715
1780.0 66.0772891889
1790.0 66.4486487392
1800.0 66.8200079122
1810.0 67.1913666975
1820.0 67.5627250843
1830.0 67.9340830621
1840.0 68.3054406197
1850.0 68.6767977462
1860.0 69.0481544302
1870.0 69.4195106603
1880.0 69.7908664247
1890.0 70.1622217117
1900.0 70.5335765092
1910.0 70.9049308049
1920.0 71.2762845865
1930.0 71.6476378413
1940.0 72.0189905564
1950.0 72.3903427188
1960.0 72.7616943152
1970.0 73.1330453322
1980.0 73.5043957559
1990.0 73.8757455726
2000.0 74.2470947679
2010.0 74.6184433276
2020.0 74.989791237
2030.0 75.3611384812
2040.0 75.7324850451
2050.0 76.1038309134
2060.0 76.4751760705
2070.0 76.8465205004
2080.0 77.2178641872
2090.0 77.5892071144
2100.0 77.9605492654
2110.0 78.3318906234
2120.0 78.7032311711
2130.0 79.0745708911
2140.0 79.4459097657
2150.0 79.817247777
2160.0 80.1885849067
2170.0 80.5599211363
2180.0 80.9312564468
2190.0 81.3025908193
2200.0 81.6739242342
2210.0 82.0452566719
2220.0 82.4165881125
2230.0 82.7879185355
2240.0 83.1592479204
2250.0 83.5305762463
2260.0 83.901903492
2270.0 84.2732296359
2280.0 84.6445546563
2290.0 85.0158785309
2300.0 85.3872012373
2310.0 85.7585227528
2320.0 86.1298430541
2330.0 86.5011621179
2340.0 86.8724799205
2350.0 87.2437964376
2360.0 87.615111645
2370.0 87.9864255179
2380.0 88.3577380311
2390.0 88.7290491593
2400.0 89.1003588768
2410.0 89.4716671573
2420.0 89.8429739745
2430.0 90.2142793017
2440.0 90.5855831116
2450.0 90.9568853769
2460.0 91.3281860697
2470.0 91.6994851619
2480.0 92.070782625
2490.0 92.4420784301
2500.0 92.813372548
2510.0 93.1846649492
2520.0 93.5559556037
2530.0 93.9272444814
2540.0 94.2985315516
2550.0 94.6698167834
2560.0 95.0411001454
2570.0 95.412381606
2580.0 95.7836611332
2590.0 96.1549386946
2600.0 96.5262142576
2610.0 96.8974877889
2620.0 97.2687592553
2630.0 97.640028623
2640.0 98.0112958578
2650.0 98.3825609253
2660.0 98.7538237907
2670.0 99.1250844187
2680.0 99.496342774
2690.0 99.8675988206
2700.0 100.238852522
2710.0 100.610103843
2720.0 100.981352745
2730.0 101.352599192
2740.0 101.723843145
2750.0 102.095084568
2760.0 102.466323422
2770.0 102.837559668
2780.0 103.208793268
2790.0 103.580024182
2800.0 103.951252371
2810.0 104.322477795
2820.0 104.693700414
2830.0 105.064920187
2840.0 105.436137074
2850.0 105.807351034
2860.0 106.178562025
2870.0 106.549770006
2880.0 106.920974935
2890.0 107.292176769
2900.0 107.663375466
2910.0 108.034570984
2920.0 108.405763278
2930.0 108.776952307
2940.0 109.148138026
2950.0 109.519320392
2960.0 109.89049936
2970.0 110.261674887
2980.0 110.632846927
2990.0 111.004015435
3000.0 111.375180368
3010.0 111.746341679
3020.0 112.117499324
3030.0 112.488653255
3040.0 112.859803429
3050.0 113.230949798
3060.0 113.602092316
3070.0 113.973230938
3080.0 114.344365615
3090.0 114.715496303
3100.0 115.086622953
3110.0 115.457745518
3120.0 115.828863953
3130.0 116.199978208
3140.0 116.571088238
3150.0 116.942193993
3160.0 117.313295427
3170.0 117.684392492
3180.0 118.055485141
3190.0 118.426573324
3200.0 118.797656995
3210.0 119.168736104
3220.0 119.539810605
3230.0 119.91088045
3240.0 120.281945589
3250.0 120.653005974
3260.0 121.024061559
3270.0 121.395112294
3280.0 121.766158132
3290.0 122.137199024
3300.0 122.508234922
3310.0 122.879265778
3320.0 123.250291545
3330.0 123.621312175
3340.0 123.992327619
3350.0 124.363337831
3360.0 124.734342762
3370.0 125.105342365
3380.0 125.476336593
3390.0 125.847325399
3400.0 126.218308735
3410.0 126.589286555
3420.0 126.960258812
3430.0 127.33122546
3440.0 127.702186453
3450.0 128.073141744
3460.0 128.444091287
3470.0 128.815035038
3480.0 129.185972951
3490.0 129.556904981
3500.0 129.927831082
3510.0 130.298751212
3520.0 130.669665325
3530.0 131.040573378
3540.0 131.411475328
3550.0 131.782371131
3560.0 132.153260745
3570.0 132.524144127
3580.0 132.895021236
3590.0 133.26589203
3600.0 133.636756468
3610.0 134.007614509
3620.0 134.378466113
3630.0 134.749311241
3640.0 135.120149853
3650.0 135.49098191
3660.0 135.861807375
3670.0 136.232626209
3680.0 136.603438375
3690.0 136.974243838
3700.0 137.345042559
3710.0 137.715834505
3720.0 138.086619641
3730.0 138.457397931
3740.0 138.828169343
3750.0 139.198933843
3760.0 139.5696914
3770.0 139.94044198
3780.0 140.311185554
3790.0 140.68192209
3800.0 141.05265156
3810.0 141.423373935
3820.0 141.794089185
3830.0 142.164797284
3840.0 142.535498205
3850.0 142.906191922
3860.0 143.27687841
3870.0 143.647557644
3880.0 144.018229601
3890.0 144.388894258
3900.0 144.759551594
3910.0 145.130201587
3920.0 145.500844216
3930.0 145.871479463
3940.0 146.24210731
3950.0 146.612727738
3960.0 146.98334073
3970.0 147.353946272
3980.0 147.724544348
3990.0 148.095134944
4000.0 148.465718047
4010.0 148.836293646
4020.0 149.206861728
4030.0 149.577422285
4040.0 149.947975307
4050.0 150.318520785
4060.0 150.689058713
4070.0 151.059589085
4080.0 151.430111895
4090.0 151.80062714
4100.0 152.171134816
4110.0 152.541634921
4120.0 152.912127455
4130.0 153.282612417
4140.0 153.653089809
4150.0 154.023559634
4160.0 154.394021893
4170.0 154.764476593
4180.0 155.134923737
4190.0 155.505363334
4200.0 155.87579539
4210.0 156.246219915
4220.0 156.616636918
4230.0 156.987046411
4240.0 157.357448405
4250.0 157.727842915
4260.0 158.098229953
4270.0 158.468609537
4280.0 158.838981682
4290.0 159.209346407
4300.0 159.57970373
4310.0 159.950053671
4320.0 160.320396253
4330.0 160.690731496
4340.0 161.061059426
4350.0 161.431380066
4360.0 161.801693442
4370.0 162.171999581
4380.0 162.542298512
4390.0 162.912590263
4400.0 163.282874866
4410.0 163.653152351
4420.0 164.023422751
4430.0 164.393686101
4440.0 164.763942435
4450.0 165.134191789
4460.0 165.5044342
4470.0 165.874669707
4480.0 166.244898349
4490.0 166.615120167
4500.0 166.985335203
4510.0 167.355543499
4520.0 167.725745099
4530.0 168.095940048
4540.0 168.466128392
4550.0 168.836310179
4560.0 169.206485457
4570.0 169.576654274
4580.0 169.946816682
4590.0 170.316972731
4600.0 170.687122474
4610.0 171.057265965
4620.0 171.427403258
4630.0 171.797534409
4640.0 172.167659474
4650.0 172.53777851
4660.0 172.907891577
4670.0 173.277998733
4680.0 173.648100039
4690.0 174.018195556
4700.0 174.388285347
4710.0 174.758369475
4720.0 175.128448003
4730.0 175.498520998
4740.0 175.868588525
4750.0 176.23865065
4760.0 176.608707442
4770.0 176.978758968
4780.0 177.348805299
4790.0 177.718846504
4800.0 178.088882653
4810.0 178.45891382
4820.0 178.828940076
4830.0 179.198961494
4840.0 179.568978148
4850.0 179.938990113
4860.0 180.308997464
4870.0 180.679000277
4880.0 181.048998629
4890.0 181.418992606
4900.0 181.788982272
4910.0 182.158967714
4920.0 182.52894901
4930.0 182.898926241
4940.0 183.268899486
4950.0 183.638868827
4960.0 184.008834346
4970.0 184.378796123
4980.0 184.748754243
4990.0 185.118708787
5000.0 185.488659839
5010.0 185.858607483
5020.0 186.228551803
5030.0 186.598492885
5040.0 186.968430813
5050.0 187.338365672
5060.0 187.708297549
5070.0 188.07822653
5080.0 188.448152701
5090.0 188.818076149
5100.0 189.18799696
5110.0 189.557915223
5120.0 189.927831024
5130.0 190.297744452
5140.0 190.667655593
5150.0 191.037564537
5160.0 191.407471371
5170.0 191.777376183
5180.0 192.147279062
5190.0 192.517180096
5200.0 192.887079373
5210.0 193.256976983
5220.0 193.626873013
5230.0 193.996767553
5240.0 194.36666069
5250.0 194.736552513
5260.0 195.10644311
5270.0 195.47633257
5280.0 195.84622098
5290.0 196.21610843
5300.0 196.585995005
5310.0 196.955880796
5320.0 197.325765887
5330.0 197.695650368
5340.0 198.065534325
5350.0 198.435417845
5360.0 198.805301014
5370.0 199.175183919
5380.0 199.545066646
5390.0 199.914949279
5400.0 200.284831905
5410.0 200.654714609
5420.0 201.024597474
5430.0 201.394480585
5440.0 201.764364026
5450.0 202.134247879
5460.0 202.504132228
5470.0 202.874017155
5480.0 203.243902742
5490.0 203.613789069
5500.0 203.983676219
5510.0 204.35356427
5520.0 204.723453303
5530.0 205.093343397
5540.0 205.46323463
5550.0 205.83312708
5560.0 206.203020825
5570.0 206.57291594
5580.0 206.942812503
5590.0 207.312710588
5600.0 207.68261027
5610.0 208.052511622
5620.0 208.422414719
5630.0 208.792319632
5640.0 209.162226433
5650.0 209.532135194
5660.0 209.902045984
5670.0 210.271958873
5680.0 210.641873929
5690.0 211.011791221
5700.0 211.381710815
5710.0 211.751632778
5720.0 212.121557174
5730.0 212.491484069
5740.0 212.861413527
5750.0 213.231345609
5760.0 213.601280378
5770.0 213.971217895
5780.0 214.341158219
5790.0 214.711101411
5800.0 215.081047529
5810.0 215.450996629
5820.0 215.820948769