0.0 0.0
120.0 4.50745525794
120.625 4.52996046119
121.25 4.5524744174
122.5 4.59752789942
123.75 4.64261437002
125.0 4.68773256365
126.25 4.73288127899
127.5 4.77805937509
128.75 4.82326576782
130.0 4.86849942642
131.25 4.91375937048
132.5 4.95904466693
133.75 5.00435442735
135.0 5.04968780543
136.25 5.09504399455
137.5 5.1404222256
138.75 5.18582176484
140.0 5.231241912
141.25 5.27668199839
142.5 5.32214138524
143.75 5.36761946203
145.0 5.41311564503
146.25 5.45862937586
147.5 5.50416012012
148.75 5.5497073662
150.0 5.59527062407
151.25 5.64084942414
152.5 5.68644331628
153.75 5.73205186876
155.0 5.7776746674
156.25 5.82331131462
157.5 5.8689614287
158.75 5.91462464291
160.0 5.96030060485
161.25 6.00598897573
162.5 6.0516894297
165.0 6.14312534466
167.5 6.23460597943
170.0 6.32612913475
172.5 6.41769276698
175.0 6.50929497422
177.5 6.60093398389
180.0 6.69260814151
182.5 6.78431590066
185.0 6.87605581389
187.5 6.96782652448
190.0 7.05962675907
192.5 7.1514553209
195.0 7.24331108377
197.5 7.33519298649
200.0 7.4271000279
202.5 7.51903126227
205.0 7.61098579519
207.5 7.70296277976
210.0 7.79496141317
212.5 7.88698093354
215.0 7.97902061704
217.5 8.07107977524
220.0 8.16315775275
222.5 8.25525392494
225.0 8.34736769598
230.0 8.53164578401
235.0 8.71598775824
240.0 8.90038971554
245.0 9.08484806687
250.0 9.26935950192
255.0 9.4539209589
260.0 9.63852959851
265.0 9.82318278141
270.0 10.0078780488
275.0 10.1926131056
280.0 10.3773858051
285.0 10.5621941368
290.0 10.7470362143
295.0 10.9319102655
300.0 11.1168146234
305.0 11.3017477185
310.0 11.4867080711
315.0 11.6716942853
320.0 11.8567050432
330.0 12.2267952757
340.0 12.5969695938
350.0 12.9672197782
360.0 13.3375384526
370.0 13.7079189888
380.0 14.0783554239
390.0 14.4488423896
400.0 14.8193750497
410.0 15.1899490455
420.0 15.5605604471
430.0 15.9312057103
440.0 16.3018816384
450.0 16.6725853473
460.0 17.0433142348
470.0 17.4140659528
480.0 17.7848383823
490.0 18.155629611
500.0 18.5264379125
510.0 18.8972617286
520.0 19.2680996523
530.0 19.6389504134
540.0 20.0098128642
550.0 20.3806859684
560.0 20.7515687892
570.0 21.1224604802
580.0 21.4933602759
590.0 21.864267484
600.0 22.2351814781
610.0 22.6061016911
620.0 22.9770276094
630.0 23.3479587677
640.0 23.718894744
650.0 24.0898351555
660.0 24.4607796546
670.0 24.8317279256
680.0 25.2026796816
690.0 25.5736346614
700.0 25.9445926272
710.0 26.3155533623
720.0 26.6865166691
730.0 27.0574823672
740.0 27.4284502916
750.0 27.7994202914
760.0 28.1703922287
770.0 28.5413659767
780.0 28.9123414193
790.0 29.2833184498
800.0 29.6542969702
810.0 30.02527689
820.0 30.396258126
830.0 30.7672406014
840.0 31.1382242454
850.0 31.5092089922
860.0 31.8801947812
870.0 32.2511815562
880.0 32.6221692648
890.0 32.9931578587
900.0 33.3641472928
910.0 33.7351375251
920.0 34.1061285166
930.0 34.4771202308
940.0 34.8481126336
950.0 35.2191056935
960.0 35.5900993805
970.0 35.9610936671
980.0 36.332088527
990.0 36.7030839359
1000.0 37.074079871
1010.0 37.4450763108
1020.0 37.8160732351
1030.0 38.1870706249
1040.0 38.5580684626
1050.0 38.9290667314
1060.0 39.3000654155
1070.0 39.6710645001
1080.0 40.0420639713
1090.0 40.413063816
1100.0 40.784064022
1110.0 41.1550645775
1120.0 41.5260654717
1130.0 41.8970666943
1140.0 42.2680682357
1150.0 42.6390700868
1160.0 43.0100722391
1170.0 43.3810746847
1180.0 43.7520774159
1190.0 44.1230804259
1200.0 44.4940837081
1210.0 44.8650872564
1220.0 45.236091065
1230.0 45.6070951287
1240.0 45.9780994426
1250.0 46.349104002
1260.0 46.7201088028
1270.0 47.0911138411
1280.0 47.4621191134
1290.0 47.8331246165
1300.0 48.2041303475
1310.0 48.5751363038
1320.0 48.9461424829
1330.0 49.317148883
1340.0 49.6881555022
1350.0 50.059162339
1360.0 50.4301693922
1370.0 50.8011766607
1380.0 51.1721841439
1390.0 51.5431918412
1400.0 51.9141997524
1410.0 52.2852078773
1420.0 52.6562162163
1430.0 53.0272247697
1440.0 53.3982335381
1450.0 53.7692425225
1460.0 54.1402517238
1470.0 54.5112611434
1480.0 54.8822707827
1490.0 55.2532806434
1500.0 55.6242907275
1510.0 55.995301037
1520.0 56.3663115743
1530.0 56.7373223418
1540.0 57.1083333423
1550.0 57.4793445788
1560.0 57.8503560542
1570.0 58.2213677719
1580.0 58.5923797354
1590.0 58.9633919485
1600.0 59.3344044149
1610.0 59.7054171389
1620.0 60.0764301247
1630.0 60.4474433768
1640.0 60.8184569
1650.0 61.189470699
1660.0 61.560484779
1670.0 61.9314991452
1680.0 62.3025138033
1690.0 62.6735287587
1700.0 63.0445440176
1710.0 63.4155595859
1720.0 63.78657547
1730.0 64.1575916764
1740.0 64.5286082117
1750.0 64.899625083
1760.0 65.2706422974
1770.0 65.6416598622
1780.0 66.012677785
1790.0 66.3836960735
1800.0 66.7547147359
1810.0 67.1257337802
1820.0 67.4967532149
1830.0 67.8677730487
1840.0 68.2387932906
1850.0 68.6098139495
1860.0 68.9808350348
1870.0 69.3518565561
1880.0 69.7228785233
1890.0 70.0939009463
1900.0 70.4649238354
1910.0 70.8359472012
1920.0 71.2069710543
1930.0 71.5779954059
1940.0 71.9490202671
1950.0 72.3200456495
1960.0 72.6910715648
1970.0 73.0620980249
1980.0 73.4331250423
1990.0 73.8041526293
2000.0 74.1751807987
2010.0 74.5462095637
2020.0 74.9172389374
2030.0 75.2882689335
2040.0 75.6592995658
2050.0 76.0303308485
2060.0 76.4013627958
2070.0 76.7723954225
2080.0 77.1434287436
2090.0 77.5144627742
2100.0 77.88549753
2110.0 78.2565330266
2120.0 78.6275692802
2130.0 78.9986063071
2140.0 79.3696441241
2150.0 79.7406827482
2160.0 80.1117221966
2170.0 80.4827624868
2180.0 80.8538036369
2190.0 81.224845665
2200.0 81.5958885895
2210.0 81.9669324293
2220.0 82.3379772036
2230.0 82.7090229318
2240.0 83.0800696336
2250.0 83.4511173291
2260.0 83.8221660388
2270.0 84.1932157833
2280.0 84.5642665838
2290.0 84.9353184616
2300.0 85.3063714384
2310.0 85.6774255364
2320.0 86.0484807778
2330.0 86.4195371854
2340.0 86.7905947823
2350.0 87.1616535919
2360.0 87.5327136378
2370.0 87.9037749443
2380.0 88.2748375357
2390.0 88.6459014369
2400.0 89.0169666728
2410.0 89.3880332691
2420.0 89.7591012515
2430.0 90.1301706462
2440.0 90.5012414798
2450.0 90.8723137791
2460.0 91.2433875713
2470.0 91.6144628841
2480.0 91.9855397454
2490.0 92.3566181835
2500.0 92.7276982271
2510.0 93.0987799052
2520.0 93.4698632471
2530.0 93.8409482826
2540.0 94.2120350419
2550.0 94.5831235553
2560.0 94.9542138537
2570.0 95.3253059682
2580.0 95.6963999304
2590.0 96.0674957722
2600.0 96.4385935258
2610.0 96.8096932238
2620.0 97.1807948992
2630.0 97.5518985853
2640.0 97.9230043158
2650.0 98.2941121247
2660.0 98.6652220464
2670.0 99.0363341156
2680.0 99.4074483674
2690.0 99.7785648373
2700.0 100.149683561
2710.0 100.520804575
2720.0 100.891927915
2730.0 101.263053618
2740.0 101.634181722
2750.0 102.005312263
2760.0 102.37644528
2770.0 102.747580811
2780.0 103.118718895
2790.0 103.489859569
2800.0 103.861002874
2810.0 104.232148848
2820.0 104.603297532
2830.0 104.974448966
2840.0 105.345603189
2850.0 105.716760243
2860.0 106.087920169
2870.0 106.459083007
2880.0 106.830248801
2890.0 107.20141759
2900.0 107.572589418
2910.0 107.943764327
2920.0 108.31494236
2930.0 108.68612356
2940.0 109.057307969
2950.0 109.428495632
2960.0 109.799686592
2970.0 110.170880893
2980.0 110.54207858
2990.0 110.913279696
3000.0 111.284484287
3010.0 111.655692398
3020.0 112.026904073
3030.0 112.398119359
3040.0 112.7693383
3050.0 113.140560942
3060.0 113.511787332
3070.0 113.883017515
3080.0 114.254251537
3090.0 114.625489446
3100.0 114.996731287
3110.0 115.367977108
3120.0 115.739226955
3130.0 116.110480876
3140.0 116.481738917
3150.0 116.853001126
3160.0 117.22426755
3170.0 117.595538236
3180.0 117.966813233
3190.0 118.338092588
3200.0 118.709376347
3210.0 119.08066456
3220.0 119.451957274
3230.0 119.823254537
3240.0 120.194556396
3250.0 120.5658629
3260.0 120.937174096
3270.0 121.308490032
3280.0 121.679810757
3290.0 122.051136317
3300.0 122.422466761
3310.0 122.793802136
3320.0 123.16514249
3330.0 123.536487871
3340.0 123.907838326
3350.0 124.279193902
3360.0 124.650554648
3370.0 125.021920609
3380.0 125.393291834
3390.0 125.764668368
3400.0 126.136050259
3410.0 126.507437554
3420.0 126.878830298
3430.0 127.250228538
3440.0 127.62163232
3450.0 127.99304169
3460.0 128.364456692
3470.0 128.735877374
3480.0 129.107303778
3490.0 129.478735951
3500.0 129.850173937
3510.0 130.22161778
3520.0 130.593067523
3530.0 130.96452321
3540.0 131.335984885
3550.0 131.70745259
3560.0 132.078926367
3570.0 132.450406259
3580.0 132.821892308
3590.0 133.193384554
3600.0 133.564883039
3610.0 133.936387802
3620.0 134.307898884
3630.0 134.679416324
3640.0 135.050940162
3650.0 135.422470435
3660.0 135.794007182
3670.0 136.16555044
3680.0 136.537100246
3690.0 136.908656637
3700.0 137.280219647
3710.0 137.651789314
3720.0 138.02336567
3730.0 138.39494875
3740.0 138.766538588
3750.0 139.138135216
3760.0 139.509738667
3770.0 139.881348971
3780.0 140.25296616
3790.0 140.624590264
3800.0 140.996221312
3810.0 141.367859333
3820.0 141.739504355
3830.0 142.111156405
3840.0 142.482815509
3850.0 142.854481693
3860.0 143.226154983
3870.0 143.597835402
3880.0 143.969522973
3890.0 144.341217719
3900.0 144.712919662
3910.0 145.084628822
3920.0 145.45634522
3930.0 145.828068875
3940.0 146.199799804
3950.0 146.571538025
3960.0 146.943283555
3970.0 147.31503641
3980.0 147.686796602
3990.0 148.058564148
4000.0 148.430339058
4010.0 148.802121345
4020.0 149.17391102
4030.0 149.545708093
4040.0 149.917512572
4050.0 150.289324465
4060.0 150.661143779
4070.0 151.032970521
4080.0 151.404804694
4090.0 151.776646302
4100.0 152.14849535
4110.0 152.520351837
4120.0 152.892215765
4130.0 153.264087133
4140.0 153.63596594
4150.0 154.007852184
4160.0 154.37974586
4170.0 154.751646965
4180.0 155.123555492
4190.0 155.495471434
4200.0 155.867394784
4210.0 156.239325531
4220.0 156.611263668
4230.0 156.98320918
4240.0 157.355162058
4250.0 157.727122286
4260.0 158.09908985
4270.0 158.471064734
4280.0 158.843046921
4290.0 159.215036394
4300.0 159.587033132
4310.0 159.959037116
4320.0 160.331048324
4330.0 160.703066733
4340.0 161.075092319
4350.0 161.447125058
4360.0 161.819164923
4370.0 162.191211887
4380.0 162.563265922
4390.0 162.935326998
4400.0 163.307395084
4410.0 163.679470149
4420.0 164.051552159
4430.0 164.423641081
4440.0 164.795736878
4450.0 165.167839516
4460.0 165.539948955
4470.0 165.912065159
4480.0 166.284188085
4490.0 166.656317695
4500.0 167.028453946
4510.0 167.400596795
4520.0 167.772746197
4530.0 168.144902107
4540.0 168.517064479
4550.0 168.889233266
4560.0 169.261408419
4570.0 169.633589888
4580.0 170.005777622
4590.0 170.37797157
4600.0 170.75017168
4610.0 171.122377897
4620.0 171.494590166
4630.0 171.866808432
4640.0 172.239032638
4650.0 172.611262726
4660.0 172.983498637
4670.0 173.355740311
4680.0 173.727987688
4690.0 174.100240706
4700.0 174.472499302
4710.0 174.844763413
4720.0 175.217032974
4730.0 175.58930792
4740.0 175.961588184
4750.0 176.3338737
4760.0 176.706164399
4770.0 177.078460214
4780.0 177.450761073
4790.0 177.823066906
4800.0 178.195377643
4810.0 178.567693211
4820.0 178.940013538
4830.0 179.31233855
4840.0 179.684668172
4850.0 180.05700233
4860.0 180.429340949
4870.0 180.801683951
4880.0 181.17403126
4890.0 181.546382787
4900.0 181.918738471
4910.0 182.291098224
4920.0 182.663461966
4930.0 183.035829617
4940.0 183.408201096
4950.0 183.780576322
4960.0 184.152955214
4970.0 184.525337688
4980.0 184.897723661
4990.0 185.270113051
5000.0 185.642505774
5010.0 186.014901744
5020.0 186.387300878
5030.0 186.759703091
5040.0 187.132108296
5050.0 187.504516408
5060.0 187.87692734
5070.0 188.249341007
5080.0 188.62175732
5090.0 188.994176194
5100.0 189.36659754
5110.0 189.739021271
5120.0 190.111447298
5130.0 190.483875535
5140.0 190.856305892
5150.0 191.228738281
5160.0 191.601172613
5170.0 191.9736088
5180.0 192.346046754
5190.0 192.718486384
5200.0 193.090927602
5210.0 193.46337032
5220.0 193.835814448
5230.0 194.208259897
5240.0 194.580706578
5250.0 194.953154402
5260.0 195.325603281
5270.0 195.698053126
5280.0 196.070503848
5290.0 196.442955358
5300.0 196.815407568
5310.0 197.187860391
5320.0 197.560313737
5330.0 197.93276752
5340.0 198.305221651
5350.0 198.677676043
5360.0 199.050130609
5370.0 199.422585263
5380.0 199.795039918
5390.0 200.167494487
5400.0 200.539948885
5410.0 200.912403027
5420.0 201.284856827
5430.0 201.657310201
5440.0 202.029763064
5450.0 202.402215333
5460.0 202.774666924
5470.0 203.147117754
5480.0 203.519567741
5490.0 203.892016804
5500.0 204.26446486
5510.0 204.636911828
5520.0 205.009357629
5530.0 205.381802183
5540.0 205.754245411
5550.0 206.126687233
5560.0 206.499127573
5570.0 206.871566352
5580.0 207.244003495
5590.0 207.616438925
5600.0 207.988872566
5610.0 208.361304345
5620.0 208.733734188
5630.0 209.106162021
5640.0 209.478587771
5650.0 209.851011368
5660.0 210.22343274
5670.0 210.595851816
5680.0 210.968268529
5690.0 211.340682808
5700.0 211.713094586
5710.0 212.085503797
5720.0 212.457910373
5730.0 212.830314251
5740.0 213.202715364
5750.0 213.575113651
5760.0 213.947509047
5770.0 214.319901492
5780.0 214.692290923
5790.0 215.064677282
5800.0 215.437060509
5810.0 215.809440545
5820.0 216.181817333