0.0 0.0
120.0 4.50274907577
120.625 4.52522976695
121.25 4.54771921109
122.5 4.59272366892
123.75 4.6377611153
125.0 4.68283028467
126.25 4.72792997572
127.5 4.7730590475
128.75 4.81821641586
130.0 4.86340105006
131.25 4.90861196968
132.5 4.95384824166
133.75 4.99910897756
135.0 5.04439333109
136.25 5.08970049562
137.5 5.13502970204
138.75 5.18038021662
140.0 5.22575133907
141.25 5.27114240072
142.5 5.31655276278
143.75 5.36198181475
145.0 5.40742897289
146.25 5.45289367881
147.5 5.49837539813
148.75 5.54387361923
150.0 5.58938785207
151.25 5.63491762708
152.5 5.68046249411
153.75 5.72602202144
155.0 5.77159579489
156.25 5.81718341688
157.5 5.86278450568
158.75 5.90839869458
160.0 5.95402563116
161.25 5.99966497664
162.5 6.04531640517
165.0 6.1366542691
167.5 6.22803685267
170.0 6.31946195662
172.5 6.41092753729
175.0 6.50243169279
177.5 6.59397265053
180.0 6.68554875604
182.5 6.7771584629
185.0 6.86880032363
187.5 6.96047298154
190.0 7.05217516324
192.5 7.14390567199
195.0 7.23566338157
197.5 7.32744723081
200.0 7.41925621853
202.5 7.511089399
205.0 7.6029458778
207.5 7.69482480805
210.0 7.78672538693
212.5 7.87864685254
215.0 7.97058848106
217.5 8.06254958406
220.0 8.15452950614
222.5 8.24652762267
225.0 8.33854333782
230.0 8.52262531336
235.0 8.70677117415
240.0 8.89097701703
245.0 9.07523925293
250.0 9.25955457153
255.0 9.44391991101
260.0 9.62833243203
265.0 9.81278949526
270.0 9.99728864187
275.0 10.1818275766
280.0 10.366404153
285.0 10.5510163604
290.0 10.7356623123
295.0 10.9203402367
300.0 11.1050484665
305.0 11.2897854321
310.0 11.4745496539
315.0 11.659339736
320.0 11.8441543602
330.0 12.2138523212
340.0 12.5836343618
350.0 12.9534922624
360.0 13.3234186465
370.0 13.6934068854
380.0 14.0634510161
390.0 14.4335456698
400.0 14.8036860102
410.0 15.1738676781
420.0 15.5440867433
430.0 15.9143396613
440.0 16.2846232349
450.0 16.6549345797
460.0 17.025271093
470.0 17.3956304264
480.0 17.7660104603
490.0 18.136409282
500.0 18.5068251648
510.0 18.8772565497
520.0 19.2477020295
530.0 19.6181603332
540.0 19.9886303127
550.0 20.3591109311
560.0 20.7296012511
570.0 21.1001004256
580.0 21.4706076884
590.0 21.8411223467
600.0 22.2116437733
610.0 22.5821714005
620.0 22.9527047139
630.0 23.3232432474
640.0 23.6937865784
650.0 24.0643343231
660.0 24.4348861332
670.0 24.8054416921
680.0 25.176000712
690.0 25.5465629307
700.0 25.9171281096
710.0 26.287696031
720.0 26.6582664962
730.0 27.0288393236
740.0 27.3994143474
750.0 27.7699914156
760.0 28.1405703888
770.0 28.5111511393
780.0 28.8817335496
790.0 29.2523175118
800.0 29.6229029264
810.0 29.9934897018
820.0 30.3640777533
830.0 30.7346670026
840.0 31.1052573773
850.0 31.4758488102
860.0 31.8464412391
870.0 32.217034606
880.0 32.587628857
890.0 32.9582239418
900.0 33.3288198137
910.0 33.6994164286
920.0 34.0700137458
930.0 34.4406117266
940.0 34.8112103352
950.0 35.1818095375
960.0 35.5524093017
970.0 35.9230095978
980.0 36.2936103973
990.0 36.6642116736
1000.0 37.0348134013
1010.0 37.4054155564
1020.0 37.7760181161
1030.0 38.1466210588
1040.0 38.5172243639
1050.0 38.8878280119
1060.0 39.2584319841
1070.0 39.6290362627
1080.0 39.9996408306
1090.0 40.3702456716
1100.0 40.74085077
1110.0 41.1114561108
1120.0 41.4820616798
1130.0 41.8526674629
1140.0 42.2232734469
1150.0 42.5938796189
1160.0 42.9644859665
1170.0 43.3350924778
1180.0 43.7056991411
1190.0 44.0763059452
1200.0 44.4469128792
1210.0 44.8175199325
1220.0 45.1881270949
1230.0 45.5587343561
1240.0 45.9293417066
1250.0 46.2999491368
1260.0 46.6705566373
1270.0 47.0411641991
1280.0 47.4117718131
1290.0 47.7823794707
1300.0 48.1529871633
1310.0 48.5235948824
1320.0 48.8942026197
1330.0 49.264810367
1340.0 49.6354181162
1350.0 50.0060258594
1360.0 50.3766335886
1370.0 50.747241296
1380.0 51.117848974
1390.0 51.4884566148
1400.0 51.8590642109
1410.0 52.2296717545
1420.0 52.6002792383
1430.0 52.9708866547
1440.0 53.3414939963
1450.0 53.7121012555
1460.0 54.0827084249
1470.0 54.4533154971
1480.0 54.8239224646
1490.0 55.1945293199
1500.0 55.5651360556
1510.0 55.9357426641
1520.0 56.3063491379
1530.0 56.6769554695
1540.0 57.0475616513
1550.0 57.4181676755
1560.0 57.7887735345
1570.0 58.1593792205
1580.0 58.5299847257
1590.0 58.9005900423
1600.0 59.2711951622
1610.0 59.6418000775
1620.0 60.01240478
1630.0 60.3830092616
1640.0 60.7536135139
1650.0 61.1242175286
1660.0 61.4948212973
1670.0 61.8654248113
1680.0 62.2360280619
1690.0 62.6066310405
1700.0 62.977233738
1710.0 63.3478361454
1720.0 63.7184382537
1730.0 64.0890400534
1740.0 64.4596415353
1750.0 64.8302426897
1760.0 65.200843507
1770.0 65.5714439774
1780.0 65.9420440908
1790.0 66.3126438372
1800.0 66.6832432063
1810.0 67.0538421876
1820.0 67.4244407706
1830.0 67.7950389444
1840.0 68.1656366982
1850.0 68.5362340207
1860.0 68.9068309008
1870.0 69.2774273269
1880.0 69.6480232875
1890.0 70.0186187705
1900.0 70.3892137641
1910.0 70.7598082559
1920.0 71.1304022336
1930.0 71.5009956844
1940.0 71.8715885956
1950.0 72.2421809541
1960.0 72.6127727466
1970.0 72.9833639596
1980.0 73.3539545794
1990.0 73.7245445922
2000.0 74.0951339836
2010.0 74.4657227394
2020.0 74.8363108448
2030.0 75.2068982851
2040.0 75.5774850451
2050.0 75.9480711095
2060.0 76.3186564626
2070.0 76.6892410887
2080.0 77.0598249715
2090.0 77.4304080948
2100.0 77.8009904419
2110.0 78.1715719959
2120.0 78.5421527397
2130.0 78.9127326558
2140.0 79.2833117265
2150.0 79.6538899339
2160.0 80.0244672597
2170.0 80.3950436853
2180.0 80.7656191919
2190.0 81.1361937604
2200.0 81.5067673715
2210.0 81.8773400053
2220.0 82.2479116419
2230.0 82.618482261
2240.0 82.989051842
2250.0 83.359620364
2260.0 83.7301878057
2270.0 84.1007541457
2280.0 84.4713193622
2290.0 84.8418834329
2300.0 85.2124463354
2310.0 85.5830080469
2320.0 85.9535685443
2330.0 86.3241278042
2340.0 86.6946858028
2350.0 87.0652425161
2360.0 87.4357979195
2370.0 87.8063519885
2380.0 88.1769046978
2390.0 88.5474560221
2400.0 88.9180059356
2410.0 89.2885544122
2420.0 89.6591014255
2430.0 90.0296469488
2440.0 90.4001909548
2450.0 90.7707334162
2460.0 91.141274305
2470.0 91.5118135933
2480.0 91.8823512525
2490.0 92.2528872536
2500.0 92.6234215676
2510.0 92.9939541649
2520.0 93.3644850155
2530.0 93.7350140892
2540.0 94.1055413555
2550.0 94.4760667834
2560.0 94.8465903415
2570.0 95.2171119981
2580.0 95.5876317214
2590.0 95.9581494789
2600.0 96.3286652379
2610.0 96.6991789654
2620.0 97.0696906279
2630.0 97.4402001916
2640.0 97.8107076225
2650.0 98.1812128861
2660.0 98.5517159475
2670.0 98.9222167717
2680.0 99.292715323
2690.0 99.6632115657
2700.0 100.033705464
2710.0 100.40419698
2720.0 100.774686078
2730.0 101.145172721
2740.0 101.515656871
2750.0 101.88613849
2760.0 102.25661754
2770.0 102.627093982
2780.0 102.997567778
2790.0 103.368038888
2800.0 103.738507273
2810.0 104.108972893
2820.0 104.479435708
2830.0 104.849895677
2840.0 105.220352761
2850.0 105.590806916
2860.0 105.961258104
2870.0 106.331706281
2880.0 106.702151405
2890.0 107.072593435
2900.0 107.443032329
2910.0 107.813468042
2920.0 108.183900533
2930.0 108.554329758
2940.0 108.924755673
2950.0 109.295178235
2960.0 109.6655974
2970.0 110.036013122
2980.0 110.406425358
2990.0 110.776834063
3000.0 111.147239192
3010.0 111.517640699
3020.0 111.888038539
3030.0 112.258432667
3040.0 112.628823037
3050.0 112.999209602
3060.0 113.369592316
3070.0 113.739971134
3080.0 114.110346007
3090.0 114.480716891
3100.0 114.851083737
3110.0 115.221446499
3120.0 115.591805129
3130.0 115.962159581
3140.0 116.332509806
3150.0 116.702855758
3160.0 117.073197388
3170.0 117.443534649
3180.0 117.813867494
3190.0 118.184195873
3200.0 118.55451974
3210.0 118.924839046
3220.0 119.295153743
3230.0 119.665463783
3240.0 120.035769118
3250.0 120.4060697
3260.0 120.776365481
3270.0 121.146656412
3280.0 121.516942445
3290.0 121.887223533
3300.0 122.257499628
3310.0 122.62777068
3320.0 122.998036643
3330.0 123.368297469
3340.0 123.73855311
3350.0 124.108803517
3360.0 124.479048644
3370.0 124.849288443
3380.0 125.219522867
3390.0 125.589751869
3400.0 125.959975402
3410.0 126.330193418
3420.0 126.700405871
3430.0 127.070612715
3440.0 127.440813904
3450.0 127.811009391
3460.0 128.181199131
3470.0 128.551383077
3480.0 128.921561186
3490.0 129.291733412
3500.0 129.66189971
3510.0 130.032060035
3520.0 130.402214345
3530.0 130.772362594
3540.0 131.14250474
3550.0 131.512640739
3560.0 131.882770549
3570.0 132.252894127
3580.0 132.623011432
3590.0 132.993122422
3600.0 133.363227056
3610.0 133.733325293
3620.0 134.103417094
3630.0 134.473502418
3640.0 134.843581225
3650.0 135.213653479
3660.0 135.58371914
3670.0 135.95377817
3680.0 136.323830532
3690.0 136.693876191
3700.0 137.063915108
3710.0 137.433947251
3720.0 137.803972582
3730.0 138.173991069
3740.0 138.544002676
3750.0 138.914007373
3760.0 139.284005125
3770.0 139.653995902
3780.0 140.023979671
3790.0 140.393956404
3800.0 140.76392607
3810.0 141.13388864
3820.0 141.503844087
3830.0 141.873792382
3840.0 142.243733499
3850.0 142.613667412
3860.0 142.983594096
3870.0 143.353513526
3880.0 143.723425679
3890.0 144.093330533
3900.0 144.463228064
3910.0 144.833118253
3920.0 145.203001079
3930.0 145.572876522
3940.0 145.942744565
3950.0 146.312605189
3960.0 146.682458377
3970.0 147.052304115
3980.0 147.422142387
3990.0 147.791973179
4000.0 148.161796478
4010.0 148.531612273
4020.0 148.901420552
4030.0 149.271221305
4040.0 149.641014522
4050.0 150.010800197
4060.0 150.380578321
4070.0 150.750348889
4080.0 151.120111895
4090.0 151.489867336
4100.0 151.859615208
4110.0 152.229355509
4120.0 152.599088239
4130.0 152.968813398
4140.0 153.338530986
4150.0 153.708241006
4160.0 154.077943462
4170.0 154.447638357
4180.0 154.817325698
4190.0 155.187005491
4200.0 155.556677743
4210.0 155.926342464
4220.0 156.295999663
4230.0 156.665649352
4240.0 157.035291543
4250.0 157.404926248
4260.0 157.774553483
4270.0 158.144173262
4280.0 158.513785604
4290.0 158.883390524
4300.0 159.252988043
4310.0 159.622578181
4320.0 159.992160959
4330.0 160.361736398
4340.0 160.731304524
4350.0 161.10086536
4360.0 161.470418932
4370.0 161.839965268
4380.0 162.209504394
4390.0 162.579036342
4400.0 162.94856114
4410.0 163.318078822
4420.0 163.687589418
4430.0 164.057092964
4440.0 164.426589493
4450.0 164.796079043
4460.0 165.165561651
4470.0 165.535037354
4480.0 165.904506192
4490.0 166.273968206
4500.0 166.643423438
4510.0 167.01287193
4520.0 167.382313726
4530.0 167.751748871
4540.0 168.121177412
4550.0 168.490599395
4560.0 168.860014868
4570.0 169.229423882
4580.0 169.598826485
4590.0 169.968222731
4600.0 170.33761267
4610.0 170.706996357
4620.0 171.076373847
4630.0 171.445745193
4640.0 171.815110454
4650.0 172.184469687
4660.0 172.553822949
4670.0 172.923170301
4680.0 173.292511803
4690.0 173.661847517
4700.0 174.031177504
4710.0 174.400501828
4720.0 174.769820552
4730.0 175.139133743
4740.0 175.508441466
4750.0 175.877743787
4760.0 176.247040775
4770.0 176.616332498
4780.0 176.985619024
4790.0 177.354900425
4800.0 177.724176771
4810.0 178.093448134
4820.0 178.462714585
4830.0 178.8319762
4840.0 179.20123305
4850.0 179.570485211
4860.0 179.939732758
4870.0 180.308975767
4880.0 180.678214315
4890.0 181.047448489
4900.0 181.416678351
4910.0 181.785903988
4920.0 182.155125481
4930.0 182.524342907
4940.0 182.893556349
4950.0 183.262765886
4960.0 183.631971601
4970.0 184.001173574
4980.0 184.37037189
4990.0 184.73956663
5000.0 185.108757878
5010.0 185.477945718
5020.0 185.847130235
5030.0 186.216311512
5040.0 186.585489636
5050.0 186.954664692
5060.0 187.323836765
5070.0 187.693005942
5080.0 188.062172309
5090.0 188.431335953
5100.0 188.80049696
5110.0 189.169655419
5120.0 189.538811416
5130.0 189.90796504
5140.0 190.277116378
5150.0 190.646265517
5160.0 191.015412547
5170.0 191.384557555
5180.0 191.75370063
5190.0 192.12284186
5200.0 192.491981334
5210.0 192.86111914
5220.0 193.230255366
5230.0 193.599390102
5240.0 193.968523435
5250.0 194.337655454
5260.0 194.706786247
5270.0 195.075915903
5280.0 195.44504451
5290.0 195.814172155
5300.0 196.183298927
5310.0 196.552424913
5320.0 196.921550201
5330.0 197.290674878
5340.0 197.659799031
5350.0 198.028922747
5360.0 198.398046112
5370.0 198.767169213
5380.0 199.136292136
5390.0 199.505414966
5400.0 199.874537788
5410.0 200.243660687
5420.0 200.612783749
5430.0 200.981907056
5440.0 201.351030692
5450.0 201.720154742
5460.0 202.089279287
5470.0 202.45840441
5480.0 202.827530193
5490.0 203.196656716
5500.0 203.565784062
5510.0 203.934912309
5520.0 204.304041539
5530.0 204.673171828
5540.0 205.042303257
5550.0 205.411435904
5560.0 205.780569844
5570.0 206.149705156
5580.0 206.518841915
5590.0 206.887980196
5600.0 207.257120074
5610.0 207.626261622
5620.0 207.995404915
5630.0 208.364550024
5640.0 208.733697022
5650.0 209.102845978
5660.0 209.471996964
5670.0 209.841150049
5680.0 210.210305302
5690.0 210.579462789
5700.0 210.94862258
5710.0 211.317784738
5720.0 211.686949331
5730.0 212.056116422
5740.0 212.425286076
5750.0 212.794458354
5760.0 213.163633319
5770.0 213.532811032
5780.0 213.901991553
5790.0 214.271174941
5800.0 214.640361254
5810.0 215.009550551
5820.0 215.378742887