0.0 0.0
120.0 4.49569055205
120.625 4.51813448079
121.25 4.5405871625
122.5 4.5855180955
123.75 4.63048201708
125.0 4.67547766169
126.25 4.72050382801
127.5 4.76555937509
128.75 4.8106432188
130.0 4.85575432839
131.25 4.90089172343
132.5 4.94605447085
133.75 4.99124168226
135.0 5.03645251131
136.25 5.08168615141
137.5 5.12694183344
138.75 5.17221882367
140.0 5.2175164218
141.25 5.26283395918
142.5 5.30817079701
143.75 5.35352632478
145.0 5.39889995876
146.25 5.44429114056
147.5 5.4896993358
148.75 5.53512403287
150.0 5.58056474172
151.25 5.62602099277
152.5 5.67149233589
153.75 5.71697833935
155.0 5.76247858896
156.25 5.80799268717
157.5 5.85352025223
158.75 5.89906091742
160.0 5.94461433034
161.25 5.9901801522
162.5 6.03575805715
165.0 6.12694887407
167.5 6.2181844108
170.0 6.30946246808
172.5 6.40078100227
175.0 6.49213811148
177.5 6.5835320231
180.0 6.67496108268
182.5 6.7664237438
185.0 6.85791855899
187.5 6.94944417154
190.0 7.04099930809
192.5 7.13258277188
195.0 7.22419343671
197.5 7.31583024139
200.0 7.40749218476
202.5 7.49917832109
205.0 7.59088775597
207.5 7.6826196425
210.0 7.77437317788
212.5 7.86614760021
215.0 7.95794218567
217.5 8.04975624583
220.0 8.1415891253
222.5 8.23344019945
225.0 8.32530887245
230.0 8.5090967644
235.0 8.69294854255
240.0 8.87686030378
245.0 9.06082845902
250.0 9.24484969799
255.0 9.4289209589
260.0 9.61303940243
265.0 9.79720238926
270.0 9.9814074606
275.0 10.1656523212
280.0 10.3499348247
285.0 10.5342529603
290.0 10.7186048418
295.0 10.9029886969
300.0 11.0874028587
305.0 11.2718457577
310.0 11.4563159142
315.0 11.6408119324
320.0 11.8253324941
330.0 12.1944423345
340.0 12.5636362604
350.0 12.9329060527
360.0 13.302244335
370.0 13.671644479
380.0 14.041100522
390.0 14.4106070955
400.0 14.7801593634
410.0 15.1497529671
420.0 15.5193839765
430.0 15.8890488476
440.0 16.2587443835
450.0 16.6284677002
460.0 16.9982161956
470.0 17.3679875214
480.0 17.7377795588
490.0 18.1075903953
500.0 18.4774183046
510.0 18.8472617286
520.0 19.2171192602
530.0 19.586989629
540.0 19.9568716877
550.0 20.3267643997
560.0 20.6966668284
570.0 21.0665781272
580.0 21.4364975308
590.0 21.8064243467
600.0 22.1763579487
610.0 22.5462977695
620.0 22.9162432957
630.0 23.2861940619
640.0 23.656149646
650.0 24.0261096653
660.0 24.3960737722
670.0 24.7660416511
680.0 25.136013015
690.0 25.5059876026
700.0 25.8759651762
710.0 26.2459455192
720.0 26.6159284338
730.0 26.9859137397
740.0 27.3559012719
750.0 27.7258908797
760.0 28.0958824247
770.0 28.4658757806
780.0 28.8358708311
790.0 29.2058674694
800.0 29.5758655976
810.0 29.9458651253
820.0 30.3158659691
830.0 30.6858680524
840.0 31.0558713042
850.0 31.4258756589
860.0 31.7958810557
870.0 32.1658874385
880.0 32.535894755
890.0 32.9059029568
900.0 33.2759119987
910.0 33.6459218389
920.0 34.0159324382
930.0 34.3859437602
940.0 34.7559557709
950.0 35.1259684386
960.0 35.4959817335
970.0 35.8659956278
980.0 36.2360100956
990.0 36.6060251124
1000.0 36.9760406553
1010.0 37.3460567029
1020.0 37.7160732351
1030.0 38.0860902328
1040.0 38.4561076783
1050.0 38.8261255549
1060.0 39.1961438468
1070.0 39.5661625393
1080.0 39.9361816184
1090.0 40.3062010709
1100.0 40.6762208847
1110.0 41.0462410481
1120.0 41.4162615501
1130.0 41.7862823806
1140.0 42.1563035298
1150.0 42.5263249888
1160.0 42.8963467489
1170.0 43.2663688023
1180.0 43.6363911414
1190.0 44.0064137593
1200.0 44.3764366493
1210.0 44.7464598054
1220.0 45.1164832219
1230.0 45.4865068934
1240.0 45.8565308151
1250.0 46.2265549824
1260.0 46.596579391
1270.0 46.9666040372
1280.0 47.3366289174
1290.0 47.7066540283
1300.0 48.0766793671
1310.0 48.4467049312
1320.0 48.8167307182
1330.0 49.1867567261
1340.0 49.5567829532
1350.0 49.9268093978
1360.0 50.2968360588
1370.0 50.6668629352
1380.0 51.0368900263
1390.0 51.4069173314
1400.0 51.7769448504
1410.0 52.1469725832
1420.0 52.51700053
1430.0 52.8870286913
1440.0 53.2570570676
1450.0 53.6270856597
1460.0 53.9971144689
1470.0 54.3671434963
1480.0 54.7371727434
1490.0 55.107202212
1500.0 55.4772319039
1510.0 55.8472618213
1520.0 56.2172919664
1530.0 56.5873223418
1540.0 56.9573529502
1550.0 57.3273837944
1560.0 57.6974148777
1570.0 58.0674462033
1580.0 58.4374777746
1590.0 58.8075095955
1600.0 59.1775416699
1610.0 59.5475740017
1620.0 59.9176065953
1630.0 60.2876394553
1640.0 60.6576725862
1650.0 61.0277059931
1660.0 61.3977396809
1670.0 61.767773655
1680.0 62.1378079209
1690.0 62.5078424842
1700.0 62.8778773509
1710.0 63.2479125271
1720.0 63.617948019
1730.0 63.9879838332
1740.0 64.3580199764
1750.0 64.7280564556
1760.0 65.0980932778
1770.0 65.4681304504
1780.0 65.838167981
1790.0 66.2082058774
1800.0 66.5782441476
1810.0 66.9482827998
1820.0 67.3183218424
1830.0 67.688361284
1840.0 68.0584011337
1850.0 68.4284414004
1860.0 68.7984820936
1870.0 69.1685232228
1880.0 69.5385647978
1890.0 69.9086068286
1900.0 70.2786493256
1910.0 70.6486922992
1920.0 71.0187357602
1930.0 71.3887797196
1940.0 71.7588241887
1950.0 72.1288691789
1960.0 72.498914702
1970.0 72.86896077
1980.0 73.2390073952
1990.0 73.6090545901
2000.0 73.9791023674
2010.0 74.3491507402
2020.0 74.7191997217
2030.0 75.0892493257
2040.0 75.4592995658
2050.0 75.8293504563
2060.0 76.1994020115
2070.0 76.5694542461
2080.0 76.939507175
2090.0 77.3095608135
2100.0 77.679615177
2110.0 78.0496702815
2120.0 78.4197261429
2130.0 78.7897827777
2140.0 79.1598402026
2150.0 79.5298984345
2160.0 79.8999574907
2170.0 80.2700173888
2180.0 80.6400781467
2190.0 81.0101397826
2200.0 81.380202315
2210.0 81.7502657627
2220.0 82.1203301448
2230.0 82.4903954808
2240.0 82.8604617904
2250.0 83.2305290938
2260.0 83.6005974113
2270.0 83.9706667637
2280.0 84.340737172
2290.0 84.7108086577
2300.0 85.0808812424
2310.0 85.4509549481
2320.0 85.8210297974
2330.0 86.1911058129
2340.0 86.5611830176
2350.0 86.931261435
2360.0 87.3013410888
2370.0 87.6714220031
2380.0 88.0415042024
2390.0 88.4115877114
2400.0 88.7816725552
2410.0 89.1517587593
2420.0 89.5218463495
2430.0 89.8919353521
2440.0 90.2620257935
2450.0 90.6321177006
2460.0 91.0022111007
2470.0 91.3723060214
2480.0 91.7424024905
2490.0 92.1125005365
2500.0 92.4826001879
2510.0 92.8527014738
2520.0 93.2228044236
2530.0 93.592909067
2540.0 93.9630154341
2550.0 94.3331235553
2560.0 94.7032334615
2570.0 95.0733451839
2580.0 95.4434587539
2590.0 95.8135742036
2600.0 96.183691565
2610.0 96.5538108709
2620.0 96.9239321541
2630.0 97.2940554481
2640.0 97.6641807864
2650.0 98.0343082031
2660.0 98.4044377327
2670.0 98.7745694097
2680.0 99.1447032694
2690.0 99.5148393471
2700.0 99.8849776786
2710.0 100.2551183
2720.0 100.625261248
2730.0 100.995406559
2740.0 101.365554271
2750.0 101.73570442
2760.0 102.105857045
2770.0 102.476012184
2780.0 102.846169875
2790.0 103.216330157
2800.0 103.58649307
2810.0 103.956658652
2820.0 104.326826944
2830.0 104.696997985
2840.0 105.067171817
2850.0 105.437348478
2860.0 105.807528012
2870.0 106.177710458
2880.0 106.547895859
2890.0 106.918084257
2900.0 107.288275693
2910.0 107.65847021
2920.0 108.02866785
2930.0 108.398868658
2940.0 108.769072675
2950.0 109.139279945
2960.0 109.509490513
2970.0 109.879704422
2980.0 110.249921717
2990.0 110.620142441
3000.0 110.99036664
3010.0 111.360594359
3020.0 111.730825642
3030.0 112.101060535
3040.0 112.471299084
3050.0 112.841541334
3060.0 113.211787332
3070.0 113.582037122
3080.0 113.952290753
3090.0 114.322548269
3100.0 114.692809719
3110.0 115.063075147
3120.0 115.433344602
3130.0 115.803618131
3140.0 116.17389578
3150.0 116.544177596
3160.0 116.914463628
3170.0 117.284753923
3180.0 117.655048527
3190.0 118.025347489
3200.0 118.395650857
3210.0 118.765958678
3220.0 119.136271
3230.0 119.50658787
3240.0 119.876909337
3250.0 120.247235449
3260.0 120.617566253
3270.0 120.987901797
3280.0 121.358242129
3290.0 121.728587297
3300.0 122.098937349
3310.0 122.469292332
3320.0 122.839652294
3330.0 123.210017283
3340.0 123.580387345
3350.0 123.95076253
3360.0 124.321142883
3370.0 124.691528452
3380.0 125.061919285
3390.0 125.432315427
3400.0 125.802716926
3410.0 126.173123828
3420.0 126.54353618
3430.0 126.913954028
3440.0 127.284377418
3450.0 127.654806396
3460.0 128.025241006
3470.0 128.395681295
3480.0 128.766127308
3490.0 129.136579089
3500.0 129.507036682
3510.0 129.877500133
3520.0 130.247969484
3530.0 130.618444779
3540.0 130.988926061
3550.0 131.359413374
3560.0 131.729906759
3570.0 132.100406259
3580.0 132.470911916
3590.0 132.84142377
3600.0 133.211941862
3610.0 133.582466233
3620.0 133.952996923
3630.0 134.323533972
3640.0 134.694077417
3650.0 135.064627298
3660.0 135.435183653
3670.0 135.805746519
3680.0 136.176315932
3690.0 136.546891931
3700.0 136.917474549
3710.0 137.288063823
3720.0 137.658659787
3730.0 138.029262476
3740.0 138.399871921
3750.0 138.770488157
3760.0 139.141111216
3770.0 139.511741128
3780.0 139.882377925
3790.0 140.253021637
3800.0 140.623672293
3810.0 140.994329922
3820.0 141.364994551
3830.0 141.735666209
3840.0 142.106344921
3850.0 142.477030713
3860.0 142.84772361
3870.0 143.218423637
3880.0 143.589130816
3890.0 143.95984517
3900.0 144.330566721
3910.0 144.701295489
3920.0 145.072031495
3930.0 145.442774757
3940.0 145.813525294
3950.0 146.184283124
3960.0 146.555048261
3970.0 146.925820723
3980.0 147.296600524
3990.0 147.667387677
4000.0 148.038182195
4010.0 148.40898409
4020.0 148.779793373
4030.0 149.150610054
4040.0 149.52143414
4050.0 149.892265641
4060.0 150.263104564
4070.0 150.633950913
4080.0 151.004804694
4090.0 151.37566591
4100.0 151.746534565
4110.0 152.11741066
4120.0 152.488294196
4130.0 152.859185172
4140.0 153.230083587
4150.0 153.600989439
4160.0 153.971902723
4170.0 154.342823435
4180.0 154.71375157
4190.0 155.08468712
4200.0 155.455630078
4210.0 155.826580433
4220.0 156.197538177
4230.0 156.568503298
4240.0 156.939475783
4250.0 157.310455619
4260.0 157.681442791
4270.0 158.052437283
4280.0 158.423439078
4290.0 158.794448158
4300.0 159.165464505
4310.0 159.536488096
4320.0 159.907518912
4330.0 160.278556929
4340.0 160.649602123
4350.0 161.02065447
4360.0 161.391713943
4370.0 161.762780515
4380.0 162.133854158
4390.0 162.504934841
4400.0 162.876022535
4410.0 163.247117208
4420.0 163.618218826
4430.0 163.989327355
4440.0 164.360442761
4450.0 164.731565006
4460.0 165.102694053
4470.0 165.473829864
4480.0 165.844972399
4490.0 166.216121617
4500.0 166.587277475
4510.0 166.958439932
4520.0 167.329608942
4530.0 167.70078446
4540.0 168.07196644
4550.0 168.443154835
4560.0 168.814349595
4570.0 169.185550672
4580.0 169.556758014
4590.0 169.92797157
4600.0 170.299191288
4610.0 170.670417112
4620.0 171.04164899
4630.0 171.412886863
4640.0 171.784130677
4650.0 172.155380373
4660.0 172.526635892
4670.0 172.897897174
4680.0 173.269164158
4690.0 173.640436784
4700.0 174.011714988
4710.0 174.382998707
4720.0 174.754287876
4730.0 175.125582429
4740.0 175.496882302
4750.0 175.868187425
4760.0 176.239497733
4770.0 176.610813155
4780.0 176.982133622
4790.0 177.353459063
4800.0 177.724789408
4810.0 178.096124584
4820.0 178.467464519
4830.0 178.838809138
4840.0 179.210158368
4850.0 179.581512134
4860.0 179.95287036
4870.0 180.32423297
4880.0 180.695599887
4890.0 181.066971022
4900.0 181.438346314
4910.0 181.809725675
4920.0 182.181109025
4930.0 182.552496284
4940.0 182.923887371
4950.0 183.295282205
4960.0 183.666680704
4970.0 184.038082786
4980.0 184.409488367
4990.0 184.780897365
5000.0 185.152309695
5010.0 185.523725274
5020.0 185.895144016
5030.0 186.266565836
5040.0 186.637990649
5050.0 187.009418369
5060.0 187.380848909
5070.0 187.752282183
5080.0 188.123718105
5090.0 188.495156586
5100.0 188.86659754
5110.0 189.238040879
5120.0 189.609486514
5130.0 189.980934358
5140.0 190.352384323
5150.0 190.72383632
5160.0 191.09529026
5170.0 191.466746055
5180.0 191.838203616
5190.0 192.209662855
5200.0 192.581123681
5210.0 192.952586006
5220.0 193.324049742
5230.0 193.695514798
5240.0 194.066981087
5250.0 194.43844852
5260.0 194.809917007
5270.0 195.181386459
5280.0 195.552856789
5290.0 195.924327907
5300.0 196.295799725
5310.0 196.667272155
5320.0 197.03874511
5330.0 197.4102185
5340.0 197.781692239
5350.0 198.153166239
5360.0 198.524640413
5370.0 198.896114675
5380.0 199.267588937
5390.0 199.639063114
5400.0 200.010537121
5410.0 200.38201087
5420.0 200.753484278
5430.0 201.12495726
5440.0 201.496429731
5450.0 201.867901607
5460.0 202.239372806
5470.0 202.610843244
5480.0 202.982312839
5490.0 203.35378151
5500.0 203.725249173
5510.0 204.09671575
5520.0 204.468181159
5530.0 204.83964532
5540.0 205.211108156
5550.0 205.582569586
5560.0 205.954029533
5570.0 206.325487921
5580.0 206.696944671
5590.0 207.068399709
5600.0 207.439852959
5610.0 207.811304345
5620.0 208.182753796
5630.0 208.554201236
5640.0 208.925646595
5650.0 209.297089799
5660.0 209.668530779
5670.0 210.039969463
5680.0 210.411405783
5690.0 210.78283967
5700.0 211.154271057
5710.0 211.525699875
5720.0 211.89712606
5730.0 212.268549545
5740.0 212.639970266
5750.0 213.011388161
5760.0 213.382803165
5770.0 213.754215217
5780.0 214.125624257
5790.0 214.497030223
5800.0 214.868433058
5810.0 215.239832702
5820.0 215.611229098