0.0 0.0
120.0 4.50330054635
120.625 4.52578410978
121.25 4.54827642616
122.5 4.59328662848
123.75 4.63832981935
125.0 4.6834047332
126.25 4.72851016873
127.5 4.773644985
128.75 4.81880809784
130.0 4.86399847653
131.25 4.90921514064
132.5 4.9544571571
133.75 4.99972363749
135.0 5.0450137355
136.25 5.09032664452
137.5 5.13566159542
138.75 5.18101785448
140.0 5.22639472142
141.25 5.27179152756
142.5 5.3172076341
143.75 5.36264243056
145.0 5.40809533318
146.25 5.45356578359
147.5 5.49905324739
148.75 5.54455721298
150.0 5.5900771903
151.25 5.6356127098
152.5 5.68116332131
153.75 5.72672859313
155.0 5.77230811106
156.25 5.81790147755
157.5 5.86350831083
158.75 5.90912824421
160.0 5.95476092528
161.25 6.00040601524
162.5 6.04606318825
165.0 6.13741254116
167.5 6.2288066137
170.0 6.32024320662
172.5 6.41172027626
175.0 6.50323592073
177.5 6.59478836744
180.0 6.68637596192
182.5 6.77799715775
185.0 6.86965050746
187.5 6.96133465433
190.0 7.053048325
192.5 7.14479032272
195.0 7.23655952128
197.5 7.32835485949
200.0 7.42017533618
202.5 7.51202000562
205.0 7.60388797339
207.5 7.69577839261
210.0 7.78769046046
212.5 7.87962341504
215.0 7.97157653253
217.5 8.0635491245
220.0 8.15554053555
222.5 8.24755014105
225.0 8.33957734517
230.0 8.52368229866
235.0 8.70785113739
240.0 8.89207995821
245.0 9.07636517205
250.0 9.26070346858
255.0 9.44509178601
260.0 9.62952728497
265.0 9.81400732614
270.0 9.99852945069
275.0 10.1830913634
280.0 10.3676909177
285.0 10.5523261031
290.0 10.7369950329
295.0 10.9216959352
300.0 11.106427143
305.0 11.2911870865
310.0 11.4759742863
315.0 11.6607873463
320.0 11.8456249485
330.0 12.2153688653
340.0 12.5851968618
350.0 12.9551007182
360.0 13.3250730582
370.0 13.695107253
380.0 14.0651973396
390.0 14.4353379492
400.0 14.8055242455
410.0 15.1757518693
420.0 15.5460168904
430.0 15.9163157643
440.0 16.2866452938
450.0 16.6570025944
460.0 17.0273850636
470.0 17.3977903528
480.0 17.7682163427
490.0 18.1386611203
500.0 18.5091229589
510.0 18.8796002997
520.0 19.2500917354
530.0 19.6205959949
540.0 19.9911119304
550.0 20.3616385047
560.0 20.7321747805
570.0 21.1027199108
580.0 21.4732731296
590.0 21.8438337437
600.0 22.2144011262
610.0 22.5849747093
620.0 22.9555539786
630.0 23.326138468
640.0 23.6967277548
650.0 24.0673214554
660.0 24.4379192214
670.0 24.8085207362
680.0 25.179125712
690.0 25.5497338866
700.0 25.9203450214
710.0 26.2909588986
720.0 26.6615753197
730.0 27.0321941031
740.0 27.4028150827
750.0 27.7734381068
760.0 28.1440630358
770.0 28.5146897422
780.0 28.8853181084
790.0 29.2559480265
800.0 29.626579397
810.0 29.9972121283
820.0 30.3678461356
830.0 30.7384813408
840.0 31.1091176714
850.0 31.4797550602
860.0 31.850393445
870.0 32.2210327678
880.0 32.5916729746
890.0 32.9623140154
900.0 33.3329558431
910.0 33.7035984139
920.0 34.074241687
930.0 34.4448856237
940.0 34.8155301881
950.0 35.1861753463
960.0 35.5568210664
970.0 35.9274673184
980.0 36.2981140738
990.0 36.668761306
1000.0 37.0394089896
1010.0 37.4100571005
1020.0 37.7807056161
1030.0 38.1513545147
1040.0 38.5220037757
1050.0 38.8926533796
1060.0 39.2633033076
1070.0 39.6339535421
1080.0 40.0046040659
1090.0 40.3752548628
1100.0 40.7459059171
1110.0 41.1165572138
1120.0 41.4872087386
1130.0 41.8578604776
1140.0 42.2285124174
1150.0 42.5991645454
1160.0 42.9698168489
1170.0 43.3404693161
1180.0 43.7111219353
1190.0 44.0817746952
1200.0 44.4524275851
1210.0 44.8230805943
1220.0 45.1937337125
1230.0 45.5643869297
1240.0 45.935040236
1250.0 46.3056936221
1260.0 46.6763470785
1270.0 47.0470005961
1280.0 47.4176541661
1290.0 47.7883077796
1300.0 48.158961428
1310.0 48.529615103
1320.0 48.9002687962
1330.0 49.2709224993
1340.0 49.6415762044
1350.0 50.0122299035
1360.0 50.3828835886
1370.0 50.7535372519
1380.0 51.1241908858
1390.0 51.4948444825
1400.0 51.8654980344
1410.0 52.236151534
1420.0 52.6068049736
1430.0 52.9774583459
1440.0 53.3481116433
1450.0 53.7187648584
1460.0 54.0894179837
1470.0 54.4600710118
1480.0 54.8307239352
1490.0 55.2013767464
1500.0 55.5720294379
1510.0 55.9426820023
1520.0 56.3133344321
1530.0 56.6839867195
1540.0 57.0546388571
1550.0 57.4252908372
1560.0 57.7959426521
1570.0 58.166594294
1580.0 58.5372457551
1590.0 58.9078970276
1600.0 59.2785481034
1610.0 59.6491989745
1620.0 60.0198496329
1630.0 60.3905000704
1640.0 60.7611502786
1650.0 61.1318002492
1660.0 61.5024499738
1670.0 61.8730994436
1680.0 62.2437486502
1690.0 62.6143975846
1700.0 62.985046238
1710.0 63.3556946013
1720.0 63.7263426654
1730.0 64.0969904211
1740.0 64.4676378588
1750.0 64.8382849691
1760.0 65.2089317423
1770.0 65.5795781686
1780.0 65.9502242379
1790.0 66.3208699402
1800.0 66.6915152652
1810.0 67.0621602024
1820.0 67.4328047412
1830.0 67.8034488709
1840.0 68.1740925805
1850.0 68.544735859
1860.0 68.9153786949
1870.0 69.2860210769
1880.0 69.6566629933
1890.0 70.0273044323
1900.0 70.3979453817
1910.0 70.7685858294
1920.0 71.139225763
1930.0 71.5098651697
1940.0 71.8805040368
1950.0 72.2511423512
1960.0 72.6217800995
1970.0 72.9924172684
1980.0 73.3630538442
1990.0 73.7336898128
2000.0 74.1043251601
2010.0 74.4749598717
2020.0 74.8455939331
2030.0 75.2162273292
2040.0 75.5868600451
2050.0 75.9574920654
2060.0 76.3281233744
2070.0 76.6987539563
2080.0 77.069383795
2090.0 77.4400128742
2100.0 77.8106411772
2110.0 78.1812686871
2120.0 78.5518953868
2130.0 78.9225212587
2140.0 79.2931462854
2150.0 79.6637704486
2160.0 80.0343937303
2170.0 80.4050161118
2180.0 80.7756375743
2190.0 81.1462580987
2200.0 81.5168776656
2210.0 81.8874962553
2220.0 82.2581138478
2230.0 82.6287304227
2240.0 82.9993459596
2250.0 83.3699604375
2260.0 83.7405738351
2270.0 84.111186131
2280.0 84.4817973033
2290.0 84.8524073299
2300.0 85.2230161883
2310.0 85.5936238557
2320.0 85.964230309
2330.0 86.3348355248
2340.0 86.7054394793
2350.0 87.0760421484
2360.0 87.4466435078
2370.0 87.8172435326
2380.0 88.1878421978
2390.0 88.558439478
2400.0 88.9290353473
2410.0 89.2996297799
2420.0 89.6702227491
2430.0 90.0408142282
2440.0 90.4114041901
2450.0 90.7819926073
2460.0 91.1525794521
2470.0 91.5231646963
2480.0 91.8937483113
2490.0 92.2643302683
2500.0 92.6349105382
2510.0 93.0054890913
2520.0 93.3760658978
2530.0 93.7466409275
2540.0 94.1172141496
2550.0 94.4877855334
2560.0 94.8583550473
2570.0 95.2289226599
2580.0 95.5994883391
2590.0 95.9700520525
2600.0 96.3406137674
2610.0 96.7111734507
2620.0 97.0817310691
2630.0 97.4522865887
2640.0 97.8228399755
2650.0 98.1933911949
2660.0 98.5639402122
2670.0 98.9344869923
2680.0 99.3050314995
2690.0 99.6755736981
2700.0 100.046113552
2710.0 100.416651024
2720.0 100.787186078
2730.0 101.157718677
2740.0 101.528248783
2750.0 101.898776357
2760.0 102.269301363
2770.0 102.639823761
2780.0 103.010343513
2790.0 103.380860579
2800.0 103.75137492
2810.0 104.121886496
2820.0 104.492395267
2830.0 104.862901192
2840.0 105.233404231
2850.0 105.603904343
2860.0 105.974401486
2870.0 106.344895619
2880.0 106.715386699
2890.0 107.085874685
2900.0 107.456359535
2910.0 107.826841204
2920.0 108.197319651
2930.0 108.567794832
2940.0 108.938266703
2950.0 109.308735221
2960.0 109.679200341
2970.0 110.049662019
2980.0 110.420120211
2990.0 110.790574872
3000.0 111.161025956
3010.0 111.53147342
3020.0 111.901917216
3030.0 112.2723573
3040.0 112.642793625
3050.0 113.013226146
3060.0 113.383654816
3070.0 113.75407959
3080.0 114.124500419
3090.0 114.494917259
3100.0 114.865330061
3110.0 115.235738778
3120.0 115.606143365
3130.0 115.976543772
3140.0 116.346939953
3150.0 116.717331861
3160.0 117.087719447
3170.0 117.458102664
3180.0 117.828481464
3190.0 118.1988558
3200.0 118.569225622
3210.0 118.939590884
3220.0 119.309951537
3230.0 119.680307533
3240.0 120.050658824
3250.0 120.421005362
3260.0 120.791347098
3270.0 121.161683985
3280.0 121.532015975
3290.0 121.902343019
3300.0 122.272665069
3310.0 122.642982077
3320.0 123.013293996
3330.0 123.383600778
3340.0 123.753902374
3350.0 124.124198738
3360.0 124.494489821
3370.0 124.864775576
3380.0 125.235055956
3390.0 125.605330913
3400.0 125.975600402
3410.0 126.345864374
3420.0 126.716122783
3430.0 127.086375583
3440.0 127.456622727
3450.0 127.82686417
3460.0 128.197099866
3470.0 128.567329769
3480.0 128.937553833
3490.0 129.307772015
3500.0 129.677984269
3510.0 130.04819055
3520.0 130.418390815
3530.0 130.788585021
3540.0 131.158773122
3550.0 131.528955077
3560.0 131.899130843
3570.0 132.269300377
3580.0 132.639463638
3590.0 133.009620584
3600.0 133.379771174
3610.0 133.749915367
3620.0 134.120053123
3630.0 134.490184403
3640.0 134.860309167
3650.0 135.230427376
3660.0 135.600538993
3670.0 135.970643979
3680.0 136.340742297
3690.0 136.710833911
3700.0 137.080918785
3710.0 137.450996883
3720.0 137.82106817
3730.0 138.191132613
3740.0 138.561190176
3750.0 138.931240829
3760.0 139.301284537
3770.0 139.671321269
3780.0 140.041350995
3790.0 140.411373684
3800.0 140.781389305
3810.0 141.151397832
3820.0 141.521399234
3830.0 141.891393485
3840.0 142.261380558
3850.0 142.631360427
3860.0 143.001333066
3870.0 143.371298453
3880.0 143.741256562
3890.0 144.111207371
3900.0 144.481150859
3910.0 144.851087003
3920.0 145.221015785
3930.0 145.590937184
3940.0 145.960851182
3950.0 146.330757762
3960.0 146.700656907
3970.0 147.0705486
3980.0 147.440432828
3990.0 147.810309576
4000.0 148.180178831
4010.0 148.550040582
4020.0 148.919894816
4030.0 149.289741525
4040.0 149.659580699
4050.0 150.029412329
4060.0 150.399236409
4070.0 150.769052933
4080.0 151.138861895
4090.0 151.508663292
4100.0 151.878457119
4110.0 152.248243377
4120.0 152.618022063
4130.0 152.987793177
4140.0 153.357556721
4150.0 153.727312697
4160.0 154.097061109
4170.0 154.46680196
4180.0 154.836535257
4190.0 155.206261006
4200.0 155.575979214
4210.0 155.945689891
4220.0 156.315393046
4230.0 156.68508869
4240.0 157.054776837
4250.0 157.424457498
4260.0 157.794130688
4270.0 158.163796424
4280.0 158.533454721
4290.0 158.903105598
4300.0 159.272749073
4310.0 159.642385166
4320.0 160.0120139
4330.0 160.381635296
4340.0 160.751249377
4350.0 161.120856169
4360.0 161.490455697
4370.0 161.860047988
4380.0 162.229633071
4390.0 162.599210974
4400.0 162.968781729
4410.0 163.338345366
4420.0 163.707901918
4430.0 164.07745142
4440.0 164.446993905
4450.0 164.816529411
4460.0 165.186057974
4470.0 165.555579633
4480.0 165.925094427
4490.0 166.294602398
4500.0 166.664103585
4510.0 167.033598033
4520.0 167.403085785
4530.0 167.772566886
4540.0 168.142041382
4550.0 168.511509321
4560.0 168.880970751
4570.0 169.25042572
4580.0 169.61987428
4590.0 169.989316481
4600.0 170.358752376
4610.0 170.728182019
4620.0 171.097605464
4630.0 171.467022767
4640.0 171.836433984
4650.0 172.205839172
4660.0 172.57523839
4670.0 172.944631698
4680.0 173.314019156
4690.0 173.683400826
4700.0 174.052776768
4710.0 174.422147048
4720.0 174.791511729
4730.0 175.160870876
4740.0 175.530224554
4750.0 175.899572832
4760.0 176.268915775
4770.0 176.638253454
4780.0 177.007585936
4790.0 177.376913293
4800.0 177.746235595
4810.0 178.115552913
4820.0 178.484865321
4830.0 178.854172891
4840.0 179.223475697
4850.0 179.592773814
4860.0 179.962067317
4870.0 180.331356282
4880.0 180.700640785
4890.0 181.069920915
4900.0 181.439196733
4910.0 181.808468327
4920.0 182.177735775
4930.0 182.546999157
4940.0 182.916258555
4950.0 183.285514048
4960.0 183.654765718
4970.0 184.024013648
4980.0 184.393257919
4990.0 184.762498615
5000.0 185.131735819
5010.0 185.500969615
5020.0 185.870200088
5030.0 186.239427321
5040.0 186.608651401
5050.0 186.977872412
5060.0 187.347090441
5070.0 187.716305574
5080.0 188.085517897
5090.0 188.454727497
5100.0 188.82393446
5110.0 189.193138875
5120.0 189.562340828
5130.0 189.931540408
5140.0 190.300737701
5150.0 190.669932797
5160.0 191.039125782
5170.0 191.408316746
5180.0 191.777505777
5190.0 192.146692963
5200.0 192.515878393
5210.0 192.885062155
5220.0 193.254244337
5230.0 193.623425028
5240.0 193.992604317
5250.0 194.361782292
5260.0 194.730959041
5270.0 195.100134653
5280.0 195.469309216
5290.0 195.838482817
5300.0 196.207655545
5310.0 196.576827487
5320.0 196.94599873
5330.0 197.315169363
5340.0 197.684339472
5350.0 198.053509144
5360.0 198.422678465
5370.0 198.791847522
5380.0 199.161016401
5390.0 199.530185186
5400.0 199.899353964
5410.0 200.26852282
5420.0 200.637691837
5430.0 201.0068611
5440.0 201.376030692
5450.0 201.745200698
5460.0 202.114371199
5470.0 202.483542278
5480.0 202.852714016
5490.0 203.221886496
5500.0 203.591059797
5510.0 203.960234001
5520.0 204.329409186
5530.0 204.698585431
5540.0 205.067762816
5550.0 205.436941418
5560.0 205.806121315
5570.0 206.175302583
5580.0 206.544485297
5590.0 206.913669534
5600.0 207.282855368
5610.0 207.652042872
5620.0 208.021232121
5630.0 208.390423186
5640.0 208.759616139
5650.0 209.128811052
5660.0 209.498007994
5670.0 209.867207034
5680.0 210.236408243
5690.0 210.605611686
5700.0 210.974817433
5710.0 211.344025547
5720.0 211.713236096
5730.0 212.082449143
5740.0 212.451664752
5750.0 212.820882986
5760.0 213.190103907
5770.0 213.559327576
5780.0 213.928554053
5790.0 214.297783397
5800.0 214.667015666
5810.0 215.036250918
5820.0 215.40548921