0.0 0.0
120.0 4.5034846697
120.625 4.5259691928
121.25 4.54846246887
122.5 4.5934745906
123.75 4.63851970091
125.0 4.68359653424
126.25 4.72870388928
127.5 4.77384062509
128.75 4.81900565752
130.0 4.86419795584
131.25 4.9094165396
132.5 4.95466047576
133.75 4.99992887588
135.0 5.04522089366
136.25 5.09053572249
137.5 5.13587259325
138.75 5.1812307722
140.0 5.22660955906
141.25 5.27200828516
142.5 5.31742631171
143.75 5.36286302821
145.0 5.40831785092
146.25 5.45379022144
147.5 5.49927960541
148.75 5.5447854912
150.0 5.59030738877
151.25 5.63584482856
152.5 5.6813973604
153.75 5.72696455258
155.0 5.77254599093
156.25 5.81814127786
157.5 5.86375003164
158.75 5.90937188556
160.0 5.95500648721
161.25 6.00065349779
162.5 6.04631259147
165.0 6.13766578584
167.5 6.22906370001
170.0 6.32050413475
172.5 6.41198504639
175.0 6.50350453305
177.5 6.59506082212
180.0 6.68665225915
182.5 6.77827729772
185.0 6.86993449036
187.5 6.96162248036
190.0 7.05333999436
192.5 7.1450858356
195.0 7.23685887788
197.5 7.32865806002
200.0 7.42048238084
202.5 7.51233089462
205.0 7.60420270695
207.5 7.69609697093
210.0 7.78801288376
212.5 7.87994968354
215.0 7.97190664645
217.5 8.06388308407
220.0 8.15587834098
222.5 8.24789179259
225.0 8.33992284304
230.0 8.52403548989
235.0 8.70821202294
240.0 8.89244853907
245.0 9.07674144922
250.0 9.26108744309
255.0 9.4454834589
260.0 9.62992665733
265.0 9.81441439906
270.0 9.99894422531
275.0 10.1835138408
280.0 10.3681210992
285.0 10.5527639898
290.0 10.7374406261
295.0 10.9221492361
300.0 11.1068881528
305.0 11.2916558067
310.0 11.4764507181
315.0 11.6612714912
320.0 11.8461168079
330.0 12.215876158
340.0 12.5857195938
350.0 12.9556388958
360.0 13.3256266879
370.0 13.6956763418
380.0 14.0657818945
390.0 14.4359379779
400.0 14.8061397556
410.0 15.176382869
420.0 15.5466633882
430.0 15.9169777691
440.0 16.2873228149
450.0 16.6576956414
460.0 17.0280936465
470.0 17.3985144822
480.0 17.7689560294
490.0 18.1394163757
500.0 18.5098937948
510.0 18.8803867286
520.0 19.25089377
530.0 19.6214136487
540.0 19.9919452172
550.0 20.3624874389
560.0 20.7330393774
570.0 21.1036001861
580.0 21.4741690994
590.0 21.8447454252
600.0 22.2153285369
610.0 22.5859178676
620.0 22.9565129036
630.0 23.3271131795
640.0 23.6977182734
650.0 24.0683278025
660.0 24.4389414193
670.0 24.809558808
680.0 25.1801796816
690.0 25.550803779
700.0 25.9214308625
710.0 26.2920607153
720.0 26.6626931397
730.0 27.0333279554
740.0 27.4039649974
750.0 27.774604115
760.0 28.1452451698
770.0 28.5158880355
780.0 28.8865325958
790.0 29.257178744
800.0 29.6278263819
810.0 29.9984754194
820.0 30.369125773
830.0 30.7397773661
840.0 31.1104301277
850.0 31.4810839922
860.0 31.8517388989
870.0 32.2223947915
880.0 32.5930516178
890.0 32.9637093293
900.0 33.3343678811
910.0 33.705027231
920.0 34.0756873401
930.0 34.4463481719
940.0 34.8170096925
950.0 35.1876718699
960.0 35.5583346747
970.0 35.9289980788
980.0 36.2996620564
990.0 36.670326583
1000.0 37.0409916357
1010.0 37.4116571931
1020.0 37.7823232351
1030.0 38.1529897426
1040.0 38.5236566979
1050.0 38.8943240843
1060.0 39.264991886
1070.0 39.6356600883
1080.0 40.0063286772
1090.0 40.3769976396
1100.0 40.7476669631
1110.0 41.1183366363
1120.0 41.4890066482
1130.0 41.8596769884
1140.0 42.2303476475
1150.0 42.6010186162
1160.0 42.9716898862
1170.0 43.3423614494
1180.0 43.7130332983
1190.0 44.0837054259
1200.0 44.4543778258
1210.0 44.8250504917
1220.0 45.195723418
1230.0 45.5663965993
1240.0 45.9370700308
1250.0 46.3077437079
1260.0 46.6784176263
1270.0 47.0490917823
1280.0 47.4197661723
1290.0 47.790440793
1300.0 48.1611156416
1310.0 48.5317907155
1320.0 48.9024660123
1330.0 49.2731415301
1340.0 49.6438172669
1350.0 50.0144932213
1360.0 50.3851693922
1370.0 50.7558457784
1380.0 51.1265223792
1390.0 51.4971991942
1400.0 51.867876223
1410.0 52.2385534656
1420.0 52.6092309222
1430.0 52.9799085932
1440.0 53.3505864793
1450.0 53.7212645813
1460.0 54.0919429003
1470.0 54.4626214375
1480.0 54.8333001944
1490.0 55.2039791728
1500.0 55.5746583745
1510.0 55.9453378017
1520.0 56.3160174566
1530.0 56.6866973418
1540.0 57.05737746
1550.0 57.4280578141
1560.0 57.7987384071
1570.0 58.1694192425
1580.0 58.5401003237
1590.0 58.9107816544
1600.0 59.2814632385
1610.0 59.6521450801
1620.0 60.0228271836
1630.0 60.3935095533
1640.0 60.7641921941
1650.0 61.1348751107
1660.0 61.5055583084
1670.0 61.8762417923
1680.0 62.246925568
1690.0 62.6176096411
1700.0 62.9882940176
1710.0 63.3589787036
1720.0 63.7296637053
1730.0 64.1003490293
1740.0 64.4710346823
1750.0 64.8417206713
1760.0 65.2124070033
1770.0 65.5830936857
1780.0 65.9537807261
1790.0 66.3244681323
1800.0 66.6951559123
1810.0 67.0658440743
1820.0 67.4365326267
1830.0 67.8072215782
1840.0 68.1779109376
1850.0 68.5486007142
1860.0 68.9192909171
1870.0 69.2899815561
1880.0 69.6606726409
1890.0 70.0313641816
1900.0 70.4020561883
1910.0 70.7727486717
1920.0 71.1434416426
1930.0 71.5141351118
1940.0 71.8848290907
1950.0 72.2555235907
1960.0 72.6262186236
1970.0 72.9969142014
1980.0 73.3676103364
1990.0 73.738307041
2000.0 74.1090043282
2010.0 74.4797022107
2020.0 74.8504007021
2030.0 75.2210998159
2040.0 75.5917995658
2050.0 75.9624999661
2060.0 76.3332010311
2070.0 76.7039027755
2080.0 77.0746052142
2090.0 77.4453083625
2100.0 77.8160122358
2110.0 78.1867168501
2120.0 78.5574222213
2130.0 78.9281283659
2140.0 79.2988353006
2150.0 79.6695430423
2160.0 80.0402516083
2170.0 80.4109610163
2180.0 80.781671284
2190.0 81.1523824297
2200.0 81.5230944718
2210.0 81.8938074293
2220.0 82.2645213212
2230.0 82.6352361671
2240.0 83.0059519865
2250.0 83.3766687997
2260.0 83.747386627
2270.0 84.1181054892
2280.0 84.4888254073
2290.0 84.8595464028
2300.0 85.2302684973
2310.0 85.6009917128
2320.0 85.9717160719
2330.0 86.3424415972
2340.0 86.7131683117
2350.0 87.0838962389
2360.0 87.4546254026
2370.0 87.8253558267
2380.0 88.1960875357
2390.0 88.5668205545
2400.0 88.9375549081
2410.0 89.308290622
2420.0 89.6790277221
2430.0 90.0497662344
2440.0 90.4205061857
2450.0 90.7912476026
2460.0 91.1619905125
2470.0 91.5327349429
2480.0 91.9034809219
2490.0 92.2742284776
2500.0 92.6449776389
2510.0 93.0157284346
2520.0 93.3864808942
2530.0 93.7572350474
2540.0 94.1279909242
2550.0 94.4987485553
2560.0 94.8695079713
2570.0 95.2402692035
2580.0 95.6110322834
2590.0 95.9817972428
2600.0 96.352564114
2610.0 96.7233329297
2620.0 97.0941037227
2630.0 97.4648765265
2640.0 97.8356513746
2650.0 98.2064283012
2660.0 98.5772073405
2670.0 98.9479885274
2680.0 99.3187718969
2690.0 99.6895574844
2700.0 100.060345326
2710.0 100.431135457
2720.0 100.801927915
2730.0 101.172722736
2740.0 101.543519957
2750.0 101.914319616
2760.0 102.285121751
2770.0 102.6559264
2780.0 103.026733601
2790.0 103.397543393
2800.0 103.768355815
2810.0 104.139170907
2820.0 104.509988709
2830.0 104.88080926
2840.0 105.251632601
2850.0 105.622458773
2860.0 105.993287816
2870.0 106.364119772
2880.0 106.734954683
2890.0 107.10579259
2900.0 107.476633536
2910.0 107.847477563
2920.0 108.218324713
2930.0 108.58917503
2940.0 108.960028557
2950.0 109.330885338
2960.0 109.701745415
2970.0 110.072608834
2980.0 110.443475638
2990.0 110.814345873
3000.0 111.185219581
3010.0 111.55609681
3020.0 111.926977603
3030.0 112.297862006
3040.0 112.668750064
3050.0 113.039641824
3060.0 113.410537332
3070.0 113.781436632
3080.0 114.152339772
3090.0 114.523246799
3100.0 114.894157758
3110.0 115.265072696
3120.0 115.635991661
3130.0 116.006914699
3140.0 116.377841858
3150.0 116.748773185
3160.0 117.119708726
3170.0 117.490648531
3180.0 117.861592645
3190.0 118.232541117
3200.0 118.603493994
3210.0 118.974451325
3220.0 119.345413157
3230.0 119.716379537
3240.0 120.087350514
3250.0 120.458326135
3260.0 120.829306449
3270.0 121.200291503
3280.0 121.571281345
3290.0 121.942276023
3300.0 122.313275584
3310.0 122.684280077
3320.0 123.055289549
3330.0 123.426304047
3340.0 123.79732362
3350.0 124.168348314
3360.0 124.539378177
3370.0 124.910413256
3380.0 125.281453598
3390.0 125.65249925
3400.0 126.023550259
3410.0 126.394606671
3420.0 126.765668533
3430.0 127.136735891
3440.0 127.507808791
3450.0 127.878887278
3460.0 128.249971398
3470.0 128.621061197
3480.0 128.99215672
3490.0 129.36325801
3500.0 129.734365114
3510.0 130.105478074
3520.0 130.476596935
3530.0 130.84772174
3540.0 131.218852532
3550.0 131.589989354
3560.0 131.96113225
3570.0 132.332281259
3580.0 132.703436426
3590.0 133.074597789
3600.0 133.445765392
3610.0 133.816939273
3620.0 134.188119472
3630.0 134.55930603
3640.0 134.930498986
3650.0 135.301698376
3660.0 135.672904241
3670.0 136.044116617
3680.0 136.41533554
3690.0 136.786561048
3700.0 137.157793177
3710.0 137.529031961
3720.0 137.900277434
3730.0 138.271529632
3740.0 138.642788588
3750.0 139.014054334
3760.0 139.385326902
3770.0 139.756606324
3780.0 140.127892631
3790.0 140.499185853
3800.0 140.870486018
3810.0 141.241793157
3820.0 141.613107296
3830.0 141.984428464
3840.0 142.355756685
3850.0 142.727091988
3860.0 143.098434395
3870.0 143.469783931
3880.0 143.84114062
3890.0 144.212504484
3900.0 144.583875544
3910.0 144.955253822
3920.0 145.326639338
3930.0 145.69803211
3940.0 146.069432157
3950.0 146.440839496
3960.0 146.812254144
3970.0 147.183676116
3980.0 147.555105426
3990.0 147.926542089
4000.0 148.297986117
4010.0 148.669437522
4020.0 149.040896314
4030.0 149.412362505
4040.0 149.783836101
4050.0 150.155317112
4060.0 150.526805544
4070.0 150.898301403
4080.0 151.269804694
4090.0 151.64131542
4100.0 152.012833585
4110.0 152.38435919
4120.0 152.755892235
4130.0 153.127432721
4140.0 153.498980646
4150.0 153.870536007
4160.0 154.242098802
4170.0 154.613669024
4180.0 154.985246668
4190.0 155.356831728
4200.0 155.728424195
4210.0 156.100024061
4220.0 156.471631315
4230.0 156.843245945
4240.0 157.21486794
4250.0 157.586497286
4260.0 157.958133967
4270.0 158.329777969
4280.0 158.701429274
4290.0 159.073087864
4300.0 159.44475372
4310.0 159.816426822
4320.0 160.188107147
4330.0 160.559794674
4340.0 160.931489378
4350.0 161.303191235
4360.0 161.674900217
4370.0 162.046616299
4380.0 162.418339452
4390.0 162.790069645
4400.0 163.161806849
4410.0 163.533551031
4420.0 163.905302159
4430.0 164.277060198
4440.0 164.648825114
4450.0 165.020596869
4460.0 165.392375426
4470.0 165.764160747
4480.0 166.135952791
4490.0 166.507751519
4500.0 166.879556887
4510.0 167.251368853
4520.0 167.623187373
4530.0 167.995012401
4540.0 168.366843891
4550.0 168.738681795
4560.0 169.110526066
4570.0 169.482376652
4580.0 169.854233504
4590.0 170.22609657
4600.0 170.597965798
4610.0 170.969841132
4620.0 171.341722519
4630.0 171.713609903
4640.0 172.085503226
4650.0 172.457402432
4660.0 172.82930746
4670.0 173.201218252
4680.0 173.573134747
4690.0 173.945056882
4700.0 174.316984596
4710.0 174.688917824
4720.0 175.060856503
4730.0 175.432800567
4740.0 175.804749949
4750.0 176.176704582
4760.0 176.548664399
4770.0 176.920629331
4780.0 177.292599308
4790.0 177.664574259
4800.0 178.036554114
4810.0 178.4085388
4820.0 178.780528244
4830.0 179.152522373
4840.0 179.524521113
4850.0 179.896524389
4860.0 180.268532125
4870.0 180.640544245
4880.0 181.012560671
4890.0 181.384581316
4900.0 181.756606118
4910.0 182.128634989
4920.0 182.500667849
4930.0 182.872704617
4940.0 183.244745214
4950.0 183.616789558
4960.0 183.988837567
4970.0 184.360889158
4980.0 184.732944249
4990.0 185.105002757
5000.0 185.477064597
5010.0 185.849129685
5020.0 186.221197937
5030.0 186.593269267
5040.0 186.96534359
5050.0 187.33742082
5060.0 187.70950087
5070.0 188.081583654
5080.0 188.453669085
5090.0 188.825757076
5100.0 189.19784754
5110.0 189.569940388
5120.0 189.942035534
5130.0 190.314132888
5140.0 190.686232362
5150.0 191.058333869
5160.0 191.430437319
5170.0 191.802542624
5180.0 192.174649695
5190.0 192.546758443
5200.0 192.918868779
5210.0 193.290980614
5220.0 193.663093859
5230.0 194.035208426
5240.0 194.407324225
5250.0 194.779441167
5260.0 195.151559163
5270.0 195.523678126
5280.0 195.895797965
5290.0 196.267918593
5300.0 196.640039921
5310.0 197.012161861
5320.0 197.384284325
5330.0 197.756407225
5340.0 198.128530474
5350.0 198.500653984
5360.0 198.872777668
5370.0 199.24490144
5380.0 199.617025212
5390.0 199.989148899
5400.0 200.361272415
5410.0 200.733395674
5420.0 201.105518592
5430.0 201.477641083
5440.0 201.849763064
5450.0 202.22188445
5460.0 202.594005159
5470.0 202.966125107
5480.0 203.338244212
5490.0 203.710362392
5500.0 204.082479565
5510.0 204.454595652
5520.0 204.82671057
5530.0 205.198824242
5540.0 205.570936587
5550.0 205.943047527
5560.0 206.315156984
5570.0 206.687264881
5580.0 207.059371142
5590.0 207.431475689
5600.0 207.803578449
5610.0 208.175679345
5620.0 208.547778306
5630.0 208.919875256
5640.0 209.291970124
5650.0 209.664062838
5660.0 210.036153328
5670.0 210.408241522
5680.0 210.780327352
5690.0 211.152410749
5700.0 211.524491645
5710.0 211.896569973
5720.0 212.268645667
5730.0 212.640718663
5740.0 213.012788894
5750.0 213.384856298
5760.0 213.756920812
5770.0 214.128982374
5780.0 214.501040923
5790.0 214.8730964
5800.0 215.245148744
5810.0 215.617197898
5820.0 215.989243804