0.0 0.0
120.0 4.50955054635
120.625 4.53206666186
121.25 4.55459153033
122.5 4.59966683681
123.75 4.64477513185
125.0 4.68991514987
126.25 4.73508568957
127.5 4.78028561
128.75 4.82551382701
130.0 4.87076930987
131.25 4.91605107814
132.5 4.96135819876
133.75 5.00668978332
135.0 5.0520449855
136.25 5.09742299868
137.5 5.14282305375
138.75 5.18824441698
140.0 5.23368638809
141.25 5.27914829839
142.5 5.3246295091
143.75 5.37012940973
145.0 5.41564741652
146.25 5.46118297109
147.5 5.50673553906
148.75 5.55230460881
150.0 5.5978896903
151.25 5.64349031397
152.5 5.68910602965
153.75 5.73473640563
155.0 5.78038102773
156.25 5.82603949838
157.5 5.87171143583
158.75 5.91739647338
160.0 5.96309425862
161.25 6.00880445274
162.5 6.05452672992
165.0 6.14600629116
167.5 6.23753057203
170.0 6.32909737328
172.5 6.42070465126
175.0 6.51235050407
177.5 6.60403315911
180.0 6.69575096192
182.5 6.78750236608
185.0 6.87928592412
187.5 6.97110027933
190.0 7.06294415834
192.5 7.15481636439
195.0 7.24671577128
197.5 7.33864131782
200.0 7.43059200284
202.5 7.52256688062
205.0 7.61456505673
207.5 7.70658568428
210.0 7.79862796046
212.5 7.89069112337
215.0 7.98277444919
217.5 8.0748772495
220.0 8.16699886888
222.5 8.25913868272
225.0 8.35129609517
230.0 8.53566146532
235.0 8.72009072072
240.0 8.90457995821
245.0 9.08912558871
250.0 9.27372430192
255.0 9.45837303601
260.0 9.64306895164
265.0 9.82780940947
270.0 10.0125919507
275.0 10.1974142801
280.0 10.3822742511
285.0 10.5671698531
290.0 10.7520991996
295.0 10.9370605185
300.0 11.122052143
305.0 11.3070725032
310.0 11.4921201196
315.0 11.6771935963
320.0 11.8622916151
330.0 12.2325563653
340.0 12.6029051951
350.0 12.9733298849
360.0 13.3438230582
370.0 13.7143780864
380.0 14.0849890063
390.0 14.4556504492
400.0 14.8263575788
410.0 15.1971060359
420.0 15.5678918904
430.0 15.9387115976
440.0 16.3095619604
450.0 16.6804400944
460.0 17.0513433969
470.0 17.4222695195
480.0 17.7932163427
490.0 18.1641819536
500.0 18.5351646255
510.0 18.9061627997
520.0 19.2771750687
530.0 19.6482001616
540.0 20.0192369304
550.0 20.390284338
560.0 20.7613414472
570.0 21.1324074108
580.0 21.5034814629
590.0 21.8745629104
600.0 22.2456511262
610.0 22.6167455426
620.0 22.9878456453
630.0 23.358950968
640.0 23.7300610882
650.0 24.1011756221
660.0 24.4722942214
670.0 24.8434165696
680.0 25.2145423786
690.0 25.5856713866
700.0 25.9568033547
710.0 26.3279380653
720.0 26.6990753197
730.0 27.0702149364
740.0 27.4413567494
750.0 27.8125006068
760.0 28.1836463692
770.0 28.5547939089
780.0 28.9259431084
790.0 29.2970938598
800.0 29.6682460637
810.0 30.0393996283
820.0 30.410554469
830.0 30.7817105075
840.0 31.1528676714
850.0 31.5240258936
860.0 31.8951851117
870.0 32.2663452678
880.0 32.637506308
890.0 33.008668182
900.0 33.3798308431
910.0 33.7509942473
920.0 34.1221583536
930.0 34.4933231237
940.0 34.8644885215
950.0 35.235654513
960.0 35.6068210664
970.0 35.9779881517
980.0 36.3491557405
990.0 36.720323806
1000.0 37.0914923229
1010.0 37.4626612672
1020.0 37.8338306161
1030.0 38.205000348
1040.0 38.5761704424
1050.0 38.9473408796
1060.0 39.318511641
1070.0 39.6896827088
1080.0 40.0608540659
1090.0 40.4320256961
1100.0 40.8031975837
1110.0 41.1743697138
1120.0 41.5455420719
1130.0 41.9167146442
1140.0 42.2878874174
1150.0 42.6590603787
1160.0 43.0302335156
1170.0 43.4014068161
1180.0 43.7725802686
1190.0 44.1437538619
1200.0 44.5149275851
1210.0 44.8861014276
1220.0 45.2572753792
1230.0 45.6284494297
1240.0 45.9996235694
1250.0 46.3707977887
1260.0 46.7419720785
1270.0 47.1131464295
1280.0 47.4843208327
1290.0 47.8554952796
1300.0 48.2266697614
1310.0 48.5978442697
1320.0 48.9690187962
1330.0 49.3401933327
1340.0 49.7113678711
1350.0 50.0825424035
1360.0 50.4537169219
1370.0 50.8248914186
1380.0 51.1960658858
1390.0 51.5672403158
1400.0 51.9384147011
1410.0 52.309589034
1420.0 52.680763307
1430.0 53.0519375126
1440.0 53.4231116433
1450.0 53.7942856918
1460.0 54.1654596504
1470.0 54.5366335118
1480.0 54.9078072685
1490.0 55.278980913
1500.0 55.6501544379
1510.0 56.0213278357
1520.0 56.3925010987
1530.0 56.7636742195
1540.0 57.1348471905
1550.0 57.5060200039
1560.0 57.8771926521
1570.0 58.2483651273
1580.0 58.6195374218
1590.0 58.9907095276
1600.0 59.3618814367
1610.0 59.7330531412
1620.0 60.1042246329
1630.0 60.4753959037
1640.0 60.8465669453
1650.0 61.2177377492
1660.0 61.5889083071
1670.0 61.9600786103
1680.0 62.3312486502
1690.0 62.7024184179
1700.0 63.0735879046
1710.0 63.4447571013
1720.0 63.8159259988
1730.0 64.1870945877
1740.0 64.5582628588
1750.0 64.9294308025
1760.0 65.300598409
1770.0 65.6717656686
1780.0 66.0429325712
1790.0 66.4140991069
1800.0 66.7852652652
1810.0 67.1564310357
1820.0 67.5275964079
1830.0 67.8987613709
1840.0 68.2699259139
1850.0 68.6410900256
1860.0 69.0122536949
1870.0 69.3834169103
1880.0 69.75457966
1890.0 70.1257419323
1900.0 70.4969037151
1910.0 70.8680649961
1920.0 71.239225763
1930.0 71.6103860031
1940.0 71.9815457035
1950.0 72.3527048512
1960.0 72.7238634329
1970.0 73.0950214351
1980.0 73.4661788442
1990.0 73.8373356461
2000.0 74.2084918267
2010.0 74.5796473717
2020.0 74.9508022664
2030.0 75.3219564959
2040.0 75.6931100451
2050.0 76.0642628987
2060.0 76.435415041
2070.0 76.8065664563
2080.0 77.1777171284
2090.0 77.5488670409
2100.0 77.9200161772
2110.0 78.2911645204
2120.0 78.6623120534
2130.0 79.0334587587
2140.0 79.4046046187
2150.0 79.7757496153
2160.0 80.1468937303
2170.0 80.5180369451
2180.0 80.8891792409
2190.0 81.2603205987
2200.0 81.6314609989
2210.0 82.0026004219
2220.0 82.3737388478
2230.0 82.7448762561
2240.0 83.1160126263
2250.0 83.4871479375
2260.0 83.8582821685
2270.0 84.2294152977
2280.0 84.6005473033
2290.0 84.9716781632
2300.0 85.342807855
2310.0 85.7139363557
2320.0 86.0850636423
2330.0 86.4561896915
2340.0 86.8273144793
2350.0 87.1984379818
2360.0 87.5695601744
2370.0 87.9406810326
2380.0 88.3118005311
2390.0 88.6829186446
2400.0 89.0540353473
2410.0 89.4251506132
2420.0 89.7962644157
2430.0 90.1673767282
2440.0 90.5384875234
2450.0 90.909596774
2460.0 91.2807044521
2470.0 91.6518105296
2480.0 92.0229149779
2490.0 92.3940177683
2500.0 92.7651188715
2510.0 93.136218258
2520.0 93.5073158978
2530.0 93.8784117608
2540.0 94.2495058163
2550.0 94.6205980334
2560.0 94.9916883807
2570.0 95.3627768266
2580.0 95.7338633391
2590.0 96.1049478858
2600.0 96.476030434
2610.0 96.8471109507
2620.0 97.2181894024
2630.0 97.5892657554
2640.0 97.9603399755
2650.0 98.3314120283
2660.0 98.7024818789
2670.0 99.0735494923
2680.0 99.4446148328
2690.0 99.8156778647
2700.0 100.186738552
2710.0 100.557796857
2720.0 100.928852745
2730.0 101.299906177
2740.0 101.670957116
2750.0 102.042005524
2760.0 102.413051363
2770.0 102.784094595
2780.0 103.15513518
2790.0 103.526173079
2800.0 103.897208253
2810.0 104.268240663
2820.0 104.639270267
2830.0 105.010297025
2840.0 105.381320898
2850.0 105.752341843
2860.0 106.123359819
2870.0 106.494374785
2880.0 106.865386699
2890.0 107.236395519
2900.0 107.607401201
2910.0 107.978403704
2920.0 108.349402984
2930.0 108.720398998
2940.0 109.091391703
2950.0 109.462381054
2960.0 109.833367007
2970.0 110.204349519
2980.0 110.575328544
2990.0 110.946304038
3000.0 111.317275956
3010.0 111.688244253
3020.0 112.059208882
3030.0 112.4301698
3040.0 112.801126958
3050.0 113.172080313
3060.0 113.543029816
3070.0 113.913975423
3080.0 114.284917086
3090.0 114.655854759
3100.0 115.026788394
3110.0 115.397717945
3120.0 115.768643365
3130.0 116.139564605
3140.0 116.51048162
3150.0 116.881394361
3160.0 117.25230278
3170.0 117.623206831
3180.0 117.994106464
3190.0 118.365001633
3200.0 118.735892289
3210.0 119.106778384
3220.0 119.47765987
3230.0 119.8485367
3240.0 120.219408824
3250.0 120.590276195
3260.0 120.961138765
3270.0 121.331996485
3280.0 121.702849308
3290.0 122.073697185
3300.0 122.444540069
3310.0 122.815377911
3320.0 123.186210663
3330.0 123.557038278
3340.0 123.927860708
3350.0 124.298677904
3360.0 124.669489821
3370.0 125.040296409
3380.0 125.411097622
3390.0 125.781893413
3400.0 126.152683735
3410.0 126.52346854
3420.0 126.894247783
3430.0 127.265021416
3440.0 127.635789394
3450.0 128.00655167
3460.0 128.377308199
3470.0 128.748058935
3480.0 129.118803833
3490.0 129.489542848
3500.0 129.860275935
3510.0 130.23100305
3520.0 130.601724149
3530.0 130.972439187
3540.0 131.343148122
3550.0 131.713850911
3560.0 132.08454751
3570.0 132.455237877
3580.0 132.825921972
3590.0 133.196599751
3600.0 133.567271174
3610.0 133.9379362
3620.0 134.30859479
3630.0 134.679246903
3640.0 135.0498925
3650.0 135.420531543
3660.0 135.791163993
3670.0 136.161789812
3680.0 136.532408964
3690.0 136.903021411
3700.0 137.273627118
3710.0 137.64422605
3720.0 138.01481817
3730.0 138.385403446
3740.0 138.755981843
3750.0 139.126553329
3760.0 139.49711787
3770.0 139.867675436
3780.0 140.238225995
3790.0 140.608769517
3800.0 140.979305972
3810.0 141.349835332
3820.0 141.720357567
3830.0 142.090872652
3840.0 142.461380558
3850.0 142.83188126
3860.0 143.202374733
3870.0 143.572860953
3880.0 143.943339895
3890.0 144.313811538
3900.0 144.684275859
3910.0 145.054732837
3920.0 145.425182452
3930.0 145.795624684
3940.0 146.166059516
3950.0 146.536486929
3960.0 146.906906907
3970.0 147.277319434
3980.0 147.647724495
3990.0 148.018122076
4000.0 148.388512165
4010.0 148.758894749
4020.0 149.129269816
4030.0 149.499637358
4040.0 149.869997365
4050.0 150.240349829
4060.0 150.610694743
4070.0 150.9810321
4080.0 151.351361895
4090.0 151.721684125
4100.0 152.091998786
4110.0 152.462305877
4120.0 152.832605396
4130.0 153.202897344
4140.0 153.573181721
4150.0 153.943458531
4160.0 154.313727776
4170.0 154.68398946
4180.0 155.05424359
4190.0 155.424490172
4200.0 155.794729214
4210.0 156.164960724
4220.0 156.535184712
4230.0 156.90540119
4240.0 157.27561017
4250.0 157.645811665
4260.0 158.016005688
4270.0 158.386192257
4280.0 158.756371388
4290.0 159.126543098
4300.0 159.496707406
4310.0 159.866864333
4320.0 160.2370139
4330.0 160.607156129
4340.0 160.977291044
4350.0 161.347418669
4360.0 161.71753903
4370.0 162.087652155
4380.0 162.457758071
4390.0 162.827856808
4400.0 163.197948395
4410.0 163.568032866
4420.0 163.938110251
4430.0 164.308180586
4440.0 164.678243905
4450.0 165.048300244
4460.0 165.418349641
4470.0 165.788392133
4480.0 166.158427761
4490.0 166.528456564
4500.0 166.898478585
4510.0 167.268493866
4520.0 167.638502451
4530.0 168.008504386
4540.0 168.378499716
4550.0 168.748488488
4560.0 169.118470751
4570.0 169.488446553
4580.0 169.858415946
4590.0 170.228378981
4600.0 170.59833571
4610.0 170.968286186
4620.0 171.338230464
4630.0 171.7081686
4640.0 172.07810065
4650.0 172.448026672
4660.0 172.817946724
4670.0 173.187860865
4680.0 173.557769156
4690.0 173.927671659
4700.0 174.297568435
4710.0 174.667459548
4720.0 175.037345062
4730.0 175.407225042
4740.0 175.777099554
4750.0 176.146968665
4760.0 176.516832442
4770.0 176.886690954
4780.0 177.256544269
4790.0 177.62639246
4800.0 177.996235595
4810.0 178.366073746
4820.0 178.735906987
4830.0 179.105735391
4840.0 179.47555903
4850.0 179.845377981
4860.0 180.215192317
4870.0 180.585002115
4880.0 180.954807452
4890.0 181.324608415
4900.0 181.694405066
4910.0 182.064197493
4920.0 182.433985775
4930.0 182.803769991
4940.0 183.173550221
4950.0 183.543326548
4960.0 183.913099052
4970.0 184.282867814
4980.0 184.652632919
4990.0 185.022394448
5000.0 185.392152486
5010.0 185.761907115
5020.0 186.131658421
5030.0 186.501406488
5040.0 186.871151401
5050.0 187.240893246
5060.0 187.610632108
5070.0 187.980368074
5080.0 188.35010123
5090.0 188.719831663
5100.0 189.08955946
5110.0 189.459284708
5120.0 189.829007495
5130.0 190.198727908
5140.0 190.568446034
5150.0 190.938161963
5160.0 191.307875782
5170.0 191.67758758
5180.0 192.047297444
5190.0 192.417005463
5200.0 192.786711726
5210.0 193.156416321
5220.0 193.526119337
5230.0 193.895820862
5240.0 194.265520984
5250.0 194.635219792
5260.0 195.004917375
5270.0 195.37461382
5280.0 195.744309216
5290.0 196.11400365
5300.0 196.483697211
5310.0 196.853389987
5320.0 197.223082064
5330.0 197.59277353
5340.0 197.962464472
5350.0 198.332154977
5360.0 198.701845132
5370.0 199.071535022
5380.0 199.441224734
5390.0 199.810914353
5400.0 200.180603964
5410.0 200.550293653
5420.0 200.919983503
5430.0 201.2896736
5440.0 201.659364026
5450.0 202.029054864
5460.0 202.398746199
5470.0 202.768438111
5480.0 203.138130683
5490.0 203.507823996
5500.0 203.877518131
5510.0 204.247213167
5520.0 204.616909186
5530.0 204.986606265
5540.0 205.356304483
5550.0 205.726003918
5560.0 206.095704648
5570.0 206.465406749
5580.0 206.835110297
5590.0 207.204815367
5600.0 207.574522034
5610.0 207.944230372
5620.0 208.313940454
5630.0 208.683652353
5640.0 209.053366139
5650.0 209.423081885
5660.0 209.79279966
5670.0 210.162519534
5680.0 210.532241576
5690.0 210.901965853
5700.0 211.271692433
5710.0 211.641421381
5720.0 212.011152763
5730.0 212.380886643
5740.0 212.750623085
5750.0 213.120362153
5760.0 213.490103907
5770.0 213.859848409
5780.0 214.229595719
5790.0 214.599345897
5800.0 214.969098999
5810.0 215.338855085
5820.0 215.70861421