0.0 0.0
120.0 4.50274937558
120.625 4.52523006903
121.25 4.54771951544
122.5 4.59272397785
123.75 4.63776142885
125.0 4.68283060287
126.25 4.72793029859
127.5 4.77305937509
128.75 4.81821674821
130.0 4.86340138721
131.25 4.90861231166
132.5 4.9538485885
133.75 4.99910932931
135.0 5.04439368778
136.25 5.0897008573
137.5 5.13503006874
138.75 5.18038058837
140.0 5.22575171592
141.25 5.27114278271
142.5 5.31655314995
143.75 5.36198220713
145.0 5.40742937052
146.25 5.45289408174
147.5 5.49837580639
148.75 5.54387403287
150.0 5.58938827113
151.25 5.63491805159
152.5 5.68046292412
153.75 5.726022457
155.0 5.77159623602
156.25 5.81718386364
157.5 5.86278495811
158.75 5.90839915271
160.0 5.95402609505
161.25 5.99966544632
162.5 6.04531688068
165.0 6.13665475642
167.5 6.22803735197
170.0 6.31946246808
172.5 6.4109280611
175.0 6.50243222912
177.5 6.59397319957
180.0 6.68554931798
182.5 6.77715903792
185.0 6.86880091193
187.5 6.96047358331
190.0 7.05217577867
192.5 7.14390630129
195.0 7.23566402494
197.5 7.32744788845
200.0 7.41925689064
202.5 7.5110900858
205.0 7.6029465795
207.5 7.69482552486
210.0 7.78672611905
212.5 7.87864760021
215.0 7.97058924449
217.5 8.06255036348
220.0 8.15453030177
222.5 8.24652843475
225.0 8.33854416657
230.0 8.52262617616
235.0 8.70677207196
240.0 8.89097795084
245.0 9.07524022373
250.0 9.25955558035
255.0 9.4439209589
260.0 9.62833352007
265.0 9.81279062455
270.0 9.99728981354
275.0 10.1818287918
280.0 10.366405413
285.0 10.5510176662
290.0 10.7356636653
295.0 10.920341638
300.0 11.1050499175
305.0 11.2897869342
310.0 11.4745512083
315.0 11.6593413442
320.0 11.8441560235
330.0 12.2138540992
340.0 12.5836362604
350.0 12.953494288
360.0 13.3234208056
370.0 13.6934091849
380.0 14.0634534632
390.0 14.433548272
400.0 14.8036887752
410.0 15.1738706141
420.0 15.5440898588
430.0 15.9143429652
440.0 16.2846267364
450.0 16.6549382885
460.0 17.0252750191
470.0 17.3956345802
480.0 17.7660148529
490.0 18.1364139247
500.0 18.5068300693
510.0 18.8772617286
520.0 19.2477074955
530.0 19.6181660996
540.0 19.9886363936
550.0 20.3591173409
560.0 20.7296080049
570.0 21.100107539
580.0 21.4706151778
590.0 21.8411302291
600.0 22.2116520663
610.0 22.5821801225
620.0 22.952713884
630.0 23.3232528854
640.0 23.6937967048
650.0 24.0643449594
660.0 24.4348973017
670.0 24.8054534158
680.0 25.176013015
690.0 25.5465758379
700.0 25.9171416468
710.0 26.2877102251
720.0 26.658281375
730.0 27.0288549162
740.0 27.3994306837
750.0 27.7700085267
760.0 28.1405883071
770.0 28.5111698983
780.0 28.881753184
790.0 29.2523380577
800.0 29.6229244211
810.0 29.9935121841
820.0 30.3641012632
830.0 30.7346915818
840.0 31.1052830689
850.0 31.4758756589
860.0 31.846469291
870.0 32.2170639091
880.0 32.5876594609
890.0 32.958255898
900.0 33.3288531752
910.0 33.6994512506
920.0 34.0700500852
930.0 34.4406496425
940.0 34.8112498885
950.0 35.1818507915
960.0 35.5524523217
970.0 35.9230544514
980.0 36.2936571544
990.0 36.6642604065
1000.0 37.0348641847
1010.0 37.4054684676
1020.0 37.7760732351
1030.0 38.1466784681
1040.0 38.5172841489
1050.0 38.8878902608
1060.0 39.258496788
1070.0 39.6291037158
1080.0 39.9997110301
1090.0 40.370318718
1100.0 40.7409267671
1110.0 41.1115351657
1120.0 41.4821439031
1130.0 41.8527529688
1140.0 42.2233623533
1150.0 42.5939720476
1160.0 42.964582043
1170.0 43.3351923317
1180.0 43.7058029061
1190.0 44.0764137593
1200.0 44.4470248846
1210.0 44.817636276
1220.0 45.1882479278
1230.0 45.5588598346
1240.0 45.9294719916
1250.0 46.3000843941
1260.0 46.6706970381
1270.0 47.0413099195
1280.0 47.411923035
1290.0 47.7825363812
1300.0 48.1531499554
1310.0 48.5237637547
1320.0 48.894377777
1330.0 49.2649920203
1340.0 49.6356064826
1350.0 50.0062211625
1360.0 50.3768360588
1370.0 50.7474511705
1380.0 51.1180664969
1390.0 51.4886820373
1400.0 51.8592977916
1410.0 52.2299137597
1420.0 52.6005299418
1430.0 52.9711463383
1440.0 53.3417629499
1450.0 53.7123797774
1460.0 54.0829968218
1470.0 54.4536140845
1480.0 54.824231567
1490.0 55.1948492709
1500.0 55.5654671981
1510.0 55.9360853507
1520.0 56.3067037311
1530.0 56.6773223418
1540.0 57.0479411855
1550.0 57.418560265
1560.0 57.7891795836
1570.0 58.1597991444
1580.0 58.5304189511
1590.0 58.9010390073
1600.0 59.2716593169
1610.0 59.642279884
1620.0 60.012900713
1630.0 60.3835218082
1640.0 60.7541431745
1650.0 61.1247648166
1660.0 61.4953867397
1670.0 61.8660089491
1680.0 62.2366314503
1690.0 62.6072542489
1700.0 62.9778773509
1710.0 63.3485007624
1720.0 63.7191244896
1730.0 64.0897485391
1740.0 64.4603729176
1750.0 64.830997632
1760.0 65.2016226896
1770.0 65.5722480975
1780.0 65.9428738634
1790.0 66.3134999951
1800.0 66.6841265006
1810.0 67.054753388
1820.0 67.4253806659
1830.0 67.7960083429
1840.0 68.1666364278
1850.0 68.5372649299
1860.0 68.9078938583
1870.0 69.2785232228
1880.0 69.6491530331
1890.0 70.0197832992
1900.0 70.3904140315
1910.0 70.7610452404
1920.0 71.1316769367
1930.0 71.5023091314
1940.0 71.8729418357
1950.0 72.2435750613
1960.0 72.6142088197
1970.0 72.984843123
1980.0 73.3554779835
1990.0 73.7261134136
2000.0 74.0967494262
2010.0 74.4673860343
2020.0 74.8380232511
2030.0 75.2086610904
2040.0 75.5792995658
2050.0 75.9499386916
2060.0 76.3205784821
2070.0 76.691218952
2080.0 77.0618601162
2090.0 77.4325019899
2100.0 77.8031445888
2110.0 78.1737879285
2120.0 78.5444320253
2130.0 78.9150768954
2140.0 79.2857225555
2150.0 79.6563690227
2160.0 80.0270163142
2170.0 80.3976644476
2180.0 80.7683134408
2190.0 81.138963312
2200.0 81.5096140797
2210.0 81.8802657627
2220.0 82.2509183801
2230.0 82.6215719514
2240.0 82.9922264963
2250.0 83.362882035
2260.0 83.7335385878
2270.0 84.1041961755
2280.0 84.4748548191
2290.0 84.84551454
2300.0 85.21617536
2310.0 85.5868373011
2320.0 85.9575003856
2330.0 86.3281646364
2340.0 86.6988300764
2350.0 87.0694967291
2360.0 87.4401646182
2370.0 87.8108337679
2380.0 88.1815042024
2390.0 88.5521759467
2400.0 88.9228490258
2410.0 89.2935234652
2420.0 89.6641992907
2430.0 90.0348765286
2440.0 90.4055552053
2450.0 90.7762353477
2460.0 91.1469169831
2470.0 91.517600139
2480.0 91.8882848434
2490.0 92.2589711247
2500.0 92.6296590114
2510.0 93.0003485326
2520.0 93.3710397177
2530.0 93.7417325964
2540.0 94.1124271988
2550.0 94.4831235553
2560.0 94.8538216968
2570.0 95.2245216545
2580.0 95.5952234598
2590.0 95.9659271447
2600.0 96.3366327415
2610.0 96.7073402826
2620.0 97.0780498012
2630.0 97.4487613304
2640.0 97.819474904
2650.0 98.1901905561
2660.0 98.5609083209
2670.0 98.9316282333
2680.0 99.3023503282
2690.0 99.6730746412
2700.0 100.043801208
2710.0 100.414530065
2720.0 100.785261248
2730.0 101.155994794
2740.0 101.526730741
2750.0 101.897469126
2760.0 102.268209986
2770.0 102.63895336
2780.0 103.009699287
2790.0 103.380447804
2800.0 103.751198952
2810.0 104.12195277
2820.0 104.492709297
2830.0 104.863468574
2840.0 105.23423064
2850.0 105.604995537
2860.0 105.975763306
2870.0 106.346533988
2880.0 106.717307624
2890.0 107.088084257
2900.0 107.458863928
2910.0 107.82964668
2920.0 108.200432556
2930.0 108.571221599
2940.0 108.942013851
2950.0 109.312809357
2960.0 109.68360816
2970.0 110.054410305
2980.0 110.425215834
2990.0 110.796024794
3000.0 111.166837228
3010.0 111.537653182
3020.0 111.908472701
3030.0 112.279295829
3040.0 112.650122613
3050.0 113.020953099
3060.0 113.391787332
3070.0 113.762625358
3080.0 114.133467223
3090.0 114.504312975
3100.0 114.87516266
3110.0 115.246016324
3120.0 115.616874014
3130.0 115.987735778
3140.0 116.358601662
3150.0 116.729471714
3160.0 117.100345981
3170.0 117.471224511
3180.0 117.842107351
3190.0 118.212994548
3200.0 118.583886151
3210.0 118.954782207
3220.0 119.325682764
3230.0 119.69658787
3240.0 120.067497573
3250.0 120.43841192
3260.0 120.809330959
3270.0 121.180254738
3280.0 121.551183306
3290.0 121.922116709
3300.0 122.293054996
3310.0 122.663998214
3320.0 123.034946411
3330.0 123.405899635
3340.0 123.776857934
3350.0 124.147821353
3360.0 124.518789942
3370.0 124.889763746
3380.0 125.260742814
3390.0 125.631727192
3400.0 126.002716926
3410.0 126.373712064
3420.0 126.744712651
3430.0 127.115718734
3440.0 127.486730359
3450.0 127.857747572
3460.0 128.228770418
3470.0 128.599798942
3480.0 128.97083319
3490.0 129.341873206
3500.0 129.712919035
3510.0 130.083970721
3520.0 130.455028307
3530.0 130.826091838
3540.0 131.197161355
3550.0 131.568236903
3560.0 131.939318524
3570.0 132.310406259
3580.0 132.681500151
3590.0 133.05260024
3600.0 133.423706568
3610.0 133.794819175
3620.0 134.1659381
3630.0 134.537063383
3640.0 134.908195064
3650.0 135.27933318
3660.0 135.65047777
3670.0 136.021628871
3680.0 136.392786521
3690.0 136.763950754
3700.0 137.135121608
3710.0 137.506299117
3720.0 137.877483317
3730.0 138.24867424
3740.0 138.619871921
3750.0 138.991076393
3760.0 139.362287686
3770.0 139.733505834
3780.0 140.104730866
3790.0 140.475962813
3800.0 140.847201705
3810.0 141.218447569
3820.0 141.589700433
3830.0 141.960960326
3840.0 142.332227274
3850.0 142.703501301
3860.0 143.074782434
3870.0 143.446070696
3880.0 143.81736611
3890.0 144.188668699
3900.0 144.559978486
3910.0 144.931295489
3920.0 145.30261973
3930.0 145.673951228
3940.0 146.04529
3950.0 146.416636065
3960.0 146.787989438
3970.0 147.159350135
3980.0 147.530718171
3990.0 147.902093559
4000.0 148.273476313
4010.0 148.644866443
4020.0 149.016263962
4030.0 149.387668877
4040.0 149.759081199
4050.0 150.130500936
4060.0 150.501928093
4070.0 150.873362677
4080.0 151.244804694
4090.0 151.616254146
4100.0 151.987711036
4110.0 152.359175366
4120.0 152.730647137
4130.0 153.102126349
4140.0 153.473612999
4150.0 153.845107086
4160.0 154.216608605
4170.0 154.588117553
4180.0 154.959633923
4190.0 155.331157708
4200.0 155.702688901
4210.0 156.074227492
4220.0 156.445773471
4230.0 156.817326827
4240.0 157.188887548
4250.0 157.560455619
4260.0 157.932031026
4270.0 158.303613753
4280.0 158.675203784
4290.0 159.0468011
4300.0 159.418405681
4310.0 159.790017508
4320.0 160.161636559
4330.0 160.533262811
4340.0 160.904896241
4350.0 161.276536823
4360.0 161.648184531
4370.0 162.019839338
4380.0 162.391501216
4390.0 162.763170135
4400.0 163.134846065
4410.0 163.506528972
4420.0 163.878218826
4430.0 164.24991559
4440.0 164.621619231
4450.0 164.993329712
4460.0 165.365046995
4470.0 165.736771041
4480.0 166.108501811
4490.0 166.480239264
4500.0 166.851983358
4510.0 167.223734049
4520.0 167.595491295
4530.0 167.967255048
4540.0 168.339025264
4550.0 168.710801894
4560.0 169.082584889
4570.0 169.454374201
4580.0 169.826169779
4590.0 170.19797157
4600.0 170.569779523
4610.0 170.941593583
4620.0 171.313413696
4630.0 171.685239805
4640.0 172.057071854
4650.0 172.428909785
4660.0 172.800753539
4670.0 173.172603056
4680.0 173.544458276
4690.0 173.916319137
4700.0 174.288185576
4710.0 174.66005753
4720.0 175.031934934
4730.0 175.403817723
4740.0 175.775705831
4750.0 176.14759919
4760.0 176.519497733
4770.0 176.89140139
4780.0 177.263310092
4790.0 177.635223769
4800.0 178.007142349
4810.0 178.379065761
4820.0 178.75099393
4830.0 179.122926785
4840.0 179.494864251
4850.0 179.866806252
4860.0 180.238752713
4870.0 180.610703558
4880.0 180.98265871
4890.0 181.354618081
4900.0 181.726581609
4910.0 182.098549205
4920.0 182.47052079
4930.0 182.842496284
4940.0 183.214475606
4950.0 183.586458675
4960.0 183.95844541
4970.0 184.330435727
4980.0 184.702429544
4990.0 185.074426777
5000.0 185.446427342
5010.0 185.818431156
5020.0 186.190438133
5030.0 186.562448189
5040.0 186.934461237
5050.0 187.306477192
5060.0 187.678495968
5070.0 188.050517477
5080.0 188.422541634
5090.0 188.794568351
5100.0 189.16659754
5110.0 189.538629114
5120.0 189.910662985
5130.0 190.282699064
5140.0 190.654737264
5150.0 191.026777496
5160.0 191.398819672
5170.0 191.770863702
5180.0 192.142909499
5190.0 192.514956972
5200.0 192.887006034
5210.0 193.259056594
5220.0 193.631108565
5230.0 194.003161857
5240.0 194.375216382
5250.0 194.747272049
5260.0 195.119328771
5270.0 195.491386459
5280.0 195.863445024
5290.0 196.235504377
5300.0 196.607564431
5310.0 196.979625097
5320.0 197.351686286
5330.0 197.723747912
5340.0 198.095809886
5350.0 198.467872121
5360.0 198.839934531
5370.0 199.211997028
5380.0 199.584059526
5390.0 199.956121938
5400.0 200.328184179
5410.0 200.700246164
5420.0 201.072307807
5430.0 201.444369024
5440.0 201.816429731
5450.0 202.188489843
5460.0 202.560549277
5470.0 202.93260795
5480.0 203.304665781
5490.0 203.676722686
5500.0 204.048778585
5510.0 204.420833397
5520.0 204.792887041
5530.0 205.164939438
5540.0 205.536990509
5550.0 205.909040174
5560.0 206.281088357
5570.0 206.65313498
5580.0 207.025179965
5590.0 207.397223238
5600.0 207.769264723
5610.0 208.141304345
5620.0 208.513342031
5630.0 208.885377707
5640.0 209.257411301
5650.0 209.62944274
5660.0 210.001471955
5670.0 210.373498875
5680.0 210.74552343
5690.0 211.117545553
5700.0 211.489565174
5710.0 211.861582228
5720.0 212.233596648
5730.0 212.605608368
5740.0 212.977617325
5750.0 213.349623455
5760.0 213.721626694
5770.0 214.093626982
5780.0 214.465624257
5790.0 214.837618458
5800.0 215.209609528
5810.0 215.581597408
5820.0 215.953582039