0.0 0.0
120.0 4.50899907577
120.625 4.53151231903
121.25 4.55403431525
122.5 4.59910387725
123.75 4.6442064278
125.0 4.68934070134
126.25 4.73450549655
127.5 4.7796996725
128.75 4.82492214502
130.0 4.8701718834
131.25 4.91544790718
132.5 4.96074928332
133.75 5.0060751234
135.0 5.05142458109
136.25 5.09679684979
137.5 5.14219116037
138.75 5.18760677912
140.0 5.23304300574
141.25 5.27849917155
142.5 5.32397463778
143.75 5.36946879392
145.0 5.41498105622
146.25 5.46051086631
147.5 5.50605768979
148.75 5.55162101506
150.0 5.59720035207
151.25 5.64279523125
152.5 5.68840520244
153.75 5.73402983394
155.0 5.77966871155
156.25 5.82532143772
157.5 5.87098763068
158.75 5.91666692375
160.0 5.9623589645
161.25 6.00806341414
162.5 6.05377994683
165.0 6.1452480191
167.5 6.236760811
170.0 6.32831612328
172.5 6.41991191229
175.0 6.51154627613
177.5 6.6032174422
180.0 6.69492375604
182.5 6.78666367123
185.0 6.8784357403
187.5 6.97023860654
190.0 7.06207099657
192.5 7.15393171365
195.0 7.24581963157
197.5 7.33773368915
200.0 7.4296728852
202.5 7.521636274
205.0 7.61362296114
207.5 7.70563209972
210.0 7.79766288693
212.5 7.88971456087
215.0 7.98178639772
217.5 8.07387770906
220.0 8.16598783947
222.5 8.25811616434
225.0 8.35026208782
230.0 8.53460448003
235.0 8.71901075749
240.0 8.90347701703
245.0 9.0879996696
250.0 9.27257540486
255.0 9.45720116101
260.0 9.6418740987
265.0 9.82659157859
270.0 10.0113511419
275.0 10.1961504933
280.0 10.3809874864
285.0 10.5658601104
290.0 10.750766479
295.0 10.93570482
300.0 11.1206734665
305.0 11.3056708488
310.0 11.4906954872
315.0 11.675745986
320.0 11.8608210269
330.0 12.2310398212
340.0 12.6013426951
350.0 12.971721429
360.0 13.3421686465
370.0 13.7126777187
380.0 14.0832426827
390.0 14.4538581698
400.0 14.8245193435
410.0 15.1952218448
420.0 15.5659617433
430.0 15.9367354947
440.0 16.3075399016
450.0 16.6783720797
460.0 17.0492294263
470.0 17.420109593
480.0 17.7910104603
490.0 18.1619301154
500.0 18.5328668314
510.0 18.9038190497
520.0 19.2747853628
530.0 19.6457644998
540.0 20.0167553127
550.0 20.3877567645
560.0 20.7587679178
570.0 21.1297879256
580.0 21.5008160217
590.0 21.8718515133
600.0 22.2428937733
610.0 22.6139422338
620.0 22.9849963806
630.0 23.3560557474
640.0 23.7271199117
650.0 24.0981884897
660.0 24.4692611332
670.0 24.8403375254
680.0 25.2114173786
690.0 25.5825004307
700.0 25.953586443
710.0 26.3246751977
720.0 26.6957664962
730.0 27.066860157
740.0 27.4379560141
750.0 27.8090539156
760.0 28.1801537221
770.0 28.5512553059
780.0 28.9223585496
790.0 29.2934633451
800.0 29.6645695931
810.0 30.0356772018
820.0 30.4067860866
830.0 30.7778961693
840.0 31.1490073773
850.0 31.5201196436
860.0 31.8912329058
870.0 32.262347106
880.0 32.6334621903
890.0 33.0045781085
900.0 33.3756948137
910.0 33.746812262
920.0 34.1179304124
930.0 34.4890492266
940.0 34.8601686685
950.0 35.2312887042
960.0 35.6024093017
970.0 35.9735304311
980.0 36.344652064
990.0 36.7157741736
1000.0 37.0868967347
1010.0 37.4580197231
1020.0 37.8291431161
1030.0 38.2002668921
1040.0 38.5713910306
1050.0 38.9425155119
1060.0 39.3136403175
1070.0 39.6847654294
1080.0 40.0558908306
1090.0 40.4270165049
1100.0 40.7981424367
1110.0 41.1692686108
1120.0 41.5403950131
1130.0 41.9115216295
1140.0 42.2826484469
1150.0 42.6537754522
1160.0 43.0249026332
1170.0 43.3960299778
1180.0 43.7671574745
1190.0 44.1382851119
1200.0 44.5094128792
1210.0 44.8805407659
1220.0 45.2516687615
1230.0 45.6227968561
1240.0 45.99392504
1250.0 46.3650533035
1260.0 46.7361816373
1270.0 47.1073100324
1280.0 47.4784384798
1290.0 47.8495669707
1300.0 48.2206954967
1310.0 48.5918240491
1320.0 48.9629526197
1330.0 49.3340812003
1340.0 49.7052097829
1350.0 50.0763383594
1360.0 50.4474669219
1370.0 50.8185954627
1380.0 51.189723974
1390.0 51.5608524482
1400.0 51.9319808775
1410.0 52.3031092545
1420.0 52.6742375717
1430.0 53.0453658214
1440.0 53.4164939963
1450.0 53.7876220888
1460.0 54.1587500916
1470.0 54.5298779971
1480.0 54.9010057979
1490.0 55.2721334866
1500.0 55.6432610556
1510.0 56.0143884974
1520.0 56.3855158046
1530.0 56.7566429695
1540.0 57.1277699846
1550.0 57.4988968421
1560.0 57.8700235345
1570.0 58.2411500538
1580.0 58.6122763924
1590.0 58.9834025423
1600.0 59.3545284955
1610.0 59.7256542442
1620.0 60.09677978
1630.0 60.4679050949
1640.0 60.8390301806
1650.0 61.2101550286
1660.0 61.5812796306
1670.0 61.9524039779
1680.0 62.3235280619
1690.0 62.6946518738
1700.0 63.0657754046
1710.0 63.4368986454
1720.0 63.808021587
1730.0 64.1791442201
1740.0 64.5502665353
1750.0 64.921388523
1760.0 65.2925101737
1770.0 65.6636314774
1780.0 66.0347524242
1790.0 66.4058730039
1800.0 66.7769932063
1810.0 67.148113021
1820.0 67.5192324373
1830.0 67.8903514444
1840.0 68.2614700315
1850.0 68.6325881874
1860.0 69.0037059008
1870.0 69.3748231603
1880.0 69.7459399541
1890.0 70.1170562705
1900.0 70.4881720974
1910.0 70.8592874226
1920.0 71.2304022336
1930.0 71.6015165178
1940.0 71.9726302623
1950.0 72.3437434541
1960.0 72.7148560799
1970.0 73.0859681263
1980.0 73.4570795794
1990.0 73.8281904255
2000.0 74.1993006503
2010.0 74.5704102394
2020.0 74.9415191782
2030.0 75.3126274518
2040.0 75.6837350451
2050.0 76.0548419428
2060.0 76.4259481293
2070.0 76.7970535887
2080.0 77.1681583048
2090.0 77.5392622615
2100.0 77.9103654419
2110.0 78.2814678292
2120.0 78.6525694064
2130.0 79.0236701558
2140.0 79.3947700599
2150.0 79.7658691006
2160.0 80.1369672597
2170.0 80.5080645186
2180.0 80.8791608586
2190.0 81.2502562604
2200.0 81.6213507048
2210.0 81.9924441719
2220.0 82.3635366419
2230.0 82.7346280943
2240.0 83.1057185086
2250.0 83.476807864
2260.0 83.847896139
2270.0 84.2189833124
2280.0 84.5900693622
2290.0 84.9611542662
2300.0 85.332238002
2310.0 85.7033205469
2320.0 86.0744018776
2330.0 86.4454819709
2340.0 86.8165608028
2350.0 87.1876383494
2360.0 87.5587145862
2370.0 87.9297894885
2380.0 88.3008630311
2390.0 88.6719351887
2400.0 89.0430059356
2410.0 89.4140752455
2420.0 89.7851430922
2430.0 90.1562094488
2440.0 90.5272742881
2450.0 90.8983375828
2460.0 91.269399305
2470.0 91.6404594266
2480.0 92.0115179191
2490.0 92.3825747536
2500.0 92.7536299009
2510.0 93.1246833315
2520.0 93.4957350155
2530.0 93.8667849226
2540.0 94.2378330222
2550.0 94.6088792834
2560.0 94.9799236748
2570.0 95.3509661648
2580.0 95.7220067214
2590.0 96.0930453123
2600.0 96.4640819046
2610.0 96.8351164654
2620.0 97.2061489612
2630.0 97.5771793583
2640.0 97.9482076225
2650.0 98.3192337194
2660.0 98.6902576142
2670.0 99.0612792717
2680.0 99.4322986563
2690.0 99.8033157324
2700.0 100.174330464
2710.0 100.545342813
2720.0 100.916352745
2730.0 101.287360221
2740.0 101.658365204
2750.0 102.029367656
2760.0 102.40036754
2770.0 102.771364815
2780.0 103.142359444
2790.0 103.513351388
2800.0 103.884340606
2810.0 104.25532706
2820.0 104.626310708
2830.0 104.997291511
2840.0 105.368269427
2850.0 105.739244416
2860.0 106.110216437
2870.0 106.481185447
2880.0 106.852151405
2890.0 107.223114269
2900.0 107.594073995
2910.0 107.965030542
2920.0 108.335983867
2930.0 108.706933925
2940.0 109.077880673
2950.0 109.448824069
2960.0 109.819764066
2970.0 110.190700622
2980.0 110.561633691
2990.0 110.93256323
3000.0 111.303489192
3010.0 111.674411532
3020.0 112.045330206
3030.0 112.416245167
3040.0 112.78715637
3050.0 113.158063769
3060.0 113.528967316
3070.0 113.899866967
3080.0 114.270762674
3090.0 114.641654391
3100.0 115.01254207
3110.0 115.383425666
3120.0 115.754305129
3130.0 116.125180414
3140.0 116.496051473
3150.0 116.866918258
3160.0 117.237780722
3170.0 117.608638816
3180.0 117.979492494
3190.0 118.350341706
3200.0 118.721186406
3210.0 119.092026546
3220.0 119.462862076
3230.0 119.83369295
3240.0 120.204519118
3250.0 120.575340533
3260.0 120.946157147
3270.0 121.316968912
3280.0 121.687775779
3290.0 122.0585777
3300.0 122.429374628
3310.0 122.800166514
3320.0 123.17095331
3330.0 123.541734969
3340.0 123.912511443
3350.0 124.283282684
3360.0 124.654048644
3370.0 125.024809277
3380.0 125.395564534
3390.0 125.766314369
3400.0 126.137058735
3410.0 126.507797584
3420.0 126.878530871
3430.0 127.249258548
3440.0 127.61998057
3450.0 127.990696891
3460.0 128.361407464
3470.0 128.732112244
3480.0 129.102811186
3490.0 129.473504245
3500.0 129.844191376
3510.0 130.214872535
3520.0 130.585547678
3530.0 130.956216761
3540.0 131.32687974
3550.0 131.697536572
3560.0 132.068187216
3570.0 132.438831627
3580.0 132.809469766
3590.0 133.180101589
3600.0 133.550727056
3610.0 133.921346127
3620.0 134.29195876
3630.0 134.662564918
3640.0 135.033164559
3650.0 135.403757646
3660.0 135.77434414
3670.0 136.144924003
3680.0 136.515497199
3690.0 136.886063691
3700.0 137.256623442
3710.0 137.627176417
3720.0 137.997722582
3730.0 138.368261902
3740.0 138.738794343
3750.0 139.109319873
3760.0 139.479838458
3770.0 139.850350068
3780.0 140.220854671
3790.0 140.591352237
3800.0 140.961842737
3810.0 141.33232614
3820.0 141.70280242
3830.0 142.073271549
3840.0 142.443733499
3850.0 142.814188245
3860.0 143.184635763
3870.0 143.555076026
3880.0 143.925509013
3890.0 144.295934699
3900.0 144.666353064
3910.0 145.036764087
3920.0 145.407167746
3930.0 145.777564022
3940.0 146.147952898
3950.0 146.518334355
3960.0 146.888708377
3970.0 147.259074948
3980.0 147.629434054
3990.0 147.999785679
4000.0 148.370129812
4010.0 148.74046644
4020.0 149.110795552
4030.0 149.481117138
4040.0 149.851431189
4050.0 150.221737697
4060.0 150.592036654
4070.0 150.962328055
4080.0 151.332611895
4090.0 151.702888169
4100.0 152.073156874
4110.0 152.443418009
4120.0 152.813671572
4130.0 153.183917564
4140.0 153.554155986
4150.0 153.924386839
4160.0 154.294610128
4170.0 154.664825857
4180.0 155.035034031
4190.0 155.405234658
4200.0 155.775427743
4210.0 156.145613297
4220.0 156.51579133
4230.0 156.885961852
4240.0 157.256124876
4250.0 157.626280415
4260.0 157.996428483
4270.0 158.366569096
4280.0 158.73670227
4290.0 159.106828024
4300.0 159.476946377
4310.0 159.847057348
4320.0 160.217160959
4330.0 160.587257232
4340.0 160.957346191
4350.0 161.32742786
4360.0 161.697502265
4370.0 162.067569434
4380.0 162.437629394
4390.0 162.807682175
4400.0 163.177727807
4410.0 163.547766322
4420.0 163.917797751
4430.0 164.28782213
4440.0 164.657839493
4450.0 165.027849877
4460.0 165.397853317
4470.0 165.767849854
4480.0 166.137839526
4490.0 166.507822373
4500.0 166.877798438
4510.0 167.247767763
4520.0 167.617730393
4530.0 167.987686371
4540.0 168.357635745
4550.0 168.727578561
4560.0 169.097514868
4570.0 169.467444715
4580.0 169.837368152
4590.0 170.207285231
4600.0 170.577196004
4610.0 170.947100524
4620.0 171.316998847
4630.0 171.686891027
4640.0 172.056777121
4650.0 172.426657187
4660.0 172.796531283
4670.0 173.166399468
4680.0 173.536261803
4690.0 173.90611835
4700.0 174.27596917
4710.0 174.645814328
4720.0 175.015653886
4730.0 175.38548791
4740.0 175.755316466
4750.0 176.125139621
4760.0 176.494957442
4770.0 176.864769998
4780.0 177.234577358
4790.0 177.604379592
4800.0 177.974176771
4810.0 178.343968967
4820.0 178.713756252
4830.0 179.0835387
4840.0 179.453316383
4850.0 179.823089378
4860.0 180.192857758
4870.0 180.562621601
4880.0 180.932380982
4890.0 181.302135989
4900.0 181.671886684
4910.0 182.041633155
4920.0 182.411375481
4930.0 182.781113741
4940.0 183.150848015
4950.0 183.520578386
4960.0 183.890304934
4970.0 184.260027741
4980.0 184.62974689
4990.0 184.999462463
5000.0 185.369174545
5010.0 185.738883218
5020.0 186.108588568
5030.0 186.478290679
5040.0 186.847989636
5050.0 187.217685525
5060.0 187.587378432
5070.0 187.957068442
5080.0 188.326755642
5090.0 188.696440119
5100.0 189.06612196
5110.0 189.435801252
5120.0 189.805478083
5130.0 190.17515254
5140.0 190.544824711
5150.0 190.914494684
5160.0 191.284162547
5170.0 191.653828389
5180.0 192.023492297
5190.0 192.39315436
5200.0 192.762814667
5210.0 193.132473307
5220.0 193.502130366
5230.0 193.871785935
5240.0 194.241440101
5250.0 194.611092954
5260.0 194.980744581
5270.0 195.35039507
5280.0 195.72004451
5290.0 196.089692988
5300.0 196.459340594
5310.0 196.828987413
5320.0 197.198633534
5330.0 197.568279045
5340.0 197.937924031
5350.0 198.30756858
5360.0 198.677212779
5370.0 199.046856713
5380.0 199.416500469
5390.0 199.786144132
5400.0 200.155787788
5410.0 200.525431521
5420.0 200.895075415
5430.0 201.264719556
5440.0 201.634364026
5450.0 202.004008909
5460.0 202.373654287
5470.0 202.743300243
5480.0 203.112946859
5490.0 203.482594216
5500.0 203.852242395
5510.0 204.221891476
5520.0 204.591541539
5530.0 204.961192662
5540.0 205.330844924
5550.0 205.700498404
5560.0 206.070153178
5570.0 206.439809323
5580.0 206.809466915
5590.0 207.179126029
5600.0 207.54878674
5610.0 207.918449122
5620.0 208.288113248
5630.0 208.657779191
5640.0 209.027447022
5650.0 209.397116812
5660.0 209.766788631
5670.0 210.136462549
5680.0 210.506138635
5690.0 210.875816956
5700.0 211.24549758
5710.0 211.615180572
5720.0 211.984865998
5730.0 212.354553922
5740.0 212.724244409
5750.0 213.093937521
5760.0 213.463633319
5770.0 213.833331865
5780.0 214.203033219
5790.0 214.572737441
5800.0 214.942444588
5810.0 215.312154717
5820.0 215.681867887