0.0 0.0
120.0 4.49569025224
120.625 4.51813417871
121.25 4.54058685814
122.5 4.58551778657
123.75 4.63048170354
125.0 4.6754773435
126.25 4.72050350513
127.5 4.7655590475
128.75 4.81064288644
130.0 4.85575399124
131.25 4.90089138145
132.5 4.94605412401
133.75 4.9912413305
135.0 5.03645215462
136.25 5.08168578974
137.5 5.12694146674
138.75 5.17221845191
140.0 5.21751604495
141.25 5.26283357719
142.5 5.30817040984
143.75 5.3535259324
145.0 5.39889956112
146.25 5.44429073763
147.5 5.48969892754
148.75 5.53512361923
150.0 5.58056432266
151.25 5.62602056826
152.5 5.67149190587
153.75 5.71697790379
155.0 5.76247814783
156.25 5.80799224041
157.5 5.8535197998
158.75 5.89906045929
160.0 5.94461386646
161.25 5.99017968252
162.5 6.03575758164
165.0 6.12694838675
167.5 6.21818391149
170.0 6.30946195662
172.5 6.40078047847
175.0 6.49213757515
177.5 6.58353147406
180.0 6.67496052075
182.5 6.76642316878
185.0 6.85791797069
187.5 6.94944356977
190.0 7.04099869265
192.5 7.13258214257
195.0 7.22419279334
197.5 7.31582958375
200.0 7.40749151265
202.5 7.49917763429
205.0 7.59088705427
207.5 7.6826189257
210.0 7.77437244575
212.5 7.86614685254
215.0 7.95794142223
217.5 8.04975546641
220.0 8.14158832966
222.5 8.23343938738
225.0 8.3253080437
230.0 8.5090959016
235.0 8.69294764474
240.0 8.87685936998
245.0 9.06082748822
250.0 9.24484868917
255.0 9.42891991101
260.0 9.61303831438
265.0 9.79720125996
270.0 9.98140628893
275.0 10.165651106
280.0 10.3499335648
285.0 10.5342516545
290.0 10.7186034888
295.0 10.9029872955
300.0 11.0874014077
305.0 11.2718442556
310.0 11.4563143598
315.0 11.6408103242
320.0 11.8253308308
330.0 12.1944405565
340.0 12.5636343618
350.0 12.9329040271
360.0 13.3022421759
370.0 13.6716421795
380.0 14.0410980749
390.0 14.4106044934
400.0 14.7801565984
410.0 15.149750031
420.0 15.519380861
430.0 15.8890455437
440.0 16.258740882
450.0 16.6284639915
460.0 16.9982122695
470.0 17.3679833675
480.0 17.7377751662
490.0 18.1075857526
500.0 18.4774134
510.0 18.8472565497
520.0 19.2171137942
530.0 19.5869838626
540.0 19.9568656069
550.0 20.3267579899
560.0 20.6966600746
570.0 21.0665710138
580.0 21.4364900413
590.0 21.8064164643
600.0 22.1763496556
610.0 22.5462890475
620.0 22.9162341257
630.0 23.2861844239
640.0 23.6561395196
650.0 24.026099029
660.0 24.3960626038
670.0 24.7660299274
680.0 25.136000712
690.0 25.5059746954
700.0 25.875951639
710.0 26.2459313251
720.0 26.615913555
730.0 26.9858981472
740.0 27.3558849357
750.0 27.7258737685
760.0 28.0958645064
770.0 28.4658570216
780.0 28.8358511966
790.0 29.2058469236
800.0 29.5758441029
810.0 29.945842643
820.0 30.3158424592
830.0 30.6858434732
840.0 31.0558456126
850.0 31.4258488102
860.0 31.7958530038
870.0 32.1658581354
880.0 32.5358641511
890.0 32.9058710007
900.0 33.2758786372
910.0 33.6458870169
920.0 34.0158960987
930.0 34.3859058443
940.0 34.7559162175
950.0 35.1259271846
960.0 35.4959387135
970.0 35.8659507742
980.0 36.2359633385
990.0 36.6059763795
1000.0 36.9759898719
1010.0 37.3460037917
1020.0 37.7160181161
1030.0 38.0860328235
1040.0 38.4560478933
1050.0 38.826063306
1060.0 39.1960790429
1070.0 39.5660950862
1080.0 39.9361114189
1090.0 40.3061280245
1100.0 40.6761448876
1110.0 41.0461619932
1120.0 41.4161793268
1130.0 41.7861968746
1140.0 42.1562146233
1150.0 42.5262325601
1160.0 42.8962506724
1170.0 43.2662689484
1180.0 43.6362873764
1190.0 44.0063059452
1200.0 44.376324644
1210.0 44.746343462
1220.0 45.116362389
1230.0 45.486381415
1240.0 45.8564005302
1250.0 46.226419725
1260.0 46.5964389902
1270.0 46.9664583167
1280.0 47.3364776955
1290.0 47.7064971178
1300.0 48.0765165751
1310.0 48.4465360589
1320.0 48.8165555609
1330.0 49.1865750729
1340.0 49.5565945868
1350.0 49.9266140947
1360.0 50.2966335886
1370.0 50.6666530607
1380.0 51.0366725034
1390.0 51.4066919089
1400.0 51.7767112697
1410.0 52.1467305781
1420.0 52.5167498266
1430.0 52.8867690077
1440.0 53.2567881139
1450.0 53.6268071379
1460.0 53.996826072
1470.0 54.3668449089
1480.0 54.7368636411
1490.0 55.1068822611
1500.0 55.4769007615
1510.0 55.8469191347
1520.0 56.2169373732
1530.0 56.5869554695
1540.0 56.956973416
1550.0 57.3269912049
1560.0 57.6970088286
1570.0 58.0670262793
1580.0 58.4370435492
1590.0 58.8070606305
1600.0 59.1770775151
1610.0 59.5470941951
1620.0 59.9171106624
1630.0 60.2871269086
1640.0 60.6571429257
1650.0 61.0271587051
1660.0 61.3971742385
1670.0 61.7671895172
1680.0 62.1372045325
1690.0 62.5072192758
1700.0 62.877233738
1710.0 63.2472479101
1720.0 63.6172617831
1730.0 63.9872753475
1740.0 64.3572885941
1750.0 64.7273015132
1760.0 65.0973140953
1770.0 65.4673263303
1780.0 65.8373382085
1790.0 66.2073497196
1800.0 66.5773608534
1810.0 66.9473715994
1820.0 67.3173819471
1830.0 67.6873918856
1840.0 68.0574014041
1850.0 68.4274104913
1860.0 68.7974191361
1870.0 69.1674273269
1880.0 69.5374350522
1890.0 69.9074422999
1900.0 70.2774490582
1910.0 70.6474553147
1920.0 71.0174610571
1930.0 71.3874662727
1940.0 71.7574709486
1950.0 72.1274750717
1960.0 72.4974786289
1970.0 72.8674816067
1980.0 73.2374839912
1990.0 73.6074857686
2000.0 73.9774869248
2010.0 74.3474874452
2020.0 74.7174873154
2030.0 75.0874865204
2040.0 75.4574850451
2050.0 75.8274828742
2060.0 76.197479992
2070.0 76.5674763828
2080.0 76.9374720303
2090.0 77.3074669183
2100.0 77.6774610301
2110.0 78.0474543489
2120.0 78.4174468573
2130.0 78.7874385381
2140.0 79.1574293736
2150.0 79.5274193457
2160.0 79.8974084361
2170.0 80.2673966265
2180.0 80.6373838978
2190.0 81.007370231
2200.0 81.3773556068
2210.0 81.7473400053
2220.0 82.1173234066
2230.0 82.4873057904
2240.0 82.8572871361
2250.0 83.2272674228
2260.0 83.5972466292
2270.0 83.967224734
2280.0 84.3372017151
2290.0 84.7071775505
2300.0 85.0771522177
2310.0 85.4471256939
2320.0 85.8170979561
2330.0 86.1870689807
2340.0 86.557038744
2350.0 86.927007222
2360.0 87.2969743901
2370.0 87.6669402238
2380.0 88.0369046978
2390.0 88.4068677868
2400.0 88.776829465
2410.0 89.1467897063
2420.0 89.5167484843
2430.0 89.8867057723
2440.0 90.256661543
2450.0 90.6266157691
2460.0 90.9965684227
2470.0 91.3665194757
2480.0 91.7364688995
2490.0 92.1064166654
2500.0 92.4763627441
2510.0 92.846307106
2520.0 93.2162497214
2530.0 93.5861905598
2540.0 93.9561295908
2550.0 94.3260667834
2560.0 94.6960021062
2570.0 95.0659355276
2580.0 95.4358670155
2590.0 95.8057965378
2600.0 96.1757240615
2610.0 96.5456495536
2620.0 96.9155729808
2630.0 97.2854943093
2640.0 97.6554135049
2650.0 98.0253305332
2660.0 98.3952453593
2670.0 98.7651579481
2680.0 99.1350682642
2690.0 99.5049762716
2700.0 99.8748819341
2710.0 100.244785215
2720.0 100.614686078
2730.0 100.984584486
2740.0 101.3544804
2750.0 101.724373784
2760.0 102.094264598
2770.0 102.464152805
2780.0 102.834038366
2790.0 103.203921241
2800.0 103.573801391
2810.0 103.943678775
2820.0 104.313553355
2830.0 104.683425089
2840.0 105.053293937
2850.0 105.423159858
2860.0 105.793022809
2870.0 106.162882751
2880.0 106.532739641
2890.0 106.902593435
2900.0 107.272444094
2910.0 107.642291572
2920.0 108.012135827
2930.0 108.381976817
2940.0 108.751814497
2950.0 109.121648823
2960.0 109.491479752
2970.0 109.86130724
2980.0 110.23113124
2990.0 110.60095171
3000.0 110.970768603
3010.0 111.340581875
3020.0 111.710391481
3030.0 112.080197373
3040.0 112.449999507
3050.0 112.819797837
3060.0 113.189592316
3070.0 113.559382898
3080.0 113.929169537
3090.0 114.298952185
3100.0 114.668730796
3110.0 115.038505322
3120.0 115.408275717
3130.0 115.778041934
3140.0 116.147803924
3150.0 116.51756164
3160.0 116.887315035
3170.0 117.257064061
3180.0 117.62680867
3190.0 117.996548814
3200.0 118.366284446
3210.0 118.736015516
3220.0 119.105741978
3230.0 119.475463783
3240.0 119.845180883
3250.0 120.214893229
3260.0 120.584600775
3270.0 120.954303471
3280.0 121.324001269
3290.0 121.693694122
3300.0 122.063381981
3310.0 122.433064798
3320.0 122.802742526
3330.0 123.172415116
3340.0 123.542082521
3350.0 123.911744694
3360.0 124.281401585
3370.0 124.651053149
3380.0 125.020699338
3390.0 125.390340104
3400.0 125.759975402
3410.0 126.129605182
3420.0 126.4992294
3430.0 126.868848009
3440.0 127.238460963
3450.0 127.608068214
3460.0 127.977669719
3470.0 128.34726543
3480.0 128.716855304
3490.0 129.086439294
3500.0 129.456017357
3510.0 129.825589447
3520.0 130.195155521
3530.0 130.564715535
3540.0 130.934269446
3550.0 131.30381721
3560.0 131.673358784
3570.0 132.042894127
3580.0 132.412423197
3590.0 132.781945952
3600.0 133.15146235
3610.0 133.520972352
3620.0 133.890475917
3630.0 134.259973006
3640.0 134.629463578
3650.0 134.998947597
3660.0 135.368425022
3670.0 135.737895817
3680.0 136.107359944
3690.0 136.476817367
3700.0 136.84626805
3710.0 137.215711956
3720.0 137.585149053
3730.0 137.954579304
3740.0 138.324002676
3750.0 138.693419137
3760.0 139.062828654
3770.0 139.432231196
3780.0 139.80162673
3790.0 140.171015228
3800.0 140.540396658
3810.0 140.909770993
3820.0 141.279138204
3830.0 141.648498264
3840.0 142.017851146
3850.0 142.387196824
3860.0 142.756535272
3870.0 143.125866467
3880.0 143.495190385
3890.0 143.864507003
3900.0 144.2338163
3910.0 144.603118253
3920.0 144.972412844
3930.0 145.341700052
3940.0 145.710979859
3950.0 146.080252247
3960.0 146.449517201
3970.0 146.818774703
3980.0 147.18802474
3990.0 147.557267297
4000.0 147.926502361
4010.0 148.29572992
4020.0 148.664949964
4030.0 149.034162481
4040.0 149.403367463
4050.0 149.772564903
4060.0 150.141754792
4070.0 150.510937124
4080.0 150.880111895
4090.0 151.2492791
4100.0 151.618438737
4110.0 151.987590803
4120.0 152.356735298
4130.0 152.725872221
4140.0 153.095001574
4150.0 153.464123359
4160.0 153.833237579
4170.0 154.20234424
4180.0 154.571443345
4190.0 154.940534903
4200.0 155.30961892
4210.0 155.678695405
4220.0 156.047764369
4230.0 156.416825823
4240.0 156.785879778
4250.0 157.154926248
4260.0 157.523965247
4270.0 157.892996792
4280.0 158.262020898
4290.0 158.631037583
4300.0 159.000046867
4310.0 159.369048769
4320.0 159.738043312
4330.0 160.107030516
4340.0 160.476010406
4350.0 160.844983007
4360.0 161.213948344
4370.0 161.582906444
4380.0 161.951857336
4390.0 162.320801048
4400.0 162.689737611
4410.0 163.058667057
4420.0 163.427589418
4430.0 163.796504728
4440.0 164.165413023
4450.0 164.534314338
4460.0 164.90320871
4470.0 165.272096177
4480.0 165.64097678
4490.0 166.009850559
4500.0 166.378717556
4510.0 166.747577812
4520.0 167.116431373
4530.0 167.485278283
4540.0 167.854118588
4550.0 168.222952336
4560.0 168.591779574
4570.0 168.960600352
4580.0 169.329414721
4590.0 169.698222731
4600.0 170.067024435
4610.0 170.435819887
4620.0 170.804609141
4630.0 171.173392252
4640.0 171.542169278
4650.0 171.910940275
4660.0 172.279705302
4670.0 172.648464419
4680.0 173.017217686
4690.0 173.385965164
4700.0 173.754706915
4710.0 174.123443004
4720.0 174.492173494
4730.0 174.860898449
4740.0 175.229617937
4750.0 175.598332023
4760.0 175.967040775
4770.0 176.335744262
4780.0 176.704442554
4790.0 177.073135719
4800.0 177.44182383
4810.0 177.810506957
4820.0 178.179185174
4830.0 178.547858553
4840.0 178.916527168
4850.0 179.285191093
4860.0 179.653850405
4870.0 180.022505179
4880.0 180.391155491
4890.0 180.75980143
4900.0 181.128443057
4910.0 181.497080459
4920.0 181.865713716
4930.0 182.234342907
4940.0 182.602968114
4950.0 182.971589416
4960.0 183.340206895
4970.0 183.708820633
4980.0 184.077430713
4990.0 184.446037218
5000.0 184.814640231
5010.0 185.183239836
5020.0 185.551836117
5030.0 185.920429159
5040.0 186.289019048
5050.0 186.657605868
5060.0 187.026189706
5070.0 187.394770648
5080.0 187.763348779
5090.0 188.131924188
5100.0 188.50049696
5110.0 188.869067184
5120.0 189.237634946
5130.0 189.606200334
5140.0 189.974763436
5150.0 190.343324341
5160.0 190.711883135
5170.0 191.080439908
5180.0 191.448994748
5190.0 191.817547743
5200.0 192.186098981
5210.0 192.554648552
5220.0 192.923196543
5230.0 193.291743043
5240.0 193.660288141
5250.0 194.028831924
5260.0 194.397374482
5270.0 194.765915903
5280.0 195.134456274
5290.0 195.502995684
5300.0 195.871534221
5310.0 196.240071972
5320.0 196.608609025
5330.0 196.977145466
5340.0 197.345681384
5350.0 197.714216865
5360.0 198.082751995
5370.0 198.45128686
5380.0 198.819821548
5390.0 199.188356142
5400.0 199.556890729
5410.0 199.925425393
5420.0 200.293960219
5430.0 200.662495291
5440.0 201.031030692
5450.0 201.399566507
5460.0 201.768102816
5470.0 202.136639704
5480.0 202.505177252
5490.0 202.87371554
5500.0 203.24225465
5510.0 203.610794662
5520.0 203.979335656
5530.0 204.347877711
5540.0 204.716420905
5550.0 205.084965316
5560.0 205.453511021
5570.0 205.822058097
5580.0 206.190606621
5590.0 206.559156666
5600.0 206.927708309
5610.0 207.296261622
5620.0 207.66481668
5630.0 208.033373554
5640.0 208.401932316
5650.0 208.770493037
5660.0 209.139055788
5670.0 209.507620637
5680.0 209.876187655
5690.0 210.244756907
5700.0 210.613328462
5710.0 210.981902385
5720.0 211.350478743
5730.0 211.719057599
5740.0 212.087639017
5750.0 212.45622306
5760.0 212.82480979
5770.0 213.193399267
5780.0 213.561991553
5790.0 213.930586705
5800.0 214.299184784
5810.0 214.667785845
5820.0 215.036389945