0.0 0.0
120.0 4.50256525224
120.625 4.525044986
121.25 4.54753347273
122.5 4.59253601573
123.75 4.63757154729
125.0 4.68263880183
126.25 4.72773657805
127.5 4.772863735
128.75 4.81801918853
130.0 4.86320190791
131.25 4.9084109127
132.5 4.95364526984
133.75 4.99890409092
135.0 5.04418652962
136.25 5.08949177932
137.5 5.13481907091
138.75 5.18016767066
140.0 5.22553687828
141.25 5.27092602511
142.5 5.31633447234
143.75 5.36176160948
145.0 5.40720685279
146.25 5.45266964388
147.5 5.49814944837
148.75 5.54364575464
150.0 5.58915807266
151.25 5.63468593284
152.5 5.68022888504
153.75 5.72578649754
155.0 5.77135835616
156.25 5.81694406333
157.5 5.8625432373
158.75 5.90815551137
160.0 5.95378053313
161.25 5.99941796377
162.5 6.04506747747
165.0 6.13640151175
167.5 6.22778026566
170.0 6.31920153995
172.5 6.41066329097
175.0 6.50216361681
177.5 6.5937007449
180.0 6.68527302075
182.5 6.77687889795
185.0 6.86851692902
187.5 6.96018575727
190.0 7.05188410932
192.5 7.14361078841
195.0 7.23536466834
197.5 7.32714468792
200.0 7.41894984598
202.5 7.51077919679
205.0 7.60263184594
207.5 7.69450694653
210.0 7.78640369575
212.5 7.87832133171
215.0 7.97025913057
217.5 8.06221640391
220.0 8.15419249633
222.5 8.24618678321
225.0 8.3381986687
230.0 8.52227298493
235.0 8.70641118641
240.0 8.89060936998
245.0 9.07486394656
250.0 9.25917160584
255.0 9.44352928601
260.0 9.62793414771
265.0 9.81238355163
270.0 9.99687503893
275.0 10.1814063144
280.0 10.3659752315
285.0 10.5505797795
290.0 10.7352180721
295.0 10.9198883372
300.0 11.1045889077
305.0 11.289318214
310.0 11.4740747765
315.0 11.6588571992
320.0 11.8436641642
330.0 12.2133468065
340.0 12.5831135285
350.0 12.9529561104
360.0 13.3228671759
370.0 13.6928400962
380.0 14.0628689082
390.0 14.4329482434
400.0 14.8030732651
410.0 15.1732396144
420.0 15.543443361
430.0 15.9136809603
440.0 16.2839492153
450.0 16.6542452415
460.0 17.0245664361
470.0 17.3949104509
480.0 17.7652751662
490.0 18.1356586693
500.0 18.5060592334
510.0 18.8764752997
520.0 19.2469054609
530.0 19.6173484459
540.0 19.9878031069
550.0 20.3582684066
560.0 20.728743408
570.0 21.0992272638
580.0 21.469719208
590.0 21.8402185476
600.0 22.2107246556
610.0 22.5812369642
620.0 22.951754959
630.0 23.3222781739
640.0 23.6928061862
650.0 24.0633386123
660.0 24.4338751038
670.0 24.8044153441
680.0 25.1749590453
690.0 25.5455059454
700.0 25.9160558057
710.0 26.2866084084
720.0 26.657163555
730.0 27.0277210638
740.0 27.398280769
750.0 27.7688425185
760.0 28.1394061731
770.0 28.5099716049
780.0 28.8805386966
790.0 29.2511073402
800.0 29.6216774362
810.0 29.992248893
820.0 30.3628216258
830.0 30.7333955565
840.0 31.1039706126
850.0 31.4745467269
860.0 31.8451238371
870.0 32.2157018854
880.0 32.5862808178
890.0 32.956860584
900.0 33.3274411372
910.0 33.6980224335
920.0 34.0686044321
930.0 34.4391870943
940.0 34.8097703842
950.0 35.1803542679
960.0 35.5509387135
970.0 35.9215236909
980.0 36.2921091719
990.0 36.6626951295
1000.0 37.0332815386
1010.0 37.403868375
1020.0 37.7744556161
1030.0 38.1450432402
1040.0 38.5156312267
1050.0 38.886219556
1060.0 39.2568082096
1070.0 39.6273971696
1080.0 39.9979864189
1090.0 40.3685759412
1100.0 40.739165721
1110.0 41.1097557432
1120.0 41.4803459935
1130.0 41.850936458
1140.0 42.2215271233
1150.0 42.5921179767
1160.0 42.9627090057
1170.0 43.3333001984
1180.0 43.7038915431
1190.0 44.0744830286
1200.0 44.445074644
1210.0 44.8156663786
1220.0 45.1862582223
1230.0 45.556850165
1240.0 45.9274421968
1250.0 46.2980343084
1260.0 46.6686264902
1270.0 47.0392187334
1280.0 47.4098110288
1290.0 47.7804033678
1300.0 48.1509957418
1310.0 48.5215881422
1320.0 48.8921805609
1330.0 49.2627729895
1340.0 49.6333654201
1350.0 50.0039578447
1360.0 50.3745502552
1370.0 50.7451426441
1380.0 51.1157350034
1390.0 51.4863273256
1400.0 51.856919603
1410.0 52.2275118281
1420.0 52.5981039932
1430.0 52.968696091
1440.0 53.3392881139
1450.0 53.7098800545
1460.0 54.0804719053
1470.0 54.4510636589
1480.0 54.8216553077
1490.0 55.1922468444
1500.0 55.5628382615
1510.0 55.9334295514
1520.0 56.3040207066
1530.0 56.6746117195
1540.0 57.0452025826
1550.0 57.4157932882
1560.0 57.7863838286
1570.0 58.156974196
1580.0 58.5275643826
1590.0 58.8981543805
1600.0 59.2687441818
1610.0 59.6393337785
1620.0 60.0099231624
1630.0 60.3805123253
1640.0 60.751101259
1650.0 61.1216899551
1660.0 61.4922784051
1670.0 61.8628666005
1680.0 62.2334545325
1690.0 62.6040421924
1700.0 62.9746295713
1710.0 63.3452166601
1720.0 63.7158034497
1730.0 64.0863899309
1740.0 64.4569760941
1750.0 64.8275619299
1760.0 65.1981474286
1770.0 65.5687325803
1780.0 65.9393173752
1790.0 66.3099018029
1800.0 66.6804858534
1810.0 67.0510695161
1820.0 67.4216527804
1830.0 67.7922356356
1840.0 68.1628180707
1850.0 68.5334000747
1860.0 68.9039816361
1870.0 69.2745627436
1880.0 69.6451433855
1890.0 70.0157235499
1900.0 70.3863032249
1910.0 70.7568823981
1920.0 71.1274610571
1930.0 71.4980391893
1940.0 71.8686167819
1950.0 72.2391938217
1960.0 72.6097702956
1970.0 72.98034619
1980.0 73.3509214912
1990.0 73.7214961853
2000.0 74.0920702581
2010.0 74.4626436952
2020.0 74.8332164821
2030.0 75.2037886037
2040.0 75.5743600451
2050.0 75.9449307909
2060.0 76.3155008254
2070.0 76.6860701328
2080.0 77.056638697
2090.0 77.4272065017
2100.0 77.7977735301
2110.0 78.1683397655
2120.0 78.5389051907
2130.0 78.9094697881
2140.0 79.2800335403
2150.0 79.650596429
2160.0 80.0211584361
2170.0 80.3917195431
2180.0 80.7622797311
2190.0 81.132838981
2200.0 81.5033972734
2210.0 81.8739545886
2220.0 82.2445109066
2230.0 82.6150662071
2240.0 82.9856204694
2250.0 83.3561736728
2260.0 83.7267257959
2270.0 84.0972768173
2280.0 84.4678267151
2290.0 84.8383754672
2300.0 85.208923051
2310.0 85.5794694439
2320.0 85.9500146227
2330.0 86.320558564
2340.0 86.691101244
2350.0 87.0616426386
2360.0 87.4321827235
2370.0 87.8027214738
2380.0 88.1732588645
2390.0 88.5437948701
2400.0 88.914329465
2410.0 89.284862623
2420.0 89.6553943177
2430.0 90.0259245223
2440.0 90.3964532097
2450.0 90.7669803524
2460.0 91.1375059227
2470.0 91.5080298923
2480.0 91.8785522328
2490.0 92.2490729154
2500.0 92.6195919107
2510.0 92.9901091894
2520.0 93.3606247214
2530.0 93.7311384765
2540.0 94.1016504241
2550.0 94.4721605334
2560.0 94.8426687728
2570.0 95.2131751109
2580.0 95.5836795155
2590.0 95.9541819544
2600.0 96.3246823948
2610.0 96.6951808036
2620.0 97.0656771475
2630.0 97.4361713926
2640.0 97.8066635049
2650.0 98.1771534498
2660.0 98.5476411926
2670.0 98.9181266981
2680.0 99.2886099309
2690.0 99.6590908549
2700.0 100.029569434
2710.0 100.400045632
2720.0 100.770519412
2730.0 101.140990736
2740.0 101.511459567
2750.0 101.881925867
2760.0 102.252389598
2770.0 102.622850722
2780.0 102.993309199
2790.0 103.363764991
2800.0 103.734218057
2810.0 104.104668359
2820.0 104.475115855
2830.0 104.845560506
2840.0 105.21600227
2850.0 105.586441108
2860.0 105.956876976
2870.0 106.327309834
2880.0 106.697739641
2890.0 107.068166352
2900.0 107.438589927
2910.0 107.809010322
2920.0 108.179427494
2930.0 108.5498414
2940.0 108.920251997
2950.0 109.29065924
2960.0 109.661063086
2970.0 110.03146349
2980.0 110.401860407
2990.0 110.772253793
3000.0 111.142643603
3010.0 111.513029792
3020.0 111.883412314
3030.0 112.253791123
3040.0 112.624166174
3050.0 112.99453742
3060.0 113.364904816
3070.0 113.735268315
3080.0 114.10562787
3090.0 114.475983435
3100.0 114.846334962
3110.0 115.216682406
3120.0 115.587025717
3130.0 115.95736485
3140.0 116.327699757
3150.0 116.69803039
3160.0 117.068356702
3170.0 117.438678644
3180.0 117.80899617
3190.0 118.179309231
3200.0 118.549617779
3210.0 118.919921766
3220.0 119.290221145
3230.0 119.660515866
3240.0 120.030805883
3250.0 120.401091146
3260.0 120.771371608
3270.0 121.141647221
3280.0 121.511917936
3290.0 121.882183705
3300.0 122.252444481
3310.0 122.622700215
3320.0 122.992950859
3330.0 123.363196366
3340.0 123.733436688
3350.0 124.103671777
3360.0 124.473901585
3370.0 124.844126066
3380.0 125.214345171
3390.0 125.584558854
3400.0 125.954767068
3410.0 126.324969766
3420.0 126.6951669
3430.0 127.065358426
3440.0 127.435544296
3450.0 127.805724464
3460.0 128.175898885
3470.0 128.546067514
3480.0 128.916230304
3490.0 129.286387211
3500.0 129.65653819
3510.0 130.026683197
3520.0 130.396822188
3530.0 130.766955119
3540.0 131.137081946
3550.0 131.507202626
3560.0 131.877317118
3570.0 132.247425377
3580.0 132.617527364
3590.0 132.987623035
3600.0 133.35771235
3610.0 133.727795269
3620.0 134.097871751
3630.0 134.467941756
3640.0 134.838005245
3650.0 135.20806218
3660.0 135.578112522
3670.0 135.948156233
3680.0 136.318193277
3690.0 136.688223617
3700.0 137.058247216
3710.0 137.42826404
3720.0 137.798274053
3730.0 138.168277221
3740.0 138.53827351
3750.0 138.908262887
3760.0 139.278245321
3770.0 139.648220779
3780.0 140.01818923
3790.0 140.388150644
3800.0 140.758104992
3810.0 141.128052243
3820.0 141.497992371
3830.0 141.867925348
3840.0 142.237851146
3850.0 142.60776974
3860.0 142.977681106
3870.0 143.347585217
3880.0 143.717482052
3890.0 144.087371587
3900.0 144.4572538
3910.0 144.82712867
3920.0 145.196996177
3930.0 145.566856302
3940.0 145.936709025
3950.0 146.306554331
3960.0 146.676392201
3970.0 147.04622262
3980.0 147.416045573
3990.0 147.785861047
4000.0 148.155669027
4010.0 148.525469503
4020.0 148.895262464
4030.0 149.265047898
4040.0 149.634825797
4050.0 150.004596153
4060.0 150.374358958
4070.0 150.744114207
4080.0 151.113861895
4090.0 151.483602017
4100.0 151.85333457
4110.0 152.223059553
4120.0 152.592776965
4130.0 152.962486804
4140.0 153.332189074
4150.0 153.701883776
4160.0 154.071570913
4170.0 154.44125049
4180.0 154.810922512
4190.0 155.180586986
4200.0 155.55024392
4210.0 155.919893322
4220.0 156.289535203
4230.0 156.659169573
4240.0 157.028796444
4250.0 157.398415831
4260.0 157.768027747
4270.0 158.137632208
4280.0 158.507229231
4290.0 158.876818833
4300.0 159.246401034
4310.0 159.615975853
4320.0 159.985543312
4330.0 160.355103433
4340.0 160.72465624
4350.0 161.094201757
4360.0 161.463740011
4370.0 161.833271027
4380.0 162.202794836
4390.0 162.572311464
4400.0 162.941820944
4410.0 163.311323307
4420.0 163.680818585
4430.0 164.050306812
4440.0 164.419788023
4450.0 164.789262254
4460.0 165.158729543
4470.0 165.528189927
4480.0 165.897643447
4490.0 166.267090143
4500.0 166.636530056
4510.0 167.005963229
4520.0 167.375389706
4530.0 167.744809533
4540.0 168.114222755
4550.0 168.483629419
4560.0 168.853029574
4570.0 169.222423269
4580.0 169.591810554
4590.0 169.961191481
4600.0 170.330566102
4610.0 170.69993447
4620.0 171.069296641
4630.0 171.438652669
4640.0 171.808002611
4650.0 172.177346525
4660.0 172.546684469
4670.0 172.916016502
4680.0 173.285342686
4690.0 173.65466308
4700.0 174.023977749
4710.0 174.393286754
4720.0 174.76259016
4730.0 175.131888032
4740.0 175.501180437
4750.0 175.870467439
4760.0 176.239749109
4770.0 176.609025512
4780.0 176.97829672
4790.0 177.347562803
4800.0 177.71682383
4810.0 178.086079874
4820.0 178.455331007
4830.0 178.824577303
4840.0 179.193818834
4850.0 179.563055677
4860.0 179.932287905
4870.0 180.301515596
4880.0 180.670738825
4890.0 181.03995768
4900.0 181.409172223
4910.0 181.778382542
4920.0 182.147588716
4930.0 182.516790824
4940.0 182.885988947
4950.0 183.255183166
4960.0 183.624373561
4970.0 183.993560216
4980.0 184.362743213
4990.0 184.731922635
5000.0 185.101098564
5010.0 185.470271086
5020.0 185.839440284
5030.0 186.208606243
5040.0 186.577769048
5050.0 186.946928785
5060.0 187.316085539
5070.0 187.685239398
5080.0 188.054390446
5090.0 188.423538771
5100.0 188.79268446
5110.0 189.1618276
5120.0 189.530968279
5130.0 189.900106584
5140.0 190.269242603
5150.0 190.638376424
5160.0 191.007508135
5170.0 191.376637825
5180.0 191.745765581
5190.0 192.114891493
5200.0 192.484015648
5210.0 192.853138135
5220.0 193.222259043
5230.0 193.59137846
5240.0 193.960496474
5250.0 194.329613174
5260.0 194.698728649
5270.0 195.067842986
5280.0 195.436956274
5290.0 195.806068601
5300.0 196.175180054
5310.0 196.544290722
5320.0 196.913400691
5330.0 197.28251005
5340.0 197.651618884
5350.0 198.020727281
5360.0 198.389835328
5370.0 198.75894311
5380.0 199.128050714
5390.0 199.497158225
5400.0 199.866265729
5410.0 200.23537331
5420.0 200.604481052
5430.0 200.973589041
5440.0 201.342697359
5450.0 201.71180609
5460.0 202.080915316
5470.0 202.450025121
5480.0 202.819135585
5490.0 203.18824679
5500.0 203.557358817
5510.0 203.926471746
5520.0 204.295585656
5530.0 204.664700627
5540.0 205.033816738
5550.0 205.402934066
5560.0 205.772052688
5570.0 206.141172681
5580.0 206.510294121
5590.0 206.879417083
5600.0 207.248541642
5610.0 207.617667872
5620.0 207.986795846
5630.0 208.355925637
5640.0 208.725057316
5650.0 209.094190954
5660.0 209.463326621
5670.0 209.832464387
5680.0 210.201604321
5690.0 210.57074649
5700.0 210.939890962
5710.0 211.309037802
5720.0 211.678187076
5730.0 212.047338849
5740.0 212.416493183
5750.0 212.785650143
5760.0 213.15480979
5770.0 213.523972184
5780.0 213.893137386
5790.0 214.262305455
5800.0 214.63147645
5810.0 215.000650428
5820.0 215.369827445