0.0 0.0
120.0 4.50157290499
120.625 4.52404747099
121.25 4.54653078995
122.5 4.59152299746
123.75 4.63654819355
125.0 4.68160511267
126.25 4.7266925535
127.5 4.77180937509
128.75 4.81695449331
130.0 4.8621268774
131.25 4.90732554695
132.5 4.95254956889
133.75 4.9977980548
135.0 5.04307015837
136.25 5.08836507298
137.5 5.13368202952
138.75 5.17902029425
140.0 5.2243791669
141.25 5.26975797879
142.5 5.31515609112
143.75 5.36057289341
145.0 5.4060078019
146.25 5.45146025821
147.5 5.49692972796
148.75 5.54241569954
150.0 5.58791768289
151.25 5.63343520846
152.5 5.67896782608
153.75 5.72451510406
155.0 5.77007662818
156.25 5.8156520009
157.5 5.86124084046
158.75 5.90684278017
160.0 5.9524574676
161.25 5.99808456397
162.5 6.04372374343
165.0 6.13503710937
167.5 6.22639519511
170.0 6.31779580142
172.5 6.40923688463
175.0 6.50071654285
177.5 6.59223300349
180.0 6.6837846121
182.5 6.77536982223
185.0 6.86698718644
187.5 6.95863534801
190.0 7.05031303358
192.5 7.14201904639
195.0 7.23375226024
197.5 7.32551161394
200.0 7.41729610633
202.5 7.50910479168
205.0 7.60093677558
207.5 7.69279121113
210.0 7.78466729553
212.5 7.87656426688
215.0 7.96848140135
217.5 8.06041801054
220.0 8.15237343902
222.5 8.2443470622
225.0 8.33633828421
230.0 8.5203712742
235.0 8.70446815039
240.0 8.88862500966
245.0 9.07283826294
250.0 9.25710459995
255.0 9.4414209589
260.0 9.62578450047
265.0 9.81019258534
270.0 9.99464275472
275.0 10.1791327134
280.0 10.3636603149
285.0 10.5482235486
290.0 10.732820528
295.0 10.9174494812
300.0 11.1021087411
305.0 11.2867967381
310.0 11.4715119927
315.0 11.6562531089
320.0 11.8410187686
330.0 12.2106188051
340.0 12.5803029271
350.0 12.9500629154
360.0 13.3198913938
370.0 13.6897817339
380.0 14.059727973
390.0 14.4297247426
400.0 14.7997672066
410.0 15.1698510063
420.0 15.5399722118
430.0 15.9101272789
440.0 16.280313011
450.0 16.6505265238
460.0 17.0207652152
470.0 17.3910267371
480.0 17.7613089706
490.0 18.1316100031
500.0 18.5019281086
510.0 18.8722617286
520.0 19.2426094563
530.0 19.6129700212
540.0 19.983342276
550.0 20.353725184
560.0 20.7241178088
570.0 21.0945193037
580.0 21.4649289033
590.0 21.8353459154
600.0 22.2057697134
610.0 22.5761997303
620.0 22.9466354526
630.0 23.3170764148
640.0 23.687522195
650.0 24.0579724104
660.0 24.4284267134
670.0 24.7988847884
680.0 25.1693463483
690.0 25.539811132
700.0 25.9102789017
710.0 26.2807494408
720.0 26.6512225515
730.0 27.0216980535
740.0 27.3921757818
750.0 27.7626555855
760.0 28.1331373267
770.0 28.5036208786
780.0 28.8741061252
790.0 29.2445929596
800.0 29.6150812839
810.0 29.9855710076
820.0 30.3560620475
830.0 30.7265543269
840.0 31.0970477748
850.0 31.4675423255
860.0 31.8380379185
870.0 32.2085344974
880.0 32.5790320099
890.0 32.9495304078
900.0 33.3200296458
910.0 33.690529682
920.0 34.0610304774
930.0 34.4315319955
940.0 34.8020342023
950.0 35.172537066
960.0 35.543040557
970.0 35.9135446474
980.0 36.2840493113
990.0 36.6545545242
1000.0 37.0250602632
1010.0 37.3955665069
1020.0 37.7660732351
1030.0 38.1365804289
1040.0 38.5070880705
1050.0 38.8775961431
1060.0 39.2481046311
1070.0 39.6186135197
1080.0 39.9891227948
1090.0 40.3596324435
1100.0 40.7301424533
1110.0 41.1006528128
1120.0 41.4711635109
1130.0 41.8416745374
1140.0 42.2121858828
1150.0 42.5826975378
1160.0 42.953209494
1170.0 43.3237217435
1180.0 43.6942342787
1190.0 44.0647470926
1200.0 44.4352601787
1210.0 44.8057735309
1220.0 45.1762871435
1230.0 45.5468010111
1240.0 45.9173151288
1250.0 46.2878294922
1260.0 46.6583440969
1270.0 47.0288589392
1280.0 47.3993740154
1290.0 47.7698893224
1300.0 48.1404048573
1310.0 48.5109206175
1320.0 48.8814366006
1330.0 49.2519528046
1340.0 49.6224692277
1350.0 49.9929858684
1360.0 50.3635027255
1370.0 50.734019798
1380.0 51.1045370851
1390.0 51.4750545863
1400.0 51.8455723014
1410.0 52.2160902303
1420.0 52.5866083732
1430.0 52.9571267305
1440.0 53.3276453028
1450.0 53.6981640911
1460.0 54.0686830963
1470.0 54.4392023198
1480.0 54.8097217631
1490.0 55.1802414277
1500.0 55.5507613157
1510.0 55.9212814292
1520.0 56.2918017704
1530.0 56.6623223418
1540.0 57.0328431463
1550.0 57.4033641866
1560.0 57.7738854659
1570.0 58.1444069876
1580.0 58.514928755
1590.0 58.885450772
1600.0 59.2559730424
1610.0 59.6264955703
1620.0 59.99701836
1630.0 60.3675414161
1640.0 60.7380647431
1650.0 61.108588346
1660.0 61.4791122299
1670.0 61.8496364001
1680.0 62.2201608621
1690.0 62.5906856215
1700.0 62.9612106843
1710.0 63.3317360565
1720.0 63.7022617445
1730.0 64.0727877548
1740.0 64.4433140941
1750.0 64.8138407693
1760.0 65.1843677876
1770.0 65.5548951563
1780.0 65.925422883
1790.0 66.2959509755
1800.0 66.6664794417
1810.0 67.03700829
1820.0 67.4075375286
1830.0 67.7780671664
1840.0 68.1485972121
1850.0 68.519127675
1860.0 68.8896585642
1870.0 69.2601898895
1880.0 69.6307216605
1890.0 70.0012538874
1900.0 70.3717865805
1910.0 70.7423197502
1920.0 71.1128534073
1930.0 71.4833875628
1940.0 71.8539222279
1950.0 72.2244574142
1960.0 72.5949931334
1970.0 72.9655293975
1980.0 73.3360662187
1990.0 73.7066036097
2000.0 74.0771415831
2010.0 74.4476801519
2020.0 74.8182193296
2030.0 75.1887591296
2040.0 75.5592995658
2050.0 75.9298406524
2060.0 76.3003824037
2070.0 76.6709248343
2080.0 77.0414679593
2090.0 77.4120117939
2100.0 77.7825563535
2110.0 78.153101654
2120.0 78.5236477115
2130.0 78.8941945424
2140.0 79.2647421634
2150.0 79.6352905913
2160.0 80.0058398436
2170.0 80.3763899378
2180.0 80.7469408918
2190.0 81.1174927238
2200.0 81.4880454522
2210.0 81.858599096
2220.0 82.2291536742
2230.0 82.5997092063
2240.0 82.970265712
2250.0 83.3408232114
2260.0 83.711381725
2270.0 84.0819412735
2280.0 84.4525018779
2290.0 84.8230635596
2300.0 85.1936263404
2310.0 85.5641902423
2320.0 85.9347552876
2330.0 86.3053214991
2340.0 86.6758889
2350.0 87.0464575134
2360.0 87.4170273633
2370.0 87.7875984737
2380.0 88.1581708691
2390.0 88.5287445741
2400.0 88.899319614
2410.0 89.2698960142
2420.0 89.6404738005
2430.0 90.0110529992
2440.0 90.3816336366
2450.0 90.7522157398
2460.0 91.122799336
2470.0 91.4933844527
2480.0 91.863971118
2490.0 92.23455936
2500.0 92.6051492075
2510.0 92.9757406895
2520.0 93.3463338353
2530.0 93.7169286748
2540.0 94.087525238
2550.0 94.4581235553
2560.0 94.8287236576
2570.0 95.1993255761
2580.0 95.5699293422
2590.0 95.9405349879
2600.0 96.3111425454
2610.0 96.6817520473
2620.0 97.0523635267
2630.0 97.4229770167
2640.0 97.7935925511
2650.0 98.1642101639
2660.0 98.5348298895
2670.0 98.9054517627
2680.0 99.2760758184
2690.0 99.6467020922
2700.0 100.01733062
2710.0 100.387961437
2720.0 100.758594581
2730.0 101.129230089
2740.0 101.499867996
2750.0 101.870508342
2760.0 102.241151163
2770.0 102.611796498
2780.0 102.982444385
2790.0 103.353094863
2800.0 103.723747972
2810.0 104.09440375
2820.0 104.465062238
2830.0 104.835723476
2840.0 105.206387503
2850.0 105.577054361
2860.0 105.94772409
2870.0 106.318396733
2880.0 106.68907233
2890.0 107.059750923
2900.0 107.430432555
2910.0 107.801117268
2920.0 108.171805105
2930.0 108.542496109
2940.0 108.913190322
2950.0 109.283887789
2960.0 109.654588553
2970.0 110.025292658
2980.0 110.396000148
2990.0 110.766711069
3000.0 111.137425464
3010.0 111.508143378
3020.0 111.878864858
3030.0 112.249589947
3040.0 112.620318692
3050.0 112.991051138
3060.0 113.361787332
3070.0 113.732527318
3080.0 114.103271145
3090.0 114.474018858
3100.0 114.844770503
3110.0 115.215526128
3120.0 115.586285779
3130.0 115.957049503
3140.0 116.327817348
3150.0 116.698589361
3160.0 117.069365589
3170.0 117.44014608
3180.0 117.81093088
3190.0 118.181720039
3200.0 118.552513602
3210.0 118.923311619
3220.0 119.294114137
3230.0 119.664921204
3240.0 120.035732867
3250.0 120.406549174
3260.0 120.777370174
3270.0 121.148195915
3280.0 121.519026443
3290.0 121.889861807
3300.0 122.260702055
3310.0 122.631547234
3320.0 123.002397392
3330.0 123.373252577
3340.0 123.744112836
3350.0 124.114978216
3360.0 124.485848765
3370.0 124.856724531
3380.0 125.227605559
3390.0 125.598491897
3400.0 125.969383593
3410.0 126.340280691
3420.0 126.711183239
3430.0 127.082091283
3440.0 127.453004869
3450.0 127.823924043
3460.0 128.194848849
3470.0 128.565779335
3480.0 128.936715543
3490.0 129.30765752
3500.0 129.67860531
3510.0 130.049558956
3520.0 130.420518503
3530.0 130.791483994
3540.0 131.162455473
3550.0 131.533432982
3560.0 131.904416563
3570.0 132.275406259
3580.0 132.646402112
3590.0 133.017404162
3600.0 133.38841245
3610.0 133.759427018
3620.0 134.130447904
3630.0 134.501475148
3640.0 134.872508789
3650.0 135.243548867
3660.0 135.614595417
3670.0 135.985648479
3680.0 136.356708089
3690.0 136.727774284
3700.0 137.098847098
3710.0 137.469926568
3720.0 137.841012729
3730.0 138.212105613
3740.0 138.583205255
3750.0 138.954311687
3760.0 139.325424941
3770.0 139.69654505
3780.0 140.067672043
3790.0 140.438805951
3800.0 140.809946803
3810.0 141.181094627
3820.0 141.552249453
3830.0 141.923411307
3840.0 142.294580215
3850.0 142.665756203
3860.0 143.036939297
3870.0 143.408129519
3880.0 143.779326894
3890.0 144.150531445
3900.0 144.521743191
3910.0 144.892962156
3920.0 145.264188358
3930.0 145.635421816
3940.0 146.006662549
3950.0 146.377910574
3960.0 146.749165908
3970.0 147.120428566
3980.0 147.491698563
3990.0 147.862975912
4000.0 148.234260627
4010.0 148.605552718
4020.0 148.976852197
4030.0 149.348159073
4040.0 149.719473356
4050.0 150.090795053
4060.0 150.462124171
4070.0 150.833460717
4080.0 151.204804694
4090.0 151.576156106
4100.0 151.947514957
4110.0 152.318881248
4120.0 152.69025498
4130.0 153.061636153
4140.0 153.433024764
4150.0 153.804420811
4160.0 154.175824292
4170.0 154.5472352
4180.0 154.918653531
4190.0 155.290079277
4200.0 155.661512431
4210.0 156.032952982
4220.0 156.404400922
4230.0 156.775856239
4240.0 157.14731892
4250.0 157.518788952
4260.0 157.89026632
4270.0 158.261751008
4280.0 158.633243
4290.0 159.004742276
4300.0 159.376248818
4310.0 159.747762606
4320.0 160.119283618
4330.0 160.490811831
4340.0 160.862347221
4350.0 161.233889764
4360.0 161.605439433
4370.0 161.976996201
4380.0 162.34856004
4390.0 162.72013092
4400.0 163.09170881
4410.0 163.463293678
4420.0 163.834885492
4430.0 164.206484218
4440.0 164.57808982
4450.0 164.949702261
4460.0 165.321321504
4470.0 165.692947511
4480.0 166.064580242
4490.0 166.436219656
4500.0 166.807865711
4510.0 167.179518363
4520.0 167.551177569
4530.0 167.922843284
4540.0 168.29451546
4550.0 168.66619405
4560.0 169.037879007
4570.0 169.40957028
4580.0 169.781267818
4590.0 170.15297157
4600.0 170.524681484
4610.0 170.896397505
4620.0 171.268119578
4630.0 171.639847648
4640.0 172.011581658
4650.0 172.383321549
4660.0 172.755067264
4670.0 173.126818742
4680.0 173.498575923
4690.0 173.870338745
4700.0 174.242107145
4710.0 174.61388106
4720.0 174.985660425
4730.0 175.357445174
4740.0 175.729235243
4750.0 176.101030563
4760.0 176.472831066
4770.0 176.844636684
4780.0 177.216447347
4790.0 177.588262985
4800.0 177.960083526
4810.0 178.331908898
4820.0 178.703739028
4830.0 179.075573844
4840.0 179.44741327
4850.0 179.819257232
4860.0 180.191105655
4870.0 180.56295846
4880.0 180.934815573
4890.0 181.306676905
4900.0 181.678542393
4910.0 182.05041195
4920.0 182.422285496
4930.0 182.79416295
4940.0 183.166044234
4950.0 183.537929264
4960.0 183.909817959
4970.0 184.281710237
4980.0 184.653606014
4990.0 185.025505208
5000.0 185.397407734
5010.0 185.769313509
5020.0 186.141222447
5030.0 186.513134463
5040.0 186.885049472
5050.0 187.256967388
5060.0 187.628888125
5070.0 188.000811595
5080.0 188.372737713
5090.0 188.74466639
5100.0 189.11659754
5110.0 189.488531075
5120.0 189.860466906
5130.0 190.232404947
5140.0 190.604345107
5150.0 190.9762873
5160.0 191.348231437
5170.0 191.720177428
5180.0 192.092125185
5190.0 192.464074619
5200.0 192.836025642
5210.0 193.207978163
5220.0 193.579932095
5230.0 193.951887348
5240.0 194.323843833
5250.0 194.695801461
5260.0 195.067760144
5270.0 195.439719792
5280.0 195.811680318
5290.0 196.183641632
5300.0 196.555603647
5310.0 196.927566273
5320.0 197.299529423
5330.0 197.67149301
5340.0 198.043456945
5350.0 198.415421141
5360.0 198.787385511
5370.0 199.159349969
5380.0 199.531314427
5390.0 199.903278801
5400.0 200.275243003
5410.0 200.647206949
5420.0 201.019170552
5430.0 201.39113373
5440.0 201.763096397
5450.0 202.13505847
5460.0 202.507019865
5470.0 202.878980499
5480.0 203.25094029
5490.0 203.622899157
5500.0 203.994857016
5510.0 204.366813789
5520.0 204.738769394
5530.0 205.110723752
5540.0 205.482676783
5550.0 205.85462841
5560.0 206.226578553
5570.0 206.598527136
5580.0 206.970474083
5590.0 207.342419317
5600.0 207.714362762
5610.0 208.086304345
5620.0 208.458243992
5630.0 208.830181629
5640.0 209.202117183
5650.0 209.574050584
5660.0 209.945981759
5670.0 210.31791064
5680.0 210.689837156
5690.0 211.061761239
5700.0 211.433682821
5710.0 211.805601836
5720.0 212.177518216
5730.0 212.549431898
5740.0 212.921342815
5750.0 213.293250906
5760.0 213.665156106
5770.0 214.037058354
5780.0 214.40895759
5790.0 214.780853752
5800.0 215.152746783
5810.0 215.524636623
5820.0 215.896523216