0.0 0.0
120.0 4.50348436988
120.625 4.52596889072
121.25 4.54846216452
122.5 4.59347428166
123.75 4.63851938736
125.0 4.68359621605
126.25 4.7287035664
127.5 4.7738402975
128.75 4.81900532517
130.0 4.86419761869
131.25 4.90941619762
132.5 4.95466012891
133.75 4.99992852413
135.0 5.04522053697
136.25 5.09053536082
137.5 5.13587222655
138.75 5.18123040044
140.0 5.22660918221
141.25 5.27200790317
142.5 5.31742592455
143.75 5.36286263583
145.0 5.40831745328
146.25 5.45378981851
147.5 5.49927919715
148.75 5.54478507756
150.0 5.59030696972
151.25 5.63584440404
152.5 5.68139693038
153.75 5.72696411703
155.0 5.77254554979
156.25 5.8181408311
157.5 5.86374957921
158.75 5.90937142742
160.0 5.95500602332
161.25 6.00065302811
162.5 6.04631211595
165.0 6.13766529851
167.5 6.22906320071
170.0 6.32050362328
172.5 6.41198452259
175.0 6.50350399671
177.5 6.59506027308
180.0 6.68665169722
182.5 6.7782767227
185.0 6.86993390206
187.5 6.9616218786
190.0 7.05333937892
192.5 7.1450852063
195.0 7.23685823451
197.5 7.32865740238
200.0 7.42048170872
202.5 7.51233020782
205.0 7.60420200526
207.5 7.69609625413
210.0 7.78801215163
212.5 7.87994893587
215.0 7.97190588302
217.5 8.06388230465
220.0 8.15587754535
222.5 8.24789098051
225.0 8.33992201429
230.0 8.52403462709
235.0 8.70821112513
240.0 8.89244760527
245.0 9.07674047842
250.0 9.26108643427
255.0 9.44548241101
260.0 9.62992556928
265.0 9.81441326977
270.0 9.99894305363
275.0 10.1835126256
280.0 10.3681198393
285.0 10.5527626839
290.0 10.7374392731
295.0 10.9221478347
300.0 11.1068867018
305.0 11.2916543046
310.0 11.4764491637
315.0 11.661269883
320.0 11.8461151445
330.0 12.2158743801
340.0 12.5857176951
350.0 12.9556368702
360.0 13.3256245288
370.0 13.6956740423
380.0 14.0657794474
390.0 14.4359353757
400.0 14.8061369906
410.0 15.176379933
420.0 15.5466602727
430.0 15.9169744653
440.0 16.2873193134
450.0 16.6576919326
460.0 17.0280897204
470.0 17.3985103283
480.0 17.7689516368
490.0 18.139411733
500.0 18.5098888902
510.0 18.8803815497
520.0 19.250888304
530.0 19.6214078822
540.0 19.9919391363
550.0 20.3624810292
560.0 20.7330326237
570.0 21.1035930726
580.0 21.47416161
590.0 21.8447375427
600.0 22.2153202439
610.0 22.5859091456
620.0 22.9565037335
630.0 23.3271035416
640.0 23.697708147
650.0 24.0683171662
660.0 24.4389302508
670.0 24.8095470843
680.0 25.1801673786
690.0 25.5507908719
700.0 25.9214173253
710.0 26.2920465212
720.0 26.6626782609
730.0 27.0333123629
740.0 27.4039486612
750.0 27.7745870038
760.0 28.1452272515
770.0 28.5158692765
780.0 28.8865129614
790.0 29.2571581981
800.0 29.6278048872
810.0 29.9984529371
820.0 30.3691022631
830.0 30.7397527869
840.0 31.1104044361
850.0 31.4810571436
860.0 31.8517108469
870.0 32.2223654883
880.0 32.5930210138
890.0 32.9636773732
900.0 33.3343345195
910.0 33.704992409
920.0 34.0756510007
930.0 34.4463102561
940.0 34.8169701391
950.0 35.1876306159
960.0 35.5582916547
970.0 35.9289532252
980.0 36.2996152993
990.0 36.6702778501
1000.0 37.0409408523
1010.0 37.4116042819
1020.0 37.7822681161
1030.0 38.1529323333
1040.0 38.5235969129
1050.0 38.8942618355
1060.0 39.2649270822
1070.0 39.6355926352
1080.0 40.0062584777
1090.0 40.3769245932
1100.0 40.7475909661
1110.0 41.1182575814
1120.0 41.4889244248
1130.0 41.8595914825
1140.0 42.230258741
1150.0 42.6009261875
1160.0 42.9715938097
1170.0 43.3422615955
1180.0 43.7129295333
1190.0 44.0835976119
1200.0 44.4542658204
1210.0 44.8249341482
1220.0 45.195602585
1230.0 45.5662711208
1240.0 45.9369397458
1250.0 46.3076084505
1260.0 46.6782772255
1270.0 47.0489460618
1280.0 47.4196149504
1290.0 47.7902838825
1300.0 48.1609528496
1310.0 48.5316218432
1320.0 48.902290855
1330.0 49.2729598768
1340.0 49.6436289005
1350.0 50.0142979182
1360.0 50.3849669219
1370.0 50.7556359039
1380.0 51.1263048564
1390.0 51.4969737717
1400.0 51.8676426422
1410.0 52.2383114604
1420.0 52.6089802187
1430.0 52.9796489097
1440.0 53.3503175257
1450.0 53.7209860594
1460.0 54.0916545034
1470.0 54.46232285
1480.0 54.832991092
1490.0 55.2036592219
1500.0 55.5743272321
1510.0 55.9449951151
1520.0 56.3156628634
1530.0 56.6863304695
1540.0 57.0569979258
1550.0 57.4276652245
1560.0 57.798332358
1570.0 58.1689993185
1580.0 58.5396660983
1590.0 58.9103326893
1600.0 59.2809990838
1610.0 59.6516652736
1620.0 60.0223312506
1630.0 60.3929970067
1640.0 60.7636625335
1650.0 61.1343278228
1660.0 61.5049928659
1670.0 61.8756576544
1680.0 62.2463221796
1690.0 62.6169864326
1700.0 62.9876504046
1710.0 63.3583140866
1720.0 63.7289774693
1730.0 64.0996405436
1740.0 64.4703033
1750.0 64.8409657289
1760.0 65.2116278207
1770.0 65.5822895656
1780.0 65.9529509536
1790.0 66.3236119745
1800.0 66.6942726181
1810.0 67.0649328739
1820.0 67.4355927314
1830.0 67.8062521797
1840.0 68.176911208
1850.0 68.547569805
1860.0 68.9182279596
1870.0 69.2888856603
1880.0 69.6595428953
1890.0 70.0301996529
1900.0 70.4008559209
1910.0 70.7715116873
1920.0 71.1421669395
1930.0 71.5128216648
1940.0 71.8834758505
1950.0 72.2541294835
1960.0 72.6247825505
1970.0 72.995435038
1980.0 73.3660869324
1990.0 73.7367382196
2000.0 74.1073888856
2010.0 74.4780389158
2020.0 74.8486882958
2030.0 75.2193370106
2040.0 75.5899850451
2050.0 75.960632384
2060.0 76.3312790116
2070.0 76.7019249122
2080.0 77.0725700696
2090.0 77.4432144674
2100.0 77.813858089
2110.0 78.1845009175
2120.0 78.5551429358
2130.0 78.9257841264
2140.0 79.2964244716
2150.0 79.6670639535
2160.0 80.0377025538
2170.0 80.4083402539
2180.0 80.778977035
2190.0 81.1496128781
2200.0 81.5202477636
2210.0 81.8908816719
2220.0 82.2615145831
2230.0 82.6321464767
2240.0 83.0027773322
2250.0 83.3734071287
2260.0 83.7440358449
2270.0 84.1146634594
2280.0 84.4852899504
2290.0 84.8559152956
2300.0 85.2265394726
2310.0 85.5971624586
2320.0 85.9677842306
2330.0 86.338404765
2340.0 86.7090240381
2350.0 87.0796420259
2360.0 87.4502587038
2370.0 87.8208740473
2380.0 88.1914880311
2390.0 88.5621006299
2400.0 88.9327118179
2410.0 89.3033215691
2420.0 89.6739298569
2430.0 90.0445366546
2440.0 90.4151419352
2450.0 90.7857456711
2460.0 91.1563478345
2470.0 91.5269483972
2480.0 91.8975473309
2490.0 92.2681446066
2500.0 92.6387401951
2510.0 93.0093340668
2520.0 93.379926192
2530.0 93.7505165402
2540.0 94.121105081
2550.0 94.4916917834
2560.0 94.862276616
2570.0 95.2328595472
2580.0 95.603440545
2590.0 95.974019577
2600.0 96.3445966105
2610.0 96.7151716125
2620.0 97.0857445495
2630.0 97.4563153877
2640.0 97.8268840931
2650.0 98.1974506312
2660.0 98.5680149671
2670.0 98.9385770658
2680.0 99.3091368916
2690.0 99.6796944088
2700.0 100.050249581
2710.0 100.420802372
2720.0 100.791352745
2730.0 101.161900662
2740.0 101.532446087
2750.0 101.90298898
2760.0 102.273529304
2770.0 102.644067021
2780.0 103.014602091
2790.0 103.385134476
2800.0 103.755664136
2810.0 104.12619103
2820.0 104.49671512
2830.0 104.867236364
2840.0 105.237754721
2850.0 105.608270152
2860.0 105.978782613
2870.0 106.349292065
2880.0 106.719798464
2890.0 107.090301769
2900.0 107.460801937
2910.0 107.831298925
2920.0 108.20179269
2930.0 108.57228319
2940.0 108.942770379
2950.0 109.313254216
2960.0 109.683734654
2970.0 110.054211651
2980.0 110.424685162
2990.0 110.795155141
3000.0 111.165621545
3010.0 111.536084326
3020.0 111.906543441
3030.0 112.276998844
3040.0 112.647450488
3050.0 113.017898327
3060.0 113.388342316
3070.0 113.758782408
3080.0 114.129218556
3090.0 114.499650714
3100.0 114.870078835
3110.0 115.240502871
3120.0 115.610922776
3130.0 115.981338502
3140.0 116.351750002
3150.0 116.722157228
3160.0 117.092560133
3170.0 117.462958669
3180.0 117.833352788
3190.0 118.203742442
3200.0 118.574127583
3210.0 118.944508163
3220.0 119.314884135
3230.0 119.68525545
3240.0 120.055622059
3250.0 120.425983916
3260.0 120.796340971
3270.0 121.166693176
3280.0 121.537040485
3290.0 121.907382847
3300.0 122.277720216
3310.0 122.648052543
3320.0 123.018379781
3330.0 123.388701881
3340.0 123.759018796
3350.0 124.129330478
3360.0 124.499636879
3370.0 124.869937953
3380.0 125.240233652
3390.0 125.610523928
3400.0 125.980808735
3410.0 126.351088026
3420.0 126.721361753
3430.0 127.091629872
3440.0 127.461892335
3450.0 127.832149097
3460.0 128.202400111
3470.0 128.572645332
3480.0 128.942884716
3490.0 129.313118216
3500.0 129.683345788
3510.0 130.053567388
3520.0 130.423782972
3530.0 130.793992496
3540.0 131.164195916
3550.0 131.53439319
3560.0 131.904584274
3570.0 132.274769127
3580.0 132.644947707
3590.0 133.015119971
3600.0 133.38528588
3610.0 133.755445391
3620.0 134.125598466
3630.0 134.495745065
3640.0 134.865885147
3650.0 135.236018675
3660.0 135.60614561
3670.0 135.976265915
3680.0 136.346379552
3690.0 136.716486485
3700.0 137.086586677
3710.0 137.456680094
3720.0 137.8267667
3730.0 138.196846461
3740.0 138.566919343
3750.0 138.936985314
3760.0 139.307044341
3770.0 139.677096392
3780.0 140.047141436
3790.0 140.417179443
3800.0 140.787210384
3810.0 141.157234229
3820.0 141.52725095
3830.0 141.897260519
3840.0 142.267262911
3850.0 142.637258098
3860.0 143.007246057
3870.0 143.377226761
3880.0 143.747200189
3890.0 144.117166317
3900.0 144.487125123
3910.0 144.857076587
3920.0 145.227020687
3930.0 145.596957405
3940.0 145.966886722
3950.0 146.33680862
3960.0 146.706723083
3970.0 147.076630095
3980.0 147.446529642
3990.0 147.816421708
4000.0 148.186306282
4010.0 148.556183351
4020.0 148.926052905
4030.0 149.295914932
4040.0 149.665769424
4050.0 150.035616373
4060.0 150.405455772
4070.0 150.775287614
4080.0 151.145111895
4090.0 151.51492861
4100.0 151.884737757
4110.0 152.254539333
4120.0 152.624333337
4130.0 152.99411977
4140.0 153.363898633
4150.0 153.733669928
4160.0 154.103433658
4170.0 154.473189828
4180.0 154.842938443
4190.0 155.21267951
4200.0 155.582413037
4210.0 155.952139033
4220.0 156.321857507
4230.0 156.69156847
4240.0 157.061271935
4250.0 157.430967915
4260.0 157.800656424
4270.0 158.170337478
4280.0 158.540011094
4290.0 158.909677289
4300.0 159.279336083
4310.0 159.648987495
4320.0 160.018631547
4330.0 160.388268261
4340.0 160.757897661
4350.0 161.127519772
4360.0 161.497134618
4370.0 161.866742228
4380.0 162.23634263
4390.0 162.605935852
4400.0 162.975521925
4410.0 163.34510088
4420.0 163.714672751
4430.0 164.084237572
4440.0 164.453795376
4450.0 164.8233462
4460.0 165.192890082
4470.0 165.56242706
4480.0 165.931957173
4490.0 166.301480461
4500.0 166.670996967
4510.0 167.040506734
4520.0 167.410009804
4530.0 167.779506224
4540.0 168.148996039
4550.0 168.518479297
4560.0 168.887956045
4570.0 169.257426333
4580.0 169.626890211
4590.0 169.996347731
4600.0 170.365798945
4610.0 170.735243906
4620.0 171.10468267
4630.0 171.474115291
4640.0 171.843541827
4650.0 172.212962334
4660.0 172.582376871
4670.0 172.951785497
4680.0 173.321188274
4690.0 173.690585262
4700.0 174.059976523
4710.0 174.429362122
4720.0 174.798742121
4730.0 175.168116586
4740.0 175.537485584
4750.0 175.90684918
4760.0 176.276207442
4770.0 176.645560439
4780.0 177.01490824
4790.0 177.384250915
4800.0 177.753588536
4810.0 178.122921173
4820.0 178.492248899
4830.0 178.861571788
4840.0 179.230889913
4850.0 179.600203348
4860.0 179.96951217
4870.0 180.338816453
4880.0 180.708116276
4890.0 181.077411724
4900.0 181.446702861
4910.0 181.815989773
4920.0 182.185272539
4930.0 182.554551241
4940.0 182.923825957
4950.0 183.293096768
4960.0 183.662363757
4970.0 184.031627006
4980.0 184.400886596
4990.0 184.77014261
5000.0 185.139395133
5010.0 185.508644247
5020.0 185.877890039
5030.0 186.247132591
5040.0 186.616371989
5050.0 186.985608319
5060.0 187.354841667
5070.0 187.724072118
5080.0 188.09329976
5090.0 188.462524678
5100.0 188.83174696
5110.0 189.200966694
5120.0 189.570183965
5130.0 189.939398864
5140.0 190.308611476
5150.0 190.67782189
5160.0 191.047030194
5170.0 191.416236477
5180.0 191.785440826
5190.0 192.154643331
5200.0 192.523844079
5210.0 192.893043159
5220.0 193.26224066
5230.0 193.63143667
5240.0 194.000631278
5250.0 194.369824572
5260.0 194.739016639
5270.0 195.10820757
5280.0 195.477397451
5290.0 195.846586371
5300.0 196.215774417
5310.0 196.584961678
5320.0 196.95414824
5330.0 197.323334192
5340.0 197.692519619
5350.0 198.06170461
5360.0 198.43088925
5370.0 198.800073625
5380.0 199.169257822
5390.0 199.538441926
5400.0 199.907626023
5410.0 200.276810197
5420.0 200.645994533
5430.0 201.015179114
5440.0 201.384364026
5450.0 201.75354935
5460.0 202.122735169
5470.0 202.491921567
5480.0 202.861108624
5490.0 203.230296422
5500.0 203.599485042
5510.0 203.968674564
5520.0 204.337865068
5530.0 204.707056632
5540.0 205.076249336
5550.0 205.445443257
5560.0 205.814638472
5570.0 206.183835058
5580.0 206.553033091
5590.0 206.922232647
5600.0 207.291433799
5610.0 207.660636622
5620.0 208.029841189
5630.0 208.399047573
5640.0 208.768255845
5650.0 209.137466076
5660.0 209.506678337
5670.0 209.875892696
5680.0 210.245109223
5690.0 210.614327986
5700.0 210.98354905
5710.0 211.352772484
5720.0 211.721998351
5730.0 212.091226716
5740.0 212.460457644
5750.0 212.829691197
5760.0 213.198927437
5770.0 213.568166424
5780.0 213.937408219
5790.0 214.306652882
5800.0 214.67590047
5810.0 215.045151041
5820.0 215.414404651