0.0 0.0
120.0 4.50955084617
120.625 4.53206696394
121.25 4.55459183468
122.5 4.59966714574
123.75 4.64477544539
125.0 4.68991546806
126.25 4.73508601244
127.5 4.78028593759
128.75 4.82551415936
130.0 4.87076964701
131.25 4.91605142012
132.5 4.96135854561
133.75 5.00669013507
135.0 5.05204534219
136.25 5.09742336036
137.5 5.14282342045
138.75 5.18824478874
140.0 5.23368676494
141.25 5.27914868038
142.5 5.32462989627
143.75 5.37012980211
145.0 5.41564781415
146.25 5.46118337402
147.5 5.50673594732
148.75 5.55230502245
150.0 5.59789010936
151.25 5.64349073848
152.5 5.68910645966
153.75 5.73473684119
155.0 5.78038146887
156.25 5.82603994514
157.5 5.87171188826
158.75 5.91739693151
160.0 5.9630947225
161.25 6.00880492242
162.5 6.05452720544
165.0 6.14600677848
167.5 6.23753107134
170.0 6.32909788475
172.5 6.42070517507
175.0 6.5123510404
177.5 6.60403370815
180.0 6.69575152386
182.5 6.7875029411
185.0 6.87928651242
187.5 6.9711008811
190.0 7.06294477377
192.5 7.15481699369
195.0 7.24671641465
197.5 7.33864197546
200.0 7.43059267496
202.5 7.52256756742
205.0 7.61456575842
207.5 7.70658640108
210.0 7.79862869258
212.5 7.89069187104
215.0 7.98277521263
217.5 8.07487802892
220.0 8.16699966451
222.5 8.2591394948
225.0 8.35129692392
230.0 8.53566232812
235.0 8.72009161853
240.0 8.90458089201
245.0 9.08912655951
250.0 9.27372531074
255.0 9.4583740839
260.0 9.64307003968
265.0 9.82781053877
270.0 10.0125931224
275.0 10.1974154953
280.0 10.382275511
285.0 10.5671711589
290.0 10.7521005526
295.0 10.9370619199
300.0 11.122053594
305.0 11.3070740052
310.0 11.492121674
315.0 11.6771952044
320.0 11.8622932784
330.0 12.2325581433
340.0 12.6029070938
350.0 12.9733319105
360.0 13.3438252174
370.0 13.7143803859
380.0 14.0849914534
390.0 14.4556530514
400.0 14.8263603438
410.0 15.197108972
420.0 15.5678950059
430.0 15.9387149015
440.0 16.3095654619
450.0 16.6804438032
460.0 17.051347323
470.0 17.4222736734
480.0 17.7932207353
490.0 18.1641865963
500.0 18.5351695301
510.0 18.9061679786
520.0 19.2771805347
530.0 19.6482059281
540.0 20.0192430113
550.0 20.3902907478
560.0 20.761348201
570.0 21.1324145243
580.0 21.5034889523
590.0 21.8745707928
600.0 22.2456594193
610.0 22.6167542646
620.0 22.9878548153
630.0 23.358960606
640.0 23.7300712146
650.0 24.1011862584
660.0 24.4723053899
670.0 24.8434282933
680.0 25.2145546816
690.0 25.5856842937
700.0 25.9568168919
710.0 26.3279522594
720.0 26.6990901985
730.0 27.0702305289
740.0 27.4413730857
750.0 27.8125177179
760.0 28.1836642875
770.0 28.5548126679
780.0 28.9259627428
790.0 29.2971144057
800.0 29.6682675584
810.0 30.0394221105
820.0 30.4105779789
830.0 30.7817350867
840.0 31.152893363
850.0 31.5240527422
860.0 31.8952131636
870.0 32.2663745709
880.0 32.6375369119
890.0 33.0087001382
900.0 33.3798642046
910.0 33.7510290692
920.0 34.1221946931
930.0 34.4933610396
940.0 34.8645280748
950.0 35.235695767
960.0 35.6068640864
970.0 35.9780330053
980.0 36.3492024976
990.0 36.7203725389
1000.0 37.0915431063
1010.0 37.4627141784
1020.0 37.8338857351
1030.0 38.2050577573
1040.0 38.5762302273
1050.0 38.9474031284
1060.0 39.3185764449
1070.0 39.6897501618
1080.0 40.0609242654
1090.0 40.4320987425
1100.0 40.8032735808
1110.0 41.1744487687
1120.0 41.5456242952
1130.0 41.9168001502
1140.0 42.2879763239
1150.0 42.6591528074
1160.0 43.0303295921
1170.0 43.4015066699
1180.0 43.7726840336
1190.0 44.1438616759
1200.0 44.5150395905
1210.0 44.8862177711
1220.0 45.2573962121
1230.0 45.6285749081
1240.0 45.9997538543
1250.0 46.3709330461
1260.0 46.7421124793
1270.0 47.1132921499
1280.0 47.4844720546
1290.0 47.8556521901
1300.0 48.2268325534
1310.0 48.598013142
1320.0 48.9691939535
1330.0 49.3403749859
1340.0 49.7115562375
1350.0 50.0827377066
1360.0 50.4539193922
1370.0 50.8251012931
1380.0 51.1962834086
1390.0 51.5674657383
1400.0 51.9386482818
1410.0 52.3098310391
1420.0 52.6810140104
1430.0 53.0521971962
1440.0 53.423380597
1450.0 53.7945642137
1460.0 54.1657480473
1470.0 54.5369320992
1480.0 54.9081163709
1490.0 55.279300864
1500.0 55.6504855804
1510.0 56.0216705223
1520.0 56.3928556919
1530.0 56.7640410918
1540.0 57.1352267247
1550.0 57.5064125935
1560.0 57.8775987012
1570.0 58.2487850513
1580.0 58.6199716472
1590.0 58.9911584926
1600.0 59.3623455914
1610.0 59.7335329478
1620.0 60.1047205659
1630.0 60.4759084504
1640.0 60.8470966058
1650.0 61.2182850372
1660.0 61.5894737495
1670.0 61.9606627482
1680.0 62.3318520385
1690.0 62.7030416264
1700.0 63.0742315176
1710.0 63.4454217183
1720.0 63.8166122347
1730.0 64.1878030734
1740.0 64.5589942411
1750.0 64.9301857448
1760.0 65.3013775915
1770.0 65.6725697887
1780.0 66.0437623438
1790.0 66.4149552647
1800.0 66.7861485594
1810.0 67.157342236
1820.0 67.5285363031
1830.0 67.8997307693
1840.0 68.2709256435
1850.0 68.6421209348
1860.0 69.0133166524
1870.0 69.3845128061
1880.0 69.7557094056
1890.0 70.126906461
1900.0 70.4981039825
1910.0 70.8693019806
1920.0 71.2405004661
1930.0 71.61169945
1940.0 71.9828989436
1950.0 72.3540989583
1960.0 72.7252995059
1970.0 73.0965005985
1980.0 73.4677022482
1990.0 73.8389044675
2000.0 74.2101072693
2010.0 74.5813106666
2020.0 74.9525146727
2030.0 75.3237193012
2040.0 75.6949245658
2050.0 76.0661304808
2060.0 76.4373370605
2070.0 76.8085443196
2080.0 77.179752273
2090.0 77.550960936
2100.0 77.9221703241
2110.0 78.293380453
2120.0 78.664591339
2130.0 79.0358029983
2140.0 79.4070154477
2150.0 79.7782287041
2160.0 80.1494427848
2170.0 80.5206577074
2180.0 80.8918734898
2190.0 81.2630901502
2200.0 81.6343077071
2210.0 82.0055261793
2220.0 82.376745586
2230.0 82.7479659465
2240.0 83.1191872806
2250.0 83.4904096085
2260.0 83.8616329505
2270.0 84.2328573274
2280.0 84.6040827603
2290.0 84.9753092704
2300.0 85.3465368796
2310.0 85.7177656099
2320.0 86.0889954837
2330.0 86.4602265236
2340.0 86.8314587529
2350.0 87.2026921948
2360.0 87.5739268731
2370.0 87.945162812
2380.0 88.3164000357
2390.0 88.6876385692
2400.0 89.0588784375
2410.0 89.4301196661
2420.0 89.8013622809
2430.0 90.172606308
2440.0 90.5438517739
2450.0 90.9150987055
2460.0 91.2863471301
2470.0 91.6575970753
2480.0 92.0288485689
2490.0 92.4001016394
2500.0 92.7713563153
2510.0 93.1426126258
2520.0 93.5138706
2530.0 93.8851302679
2540.0 94.2563916595
2550.0 94.6276548053
2560.0 94.998919736
2570.0 95.3701864829
2580.0 95.7414550775
2590.0 96.1127255516
2600.0 96.4839979375
2610.0 96.8552722679
2620.0 97.2265485757
2630.0 97.5978268941
2640.0 97.969107257
2650.0 98.3403896982
2660.0 98.7116742523
2670.0 99.0829609539
2680.0 99.454249838
2690.0 99.8255409403
2700.0 100.196834296
2710.0 100.568129942
2720.0 100.939427915
2730.0 101.31072825
2740.0 101.682030986
2750.0 102.05333616
2760.0 102.42464381
2770.0 102.795953973
2780.0 103.167266689
2790.0 103.538581996
2800.0 103.909899933
2810.0 104.281220539
2820.0 104.652543856
2830.0 105.023869922
2840.0 105.395198777
2850.0 105.766530464
2860.0 106.137865022
2870.0 106.509202493
2880.0 106.880542918
2890.0 107.25188634
2900.0 107.623232801
2910.0 107.994582342
2920.0 108.365935007
2930.0 108.737290839
2940.0 109.108649881
2950.0 109.480012176
2960.0 109.851377768
2970.0 110.222746702
2980.0 110.594119021
2990.0 110.96549477
3000.0 111.336873993
3010.0 111.708256736
3020.0 112.079643044
3030.0 112.451032962
3040.0 112.822426535
3050.0 113.19382381
3060.0 113.565224832
3070.0 113.936629647
3080.0 114.308038302
3090.0 114.679450843
3100.0 115.050867317
3110.0 115.42228777
3120.0 115.793712249
3130.0 116.165140802
3140.0 116.536573476
3150.0 116.908010317
3160.0 117.279451373
3170.0 117.650896692
3180.0 118.022346321
3190.0 118.393800308
3200.0 118.7652587
3210.0 119.136721546
3220.0 119.508188892
3230.0 119.879660787
3240.0 120.251137279
3250.0 120.622618415
3260.0 120.994104243
3270.0 121.365594812
3280.0 121.737090168
3290.0 122.108590361
3300.0 122.480095437
3310.0 122.851605445
3320.0 123.223120431
3330.0 123.594640444
3340.0 123.966165532
3350.0 124.33769574
3360.0 124.709231118
3370.0 125.080771712
3380.0 125.452317569
3390.0 125.823868736
3400.0 126.195425259
3410.0 126.566987186
3420.0 126.938554563
3430.0 127.310127435
3440.0 127.681705849
3450.0 128.053289851
3460.0 128.424879487
3470.0 128.7964748
3480.0 129.168075837
3490.0 129.539682643
3500.0 129.911295261
3510.0 130.282913735
3520.0 130.654538111
3530.0 131.026168431
3540.0 131.397804738
3550.0 131.769447075
3560.0 132.141095485
3570.0 132.512750009
3580.0 132.88441069
3590.0 133.256077569
3600.0 133.627750686
3610.0 133.999430081
3620.0 134.371115796
3630.0 134.742807869
3640.0 135.114506338
3650.0 135.486211244
3660.0 135.857922623
3670.0 136.229640514
3680.0 136.601364952
3690.0 136.973095975
3700.0 137.344833618
3710.0 137.716577916
3720.0 138.088328905
3730.0 138.460086618
3740.0 138.831851088
3750.0 139.203622349
3760.0 139.575400431
3770.0 139.947185368
3780.0 140.31897719
3790.0 140.690775926
3800.0 141.062581606
3810.0 141.43439426
3820.0 141.806213914
3830.0 142.178040596
3840.0 142.549874333
3850.0 142.921715149
3860.0 143.293563071
3870.0 143.665418122
3880.0 144.037280326
3890.0 144.409149704
3900.0 144.78102628
3910.0 145.152910072
3920.0 145.524801103
3930.0 145.896699389
3940.0 146.268604951
3950.0 146.640517805
3960.0 147.012437967
3970.0 147.384365454
3980.0 147.756300279
3990.0 148.128242457
4000.0 148.500191999
4010.0 148.872148919
4020.0 149.244113226
4030.0 149.616084931
4040.0 149.988064042
4050.0 150.360050568
4060.0 150.732044515
4070.0 151.104045888
4080.0 151.476054694
4090.0 151.848070935
4100.0 152.220094614
4110.0 152.592125734
4120.0 152.964164294
4130.0 153.336210295
4140.0 153.708263734
4150.0 154.08032461
4160.0 154.452392919
4170.0 154.824468656
4180.0 155.196551815
4190.0 155.56864239
4200.0 155.940740372
4210.0 156.312845752
4220.0 156.684958521
4230.0 157.057078666
4240.0 157.429206175
4250.0 157.801341036
4260.0 158.173483232
4270.0 158.545632748
4280.0 158.917789568
4290.0 159.289953673
4300.0 159.662125044
4310.0 160.03430366
4320.0 160.4064895
4330.0 160.778682542
4340.0 161.15088276
4350.0 161.523090132
4360.0 161.895304629
4370.0 162.267526226
4380.0 162.639754893
4390.0 163.011990601
4400.0 163.38423332
4410.0 163.756483017
4420.0 164.128739659
4430.0 164.501003213
4440.0 164.873273643
4450.0 165.245550913
4460.0 165.617834985
4470.0 165.99012582
4480.0 166.36242338
4490.0 166.734727622
4500.0 167.107038505
4510.0 167.479355986
4520.0 167.85168002
4530.0 168.224010563
4540.0 168.596347568
4550.0 168.968690987
4560.0 169.341040772
4570.0 169.713396873
4580.0 170.08575924
4590.0 170.45812782
4600.0 170.830502562
4610.0 171.202883411
4620.0 171.575270313
4630.0 171.947663212
4640.0 172.32006205
4650.0 172.69246677
4660.0 173.064877313
4670.0 173.43729362
4680.0 173.809715629
4690.0 174.182143279
4700.0 174.554576508
4710.0 174.927015251
4720.0 175.299459444
4730.0 175.671909022
4740.0 176.044363919
4750.0 176.416824068
4760.0 176.789289399
4770.0 177.161759846
4780.0 177.534235337
4790.0 177.906715803
4800.0 178.279201173
4810.0 178.651691373
4820.0 179.024186332
4830.0 179.396685976
4840.0 179.769190231
4850.0 180.141699022
4860.0 180.514212272
4870.0 180.886729907
4880.0 181.259251848
4890.0 181.631778008
4900.0 182.004308324
4910.0 182.376842709
4920.0 182.749381084
4930.0 183.121923367
4940.0 183.494469479
4950.0 183.867019337
4960.0 184.239572861
4970.0 184.612129967
4980.0 184.984690573
4990.0 185.357254595
5000.0 185.72982195
5010.0 186.102392553
5020.0 186.47496632
5030.0 186.847543164
5040.0 187.220123002
5050.0 187.592705746
5060.0 187.965291311
5070.0 188.33787961
5080.0 188.710470556
5090.0 189.083064062
5100.0 189.45566004
5110.0 189.828258403
5120.0 190.200859063
5130.0 190.573461932
5140.0 190.946066921
5150.0 191.318673943
5160.0 191.691282907
5170.0 192.063893727
5180.0 192.436506312
5190.0 192.809120575
5200.0 193.181736426
5210.0 193.554353776
5220.0 193.926972536
5230.0 194.299592617
5240.0 194.672213931
5250.0 195.044836387
5260.0 195.417459899
5270.0 195.790084376
5280.0 196.16270973
5290.0 196.535335873
5300.0 196.907962715
5310.0 197.28059017
5320.0 197.653218149
5330.0 198.025846564
5340.0 198.398475327
5350.0 198.771104352
5360.0 199.14373355
5370.0 199.516362837
5380.0 199.888992124
5390.0 200.261621325
5400.0 200.634250356
5410.0 201.00687913
5420.0 201.379507562
5430.0 201.752135568
5440.0 202.124763064
5450.0 202.497389965
5460.0 202.870016188
5470.0 203.242641651
5480.0 203.615266271
5490.0 203.987889965
5500.0 204.360512654
5510.0 204.733134255
5520.0 205.105754688
5530.0 205.478373874
5540.0 205.850991734
5550.0 206.223608189
5560.0 206.596223161
5570.0 206.968836573
5580.0 207.341448348
5590.0 207.71405841
5600.0 208.086666684
5610.0 208.459273095
5620.0 208.83187757
5630.0 209.204480035
5640.0 209.577080418
5650.0 209.949678647
5660.0 210.322274651
5670.0 210.69486836
5680.0 211.067459705
5690.0 211.440048617
5700.0 211.812635027
5710.0 212.18521887
5720.0 212.557800079
5730.0 212.930378589
5740.0 213.302954335
5750.0 213.675527254
5760.0 214.048097282
5770.0 214.420664359
5780.0 214.793228423
5790.0 215.165789414
5800.0 215.538347273
5810.0 215.910901942
5820.0 216.283453363