0.0 0.0
120.0 4.4966828993
120.625 4.51913199581
121.25 4.54158984528
122.5 4.58653111377
123.75 4.63150537082
125.0 4.67651135085
126.25 4.72154785256
127.5 4.766613735
128.75 4.81170791402
130.0 4.85682935889
131.25 4.90197708917
132.5 4.9471501718
133.75 4.99234771837
135.0 5.03756888256
136.25 5.08281285775
137.5 5.12807887483
138.75 5.17336620007
140.0 5.21867413319
141.25 5.2640020055
142.5 5.30934917822
143.75 5.35471504085
145.0 5.40009900965
146.25 5.44550052623
147.5 5.49091905621
148.75 5.53635408798
150.0 5.58180513148
151.25 5.62727171715
152.5 5.67275339484
153.75 5.71824973284
155.0 5.76376031695
156.25 5.8092847496
157.5 5.85482264907
158.75 5.90037364862
160.0 5.94593739587
161.25 5.99151355201
162.5 6.0371017912
165.0 6.12831327645
167.5 6.21956948135
170.0 6.31086820662
172.5 6.40220740861
175.0 6.49358518544
177.5 6.5849997645
180.0 6.67644949134
182.5 6.76793281951
185.0 6.85944830157
187.5 6.9509945808
190.0 7.04257038383
192.5 7.1341745139
195.0 7.22580584481
197.5 7.31746331537
200.0 7.40914592441
202.5 7.5008527262
205.0 7.59258282633
207.5 7.68433537791
210.0 7.7761095781
212.5 7.86790466504
215.0 7.95971991488
217.5 8.05155463921
220.0 8.14340818261
222.5 8.23527992046
225.0 8.32716925694
230.0 8.51099847513
235.0 8.69489157856
240.0 8.87884466409
245.0 9.06285414264
250.0 9.24691670388
255.0 9.43102928601
260.0 9.61518904968
265.0 9.79939335555
270.0 9.98363974481
275.0 10.1679259222
280.0 10.3522497413
285.0 10.5366091913
290.0 10.7210023859
295.0 10.9054275528
300.0 11.0898830253
305.0 11.2743672336
310.0 11.458878698
315.0 11.6434160227
320.0 11.8279778896
330.0 12.1971703359
340.0 12.5664468618
350.0 12.9357992477
360.0 13.3052201171
370.0 13.6747028413
380.0 14.0442414572
390.0 14.4138305963
400.0 14.783465422
410.0 15.1531415752
420.0 15.5228551257
430.0 15.892602529
440.0 16.2623805879
450.0 16.6321864179
460.0 17.0020174165
470.0 17.3718712352
480.0 17.7417457545
490.0 18.1116390614
500.0 18.4815494295
510.0 18.8514752997
520.0 19.2214152648
530.0 19.5913680538
540.0 19.9613325186
550.0 20.3313076223
560.0 20.7012924276
570.0 21.0712860873
580.0 21.4412878354
590.0 21.811296979
600.0 22.1813128909
610.0 22.5513350034
620.0 22.9213628021
630.0 23.291395821
640.0 23.6614336372
650.0 24.0314758672
660.0 24.4015221626
670.0 24.7715722068
680.0 25.141625712
690.0 25.511682416
700.0 25.8817420802
710.0 26.2518044869
720.0 26.6218694373
730.0 26.9919367501
740.0 27.3620062592
750.0 27.7320778126
760.0 28.1021512711
770.0 28.4722265069
780.0 28.8423034025
790.0 29.21238185
800.0 29.58246175
810.0 29.9525430106
820.0 30.3226255474
830.0 30.692709282
840.0 31.062794142
850.0 31.4328800602
860.0 31.8029669744
870.0 32.1730548266
880.0 32.5431435629
890.0 32.913233133
900.0 33.2833234901
910.0 33.6534145904
920.0 34.0235063928
930.0 34.393598859
940.0 34.7636919528
950.0 35.1337856404
960.0 35.5038798899
970.0 35.8739746713
980.0 36.2440699562
990.0 36.6141657178
1000.0 36.9842619307
1010.0 37.3543585711
1020.0 37.7244556161
1030.0 38.0945530441
1040.0 38.4646508345
1050.0 38.8347489678
1060.0 39.2048474253
1070.0 39.5749461892
1080.0 39.9450452424
1090.0 40.3151445687
1100.0 40.6852441524
1110.0 41.0553439785
1120.0 41.4254440327
1130.0 41.7955443011
1140.0 42.1656447704
1150.0 42.5357454277
1160.0 42.9058462607
1170.0 43.2759472572
1180.0 43.6460484058
1190.0 44.0161496952
1200.0 44.3862511145
1210.0 44.7563526531
1220.0 45.1264543007
1230.0 45.4965560473
1240.0 45.8666578831
1250.0 46.2367597986
1260.0 46.6068617844
1270.0 46.9769638314
1280.0 47.3470659308
1290.0 47.7171680737
1300.0 48.0872702516
1310.0 48.4573724559
1320.0 48.8274746785
1330.0 49.1975769111
1340.0 49.5676791456
1350.0 49.9377813741
1360.0 50.3078835886
1370.0 50.6779857813
1380.0 51.0480879446
1390.0 51.4181900707
1400.0 51.788292152
1410.0 52.158394181
1420.0 52.5284961501
1430.0 52.8985980518
1440.0 53.2686998786
1450.0 53.6388016231
1460.0 54.0089032779
1470.0 54.3790048353
1480.0 54.7491062881
1490.0 55.1192076287
1500.0 55.4893088497
1510.0 55.8594099435
1520.0 56.2295109027
1530.0 56.5996117195
1540.0 56.9697123865
1550.0 57.339812896
1560.0 57.7099132403
1570.0 58.0800134117
1580.0 58.4501134022
1590.0 58.820213204
1600.0 59.1903128093
1610.0 59.5604122098
1620.0 59.9305113977
1630.0 60.3006103645
1640.0 60.6707091021
1650.0 61.0408076022
1660.0 61.4109058561
1670.0 61.7810038554
1680.0 62.1511015914
1690.0 62.5211990552
1700.0 62.891296238
1710.0 63.2613931307
1720.0 63.6314897242
1730.0 64.0015860093
1740.0 64.3716819765
1750.0 64.7417776162
1760.0 65.1118729188
1770.0 65.4819678744
1780.0 65.8520624732
1790.0 66.2221567049
1800.0 66.5922505593
1810.0 66.9623440259
1820.0 67.3324370941
1830.0 67.7025297532
1840.0 68.0726219923
1850.0 68.4427138001
1860.0 68.8128051655
1870.0 69.1828960769
1880.0 69.5529865228
1890.0 69.9230764911
1900.0 70.29316597
1910.0 70.6632549471
1920.0 71.03334341
1930.0 71.4034313462
1940.0 71.7735187427
1950.0 72.1436055865
1960.0 72.5136918642
1970.0 72.8837775626
1980.0 73.2538626677
1990.0 73.6239471657
2000.0 73.9940310424
2010.0 74.3641142835
2020.0 74.7341968742
2030.0 75.1042787998
2040.0 75.4743600451
2050.0 75.8444405948
2060.0 76.2145204332
2070.0 76.5845995445
2080.0 76.9546779127
2090.0 77.3247555213
2100.0 77.6948323537
2110.0 78.064908393
2120.0 78.434983622
2130.0 78.8050580234
2140.0 79.1751315795
2150.0 79.5452042721
2160.0 79.9152760832
2170.0 80.2853469941
2180.0 80.655416986
2190.0 81.0254860398
2200.0 81.3955541362
2210.0 81.7656212553
2220.0 82.1356873772
2230.0 82.5057524816
2240.0 82.8758165479
2250.0 83.2458795551
2260.0 83.6159414822
2270.0 83.9860023075
2280.0 84.3560620092
2290.0 84.7261205652
2300.0 85.096177953
2310.0 85.4662341498
2320.0 85.8362891325
2330.0 86.2063428777
2340.0 86.5763953616
2350.0 86.9464465602
2360.0 87.3164964489
2370.0 87.6865450032
2380.0 88.0565921978
2390.0 88.4266380074
2400.0 88.7966824062
2410.0 89.1667253681
2420.0 89.5367668667
2430.0 89.9068068752
2440.0 90.2768453665
2450.0 90.6468823132
2460.0 91.0169176874
2470.0 91.386951461
2480.0 91.7569836054
2490.0 92.1270140918
2500.0 92.4970428911
2510.0 92.8670699737
2520.0 93.2370953096
2530.0 93.6071188687
2540.0 93.9771406202
2550.0 94.3471605334
2560.0 94.7171785767
2570.0 95.0871947187
2580.0 95.4572089273
2590.0 95.8272211701
2600.0 96.1972314144
2610.0 96.5672396272
2620.0 96.937245775
2630.0 97.307249824
2640.0 97.6772517402
2650.0 98.047251489
2660.0 98.4172490358
2670.0 98.7872443452
2680.0 99.1572373818
2690.0 99.5272281098
2700.0 99.897216493
2710.0 100.267202495
2720.0 100.637186078
2730.0 101.007167206
2740.0 101.377145841
2750.0 101.747121946
2760.0 102.117095481
2770.0 102.487066408
2780.0 102.857034689
2790.0 103.227000285
2800.0 103.596963155
2810.0 103.966923261
2820.0 104.336880561
2830.0 104.706835016
2840.0 105.076786584
2850.0 105.446735225
2860.0 105.816680898
2870.0 106.18662356
2880.0 106.55656317
2890.0 106.926499685
2900.0 107.296433064
2910.0 107.666363263
2920.0 108.036290239
2930.0 108.406213949
2940.0 108.77613435
2950.0 109.146051397
2960.0 109.515965047
2970.0 109.885875254
2980.0 110.255781976
2990.0 110.625685166
3000.0 110.99558478
3010.0 111.365480772
3020.0 111.735373098
3030.0 112.105261711
3040.0 112.475146566
3050.0 112.845027617
3060.0 113.214904816
3070.0 113.584778119
3080.0 113.954647478
3090.0 114.324512847
3100.0 114.694374178
3110.0 115.064231425
3120.0 115.434084541
3130.0 115.803933478
3140.0 116.173778189
3150.0 116.543618626
3160.0 116.913454741
3170.0 117.283286488
3180.0 117.653113817
3190.0 118.022936682
3200.0 118.392755034
3210.0 118.762568825
3220.0 119.132378007
3230.0 119.502182533
3240.0 119.871982353
3250.0 120.24177742
3260.0 120.611567686
3270.0 120.981353103
3280.0 121.351133622
3290.0 121.720909195
3300.0 122.090679775
3310.0 122.460445313
3320.0 122.830205761
3330.0 123.199961072
3340.0 123.569711198
3350.0 123.939456091
3360.0 124.309195703
3370.0 124.678929988
3380.0 125.048658897
3390.0 125.418382384
3400.0 125.788100402
3410.0 126.157812903
3420.0 126.527519842
3430.0 126.897221171
3440.0 127.266916845
3450.0 127.636606817
3460.0 128.006291042
3470.0 128.375969475
3480.0 128.745642069
3490.0 129.11530878
3500.0 129.484969563
3510.0 129.854624374
3520.0 130.224273168
3530.0 130.593915903
3540.0 130.963552534
3550.0 131.333183018
3560.0 131.702807314
3570.0 132.072425377
3580.0 132.442037168
3590.0 132.811642643
3600.0 133.181241762
3610.0 133.550834485
3620.0 133.92042077
3630.0 134.290000579
3640.0 134.659573873
3650.0 135.029140611
3660.0 135.398700757
3670.0 135.768254273
3680.0 136.13780112
3690.0 136.507341264
3700.0 136.876874667
3710.0 137.246401295
3720.0 137.615921111
3730.0 137.985434083
3740.0 138.354940176
3750.0 138.724439358
3760.0 139.093931596
3770.0 139.463416857
3780.0 139.832895113
3790.0 140.202366331
3800.0 140.571830482
3810.0 140.941287537
3820.0 141.310737469
3830.0 141.68018025
3840.0 142.049615852
3850.0 142.41904425
3860.0 142.788465419
3870.0 143.157879335
3880.0 143.527285974
3890.0 143.896685312
3900.0 144.266077329
3910.0 144.635462003
3920.0 145.004839314
3930.0 145.374209243
3940.0 145.743571771
3950.0 146.11292688
3960.0 146.482274554
3970.0 146.851614777
3980.0 147.220947534
3990.0 147.590272811
4000.0 147.959590596
4010.0 148.328900876
4020.0 148.69820364
4030.0 149.067498878
4040.0 149.436786581
4050.0 149.806066741
4060.0 150.17533935
4070.0 150.544604403
4080.0 150.913861895
4090.0 151.283111821
4100.0 151.652354178
4110.0 152.021588965
4120.0 152.39081618
4130.0 152.760035824
4140.0 153.129247898
4150.0 153.498452403
4160.0 153.867649344
4170.0 154.236838725
4180.0 154.606020551
4190.0 154.975194829
4200.0 155.344361567
4210.0 155.713520773
4220.0 156.082672458
4230.0 156.451816632
4240.0 156.820953307
4250.0 157.190082498
4260.0 157.559204218
4270.0 157.928318483
4280.0 158.297425309
4290.0 158.666524715
4300.0 159.03561672
4310.0 159.404701343
4320.0 159.773778606
4330.0 160.142848531
4340.0 160.511911142
4350.0 160.880966463
4360.0 161.25001452
4370.0 161.619055341
4380.0 161.988088953
4390.0 162.357115386
4400.0 162.72613467
4410.0 163.095146836
4420.0 163.464151918
4430.0 163.833149949
4440.0 164.202140964
4450.0 164.571124999
4460.0 164.940102092
4470.0 165.30907228
4480.0 165.678035604
4490.0 166.046992103
4500.0 166.41594182
4510.0 166.784884798
4520.0 167.153821079
4530.0 167.52275071
4540.0 167.891673735
4550.0 168.260590204
4560.0 168.629500162
4570.0 168.998403661
4580.0 169.36730075
4590.0 169.736191481
4600.0 170.105075906
4610.0 170.473954078
4620.0 170.842826052
4630.0 171.211691885
4640.0 171.580551631
4650.0 171.949405348
4660.0 172.318253096
4670.0 172.687094934
4680.0 173.055930921
4690.0 173.42476112
4700.0 173.793585592
4710.0 174.162404401
4720.0 174.531217611
4730.0 174.900025287
4740.0 175.268827495
4750.0 175.637624302
4760.0 176.006415775
4770.0 176.375201983
4780.0 176.743982995
4790.0 177.112758881
4800.0 177.481529712
4810.0 177.85029556
4820.0 178.219056497
4830.0 178.587812597
4840.0 178.956563932
4850.0 179.325310579
4860.0 179.694052611
4870.0 180.062790105
4880.0 180.431523138
4890.0 180.800251798
4900.0 181.168976145
4910.0 181.537696268
4920.0 181.906412245
4930.0 182.275124157
4940.0 182.643832084
4950.0 183.012536107
4960.0 183.381236306
4970.0 183.749932765
4980.0 184.118625566
4990.0 184.487314791
5000.0 184.856000525
5010.0 185.22468285
5020.0 185.593361852
5030.0 185.962037615
5040.0 186.330710224
5050.0 186.699379765
5060.0 187.068046324
5070.0 187.436709986
5080.0 187.805370838
5090.0 188.174028967
5100.0 188.54268446
5110.0 188.911337404
5120.0 189.279987887
5130.0 189.648635996
5140.0 190.017281819
5150.0 190.385925444
5160.0 190.754566959
5170.0 191.123206452
5180.0 191.491844013
5190.0 191.860479728
5200.0 192.229113687
5210.0 192.597745978
5220.0 192.96637669
5230.0 193.335005911
5240.0 193.703633729
5250.0 194.072260233
5260.0 194.440885512
5270.0 194.809509653
5280.0 195.178132745
5290.0 195.546754876
5300.0 195.915376133
5310.0 196.283996604
5320.0 196.652616378
5330.0 197.02123554
5340.0 197.389854178
5350.0 197.758472379
5360.0 198.12709023
5370.0 198.495707816
5380.0 198.864325224
5390.0 199.232942539
5400.0 199.601559847
5410.0 199.970177231
5420.0 200.338794778
5430.0 200.70741257
5440.0 201.076030692
5450.0 201.444649227
5460.0 201.813268258
5470.0 202.181887866
5480.0 202.550508134
5490.0 202.919129143
5500.0 203.287750974
5510.0 203.656373706
5520.0 204.024997421
5530.0 204.393622196
5540.0 204.76224811
5550.0 205.130875242
5560.0 205.499503668
5570.0 205.868133465
5580.0 206.236764709
5590.0 206.605397475
5600.0 206.974031838
5610.0 207.342667872
5620.0 207.71130565
5630.0 208.079945245
5640.0 208.448586727
5650.0 208.817230169
5660.0 209.185875641
5670.0 209.554523211
5680.0 209.923172949
5690.0 210.291824922
5700.0 210.660479197
5710.0 211.029135841
5720.0 211.397794919
5730.0 211.766456496
5740.0 212.135120634
5750.0 212.503787398
5760.0 212.872456848
5770.0 213.241129047
5780.0 213.609804053
5790.0 213.978481926
5800.0 214.347162725
5810.0 214.715846507
5820.0 215.084533328