0.0 0.0
120.0 4.49668319911
120.625 4.51913229789
121.25 4.54159014963
122.5 4.5865314227
123.75 4.63150568436
125.0 4.67651166904
126.25 4.72154817543
127.5 4.76661406259
128.75 4.81170824637
130.0 4.85682969603
131.25 4.90197743115
132.5 4.94715051865
133.75 4.99234807012
135.0 5.03756923925
136.25 5.08281321943
137.5 5.12807924153
138.75 5.17336657183
140.0 5.21867451004
141.25 5.26400238749
142.5 5.30934956539
143.75 5.35471543323
145.0 5.40009940729
146.25 5.44550092916
147.5 5.49091946448
148.75 5.53635450162
150.0 5.58180555054
151.25 5.62727214167
152.5 5.67275382486
153.75 5.71825016839
155.0 5.76376075808
156.25 5.80928519636
157.5 5.85482310149
158.75 5.90037410676
160.0 5.94593785976
161.25 5.99151402169
162.5 6.03710226671
165.0 6.12831376378
167.5 6.21956998065
170.0 6.31086871808
172.5 6.40220793242
175.0 6.49358572177
177.5 6.58500031354
180.0 6.67645005327
182.5 6.76793339454
185.0 6.85944888987
187.5 6.95099518257
190.0 7.04257099926
192.5 7.1341751432
195.0 7.22580648818
197.5 7.31746397301
200.0 7.40914659653
202.5 7.500853413
205.0 7.59258352803
207.5 7.68433609471
210.0 7.77611031023
212.5 7.86790541271
215.0 7.95972067831
217.5 8.05155541863
220.0 8.14340897824
222.5 8.23528073254
225.0 8.32717008568
230.0 8.51099933793
235.0 8.69489247637
240.0 8.87884559789
245.0 9.06285511343
250.0 9.2469177127
255.0 9.4310303339
260.0 9.61519013772
265.0 9.79939448485
270.0 9.98364091648
275.0 10.1679271374
280.0 10.3522510012
285.0 10.5366104971
290.0 10.7210037388
295.0 10.9054289542
300.0 11.0898844764
305.0 11.2743687356
310.0 11.4588802525
315.0 11.6434176309
320.0 11.827979553
330.0 12.1971721139
340.0 12.5664487604
350.0 12.9358012733
360.0 13.3052222762
370.0 13.6747051408
380.0 14.0442439043
390.0 14.4138331984
400.0 14.783468187
410.0 15.1531445112
420.0 15.5228582412
430.0 15.8926058329
440.0 16.2623840894
450.0 16.6321901267
460.0 17.0020213426
470.0 17.3718753891
480.0 17.741750147
490.0 18.1116437041
500.0 18.4815543341
510.0 18.8514804786
520.0 19.2214207308
530.0 19.5913738202
540.0 19.9613385995
550.0 20.3313140321
560.0 20.7012991814
570.0 21.0712932008
580.0 21.4412953249
590.0 21.8113048614
600.0 22.181321184
610.0 22.5513437254
620.0 22.9213719722
630.0 23.2914054589
640.0 23.6614437636
650.0 24.0314865035
660.0 24.4015333311
670.0 24.7715839305
680.0 25.141638015
690.0 25.5116953232
700.0 25.8817556174
710.0 26.2518186809
720.0 26.6218843162
730.0 26.9919523427
740.0 27.3620225955
750.0 27.7320949238
760.0 28.1021691894
770.0 28.4722452659
780.0 28.842323037
790.0 29.2124023959
800.0 29.5824832447
810.0 29.9525654929
820.0 30.3226490573
830.0 30.6927338612
840.0 31.0628198336
850.0 31.4329069089
860.0 31.8029950263
870.0 32.1730841297
880.0 32.5431741668
890.0 32.9132650891
900.0 33.2833568516
910.0 33.6534494124
920.0 34.0235427323
930.0 34.3936367749
940.0 34.7637315062
950.0 35.1338268945
960.0 35.50392291
970.0 35.8740195249
980.0 36.2441167132
990.0 36.6142144506
1000.0 36.9843127141
1010.0 37.3544114823
1020.0 37.7245107351
1030.0 38.0946104534
1040.0 38.4647106195
1050.0 38.8348112167
1060.0 39.2049122292
1070.0 39.5750136422
1080.0 39.9451154419
1090.0 40.3152176151
1100.0 40.6853201494
1110.0 41.0554230334
1120.0 41.425526256
1130.0 41.795629807
1140.0 42.1657336769
1150.0 42.5358378564
1160.0 42.9059423372
1170.0 43.2760471111
1180.0 43.6461521708
1190.0 44.0162575093
1200.0 44.3863631199
1210.0 44.7564689966
1220.0 45.1265751337
1230.0 45.4966815258
1240.0 45.866788168
1250.0 46.2368950559
1260.0 46.6070021851
1270.0 46.9771095519
1280.0 47.3472171527
1290.0 47.7173249842
1300.0 48.0874330436
1310.0 48.4575413283
1320.0 48.8276498359
1330.0 49.1977585644
1340.0 49.567867512
1350.0 49.9379766772
1360.0 50.3080860588
1370.0 50.6781956558
1380.0 51.0483054674
1390.0 51.4184154932
1400.0 51.7885257328
1410.0 52.1586361862
1420.0 52.5287468536
1430.0 52.8988577354
1440.0 53.2689688323
1450.0 53.639080145
1460.0 54.0091916748
1470.0 54.3793034228
1480.0 54.7494153905
1490.0 55.1195275797
1500.0 55.4896399922
1510.0 55.8597526301
1520.0 56.2298654958
1530.0 56.5999785918
1540.0 56.9700919208
1550.0 57.3402054856
1560.0 57.7103192895
1570.0 58.0804333356
1580.0 58.4505476276
1590.0 58.8206621691
1600.0 59.190776964
1610.0 59.5608920164
1620.0 59.9310073306
1630.0 60.3011229112
1640.0 60.6712387627
1650.0 61.0413548901
1660.0 61.4114712986
1670.0 61.7815879933
1680.0 62.1517049797
1690.0 62.5218222636
1700.0 62.8919398509
1710.0 63.2620577477
1720.0 63.6321759602
1730.0 64.002294495
1740.0 64.3724133588
1750.0 64.7425325585
1760.0 65.1126521013
1770.0 65.4827719945
1780.0 65.8528922458
1790.0 66.2230128627
1800.0 66.5931338535
1810.0 66.9632552262
1820.0 67.3333769894
1830.0 67.7034991517
1840.0 68.0736217219
1850.0 68.4437447093
1860.0 68.813868123
1870.0 69.1839919728
1880.0 69.5541162684
1890.0 69.9242410198
1900.0 70.2943662374
1910.0 70.6644919316
1920.0 71.0346181131
1930.0 71.4047447932
1940.0 71.7748719828
1950.0 72.1449996936
1960.0 72.5151279373
1970.0 72.8852567259
1980.0 73.2553860717
1990.0 73.6255159871
2000.0 73.995646485
2010.0 74.3657775784
2020.0 74.7359092806
2030.0 75.1060416051
2040.0 75.4761745658
2050.0 75.8463081769
2060.0 76.2164424527
2070.0 76.5865774078
2080.0 76.9567130573
2090.0 77.3268494164
2100.0 77.6969865006
2110.0 78.0671243256
2120.0 78.4372629076
2130.0 78.807402263
2140.0 79.1775424085
2150.0 79.5476833609
2160.0 79.9178251377
2170.0 80.2879677565
2180.0 80.6581112349
2190.0 81.0282555914
2200.0 81.3984008444
2210.0 81.7685470127
2220.0 82.1386941154
2230.0 82.508842172
2240.0 82.8789912022
2250.0 83.2491412261
2260.0 83.6192922643
2270.0 83.9894443372
2280.0 84.3595974661
2290.0 84.7297516724
2300.0 85.0999069776
2310.0 85.470063404
2320.0 85.8402209739
2330.0 86.2103797099
2340.0 86.5805396352
2350.0 86.9507007732
2360.0 87.3208631476
2370.0 87.6910267826
2380.0 88.0611917024
2390.0 88.431357932
2400.0 88.8015254963
2410.0 89.171694421
2420.0 89.5418647319
2430.0 89.912036455
2440.0 90.282209617
2450.0 90.6523842447
2460.0 91.0225603654
2470.0 91.3927380067
2480.0 91.7629171964
2490.0 92.1330979629
2500.0 92.5032803349
2510.0 92.8734643414
2520.0 93.2436500118
2530.0 93.6138373758
2540.0 93.9840264635
2550.0 94.3542173053
2560.0 94.7244099321
2570.0 95.0946043751
2580.0 95.4648006657
2590.0 95.8349988359
2600.0 96.2051989179
2610.0 96.5754009444
2620.0 96.9456049482
2630.0 97.3158109628
2640.0 97.6860190217
2650.0 98.056229159
2660.0 98.4264414091
2670.0 98.7966558068
2680.0 99.1668723871
2690.0 99.5370911854
2700.0 99.9073122375
2710.0 100.27753558
2720.0 100.647761248
2730.0 101.01798928
2740.0 101.388219712
2750.0 101.758452582
2760.0 102.128687927
2770.0 102.498925787
2780.0 102.869166199
2790.0 103.239409202
2800.0 103.609654835
2810.0 103.979903138
2820.0 104.35015415
2830.0 104.720407912
2840.0 105.090664464
2850.0 105.460923846
2860.0 105.8311861
2870.0 106.201451267
2880.0 106.571719389
2890.0 106.941990507
2900.0 107.312264663
2910.0 107.682541901
2920.0 108.052822262
2930.0 108.42310579
2940.0 108.793392528
2950.0 109.163682519
2960.0 109.533975807
2970.0 109.904272437
2980.0 110.274572452
2990.0 110.644875897
3000.0 111.015182817
3010.0 111.385493256
3020.0 111.75580726
3030.0 112.126124873
3040.0 112.496446143
3050.0 112.866771114
3060.0 113.237099832
3070.0 113.607432343
3080.0 113.977768694
3090.0 114.348108931
3100.0 114.718453101
3110.0 115.08880125
3120.0 115.459153426
3130.0 115.829509675
3140.0 116.199870044
3150.0 116.570234582
3160.0 116.940603334
3170.0 117.310976349
3180.0 117.681353674
3190.0 118.051735357
3200.0 118.422121445
3210.0 118.792511987
3220.0 119.162907029
3230.0 119.53330662
3240.0 119.903710808
3250.0 120.27411964
3260.0 120.644533165
3270.0 121.014951429
3280.0 121.385374482
3290.0 121.755802371
3300.0 122.126235143
3310.0 122.496672846
3320.0 122.867115529
3330.0 123.237563238
3340.0 123.608016022
3350.0 123.978473927
3360.0 124.348937001
3370.0 124.71940529
3380.0 125.089878843
3390.0 125.460357706
3400.0 125.830841926
3410.0 126.201331549
3420.0 126.571826621
3430.0 126.94232719
3440.0 127.3128333
3450.0 127.683344998
3460.0 128.05386233
3470.0 128.424385339
3480.0 128.794914073
3490.0 129.165448574
3500.0 129.535988888
3510.0 129.906535059
3520.0 130.277087131
3530.0 130.647645146
3540.0 131.01820915
3550.0 131.388779183
3560.0 131.759355289
3570.0 132.129937509
3580.0 132.500525886
3590.0 132.871120461
3600.0 133.241721274
3610.0 133.612328366
3620.0 133.982941776
3630.0 134.353561545
3640.0 134.724187711
3650.0 135.094820313
3660.0 135.465459388
3670.0 135.836104974
3680.0 136.206757109
3690.0 136.577415828
3700.0 136.948081167
3710.0 137.318753162
3720.0 137.689431846
3730.0 138.060117255
3740.0 138.430809421
3750.0 138.801508378
3760.0 139.172214157
3770.0 139.54292679
3780.0 139.913646307
3790.0 140.28437274
3800.0 140.655106116
3810.0 141.025846466
3820.0 141.396593816
3830.0 141.767348194
3840.0 142.138109627
3850.0 142.508878139
3860.0 142.879653757
3870.0 143.250436505
3880.0 143.621226404
3890.0 143.992023479
3900.0 144.36282775
3910.0 144.733639239
3920.0 145.104457965
3930.0 145.475283948
3940.0 145.846117206
3950.0 146.216957756
3960.0 146.587805614
3970.0 146.958660797
3980.0 147.329523318
3990.0 147.700393192
4000.0 148.071270431
4010.0 148.442155046
4020.0 148.81304705
4030.0 149.183946451
4040.0 149.554853258
4050.0 149.92576748
4060.0 150.296689122
4070.0 150.667618192
4080.0 151.038554694
4090.0 151.409498631
4100.0 151.780450006
4110.0 152.151408822
4120.0 152.522375078
4130.0 152.893348775
4140.0 153.264329911
4150.0 153.635318483
4160.0 154.006314488
4170.0 154.377317921
4180.0 154.748328776
4190.0 155.119347047
4200.0 155.490372725
4210.0 155.861405801
4220.0 156.232446266
4230.0 156.603494107
4240.0 156.974549313
4250.0 157.345611869
4260.0 157.716681761
4270.0 158.087758974
4280.0 158.45884349
4290.0 158.829935291
4300.0 159.201034358
4310.0 159.57214067
4320.0 159.943254206
4330.0 160.314374944
4340.0 160.685502858
4350.0 161.056637926
4360.0 161.427780119
4370.0 161.798929412
4380.0 162.170085775
4390.0 162.541249179
4400.0 162.912419594
4410.0 163.283596987
4420.0 163.654781326
4430.0 164.025972576
4440.0 164.397170702
4450.0 164.768375668
4460.0 165.139587436
4470.0 165.510805967
4480.0 165.882031223
4490.0 166.253263161
4500.0 166.62450174
4510.0 166.995746917
4520.0 167.366998648
4530.0 167.738256886
4540.0 168.109521587
4550.0 168.480792702
4560.0 168.852070183
4570.0 169.223353981
4580.0 169.594644044
4590.0 169.96594032
4600.0 170.337242758
4610.0 170.708551304
4620.0 171.079865901
4630.0 171.451186496
4640.0 171.82251303
4650.0 172.193845446
4660.0 172.565183686
4670.0 172.936527688
4680.0 173.307877394
4690.0 173.67923274
4700.0 174.050593665
4710.0 174.421960104
4720.0 174.793331993
4730.0 175.164709268
4740.0 175.536091861
4750.0 175.907479705
4760.0 176.278872733
4770.0 176.650270875
4780.0 177.021674063
4790.0 177.393082225
4800.0 177.76449529
4810.0 178.135913187
4820.0 178.507335842
4830.0 178.878763182
4840.0 179.250195133
4850.0 179.62163162
4860.0 179.993072566
4870.0 180.364517897
4880.0 180.735967534
4890.0 181.10742139
4900.0 181.478879403
4910.0 181.850341484
4920.0 182.221807554
4930.0 182.593277534
4940.0 182.964751341
4950.0 183.336228896
4960.0 183.707710116
4970.0 184.079194918
4980.0 184.45068322
4990.0 184.822174938
5000.0 185.193669989
5010.0 185.565168288
5020.0 185.936669751
5030.0 186.308174292
5040.0 186.679681825
5050.0 187.051192266
5060.0 187.422705527
5070.0 187.794221522
5080.0 188.165740164
5090.0 188.537261366
5100.0 188.90878504
5110.0 189.280311099
5120.0 189.651839455
5130.0 190.02337002
5140.0 190.394902706
5150.0 190.766437423
5160.0 191.137974084
5170.0 191.5095126
5180.0 191.881052881
5190.0 192.25259484
5200.0 192.624138387
5210.0 192.995683433
5220.0 193.367229889
5230.0 193.738777666
5240.0 194.110326676
5250.0 194.481876829
5260.0 194.853428036
5270.0 195.224980209
5280.0 195.596533259
5290.0 195.968087098
5300.0 196.339641637
5310.0 196.711196788
5320.0 197.082752463
5330.0 197.454308573
5340.0 197.825865033
5350.0 198.197421754
5360.0 198.568978648
5370.0 198.940535631
5380.0 199.312092614
5390.0 199.683649512
5400.0 200.055206238
5410.0 200.426762708
5420.0 200.798318837
5430.0 201.169874539
5440.0 201.541429731
5450.0 201.912984328
5460.0 202.284538247
5470.0 202.656091406
5480.0 203.027643722
5490.0 203.399195112
5500.0 203.770745497
5510.0 204.142294794
5520.0 204.513842923
5530.0 204.885389806
5540.0 205.256935362
5550.0 205.628479512
5560.0 206.00002218
5570.0 206.371563288
5580.0 206.743102759
5590.0 207.114640518
5600.0 207.486176488
5610.0 207.857710595
5620.0 208.229242766
5630.0 208.600772928
5640.0 208.972301007
5650.0 209.343826932
5660.0 209.715350632
5670.0 210.086872037
5680.0 210.458391078
5690.0 210.829907685
5700.0 211.201421792
5710.0 211.572933331
5720.0 211.944442236
5730.0 212.315948442
5740.0 212.687451884
5750.0 213.058952499
5760.0 213.430450224
5770.0 213.801944997
5780.0 214.173436757
5790.0 214.544925444
5800.0 214.916410999
5810.0 215.287893363
5820.0 215.65937248