0.0 0.0
120.0 4.50304349323
120.625 4.52552571854
121.25 4.54801669681
122.5 4.59302422295
123.75 4.63806473767
125.0 4.68313697542
126.25 4.72823973487
127.5 4.77337187509
128.75 4.81853231193
130.0 4.86372001466
131.25 4.90893400284
132.5 4.9541733434
133.75 4.99943714794
135.0 5.04472457013
136.25 5.09003480337
137.5 5.13536707854
138.75 5.1807206619
140.0 5.22609485318
141.25 5.27148898369
142.5 5.31690241465
143.75 5.36233453556
145.0 5.40778476268
146.25 5.45325253762
147.5 5.498737326
148.75 5.5442386162
150.0 5.58975591819
151.25 5.63528876238
152.5 5.68083669863
153.75 5.72639929523
155.0 5.77197613798
156.25 5.81756682933
157.5 5.86317098752
158.75 5.90878824585
160.0 5.95441825191
161.25 6.00006066691
162.5 6.045715165
165.0 6.13705916819
167.5 6.22844789119
170.0 6.31987913475
172.5 6.41135085522
175.0 6.50286115069
177.5 6.59440824859
180.0 6.68599049445
182.5 6.77760634184
185.0 6.8692543433
187.5 6.96093314213
190.0 7.05264146495
192.5 7.14437811501
195.0 7.23614196612
197.5 7.32793195708
200.0 7.41974708672
202.5 7.51158640933
205.0 7.60344903048
207.5 7.69533410329
210.0 7.78724082494
212.5 7.87916843354
215.0 7.97111620528
217.5 8.06308345171
220.0 8.15506951746
222.5 8.24707377788
225.0 8.33909563716
230.0 8.52318990165
235.0 8.70734805236
240.0 8.89156618613
245.0 9.07584071392
250.0 9.26016832545
255.0 9.4445459589
260.0 9.62897077498
265.0 9.81344013436
270.0 9.99795157825
275.0 10.1825028114
280.0 10.3670916875
285.0 10.5517161956
290.0 10.7363744496
295.0 10.9210646772
300.0 11.1057852117
305.0 11.2905344832
310.0 11.4753110123
315.0 11.660113403
320.0 11.8449403373
330.0 12.2146629227
340.0 12.5844695938
350.0 12.9543521311
360.0 13.3243031585
370.0 13.6943160477
380.0 14.0643848357
390.0 14.4345041543
400.0 14.8046691674
410.0 15.1748755161
420.0 15.5451192706
430.0 15.9153968868
440.0 16.2857051678
450.0 16.6560412296
460.0 17.0264024701
470.0 17.396786541
480.0 17.7671913235
490.0 18.1376149051
500.0 18.5080555595
510.0 18.8785117286
520.0 19.2489820053
530.0 19.6194651192
540.0 19.989959923
550.0 20.3604653801
560.0 20.7309805539
570.0 21.1015045978
580.0 21.4720367465
590.0 21.8425763075
600.0 22.2131226545
610.0 22.5836752205
620.0 22.9542334918
630.0 23.324797003
640.0 23.6953653323
650.0 24.0659380967
660.0 24.4365149487
670.0 24.8070955727
680.0 25.1776796816
690.0 25.5482670143
700.0 25.9188573331
710.0 26.2894504211
720.0 26.6600460809
730.0 27.0306441319
740.0 27.4012444092
750.0 27.771846762
760.0 28.1424510522
770.0 28.5130571532
780.0 28.8836649487
790.0 29.2542743322
800.0 29.6248852055
810.0 29.9954974782
820.0 30.3661110672
830.0 30.7367258955
840.0 31.1073418924
850.0 31.4779589922
860.0 31.8485771342
870.0 32.2191962621
880.0 32.5898163237
890.0 32.9604372705
900.0 33.3310590575
910.0 33.7016816428
920.0 34.0723049872
930.0 34.4429290543
940.0 34.8135538101
950.0 35.1841792229
960.0 35.5548052629
970.0 35.9254319023
980.0 36.2960591152
990.0 36.6666868771
1000.0 37.0373151651
1010.0 37.4079439578
1020.0 37.7785732351
1030.0 38.1492029779
1040.0 38.5198331685
1050.0 38.8904637902
1060.0 39.2610948272
1070.0 39.6317262648
1080.0 40.0023580889
1090.0 40.3729902866
1100.0 40.7436228455
1110.0 41.114255754
1120.0 41.4848890011
1130.0 41.8555225767
1140.0 42.226156471
1150.0 42.596790675
1160.0 42.9674251803
1170.0 43.3380599788
1180.0 43.708695063
1190.0 44.0793304259
1200.0 44.4499660611
1210.0 44.8206019623
1220.0 45.1912381239
1230.0 45.5618745405
1240.0 45.9325112073
1250.0 46.3031481196
1260.0 46.6737852734
1270.0 47.0444226646
1280.0 47.4150602899
1290.0 47.785698146
1300.0 48.1563362299
1310.0 48.526974539
1320.0 48.8976130712
1330.0 49.2682518242
1340.0 49.6388907963
1350.0 50.0095299861
1360.0 50.3801693922
1370.0 50.7508090137
1380.0 51.1214488498
1390.0 51.4920889
1400.0 51.8627291641
1410.0 52.2333696421
1420.0 52.604010334
1430.0 52.9746512403
1440.0 53.3452923617
1450.0 53.715933699
1460.0 54.0865752532
1470.0 54.4572170257
1480.0 54.827859018
1490.0 55.1985012316
1500.0 55.5691436687
1510.0 55.9397863311
1520.0 56.3104292213
1530.0 56.6810723418
1540.0 57.0517156953
1550.0 57.4223592846
1560.0 57.793003113
1570.0 58.1636471837
1580.0 58.5342915001
1590.0 58.9049360661
1600.0 59.2755808855
1610.0 59.6462259625
1620.0 60.0168713012
1630.0 60.3875169063
1640.0 60.7581627823
1650.0 61.1288089343
1660.0 61.4994553672
1670.0 61.8701020864
1680.0 62.2407490974
1690.0 62.6113964058
1700.0 62.9820440176
1710.0 63.3526919389
1720.0 63.7233401759
1730.0 64.0939887352
1740.0 64.4646376235
1750.0 64.8352868477
1760.0 65.205936415
1770.0 65.5765863328
1780.0 65.9472366085
1790.0 66.31788725
1800.0 66.6885382653
1810.0 67.0591896625
1820.0 67.4298414502
1830.0 67.800493637
1840.0 68.1711462317
1850.0 68.5417992436
1860.0 68.9124526819
1870.0 69.2831065561
1880.0 69.6537608762
1890.0 70.0244156522
1900.0 70.3950708942
1910.0 70.7657266129
1920.0 71.136382819
1930.0 71.5070395235
1940.0 71.8776967377
1950.0 72.248354473
1960.0 72.6190127412
1970.0 72.9896715544
1980.0 73.3603309246
1990.0 73.7309908646
2000.0 74.101651387
2010.0 74.4723125049
2020.0 74.8429742315
2030.0 75.2136365806
2040.0 75.5842995658
2050.0 75.9549632014
2060.0 76.3256275017
2070.0 76.6962924814
2080.0 77.0669581554
2090.0 77.437624539
2100.0 77.8082916476
2110.0 78.1789594972
2120.0 78.5496281037
2130.0 78.9202974836
2140.0 79.2909676536
2150.0 79.6616386306
2160.0 80.0323104319
2170.0 80.4029830751
2180.0 80.7736565781
2190.0 81.1443309591
2200.0 81.5150062365
2210.0 81.8856824293
2220.0 82.2563595565
2230.0 82.6270376376
2240.0 82.9977166924
2250.0 83.3683967409
2260.0 83.7390778035
2270.0 84.109759901
2280.0 84.4804430544
2290.0 84.8511272851
2300.0 85.2218126149
2310.0 85.5924990658
2320.0 85.9631866601
2330.0 86.3338754207
2340.0 86.7045653705
2350.0 87.075256533
2360.0 87.445948932
2370.0 87.8166425914
2380.0 88.1873375357
2390.0 88.5580337898
2400.0 88.9287313787
2410.0 89.2994303279
2420.0 89.6701306633
2430.0 90.0408324109
2440.0 90.4115355974
2450.0 90.7822402496
2460.0 91.1529463948
2470.0 91.5236540606
2480.0 91.8943632748
2490.0 92.2650740659
2500.0 92.6357864624
2510.0 93.0065004934
2520.0 93.3772161883
2530.0 93.7479335768
2540.0 94.118652689
2550.0 94.4893735553
2560.0 94.8600962066
2570.0 95.2308206741
2580.0 95.6015469892
2590.0 95.972275184
2600.0 96.3430052905
2610.0 96.7137373414
2620.0 97.0844713698
2630.0 97.4552074088
2640.0 97.8259454923
2650.0 98.1966856541
2660.0 98.5674279288
2670.0 98.9381723509
2680.0 99.3089189557
2690.0 99.6796677785
2700.0 100.050418855
2710.0 100.421172222
2720.0 100.791927915
2730.0 101.162685971
2740.0 101.533446427
2750.0 101.904209322
2760.0 102.274974692
2770.0 102.645742576
2780.0 103.016513012
2790.0 103.38728604
2800.0 103.758061697
2810.0 104.128840025
2820.0 104.499621062
2830.0 104.870404848
2840.0 105.241191424
2850.0 105.611980831
2860.0 105.98277311
2870.0 106.353568302
2880.0 106.724366448
2890.0 107.09516759
2900.0 107.465971771
2910.0 107.836779033
2920.0 108.207589419
2930.0 108.578402971
2940.0 108.949219734
2950.0 109.320039749
2960.0 109.690863062
2970.0 110.061689716
2980.0 110.432519756
2990.0 110.803353226
3000.0 111.17419017
3010.0 111.545030633
3020.0 111.915874662
3030.0 112.2867223
3040.0 112.657573594
3050.0 113.028428589
3060.0 113.399287332
3070.0 113.770149867
3080.0 114.141016243
3090.0 114.511886505
3100.0 114.882760699
3110.0 115.253638873
3120.0 115.624521073
3130.0 115.995407347
3140.0 116.366297741
3150.0 116.737192302
3160.0 117.108091079
3170.0 117.478994119
3180.0 117.849901468
3190.0 118.220813176
3200.0 118.591729289
3210.0 118.962649854
3220.0 119.333574921
3230.0 119.704504537
3240.0 120.075438749
3250.0 120.446377606
3260.0 120.817321155
3270.0 121.188269444
3280.0 121.559222521
3290.0 121.930180434
3300.0 122.301143231
3310.0 122.672110959
3320.0 123.043083666
3330.0 123.4140614
3340.0 123.785044208
3350.0 124.156032138
3360.0 124.527025236
3370.0 124.89802355
3380.0 125.269027128
3390.0 125.640036015
3400.0 126.011050259
3410.0 126.382069907
3420.0 126.753095004
3430.0 127.124125597
3440.0 127.495161732
3450.0 127.866203454
3460.0 128.23725081
3470.0 128.608303844
3480.0 128.979362602
3490.0 129.350427128
3500.0 129.721497467
3510.0 130.092573662
3520.0 130.463655758
3530.0 130.834743798
3540.0 131.205837826
3550.0 131.576937884
3560.0 131.948044014
3570.0 132.319156259
3580.0 132.690274661
3590.0 133.06139926
3600.0 133.432530097
3610.0 133.803667214
3620.0 134.174810649
3630.0 134.545960442
3640.0 134.917116633
3650.0 135.288279259
3660.0 135.659448359
3670.0 136.03062397
3680.0 136.401806129
3690.0 136.772994872
3700.0 137.144190236
3710.0 137.515392255
3720.0 137.886600964
3730.0 138.257816397
3740.0 138.629038588
3750.0 139.000267569
3760.0 139.371503373
3770.0 139.74274603
3780.0 140.113995572
3790.0 140.485252029
3800.0 140.85651543
3810.0 141.227785804
3820.0 141.599063179
3830.0 141.970347581
3840.0 142.341639038
3850.0 142.712937576
3860.0 143.084243218
3870.0 143.45555599
3880.0 143.826875914
3890.0 144.198203013
3900.0 144.569537309
3910.0 144.940878822
3920.0 145.312227573
3930.0 145.683583581
3940.0 146.054946863
3950.0 146.426317437
3960.0 146.79769532
3970.0 147.169080527
3980.0 147.540473073
3990.0 147.911872971
4000.0 148.283280235
4010.0 148.654694875
4020.0 149.026116903
4030.0 149.397546328
4040.0 149.76898316
4050.0 150.140427406
4060.0 150.511879073
4070.0 150.883338168
4080.0 151.254804694
4090.0 151.626278655
4100.0 151.997760055
4110.0 152.369248896
4120.0 152.740745176
4130.0 153.112248898
4140.0 153.483760058
4150.0 153.855278654
4160.0 154.226804684
4170.0 154.598338141
4180.0 154.969879021
4190.0 155.341427316
4200.0 155.712983019
4210.0 156.08454612
4220.0 156.456116609
4230.0 156.827694475
4240.0 157.199279705
4250.0 157.570872286
4260.0 157.942472203
4270.0 158.31407944
4280.0 158.68569398
4290.0 159.057315805
4300.0 159.428944897
4310.0 159.800581234
4320.0 160.172224794
4330.0 160.543875556
4340.0 160.915533496
4350.0 161.287198587
4360.0 161.658870806
4370.0 162.030550123
4380.0 162.40223651
4390.0 162.773929939
4400.0 163.145630378
4410.0 163.517337796
4420.0 163.889052159
4430.0 164.260773434
4440.0 164.632501584
4450.0 165.004236575
4460.0 165.375978367
4470.0 165.747726923
4480.0 166.119482203
4490.0 166.491244166
4500.0 166.86301277
4510.0 167.234787971
4520.0 167.606569726
4530.0 167.978357989
4540.0 168.350152715
4550.0 168.721953854
4560.0 169.09376136
4570.0 169.465575182
4580.0 169.837395269
4590.0 170.20922157
4600.0 170.581054033
4610.0 170.952892603
4620.0 171.324737225
4630.0 171.696587844
4640.0 172.068444403
4650.0 172.440306843
4660.0 172.812175107
4670.0 173.184049134
4680.0 173.555928864
4690.0 173.927814235
4700.0 174.299705184
4710.0 174.671601648
4720.0 175.043503562
4730.0 175.415410861
4740.0 175.787323478
4750.0 176.159241347
4760.0 176.531164399
4770.0 176.903092566
4780.0 177.275025779
4790.0 177.646963965
4800.0 178.018907055
4810.0 178.390854976
4820.0 178.762807656
4830.0 179.13476502
4840.0 179.506726996
4850.0 179.878693507
4860.0 180.250664478
4870.0 180.622639833
4880.0 180.994619495
4890.0 181.366603375
4900.0 181.738591412
4910.0 182.110583518
4920.0 182.482579613
4930.0 182.854579617
4940.0 183.226583449
4950.0 183.598591028
4960.0 183.970602272
4970.0 184.342617099
4980.0 184.714635426
4990.0 185.086657169
5000.0 185.458682244
5010.0 185.830710568
5020.0 186.202742055
5030.0 186.57477662
5040.0 186.946814178
5050.0 187.318854643
5060.0 187.690897929
5070.0 188.062943948
5080.0 188.434992615
5090.0 188.807043841
5100.0 189.17909754
5110.0 189.551153624
5120.0 189.923212004
5130.0 190.295272594
5140.0 190.667335304
5150.0 191.039400045
5160.0 191.411466731
5170.0 191.783535271
5180.0 192.155605577
5190.0 192.52767756
5200.0 192.899751132
5210.0 193.271826202
5220.0 193.643902683
5230.0 194.015980485
5240.0 194.388059519
5250.0 194.760139696
5260.0 195.132220928
5270.0 195.504303126
5280.0 195.8763862
5290.0 196.248470064
5300.0 196.620554627
5310.0 196.992639802
5320.0 197.364725502
5330.0 197.736811637
5340.0 198.108898121
5350.0 198.480984866
5360.0 198.853071786
5370.0 199.225158792
5380.0 199.5972458
5390.0 199.969332722
5400.0 200.341419473
5410.0 200.713505968
5420.0 201.085592121
5430.0 201.457677848
5440.0 201.829763064
5450.0 202.201847686
5460.0 202.57393163
5470.0 202.946014813
5480.0 203.318097153
5490.0 203.690178568
5500.0 204.062258977
5510.0 204.434338299
5520.0 204.806416453
5530.0 205.17849336
5540.0 205.55056894
5550.0 205.922643115
5560.0 206.294715808
5570.0 206.66678694
5580.0 207.038856436
5590.0 207.410924219
5600.0 207.782990213
5610.0 208.155054345
5620.0 208.527116541
5630.0 208.899176727
5640.0 209.27123483
5650.0 209.64329078
5660.0 210.015344504
5670.0 210.387395934
5680.0 210.759444999
5690.0 211.131491631
5700.0 211.503535763
5710.0 211.875577326
5720.0 212.247616256
5730.0 212.619652486
5740.0 212.991685953
5750.0 213.363716592
5760.0 213.735744341
5770.0 214.107769139
5780.0 214.479790923
5790.0 214.851809635
5800.0 215.223825214
5810.0 215.595837604
5820.0 215.967846745