0.0 0.0
120.0 4.50016854642
120.625 4.52263579735
121.25 4.54511180124
122.5 4.59008937858
123.75 4.63509994447
125.0 4.68014223335
126.25 4.7252150439
127.5 4.77031723519
128.75 4.81544772306
130.0 4.86060547677
131.25 4.9057895159
132.5 4.95099890738
133.75 4.99623276279
135.0 5.04149023582
136.25 5.08677051986
137.5 5.13207284579
138.75 5.17739647987
140.0 5.22274072183
141.25 5.26810490299
142.5 5.31348838456
143.75 5.35889055603
145.0 5.40431083368
146.25 5.4497486591
147.5 5.49520349793
148.75 5.54067483854
150.0 5.58616219089
151.25 5.6316650854
152.5 5.67718307194
153.75 5.72271571878
155.0 5.76826261173
156.25 5.81382335324
157.5 5.85939756154
158.75 5.90498486995
160.0 5.95058492604
161.25 5.99619739102
162.5 6.04182193905
165.0 6.133106042
167.5 6.22443486458
170.0 6.31580620755
172.5 6.40721802723
175.0 6.49866842175
177.5 6.5901556185
180.0 6.68167796303
182.5 6.7732339089
185.0 6.86482200864
187.5 6.95644090556
190.0 7.04808932628
192.5 7.13976607404
195.0 7.23147002264
197.5 7.3232001109
200.0 7.41495533763
202.5 7.50673475711
205.0 7.59853747493
207.5 7.69036264419
210.0 7.78220946208
212.5 7.87407716671
215.0 7.96596503424
217.5 8.05787237625
220.0 8.14979853734
222.5 8.24174289289
225.0 8.33370484705
230.0 8.51767930063
235.0 8.70171763944
240.0 8.88581596035
245.0 9.06997067428
250.0 9.2541784709
255.0 9.43843628841
260.0 9.62274128746
265.0 9.80709082871
270.0 9.99148245336
275.0 10.1759138661
280.0 10.3603829206
285.0 10.544887606
290.0 10.7294260359
295.0 10.9139964383
300.0 11.0985971461
305.0 11.2832265898
310.0 11.4678832896
315.0 11.6525658497
320.0 11.837272952
330.0 12.2067558691
340.0 12.5763228657
350.0 12.9459657223
360.0 13.3156770624
370.0 13.6854502574
380.0 14.0552793442
390.0 14.425158954
400.0 14.7950842504
410.0 15.1650508744
420.0 15.5350548956
430.0 15.9050927697
440.0 16.2751612994
450.0 16.6452576002
460.0 17.0153790695
470.0 17.385523359
480.0 17.755688349
490.0 18.1258721267
500.0 18.4960729655
510.0 18.8662893065
520.0 19.2365197424
530.0 19.6067630021
540.0 19.9770179377
550.0 20.3472835122
560.0 20.7175587882
570.0 21.0878429187
580.0 21.4581351376
590.0 21.8284347519
600.0 22.1987411346
610.0 22.5690537178
620.0 22.9393719873
630.0 23.3096954769
640.0 23.6800237639
650.0 24.0503564647
660.0 24.4206932308
670.0 24.7910337458
680.0 25.1613777217
690.0 25.5317248965
700.0 25.9020750315
710.0 26.2724279089
720.0 26.6427833302
730.0 27.0131411137
740.0 27.3835010935
750.0 27.7538631177
760.0 28.124227047
770.0 28.4945927535
780.0 28.8649601199
790.0 29.2353290382
800.0 29.6056994089
810.0 29.9760711403
820.0 30.3464441478
830.0 30.7168183532
840.0 31.0871936839
850.0 31.4575700729
860.0 31.8279474579
870.0 32.1983257808
880.0 32.5687049878
890.0 32.9390850288
900.0 33.3094658566
910.0 33.6798474277
920.0 34.0502297009
930.0 34.4206126378
940.0 34.7909962024
950.0 35.1613803608
960.0 35.531765081
970.0 35.9021503331
980.0 36.2725360888
990.0 36.6429223211
1000.0 37.0133090049
1010.0 37.383696116
1020.0 37.7540836317
1030.0 38.1244715305
1040.0 38.4948597917
1050.0 38.8652483957
1060.0 39.235637324
1070.0 39.6060265586
1080.0 39.9764160826
1090.0 40.3468058796
1100.0 40.7171959341
1110.0 41.087586231
1120.0 41.4579767559
1130.0 41.8283674951
1140.0 42.1987584352
1150.0 42.5691495632
1160.0 42.9395408669
1170.0 43.3099323343
1180.0 43.6803239537
1190.0 44.0507157138
1200.0 44.4211076039
1210.0 44.7914996132
1220.0 45.1618917316
1230.0 45.5322839489
1240.0 45.9026762555
1250.0 46.2730686417
1260.0 46.6434610983
1270.0 47.0138536161
1280.0 47.3842461862
1290.0 47.7546387999
1300.0 48.1250314485
1310.0 48.4954241237
1320.0 48.865816817
1330.0 49.2362095203
1340.0 49.6066022256
1350.0 49.9769949248
1360.0 50.3473876101
1370.0 50.7177802736
1380.0 51.0881729076
1390.0 51.4585655045
1400.0 51.8289580566
1410.0 52.1993505563
1420.0 52.5697429962
1430.0 52.9401353686
1440.0 53.3105276662
1450.0 53.6809198815
1460.0 54.051312007
1470.0 54.4217040352
1480.0 54.7920959588
1490.0 55.1624877701
1500.0 55.5328794619
1510.0 55.9032710264
1520.0 56.2736624563
1530.0 56.644053744
1540.0 57.0144448817
1550.0 57.384835862
1560.0 57.7552266771
1570.0 58.1256173191
1580.0 58.4960077804
1590.0 58.866398053
1600.0 59.236788129
1610.0 59.6071780004
1620.0 59.9775676589
1630.0 60.3479570966
1640.0 60.7183463049
1650.0 61.0887352757
1660.0 61.4591240004
1670.0 61.8295124705
1680.0 62.1999006772
1690.0 62.5702886118
1700.0 62.9406762653
1710.0 63.3110636288
1720.0 63.6814506931
1730.0 64.0518374489
1740.0 64.4222238868
1750.0 64.7926099973
1760.0 65.1629957707
1770.0 65.5333811971
1780.0 65.9037662666
1790.0 66.2741509691
1800.0 66.6445352942
1810.0 67.0149192316
1820.0 67.3853027706
1830.0 67.7556859005
1840.0 68.1260686103
1850.0 68.4964508889
1860.0 68.866832725
1870.0 69.2372141072
1880.0 69.6075950238
1890.0 69.9779754629
1900.0 70.3483554125
1910.0 70.7187348604
1920.0 71.0891137941
1930.0 71.459492201
1940.0 71.8298700682
1950.0 72.2002473828
1960.0 72.5706241313
1970.0 72.9410003004
1980.0 73.3113758763
1990.0 73.681750845
2000.0 74.0521251925
2010.0 74.4224989043
2020.0 74.7928719658
2030.0 75.1632443622
2040.0 75.5336160782
2050.0 75.9039870987
2060.0 76.2743574079
2070.0 76.6447269899
2080.0 77.0150958288
2090.0 77.3854639082
2100.0 77.7558312113
2110.0 78.1261977214
2120.0 78.4965634212
2130.0 78.8669282934
2140.0 79.2372923202
2150.0 79.6076554836
2160.0 79.9780177654
2170.0 80.3483791471
2180.0 80.7187396097
2190.0 81.0890991343
2200.0 81.4594577014
2210.0 81.8298152912
2220.0 82.2001718839
2230.0 82.570527459
2240.0 82.9408819961
2250.0 83.3112354741
2260.0 83.6815878719
2270.0 84.051939168
2280.0 84.4222893405
2290.0 84.7926383672
2300.0 85.1629862258
2310.0 85.5333328933
2320.0 85.9036783468
2330.0 86.2740225627
2340.0 86.6443655174
2350.0 87.0147071867
2360.0 87.3850475462
2370.0 87.7553865712
2380.0 88.1257242366
2390.0 88.4960605169
2400.0 88.8663953864
2410.0 89.2367288191
2420.0 89.6070607885
2430.0 89.9773912678
2440.0 90.3477202298
2450.0 90.7180476472
2460.0 91.0883734922
2470.0 91.4586977365
2480.0 91.8290203517
2490.0 92.1993413089
2500.0 92.5696605789
2510.0 92.9399781322
2520.0 93.3102939389
2530.0 93.6806079687
2540.0 94.050920191
2550.0 94.4212305749
2560.0 94.791539089
2570.0 95.1618457017
2580.0 95.5321503811
2590.0 95.9024530946
2600.0 96.2727538097
2610.0 96.6430524932
2620.0 97.0133491117
2630.0 97.3836436315
2640.0 97.7539360184
2650.0 98.124226238
2660.0 98.4945142555
2670.0 98.8648000356
2680.0 99.235083543
2690.0 99.6053647417
2700.0 99.9756435956
2710.0 100.345920068
2720.0 100.716194122
2730.0 101.086465721
2740.0 101.456734827
2750.0 101.827001402
2760.0 102.197265408
2770.0 102.567526806
2780.0 102.937785558
2790.0 103.308041624
2800.0 103.678294965
2810.0 104.048545541
2820.0 104.418793312
2830.0 104.789038238
2840.0 105.159280277
2850.0 105.529519389
2860.0 105.899755532
2870.0 106.269988665
2880.0 106.640218746
2890.0 107.010445732
2900.0 107.380669582
2910.0 107.750890251
2920.0 108.121107698
2930.0 108.491321879
2940.0 108.86153275
2950.0 109.231740268
2960.0 109.601944388
2970.0 109.972145067
2980.0 110.342342259
2990.0 110.71253592
3000.0 111.082726005
3010.0 111.452912468
3020.0 111.823095264
3030.0 112.193274348
3040.0 112.563449674
3050.0 112.933621195
3060.0 113.303788865
3070.0 113.673952639
3080.0 114.044112469
3090.0 114.414268308
3100.0 114.78442011
3110.0 115.154567828
3120.0 115.524711414
3130.0 115.894850822
3140.0 116.264986003
3150.0 116.635116911
3160.0 117.005243497
3170.0 117.375365715
3180.0 117.745483515
3190.0 118.11559685
3200.0 118.485705673
3210.0 118.855809935
3220.0 119.225909588
3230.0 119.596004584
3240.0 119.966094875
3250.0 120.336180413
3260.0 120.70626115
3270.0 121.076337037
3280.0 121.446408027
3290.0 121.816474071
3300.0 122.186535121
3310.0 122.55659113
3320.0 122.926642049
3330.0 123.29668783
3340.0 123.666728427
3350.0 124.03676379
3360.0 124.406793873
3370.0 124.776818629
3380.0 125.146838009
3390.0 125.516851966
3400.0 125.886860455
3410.0 126.256863427
3420.0 126.626860836
3430.0 126.996852636
3440.0 127.366838781
3450.0 127.736819224
3460.0 128.10679392
3470.0 128.476762823
3480.0 128.846725887
3490.0 129.216683069
3500.0 129.586634323
3510.0 129.956579605
3520.0 130.32651887
3530.0 130.696452075
3540.0 131.066379177
3550.0 131.436300132
3560.0 131.806214898
3570.0 132.176123432
3580.0 132.546025693
3590.0 132.915921639
3600.0 133.285811229
3610.0 133.655694422
3620.0 134.025571179
3630.0 134.395441458
3640.0 134.765305222
3650.0 135.135162432
3660.0 135.505013048
3670.0 135.874857034
3680.0 136.244694353
3690.0 136.614524967
3700.0 136.984348841
3710.0 137.354165939
3720.0 137.723976227
3730.0 138.093779669
3740.0 138.463576233
3750.0 138.833365885
3760.0 139.203148593
3770.0 139.572924326
3780.0 139.942693052
3790.0 140.31245474
3800.0 140.682209362
3810.0 141.051956889
3820.0 141.421697291
3830.0 141.791430542
3840.0 142.161156615
3850.0 142.530875484
3860.0 142.900587124
3870.0 143.27029151
3880.0 143.639988619
3890.0 144.009678428
3900.0 144.379360916
3910.0 144.749036061
3920.0 145.118703842
3930.0 145.488364242
3940.0 145.85801724
3950.0 146.22766282
3960.0 146.597300964
3970.0 146.966931658
3980.0 147.336554886
3990.0 147.706170634
4000.0 148.075778889
4010.0 148.44537964
4020.0 148.814972875
4030.0 149.184558583
4040.0 149.554136757
4050.0 149.923707387
4060.0 150.293270467
4070.0 150.662825991
4080.0 151.032373953
4090.0 151.40191435
4100.0 151.771447178
4110.0 152.140972435
4120.0 152.510490121
4130.0 152.880000235
4140.0 153.24950278
4150.0 153.618997756
4160.0 153.988485167
4170.0 154.357965019
4180.0 154.727437316
4190.0 155.096902064
4200.0 155.466359272
4210.0 155.835808949
4220.0 156.205251104
4230.0 156.574685749
4240.0 156.944112895
4250.0 157.313532557
4260.0 157.682944747
4270.0 158.052349483
4280.0 158.42174678
4290.0 158.791136657
4300.0 159.160519132
4310.0 159.529894225
4320.0 159.899261959
4330.0 160.268622354
4340.0 160.637975436
4350.0 161.007321227
4360.0 161.376659756
4370.0 161.745991047
4380.0 162.11531513
4390.0 162.484632033
4400.0 162.853941787
4410.0 163.223244425
4420.0 163.592539977
4430.0 163.961828478
4440.0 164.331109964
4450.0 164.70038447
4460.0 165.069652033
4470.0 165.438912692
4480.0 165.808166486
4490.0 166.177413456
4500.0 166.546653644
4510.0 166.915887092
4520.0 167.285113843
4530.0 167.654333945
4540.0 168.023547441
4550.0 168.39275438
4560.0 168.761954809
4570.0 169.131148779
4580.0 169.500336338
4590.0 169.869517539
4600.0 170.238692435
4610.0 170.607861078
4620.0 170.977023523
4630.0 171.346179825
4640.0 171.715330042
4650.0 172.08447423
4660.0 172.453612449
4670.0 172.822744757
4680.0 173.191871215
4690.0 173.560991884
4700.0 173.930106827
4710.0 174.299216106
4720.0 174.668319787
4730.0 175.037417934
4740.0 175.406510612
4750.0 175.77559789
4760.0 176.144679833
4770.0 176.513756512
4780.0 176.882827994
4790.0 177.251894351
4800.0 177.620955652
4810.0 177.990011971
4820.0 178.359063378
4830.0 178.728109948
4840.0 179.097151755
4850.0 179.466188871
4860.0 179.835221374
4870.0 180.204249339
4880.0 180.573272843
4890.0 180.942291973
4900.0 181.31130679
4910.0 181.680317384
4920.0 182.049323832
4930.0 182.418326214
4940.0 182.787324612
4950.0 183.156319105
4960.0 183.525309775
4970.0 183.894296705
4980.0 184.263279976
4990.0 184.632259672
5000.0 185.001235876
5010.0 185.370208672
5020.0 185.739178144
5030.0 186.108144378
5040.0 186.477107457
5050.0 186.846067469
5060.0 187.215024498
5070.0 187.58397863
5080.0 187.952929953
5090.0 188.321878553
5100.0 188.690824516
5110.0 189.059767931
5120.0 189.428708884
5130.0 189.797647464
5140.0 190.166583757
5150.0 190.535517853
5160.0 190.904449838
5170.0 191.273379802
5180.0 191.642307833
5190.0 192.011234019
5200.0 192.380158448
5210.0 192.74908121
5220.0 193.118002392
5230.0 193.486922084
5240.0 193.855840372
5250.0 194.224757347
5260.0 194.593673096
5270.0 194.962587708
5280.0 195.331501271
5290.0 195.700413872
5300.0 196.0693256
5310.0 196.438236542
5320.0 196.807146785
5330.0 197.176056418
5340.0 197.544965527
5350.0 197.913874199
5360.0 198.28278252
5370.0 198.651690577
5380.0 199.020598455
5390.0 199.389506241
5400.0 199.758414018
5410.0 200.127321874
5420.0 200.496229891
5430.0 200.865138154
5440.0 201.234046746
5450.0 201.602955752
5460.0 201.971865253
5470.0 202.340775331
5480.0 202.70968607
5490.0 203.078597549
5500.0 203.447509851
5510.0 203.816423054
5520.0 204.185337239
5530.0 204.554252485
5540.0 204.92316887
5550.0 205.292086472
5560.0 205.661005368
5570.0 206.029925636
5580.0 206.39884735
5590.0 206.767770587
5600.0 207.136695421
5610.0 207.505621925
5620.0 207.874550174
5630.0 208.243480239
5640.0 208.612412192
5650.0 208.981346104
5660.0 209.350282046
5670.0 209.719220087
5680.0 210.088160295
5690.0 210.457102739
5700.0 210.826047485
5710.0 211.194994599
5720.0 211.563944148
5730.0 211.932896195
5740.0 212.301850804
5750.0 212.670808038
5760.0 213.039767959
5770.0 213.408730628
5780.0 213.777696104
5790.0 214.146664448
5800.0 214.515635718
5810.0 214.88460997
5820.0 215.253587262