0.0 0.0
120.0 4.50060941418
120.625 4.52307896201
121.25 4.5455572628
122.5 4.59053943397
123.75 4.63555459372
125.0 4.68060147649
126.25 4.72567888098
127.5 4.77078566623
128.75 4.81592074811
130.0 4.86108309586
131.25 4.90627172907
132.5 4.95148571467
133.75 4.99672416424
135.0 5.04198623146
136.25 5.08727110973
137.5 5.13257802993
138.75 5.17790625832
140.0 5.22325509463
141.25 5.26862387017
142.5 5.31401194616
143.75 5.35941871211
145.0 5.40484358426
146.25 5.45028600423
147.5 5.49574543764
148.75 5.54122137287
150.0 5.58671331988
151.25 5.63222080911
152.5 5.67774339039
153.75 5.72328063202
155.0 5.76883211981
156.25 5.81439745618
157.5 5.85997625941
158.75 5.90556816277
160.0 5.95117281386
161.25 5.99678987389
162.5 6.04241901701
165.0 6.13371231026
167.5 6.22505032332
170.0 6.31643085694
172.5 6.40785186747
175.0 6.49931145301
177.5 6.59080784097
180.0 6.68233937689
182.5 6.77390451434
185.0 6.86550180587
187.5 6.95712989476
190.0 7.04878750764
192.5 7.14047344777
195.0 7.23218658893
197.5 7.32392586995
200.0 7.41569028966
202.5 7.50747890233
205.0 7.59929081354
207.5 7.69112517641
210.0 7.78298118812
212.5 7.87485808679
215.0 7.96675514858
217.5 8.05867168509
220.0 8.15060704089
222.5 8.24256059138
225.0 8.33453174071
230.0 8.51852458533
235.0 8.70258131616
240.0 8.88669803006
245.0 9.07087113798
250.0 9.25509732962
255.0 9.4393735432
260.0 9.6236969394
265.0 9.8080648789
270.0 9.99247490292
275.0 10.1769247162
280.0 10.3614121724
285.0 10.5459352607
290.0 10.7304920948
295.0 10.9150809025
300.0 11.0997000171
305.0 11.2843478687
310.0 11.4690229779
315.0 11.6537239488
320.0 11.8384494632
330.0 12.2079692089
340.0 12.5775730402
350.0 12.9472527377
360.0 13.3170009254
370.0 13.6868109748
380.0 14.0566769231
390.0 14.426593402
400.0 14.7965555753
410.0 15.1665590842
420.0 15.536599999
430.0 15.9066747754
440.0 16.2767802167
450.0 16.6469134388
460.0 17.0170718394
470.0 17.3872530706
480.0 17.7574550134
490.0 18.1276757552
500.0 18.4979135699
510.0 18.8681668992
520.0 19.2384343361
530.0 19.6087146104
540.0 19.9790065744
550.0 20.3493091917
560.0 20.7196215258
570.0 21.0899427299
580.0 21.4602720388
590.0 21.8306087601
600.0 22.2009522674
610.0 22.5713019936
620.0 22.9416574251
630.0 23.3120180966
640.0 23.6823835861
650.0 24.0527535107
660.0 24.423127523
670.0 24.7935053073
680.0 25.1638865764
690.0 25.5342710694
700.0 25.9046585484
710.0 26.2750487967
720.0 26.6454416167
730.0 27.0158368279
740.0 27.3862342655
750.0 27.7566337786
760.0 28.127035229
770.0 28.4974384902
780.0 28.867843446
790.0 29.2382499897
800.0 29.6086580233
810.0 29.9790674562
820.0 30.3494782054
830.0 30.7198901941
840.0 31.0903033512
850.0 31.4607176112
860.0 31.8311329134
870.0 32.2015492016
880.0 32.5719664234
890.0 32.9423845305
900.0 33.3128034778
910.0 33.6832232233
920.0 34.0536437279
930.0 34.4240649553
940.0 34.7944868714
950.0 35.1649094444
960.0 35.5353326446
970.0 35.9057564443
980.0 36.2761808175
990.0 36.6466057396
1000.0 37.0170311879
1010.0 37.3874571408
1020.0 37.7578835783
1030.0 38.1283104814
1040.0 38.4987378322
1050.0 38.8691656142
1060.0 39.2395938114
1070.0 39.6100224093
1080.0 39.9804513937
1090.0 40.3508807516
1100.0 40.7213104707
1110.0 41.0917405394
1120.0 41.4621709468
1130.0 41.8326016826
1140.0 42.2030327372
1150.0 42.5734641015
1160.0 42.943895767
1170.0 43.3143277257
1180.0 43.6847599702
1190.0 44.0551924934
1200.0 44.4256252888
1210.0 44.7960583502
1220.0 45.166491672
1230.0 45.5369252489
1240.0 45.9073590759
1250.0 46.2777931486
1260.0 46.6482274626
1270.0 47.0186620141
1280.0 47.3890967996
1290.0 47.7595318159
1300.0 48.12996706
1310.0 48.5004025295
1320.0 48.8708382218
1330.0 49.2412741351
1340.0 49.6117102675
1350.0 49.9821466175
1360.0 50.3525831838
1370.0 50.7230199656
1380.0 51.093456962
1390.0 51.4638941724
1400.0 51.8343315968
1410.0 52.204769235
1420.0 52.5752070871
1430.0 52.9456451537
1440.0 53.3160834353
1450.0 53.6865219328
1460.0 54.0569606473
1470.0 54.4273995801
1480.0 54.7978387326
1490.0 55.1682781065
1500.0 55.5387177038
1510.0 55.9091575265
1520.0 56.279597577
1530.0 56.6500378577
1540.0 57.0204783714
1550.0 57.390919121
1560.0 57.7613601096
1570.0 58.1318013405
1580.0 58.5022428173
1590.0 58.8726845435
1600.0 59.2431265232
1610.0 59.6135687603
1620.0 59.9840112593
1630.0 60.3544540246
1640.0 60.7248970609
1650.0 61.0953403731
1660.0 61.4657839663
1670.0 61.8362278458
1680.0 62.206672017
1690.0 62.5771164857
1700.0 62.9475612577
1710.0 63.3180063392
1720.0 63.6884517365
1730.0 64.058897456
1740.0 64.4293435046
1750.0 64.7997898891
1760.0 65.1702366166
1770.0 65.5406836946
1780.0 65.9111311306
1790.0 66.2815789323
1800.0 66.6520271079
1810.0 67.0224756654
1820.0 67.3929246133
1830.0 67.7633739603
1840.0 68.1338237153
1850.0 68.5042738874
1860.0 68.8747244859
1870.0 69.2451755205
1880.0 69.6156270008
1890.0 69.986078937
1900.0 70.3565313393
1910.0 70.7269842183
1920.0 71.0974375846
1930.0 71.4678914494
1940.0 71.8383458238
1950.0 72.2088007194
1960.0 72.5792561478
1970.0 72.9497121212
1980.0 73.3201686517
1990.0 73.6906257519
2000.0 74.0610834346
2010.0 74.4315417127
2020.0 74.8020005996
2030.0 75.1724601089
2040.0 75.5429202544
2050.0 75.9133810503
2060.0 76.2838425108
2070.0 76.6543046507
2080.0 77.024767485
2090.0 77.3952310288
2100.0 77.7656952977
2110.0 78.1361603075
2120.0 78.5066260743
2130.0 78.8770926145
2140.0 79.2475599447
2150.0 79.6180280819
2160.0 79.9884970435
2170.0 80.358966847
2180.0 80.7294375102
2190.0 81.0999090515
2200.0 81.4703814892
2210.0 81.8408548422
2220.0 82.2113291297
2230.0 82.581804371
2240.0 82.952280586
2250.0 83.3227577948
2260.0 83.6932360176
2270.0 84.0637152754
2280.0 84.434195589
2290.0 84.80467698
2300.0 85.1751594701
2310.0 85.5456430812
2320.0 85.9161278358
2330.0 86.2866137566
2340.0 86.6571008667
2350.0 87.0275891895
2360.0 87.3980787487
2370.0 87.7685695683
2380.0 88.139061673
2390.0 88.5095550873
2400.0 88.8800498364
2410.0 89.2505459459
2420.0 89.6210434415
2430.0 89.9915423494
2440.0 90.3620426962
2450.0 90.7325445087
2460.0 91.1030478141
2470.0 91.4735526401
2480.0 91.8440590146
2490.0 92.2145669659
2500.0 92.5850765227
2510.0 92.955587714
2520.0 93.3261005691
2530.0 93.6966151179
2540.0 94.0671313903
2550.0 94.4376494169
2560.0 94.8081692285
2570.0 95.1786908562
2580.0 95.5492143316
2590.0 95.9197396866
2600.0 96.2902669534
2610.0 96.6607961646
2620.0 97.0313273532
2630.0 97.4018605526
2640.0 97.7723957963
2650.0 98.1429331184
2660.0 98.5134725533
2670.0 98.8840141357
2680.0 99.2545579007
2690.0 99.6251038838
2700.0 99.9956521207
2710.0 100.366202648
2720.0 100.736755501
2730.0 101.107310717
2740.0 101.477868334
2750.0 101.848428389
2760.0 102.218990919
2770.0 102.589555963
2780.0 102.96012356
2790.0 103.330693748
2800.0 103.701266566
2810.0 104.071842053
2820.0 104.44242025
2830.0 104.813001197
2840.0 105.183584934
2850.0 105.554171501
2860.0 105.92476094
2870.0 106.295353292
2880.0 106.665948598
2890.0 107.036546901
2900.0 107.407148242
2910.0 107.777752664
2920.0 108.14836021
2930.0 108.518970923
2940.0 108.889584846
2950.0 109.260202022
2960.0 109.630822495
2970.0 110.001446309
2980.0 110.372073509
2990.0 110.742704139
3000.0 111.113338243
3010.0 111.483975867
3020.0 111.854617056
3030.0 112.225261854
3040.0 112.595910309
3050.0 112.966562464
3060.0 113.337218367
3070.0 113.707878063
3080.0 114.078541599
3090.0 114.449209021
3100.0 114.819880376
3110.0 115.19055571
3120.0 115.56123507
3130.0 115.931918504
3140.0 116.302606058
3150.0 116.67329778
3160.0 117.043993718
3170.0 117.414693917
3180.0 117.785398427
3190.0 118.156107295
3200.0 118.526820568
3210.0 118.897538294
3220.0 119.268260521
3230.0 119.638987297
3240.0 120.00971867
3250.0 120.380454687
3260.0 120.751195396
3270.0 121.121940846
3280.0 121.492691083
3290.0 121.863446157
3300.0 122.234206114
3310.0 122.604971002
3320.0 122.975740869
3330.0 123.346515764
3340.0 123.717295732
3350.0 124.088080822
3360.0 124.45887108
3370.0 124.829666555
3380.0 125.200467293
3390.0 125.57127334
3400.0 125.942084745
3410.0 126.312901552
3420.0 126.68372381
3430.0 127.054551563
3440.0 127.425384859
3450.0 127.796223741
3460.0 128.167068257
3470.0 128.537918452
3480.0 128.90877437
3490.0 129.279636056
3500.0 129.650503555
3510.0 130.021376911
3520.0 130.392256167
3530.0 130.763141368
3540.0 131.134032556
3550.0 131.504929774
3560.0 131.875833065
3570.0 132.24674247
3580.0 132.617658032
3590.0 132.988579792
3600.0 133.359507789
3610.0 133.730442066
3620.0 134.101382661
3630.0 134.472329615
3640.0 134.843282966
3650.0 135.214242752
3660.0 135.585209012
3670.0 135.956181784
3680.0 136.327161103
3690.0 136.698147007
3700.0 137.069139531
3710.0 137.44013871
3720.0 137.81114458
3730.0 138.182157173
3740.0 138.553176525
3750.0 138.924202666
3760.0 139.29523563
3770.0 139.666275448
3780.0 140.03732215
3790.0 140.408375767
3800.0 140.779436329
3810.0 141.150503863
3820.0 141.521578398
3830.0 141.892659961
3840.0 142.263748578
3850.0 142.634844276
3860.0 143.005947079
3870.0 143.377057011
3880.0 143.748174095
3890.0 144.119298355
3900.0 144.490429811
3910.0 144.861568485
3920.0 145.232714396
3930.0 145.603867564
3940.0 145.975028007
3950.0 146.346195741
3960.0 146.717370785
3970.0 147.088553152
3980.0 147.459742858
3990.0 147.830939917
4000.0 148.20214434
4010.0 148.573356141
4020.0 148.944575329
4030.0 149.315801915
4040.0 149.687035907
4050.0 150.058277314
4060.0 150.429526142
4070.0 150.800782396
4080.0 151.172046083
4090.0 151.543317205
4100.0 151.914595765
4110.0 152.285881766
4120.0 152.657175207
4130.0 153.028476089
4140.0 153.399784409
4150.0 153.771100166
4160.0 154.142423356
4170.0 154.513753974
4180.0 154.885092014
4190.0 155.256437469
4200.0 155.627790332
4210.0 155.999150594
4220.0 156.370518243
4230.0 156.741893269
4240.0 157.11327566
4250.0 157.484665401
4260.0 157.856062478
4270.0 158.227466876
4280.0 158.598878577
4290.0 158.970297563
4300.0 159.341723814
4310.0 159.713157312
4320.0 160.084598033
4330.0 160.456045955
4340.0 160.827501055
4350.0 161.198963307
4360.0 161.570432686
4370.0 161.941909163
4380.0 162.313392711
4390.0 162.684883301
4400.0 163.0563809
4410.0 163.427885478
4420.0 163.799397002
4430.0 164.170915437
4440.0 164.542440748
4450.0 164.913972899
4460.0 165.285511851
4470.0 165.657057568
4480.0 166.028610008
4490.0 166.400169131
4500.0 166.771734896
4510.0 167.143307257
4520.0 167.514886173
4530.0 167.886471597
4540.0 168.258063482
4550.0 168.629661783
4560.0 169.001266449
4570.0 169.372877431
4580.0 169.744494679
4590.0 170.11611814
4600.0 170.487747763
4610.0 170.859383494
4620.0 171.231025276
4630.0 171.602673056
4640.0 171.974326775
4650.0 172.345986376
4660.0 172.7176518
4670.0 173.089322988
4680.0 173.460999878
4690.0 173.83268241
4700.0 174.204370519
4710.0 174.576064143
4720.0 174.947763218
4730.0 175.319467677
4740.0 175.691177455
4750.0 176.062892484
4760.0 176.434612697
4770.0 176.806338025
4780.0 177.178068397
4790.0 177.549803744
4800.0 177.921543994
4810.0 178.293289076
4820.0 178.665038916
4830.0 179.036793441
4840.0 179.408552577
4850.0 179.780316249
4860.0 180.15208438
4870.0 180.523856896
4880.0 180.895633718
4890.0 181.267414759
4900.0 181.639199957
4910.0 182.010989223
4920.0 182.382782478
4930.0 182.754579643
4940.0 183.126380635
4950.0 183.498185375
4960.0 183.869993779
4970.0 184.241805767
4980.0 184.613621254
4990.0 184.985440157
5000.0 185.357262393
5010.0 185.729087877
5020.0 186.100916525
5030.0 186.47274825
5040.0 186.844582969
5050.0 187.216420594
5060.0 187.58826104
5070.0 187.96010422
5080.0 188.331950047
5090.0 188.703798434
5100.0 189.075649294
5110.0 189.447502538
5120.0 189.819358079
5130.0 190.191215829
5140.0 190.563075699
5150.0 190.934937601
5160.0 191.306801447
5170.0 191.678667148
5180.0 192.050534615
5190.0 192.422403758
5200.0 192.79427449
5210.0 193.166146721
5220.0 193.538020362
5230.0 193.909895325
5240.0 194.281771519
5250.0 194.653648857
5260.0 195.025527249
5270.0 195.397406608
5280.0 195.769286843
5290.0 196.141167866
5300.0 196.51304959
5310.0 196.884931926
5320.0 197.256814786
5330.0 197.628698082
5340.0 198.000581726
5350.0 198.372465632
5360.0 198.744349712
5370.0 199.116233879
5380.0 199.488118047
5390.0 199.86000213
5400.0 200.231886042
5410.0 200.603769697
5420.0 200.97565301
5430.0 201.347535897
5440.0 201.719418274
5450.0 202.091300056
5460.0 202.463181161
5470.0 202.835061504
5480.0 203.206941005
5490.0 203.578819581
5500.0 203.95069715
5510.0 204.322573632
5520.0 204.694448947
5530.0 205.066323014
5540.0 205.438195755
5550.0 205.810067091
5560.0 206.181936944
5570.0 206.553805237
5580.0 206.925671893
5590.0 207.297536836
5600.0 207.669399991
5610.0 208.041261284
5620.0 208.41312064
5630.0 208.784977986
5640.0 209.15683325
5650.0 209.52868636
5660.0 209.900537245
5670.0 210.272385835
5680.0 210.644232061
5690.0 211.016075853
5700.0 211.387917145
5710.0 211.759755869
5720.0 212.131591959
5730.0 212.50342535
5740.0 212.875255977
5750.0 213.247083777
5760.0 213.618908687
5770.0 213.990730645
5780.0 214.36254959
5790.0 214.734365462
5800.0 215.106178202
5810.0 215.477987751
5820.0 215.849794053