0.0 0.0
120.0 4.50182645272
120.625 4.52430233929
121.25 4.54678697883
122.5 4.59178182748
123.75 4.63680966471
125.0 4.68186922497
126.25 4.72695930694
127.5 4.77207876968
128.75 4.81722652904
130.0 4.86240155428
131.25 4.90760286497
132.5 4.95282952806
133.75 4.99808065511
135.0 5.04335539982
136.25 5.08865295557
137.5 5.13397255325
138.75 5.17931345913
140.0 5.22467497292
141.25 5.27005642595
142.5 5.31545717943
143.75 5.36087662286
145.0 5.40631417249
146.25 5.45176926995
147.5 5.49724138084
148.75 5.54272999356
150.0 5.58823461806
151.25 5.63375478477
152.5 5.67929004353
153.75 5.72483996265
155.0 5.77040412792
156.25 5.81598214178
157.5 5.86157362249
158.75 5.90717820333
160.0 5.95279553191
161.25 5.99842526942
162.5 6.04406709003
165.0 6.13538573825
167.5 6.22674910628
170.0 6.31815499487
172.5 6.40960136037
175.0 6.50108630088
177.5 6.59260804381
180.0 6.6841649347
182.5 6.77575542712
185.0 6.86737807362
187.5 6.95903151747
190.0 7.05071448533
192.5 7.14242578042
195.0 7.23416427656
197.5 7.32592891255
200.0 7.41771868723
202.5 7.50953265486
205.0 7.60136992105
207.5 7.69322963888
210.0 7.78511100557
212.5 7.8770132592
215.0 7.96893567597
217.5 8.06087756744
220.0 8.15283827821
222.5 8.24481718367
225.0 8.33681368797
230.0 8.52085724253
235.0 8.7049646833
240.0 8.88913210714
245.0 9.07335592499
250.0 9.25763282658
255.0 9.4419597501
260.0 9.62633385623
265.0 9.81075250568
270.0 9.99521323963
275.0 10.1797137629
280.0 10.364251929
285.0 10.5488257272
290.0 10.7334332712
295.0 10.9180727889
300.0 11.1027426134
305.0 11.287441175
310.0 11.4721669942
315.0 11.6569186749
320.0 11.8416948993
330.0 12.2113160649
340.0 12.581021316
350.0 12.9508024335
360.0 13.320652041
370.0 13.6905635103
380.0 14.0605308785
390.0 14.4305487772
400.0 14.8006123704
410.0 15.1707172992
420.0 15.5408596339
430.0 15.9110358302
440.0 16.2812426913
450.0 16.6514773333
460.0 17.0217371538
470.0 17.3920198049
480.0 17.7623231675
490.0 18.1326453292
500.0 18.5029845638
510.0 18.873339313
520.0 19.2437081698
530.0 19.6140898639
540.0 19.9844832478
550.0 20.354887285
560.0 20.7253010389
570.0 21.095723663
580.0 21.4661543917
590.0 21.8365925329
600.0 22.2070374601
610.0 22.5774886062
620.0 22.9479454576
630.0 23.318407549
640.0 23.6888744583
650.0 24.0593458028
660.0 24.429821235
670.0 24.8003004391
680.0 25.1707831282
690.0 25.541269041
700.0 25.9117579399
710.0 26.2822496081
720.0 26.6527438479
730.0 27.0232404791
740.0 27.3937393365
750.0 27.7642402694
760.0 28.1347431397
770.0 28.5052478208
780.0 28.8757541965
790.0 29.2462621601
800.0 29.6167716135
810.0 29.9872824664
820.0 30.3577946355
830.0 30.728308044
840.0 31.098822621
850.0 31.4693383009
860.0 31.839855023
870.0 32.210372731
880.0 32.5808913727
890.0 32.9514108997
900.0 33.3219312668
910.0 33.6924524322
920.0 34.0629743567
930.0 34.433497004
940.0 34.8040203399
950.0 35.1745443328
960.0 35.545068953
970.0 35.9155941725
980.0 36.2861199655
990.0 36.6566463075
1000.0 37.0271731757
1010.0 37.3977005485
1020.0 37.7682284059
1030.0 38.1387567288
1040.0 38.5092854996
1050.0 38.8798147014
1060.0 39.2503443185
1070.0 39.6208743362
1080.0 39.9914047405
1090.0 40.3619355183
1100.0 40.7324666573
1110.0 41.1029981459
1120.0 41.4735299732
1130.0 41.8440621289
1140.0 42.2145946033
1150.0 42.5851273875
1160.0 42.9556604729
1170.0 43.3261938515
1180.0 43.6967275158
1190.0 44.0672614589
1200.0 44.4377956742
1210.0 44.8083301555
1220.0 45.1788648972
1230.0 45.549399894
1240.0 45.9199351409
1250.0 46.2904706333
1260.0 46.6610063672
1270.0 47.0315423386
1280.0 47.402078544
1290.0 47.7726149802
1300.0 48.1431516442
1310.0 48.5136885335
1320.0 48.8842256458
1330.0 49.2547629789
1340.0 49.6253005312
1350.0 49.995838301
1360.0 50.3663762873
1370.0 50.7369144889
1380.0 51.1074529052
1390.0 51.4779915355
1400.0 51.8485303798
1410.0 52.2190694378
1420.0 52.5896087098
1430.0 52.9601481963
1440.0 53.3306878978
1450.0 53.7012278152
1460.0 54.0717679496
1470.0 54.4423083022
1480.0 54.8128488746
1490.0 55.1833896684
1500.0 55.5539306855
1510.0 55.9244719281
1520.0 56.2950133985
1530.0 56.6655550991
1540.0 57.0360970327
1550.0 57.4066392022
1560.0 57.7771816106
1570.0 58.1477242614
1580.0 58.518267158
1590.0 58.8888103041
1600.0 59.2593537037
1610.0 59.6298973607
1620.0 60.0004412796
1630.0 60.3709854648
1640.0 60.741529921
1650.0 61.112074653
1660.0 61.4826196661
1670.0 61.8531649654
1680.0 62.2237105565
1690.0 62.5942564451
1700.0 62.964802637
1710.0 63.3353491384
1720.0 63.7058959556
1730.0 64.076443095
1740.0 64.4469905634
1750.0 64.8175383678
1760.0 65.1880865152
1770.0 65.5586350131
1780.0 65.9291838689
1790.0 66.2997330906
1800.0 66.6702826859
1810.0 67.0408326633
1820.0 67.4113830311
1830.0 67.7819337981
1840.0 68.1524849729
1850.0 68.5230365649
1860.0 68.8935885833
1870.0 69.2641410377
1880.0 69.6346939379
1890.0 70.005247294
1900.0 70.3758011162
1910.0 70.746355415
1920.0 71.1169102013
1930.0 71.4874654859
1940.0 71.8580212802
1950.0 72.2285775956
1960.0 72.599134444
1970.0 72.9696918372
1980.0 73.3402497876
1990.0 73.7108083077
2000.0 74.0813674102
2010.0 74.4519271082
2020.0 74.822487415
2030.0 75.1930483442
2040.0 75.5636099096
2050.0 75.9341721253
2060.0 76.3047350057
2070.0 76.6752985655
2080.0 77.0458628197
2090.0 77.4164277834
2100.0 77.7869934722
2110.0 78.1575599018
2120.0 78.5281270885
2130.0 78.8986950485
2140.0 79.2692637986
2150.0 79.6398333558
2160.0 80.0104037372
2170.0 80.3809749605
2180.0 80.7515470437
2190.0 81.1221200048
2200.0 81.4926938624
2210.0 81.8632686353
2220.0 82.2338443427
2230.0 82.6044210039
2240.0 82.9749986388
2250.0 83.3455772674
2260.0 83.7161569101
2270.0 84.0867375877
2280.0 84.4573193213
2290.0 84.8279021322
2300.0 85.1984860421
2310.0 85.5690710731
2320.0 85.9396572476
2330.0 86.3102445883
2340.0 86.6808331183
2350.0 87.0514228609
2360.0 87.42201384
2370.0 87.7926060795
2380.0 88.163199604
2390.0 88.5337944382
2400.0 88.9043906072
2410.0 89.2749881366
2420.0 89.6455870521
2430.0 90.0161873799
2440.0 90.3867891465
2450.0 90.7573923789
2460.0 91.1279971042
2470.0 91.4986033501
2480.0 91.8692111444
2490.0 92.2398205156
2500.0 92.6104314923
2510.0 92.9810441034
2520.0 93.3516583784
2530.0 93.7222743471
2540.0 94.0928920394
2550.0 94.4635114859
2560.0 94.8341327173
2570.0 95.204755765
2580.0 95.5753806602
2590.0 95.9460074351
2600.0 96.3166361218
2610.0 96.6872667529
2620.0 97.0578993614
2630.0 97.4285339806
2640.0 97.7991706441
2650.0 98.1698093861
2660.0 98.5404502409
2670.0 98.9110932432
2680.0 99.2817384281
2690.0 99.6523858311
2700.0 100.023035488
2710.0 100.393687435
2720.0 100.764341708
2730.0 101.134998344
2740.0 101.505657381
2750.0 101.876318855
2760.0 102.246982806
2770.0 102.61764927
2780.0 102.988318286
2790.0 103.358989894
2800.0 103.729664132
2810.0 104.100341039
2820.0 104.471020656
2830.0 104.841703023
2840.0 105.212388179
2850.0 105.583076166
2860.0 105.953767025
2870.0 106.324460797
2880.0 106.695157523
2890.0 107.065857246
2900.0 107.436560007
2910.0 107.807265849
2920.0 108.177974815
2930.0 108.548686947
2940.0 108.91940229
2950.0 109.290120886
2960.0 109.660842779
2970.0 110.031568013
2980.0 110.402296633
2990.0 110.773028683
3000.0 111.143764207
3010.0 111.514503251
3020.0 111.885245859
3030.0 112.255992078
3040.0 112.626741952
3050.0 112.997495527
3060.0 113.36825285
3070.0 113.739013966
3080.0 114.109778922
3090.0 114.480547763
3100.0 114.851320538
3110.0 115.222097292
3120.0 115.592878072
3130.0 115.963662926
3140.0 116.3344519
3150.0 116.705245042
3160.0 117.076042399
3170.0 117.446844019
3180.0 117.817649949
3190.0 118.188460236
3200.0 118.559274929
3210.0 118.930094075
3220.0 119.300917722
3230.0 119.671745918
3240.0 120.04257871
3250.0 120.413416147
3260.0 120.784258276
3270.0 121.155105146
3280.0 121.525956803
3290.0 121.896813296
3300.0 122.267674673
3310.0 122.638540982
3320.0 123.009412269
3330.0 123.380288583
3340.0 123.751169971
3350.0 124.122056481
3360.0 124.492948159
3370.0 124.863845054
3380.0 125.234747211
3390.0 125.605654679
3400.0 125.976567503
3410.0 126.347485731
3420.0 126.718409408
3430.0 127.089338582
3440.0 127.460273297
3450.0 127.831213599
3460.0 128.202159535
3470.0 128.57311115
3480.0 128.944068488
3490.0 129.315031594
3500.0 129.686000513
3510.0 130.056975288
3520.0 130.427955964
3530.0 130.798942585
3540.0 131.169935193
3550.0 131.540933831
3560.0 131.911938542
3570.0 132.282949367
3580.0 132.653966349
3590.0 133.024989528
3600.0 133.396018946
3610.0 133.767054642
3620.0 134.138096657
3630.0 134.509145031
3640.0 134.880199801
3650.0 135.251261008
3660.0 135.622328688
3670.0 135.993402879
3680.0 136.364483618
3690.0 136.735570942
3700.0 137.106664886
3710.0 137.477765485
3720.0 137.848872774
3730.0 138.219986788
3740.0 138.591107559
3750.0 138.96223512
3760.0 139.333369504
3770.0 139.704510742
3780.0 140.075658864
3790.0 140.446813901
3800.0 140.817975882
3810.0 141.189144836
3820.0 141.560320791
3830.0 141.931503774
3840.0 142.302693812
3850.0 142.673890929
3860.0 143.045095152
3870.0 143.416306504
3880.0 143.787525008
3890.0 144.158750688
3900.0 144.529983564
3910.0 144.901223657
3920.0 145.272470988
3930.0 145.643725576
3940.0 146.014987439
3950.0 146.386256593
3960.0 146.757533056
3970.0 147.128816844
3980.0 147.50010797
3990.0 147.871406448
4000.0 148.242712292
4010.0 148.614025512
4020.0 148.98534612
4030.0 149.356674126
4040.0 149.728009538
4050.0 150.099352365
4060.0 150.470702612
4070.0 150.842060287
4080.0 151.213425393
4090.0 151.584797935
4100.0 151.956177915
4110.0 152.327565336
4120.0 152.698960197
4130.0 153.070362498
4140.0 153.441772239
4150.0 153.813189416
4160.0 154.184614025
4170.0 154.556046063
4180.0 154.927485523
4190.0 155.298932398
4200.0 155.670386681
4210.0 156.041848362
4220.0 156.413317432
4230.0 156.784793878
4240.0 157.156277688
4250.0 157.527768849
4260.0 157.899267347
4270.0 158.270773164
4280.0 158.642286285
4290.0 159.01380669
4300.0 159.385334362
4310.0 159.756869279
4320.0 160.12841142
4330.0 160.499960762
4340.0 160.871517282
4350.0 161.243080954
4360.0 161.614651753
4370.0 161.98622965
4380.0 162.357814618
4390.0 162.729406627
4400.0 163.101005647
4410.0 163.472611645
4420.0 163.844224588
4430.0 164.215844443
4440.0 164.587471174
4450.0 164.959104744
4460.0 165.330745117
4470.0 165.702392254
4480.0 166.074046114
4490.0 166.445706657
4500.0 166.817373841
4510.0 167.189047623
4520.0 167.560727958
4530.0 167.932414802
4540.0 168.304108107
4550.0 168.675807827
4560.0 169.047513913
4570.0 169.419226315
4580.0 169.790944983
4590.0 170.162669865
4600.0 170.534400907
4610.0 170.906138057
4620.0 171.27788126
4630.0 171.649630459
4640.0 172.021385598
4650.0 172.393146619
4660.0 172.764913464
4670.0 173.136686071
4680.0 173.508464381
4690.0 173.880248332
4700.0 174.252037862
4710.0 174.623832906
4720.0 174.9956334
4730.0 175.367439279
4740.0 175.739250477
4750.0 176.111066926
4760.0 176.482888559
4770.0 176.854715307
4780.0 177.226547099
4790.0 177.598383866
4800.0 177.970225536
4810.0 178.342072038
4820.0 178.713923298
4830.0 179.085779243
4840.0 179.457639798
4850.0 179.82950489
4860.0 180.201374441
4870.0 180.573248376
4880.0 180.945126619
4890.0 181.317009079
4900.0 181.688895697
4910.0 182.060786383
4920.0 182.432681058
4930.0 182.804579643
4940.0 183.176482055
4950.0 183.548388215
4960.0 183.920298039
4970.0 184.292211446
4980.0 184.664128353
4990.0 185.036048676
5000.0 185.407972332
5010.0 185.779899236
5020.0 186.151829304
5030.0 186.523762449
5040.0 186.895698588
5050.0 187.267637633
5060.0 187.639579499
5070.0 188.011524099
5080.0 188.383471345
5090.0 188.755421152
5100.0 189.127373431
5110.0 189.499328096
5120.0 189.871285056
5130.0 190.243244226
5140.0 190.615205516
5150.0 190.987168839
5160.0 191.359134105
5170.0 191.731101225
5180.0 192.103070112
5190.0 192.475040675
5200.0 192.847012827
5210.0 193.218986478
5220.0 193.590961539
5230.0 193.962937921
5240.0 194.334915535
5250.0 194.706894293
5260.0 195.078874105
5270.0 195.450854883
5280.0 195.822836538
5290.0 196.194818982
5300.0 196.566802126
5310.0 196.938785882
5320.0 197.310770161
5330.0 197.682754877
5340.0 198.054739941
5350.0 198.426725267
5360.0 198.798710767
5370.0 199.170696354
5380.0 199.542681942
5390.0 199.914667444
5400.0 200.286652776
5410.0 200.658637851
5420.0 201.030622584
5430.0 201.402606891
5440.0 201.774590688
5450.0 202.14657389
5460.0 202.518556414
5470.0 202.890538178
5480.0 203.262519098
5490.0 203.634499094
5500.0 204.006478083
5510.0 204.378455985
5520.0 204.75043272
5530.0 205.122408207
5540.0 205.494382367
5550.0 205.866355123
5560.0 206.238326396
5570.0 206.610296109
5580.0 206.982264185
5590.0 207.354230548
5600.0 207.726195123
5610.0 208.098157835
5620.0 208.470118611
5630.0 208.842077377
5640.0 209.214034061
5650.0 209.585988591
5660.0 209.957940896
5670.0 210.329890906
5680.0 210.701838552
5690.0 211.073783764
5700.0 211.445726476
5710.0 211.81766662
5720.0 212.18960413
5730.0 212.56153894
5740.0 212.933470987
5750.0 213.305400207
5760.0 213.677326537
5770.0 214.049249914
5780.0 214.421170279
5790.0 214.793087571
5800.0 215.165001731
5810.0 215.536912701
5820.0 215.908820423