0.0 0.0
120.0 4.49452392167
120.625 4.51696177352
121.25 4.53940837832
122.5 4.58432715749
123.75 4.6292789252
125.0 4.67426241591
126.25 4.71927642829
127.5 4.7643198214
128.75 4.80939151109
130.0 4.85449046663
131.25 4.89961570758
132.5 4.94476630089
133.75 4.98994135813
135.0 5.03514003298
136.25 5.08036151885
137.5 5.1256050466
138.75 5.17086988251
140.0 5.21615532629
141.25 5.26146070928
142.5 5.30678539267
143.75 5.35212876597
145.0 5.39749024544
146.25 5.44286927269
147.5 5.48826531335
148.75 5.53367785578
150.0 5.57910640995
151.25 5.6245505063
152.5 5.67000969466
153.75 5.71548354332
155.0 5.7609716381
156.25 5.80647358143
157.5 5.85198899156
158.75 5.89751750179
160.0 5.94305875971
161.25 5.98861242652
162.5 6.03417817638
165.0 6.12534468298
167.5 6.21655590921
170.0 6.30780965582
172.5 6.39910387916
175.0 6.49043667733
177.5 6.58180627773
180.0 6.67321102591
182.5 6.76464937543
185.0 6.85611987883
187.5 6.9476211794
190.0 7.03915200376
192.5 7.13071115518
195.0 7.22229750743
197.5 7.31390999933
200.0 7.40554762971
202.5 7.49720945285
205.0 7.58889457432
207.5 7.68060214723
210.0 7.77233136877
212.5 7.86408147705
215.0 7.95585174823
217.5 8.0476414939
220.0 8.13945005864
222.5 8.23127681784
225.0 8.32312117565
230.0 8.50686043653
235.0 8.69066358265
240.0 8.87452671086
245.0 9.05844623209
250.0 9.24241883601
255.0 9.42644146082
260.0 9.61051126717
265.0 9.79462561573
270.0 9.97878204768
275.0 10.1629782678
280.0 10.3472121295
285.0 10.5314816222
290.0 10.7157848595
295.0 10.9001200691
300.0 11.0844855843
305.0 11.2688798352
310.0 11.4533013424
315.0 11.6377487098
320.0 11.8222206193
330.0 12.191233151
340.0 12.5603297622
350.0 12.9295022335
360.0 13.2987431882
370.0 13.6680459978
380.0 14.0374046991
390.0 14.4068139236
400.0 14.7762688346
410.0 15.1457650732
420.0 15.515298709
430.0 15.8848661977
440.0 16.254464342
450.0 16.6240902574
460.0 16.9937413413
470.0 17.3634152454
480.0 17.73310985
490.0 18.1028232424
500.0 18.4725536957
510.0 18.8422996514
520.0 19.2120597018
530.0 19.5818325761
540.0 19.9516171264
550.0 20.3214123154
560.0 20.6912172061
570.0 21.0610309512
580.0 21.4308527847
590.0 21.8006820136
600.0 22.1705180109
610.0 22.5403602087
620.0 22.9102080928
630.0 23.280061197
640.0 23.6499190986
650.0 24.019781414
660.0 24.3896477947
670.0 24.7595179243
680.0 25.1293915148
690.0 25.4992683042
700.0 25.8691480538
710.0 26.2390305458
720.0 26.6089155817
730.0 26.9788029798
740.0 27.3486925743
750.0 27.7185842131
760.0 28.0884777569
770.0 28.4583730781
780.0 28.8282700591
790.0 29.1981685919
800.0 29.5680685772
810.0 29.9379699233
820.0 30.3078725454
830.0 30.6777763653
840.0 31.0476813107
850.0 31.4175873143
860.0 31.7874943138
870.0 32.1574022514
880.0 32.527311073
890.0 32.8972207286
900.0 33.267131171
910.0 33.6370423567
920.0 34.0069542445
930.0 34.376866796
940.0 34.7467799752
950.0 35.1166937482
960.0 35.4866080831
970.0 35.8565229498
980.0 36.22643832
990.0 36.596354167
1000.0 36.9662704653
1010.0 37.336187191
1020.0 37.7061043214
1030.0 38.0760218347
1040.0 38.4459397105
1050.0 38.8158579292
1060.0 39.1857764721
1070.0 39.5556953213
1080.0 39.9256144599
1090.0 40.2955338715
1100.0 40.6654535406
1110.0 41.0353734521
1120.0 41.4052935916
1130.0 41.7752139454
1140.0 42.1451345001
1150.0 42.5150552428
1160.0 42.8849761611
1170.0 43.254897243
1180.0 43.624818477
1190.0 43.9947398518
1200.0 44.3646613564
1210.0 44.7345829804
1220.0 45.1045047133
1230.0 45.4744265453
1240.0 45.8443484664
1250.0 46.2142704673
1260.0 46.5841925384
1270.0 46.9541146708
1280.0 47.3240368556
1290.0 47.6939590839
1300.0 48.0638813471
1310.0 48.4338036368
1320.0 48.8037259448
1330.0 49.1736482627
1340.0 49.5435705826
1350.0 49.9134928964
1360.0 50.2834151963
1370.0 50.6533374744
1380.0 51.0232597231
1390.0 51.3931819345
1400.0 51.7631041012
1410.0 52.1330262156
1420.0 52.50294827
1430.0 52.8728702571
1440.0 53.2427921693
1450.0 53.6127139992
1460.0 53.9826357392
1470.0 54.3525573821
1480.0 54.7224789202
1490.0 55.0924003462
1500.0 55.4623216525
1510.0 55.8322428317
1520.0 56.2021638762
1530.0 56.5720847784
1540.0 56.9420055308
1550.0 57.3119261257
1560.0 57.6818465554
1570.0 58.051766812
1580.0 58.4216868879
1590.0 58.7916067751
1600.0 59.1615264657
1610.0 59.5314459517
1620.0 59.9013652249
1630.0 60.2712842771
1640.0 60.6412031001
1650.0 61.0111216855
1660.0 61.3810400248
1670.0 61.7509581094
1680.0 62.1208759307
1690.0 62.4907934799
1700.0 62.8607107481
1710.0 63.2306277262
1720.0 63.6005444051
1730.0 63.9704607755
1740.0 64.340376828
1750.0 64.7102925531
1760.0 65.0802079411
1770.0 65.4501229821
1780.0 65.8200376662
1790.0 66.1899519833
1800.0 66.559865923
1810.0 66.929779475
1820.0 67.2996926286
1830.0 67.6696053731
1840.0 68.0395176975
1850.0 68.4094295907
1860.0 68.7793410414
1870.0 69.1492520382
1880.0 69.5191625694
1890.0 69.8890726231
1900.0 70.2589821873
1910.0 70.6288912498
1920.0 70.9987997981
1930.0 71.3687078197
1940.0 71.7386153015
1950.0 72.1085222306
1960.0 72.4784285938
1970.0 72.8483343775
1980.0 73.218239568
1990.0 73.5881441513
2000.0 73.9580481134
2010.0 74.3279514398
2020.0 74.697854116
2030.0 75.0677561269
2040.0 75.4376574576
2050.0 75.8075580926
2060.0 76.1774580164
2070.0 76.5473572131
2080.0 76.9172556666
2090.0 77.2871533605
2100.0 77.6570502783
2110.0 78.0269464029
2120.0 78.3968417174
2130.0 78.7667362041
2140.0 79.1366298455
2150.0 79.5065226235
2160.0 79.87641452
2170.0 80.2463055162
2180.0 80.6161955935
2190.0 80.9860847327
2200.0 81.3559729144
2210.0 81.7258601188
2220.0 82.0957463261
2230.0 82.4656315158
2240.0 82.8355156675
2250.0 83.2053987601
2260.0 83.5752807725
2270.0 83.9451616832
2280.0 84.3150414703
2290.0 84.6849201116
2300.0 85.0547975848
2310.0 85.424673867
2320.0 85.794548935
2330.0 86.1644227656
2340.0 86.5342953349
2350.0 86.9041666188
2360.0 87.2740365929
2370.0 87.6439052325
2380.0 88.0137725124
2390.0 88.3836384074
2400.0 88.7535028915
2410.0 89.1233659388
2420.0 89.4932275228
2430.0 89.8630876166
2440.0 90.2329461933
2450.0 90.6028032253
2460.0 90.9726586849
2470.0 91.3425125438
2480.0 91.7123647736
2490.0 92.0822153454
2500.0 92.45206423
2510.0 92.8219113979
2520.0 93.1917568192
2530.0 93.5616004636
2540.0 93.9314423005
2550.0 94.301282299
2560.0 94.6711204277
2570.0 95.0409566551
2580.0 95.410790949
2590.0 95.7806232772
2600.0 96.1504536068
2610.0 96.5202819049
2620.0 96.8901081381
2630.0 97.2599322724
2640.0 97.629754274
2650.0 97.9995741082
2660.0 98.3693917403
2670.0 98.739207135
2680.0 99.109020257
2690.0 99.4788310703
2700.0 99.8486395388
2710.0 100.218445626
2720.0 100.588249295
2730.0 100.958050508
2740.0 101.327849229
2750.0 101.697645418
2760.0 102.067439039
2770.0 102.437230052
2780.0 102.807018418
2790.0 103.176804099
2800.0 103.546587055
2810.0 103.916367245
2820.0 104.286144631
2830.0 104.655919171
2840.0 105.025690825
2850.0 105.395459551
2860.0 105.765225309
2870.0 106.134988057
2880.0 106.504747752
2890.0 106.874504353
2900.0 107.244257817
2910.0 107.614008101
2920.0 107.983755163
2930.0 108.353498958
2940.0 108.723239444
2950.0 109.092976576
2960.0 109.462710311
2970.0 109.832440604
2980.0 110.202167411
2990.0 110.571890687
3000.0 110.941610386
3010.0 111.311326464
3020.0 111.681038875
3030.0 112.050747573
3040.0 112.420452514
3050.0 112.790153649
3060.0 113.159850934
3070.0 113.529544322
3080.0 113.899233767
3090.0 114.268919221
3100.0 114.638600638
3110.0 115.00827797
3120.0 115.377951171
3130.0 115.747620193
3140.0 116.117284989
3150.0 116.486945511
3160.0 116.856601712
3170.0 117.226253544
3180.0 117.595900959
3190.0 117.965543909
3200.0 118.335182346
3210.0 118.704816223
3220.0 119.074445491
3230.0 119.444070101
3240.0 119.813690007
3250.0 120.18330516
3260.0 120.552915511
3270.0 120.922521013
3280.0 121.292121617
3290.0 121.661717275
3300.0 122.03130794
3310.0 122.400893564
3320.0 122.770474097
3330.0 123.140049494
3340.0 123.509619705
3350.0 123.879184683
3360.0 124.248744381
3370.0 124.61829875
3380.0 124.987847745
3390.0 125.357391317
3400.0 125.72692942
3410.0 126.096462007
3420.0 126.465989031
3430.0 126.835510446
3440.0 127.205026205
3450.0 127.574536263
3460.0 127.944040573
3470.0 128.31353909
3480.0 128.68303177
3490.0 129.052518566
3500.0 129.421999435
3510.0 129.791474331
3520.0 130.160943211
3530.0 130.530406031
3540.0 130.899862747
3550.0 131.269313317
3560.0 131.638757697
3570.0 132.008195846
3580.0 132.377627722
3590.0 132.747053282
3600.0 133.116472487
3610.0 133.485885294
3620.0 133.855291665
3630.0 134.22469156
3640.0 134.594084938
3650.0 134.963471762
3660.0 135.332851994
3670.0 135.702225594
3680.0 136.071592527
3690.0 136.440952756
3700.0 136.810306245
3710.0 137.179652957
3720.0 137.548992859
3730.0 137.918325916
3740.0 138.287652095
3750.0 138.656971362
3760.0 139.026283685
3770.0 139.395589032
3780.0 139.764887372
3790.0 140.134178675
3800.0 140.503462912
3810.0 140.872740053
3820.0 141.24201007
3830.0 141.611272935
3840.0 141.980528623
3850.0 142.349777107
3860.0 142.719018361
3870.0 143.088252362
3880.0 143.457479086
3890.0 143.82669851
3900.0 144.195910612
3910.0 144.565115371
3920.0 144.934312767
3930.0 145.303502781
3940.0 145.672685394
3950.0 146.041860589
3960.0 146.411028348
3970.0 146.780188656
3980.0 147.149341499
3990.0 147.518486861
4000.0 147.887624731
4010.0 148.256755096
4020.0 148.625877946
4030.0 148.994993269
4040.0 149.364101057
4050.0 149.733201302
4060.0 150.102293997
4070.0 150.471379135
4080.0 150.840456712
4090.0 151.209526723
4100.0 151.578589166
4110.0 151.947644038
4120.0 152.316691338
4130.0 152.685731067
4140.0 153.054763226
4150.0 153.423787817
4160.0 153.792804843
4170.0 154.161814309
4180.0 154.53081622
4190.0 154.899810583
4200.0 155.268797406
4210.0 155.637776698
4220.0 156.006748467
4230.0 156.375712727
4240.0 156.744669488
4250.0 157.113618763
4260.0 157.482560569
4270.0 157.851494919
4280.0 158.220421831
4290.0 158.589341322
4300.0 158.958253412
4310.0 159.32715812
4320.0 159.696055468
4330.0 160.064945478
4340.0 160.433828174
4350.0 160.80270358
4360.0 161.171571723
4370.0 161.540432629
4380.0 161.909286326
4390.0 162.278132844
4400.0 162.646972213
4410.0 163.015804465
4420.0 163.384629632
4430.0 163.753447748
4440.0 164.122258848
4450.0 164.491062969
4460.0 164.859860147
4470.0 165.22865042
4480.0 165.597433829
4490.0 165.966210414
4500.0 166.334980216
4510.0 166.703743278
4520.0 167.072499645
4530.0 167.44124936
4540.0 167.809992471
4550.0 168.178729025
4560.0 168.547459069
4570.0 168.916182653
4580.0 169.284899827
4590.0 169.653610643
4600.0 170.022315153
4610.0 170.39101341
4620.0 170.75970547
4630.0 171.128391387
4640.0 171.497071218
4650.0 171.865745021
4660.0 172.234412854
4670.0 172.603074777
4680.0 172.971730849
4690.0 173.340381133
4700.0 173.709025691
4710.0 174.077664585
4720.0 174.44629788
4730.0 174.814925642
4740.0 175.183547935
4750.0 175.552164827
4760.0 175.920776385
4770.0 176.289382678
4780.0 176.657983775
4790.0 177.026579746
4800.0 177.395170663
4810.0 177.763756596
4820.0 178.132337618
4830.0 178.500913802
4840.0 178.869485223
4850.0 179.238051955
4860.0 179.606614072
4870.0 179.975171652
4880.0 180.34372477
4890.0 180.712273514
4900.0 181.080817947
4910.0 181.449358155
4920.0 181.817894217
4930.0 182.186426214
4940.0 182.554954226
4950.0 182.923478334
4960.0 183.291998619
4970.0 183.660515163
4980.0 184.029028049
4990.0 184.397537359
5000.0 184.766043178
5010.0 185.134545589
5020.0 185.503044676
5030.0 185.871540524
5040.0 186.240033218
5050.0 186.608522844
5060.0 186.977009488
5070.0 187.345493235
5080.0 187.713974172
5090.0 188.082452387
5100.0 188.450927965
5110.0 188.819400994
5120.0 189.187871562
5130.0 189.556339756
5140.0 189.924805664
5150.0 190.293269374
5160.0 190.661730974
5170.0 191.030190553
5180.0 191.398648198
5190.0 191.767103999
5200.0 192.135558043
5210.0 192.504010419
5220.0 192.872461216
5230.0 193.240910522
5240.0 193.609358425
5250.0 193.977805015
5260.0 194.346250378
5270.0 194.714694605
5280.0 195.083137782
5290.0 195.451579998
5300.0 195.82002134
5310.0 196.188461896
5320.0 196.556901755
5330.0 196.925341002
5340.0 197.293779726
5350.0 197.662218012
5360.0 198.030655948
5370.0 198.399093619
5380.0 198.767531112
5390.0 199.135968512
5400.0 199.504405905
5410.0 199.872843375
5420.0 200.241281006
5430.0 200.609718884
5440.0 200.978157091
5450.0 201.346595711
5460.0 201.715034827
5470.0 202.08347452
5480.0 202.451914873
5490.0 202.820355967
5500.0 203.188797883
5510.0 203.557240701
5520.0 203.925684501
5530.0 204.294129361
5540.0 204.66257536
5550.0 205.031022577
5560.0 205.399471088
5570.0 205.76792097
5580.0 206.136372299
5590.0 206.504825151
5600.0 206.873279599
5610.0 207.241735718
5620.0 207.610193581
5630.0 207.978653261
5640.0 208.347114829
5650.0 208.715578356
5660.0 209.084043912
5670.0 209.452511568
5680.0 209.820981391
5690.0 210.189453449
5700.0 210.557927809
5710.0 210.926404539
5720.0 211.294883702
5730.0 211.663365363
5740.0 212.031849587
5750.0 212.400336436
5760.0 212.768825971
5770.0 213.137318255
5780.0 213.505813346
5790.0 213.874311304
5800.0 214.242812188
5810.0 214.611316055
5820.0 214.979822961