0.0 0.0
120.0 4.50182615291
120.625 4.52430203721
121.25 4.54678667447
122.5 4.59178151854
123.75 4.63680935117
125.0 4.68186890678
126.25 4.72695898407
127.5 4.77207844209
128.75 4.81722619669
130.0 4.86240121713
131.25 4.907602523
132.5 4.95282918121
133.75 4.99808030336
135.0 5.04335504312
136.25 5.0886525939
137.5 5.13397218656
138.75 5.17931308738
140.0 5.22467459607
141.25 5.27005604396
142.5 5.31545679226
143.75 5.36087623048
145.0 5.40631377486
146.25 5.45176886701
147.5 5.49724097258
148.75 5.54272957992
150.0 5.588234199
151.25 5.63375436025
152.5 5.67928961352
153.75 5.7248395271
155.0 5.77040368678
156.25 5.81598169502
157.5 5.86157317006
158.75 5.9071777452
160.0 5.95279506803
161.25 5.99842479974
162.5 6.04406661451
165.0 6.13538525093
167.5 6.22674860698
170.0 6.31815448341
172.5 6.40960083656
175.0 6.50108576455
177.5 6.59260749477
180.0 6.68416437276
182.5 6.7757548521
185.0 6.86737748532
187.5 6.95903091571
190.0 7.05071386989
192.5 7.14242515112
195.0 7.23416363319
197.5 7.32592825491
200.0 7.41771801511
202.5 7.50953196806
205.0 7.60136921935
207.5 7.69322892208
210.0 7.78511027344
212.5 7.87701251153
215.0 7.96893491253
217.5 8.06087678802
220.0 8.15283748258
222.5 8.24481637159
225.0 8.33681285922
230.0 8.52085637973
235.0 8.70496378549
240.0 8.88913117333
245.0 9.0733549542
250.0 9.25763181776
255.0 9.4419587022
260.0 9.62633276819
265.0 9.81075137638
270.0 9.99521206796
275.0 10.1797125477
280.0 10.3642506691
285.0 10.5488244214
290.0 10.7334319183
295.0 10.9180713876
300.0 11.1027411624
305.0 11.2874396729
310.0 11.4721654397
315.0 11.6569170668
320.0 11.841693236
330.0 12.2113142869
340.0 12.5810194174
350.0 12.9508004079
360.0 13.3206498819
370.0 13.6905612108
380.0 14.0605284314
390.0 14.4305461751
400.0 14.8006096054
410.0 15.1707143632
420.0 15.5408565183
430.0 15.9110325263
440.0 16.2812391898
450.0 16.6514736245
460.0 17.0217332278
470.0 17.392015651
480.0 17.762318775
490.0 18.1326406866
500.0 18.5029796592
510.0 18.8733341341
520.0 19.2437027038
530.0 19.6140840974
540.0 19.9844771669
550.0 20.3548808752
560.0 20.7252942852
570.0 21.0957165495
580.0 21.4661469023
590.0 21.8365846505
600.0 22.207029167
610.0 22.5774798842
620.0 22.9479362875
630.0 23.318397911
640.0 23.6888643319
650.0 24.0593351665
660.0 24.4298100665
670.0 24.8002887154
680.0 25.1707708252
690.0 25.5412561339
700.0 25.9117444027
710.0 26.282235414
720.0 26.6527289691
730.0 27.0232248865
740.0 27.3937230002
750.0 27.7642231583
760.0 28.1347252214
770.0 28.5052290618
780.0 28.8757345621
790.0 29.2462416142
800.0 29.6167501188
810.0 29.9872599841
820.0 30.3577711255
830.0 30.7282834647
840.0 31.0987969294
850.0 31.4693114522
860.0 31.839826971
870.0 32.2103434279
880.0 32.5808607688
890.0 32.9513789436
900.0 33.3218979053
910.0 33.6924176102
920.0 34.0629380173
930.0 34.4334590881
940.0 34.8039807866
950.0 35.1745030788
960.0 35.545025933
970.0 35.9155493189
980.0 36.2860732084
990.0 36.6565975747
1000.0 37.0271223923
1010.0 37.3976476373
1020.0 37.7681732869
1030.0 38.1386993195
1040.0 38.5092257146
1050.0 38.8797524525
1060.0 39.2502795147
1070.0 39.6208068832
1080.0 39.991334541
1090.0 40.3618624719
1100.0 40.7323906602
1110.0 41.102919091
1120.0 41.4734477499
1130.0 41.8439766229
1140.0 42.2145056968
1150.0 42.5850349588
1160.0 42.9555643964
1170.0 43.3260939976
1180.0 43.6966237508
1190.0 44.0671536449
1200.0 44.4376836688
1210.0 44.808213812
1220.0 45.1787440643
1230.0 45.5492744155
1240.0 45.9198048559
1250.0 46.290335376
1260.0 46.6608659664
1270.0 47.0313966181
1280.0 47.4019273221
1290.0 47.7724580697
1300.0 48.1429888522
1310.0 48.5135196612
1320.0 48.8840504884
1330.0 49.2545813256
1340.0 49.6251121648
1350.0 49.9956429978
1360.0 50.366173817
1370.0 50.7367046144
1380.0 51.1072353823
1390.0 51.477766113
1400.0 51.848296799
1410.0 52.2188274326
1420.0 52.5893580063
1430.0 52.9598885127
1440.0 53.3304189441
1450.0 53.7009492933
1460.0 54.0714795526
1470.0 54.4420097147
1480.0 54.8125397721
1490.0 55.1830697174
1500.0 55.553599543
1510.0 55.9241292414
1520.0 56.2946588052
1530.0 56.6651882267
1540.0 57.0357174984
1550.0 57.4062466125
1560.0 57.7767755614
1570.0 58.1473043374
1580.0 58.5178329325
1590.0 58.888361339
1600.0 59.2588895489
1610.0 59.6294175541
1620.0 59.9999453466
1630.0 60.3704729181
1640.0 60.7410002603
1650.0 61.111527365
1660.0 61.4820542236
1670.0 61.8525808275
1680.0 62.2231071681
1690.0 62.5936332365
1700.0 62.964159024
1710.0 63.3346845213
1720.0 63.7052097195
1730.0 64.0757346092
1740.0 64.446259181
1750.0 64.8167834253
1760.0 65.1873073326
1770.0 65.5578308929
1780.0 65.9283540962
1790.0 66.2988769326
1800.0 66.6693993916
1810.0 67.0399214628
1820.0 67.4104431357
1830.0 67.7809643995
1840.0 68.1514852431
1850.0 68.5220056556
1860.0 68.8925256256
1870.0 69.2630451417
1880.0 69.6335641921
1890.0 70.0040827651
1900.0 70.3746008486
1910.0 70.7451184304
1920.0 71.1156354979
1930.0 71.4861520387
1940.0 71.8566680398
1950.0 72.2271834882
1960.0 72.5976983707
1970.0 72.9682126736
1980.0 73.3387263834
1990.0 73.709239486
2000.0 74.0797519674
2010.0 74.4502638131
2020.0 74.8207750084
2030.0 75.1912855387
2040.0 75.5617953886
2050.0 75.9323045429
2060.0 76.3028129859
2070.0 76.6733207019
2080.0 77.0438276747
2090.0 77.4143338879
2100.0 77.7848393249
2110.0 78.1553439689
2120.0 78.5258478026
2130.0 78.8963508086
2140.0 79.2668529692
2150.0 79.6373542666
2160.0 80.0078546822
2170.0 80.3783541978
2180.0 80.7488527943
2190.0 81.1193504528
2200.0 81.4898471537
2210.0 81.8603428775
2220.0 82.230837604
2230.0 82.601331313
2240.0 82.9718239839
2250.0 83.3423155958
2260.0 83.7128061275
2270.0 84.0832955574
2280.0 84.4537838638
2290.0 84.8242710244
2300.0 85.1947570168
2310.0 85.5652418183
2320.0 85.9357254056
2330.0 86.3062077554
2340.0 86.676688844
2350.0 87.0471686472
2360.0 87.4176471405
2370.0 87.7881242994
2380.0 88.1586000986
2390.0 88.5290745128
2400.0 88.8995475163
2410.0 89.2700190828
2420.0 89.640489186
2430.0 90.0109577992
2440.0 90.3814248951
2450.0 90.7518904464
2460.0 91.1223544252
2470.0 91.4928168034
2480.0 91.8632775525
2490.0 92.2337366436
2500.0 92.6041940475
2510.0 92.9746497346
2520.0 93.3451036752
2530.0 93.7155558389
2540.0 94.086006195
2550.0 94.4564547128
2560.0 94.8269013608
2570.0 95.1973461074
2580.0 95.5677889206
2590.0 95.938229768
2600.0 96.308668617
2610.0 96.6791054343
2620.0 97.0495401867
2630.0 97.4199728404
2640.0 97.7904033612
2650.0 98.1608317147
2660.0 98.531257866
2670.0 98.9016817801
2680.0 99.2721034213
2690.0 99.6425227539
2700.0 100.012939742
2710.0 100.383354348
2720.0 100.753766536
2730.0 101.124176269
2740.0 101.494583509
2750.0 101.864988217
2760.0 102.235390357
2770.0 102.605789889
2780.0 102.976186775
2790.0 103.346580975
2800.0 103.71697245
2810.0 104.08736116
2820.0 104.457747065
2830.0 104.828130124
2840.0 105.198510297
2850.0 105.568887543
2860.0 105.93926182
2870.0 106.309633087
2880.0 106.680001302
2890.0 107.050366422
2900.0 107.420728405
2910.0 107.791087209
2920.0 108.161442789
2930.0 108.531795104
2940.0 108.902144109
2950.0 109.272489761
2960.0 109.642832015
2970.0 110.013170828
2980.0 110.383506153
2990.0 110.753837948
3000.0 111.124166167
3010.0 111.494490764
3020.0 111.864811694
3030.0 112.235128912
3040.0 112.605442372
3050.0 112.975752027
3060.0 113.346057831
3070.0 113.716359738
3080.0 114.086657702
3090.0 114.456951675
3100.0 114.827241611
3110.0 115.197527463
3120.0 115.567809183
3130.0 115.938086725
3140.0 116.30836004
3150.0 116.678629081
3160.0 117.048893802
3170.0 117.419154153
3180.0 117.789410087
3190.0 118.159661556
3200.0 118.529908513
3210.0 118.900150909
3220.0 119.270388695
3230.0 119.640621826
3240.0 120.01085025
3250.0 120.381073922
3260.0 120.751292793
3270.0 121.121506814
3280.0 121.491715937
3290.0 121.861920115
3300.0 122.232119299
3310.0 122.602313442
3320.0 122.972502495
3330.0 123.34268641
3340.0 123.712865141
3350.0 124.083038638
3360.0 124.453206855
3370.0 124.823369744
3380.0 125.193527258
3390.0 125.56367935
3400.0 125.933825972
3410.0 126.303967078
3420.0 126.674102621
3430.0 127.044232555
3440.0 127.414356834
3450.0 127.784475411
3460.0 128.15458824
3470.0 128.524695277
3480.0 128.894796476
3490.0 129.264891791
3500.0 129.634981179
3510.0 130.005064594
3520.0 130.375141994
3530.0 130.745213333
3540.0 131.115278568
3550.0 131.485337657
3560.0 131.855390557
3570.0 132.225437225
3580.0 132.59547762
3590.0 132.9655117
3600.0 133.335539424
3610.0 133.705560751
3620.0 134.075575641
3630.0 134.445584055
3640.0 134.815585952
3650.0 135.185581296
3660.0 135.555570046
3670.0 135.925552166
3680.0 136.295527619
3690.0 136.665496367
3700.0 137.035458374
3710.0 137.405413606
3720.0 137.775362028
3730.0 138.145303604
3740.0 138.515238302
3750.0 138.885166088
3760.0 139.25508693
3770.0 139.625000796
3780.0 139.994907656
3790.0 140.364807479
3800.0 140.734700234
3810.0 141.104585895
3820.0 141.474464431
3830.0 141.844335816
3840.0 142.214200023
3850.0 142.584057025
3860.0 142.953906799
3870.0 143.323749319
3880.0 143.693584562
3890.0 144.063412506
3900.0 144.433233127
3910.0 144.803046406
3920.0 145.172852321
3930.0 145.542650854
3940.0 145.912441986
3950.0 146.2822257
3960.0 146.652001979
3970.0 147.021770806
3980.0 147.391532168
3990.0 147.76128605
4000.0 148.131032439
4010.0 148.500771323
4020.0 148.870502692
4030.0 149.240226535
4040.0 149.609942842
4050.0 149.979651606
4060.0 150.34935282
4070.0 150.719046478
4080.0 151.088732574
4090.0 151.458411104
4100.0 151.828082066
4110.0 152.197745458
4120.0 152.567401277
4130.0 152.937049525
4140.0 153.306690204
4150.0 153.676323314
4160.0 154.045948859
4170.0 154.415566844
4180.0 154.785177275
4190.0 155.154780157
4200.0 155.5243755
4210.0 155.89396331
4220.0 156.263543599
4230.0 156.633116378
4240.0 157.002681658
4250.0 157.372239453
4260.0 157.741789778
4270.0 158.111332647
4280.0 158.480868078
4290.0 158.850396089
4300.0 159.219916698
4310.0 159.589429925
4320.0 159.958935792
4330.0 160.328434322
4340.0 160.697925537
4350.0 161.067409463
4360.0 161.436886125
4370.0 161.80635555
4380.0 162.175817767
4390.0 162.545272804
4400.0 162.914720692
4410.0 163.284161463
4420.0 163.653595149
4430.0 164.023021785
4440.0 164.392441404
4450.0 164.761854044
4460.0 165.131259741
4470.0 165.500658534
4480.0 165.870050462
4490.0 166.239435566
4500.0 166.608813887
4510.0 166.978185469
4520.0 167.347550355
4530.0 167.71690859
4540.0 168.08626022
4550.0 168.455605293
4560.0 168.824943856
4570.0 169.194275959
4580.0 169.563601653
4590.0 169.932920988
4600.0 170.302234017
4610.0 170.671540794
4620.0 171.040841373
4630.0 171.410135809
4640.0 171.77942416
4650.0 172.148706482
4660.0 172.517982834
4670.0 172.887253276
4680.0 173.256517868
4690.0 173.625776671
4700.0 173.995029747
4710.0 174.364277161
4720.0 174.733518976
4730.0 175.102755256
4740.0 175.471986069
4750.0 175.84121148
4760.0 176.210431557
4770.0 176.57964637
4780.0 176.948855986
4790.0 177.318060476
4800.0 177.687259912
4810.0 178.056454364
4820.0 178.425643906
4830.0 178.79482861
4840.0 179.16400855
4850.0 179.5331838
4860.0 179.902354437
4870.0 180.271520536
4880.0 180.640682173
4890.0 181.009839437
4900.0 181.378992389
4910.0 181.748141116
4920.0 182.117285698
4930.0 182.486426214
4940.0 182.855562746
4950.0 183.224695373
4960.0 183.593824177
4970.0 183.96294924
4980.0 184.332070645
4990.0 184.701188475
5000.0 185.070302813
5010.0 185.439413743
5020.0 185.808521349
5030.0 186.177625716
5040.0 186.54672693
5050.0 186.915825075
5060.0 187.284920238
5070.0 187.654012505
5080.0 188.023101961
5090.0 188.392188695
5100.0 188.761272792
5110.0 189.130354341
5120.0 189.499433428
5130.0 189.868510141
5140.0 190.237584568
5150.0 190.606656798
5160.0 190.975726917
5170.0 191.344795015
5180.0 191.71386118
5190.0 192.0829255
5200.0 192.451988063
5210.0 192.821048959
5220.0 193.190108275
5230.0 193.5591661
5240.0 193.928222523
5250.0 194.297277631
5260.0 194.666331514
5270.0 195.03538426
5280.0 195.404435956
5290.0 195.773486691
5300.0 196.142536553
5310.0 196.511585629
5320.0 196.880634006
5330.0 197.249681773
5340.0 197.618729016
5350.0 197.987775821
5360.0 198.356822276
5370.0 198.725868467
5380.0 199.094914479
5390.0 199.463960399
5400.0 199.833006311
5410.0 200.2020523
5420.0 200.571098451
5430.0 200.940144847
5440.0 201.309191574
5450.0 201.678238713
5460.0 202.047286348
5470.0 202.416334561
5480.0 202.785383433
5490.0 203.154433046
5500.0 203.523483482
5510.0 203.892534819
5520.0 204.261587138
5530.0 204.630640517
5540.0 204.999695036
5550.0 205.368750772
5560.0 205.737807802
5570.0 206.106866204
5580.0 206.475926052
5590.0 206.844987423
5600.0 207.21405039
5610.0 207.583115028
5620.0 207.952181411
5630.0 208.32124961
5640.0 208.690319697
5650.0 209.059391743
5660.0 209.428465819
5670.0 209.797541994
5680.0 210.166620336
5690.0 210.535700913
5700.0 210.904783793
5710.0 211.273869042
5720.0 211.642956724
5730.0 212.012046905
5740.0 212.381139648
5750.0 212.750235016
5760.0 213.119333071
5770.0 213.488433873
5780.0 213.857537484
5790.0 214.226643962
5800.0 214.595753365
5810.0 214.964865751
5820.0 215.333981176