0.0 0.0
120.0 4.49292016469
120.625 4.51534966434
121.25 4.53778791696
122.5 4.58268999178
123.75 4.62762505518
125.0 4.67259184161
126.25 4.71758914974
127.5 4.76261583865
128.75 4.80767082417
130.0 4.85275307558
131.25 4.89786161244
132.5 4.94299550169
133.75 4.98815385491
135.0 5.03333582578
136.25 5.0785406077
137.5 5.12376743155
138.75 5.1690155636
140.0 5.21428430355
141.25 5.25957298275
142.5 5.30488096239
143.75 5.35020763198
145.0 5.39555240779
146.25 5.44091473141
147.5 5.48629406847
148.75 5.53168990735
150.0 5.57710175802
151.25 5.62252915089
152.5 5.66797163583
153.75 5.71342878111
155.0 5.75890017255
156.25 5.80438541257
157.5 5.84988411945
158.75 5.89539592646
160.0 5.9409204812
161.25 5.98645744488
162.5 6.03200649165
165.0 6.12313959221
167.5 6.21431741257
170.0 6.30553775349
172.5 6.39679857133
175.0 6.48809796417
177.5 6.57943415943
180.0 6.67080550265
182.5 6.76221044741
185.0 6.85364754623
187.5 6.94511544242
190.0 7.03661286261
192.5 7.12813861004
195.0 7.21969155851
197.5 7.31127064683
200.0 7.40287487384
202.5 7.49450329381
205.0 7.58615501232
207.5 7.6778291825
210.0 7.76952500151
212.5 7.86124170748
215.0 7.95297857658
217.5 8.04473492038
220.0 8.13651008348
222.5 8.22830344128
225.0 8.32011439791
230.0 8.50378685714
235.0 8.68752320257
240.0 8.87131953107
245.0 9.05517225359
250.0 9.23907805984
255.0 9.42303388803
260.0 9.60703689883
265.0 9.79108445294
270.0 9.97517409156
275.0 10.1593035195
280.0 10.3434705902
285.0 10.5276732931
290.0 10.7119097418
295.0 10.8961781642
300.0 11.0804768933
305.0 11.2648043596
310.0 11.4491590834
315.0 11.6335396688
320.0 11.8179447979
330.0 12.1868237728
340.0 12.5557868333
350.0 12.9248257601
360.0 13.293933177
370.0 13.6631024555
380.0 14.032327633
390.0 14.4016033411
400.0 14.7709247436
410.0 15.1402874818
420.0 15.5096876257
430.0 15.8791216314
440.0 16.2485863019
450.0 16.6180787532
460.0 16.9875963831
470.0 17.3571368435
480.0 17.7266980154
490.0 18.0962779864
500.0 18.4658750304
510.0 18.8354875888
520.0 19.205114255
530.0 19.5747537584
540.0 19.9444049517
550.0 20.3140667982
560.0 20.6837383615
570.0 21.0534187948
580.0 21.4231073329
590.0 21.7928032834
600.0 22.1625060199
610.0 22.5322149753
620.0 22.9019296361
630.0 23.2716495368
640.0 23.6413742555
650.0 24.0111034093
660.0 24.3808366508
670.0 24.7505736643
680.0 25.1203141627
690.0 25.4900578848
700.0 25.859804593
710.0 26.2295540705
720.0 26.5993061198
730.0 26.9690605602
740.0 27.338817227
750.0 27.7085759692
760.0 28.0783366489
770.0 28.4480991393
780.0 28.8178633243
790.0 29.1876290972
800.0 29.55739636
810.0 29.9271650222
820.0 30.2969350006
830.0 30.6667062184
840.0 31.0364786048
850.0 31.406252094
860.0 31.7760266254
870.0 32.1458021428
880.0 32.5155785938
890.0 32.8853559301
900.0 33.2551341066
910.0 33.6249130813
920.0 33.9946928152
930.0 34.3644732717
940.0 34.734254417
950.0 35.1040362192
960.0 35.4738186487
970.0 35.8436016776
980.0 36.2133852799
990.0 36.5831694313
1000.0 36.9529541088
1010.0 37.3227392909
1020.0 37.6925249576
1030.0 38.0623110899
1040.0 38.43209767
1050.0 38.8018846811
1060.0 39.1716721076
1070.0 39.5414599346
1080.0 39.9112481482
1090.0 40.2810367354
1100.0 40.6508256837
1110.0 41.0206149816
1120.0 41.3904046182
1130.0 41.7601945832
1140.0 42.129984867
1150.0 42.4997754605
1160.0 42.8695663552
1170.0 43.2393575432
1180.0 43.6091490168
1190.0 43.9789407693
1200.0 44.3487327938
1210.0 44.7185250845
1220.0 45.0883176355
1230.0 45.4581104416
1240.0 45.8279034979
1250.0 46.1976967997
1260.0 46.5674903429
1270.0 46.9372841236
1280.0 47.3070781383
1290.0 47.6768723838
1300.0 48.0466668572
1310.0 48.4164615558
1320.0 48.7862564774
1330.0 49.1560516199
1340.0 49.5258469815
1350.0 49.8956425607
1360.0 50.2654383563
1370.0 50.6352343672
1380.0 51.0050305928
1390.0 51.3748270325
1400.0 51.744623686
1410.0 52.1144205534
1420.0 52.4842176348
1430.0 52.8540149306
1440.0 53.2238124414
1450.0 53.5936101681
1460.0 53.9634081119
1470.0 54.3332062738
1480.0 54.7030046555
1490.0 55.0728032587
1500.0 55.4426020851
1510.0 55.812401137
1520.0 56.1822004167
1530.0 56.5519999267
1540.0 56.9217996696
1550.0 57.2915996484
1560.0 57.6613998662
1570.0 58.0312003263
1580.0 58.4010010323
1590.0 58.7708019877
1600.0 59.1406031966
1610.0 59.510404663
1620.0 59.8802063912
1630.0 60.2500083857
1640.0 60.6198106512
1650.0 60.9896131926
1660.0 61.359416015
1670.0 61.7292191236
1680.0 62.0990225241
1690.0 62.468826222
1700.0 62.8386302232
1710.0 63.2084345339
1720.0 63.5782391604
1730.0 63.9480441092
1740.0 64.3178493869
1750.0 64.6876550006
1760.0 65.0574609574
1770.0 65.4272672646
1780.0 65.7970739298
1790.0 66.1668809607
1800.0 66.5366883655
1810.0 66.9064961522
1820.0 67.2763043293
1830.0 67.6461129056
1840.0 68.0159218898
1850.0 68.3857312911
1860.0 68.7555411188
1870.0 69.1253513825
1880.0 69.4951620921
1890.0 69.8649732575
1900.0 70.234784889
1910.0 70.6045969972
1920.0 70.9744095927
1930.0 71.3442226867
1940.0 71.7140362903
1950.0 72.0838504151
1960.0 72.4536650728
1970.0 72.8234802754
1980.0 73.1932960351
1990.0 73.5631123645
2000.0 73.9329292764
2010.0 74.3027467837
2020.0 74.6725648998
2030.0 75.0423836383
2040.0 75.4122030131
2050.0 75.7820230381
2060.0 76.1518437278
2070.0 76.521665097
2080.0 76.8914871604
2090.0 77.2613099335
2100.0 77.6311334316
2110.0 78.0009576706
2120.0 78.3707826666
2130.0 78.740608436
2140.0 79.1104349954
2150.0 79.4802623618
2160.0 79.8500905526
2170.0 80.2199195853
2180.0 80.5897494778
2190.0 80.9595802482
2200.0 81.3294119151
2210.0 81.6992444974
2220.0 82.0690780141
2230.0 82.4389124846
2240.0 82.8087479288
2250.0 83.1785843668
2260.0 83.5484218188
2270.0 83.9182603058
2280.0 84.2880998487
2290.0 84.6579404689
2300.0 85.0277821881
2310.0 85.3976250285
2320.0 85.7674690123
2330.0 86.1373141623
2340.0 86.5071605016
2350.0 86.8770080536
2360.0 87.246856842
2370.0 87.6167068909
2380.0 87.9865582247
2390.0 88.3564108682
2400.0 88.7262648466
2410.0 89.0961201853
2420.0 89.4659769101
2430.0 89.8358350472
2440.0 90.2056946232
2450.0 90.5755556649
2460.0 90.9454181995
2470.0 91.3152822547
2480.0 91.6851478584
2490.0 92.055015039
2500.0 92.4248838249
2510.0 92.7947542454
2520.0 93.1646263298
2530.0 93.5345001077
2540.0 93.9043756094
2550.0 94.2742528652
2560.0 94.644131906
2570.0 95.0140127629
2580.0 95.3838954675
2590.0 95.7537800517
2600.0 96.1236665477
2610.0 96.4935549882
2620.0 96.863445406
2630.0 97.2333378345
2640.0 97.6032323074
2650.0 97.9731288587
2660.0 98.3430275228
2670.0 98.7129283345
2680.0 99.0828313287
2690.0 99.452736541
2700.0 99.8226440071
2710.0 100.192553763
2720.0 100.562465846
2730.0 100.932380291
2740.0 101.302297137
2750.0 101.672216421
2760.0 102.042138181
2770.0 102.412062454
2780.0 102.78198928
2790.0 103.151918697
2800.0 103.521850744
2810.0 103.891785461
2820.0 104.261722887
2830.0 104.631663063
2840.0 105.001606029
2850.0 105.371551826
2860.0 105.741500494
2870.0 106.111452075
2880.0 106.48140661
2890.0 106.851364142
2900.0 107.221324713
2910.0 107.591288364
2920.0 107.961255139
2930.0 108.331225081
2940.0 108.701198233
2950.0 109.071174638
2960.0 109.441154341
2970.0 109.811137384
2980.0 110.181123813
2990.0 110.551113672
3000.0 110.921107006
3010.0 111.291103859
3020.0 111.661104277
3030.0 112.031108305
3040.0 112.401115988
3050.0 112.771127373
3060.0 113.141142505
3070.0 113.51116143
3080.0 113.881184195
3090.0 114.251210847
3100.0 114.62124143
3110.0 114.991275994
3120.0 115.361314583
3130.0 115.731357246
3140.0 116.10140403
3150.0 116.471454981
3160.0 116.841510148
3170.0 117.211569577
3180.0 117.581633316
3190.0 117.951701413
3200.0 118.321773915
3210.0 118.69185087
3220.0 119.061932327
3230.0 119.432018332
3240.0 119.802108933
3250.0 120.17220418
3260.0 120.542304118
3270.0 120.912408797
3280.0 121.282518264
3290.0 121.652632566
3300.0 122.022751753
3310.0 122.39287587
3320.0 122.763004967
3330.0 123.13313909
3340.0 123.503278288
3350.0 123.873422606
3360.0 124.243572094
3370.0 124.613726798
3380.0 124.983886765
3390.0 125.354052042
3400.0 125.724222676
3410.0 126.094398713
3420.0 126.464580199
3430.0 126.834767182
3440.0 127.204959706
3450.0 127.575157819
3460.0 127.945361564
3470.0 128.315570987
3480.0 128.685786135
3490.0 129.05600705
3500.0 129.426233778
3510.0 129.796466363
3520.0 130.166704849
3530.0 130.536949279
3540.0 130.907199696
3550.0 131.277456143
3560.0 131.647718663
3570.0 132.017987298
3580.0 132.388262089
3590.0 132.758543078
3600.0 133.128830305
3610.0 133.49912381
3620.0 133.869423635
3630.0 134.239729818
3640.0 134.610042398
3650.0 134.980361414
3660.0 135.350686903
3670.0 135.721018903
3680.0 136.091357452
3690.0 136.461702585
3700.0 136.832054338
3710.0 137.202412747
3720.0 137.572777845
3730.0 137.943149668
3740.0 138.313528249
3750.0 138.683913619
3760.0 139.054305812
3770.0 139.424704859
3780.0 139.795110791
3790.0 140.165523637
3800.0 140.535943428
3810.0 140.906370191
3820.0 141.276803956
3830.0 141.647244748
3840.0 142.017692595
3850.0 142.388147522
3860.0 142.758609554
3870.0 143.129078715
3880.0 143.499555029
3890.0 143.870038517
3900.0 144.240529203
3910.0 144.611027106
3920.0 144.981532246
3930.0 145.352044643
3940.0 145.722564315
3950.0 146.093091279
3960.0 146.463625551
3970.0 146.834167148
3980.0 147.204716083
3990.0 147.575272371
4000.0 147.945836024
4010.0 148.316407054
4020.0 148.686985471
4030.0 149.057571286
4040.0 149.428164508
4050.0 149.798765144
4060.0 150.1693732
4070.0 150.539988684
4080.0 150.9106116
4090.0 151.281241951
4100.0 151.651879741
4110.0 152.02252497
4120.0 152.393177641
4130.0 152.763837752
4140.0 153.134505302
4150.0 153.505180288
4160.0 153.875862707
4170.0 154.246552554
4180.0 154.617249823
4190.0 154.987954508
4200.0 155.3586666
4210.0 155.729386091
4220.0 156.100112969
4230.0 156.470847225
4240.0 156.841588844
4250.0 157.212337815
4260.0 157.583094121
4270.0 157.953857748
4280.0 158.324628678
4290.0 158.695406893
4300.0 159.066192374
4310.0 159.436985101
4320.0 159.807785051
4330.0 160.178592203
4340.0 160.549406532
4350.0 160.920228013
4360.0 161.291056621
4370.0 161.661892328
4380.0 162.032735105
4390.0 162.403584923
4400.0 162.774441752
4410.0 163.145305559
4420.0 163.516176312
4430.0 163.887053976
4440.0 164.257938516
4450.0 164.628829896
4460.0 164.999728079
4470.0 165.370633024
4480.0 165.741544694
4490.0 166.112463046
4500.0 166.48338804
4510.0 166.854319631
4520.0 167.225257775
4530.0 167.596202428
4540.0 167.967153543
4550.0 168.338111073
4560.0 168.709074968
4570.0 169.080045179
4580.0 169.451021656
4590.0 169.822004347
4600.0 170.192993199
4610.0 170.563988159
4620.0 170.934989171
4630.0 171.305996179
4640.0 171.677009128
4650.0 172.048027958
4660.0 172.419052612
4670.0 172.790083029
4680.0 173.161119148
4690.0 173.532160909
4700.0 173.903208247
4710.0 174.274261101
4720.0 174.645319404
4730.0 175.016383093
4740.0 175.3874521
4750.0 175.758526358
4760.0 176.129605801
4770.0 176.500690357
4780.0 176.871779959
4790.0 177.242874535
4800.0 177.613974015
4810.0 177.985078326
4820.0 178.356187395
4830.0 178.727301149
4840.0 179.098419514
4850.0 179.469542415
4860.0 179.840669776
4870.0 180.21180152
4880.0 180.582937572
4890.0 180.954077842
4900.0 181.325222269
4910.0 181.696370764
4920.0 182.067523249
4930.0 182.438679643
4940.0 182.809839864
4950.0 183.181003833
4960.0 183.552171467
4970.0 183.923342684
4980.0 184.2945174
4990.0 184.665695532
5000.0 185.036876998
5010.0 185.408061711
5020.0 185.779249588
5030.0 186.150440543
5040.0 186.52163449
5050.0 186.892831345
5060.0 187.26403102
5070.0 187.635233429
5080.0 188.006438485
5090.0 188.377646101
5100.0 188.74885619
5110.0 189.120068663
5120.0 189.491283434
5130.0 189.862500413
5140.0 190.233719512
5150.0 190.604940644
5160.0 190.976163719
5170.0 191.347388649
5180.0 191.718615345
5190.0 192.089843718
5200.0 192.461073679
5210.0 192.832305139
5220.0 193.203538009
5230.0 193.574772201
5240.0 193.946007625
5250.0 194.317244192
5260.0 194.688481813
5270.0 195.059720401
5280.0 195.430959865
5290.0 195.802200118
5300.0 196.173441071
5310.0 196.544682636
5320.0 196.915924725
5330.0 197.28716725
5340.0 197.658410124
5350.0 198.029653259
5360.0 198.400896568
5370.0 198.772139964
5380.0 199.143383362
5390.0 199.514626673
5400.0 199.885869814
5410.0 200.257112699
5420.0 200.628355241
5430.0 200.999597358
5440.0 201.370838964
5450.0 201.742079975
5460.0 202.113320309
5470.0 202.484559882
5480.0 202.855798612
5490.0 203.227036417
5500.0 203.598273215
5510.0 203.969508926
5520.0 204.34074347
5530.0 204.711976767
5540.0 205.083208737
5550.0 205.454439302
5560.0 205.825668384
5570.0 206.196895906
5580.0 206.568121791
5590.0 206.939345964
5600.0 207.310568348
5610.0 207.68178887
5620.0 208.053007455
5630.0 208.42422403
5640.0 208.795438524
5650.0 209.166650863
5660.0 209.537860977
5670.0 209.909068796
5680.0 210.280274251
5690.0 210.651477273
5700.0 211.022677794
5710.0 211.393875747
5720.0 211.765071067
5730.0 212.136263687
5740.0 212.507453543
5750.0 212.878640572
5760.0 213.249824711
5770.0 213.621005898
5780.0 213.992184072
5790.0 214.363359174
5800.0 214.734531143
5810.0 215.105699922
5820.0 215.476865453