0.0 0.0
120.0 4.49646509814
120.625 4.51891306028
121.25 4.54136977538
122.5 4.58630877513
123.75 4.63128076344
125.0 4.67628447473
126.25 4.7213187077
127.5 4.7663823214
128.75 4.81147423168
130.0 4.8565934078
131.25 4.90173886935
132.5 4.94690968324
133.75 4.99210496107
135.0 5.03732385651
136.25 5.08256556296
137.5 5.1278293113
138.75 5.1731143678
140.0 5.21842003218
141.25 5.26374563575
142.5 5.30909053973
143.75 5.35445413362
145.0 5.39983583368
146.25 5.44523508152
147.5 5.49065134276
148.75 5.53608410578
150.0 5.58153288054
151.25 5.62699719747
152.5 5.67247660642
153.75 5.71797067568
155.0 5.76347899104
156.25 5.80900115496
157.5 5.85453678568
158.75 5.9000855165
160.0 5.945646995
161.25 5.9912208824
162.5 6.03680685285
165.0 6.12801380062
167.5 6.21926546803
170.0 6.31055965582
172.5 6.40189432034
175.0 6.49326755968
177.5 6.58467760126
180.0 6.67612279061
182.5 6.76760158131
185.0 6.85911252589
187.5 6.95065426763
190.0 7.04222553318
192.5 7.13382512577
195.0 7.22545191919
197.5 7.31710485227
200.0 7.40878292383
202.5 7.50048518814
205.0 7.59221075079
207.5 7.68395876488
210.0 7.7757284276
212.5 7.86751897705
215.0 7.95932968941
217.5 8.05115987625
220.0 8.14300888217
222.5 8.23487608255
225.0 8.32676088154
230.0 8.51058102476
235.0 8.69446505324
240.0 8.8784090638
245.0 9.06240946738
250.0 9.24646295366
255.0 9.43056646082
260.0 9.61471714953
265.0 9.79891238044
270.0 9.98314969474
275.0 10.1674267972
280.0 10.3517415413
285.0 10.5360919163
290.0 10.7204760359
295.0 10.9048921279
300.0 11.0893385254
305.0 11.2738136587
310.0 11.4583160482
315.0 11.642844298
320.0 11.8273970899
330.0 12.1965713863
340.0 12.5658297622
350.0 12.9351639982
360.0 13.3045667176
370.0 13.6740312919
380.0 14.043551758
390.0 14.4131227471
400.0 14.7827394228
410.0 15.1523974261
420.0 15.5220928267
430.0 15.89182208
440.0 16.261581989
450.0 16.6313696691
460.0 17.0011825178
470.0 17.3710181865
480.0 17.7408745559
490.0 18.1107497129
500.0 18.480641931
510.0 18.8505496514
520.0 19.2204714665
530.0 19.5904061056
540.0 19.9603524205
550.0 20.3303093742
560.0 20.7002760296
570.0 21.0702515394
580.0 21.4402351376
590.0 21.8102261312
600.0 22.1802238932
610.0 22.5502278558
620.0 22.9202375046
630.0 23.2902523735
640.0 23.6602720398
650.0 24.0302961198
660.0 24.4003242653
670.0 24.7703561596
680.0 25.1403915148
690.0 25.510430069
700.0 25.8804715832
710.0 26.25051584
720.0 26.6205626405
730.0 26.9906118033
740.0 27.3606631625
750.0 27.730716566
760.0 28.1007718746
770.0 28.4708289604
780.0 28.8408877061
790.0 29.2109480037
800.0 29.5810097537
810.0 29.9510728644
820.0 30.3211372513
830.0 30.6912028359
840.0 31.061269546
850.0 31.4313373143
860.0 31.8014060786
870.0 32.1714757808
880.0 32.5415463672
890.0 32.9116177874
900.0 33.2816899946
910.0 33.6517629449
920.0 34.0218365974
930.0 34.3919109137
940.0 34.7619858576
950.0 35.1320613952
960.0 35.5021374948
970.0 35.8722141262
980.0 36.2422912612
990.0 36.6123688728
1000.0 36.9824469359
1010.0 37.3525254263
1020.0 37.7226043214
1030.0 38.0926835994
1040.0 38.46276324
1050.0 38.8328432233
1060.0 39.2029235309
1070.0 39.5730041448
1080.0 39.9430850481
1090.0 40.3131662245
1100.0 40.6832476582
1110.0 41.0533293344
1120.0 41.4234112387
1130.0 41.7934933572
1140.0 42.1635756765
1150.0 42.5336581839
1160.0 42.9037408669
1170.0 43.2738237136
1180.0 43.6439067123
1190.0 44.0139898518
1200.0 44.3840731211
1210.0 44.7541565098
1220.0 45.1242400075
1230.0 45.4943236041
1240.0 45.86440729
1250.0 46.2344910555
1260.0 46.6045748914
1270.0 46.9746587885
1280.0 47.3447427379
1290.0 47.7148267309
1300.0 48.0849107589
1310.0 48.4549948133
1320.0 48.825078886
1330.0 49.1951629686
1340.0 49.5652470532
1350.0 49.9353311317
1360.0 50.3054151963
1370.0 50.6754992391
1380.0 51.0455832525
1390.0 51.4156672286
1400.0 51.78575116
1410.0 52.1558350391
1420.0 52.5259188582
1430.0 52.89600261
1440.0 53.2660862869
1450.0 53.6361698815
1460.0 54.0062533863
1470.0 54.3763367938
1480.0 54.7464200967
1490.0 55.1165032874
1500.0 55.4865863584
1510.0 55.8566693023
1520.0 56.2267521115
1530.0 56.5968347784
1540.0 56.9669172955
1550.0 57.3369996551
1560.0 57.7070818495
1570.0 58.0771638709
1580.0 58.4472457115
1590.0 58.8173273634
1600.0 59.1874088187
1610.0 59.5574900693
1620.0 59.9275711072
1630.0 60.2976519241
1640.0 60.6677325118
1650.0 61.0378128619
1660.0 61.4078929659
1670.0 61.7779728153
1680.0 62.1480524013
1690.0 62.5181317152
1700.0 62.8882107481
1710.0 63.2582894909
1720.0 63.6283679345
1730.0 63.9984460696
1740.0 64.3685238868
1750.0 64.7386013766
1760.0 65.1086785293
1770.0 65.478755335
1780.0 65.8488317839
1790.0 66.2189078656
1800.0 66.5889835701
1810.0 66.9590588868
1820.0 67.3291338051
1830.0 67.6992083143
1840.0 68.0692824034
1850.0 68.4393560613
1860.0 68.8094292767
1870.0 69.1795020382
1880.0 69.5495743341
1890.0 69.9196461525
1900.0 70.2897174815
1910.0 70.6597883087
1920.0 71.0298586217
1930.0 71.3999284079
1940.0 71.7699976544
1950.0 72.1400663483
1960.0 72.5101344761
1970.0 72.8802020245
1980.0 73.2502689797
1990.0 73.6203353278
2000.0 73.9904010546
2010.0 74.3604661457
2020.0 74.7305305865
2030.0 75.1005943622
2040.0 75.4706574576
2050.0 75.8407198573
2060.0 76.2107815458
2070.0 76.5808425072
2080.0 76.9509027254
2090.0 77.320962184
2100.0 77.6910208665
2110.0 78.0610787559
2120.0 78.431135835
2130.0 78.8011920865
2140.0 79.1712474926
2150.0 79.5413020353
2160.0 79.9113556964
2170.0 80.2814084574
2180.0 80.6514602994
2190.0 81.0215112033
2200.0 81.3915611497
2210.0 81.7616101188
2220.0 82.1316580908
2230.0 82.5017050453
2240.0 82.8717509616
2250.0 83.2417958189
2260.0 83.6118395961
2270.0 83.9818822714
2280.0 84.3519238232
2290.0 84.7219642293
2300.0 85.0920034671
2310.0 85.462041514
2320.0 85.8320783468
2330.0 86.2021139421
2340.0 86.572148276
2350.0 86.9421813246
2360.0 87.3122130635
2370.0 87.6822434677
2380.0 88.0522725124
2390.0 88.4223001721
2400.0 88.7923264209
2410.0 89.1623512329
2420.0 89.5323745816
2430.0 89.9023964402
2440.0 90.2724167816
2450.0 90.6424355783
2460.0 91.0124528025
2470.0 91.3824684261
2480.0 91.7524824206
2490.0 92.1224947571
2500.0 92.4925054065
2510.0 92.8625143391
2520.0 93.2325215251
2530.0 93.6025269342
2540.0 93.9725305358
2550.0 94.342532299
2560.0 94.7125321924
2570.0 95.0825301845
2580.0 95.4525262431
2590.0 95.822520336
2600.0 96.1925124303
2610.0 96.5625024932
2620.0 96.932490491
2630.0 97.3024763901
2640.0 97.6724601563
2650.0 98.0424417552
2660.0 98.412421152
2670.0 98.7823983115
2680.0 99.1523731982
2690.0 99.5223457762
2700.0 99.8923160094
2710.0 100.262283861
2720.0 100.632249295
2730.0 101.002212273
2740.0 101.372172758
2750.0 101.742130712
2760.0 102.112086098
2770.0 102.482038875
2780.0 102.851989006
2790.0 103.221936452
2800.0 103.591881172
2810.0 103.961823128
2820.0 104.331762278
2830.0 104.701698583
2840.0 105.071632001
2850.0 105.441562492
2860.0 105.811490015
2870.0 106.181414527
2880.0 106.551335987
2890.0 106.921254353
2900.0 107.291169582
2910.0 107.661081631
2920.0 108.030990457
2930.0 108.400896017
2940.0 108.770798268
2950.0 109.140697165
2960.0 109.510592664
2970.0 109.880484722
2980.0 110.250373293
2990.0 110.620258334
3000.0 110.990139798
3010.0 111.36001764
3020.0 111.729891816
3030.0 112.099762279
3040.0 112.469628984
3050.0 112.839491885
3060.0 113.209350934
3070.0 113.579206087
3080.0 113.949057296
3090.0 114.318904515
3100.0 114.688747696
3110.0 115.058586794
3120.0 115.428421759
3130.0 115.798252546
3140.0 116.168079107
3150.0 116.537901394
3160.0 116.907719359
3170.0 117.277532956
3180.0 117.647342136
3190.0 118.01714685
3200.0 118.386947052
3210.0 118.756742694
3220.0 119.126533726
3230.0 119.496320101
3240.0 119.866101772
3250.0 120.235878689
3260.0 120.605650805
3270.0 120.975418071
3280.0 121.34518044
3290.0 121.714937864
3300.0 122.084690293
3310.0 122.454437681
3320.0 122.82417998
3330.0 123.193917141
3340.0 123.563649116
3350.0 123.933375859
3360.0 124.303097322
3370.0 124.672813456
3380.0 125.042524216
3390.0 125.412229553
3400.0 125.78192942
3410.0 126.151623772
3420.0 126.52131256
3430.0 126.89099574
3440.0 127.260673264
3450.0 127.630345086
3460.0 128.000011161
3470.0 128.369671443
3480.0 128.739325887
3490.0 129.108974448
3500.0 129.478617082
3510.0 129.848253743
3520.0 130.217884387
3530.0 130.587508972
3540.0 130.957127453
3550.0 131.326739787
3560.0 131.696345932
3570.0 132.065945846
3580.0 132.435539486
3590.0 132.805126812
3600.0 133.174707781
3610.0 133.544282353
3620.0 133.913850489
3630.0 134.283412148
3640.0 134.652967291
3650.0 135.02251588
3660.0 135.392057876
3670.0 135.761593241
3680.0 136.131121939
3690.0 136.500643933
3700.0 136.870159186
3710.0 137.239667663
3720.0 137.60916933
3730.0 137.978664152
3740.0 138.348152095
3750.0 138.717633126
3760.0 139.087107214
3770.0 139.456574326
3780.0 139.826034431
3790.0 140.195487499
3800.0 140.5649335
3810.0 140.934372406
3820.0 141.303804187
3830.0 141.673228818
3840.0 142.04264627
3850.0 142.412056518
3860.0 142.781459537
3870.0 143.150855303
3880.0 143.520243792
3890.0 143.88962498
3900.0 144.258998847
3910.0 144.628365371
3920.0 144.997724532
3930.0 145.367076311
3940.0 145.736420688
3950.0 146.105757647
3960.0 146.475087171
3970.0 146.844409244
3980.0 147.213723852
3990.0 147.583030979
4000.0 147.952330614
4010.0 148.321622743
4020.0 148.690907357
4030.0 149.060184445
4040.0 149.429453998
4050.0 149.798716008
4060.0 150.167970467
4070.0 150.53721737
4080.0 150.906456712
4090.0 151.275688488
4100.0 151.644912695
4110.0 152.014129332
4120.0 152.383338397
4130.0 152.752539891
4140.0 153.121733814
4150.0 153.49092017
4160.0 153.860098961
4170.0 154.229270191
4180.0 154.598433867
4190.0 154.967589995
4200.0 155.336738583
4210.0 155.705879639
4220.0 156.075013173
4230.0 156.444139197
4240.0 156.813257723
4250.0 157.182368763
4260.0 157.551472333
4270.0 157.920568448
4280.0 158.289657125
4290.0 158.658738381
4300.0 159.027812235
4310.0 159.396878708
4320.0 159.765937821
4330.0 160.134989596
4340.0 160.504034056
4350.0 160.873071227
4360.0 161.242101135
4370.0 161.611123806
4380.0 161.980139268
4390.0 162.34914755
4400.0 162.718148684
4410.0 163.0871427
4420.0 163.456129632
4430.0 163.825109513
4440.0 164.194082378
4450.0 164.563048263
4460.0 164.932007205
4470.0 165.300959244
4480.0 165.669904417
4490.0 166.038842767
4500.0 166.407774333
4510.0 166.77669916
4520.0 167.145617292
4530.0 167.514528772
4540.0 167.883433648
4550.0 168.252331966
4560.0 168.621223775
4570.0 168.990109123
4580.0 169.358988062
4590.0 169.727860643
4600.0 170.096726917
4610.0 170.46558694
4620.0 170.834440764
4630.0 171.203288446
4640.0 171.572130042
4650.0 171.94096561
4660.0 172.309795207
4670.0 172.678618895
4680.0 173.047436732
4690.0 173.41624878
4700.0 173.785055102
4710.0 174.153855761
4720.0 174.522650821
4730.0 174.891440347
4740.0 175.260224405
4750.0 175.629003062
4760.0 175.997776385
4770.0 176.366544443
4780.0 176.735307304
4790.0 177.10406504
4800.0 177.472817721
4810.0 177.841565419
4820.0 178.210308206
4830.0 178.579046155
4840.0 178.947779341
4850.0 179.316507837
4860.0 179.685231719
4870.0 180.053951063
4880.0 180.422665946
4890.0 180.791376455
4900.0 181.160082653
4910.0 181.528784625
4920.0 181.897482453
4930.0 182.266176214
4940.0 182.634865991
4950.0 183.003551864
4960.0 183.372233913
4970.0 183.740912222
4980.0 184.109586872
4990.0 184.478257948
5000.0 184.846925531
5010.0 185.215589706
5020.0 185.584250558
5030.0 185.952908171
5040.0 186.32156263
5050.0 186.690214021
5060.0 187.058862429
5070.0 187.427507941
5080.0 187.796150643
5090.0 188.164790622
5100.0 188.533427965
5110.0 188.902062759
5120.0 189.270695091
5130.0 189.63932505
5140.0 190.007952723
5150.0 190.376578197
5160.0 190.745201562
5170.0 191.113822906
5180.0 191.482442316
5190.0 191.851059881
5200.0 192.21967569
5210.0 192.588289831
5220.0 192.956902392
5230.0 193.325513463
5240.0 193.694123131
5250.0 194.062731485
5260.0 194.431338614
5270.0 194.799944605
5280.0 195.168549546
5290.0 195.537153527
5300.0 195.905756634
5310.0 196.274358955
5320.0 196.642960578
5330.0 197.01156159
5340.0 197.380162079
5350.0 197.74876213
5360.0 198.11736183
5370.0 198.485961266
5380.0 198.854560524
5390.0 199.223159689
5400.0 199.591758846
5410.0 199.960358081
5420.0 200.328957477
5430.0 200.697557119
5440.0 201.066157091
5450.0 201.434757476
5460.0 201.803358356
5470.0 202.171959814
5480.0 202.540561932
5490.0 202.909164791
5500.0 203.277768471
5510.0 203.646373054
5520.0 204.014978618
5530.0 204.383585243
5540.0 204.752193008
5550.0 205.120801989
5560.0 205.489412265
5570.0 205.858023911
5580.0 206.226637005
5590.0 206.595251621
5600.0 206.963867834
5610.0 207.332485718
5620.0 207.701105346
5630.0 208.06972679
5640.0 208.438350123
5650.0 208.806975415
5660.0 209.175602736
5670.0 209.544232156
5680.0 209.912863743
5690.0 210.281497566
5700.0 210.650133692
5710.0 211.018772186
5720.0 211.387413113
5730.0 211.75605654
5740.0 212.124702528
5750.0 212.493351142
5760.0 212.862002442
5770.0 213.23065649
5780.0 213.599313346
5790.0 213.967973069
5800.0 214.336635718
5810.0 214.705301349
5820.0 215.07397002