0.0 0.0
120.0 4.4952322381
120.625 4.5176737791
121.25 4.54012407305
122.5 4.58505023051
123.75 4.63000937652
125.0 4.67500024552
126.25 4.7200216362
127.5 4.7650724076
128.75 4.81015147559
130.0 4.85525780943
131.25 4.90039042868
132.5 4.94554840028
133.75 4.99073083581
135.0 5.03593688897
136.25 5.08116575313
137.5 5.12641665917
138.75 5.17168887338
140.0 5.21698169546
141.25 5.26229445674
142.5 5.30762651843
143.75 5.35297727003
145.0 5.3983461278
146.25 5.44373253334
147.5 5.48913595229
148.75 5.53455587302
150.0 5.57999180549
151.25 5.62544328013
152.5 5.67090984679
153.75 5.71639107375
155.0 5.76188654682
156.25 5.80739586845
157.5 5.85291865688
158.75 5.8984545454
160.0 5.94400318162
161.25 5.98956422672
162.5 6.03513735488
165.0 6.12631861807
167.5 6.21754460089
170.0 6.3088131041
172.5 6.40012208403
175.0 6.49146963879
177.5 6.58285399579
180.0 6.67427350055
182.5 6.76572660666
185.0 6.85721186666
187.5 6.94872792382
190.0 7.04027350478
192.5 7.13184741278
195.0 7.22344852163
197.5 7.31507577012
200.0 7.4067281571
202.5 7.49840473682
205.0 7.59010461489
207.5 7.68182694439
210.0 7.77357092253
212.5 7.8653357874
215.0 7.95712081517
217.5 8.04892531743
220.0 8.14074863876
222.5 8.23259015456
225.0 8.32444926896
230.0 8.50821804302
235.0 8.69205070232
240.0 8.87594334372
245.0 9.05989237813
250.0 9.24389449524
255.0 9.42794663324
260.0 9.61204595277
265.0 9.79618981451
270.0 9.98037575964
275.0 10.1646014929
280.0 10.3488648678
285.0 10.5331638737
290.0 10.7174966242
295.0 10.901861347
300.0 11.0862563753
305.0 11.2706801395
310.0 11.4551311598
315.0 11.6396080404
320.0 11.8241094632
330.0 12.1931810212
340.0 12.5623366588
350.0 12.9315681564
360.0 13.3008681375
370.0 13.6702299735
380.0 14.0396477012
390.0 14.409115952
400.0 14.7786298894
410.0 15.1481851543
420.0 15.5177778165
430.0 15.8874043316
440.0 16.2570615022
450.0 16.626746444
460.0 16.9964565543
470.0 17.3661894847
480.0 17.7359431157
490.0 18.1057155345
500.0 18.4755050142
510.0 18.8453099962
520.0 19.215129073
530.0 19.5849609737
540.0 19.9548045503
550.0 20.3246587657
560.0 20.6945226827
570.0 21.0643954542
580.0 21.4342763141
590.0 21.8041645694
600.0 22.174059593
610.0 22.5439608172
620.0 22.9138677277
630.0 23.2837798583
640.0 23.6536967862
650.0 24.023618128
660.0 24.3935435351
670.0 24.7634726911
680.0 25.1334053079
690.0 25.5033411237
700.0 25.8732798996
710.0 26.243221418
720.0 26.6131654803
730.0 26.9831119048
740.0 27.3530605256
750.0 27.7230111908
760.0 28.092963761
770.0 28.4629181085
780.0 28.8328741158
790.0 29.2028316751
800.0 29.5727906868
810.0 29.9427510592
820.0 30.3127127077
830.0 30.682675554
840.0 31.0526395257
850.0 31.4226045557
860.0 31.7925705816
870.0 32.1625375455
880.0 32.5325053935
890.0 32.9024740754
900.0 33.2724435443
910.0 33.6424137563
920.0 34.0123846704
930.0 34.3823562483
940.0 34.7523284539
950.0 35.1223012533
960.0 35.4922746145
970.0 35.8622485076
980.0 36.2322229042
990.0 36.6021977775
1000.0 36.9721731022
1010.0 37.3421488543
1020.0 37.712125011
1030.0 38.0821015508
1040.0 38.4520784529
1050.0 38.822055698
1060.0 39.1920332672
1070.0 39.5620111428
1080.0 39.9319893077
1090.0 40.3019677458
1100.0 40.6719464412
1110.0 41.0419253791
1120.0 41.411904545
1130.0 41.7818839251
1140.0 42.1518635062
1150.0 42.5218432752
1160.0 42.8918232199
1170.0 43.2618033282
1180.0 43.6317835886
1190.0 44.0017639897
1200.0 44.3717445207
1210.0 44.741725171
1220.0 45.1117059304
1230.0 45.4816867887
1240.0 45.8516677362
1250.0 46.2216487634
1260.0 46.5916298609
1270.0 46.9616110197
1280.0 47.3315922308
1290.0 47.7015734855
1300.0 48.0715547751
1310.0 48.4415360912
1320.0 48.8115174255
1330.0 49.1814987698
1340.0 49.5514801161
1350.0 49.9214614563
1360.0 50.2914427825
1370.0 50.661424087
1380.0 51.031405362
1390.0 51.4013865998
1400.0 51.7713677929
1410.0 52.1413489336
1420.0 52.5113300144
1430.0 52.8813110279
1440.0 53.2512919664
1450.0 53.6212728227
1460.0 53.9912535891
1470.0 54.3612342583
1480.0 54.7312148229
1490.0 55.1011952752
1500.0 55.4711756079
1510.0 55.8411558135
1520.0 56.2111358843
1530.0 56.5811158129
1540.0 56.9510955917
1550.0 57.3210752129
1560.0 57.6910546689
1570.0 58.061033952
1580.0 58.4310130543
1590.0 58.8009919678
1600.0 59.1709706848
1610.0 59.5409491971
1620.0 59.9109274967
1630.0 60.2809055753
1640.0 60.6508834246
1650.0 61.0208610364
1660.0 61.390838402
1670.0 61.7608155131
1680.0 62.1307923608
1690.0 62.5007689363
1700.0 62.8707452308
1710.0 63.2407212353
1720.0 63.6106969406
1730.0 63.9806723374
1740.0 64.3506474163
1750.0 64.7206221677
1760.0 65.0905965821
1770.0 65.4605706494
1780.0 65.8305443599
1790.0 66.2005177034
1800.0 66.5704906695
1810.0 66.9404632478
1820.0 67.3104354278
1830.0 67.6804071986
1840.0 68.0503785494
1850.0 68.420349469
1860.0 68.7903199461
1870.0 69.1602899693
1880.0 69.5302595268
1890.0 69.9002286069
1900.0 70.2701971975
1910.0 70.6401652863
1920.0 71.010132861
1930.0 71.3800999089
1940.0 71.7500664171
1950.0 72.1200323726
1960.0 72.4899977621
1970.0 72.8599625722
1980.0 73.2299267891
1990.0 73.5998903988
2000.0 73.9698533873
2010.0 74.33981574
2020.0 74.7097774425
2030.0 75.0797384798
2040.0 75.4496988369
2050.0 75.8196584983
2060.0 76.1896174484
2070.0 76.5595756715
2080.0 76.9295331514
2090.0 77.2994898717
2100.0 77.6694458158
2110.0 78.0394009668
2120.0 78.4093553076
2130.0 78.7793088208
2140.0 79.1492614885
2150.0 79.5192132929
2160.0 79.8891642157
2170.0 80.2591142383
2180.0 80.629063342
2190.0 80.9990115075
2200.0 81.3689587156
2210.0 81.7389049464
2220.0 82.10885018
2230.0 82.4787943962
2240.0 82.8487375742
2250.0 83.2186796932
2260.0 83.588620732
2270.0 83.958560669
2280.0 84.3284994825
2290.0 84.6984371502
2300.0 85.0683736497
2310.0 85.4383089582
2320.0 85.8082430527
2330.0 86.1781759096
2340.0 86.5481075052
2350.0 86.9180378155
2360.0 87.287966816
2370.0 87.6578944819
2380.0 88.0278207883
2390.0 88.3977457096
2400.0 88.7676692201
2410.0 89.1375912938
2420.0 89.5075119041
2430.0 89.8774310243
2440.0 90.2473486274
2450.0 90.6172646858
2460.0 90.9871791717
2470.0 91.357092057
2480.0 91.7270033131
2490.0 92.0969129113
2500.0 92.4668208223
2510.0 92.8367270166
2520.0 93.2066314642
2530.0 93.576534135
2540.0 93.9464349983
2550.0 94.3163340231
2560.0 94.6862311782
2570.0 95.056126432
2580.0 95.4260197523
2590.0 95.7959111068
2600.0 96.1658004628
2610.0 96.5356877873
2620.0 96.9055730468
2630.0 97.2754562075
2640.0 97.6453372354
2650.0 98.015216096
2660.0 98.3850927545
2670.0 98.7549671756
2680.0 99.124839324
2690.0 99.4947091637
2700.0 99.8645766585
2710.0 100.234441772
2720.0 100.604304467
2730.0 100.974164707
2740.0 101.344022454
2750.0 101.71387767
2760.0 102.083730317
2770.0 102.453580356
2780.0 102.823427749
2790.0 103.193272456
2800.0 103.563114438
2810.0 103.932953655
2820.0 104.302790067
2830.0 104.672623633
2840.0 105.042454314
2850.0 105.412282066
2860.0 105.782106851
2870.0 106.151928625
2880.0 106.521747346
2890.0 106.891562974
2900.0 107.261375464
2910.0 107.631184775
2920.0 108.000990862
2930.0 108.370793684
2940.0 108.740593197
2950.0 109.110389355
2960.0 109.480182117
2970.0 109.849971436
2980.0 110.219757269
2990.0 110.589539571
3000.0 110.959318297
3010.0 111.329093401
3020.0 111.698864838
3030.0 112.068632563
3040.0 112.43839653
3050.0 112.808156692
3060.0 113.177913003
3070.0 113.547665418
3080.0 113.917413888
3090.0 114.287158369
3100.0 114.656898812
3110.0 115.026635171
3120.0 115.396367398
3130.0 115.766095447
3140.0 116.135819269
3150.0 116.505538818
3160.0 116.875254045
3170.0 117.244964903
3180.0 117.614671344
3190.0 117.984373321
3200.0 118.354070785
3210.0 118.723763687
3220.0 119.093451981
3230.0 119.463135619
3240.0 119.832814551
3250.0 120.20248873
3260.0 120.572158107
3270.0 120.941822635
3280.0 121.311482266
3290.0 121.681136951
3300.0 122.050786642
3310.0 122.420431292
3320.0 122.790070852
3330.0 123.159705275
3340.0 123.529334512
3350.0 123.898958517
3360.0 124.268577241
3370.0 124.638190637
3380.0 125.007798658
3390.0 125.377401256
3400.0 125.746998386
3410.0 126.116589999
3420.0 126.486176049
3430.0 126.85575649
3440.0 127.225331276
3450.0 127.59490036
3460.0 127.964463697
3470.0 128.33402124
3480.0 128.703572946
3490.0 129.073118769
3500.0 129.442658664
3510.0 129.812192586
3520.0 130.181720493
3530.0 130.551242339
3540.0 130.920758082
3550.0 131.290267678
3560.0 131.659771085
3570.0 132.02926826
3580.0 132.398759162
3590.0 132.768243749
3600.0 133.13772198
3610.0 133.507193814
3620.0 133.876659211
3630.0 134.246118132
3640.0 134.615570537
3650.0 134.985016387
3660.0 135.354455645
3670.0 135.723888272
3680.0 136.093314231
3690.0 136.462733486
3700.0 136.832146001
3710.0 137.20155174
3720.0 137.570950669
3730.0 137.940342752
3740.0 138.309727957
3750.0 138.67910625
3760.0 139.048477599
3770.0 139.417841973
3780.0 139.78719934
3790.0 140.156549669
3800.0 140.525892932
3810.0 140.895229099
3820.0 141.264558143
3830.0 141.633880035
3840.0 142.003194749
3850.0 142.372502259
3860.0 142.741802539
3870.0 143.111095567
3880.0 143.480381317
3890.0 143.849659767
3900.0 144.218930896
3910.0 144.588194681
3920.0 144.957451104
3930.0 145.326700144
3940.0 145.695941784
3950.0 146.065176004
3960.0 146.43440279
3970.0 146.803622125
3980.0 147.172833994
3990.0 147.542038383
4000.0 147.911235279
4010.0 148.28042467
4020.0 148.649606546
4030.0 149.018780896
4040.0 149.38794771
4050.0 149.757106982
4060.0 150.126258703
4070.0 150.495402867
4080.0 150.864539471
4090.0 151.233668508
4100.0 151.602789977
4110.0 151.971903875
4120.0 152.341010202
4130.0 152.710108958
4140.0 153.079200143
4150.0 153.44828376
4160.0 153.817359812
4170.0 154.186428305
4180.0 154.555489242
4190.0 154.924542632
4200.0 155.293588481
4210.0 155.662626799
4220.0 156.031657595
4230.0 156.400680881
4240.0 156.769696668
4250.0 157.13870497
4260.0 157.507705802
4270.0 157.876699178
4280.0 158.245685117
4290.0 158.614663634
4300.0 158.98363475
4310.0 159.352598485
4320.0 159.721554859
4330.0 160.090503896
4340.0 160.459445618
4350.0 160.828380051
4360.0 161.19730722
4370.0 161.566227152
4380.0 161.935139876
4390.0 162.30404542
4400.0 162.672943816
4410.0 163.041835094
4420.0 163.410719287
4430.0 163.77959643
4440.0 164.148466556
4450.0 164.517329703
4460.0 164.886185907
4470.0 165.255035207
4480.0 165.623877642
4490.0 165.992713253
4500.0 166.361542082
4510.0 166.730364171
4520.0 167.099179564
4530.0 167.467988306
4540.0 167.836790443
4550.0 168.205586023
4560.0 168.574375093
4570.0 168.943157703
4580.0 169.311933904
4590.0 169.680703746
4600.0 170.049467283
4610.0 170.418224567
4620.0 170.786975653
4630.0 171.155720596
4640.0 171.524459454
4650.0 171.893192283
4660.0 172.261919142
4670.0 172.630640091
4680.0 172.99935519
4690.0 173.3680645
4700.0 173.736768084
4710.0 174.105466005
4720.0 174.474158327
4730.0 174.842845114
4740.0 175.211526434
4750.0 175.580202352
4760.0 175.948872937
4770.0 176.317538256
4780.0 176.686198379
4790.0 177.054853377
4800.0 177.42350332
4810.0 177.792148279
4820.0 178.160788328
4830.0 178.529423539
4840.0 178.898053986
4850.0 179.266679744
4860.0 179.635300888
4870.0 180.003917494
4880.0 180.372529638
4890.0 180.741137409
4900.0 181.109740868
4910.0 181.478340102
4920.0 181.846935191
4930.0 182.215526214
4940.0 182.584113253
4950.0 182.952696387
4960.0 183.321275698
4970.0 183.689851269
4980.0 184.058423181
4990.0 184.426991518
5000.0 184.795556363
5010.0 185.1641178
5020.0 185.532675913
5030.0 185.901230787
5040.0 186.269782508
5050.0 186.638331161
5060.0 187.00687683
5070.0 187.375419604
5080.0 187.743959568
5090.0 188.112496808
5100.0 188.481031413
5110.0 188.849563469
5120.0 189.218093063
5130.0 189.586620283
5140.0 189.955145218
5150.0 190.323667954
5160.0 190.692188581
5170.0 191.060707186
5180.0 191.429223857
5190.0 191.797738684
5200.0 192.166251755
5210.0 192.534763157
5220.0 192.903272981
5230.0 193.271781313
5240.0 193.640288243
5250.0 194.008793858
5260.0 194.377298249
5270.0 194.745801501
5280.0 195.114303705
5290.0 195.482804947
5300.0 195.851305316
5310.0 196.219804898
5320.0 196.588303783
5330.0 196.956802057
5340.0 197.325299807
5350.0 197.69379712
5360.0 198.062294082
5370.0 198.430790779
5380.0 198.799287299
5390.0 199.167783725
5400.0 199.536280144
5410.0 199.90477664
5420.0 200.273273299
5430.0 200.641770202
5440.0 201.010267436
5450.0 201.378765082
5460.0 201.747263224
5470.0 202.115761944
5480.0 202.484261324
5490.0 202.852761444
5500.0 203.221262386
5510.0 203.589764231
5520.0 203.958267056
5530.0 204.326770943
5540.0 204.695275969
5550.0 205.063782212
5560.0 205.432289749
5570.0 205.800798658
5580.0 206.169309013
5590.0 206.537820891
5600.0 206.906334366
5610.0 207.274849511
5620.0 207.643366401
5630.0 208.011885107
5640.0 208.380405701
5650.0 208.748928254
5660.0 209.117452837
5670.0 209.485979519
5680.0 209.854508368
5690.0 210.223039453
5700.0 210.59157284
5710.0 210.960108595
5720.0 211.328646785
5730.0 211.697187473
5740.0 212.065730723
5750.0 212.434276598
5760.0 212.80282516
5770.0 213.17137647
5780.0 213.539930587
5790.0 213.908487572
5800.0 214.277047482
5810.0 214.645610376
5820.0 215.014176308