0.0 0.0
120.0 4.50304319145
120.625 4.52552541449
121.25 4.54801639049
122.5 4.59302391205
123.75 4.63806442216
125.0 4.68313665526
126.25 4.72823941003
127.5 4.77337154553
128.75 4.81853197762
130.0 4.86371967555
131.25 4.9089336589
132.5 4.9541729946
133.75 4.99943679423
135.0 5.04472421148
136.25 5.09003443974
137.5 5.13536670988
138.75 5.18072028819
140.0 5.22609447437
141.25 5.27148859974
142.5 5.31690202553
143.75 5.36233414123
145.0 5.40778436309
146.25 5.45325213273
147.5 5.49873691578
148.75 5.54423820061
150.0 5.58975549718
151.25 5.63528833591
152.5 5.68083626666
153.75 5.72639885773
155.0 5.7719756949
156.25 5.81756638062
157.5 5.86317053315
158.75 5.90878778577
160.0 5.95441778608
161.25 6.00006019528
162.5 6.04571468753
165.0 6.13705867892
167.5 6.22844738994
170.0 6.31987862134
172.5 6.41135032947
175.0 6.50286061242
177.5 6.59440769761
180.0 6.68598993057
182.5 6.77760576488
185.0 6.86925375307
187.5 6.96093253842
190.0 7.05264084758
192.5 7.14437748378
195.0 7.23614132082
197.5 7.32793129751
200.0 7.41974641268
202.5 7.5115857206
205.0 7.60344832686
207.5 7.69533338456
210.0 7.78724009088
212.5 7.87916768395
215.0 7.97111543992
217.5 8.06308267037
220.0 8.1550687199
222.5 8.24707296389
225.0 8.33909480649
230.0 8.52318903693
235.0 8.70734715263
240.0 8.89156525041
245.0 9.07583974121
250.0 9.26016731471
255.0 9.4445449091
260.0 9.62896968502
265.0 9.81343900316
270.0 9.99795040467
275.0 10.1825015943
280.0 10.3670904257
285.0 10.5517148879
290.0 10.7363730948
295.0 10.921063274
300.0 11.1057837587
305.0 11.2905329792
310.0 11.4753094559
315.0 11.6601117929
320.0 11.8449386721
330.0 12.2146611429
340.0 12.5844676933
350.0 12.9543501036
360.0 13.3243009975
370.0 13.6943137463
380.0 14.0643823868
390.0 14.4345015503
400.0 14.8046664005
410.0 15.1748725782
420.0 15.5451161532
430.0 15.9153935811
440.0 16.2857016645
450.0 16.656037519
460.0 17.0263985422
470.0 17.3967823853
480.0 17.7671869291
490.0 18.1376102606
500.0 18.5080506531
510.0 18.8785065479
520.0 19.2489765375
530.0 19.619459351
540.0 19.9899538404
550.0 20.3604589686
560.0 20.7309737984
570.0 21.1014974826
580.0 21.4720292552
590.0 21.8425684233
600.0 22.2131143597
610.0 22.5836664967
620.0 22.95422432
630.0 23.3247873633
640.0 23.6953552041
650.0 24.0659274586
660.0 24.4365037785
670.0 24.8070838472
680.0 25.1776673769
690.0 25.5482541055
700.0 25.9188437942
710.0 26.2894362253
720.0 26.6600312003
730.0 27.0306285376
740.0 27.4012280712
750.0 27.7718296492
760.0 28.1424331322
770.0 28.5130383925
780.0 28.8836453126
790.0 29.2542537846
800.0 29.6248637091
810.0 29.9954749943
820.0 30.3660875555
830.0 30.7367013146
840.0 31.1073161991
850.0 31.4779321419
860.0 31.8485490806
870.0 32.2191669573
880.0 32.5897857181
890.0 32.9604053127
900.0 33.3310256944
910.0 33.7016468192
920.0 34.0722686461
930.0 34.4428911368
940.0 34.8135142551
950.0 35.1841379672
960.0 35.5547622413
970.0 35.9253870471
980.0 36.2960123565
990.0 36.6666381426
1000.0 37.0372643801
1010.0 37.407891045
1020.0 37.7785181145
1030.0 38.149145567
1040.0 38.5197733819
1050.0 38.8904015397
1060.0 39.2610300218
1070.0 39.6316588101
1080.0 40.0022878879
1090.0 40.3729172387
1100.0 40.7435468469
1110.0 41.1141766975
1120.0 41.4848067762
1130.0 41.8554370692
1140.0 42.226067563
1150.0 42.5966982448
1160.0 42.9673291022
1170.0 43.3379601233
1180.0 43.7085912965
1190.0 44.0792226104
1200.0 44.4498540542
1210.0 44.8204856173
1220.0 45.1911172894
1230.0 45.5617490605
1240.0 45.9323809208
1250.0 46.3030128608
1260.0 46.6736448711
1270.0 47.0442769427
1280.0 47.4149090665
1290.0 47.785541234
1300.0 48.1561734363
1310.0 48.5268056652
1320.0 48.8974379123
1330.0 49.2680701694
1340.0 49.6387024285
1350.0 50.0093346814
1360.0 50.3799669204
1370.0 50.7505991377
1380.0 51.1212313255
1390.0 51.4918634761
1400.0 51.8624955819
1410.0 52.2331276354
1420.0 52.603759629
1430.0 52.9743915553
1440.0 53.3450234066
1450.0 53.7156551756
1460.0 54.0862868548
1470.0 54.4569184368
1480.0 54.8275499141
1490.0 55.1981812793
1500.0 55.5688125247
1510.0 55.9394436431
1520.0 56.3100746267
1530.0 56.6807054681
1540.0 57.0513361596
1550.0 57.4219666936
1560.0 57.7925970625
1570.0 58.1632272583
1580.0 58.5338572733
1590.0 58.9044870997
1600.0 59.2751167294
1610.0 59.6457461545
1620.0 60.0163753668
1630.0 60.3870043582
1640.0 60.7576331204
1650.0 61.1282616449
1660.0 61.4988899233
1670.0 61.8695179471
1680.0 62.2401457076
1690.0 62.610773196
1700.0 62.9814004033
1710.0 63.3520273205
1720.0 63.7226539386
1730.0 64.0932802481
1740.0 64.4639062398
1750.0 64.834531904
1760.0 65.2051572311
1770.0 65.5757822113
1780.0 65.9464068346
1790.0 66.3170310908
1800.0 66.6876549697
1810.0 67.0582784608
1820.0 67.4289015536
1830.0 67.7995242372
1840.0 68.1701465007
1850.0 68.5407683331
1860.0 68.911389723
1870.0 69.2820106589
1880.0 69.6526311292
1890.0 70.0232511221
1900.0 70.3938706255
1910.0 70.7644896271
1920.0 71.1351081146
1930.0 71.5057260752
1940.0 71.8763434962
1950.0 72.2469603645
1960.0 72.6175766668
1970.0 72.9881923896
1980.0 73.3588075193
1990.0 73.7294220418
2000.0 74.100035943
2010.0 74.4706492086
2020.0 74.8412618239
2030.0 75.211873774
2040.0 75.5824850438
2050.0 75.9530956179
2060.0 76.3237054809
2070.0 76.6943146167
2080.0 77.0649230094
2090.0 77.4355306425
2100.0 77.8061374994
2110.0 78.1767435632
2120.0 78.5473488168
2130.0 78.9179532427
2140.0 79.2885568232
2150.0 79.6591595404
2160.0 80.029761376
2170.0 80.4003623114
2180.0 80.7709623278
2190.0 81.1415614061
2200.0 81.5121595269
2210.0 81.8827566706
2220.0 82.253352817
2230.0 82.6239479459
2240.0 82.9945420367
2250.0 83.3651350684
2260.0 83.73572702
2270.0 84.1063178698
2280.0 84.476907596
2290.0 84.8474961765
2300.0 85.2180835888
2310.0 85.5886698102
2320.0 85.9592548174
2330.0 86.3298385871
2340.0 86.7004210955
2350.0 87.0710023186
2360.0 87.4415822318
2370.0 87.8121608105
2380.0 88.1827380297
2390.0 88.5533138638
2400.0 88.9238882871
2410.0 89.2944612735
2420.0 89.6650327966
2430.0 90.0356028296
2440.0 90.4061713454
2450.0 90.7767383166
2460.0 91.1473037153
2470.0 91.5178675134
2480.0 91.8884296823
2490.0 92.2589901933
2500.0 92.629549017
2510.0 93.0001061241
2520.0 93.3706614845
2530.0 93.7412150681
2540.0 94.1117668441
2550.0 94.4823167818
2560.0 94.8528648496
2570.0 95.2234110161
2580.0 95.5939552492
2590.0 95.9644975165
2600.0 96.3350377853
2610.0 96.7055760226
2620.0 97.0761121948
2630.0 97.4466462684
2640.0 97.8171782091
2650.0 98.1877079824
2660.0 98.5582355536
2670.0 98.9287608876
2680.0 99.2992839487
2690.0 99.6698047012
2700.0 100.040323109
2710.0 100.410839135
2720.0 100.781352743
2730.0 101.151863896
2740.0 101.522372555
2750.0 101.892878684
2760.0 102.263382244
2770.0 102.633883196
2780.0 103.004381501
2790.0 103.374877121
2800.0 103.745370016
2810.0 104.115860146
2820.0 104.486347471
2830.0 104.85683195
2840.0 105.227313543
2850.0 105.597792208
2860.0 105.968267905
2870.0 106.338740592
2880.0 106.709210227
2890.0 107.079676767
2900.0 107.45014017
2910.0 107.820600393
2920.0 108.191057394
2930.0 108.561511128
2940.0 108.931961554
2950.0 109.302408625
2960.0 109.672852299
2970.0 110.043292531
2980.0 110.413729277
2990.0 110.784162492
3000.0 111.15459213
3010.0 111.525018147
3020.0 111.895440498
3030.0 112.265859135
3040.0 112.636274015
3050.0 113.006685089
3060.0 113.377092314
3070.0 113.747495641
3080.0 114.117895024
3090.0 114.488290418
3100.0 114.858681773
3110.0 115.229069045
3120.0 115.599452185
3130.0 115.969831147
3140.0 116.340205882
3150.0 116.710576343
3160.0 117.080942483
3170.0 117.451304254
3180.0 117.821661608
3190.0 118.192014497
3200.0 118.562362874
3210.0 118.932706689
3220.0 119.303045896
3230.0 119.673380446
3240.0 120.043710291
3250.0 120.414035383
3260.0 120.784355673
3270.0 121.154671114
3280.0 121.524981657
3290.0 121.895287255
3300.0 122.265587859
3310.0 122.635883422
3320.0 123.006173895
3330.0 123.37645923
3340.0 123.74673938
3350.0 124.117014297
3360.0 124.487283934
3370.0 124.857548243
3380.0 125.227807177
3390.0 125.598060689
3400.0 125.968308731
3410.0 126.338551257
3420.0 126.70878822
3430.0 127.079019574
3440.0 127.449245272
3450.0 127.819465269
3460.0 128.189679518
3470.0 128.559887975
3480.0 128.930090593
3490.0 129.300287329
3500.0 129.670478136
3510.0 130.040662972
3520.0 130.410841791
3530.0 130.78101455
3540.0 131.151181205
3550.0 131.521341714
3560.0 131.891496034
3570.0 132.261644122
3580.0 132.631785937
3590.0 133.001921436
3600.0 133.37205058
3610.0 133.742173327
3620.0 134.112289637
3630.0 134.48239947
3640.0 134.852502788
3650.0 135.222599551
3660.0 135.592689722
3670.0 135.962773262
3680.0 136.332850134
3690.0 136.702920302
3700.0 137.072983729
3710.0 137.443040381
3720.0 137.813090222
3730.0 138.183133219
3740.0 138.553169336
3750.0 138.923198542
3760.0 139.293220804
3770.0 139.663236091
3780.0 140.03324437
3790.0 140.403245613
3800.0 140.773239788
3810.0 141.143226868
3820.0 141.513206824
3830.0 141.883179629
3840.0 142.253145256
3850.0 142.623103679
3860.0 142.993054872
3870.0 143.362998812
3880.0 143.732935475
3890.0 144.102864838
3900.0 144.47278688
3910.0 144.842701578
3920.0 145.212608913
3930.0 145.582508866
3940.0 145.952401419
3950.0 146.322286552
3960.0 146.692164251
3970.0 147.062034498
3980.0 147.43189728
3990.0 147.801752581
4000.0 148.17160039
4010.0 148.541440695
4020.0 148.911273483
4030.0 149.281098746
4040.0 149.650916473
4050.0 150.020726657
4060.0 150.390529291
4070.0 150.760324368
4080.0 151.130111884
4090.0 151.499891835
4100.0 151.869664216
4110.0 152.239429027
4120.0 152.609186267
4130.0 152.978935935
4140.0 153.348678033
4150.0 153.718412563
4160.0 154.088139528
4170.0 154.457858934
4180.0 154.827570784
4190.0 155.197275086
4200.0 155.566971849
4210.0 155.936661079
4220.0 156.306342788
4230.0 156.676016986
4240.0 157.045683686
4250.0 157.415342901
4260.0 157.784994646
4270.0 158.154638935
4280.0 158.524275786
4290.0 158.893905216
4300.0 159.263527245
4310.0 159.633141893
4320.0 160.00274918
4330.0 160.372349129
4340.0 160.741941764
4350.0 161.11152711
4360.0 161.481105192
4370.0 161.850676037
4380.0 162.220239673
4390.0 162.58979613
4400.0 162.959345439
4410.0 163.328887629
4420.0 163.698422736
4430.0 164.067950791
4440.0 164.43747183
4450.0 164.80698589
4460.0 165.176493007
4470.0 165.545993219
4480.0 165.915486567
4490.0 166.284973091
4500.0 166.654452832
4510.0 167.023925834
4520.0 167.39339214
4530.0 167.762851795
4540.0 168.132304845
4550.0 168.501751337
4560.0 168.87119132
4570.0 169.240624843
4580.0 169.610051957
4590.0 169.979472712
4600.0 170.348887161
4610.0 170.718295358
4620.0 171.087697356
4630.0 171.457093213
4640.0 171.826482983
4650.0 172.195866725
4660.0 172.565244497
4670.0 172.934616359
4680.0 173.303982371
4690.0 173.673342594
4700.0 174.04269709
4710.0 174.412045924
4720.0 174.781389158
4730.0 175.150726859
4740.0 175.520059091
4750.0 175.889385922
4760.0 176.258707419
4770.0 176.628023652
4780.0 176.997334688
4790.0 177.366640598
4800.0 177.735941454
4810.0 178.105237326
4820.0 178.474528287
4830.0 178.843814411
4840.0 179.213095771
4850.0 179.582372441
4860.0 179.951644498
4870.0 180.320912017
4880.0 180.690175074
4890.0 181.059433758
4900.0 181.428688129
4910.0 181.797938276
4920.0 182.167184278
4930.0 182.536426214
4940.0 182.905664166
4950.0 183.274898212
4960.0 183.644128436
4970.0 184.01335492
4980.0 184.382577745
4990.0 184.751796994
5000.0 185.121012752
5010.0 185.490225102
5020.0 185.859434128
5030.0 186.228639915
5040.0 186.597842549
5050.0 186.967042114
5060.0 187.336238697
5070.0 187.705432383
5080.0 188.07462326
5090.0 188.443811413
5100.0 188.81299693
5110.0 189.182179899
5120.0 189.551360406
5130.0 189.920538539
5140.0 190.289714386
5150.0 190.658888035
5160.0 191.028059575
5170.0 191.397229092
5180.0 191.766396677
5190.0 192.135562417
5200.0 192.5047264
5210.0 192.873888715
5220.0 193.243049451
5230.0 193.612208696
5240.0 193.981366539
5250.0 194.350523067
5260.0 194.71967837
5270.0 195.088832536
5280.0 195.457985652
5290.0 195.827137807
5300.0 196.196289088
5310.0 196.565439584
5320.0 196.934589382
5330.0 197.303738568
5340.0 197.672887231
5350.0 198.042035456
5360.0 198.411183331
5370.0 198.780330942
5380.0 199.149478374
5390.0 199.518625713
5400.0 199.887773045
5410.0 200.256920454
5420.0 200.626068025
5430.0 200.995215841
5440.0 201.364363988
5450.0 201.733512547
5460.0 202.102661602
5470.0 202.471811234
5480.0 202.840961526
5490.0 203.21011256
5500.0 203.579264415
5510.0 203.948417172
5520.0 204.31757091
5530.0 204.68672571
5540.0 205.055881648
5550.0 205.425038804
5560.0 205.794197255
5570.0 206.163357076
5580.0 206.532518344
5590.0 206.901681135
5600.0 207.270845522
5610.0 207.64001158
5620.0 208.009179382
5630.0 208.378349001
5640.0 208.747520508
5650.0 209.116693974
5660.0 209.48586947
5670.0 209.855047065
5680.0 210.224226827
5690.0 210.593408824
5700.0 210.962593124
5710.0 211.331779792
5720.0 211.700968894
5730.0 212.070160495
5740.0 212.439354658
5750.0 212.808551446
5760.0 213.177750921
5770.0 213.546953143
5780.0 213.916158173
5790.0 214.285366071
5800.0 214.654576894
5810.0 215.0237907
5820.0 215.393007546