0.0 0.0
120.0 4.49993852613
120.625 4.52240457905
121.25 4.54487938491
122.5 4.58985456621
123.75 4.63486273606
125.0 4.67990262889
126.25 4.7249730434
127.5 4.77007283864
128.75 4.81520093046
130.0 4.86035628813
131.25 4.90553793121
132.5 4.95074492665
133.75 4.99597638602
135.0 5.041231463
136.25 5.086509351
137.5 5.13180928088
138.75 5.17713051892
140.0 5.22247236483
141.25 5.26783414995
142.5 5.31321523547
143.75 5.3586150109
145.0 5.4040328925
146.25 5.44946832188
147.5 5.49492076466
148.75 5.54038970923
150.0 5.58587466553
151.25 5.631375164
152.5 5.67689075449
153.75 5.72242100529
155.0 5.7679655022
156.25 5.81352384766
157.5 5.85909565992
158.75 5.90468057228
160.0 5.95027823233
161.25 5.99588830126
162.5 6.04151045325
165.0 6.13278976411
167.5 6.2241137946
170.0 6.31548034548
172.5 6.40688737308
175.0 6.4983329755
177.5 6.58981538017
180.0 6.6813329326
182.5 6.77288408638
185.0 6.86446739404
187.5 6.95608149887
190.0 7.0477251275
192.5 7.13939708317
195.0 7.23109623968
197.5 7.32282153584
200.0 7.41457197049
202.5 7.50634659788
205.0 7.59814452361
207.5 7.68996490078
210.0 7.78180692658
212.5 7.87366983912
215.0 7.96555291456
217.5 8.05745546449
220.0 8.14937683349
222.5 8.24131639695
225.0 8.33327355902
230.0 8.51723842841
235.0 8.70126718305
240.0 8.88535591978
245.0 9.06950104953
250.0 9.25369926198
255.0 9.4379474953
260.0 9.62224291018
265.0 9.80658286725
270.0 9.99096490772
275.0 10.1753867363
280.0 10.3598462066
285.0 10.5443413078
290.0 10.7288701536
295.0 10.9134309718
300.0 11.0980220954
305.0 11.2826419549
310.0 11.4672890706
315.0 11.6519620465
320.0 11.8366595646
330.0 12.2061233133
340.0 12.5756711416
350.0 12.9452948298
360.0 13.3149870016
370.0 13.6847410282
380.0 14.0545509466
390.0 14.4244113881
400.0 14.7943175161
410.0 15.1642649717
420.0 15.5342498246
430.0 15.9042685304
440.0 16.2743178917
450.0 16.6443950241
460.0 17.0144973251
470.0 17.3846224462
480.0 17.7547682679
490.0 18.1249328773
500.0 18.4951145477
510.0 18.8653117203
520.0 19.2355229878
530.0 19.6057470792
540.0 19.9759828465
550.0 20.3462292525
560.0 20.7164853602
570.0 21.0867503224
580.0 21.4570233729
590.0 21.8273038189
600.0 22.1975910332
610.0 22.5678844481
620.0 22.9381835492
630.0 23.3084878704
640.0 23.6787969891
650.0 24.0491105215
660.0 24.4194281193
670.0 24.7897494659
680.0 25.1600742735
690.0 25.5304022799
700.0 25.9007332465
710.0 26.2710669556
720.0 26.6414032084
730.0 27.0117418236
740.0 27.3820826351
750.0 27.752425491
760.0 28.1227702519
770.0 28.49311679
780.0 28.8634649881
790.0 29.233814738
800.0 29.6041659403
810.0 29.9745185034
820.0 30.3448723425
830.0 30.7152273795
840.0 31.0855835419
850.0 31.4559407626
860.0 31.8262989792
870.0 32.1966581337
880.0 32.5670181724
890.0 32.937379045
900.0 33.3077407045
910.0 33.6781031072
920.0 34.048466212
930.0 34.4188299806
940.0 34.7891943768
950.0 35.1595593668
960.0 35.5299249188
970.0 35.9002910025
980.0 36.2706575898
990.0 36.6410246538
1000.0 37.0113921692
1010.0 37.3817601119
1020.0 37.7521284593
1030.0 38.1224971897
1040.0 38.4928662825
1050.0 38.8632357182
1060.0 39.2336054781
1070.0 39.6039755444
1080.0 39.9743459
1090.0 40.3447165287
1100.0 40.7150874148
1110.0 41.0854585434
1120.0 41.4558299
1130.0 41.8262014708
1140.0 42.1965732425
1150.0 42.5669452022
1160.0 42.9373173375
1170.0 43.3076896365
1180.0 43.6780620875
1190.0 44.0484346793
1200.0 44.418807401
1210.0 44.789180242
1220.0 45.159553192
1230.0 45.529926241
1240.0 45.9002993792
1250.0 46.2706725971
1260.0 46.6410458853
1270.0 47.0114192347
1280.0 47.3817926365
1290.0 47.7521660818
1300.0 48.1225395621
1310.0 48.4929130689
1320.0 48.8632865939
1330.0 49.2336601289
1340.0 49.6040336658
1350.0 49.9744071966
1360.0 50.3447807135
1370.0 50.7151542087
1380.0 51.0855276744
1390.0 51.4559011029
1400.0 51.8262744866
1410.0 52.196647818
1420.0 52.5670210895
1430.0 52.9373942936
1440.0 53.3077674228
1450.0 53.6781404697
1460.0 54.0485134269
1470.0 54.4188862867
1480.0 54.7892590419
1490.0 55.1596316849
1500.0 55.5300042083
1510.0 55.9003766045
1520.0 56.2707488661
1530.0 56.6411209853
1540.0 57.0114929548
1550.0 57.3818647667
1560.0 57.7522364134
1570.0 58.1226078871
1580.0 58.49297918
1590.0 58.8633502843
1600.0 59.2337211919
1610.0 59.6040918949
1620.0 59.9744623851
1630.0 60.3448326544
1640.0 60.7152026944
1650.0 61.0855724968
1660.0 61.4559420532
1670.0 61.8263113549
1680.0 62.1966803932
1690.0 62.5670491594
1700.0 62.9374176446
1710.0 63.3077858398
1720.0 63.6781537357
1730.0 64.0485213232
1740.0 64.4188885927
1750.0 64.7892555349
1760.0 65.1596221399
1770.0 65.5299883979
1780.0 65.9003542991
1790.0 66.2707198332
1800.0 66.64108499
1810.0 67.011449759
1820.0 67.3818141296
1830.0 67.7521780911
1840.0 68.1225416326
1850.0 68.4929047428
1860.0 68.8632674106
1870.0 69.2336296244
1880.0 69.6039913727
1890.0 69.9743526434
1900.0 70.3447134247
1910.0 70.7150737042
1920.0 71.0854334695
1930.0 71.4557927081
1940.0 71.826151407
1950.0 72.1965095532
1960.0 72.5668671333
1970.0 72.9372241341
1980.0 73.3075805416
1990.0 73.677936342
2000.0 74.0482915211
2010.0 74.4186460646
2020.0 74.7889999577
2030.0 75.1593531857
2040.0 75.5297057334
2050.0 75.9000575855
2060.0 76.2704087263
2070.0 76.64075914
2080.0 77.0111088106
2090.0 77.3814577216
2100.0 77.7518058564
2110.0 78.1221531981
2120.0 78.4924997295
2130.0 78.8628454333
2140.0 79.2331902918
2150.0 79.6035342868
2160.0 79.9738774003
2170.0 80.3442196136
2180.0 80.7145609079
2190.0 81.0849012641
2200.0 81.4552406628
2210.0 81.8255790844
2220.0 82.1959165086
2230.0 82.5662529154
2240.0 82.9365882841
2250.0 83.3069225938
2260.0 83.6772558232
2270.0 84.047587951
2280.0 84.4179189551
2290.0 84.7882488135
2300.0 85.1585775037
2310.0 85.5289050029
2320.0 85.899231288
2330.0 86.2695563356
2340.0 86.6398801219
2350.0 87.0102026228
2360.0 87.380523814
2370.0 87.7508436706
2380.0 88.1211621676
2390.0 88.4914792796
2400.0 88.8617949808
2410.0 89.2321092451
2420.0 89.6024220461
2430.0 89.972733357
2440.0 90.3430431507
2450.0 90.7133513998
2460.0 91.0836580764
2470.0 91.4539631523
2480.0 91.8242665991
2490.0 92.194568388
2500.0 92.5648684896
2510.0 92.9351668746
2520.0 93.3054635129
2530.0 93.6757583743
2540.0 94.0460514283
2550.0 94.4163426438
2560.0 94.7866319896
2570.0 95.156919434
2580.0 95.5272049449
2590.0 95.8974884901
2600.0 96.2677700368
2610.0 96.638049552
2620.0 97.0083270021
2630.0 97.3786023536
2640.0 97.7488755721
2650.0 98.1191466234
2660.0 98.4894154725
2670.0 98.8596820843
2680.0 99.2299464233
2690.0 99.6002084537
2700.0 99.9704681392
2710.0 100.340725443
2720.0 100.710980329
2730.0 101.08123276
2740.0 101.451482697
2750.0 101.821730104
2760.0 102.191974941
2770.0 102.562217171
2780.0 102.932456755
2790.0 103.302693653
2800.0 103.672927825
2810.0 104.043159233
2820.0 104.413387836
2830.0 104.783613593
2840.0 105.153836464
2850.0 105.524056407
2860.0 105.894273382
2870.0 106.264487347
2880.0 106.634698259
2890.0 107.004906077
2900.0 107.375110758
2910.0 107.745312259
2920.0 108.115510538
2930.0 108.48570555
2940.0 108.855897253
2950.0 109.226085603
2960.0 109.596270555
2970.0 109.966452065
2980.0 110.336630089
2990.0 110.706804581
3000.0 111.076975497
3010.0 111.447142792
3020.0 111.817306421
3030.0 112.187466336
3040.0 112.557622493
3050.0 112.927774846
3060.0 113.297923348
3070.0 113.668067953
3080.0 114.038208615
3090.0 114.408345286
3100.0 114.778477919
3110.0 115.148606469
3120.0 115.518730887
3130.0 115.888851126
3140.0 116.258967139
3150.0 116.629078879
3160.0 116.999186297
3170.0 117.369289345
3180.0 117.739387977
3190.0 118.109482144
3200.0 118.479571799
3210.0 118.849656892
3220.0 119.219737377
3230.0 119.589813205
3240.0 119.959884328
3250.0 120.329950697
3260.0 120.700012265
3270.0 121.070068984
3280.0 121.440120806
3290.0 121.810167681
3300.0 122.180209563
3310.0 122.550246403
3320.0 122.920278154
3330.0 123.290304767
3340.0 123.660326196
3350.0 124.030342391
3360.0 124.400353306
3370.0 124.770358892
3380.0 125.140359104
3390.0 125.510353893
3400.0 125.880343213
3410.0 126.250327017
3420.0 126.620305258
3430.0 126.99027789
3440.0 127.360244866
3450.0 127.730206141
3460.0 128.100161668
3470.0 128.470111403
3480.0 128.840055299
3490.0 129.209993313
3500.0 129.579925398
3510.0 129.949851511
3520.0 130.319771608
3530.0 130.689685645
3540.0 131.059593578
3550.0 131.429495365
3560.0 131.799390963
3570.0 132.169280329
3580.0 132.539163421
3590.0 132.909040199
3600.0 133.278910621
3610.0 133.648774645
3620.0 134.018632233
3630.0 134.388483345
3640.0 134.75832794
3650.0 135.128165981
3660.0 135.49799743
3670.0 135.867822247
3680.0 136.237640398
3690.0 136.607451843
3700.0 136.977256549
3710.0 137.347054479
3720.0 137.716845598
3730.0 138.086629872
3740.0 138.456407267
3750.0 138.826177751
3760.0 139.195941291
3770.0 139.565697855
3780.0 139.935447413
3790.0 140.305189933
3800.0 140.674925387
3810.0 141.044653744
3820.0 141.414374979
3830.0 141.784089061
3840.0 142.153795966
3850.0 142.523495666
3860.0 142.893188138
3870.0 143.262873356
3880.0 143.632551297
3890.0 144.002221938
3900.0 144.371885257
3910.0 144.741541233
3920.0 145.111189846
3930.0 145.480831077
3940.0 145.850464907
3950.0 146.220091319
3960.0 146.589710295
3970.0 146.95932182
3980.0 147.32892588
3990.0 147.69852246
4000.0 148.068111547
4010.0 148.437693129
4020.0 148.807267195
4030.0 149.176833735
4040.0 149.546392741
4050.0 149.915944203
4060.0 150.285488114
4070.0 150.65502447
4080.0 151.024553264
4090.0 151.394074492
4100.0 151.763588151
4110.0 152.13309424
4120.0 152.502592758
4130.0 152.872083704
4140.0 153.24156708
4150.0 153.611042888
4160.0 153.980511131
4170.0 154.349971814
4180.0 154.719424942
4190.0 155.088870523
4200.0 155.458308563
4210.0 155.827739071
4220.0 156.197162058
4230.0 156.566577534
4240.0 156.935985512
4250.0 157.305386005
4260.0 157.674779027
4270.0 158.044164594
4280.0 158.413542723
4290.0 158.782913431
4300.0 159.152276738
4310.0 159.521632663
4320.0 159.890981228
4330.0 160.260322456
4340.0 160.629656369
4350.0 160.998982992
4360.0 161.368302352
4370.0 161.737614475
4380.0 162.106919389
4390.0 162.476217124
4400.0 162.84550771
4410.0 163.214791179
4420.0 163.584067563
4430.0 163.953336896
4440.0 164.322599214
4450.0 164.691854551
4460.0 165.061102946
4470.0 165.430344436
4480.0 165.799579062
4490.0 166.168806864
4500.0 166.538027883
4510.0 166.907242163
4520.0 167.276449746
4530.0 167.645650679
4540.0 168.014845007
4550.0 168.384032777
4560.0 168.753214038
4570.0 169.122388839
4580.0 169.491557231
4590.0 169.860719264
4600.0 170.229874991
4610.0 170.599024465
4620.0 170.968167742
4630.0 171.337304876
4640.0 171.706435924
4650.0 172.075560944
4660.0 172.444679994
4670.0 172.813793134
4680.0 173.182900423
4690.0 173.552001924
4700.0 173.921097699
4710.0 174.29018781
4720.0 174.659272322
4730.0 175.028351301
4740.0 175.397424811
4750.0 175.76649292
4760.0 176.135555695
4770.0 176.504613205
4780.0 176.873665519
4790.0 177.242712708
4800.0 177.611754841
4810.0 177.980791991
4820.0 178.34982423
4830.0 178.718851632
4840.0 179.08787427
4850.0 179.456892218
4860.0 179.825905553
4870.0 180.19491435
4880.0 180.563918685
4890.0 180.932918646
4900.0 181.301914296
4910.0 181.670905721
4920.0 182.039893
4930.0 182.408876214
4940.0 182.777855443
4950.0 183.146830768
4960.0 183.51580227
4970.0 183.884770031
4980.0 184.253734134
4990.0 184.622694662
5000.0 184.991651697
5010.0 185.360605325
5020.0 185.729555629
5030.0 186.098502694
5040.0 186.467446606
5050.0 186.836387449
5060.0 187.205325309
5070.0 187.574260273
5080.0 187.943192428
5090.0 188.312121859
5100.0 188.681048654
5110.0 189.049972901
5120.0 189.418894685
5130.0 189.787814096
5140.0 190.156731222
5150.0 190.525646149
5160.0 190.894558966
5170.0 191.263469762
5180.0 191.632378624
5190.0 192.001285642
5200.0 192.370190903
5210.0 192.739094496
5220.0 193.10799651
5230.0 193.476897033
5240.0 193.845796153
5250.0 194.21469396
5260.0 194.583590541
5270.0 194.952485984
5280.0 195.321380378
5290.0 195.690273811
5300.0 196.05916637
5310.0 196.428058144
5320.0 196.796949219
5330.0 197.165839684
5340.0 197.534729624
5350.0 197.903619128
5360.0 198.27250828
5370.0 198.641397169
5380.0 199.010285879
5390.0 199.379174496
5400.0 199.748063106
5410.0 200.116951793
5420.0 200.485840641
5430.0 200.854729736
5440.0 201.22361916
5450.0 201.592508997
5460.0 201.96139933
5470.0 202.33029024
5480.0 202.69918181
5490.0 203.068074121
5500.0 203.436967254
5510.0 203.805861289
5520.0 204.174756306
5530.0 204.543652383
5540.0 204.9125496
5550.0 205.281448034
5560.0 205.650347762
5570.0 206.019248861
5580.0 206.388151407
5590.0 206.757055475
5600.0 207.125961141
5610.0 207.494868477
5620.0 207.863777557
5630.0 208.232688454
5640.0 208.601601238
5650.0 208.970515983
5660.0 209.339432756
5670.0 209.708351628
5680.0 210.077272668
5690.0 210.446195944
5700.0 210.815121521
5710.0 211.184049468
5720.0 211.552979848
5730.0 211.921912726
5740.0 212.290848167
5750.0 212.659786233
5760.0 213.028726985
5770.0 213.397670486
5780.0 213.766616794
5790.0 214.13556597
5800.0 214.504518071
5810.0 214.873473155
5820.0 215.242431278