0.0 0.0
120.0 4.50118842471
120.625 4.52366098751
121.25 4.54614230327
122.5 4.59113050434
123.75 4.63615169397
125.0 4.68120460658
126.25 4.72628804086
127.5 4.77140085588
128.75 4.81654196748
130.0 4.86171034492
131.25 4.90690500778
132.5 4.952125023
133.75 4.99736950214
135.0 5.0426375989
136.25 5.08792850668
137.5 5.13324145633
138.75 5.17857571415
140.0 5.22393057984
141.25 5.26930538473
142.5 5.31469949003
143.75 5.36011228524
145.0 5.40554318662
146.25 5.45099163578
147.5 5.49645709834
148.75 5.54193906268
150.0 5.58743703876
151.25 5.63295055701
152.5 5.67847916727
153.75 5.72402243785
155.0 5.76957995453
156.25 5.81515131977
157.5 5.86073615181
158.75 5.90633408394
160.0 5.95194476377
161.25 5.99756785248
162.5 6.04320302425
165.0 6.13450837466
167.5 6.22585844471
170.0 6.31725103513
172.5 6.40868410228
175.0 6.50015574427
177.5 6.59166418848
180.0 6.68320778047
182.5 6.7747849738
185.0 6.86639432102
187.5 6.9580344654
190.0 7.04970413358
192.5 7.14140212881
195.0 7.23312732487
197.5 7.32487866059
200.0 7.41665513479
202.5 7.50845580173
205.0 7.60027976702
207.5 7.69212618374
210.0 7.7839942491
212.5 7.87588320119
215.0 7.96779231618
217.5 8.05972090566
220.0 8.15166831422
222.5 8.24363391723
225.0 8.33561711886
230.0 8.51963406736
235.0 8.70371490111
240.0 8.88785571695
245.0 9.0720529258
250.0 9.25630321735
255.0 9.44060352979
260.0 9.62495102377
265.0 9.80934305995
270.0 9.99377717952
275.0 10.1782510872
280.0 10.3627626366
285.0 10.5473098169
290.0 10.7318907418
295.0 10.9165036391
300.0 11.1011468419
305.0 11.2858187804
310.0 11.4705179752
315.0 11.6552430302
320.0 11.8399926275
330.0 12.2095605344
340.0 12.5792125209
350.0 12.9489403673
360.0 13.3187366973
370.0 13.6885948822
380.0 14.0585089588
390.0 14.4284735584
400.0 14.7984838447
410.0 15.1685354585
420.0 15.5386244697
430.0 15.9087473336
440.0 16.2789008531
450.0 16.6490821438
460.0 17.019288603
470.0 17.3895178823
480.0 17.7597678622
490.0 18.1300366298
500.0 18.5003224584
510.0 18.8706237893
520.0 19.240939215
530.0 19.6112674646
540.0 19.9816073901
550.0 20.3519579544
560.0 20.7223182203
570.0 21.0926873406
580.0 21.4630645494
590.0 21.8334491535
600.0 22.2038405261
610.0 22.5742380992
620.0 22.9446413585
630.0 23.315049838
640.0 23.6854631148
650.0 24.0558808054
660.0 24.4263025615
670.0 24.7967280663
680.0 25.1671570321
690.0 25.5375891967
700.0 25.9080243216
710.0 26.2784621888
720.0 26.6489025999
730.0 27.0193453733
740.0 27.389790343
750.0 27.7602373571
760.0 28.1306862762
770.0 28.5011369726
780.0 28.8715893288
790.0 29.2420432369
800.0 29.6124985975
810.0 29.9829553188
820.0 30.3534133162
830.0 30.7238725114
840.0 31.094332832
850.0 31.4647942109
860.0 31.8352565857
870.0 32.2057198985
880.0 32.5761840954
890.0 32.9466491261
900.0 33.3171149439
910.0 33.6875815048
920.0 34.0580487678
930.0 34.4285166946
940.0 34.798985249
950.0 35.1694543973
960.0 35.5399241074
970.0 35.9103943494
980.0 36.2808650949
990.0 36.6513363171
1000.0 37.0218079907
1010.0 37.3922800916
1020.0 37.7627525972
1030.0 38.1332254859
1040.0 38.5036987369
1050.0 38.8741723308
1060.0 39.2446462489
1070.0 39.6151204734
1080.0 39.9855949873
1090.0 40.3560697741
1100.0 40.7265448185
1110.0 41.0970201052
1120.0 41.46749562
1130.0 41.8379713491
1140.0 42.208447279
1150.0 42.5789233969
1160.0 42.9493996905
1170.0 43.3198761477
1180.0 43.6903527569
1190.0 44.0608295069
1200.0 44.4313063868
1210.0 44.8017833861
1220.0 45.1722604943
1230.0 45.5427377015
1240.0 45.9132149979
1250.0 46.283692374
1260.0 46.6541698204
1270.0 47.024647328
1280.0 47.395124888
1290.0 47.7656024916
1300.0 48.1360801301
1310.0 48.5065577951
1320.0 48.8770354783
1330.0 49.2475131715
1340.0 49.6179908666
1350.0 49.9884685557
1360.0 50.3589462308
1370.0 50.7294238842
1380.0 51.099901508
1390.0 51.4703790948
1400.0 51.8408566367
1410.0 52.2113341263
1420.0 52.581811556
1430.0 52.9522889183
1440.0 53.3227662058
1450.0 53.6932434109
1460.0 54.0637205262
1470.0 54.4341975443
1480.0 54.8046744577
1490.0 55.175151259
1500.0 55.5456279406
1510.0 55.916104495
1520.0 56.2865809147
1530.0 56.6570571922
1540.0 57.0275333199
1550.0 57.39800929
1560.0 57.7684850949
1570.0 58.1389607268
1580.0 58.509436178
1590.0 58.8799114405
1600.0 59.2503865063
1610.0 59.6208613675
1620.0 59.9913360159
1630.0 60.3618104434
1640.0 60.7322846417
1650.0 61.1027586023
1660.0 61.4732323169
1670.0 61.8437057768
1680.0 62.2141789733
1690.0 62.5846518978
1700.0 62.9551245412
1710.0 63.3255968945
1720.0 63.6960689487
1730.0 64.0665406944
1740.0 64.4370121221
1750.0 64.8074832225
1760.0 65.1779539857
1770.0 65.548424402
1780.0 65.9188944613
1790.0 66.2893641537
1800.0 66.6598334687
1810.0 67.0303023959
1820.0 67.4007709248
1830.0 67.7712390445
1840.0 68.1417067441
1850.0 68.5121740126
1860.0 68.8826408386
1870.0 69.2531072106
1880.0 69.6235731171
1890.0 69.994038546
1900.0 70.3645034855
1910.0 70.7349679233
1920.0 71.1054318468
1930.0 71.4758952436
1940.0 71.8463581007
1950.0 72.2168204051
1960.0 72.5872821435
1970.0 72.9577433024
1980.0 73.3282038682
1990.0 73.6986638268
2000.0 74.0691231641
2010.0 74.4395818658
2020.0 74.8100399172
2030.0 75.1804973034
2040.0 75.5509540093
2050.0 75.9214100196
2060.0 76.2918653186
2070.0 76.6623198906
2080.0 77.0327737193
2090.0 77.4032267885
2100.0 77.7736790815
2110.0 78.1441305814
2120.0 78.5145812711
2130.0 78.8850311331
2140.0 79.2554801498
2150.0 79.6259283031
2160.0 79.9963755747
2170.0 80.3668219463
2180.0 80.7372673988
2190.0 81.1077119132
2200.0 81.4781554701
2210.0 81.8485980499
2220.0 82.2190396324
2230.0 82.5894801974
2240.0 82.9599197243
2250.0 83.3303581922
2260.0 83.7007955798
2270.0 84.0712318658
2280.0 84.4416670281
2290.0 84.8121010447
2300.0 85.1825338931
2310.0 85.5529655505
2320.0 85.9233959939
2330.0 86.2938251997
2340.0 86.6642531442
2350.0 87.0346798033
2360.0 87.4051051527
2370.0 87.7755291675
2380.0 88.1459518228
2390.0 88.516373093
2400.0 88.8867929524
2410.0 89.2572113749
2420.0 89.6276283341
2430.0 89.9980438032
2440.0 90.3684577552
2450.0 90.7388701624
2460.0 91.1092809972
2470.0 91.4796902314
2480.0 91.8500978365
2490.0 92.2205037835
2500.0 92.5909080434
2510.0 92.9613105866
2520.0 93.3317113831
2530.0 93.7021104027
2540.0 94.0725076149
2550.0 94.4429029887
2560.0 94.8132964926
2570.0 95.1836880952
2580.0 95.5540777644
2590.0 95.9244654678
2600.0 96.2948511727
2610.0 96.6652348461
2620.0 97.0356164545
2630.0 97.4059959641
2640.0 97.7763733409
2650.0 98.1467485504
2660.0 98.5171215577
2670.0 98.8874923277
2680.0 99.257860825
2690.0 99.6282270135
2700.0 99.9985908573
2710.0 100.36895232
2720.0 100.739311364
2730.0 101.109667952
2740.0 101.480022048
2750.0 101.850373613
2760.0 102.220722609
2770.0 102.591068997
2780.0 102.961412739
2790.0 103.331753795
2800.0 103.702092126
2810.0 104.072427691
2820.0 104.442760452
2830.0 104.813090368
2840.0 105.183417397
2850.0 105.553741498
2860.0 105.924062632
2870.0 106.294380754
2880.0 106.664695825
2890.0 107.035007801
2900.0 107.40531664
2910.0 107.7756223
2920.0 108.145924737
2930.0 108.516223907
2940.0 108.886519769
2950.0 109.256812276
2960.0 109.627101386
2970.0 109.997387055
2980.0 110.367669237
2990.0 110.737947887
3000.0 111.108222962
3010.0 111.478494415
3020.0 111.848762201
3030.0 112.219026275
3040.0 112.589286591
3050.0 112.959543102
3060.0 113.329795762
3070.0 113.700044525
3080.0 114.070289345
3090.0 114.440530174
3100.0 114.810766966
3110.0 115.180999674
3120.0 115.55122825
3130.0 115.921452648
3140.0 116.291672819
3150.0 116.661888716
3160.0 117.032100293
3170.0 117.4023075
3180.0 117.77251029
3190.0 118.142708615
3200.0 118.512902428
3210.0 118.883091679
3220.0 119.253276322
3230.0 119.623456308
3240.0 119.993631589
3250.0 120.363802117
3260.0 120.733967843
3270.0 121.104128721
3280.0 121.4742847
3290.0 121.844435734
3300.0 122.214581774
3310.0 122.584722773
3320.0 122.954858682
3330.0 123.324989453
3340.0 123.695115039
3350.0 124.065235393
3360.0 124.435350466
3370.0 124.805460211
3380.0 125.175564581
3390.0 125.545663528
3400.0 125.915757007
3410.0 126.285844969
3420.0 126.655927368
3430.0 127.026004158
3440.0 127.396075292
3450.0 127.766140725
3460.0 128.136200411
3470.0 128.506254303
3480.0 128.876302358
3490.0 129.24634453
3500.0 129.616380773
3510.0 129.986411045
3520.0 130.3564353
3530.0 130.726453495
3540.0 131.096465587
3550.0 131.466471532
3560.0 131.836471287
3570.0 132.206464812
3580.0 132.576452062
3590.0 132.946432998
3600.0 133.316407578
3610.0 133.686375761
3620.0 134.056337507
3630.0 134.426292777
3640.0 134.796241531
3650.0 135.16618373
3660.0 135.536119336
3670.0 135.906048312
3680.0 136.275970621
3690.0 136.645886225
3700.0 137.015795088
3710.0 137.385697176
3720.0 137.755592454
3730.0 138.125480886
3740.0 138.49536244
3750.0 138.865237082
3760.0 139.23510478
3770.0 139.604965502
3780.0 139.974819218
3790.0 140.344665897
3800.0 140.714505508
3810.0 141.084338024
3820.0 141.454163417
3830.0 141.823981658
3840.0 142.19379272
3850.0 142.563596579
3860.0 142.933393209
3870.0 143.303182585
3880.0 143.672964684
3890.0 144.042739483
3900.0 144.412506961
3910.0 144.782267095
3920.0 145.152019867
3930.0 145.521765256
3940.0 145.891503244
3950.0 146.261233814
3960.0 146.630956948
3970.0 147.000672632
3980.0 147.370380849
3990.0 147.740081587
4000.0 148.109774833
4010.0 148.479460573
4020.0 148.849138797
4030.0 149.218809496
4040.0 149.58847266
4050.0 149.95812828
4060.0 150.32777635
4070.0 150.697416863
4080.0 151.067049815
4090.0 151.436675202
4100.0 151.80629302
4110.0 152.175903267
4120.0 152.545505943
4130.0 152.915101047
4140.0 153.284688581
4150.0 153.654268547
4160.0 154.023840948
4170.0 154.39340579
4180.0 154.762963076
4190.0 155.132512815
4200.0 155.502055013
4210.0 155.871589679
4220.0 156.241116824
4230.0 156.610636459
4240.0 156.980148595
4250.0 157.349653246
4260.0 157.719150427
4270.0 158.088640152
4280.0 158.458122439
4290.0 158.827597306
4300.0 159.197064771
4310.0 159.566524854
4320.0 159.935977577
4330.0 160.305422963
4340.0 160.674861034
4350.0 161.044291816
4360.0 161.413715334
4370.0 161.783131615
4380.0 162.152540687
4390.0 162.521942581
4400.0 162.891337325
4410.0 163.260724952
4420.0 163.630105494
4430.0 163.999478986
4440.0 164.368845461
4450.0 164.738204957
4460.0 165.10755751
4470.0 165.476903159
4480.0 165.846241943
4490.0 166.215573902
4500.0 166.58489908
4510.0 166.954217517
4520.0 167.323529259
4530.0 167.69283435
4540.0 168.062132837
4550.0 168.431424765
4560.0 168.800710184
4570.0 169.169989144
4580.0 169.539261693
4590.0 169.908527884
4600.0 170.277787769
4610.0 170.647041402
4620.0 171.016288837
4630.0 171.38553013
4640.0 171.754765336
4650.0 172.123994514
4660.0 172.493217723
4670.0 172.86243502
4680.0 173.231646468
4690.0 173.600852127
4700.0 173.97005206
4710.0 174.339246329
4720.0 174.708435
4730.0 175.077618136
4740.0 175.446795805
4750.0 175.815968072
4760.0 176.185135006
4770.0 176.554296674
4780.0 176.923453146
4790.0 177.292604493
4800.0 177.661750784
4810.0 178.030892093
4820.0 178.40002849
4830.0 178.76916005
4840.0 179.138286846
4850.0 179.507408953
4860.0 179.876526445
4870.0 180.2456394
4880.0 180.614747894
4890.0 180.983852013
4900.0 181.352951821
4910.0 181.722047404
4920.0 182.091138842
4930.0 182.460226214
4940.0 182.829309602
4950.0 183.198389085
4960.0 183.567464745
4970.0 183.936536664
4980.0 184.305604925
4990.0 184.674669611
5000.0 185.043730805
5010.0 185.412788591
5020.0 185.781843053
5030.0 186.150894276
5040.0 186.519942346
5050.0 186.888987347
5060.0 187.258029366
5070.0 187.627068488
5080.0 187.996104801
5090.0 188.365138391
5100.0 188.734169344
5110.0 189.103197748
5120.0 189.472223692
5130.0 189.841247261
5140.0 190.210268544
5150.0 190.579287629
5160.0 190.948304605
5170.0 191.317319559
5180.0 191.686332579
5190.0 192.055343755
5200.0 192.424353175
5210.0 192.793360926
5220.0 193.162367098
5230.0 193.531371779
5240.0 193.900375058
5250.0 194.269377023
5260.0 194.638377762
5270.0 195.007377363
5280.0 195.376375916
5290.0 195.745373507
5300.0 196.114370224
5310.0 196.483366156
5320.0 196.85236139
5330.0 197.221356012
5340.0 197.590350111
5350.0 197.959343773
5360.0 198.328337084
5370.0 198.69733013
5380.0 199.066322999
5390.0 199.435315774
5400.0 199.804308542
5410.0 200.173301387
5420.0 200.542294394
5430.0 200.911287647
5440.0 201.280281229
5450.0 201.649275224
5460.0 202.018269715
5470.0 202.387264784
5480.0 202.756260512
5490.0 203.125256982
5500.0 203.494254273
5510.0 203.863252466
5520.0 204.232251641
5530.0 204.601251876
5540.0 204.970253251
5550.0 205.339255843
5560.0 205.708259729
5570.0 206.077264987
5580.0 206.446271691
5590.0 206.815279917
5600.0 207.184289741
5610.0 207.553301235
5620.0 207.922314474
5630.0 208.291329529
5640.0 208.660346472
5650.0 209.029365374
5660.0 209.398386306
5670.0 209.767409336
5680.0 210.136434535
5690.0 210.505461968
5700.0 210.874491704
5710.0 211.243523808
5720.0 211.612558347
5730.0 211.981595384
5740.0 212.350634983
5750.0 212.719677207
5760.0 213.088722117
5770.0 213.457769776
5780.0 213.826820242
5790.0 214.195873576
5800.0 214.564929835
5810.0 214.933989078
5820.0 215.303051359