0.0 0.0
120.0 4.50188973873
120.625 4.52436595491
121.25 4.54685092406
122.5 4.59184643194
123.75 4.6368749284
125.0 4.68193514789
126.25 4.72702588909
127.5 4.77214601106
128.75 4.81729442965
130.0 4.86247011412
131.25 4.90767208404
132.5 4.95289940635
133.75 4.99815119264
135.0 5.04342659657
136.25 5.08872481156
137.5 5.13404506847
138.75 5.17938663358
140.0 5.2247488066
141.25 5.27013091885
142.5 5.31553233156
143.75 5.36095243422
145.0 5.40639064308
146.25 5.45184639976
147.5 5.49731916989
148.75 5.54280844184
150.0 5.58831372556
151.25 5.6338345515
152.5 5.6793704695
153.75 5.72492104784
155.0 5.77048587234
156.25 5.81606454543
157.5 5.86165668537
158.75 5.90726192544
160.0 5.95287991325
161.25 5.99851030999
162.5 6.04415278982
165.0 6.13547275651
167.5 6.226837443
170.0 6.31824465005
172.5 6.409692334
175.0 6.50117859297
177.5 6.59270165436
180.0 6.68425986371
182.5 6.77585167459
185.0 6.86747563954
187.5 6.95913040186
190.0 7.05081468817
192.5 7.14252730172
195.0 7.23426711632
197.5 7.32603307077
200.0 7.4178241639
202.5 7.50963944999
205.0 7.60147803464
207.5 7.69333907093
210.0 7.78522175607
212.5 7.87712532817
215.0 7.96904906339
217.5 8.06099227332
220.0 8.15295430255
222.5 8.24493452647
225.0 8.33693234923
230.0 8.52097854071
235.0 8.70508861839
240.0 8.88925867915
245.0 9.07348513392
250.0 9.25776467242
255.0 9.44209423286
260.0 9.62647097591
265.0 9.81089226227
270.0 9.99535563314
275.0 10.1798587933
280.0 10.3643995963
285.0 10.5489760315
290.0 10.7335862124
295.0 10.918228367
300.0 11.1029008284
305.0 11.2876020269
310.0 11.472330483
315.0 11.6570848007
320.0 11.841863662
330.0 12.2114901014
340.0 12.5812006264
350.0 12.9509870177
360.0 13.3208418991
370.0 13.6907586422
380.0 14.0607312842
390.0 14.4307544567
400.0 14.8008233237
410.0 15.1709335264
420.0 15.5410811349
430.0 15.911262605
440.0 16.28147474
450.0 16.6517146558
460.0 17.0219797502
470.0 17.3922676751
480.0 17.7625763116
490.0 18.1329037471
500.0 18.5032482555
510.0 18.8736082785
520.0 19.2439824092
530.0 19.6143693771
540.0 19.9847680348
550.0 20.3551773459
560.0 20.7255963736
570.0 21.0960242715
580.0 21.4664602741
590.0 21.8369036891
600.0 22.2073538901
610.0 22.57781031
620.0 22.9482724353
630.0 23.3187398005
640.0 23.6892119837
650.0 24.059688602
660.0 24.430169308
670.0 24.800653786
680.0 25.1711417489
690.0 25.5416329355
700.0 25.9121271082
710.0 26.2826240503
720.0 26.653123564
730.0 27.0236254689
740.0 27.3941296002
750.0 27.764635807
760.0 28.1351439511
770.0 28.505653906
780.0 28.8761655556
790.0 29.246678793
800.0 29.6171935202
810.0 29.9877096469
820.0 30.3582270898
830.0 30.7287457722
840.0 31.099265623
850.0 31.4697865767
860.0 31.8403085727
870.0 32.2108315545
880.0 32.5813554701
890.0 32.9518802709
900.0 33.3224059119
910.0 33.6929323511
920.0 34.0634595494
930.0 34.4339874705
940.0 34.8045160803
950.0 35.175045347
960.0 35.545575241
970.0 35.9161057344
980.0 36.2866368012
990.0 36.6571684171
1000.0 37.0277005591
1010.0 37.3982332057
1020.0 37.7687663369
1030.0 38.1392999337
1040.0 38.5098339783
1050.0 38.8803684539
1060.0 39.2509033449
1070.0 39.6214386364
1080.0 39.9919743146
1090.0 40.3625103662
1100.0 40.733046779
1110.0 41.1035835415
1120.0 41.4741206426
1130.0 41.8446580721
1140.0 42.2151958204
1150.0 42.5857338784
1160.0 42.9562722376
1170.0 43.32681089
1180.0 43.6973498282
1190.0 44.0678890451
1200.0 44.4384285342
1210.0 44.8089682894
1220.0 45.1795083049
1230.0 45.5500485755
1240.0 45.9205890962
1250.0 46.2911298626
1260.0 46.6616708703
1270.0 47.0322121155
1280.0 47.4027535947
1290.0 47.7732953047
1300.0 48.1438372426
1310.0 48.5143794057
1320.0 48.8849217918
1330.0 49.2554643988
1340.0 49.6260072249
1350.0 49.9965502686
1360.0 50.3670935287
1370.0 50.7376370041
1380.0 51.1081806942
1390.0 51.4787245984
1400.0 51.8492687165
1410.0 52.2198130483
1420.0 52.5903575942
1430.0 52.9609023545
1440.0 53.3314473298
1450.0 53.7019925211
1460.0 54.0725379293
1470.0 54.4430835558
1480.0 54.813629402
1490.0 55.1841754696
1500.0 55.5547217606
1510.0 55.925268277
1520.0 56.2958150212
1530.0 56.6663619956
1540.0 57.0369092031
1550.0 57.4074566464
1560.0 57.7780043287
1570.0 58.1485522533
1580.0 58.5191004237
1590.0 58.8896488437
1600.0 59.2601975171
1610.0 59.630746448
1620.0 60.0012956407
1630.0 60.3718450997
1640.0 60.7423948297
1650.0 61.1129448356
1660.0 61.4834951225
1670.0 61.8540456956
1680.0 62.2245965606
1690.0 62.595147723
1700.0 62.9656991887
1710.0 63.336250964
1720.0 63.7068030549
1730.0 64.0773554682
1740.0 64.4479082105
1750.0 64.8184612887
1760.0 65.1890147099
1770.0 65.5595684816
1780.0 65.9301226113
1790.0 66.3006771068
1800.0 66.671231976
1810.0 67.0417872272
1820.0 67.4123428689
1830.0 67.7828989096
1840.0 68.1534553583
1850.0 68.5240122241
1860.0 68.8945695164
1870.0 69.2651272446
1880.0 69.6356854187
1890.0 70.0062440486
1900.0 70.3768031446
1910.0 70.7473627172
1920.0 71.1179227773
1930.0 71.4884833358
1940.0 71.8590444039
1950.0 72.2296059932
1960.0 72.6001681154
1970.0 72.9707307825
1980.0 73.3412940067
1990.0 73.7118578006
2000.0 74.082422177
2010.0 74.4529871488
2020.0 74.8235527295
2030.0 75.1941189325
2040.0 75.5646857717
2050.0 75.9352532612
2060.0 76.3058214155
2070.0 76.6763902491
2080.0 77.0469597771
2090.0 77.4175300146
2100.0 77.7881009772
2110.0 78.1586726807
2120.0 78.5292451412
2130.0 78.8998183751
2140.0 79.270392399
2150.0 79.64096723
2160.0 80.0115428853
2170.0 80.3821193825
2180.0 80.7526967394
2190.0 81.1232749744
2200.0 81.4938541058
2210.0 81.8644341526
2220.0 82.2350151337
2230.0 82.6055970688
2240.0 82.9761799775
2250.0 83.34676388
2260.0 83.7173487965
2270.0 84.087934748
2280.0 84.4585217554
2290.0 84.8291098401
2300.0 85.1996990238
2310.0 85.5702893287
2320.0 85.940880777
2330.0 86.3114733915
2340.0 86.6820671953
2350.0 87.0526622118
2360.0 87.4232584647
2370.0 87.7938559781
2380.0 88.1644547764
2390.0 88.5350548844
2400.0 88.9056563273
2410.0 89.2762591305
2420.0 89.6468633198
2430.0 90.0174689214
2440.0 90.3880759619
2450.0 90.7586844681
2460.0 91.1292944673
2470.0 91.499905987
2480.0 91.8705190552
2490.0 92.2411337002
2500.0 92.6117499507
2510.0 92.9823678357
2520.0 93.3529873845
2530.0 93.723608627
2540.0 94.0942315932
2550.0 94.4648563135
2560.0 94.8354828188
2570.0 95.2061111402
2580.0 95.5767413093
2590.0 95.947373358
2600.0 96.3180073185
2610.0 96.6886432235
2620.0 97.0592811058
2630.0 97.4299209988
2640.0 97.8005629362
2650.0 98.171206952
2660.0 98.5418530806
2670.0 98.9125013568
2680.0 99.2831518155
2690.0 99.6538044923
2700.0 100.024459423
2710.0 100.395116643
2720.0 100.76577619
2730.0 101.136438101
2740.0 101.507102411
2750.0 101.87776916
2760.0 102.248438384
2770.0 102.619110122
2780.0 102.989784412
2790.0 103.360461293
2800.0 103.731140805
2810.0 104.101822986
2820.0 104.472507877
2830.0 104.843195518
2840.0 105.213885948
2850.0 105.584579209
2860.0 105.955275342
2870.0 106.325974387
2880.0 106.696676387
2890.0 107.067381384
2900.0 107.438089419
2910.0 107.808800535
2920.0 108.179514774
2930.0 108.550232181
2940.0 108.920952797
2950.0 109.291676667
2960.0 109.662403834
2970.0 110.033134342
2980.0 110.403868235
2990.0 110.774605559
3000.0 111.145346357
3010.0 111.516090675
3020.0 111.886838557
3030.0 112.257590049
3040.0 112.628345197
3050.0 112.999104046
3060.0 113.369866643
3070.0 113.740633033
3080.0 114.111403262
3090.0 114.482177378
3100.0 114.852955426
3110.0 115.223737454
3120.0 115.594523508
3130.0 115.965313636
3140.0 116.336107884
3150.0 116.7069063
3160.0 117.077708931
3170.0 117.448515824
3180.0 117.819327028
3190.0 118.190142589
3200.0 118.560962556
3210.0 118.931786976
3220.0 119.302615897
3230.0 119.673449366
3240.0 120.044287432
3250.0 120.415130143
3260.0 120.785977546
3270.0 121.156829689
3280.0 121.527686621
3290.0 121.898548388
3300.0 122.269415039
3310.0 122.640286621
3320.0 123.011163182
3330.0 123.38204477
3340.0 123.752931432
3350.0 124.123823215
3360.0 124.494720167
3370.0 124.865622336
3380.0 125.236529767
3390.0 125.607442509
3400.0 125.978360607
3410.0 126.349284108
3420.0 126.720213059
3430.0 127.091147507
3440.0 127.462087495
3450.0 127.833033072
3460.0 128.203984282
3470.0 128.57494117
3480.0 128.945903782
3490.0 129.316872162
3500.0 129.687846354
3510.0 130.058826404
3520.0 130.429812354
3530.0 130.800804248
3540.0 131.17180213
3550.0 131.542806042
3560.0 131.913816026
3570.0 132.284832125
3580.0 132.655854381
3590.0 133.026882834
3600.0 133.397917526
3610.0 133.768958496
3620.0 134.140005785
3630.0 134.511059432
3640.0 134.882119477
3650.0 135.253185957
3660.0 135.624258911
3670.0 135.995338376
3680.0 136.366424389
3690.0 136.737516987
3700.0 137.108616204
3710.0 137.479722077
3720.0 137.850834641
3730.0 138.221953928
3740.0 138.593079973
3750.0 138.964212808
3760.0 139.335352466
3770.0 139.706498977
3780.0 140.077652373
3790.0 140.448812684
3800.0 140.819979939
3810.0 141.191154167
3820.0 141.562335396
3830.0 141.933523653
3840.0 142.304718964
3850.0 142.675921355
3860.0 143.047130852
3870.0 143.418347477
3880.0 143.789571256
3890.0 144.160802209
3900.0 144.532040359
3910.0 144.903285726
3920.0 145.274538331
3930.0 145.645798193
3940.0 146.017065329
3950.0 146.388339757
3960.0 146.759621495
3970.0 147.130910556
3980.0 147.502206956
3990.0 147.873510708
4000.0 148.244821825
4010.0 148.61614032
4020.0 148.987466202
4030.0 149.358799481
4040.0 149.730140167
4050.0 150.101488267
4060.0 150.472843789
4070.0 150.844206737
4080.0 151.215577117
4090.0 151.586954933
4100.0 151.958340187
4110.0 152.329732881
4120.0 152.701133016
4130.0 153.072540592
4140.0 153.443955606
4150.0 153.815378057
4160.0 154.18680794
4170.0 154.558245252
4180.0 154.929689985
4190.0 155.301142135
4200.0 155.672601691
4210.0 156.044068646
4220.0 156.41554299
4230.0 156.787024709
4240.0 157.158513794
4250.0 157.530010229
4260.0 157.901514
4270.0 158.273025091
4280.0 158.644543486
4290.0 159.016069165
4300.0 159.387602111
4310.0 159.759142302
4320.0 160.130689716
4330.0 160.502244332
4340.0 160.873806126
4350.0 161.245375072
4360.0 161.616951144
4370.0 161.988534315
4380.0 162.360124557
4390.0 162.73172184
4400.0 163.103326133
4410.0 163.474937405
4420.0 163.846555622
4430.0 164.218180751
4440.0 164.589812756
4450.0 164.9614516
4460.0 165.333097247
4470.0 165.704749657
4480.0 166.076408791
4490.0 166.448074608
4500.0 166.819747066
4510.0 167.191426122
4520.0 167.563111731
4530.0 167.934803848
4540.0 168.306502428
4550.0 168.678207421
4560.0 169.049918781
4570.0 169.421636457
4580.0 169.793360399
4590.0 170.165090554
4600.0 170.536826871
4610.0 170.908569295
4620.0 171.280317771
4630.0 171.652072244
4640.0 172.023832657
4650.0 172.395598952
4660.0 172.76737107
4670.0 173.139148952
4680.0 173.510932536
4690.0 173.88272176
4700.0 174.254516564
4710.0 174.626316882
4720.0 174.99812265
4730.0 175.369933803
4740.0 175.741750274
4750.0 176.113571997
4760.0 176.485398904
4770.0 176.857230925
4780.0 177.229067991
4790.0 177.600910032
4800.0 177.972756976
4810.0 178.344608752
4820.0 178.716465285
4830.0 179.088326504
4840.0 179.460192334
4850.0 179.832062699
4860.0 180.203937524
4870.0 180.575816733
4880.0 180.947700249
4890.0 181.319587984
4900.0 181.691479875
4910.0 182.063375835
4920.0 182.435275785
4930.0 182.807179643
4940.0 183.179087329
4950.0 183.550998762
4960.0 183.922913861
4970.0 184.294832542
4980.0 184.666754722
4990.0 185.038680319
5000.0 185.410609249
5010.0 185.782541427
5020.0 186.154476768
5030.0 186.526415188
5040.0 186.8983566
5050.0 187.270300919
5060.0 187.642248059
5070.0 188.014197932
5080.0 188.386150453
5090.0 188.758105534
5100.0 189.130063087
5110.0 189.502023025
5120.0 189.873985259
5130.0 190.245949703
5140.0 190.617916267
5150.0 190.989884863
5160.0 191.361855403
5170.0 191.733827797
5180.0 192.105801957
5190.0 192.477777795
5200.0 192.84975522
5210.0 193.221734145
5220.0 193.59371448
5230.0 193.965696136
5240.0 194.337679024
5250.0 194.709663056
5260.0 195.081648142
5270.0 195.453634194
5280.0 195.825621123
5290.0 196.19760884
5300.0 196.569597258
5310.0 196.941586287
5320.0 197.313575841
5330.0 197.68556583
5340.0 198.057556169
5350.0 198.429546768
5360.0 198.801537541
5370.0 199.173528402
5380.0 199.545519264
5390.0 199.917510041
5400.0 200.289500646
5410.0 200.661490995
5420.0 201.033481002
5430.0 201.405470583
5440.0 201.777459653
5450.0 202.149448129
5460.0 202.521435927
5470.0 202.893422965
5480.0 203.265409159
5490.0 203.637394429
5500.0 204.009378692
5510.0 204.381361867
5520.0 204.753343876
5530.0 205.125324637
5540.0 205.497304071
5550.0 205.869282101
5560.0 206.241258648
5570.0 206.613233634
5580.0 206.985206984
5590.0 207.357178621
5600.0 207.72914847
5610.0 208.101116456
5620.0 208.473082506
5630.0 208.845046546
5640.0 209.217008503
5650.0 209.588968307
5660.0 209.960925886
5670.0 210.33288117
5680.0 210.704834089
5690.0 211.076784575
5700.0 211.448732561
5710.0 211.820677979
5720.0 212.192620762
5730.0 212.564560847
5740.0 212.936498168
5750.0 213.308432661
5760.0 213.680364265
5770.0 214.052292916
5780.0 214.424218555
5790.0 214.796141121
5800.0 215.168060555
5810.0 215.539976798
5820.0 215.911889794