0.0 0.0
120.0 4.49523253792
120.625 4.51767408118
121.25 4.54012437741
122.5 4.58505053944
123.75 4.63000969007
125.0 4.67500056372
126.25 4.72002195907
127.5 4.7650727352
128.75 4.81015180794
130.0 4.85525814657
131.25 4.90039077065
132.5 4.94554874712
133.75 4.99073118756
135.0 5.03593724566
136.25 5.0811661148
137.5 5.12641702587
138.75 5.17168924514
140.0 5.21698207232
141.25 5.26229483873
142.5 5.3076269056
143.75 5.35297766241
145.0 5.39834652543
146.25 5.44373293627
147.5 5.48913636056
148.75 5.53455628666
150.0 5.57999222455
151.25 5.62544370465
152.5 5.6709102768
153.75 5.7163915093
155.0 5.76188698796
156.25 5.80739631521
157.5 5.8529191093
158.75 5.89845500354
160.0 5.9440036455
161.25 5.9895646964
162.5 6.03513783039
165.0 6.12631910539
167.5 6.2175451002
170.0 6.30881361556
172.5 6.40012260784
175.0 6.49147017512
177.5 6.58285454483
180.0 6.67427406249
182.5 6.76572718169
185.0 6.85721245495
187.5 6.94872852559
190.0 7.04027412021
192.5 7.13184804209
195.0 7.223449165
197.5 7.31507642776
200.0 7.40672882921
202.5 7.49840542363
205.0 7.59010531658
207.5 7.6818276612
210.0 7.77357165465
212.5 7.86533653507
215.0 7.9571215786
217.5 8.04892609685
220.0 8.1407494344
222.5 8.23259096663
225.0 8.32445009771
230.0 8.50821890582
235.0 8.69205160013
240.0 8.87594427752
245.0 9.05989334893
250.0 9.24389550406
255.0 9.42794768113
260.0 9.61204704082
265.0 9.79619094381
270.0 9.98037693132
275.0 10.1646027081
280.0 10.3488661278
285.0 10.5331651795
290.0 10.7174979771
295.0 10.9018627484
300.0 11.0862578264
305.0 11.2706816415
310.0 11.4551327142
315.0 11.6396096486
320.0 11.8241111265
330.0 12.1931827991
340.0 12.5623385574
350.0 12.931570182
360.0 13.3008702966
370.0 13.670232273
380.0 14.0396501483
390.0 14.4091185541
400.0 14.7786326544
410.0 15.1481880903
420.0 15.517780932
430.0 15.8874076355
440.0 16.2570650037
450.0 16.6267501528
460.0 16.9964604804
470.0 17.3661936386
480.0 17.7359475083
490.0 18.1057201771
500.0 18.4755099188
510.0 18.8453151751
520.0 19.215134539
530.0 19.5849667402
540.0 19.9548106312
550.0 20.3246651755
560.0 20.6945294365
570.0 21.0644025677
580.0 21.4342838035
590.0 21.8041724518
600.0 22.1740678861
610.0 22.5439695392
620.0 22.9138768978
630.0 23.2837894962
640.0 23.6537069127
650.0 24.0236287643
660.0 24.3935547036
670.0 24.7634844148
680.0 25.1334176109
690.0 25.5033540309
700.0 25.8732934368
710.0 26.2432356121
720.0 26.6131803591
730.0 26.9831274973
740.0 27.3530768619
750.0 27.7230283019
760.0 28.0929816793
770.0 28.4629368675
780.0 28.8328937503
790.0 29.202852221
800.0 29.5728121815
810.0 29.9427735414
820.0 30.3127362176
830.0 30.6827001332
840.0 31.0526652173
850.0 31.4226314043
860.0 31.7925986335
870.0 32.1625668486
880.0 32.5325359975
890.0 32.9025060315
900.0 33.2724769058
910.0 33.6424485783
920.0 34.0124210099
930.0 34.3823941642
940.0 34.7523680073
950.0 35.1223425073
960.0 35.4923176345
970.0 35.8622933612
980.0 36.2322696613
990.0 36.6022465104
1000.0 36.9722238856
1010.0 37.3422017656
1020.0 37.71218013
1030.0 38.0821589601
1040.0 38.4521382379
1050.0 38.8221179468
1060.0 39.1920980711
1070.0 39.5620785959
1080.0 39.9320595073
1090.0 40.3020407922
1100.0 40.6720224383
1110.0 41.0420044339
1120.0 41.4119867683
1130.0 41.7819694311
1140.0 42.1519524127
1150.0 42.5219357039
1160.0 42.8919192964
1170.0 43.2619031821
1180.0 43.6318873536
1190.0 44.0018718037
1200.0 44.3718565261
1210.0 44.7418415145
1220.0 45.1118267633
1230.0 45.4818122672
1240.0 45.8517980212
1250.0 46.2217840208
1260.0 46.5917702617
1270.0 46.9617567402
1280.0 47.3317434527
1290.0 47.701730396
1300.0 48.0717175671
1310.0 48.4417049635
1320.0 48.8116925829
1330.0 49.1816804231
1340.0 49.5516684825
1350.0 49.9216567595
1360.0 50.2916452528
1370.0 50.6616339615
1380.0 51.0316228849
1390.0 51.4016120223
1400.0 51.7716013737
1410.0 52.1415909388
1420.0 52.5115807179
1430.0 52.8815707115
1440.0 53.2515609201
1450.0 53.6215513446
1460.0 53.9915419861
1470.0 54.3615328458
1480.0 54.7315239253
1490.0 55.1015152262
1500.0 55.4715067504
1510.0 55.8414985001
1520.0 56.2114904776
1530.0 56.5814826853
1540.0 56.951475126
1550.0 57.3214678026
1560.0 57.6914607181
1570.0 58.061453876
1580.0 58.4314472797
1590.0 58.8014409329
1600.0 59.1714348396
1610.0 59.5414290037
1620.0 59.9114234297
1630.0 60.281418122
1640.0 60.6514130853
1650.0 61.0214083244
1660.0 61.3914038446
1670.0 61.761399651
1680.0 62.1313957492
1690.0 62.5013921449
1700.0 62.8713888439
1710.0 63.2413858524
1720.0 63.6113831766
1730.0 63.9813808232
1740.0 64.3513787987
1750.0 64.7213771102
1760.0 65.0913757647
1770.0 65.4613747697
1780.0 65.8313741326
1790.0 66.2013738613
1800.0 66.5713739638
1810.0 66.9413744483
1820.0 67.3113753232
1830.0 67.6813765972
1840.0 68.0513782792
1850.0 68.4213803783
1860.0 68.7913829038
1870.0 69.1613858653
1880.0 69.5313892726
1890.0 69.9013931358
1900.0 70.2713974651
1910.0 70.641402271
1920.0 71.0114075643
1930.0 71.3814133561
1940.0 71.7514196575
1950.0 72.12142648
1960.0 72.4914338355
1970.0 72.8614417358
1980.0 73.2314501933
1990.0 73.6014592205
2000.0 73.9714688301
2010.0 74.3414790352
2020.0 74.7114898491
2030.0 75.0815012854
2040.0 75.4515133579
2050.0 75.8215260807
2060.0 76.1915394682
2070.0 76.5615535351
2080.0 76.9315682963
2090.0 77.3015837671
2100.0 77.671599963
2110.0 78.0416168998
2120.0 78.4116345936
2130.0 78.7816530607
2140.0 79.1516723179
2150.0 79.5216923821
2160.0 79.8917132707
2170.0 80.2617350011
2180.0 80.6317575913
2190.0 81.0017810596
2200.0 81.3718054243
2210.0 81.7418307043
2220.0 82.1118569187
2230.0 82.4818840871
2240.0 82.851912229
2250.0 83.2219413647
2260.0 83.5919715146
2270.0 83.9620026993
2280.0 84.33203494
2290.0 84.7020682579
2300.0 85.0721026749
2310.0 85.4421382131
2320.0 85.8121748947
2330.0 86.1822127425
2340.0 86.5522517795
2350.0 86.9222920293
2360.0 87.2923335154
2370.0 87.6623762621
2380.0 88.0324202936
2390.0 88.4024656349
2400.0 88.7725123111
2410.0 89.1425603475
2420.0 89.5126097701
2430.0 89.882660605
2440.0 90.2527128787
2450.0 90.6227666182
2460.0 90.9928218506
2470.0 91.3628786036
2480.0 91.7329369051
2490.0 92.1029967834
2500.0 92.4730582671
2510.0 92.8431213854
2520.0 93.2131861675
2530.0 93.5832526432
2540.0 93.9533208426
2550.0 94.3233907962
2560.0 94.6934625348
2570.0 95.0635360895
2580.0 95.4336114919
2590.0 95.8036887738
2600.0 96.1737679676
2610.0 96.5438491058
2620.0 96.9139322214
2630.0 97.2840173477
2640.0 97.6541045184
2650.0 98.0241937675
2660.0 98.3942851293
2670.0 98.7643786387
2680.0 99.1344743307
2690.0 99.5045722408
2700.0 99.8746724047
2710.0 100.244774858
2720.0 100.614879639
2730.0 100.984986782
2740.0 101.355096326
2750.0 101.725208308
2760.0 102.095322765
2770.0 102.465439736
2780.0 102.83555926
2790.0 103.205681374
2800.0 103.575806119
2810.0 103.945933534
2820.0 104.316063658
2830.0 104.686196532
2840.0 105.056332195
2850.0 105.42647069
2860.0 105.796612056
2870.0 106.166756334
2880.0 106.536903568
2890.0 106.907053797
2900.0 107.277207066
2910.0 107.647363415
2920.0 108.017522888
2930.0 108.387685528
2940.0 108.757851377
2950.0 109.12802048
2960.0 109.49819288
2970.0 109.868368622
2980.0 110.238547749
2990.0 110.608730305
3000.0 110.978916337
3010.0 111.349105888
3020.0 111.719299003
3030.0 112.089495729
3040.0 112.45969611
3050.0 112.829900192
3060.0 113.200108022
3070.0 113.570319645
3080.0 113.940535108
3090.0 114.310754457
3100.0 114.680977739
3110.0 115.051205
3120.0 115.421436287
3130.0 115.791671648
3140.0 116.161911129
3150.0 116.532154778
3160.0 116.902402643
3170.0 117.272654769
3180.0 117.642911206
3190.0 118.013172001
3200.0 118.383437201
3210.0 118.753706854
3220.0 119.123981008
3230.0 119.494259711
3240.0 119.864543011
3250.0 120.234830954
3260.0 120.605123591
3270.0 120.975420967
3280.0 121.345723132
3290.0 121.716030132
3300.0 122.086342016
3310.0 122.456658832
3320.0 122.826980626
3330.0 123.197307447
3340.0 123.567639342
3350.0 123.937976359
3360.0 124.308318545
3370.0 124.678665946
3380.0 125.049018611
3390.0 125.419376586
3400.0 125.789739917
3410.0 126.160108652
3420.0 126.530482836
3430.0 126.900862517
3440.0 127.271247739
3450.0 127.641638549
3460.0 128.012034992
3470.0 128.382437113
3480.0 128.752844958
3490.0 129.123258571
3500.0 129.493677997
3510.0 129.86410328
3520.0 130.234534463
3530.0 130.604971591
3540.0 130.975414706
3550.0 131.345863851
3560.0 131.716319069
3570.0 132.086780401
3580.0 132.45724789
3590.0 132.827721576
3600.0 133.198201501
3610.0 133.568687705
3620.0 133.939180227
3630.0 134.309679108
3640.0 134.680184386
3650.0 135.050696099
3660.0 135.421214286
3670.0 135.791738985
3680.0 136.162270231
3690.0 136.532808062
3700.0 136.903352513
3710.0 137.273903619
3720.0 137.644461415
3730.0 138.015025936
3740.0 138.385597214
3750.0 138.756175283
3760.0 139.126760173
3770.0 139.497351918
3780.0 139.867950548
3790.0 140.238556092
3800.0 140.60916858
3810.0 140.979788041
3820.0 141.350414503
3830.0 141.721047993
3840.0 142.091688538
3850.0 142.462336163
3860.0 142.832990892
3870.0 143.203652751
3880.0 143.574321763
3890.0 143.944997949
3900.0 144.315681333
3910.0 144.686371933
3920.0 145.057069771
3930.0 145.427774866
3940.0 145.798487236
3950.0 146.169206897
3960.0 146.539933868
3970.0 146.910668162
3980.0 147.281409795
3990.0 147.652158781
4000.0 148.022915132
4010.0 148.393678859
4020.0 148.764449974
4030.0 149.135228487
4040.0 149.506014406
4050.0 149.87680774
4060.0 150.247608494
4070.0 150.618416676
4080.0 150.98923229
4090.0 151.360055339
4100.0 151.730885826
4110.0 152.101723753
4120.0 152.472569122
4130.0 152.84342193
4140.0 153.214282178
4150.0 153.585149862
4160.0 153.956024979
4170.0 154.326907523
4180.0 154.697797491
4190.0 155.068694873
4200.0 155.439599663
4210.0 155.810511851
4220.0 156.181431428
4230.0 156.552358381
4240.0 156.923292698
4250.0 157.294234367
4260.0 157.665183371
4270.0 158.036139696
4280.0 158.407103323
4290.0 158.778074236
4300.0 159.149052415
4310.0 159.520037839
4320.0 159.891030487
4330.0 160.262030337
4340.0 160.633037363
4350.0 161.004051542
4360.0 161.375072848
4370.0 161.746101252
4380.0 162.117136728
4390.0 162.488179244
4400.0 162.85922877
4410.0 163.230285275
4420.0 163.601348726
4430.0 163.972419088
4440.0 164.343496326
4450.0 164.714580404
4460.0 165.085671284
4470.0 165.456768927
4480.0 165.827873294
4490.0 166.198984344
4500.0 166.570102036
4510.0 166.941226324
4520.0 167.312357167
4530.0 167.683494518
4540.0 168.05463833
4550.0 168.425788557
4560.0 168.79694515
4570.0 169.16810806
4580.0 169.539277234
4590.0 169.910452623
4600.0 170.281634173
4610.0 170.65282183
4620.0 171.02401554
4630.0 171.395215246
4640.0 171.766420892
4650.0 172.137632421
4660.0 172.508849772
4670.0 172.880072887
4680.0 173.251301704
4690.0 173.622536162
4700.0 173.993776199
4710.0 174.36502175
4720.0 174.736272751
4730.0 175.107529137
4740.0 175.478790842
4750.0 175.850057799
4760.0 176.221329938
4770.0 176.592607193
4780.0 176.963889492
4790.0 177.335176766
4800.0 177.706468944
4810.0 178.077765952
4820.0 178.449067719
4830.0 178.820374172
4840.0 179.191685234
4850.0 179.563000833
4860.0 179.934320891
4870.0 180.305645334
4880.0 180.676974083
4890.0 181.048307051
4900.0 181.419644176
4910.0 181.790985369
4920.0 182.162330551
4930.0 182.533679643
4940.0 182.905032562
4950.0 183.276389229
4960.0 183.64774956
4970.0 184.019113475
4980.0 184.390480889
4990.0 184.761851719
5000.0 185.133225882
5010.0 185.504603293
5020.0 185.875983867
5030.0 186.24736752
5040.0 186.618754166
5050.0 186.990143718
5060.0 187.361536091
5070.0 187.732931198
5080.0 188.104328952
5090.0 188.475729266
5100.0 188.847132052
5110.0 189.218537223
5120.0 189.589944691
5130.0 189.961354368
5140.0 190.332766166
5150.0 190.704179995
5160.0 191.075595768
5170.0 191.447013395
5180.0 191.818432789
5190.0 192.18985386
5200.0 192.561276519
5210.0 192.932700676
5220.0 193.304126245
5230.0 193.675553134
5240.0 194.046981255
5250.0 194.41841052
5260.0 194.78984084
5270.0 195.161272125
5280.0 195.532704287
5290.0 195.904137238
5300.0 196.275570888
5310.0 196.647005151
5320.0 197.018439938
5330.0 197.389875161
5340.0 197.761310732
5350.0 198.132746565
5360.0 198.504182572
5370.0 198.875618666
5380.0 199.247054761
5390.0 199.618490771
5400.0 199.98992661
5410.0 200.361362192
5420.0 200.732797432
5430.0 201.104232246
5440.0 201.47566655
5450.0 201.847100259
5460.0 202.21853329
5470.0 202.589965561
5480.0 202.961396989
5490.0 203.332827492
5500.0 203.704256988
5510.0 204.075685397
5520.0 204.447112638
5530.0 204.818538633
5540.0 205.1899633
5550.0 205.561386563
5560.0 205.932808343
5570.0 206.304228563
5580.0 206.675647146
5590.0 207.047064016
5600.0 207.418479099
5610.0 207.789892318
5620.0 208.161303601
5630.0 208.532712874
5640.0 208.904120065
5650.0 209.275525102
5660.0 209.646927914
5670.0 210.018328431
5680.0 210.389726584
5690.0 210.761122304
5700.0 211.132515522
5710.0 211.503906173
5720.0 211.87529419
5730.0 212.246679508
5740.0 212.618062062
5750.0 212.989441789
5760.0 213.360818626
5770.0 213.732192511
5780.0 214.103563383
5790.0 214.474931182
5800.0 214.846295849
5810.0 215.217657325
5820.0 215.589015554