0.0 0.0
120.0 4.50669460688
120.625 4.52919584842
121.25 4.55170584292
122.5 4.59675140151
123.75 4.64182994869
125.0 4.68694021889
126.25 4.7320810108
127.5 4.77725118347
128.75 4.82244965277
130.0 4.86767538795
131.25 4.91292740858
132.5 4.95820478161
133.75 5.0035066186
135.0 5.04883207325
136.25 5.09418033894
137.5 5.13955064656
138.75 5.18494226238
140.0 5.23035448611
141.25 5.27578664908
142.5 5.32123811249
143.75 5.36670826586
145.0 5.41219652543
146.25 5.45770233283
147.5 5.50322515366
148.75 5.54876447632
150.0 5.59431981076
151.25 5.6398906874
152.5 5.68547665611
153.75 5.73107728517
155.0 5.77669216037
156.25 5.82232088417
157.5 5.86796307482
158.75 5.91361836561
160.0 5.95928640412
161.25 6.00496685157
162.5 6.05065938212
165.0 6.14207945022
167.5 6.23354423813
170.0 6.3250515466
172.5 6.41659933197
175.0 6.50818569236
177.5 6.59980885517
180.0 6.69146716594
182.5 6.78315907824
185.0 6.87488314461
187.5 6.96663800835
190.0 7.05842239608
192.5 7.15023511105
195.0 7.24207502707
197.5 7.33394108294
200.0 7.42583227749
202.5 7.517747665
205.0 7.60968635107
207.5 7.70164748878
210.0 7.79363027534
212.5 7.88563394886
215.0 7.9776577855
217.5 8.06970109685
220.0 8.1617632275
222.5 8.25384355284
225.0 8.34594147702
230.0 8.53018787134
235.0 8.71449815186
240.0 8.89886841545
245.0 9.08329507307
250.0 9.26777481441
255.0 9.45230457768
260.0 9.63688152358
265.0 9.82150301278
270.0 10.0061665865
275.0 10.1908699495
280.0 10.3756109553
285.0 10.5603875933
290.0 10.7451979771
295.0 10.9300403346
300.0 11.1149129988
305.0 11.2998144002
310.0 11.4847430591
315.0 11.6696975796
320.0 11.8546766437
330.0 12.2247034888
340.0 12.5948144195
350.0 12.9650012164
360.0 13.3352565035
370.0 13.7055736523
380.0 14.0759467
390.0 14.4463702782
400.0 14.8168395509
410.0 15.1873501593
420.0 15.5578981734
430.0 15.9284800493
440.0 16.2990925899
450.0 16.6697329114
460.0 17.0403984114
470.0 17.411086742
480.0 17.7817957842
490.0 18.1525236254
500.0 18.5232685395
510.0 18.8940289682
520.0 19.2648035045
530.0 19.6355908781
540.0 20.0063899415
550.0 20.3771996583
560.0 20.7480190917
570.0 21.1188473952
580.0 21.4896838035
590.0 21.8605276242
600.0 22.2313782309
610.0 22.6022350565
620.0 22.9730975874
630.0 23.3439653583
640.0 23.7148379472
650.0 24.0857149712
660.0 24.4565960829
670.0 24.8274809665
680.0 25.1983693351
690.0 25.5692609274
700.0 25.9401555058
710.0 26.3110528535
720.0 26.6819527729
730.0 27.0528550835
740.0 27.4237596205
750.0 27.7946662329
760.0 28.1655747828
770.0 28.5364851433
780.0 28.9073971986
790.0 29.2783108417
800.0 29.6492259746
810.0 30.0201425069
820.0 30.3910603555
830.0 30.7619794436
840.0 31.1328997001
850.0 31.5038210595
860.0 31.8747434611
870.0 32.2456668486
880.0 32.6165911699
890.0 32.9875163764
900.0 33.358442423
910.0 33.7293692679
920.0 34.100296872
930.0 34.4712251987
940.0 34.8421542142
950.0 35.2130838866
960.0 35.5840141862
970.0 35.9549450853
980.0 36.3258765578
990.0 36.6968085794
1000.0 37.067741127
1010.0 37.4386741794
1020.0 37.8096077162
1030.0 38.1805417187
1040.0 38.551476169
1050.0 38.9224110503
1060.0 39.2933463469
1070.0 39.6642820441
1080.0 40.0352181279
1090.0 40.4061545853
1100.0 40.7770914038
1110.0 41.1480285719
1120.0 41.5189660787
1130.0 41.8899039139
1140.0 42.2608420678
1150.0 42.6317805315
1160.0 43.0027192964
1170.0 43.3736583545
1180.0 43.7445976984
1190.0 44.115537321
1200.0 44.4864772158
1210.0 44.8574173766
1220.0 45.2283577978
1230.0 45.5992984741
1240.0 45.9702394005
1250.0 46.3411805725
1260.0 46.7121219859
1270.0 47.0830636368
1280.0 47.4540055217
1290.0 47.8249476374
1300.0 48.1958899809
1310.0 48.5668325498
1320.0 48.9377753415
1330.0 49.3087183542
1340.0 49.6796615859
1350.0 50.0506050353
1360.0 50.4215487011
1370.0 50.7924925822
1380.0 51.163436678
1390.0 51.5343809879
1400.0 51.9053255116
1410.0 52.2762702492
1420.0 52.6472152007
1430.0 53.0181603667
1440.0 53.3891057477
1450.0 53.7600513446
1460.0 54.1309971585
1470.0 54.5019431906
1480.0 54.8728894425
1490.0 55.2438359159
1500.0 55.6147826125
1510.0 55.9857295346
1520.0 56.3566766845
1530.0 56.7276240646
1540.0 57.0985716777
1550.0 57.4695195267
1560.0 57.8404676147
1570.0 58.211415945
1580.0 58.5823645211
1590.0 58.9533133467
1600.0 59.3242624258
1610.0 59.6952117624
1620.0 60.0661613607
1630.0 60.4371112254
1640.0 60.8080613611
1650.0 61.1790117727
1660.0 61.5499624653
1670.0 61.9209134441
1680.0 62.2918647147
1690.0 62.6628162828
1700.0 63.0337681543
1710.0 63.4047203352
1720.0 63.7756728318
1730.0 64.1466256508
1740.0 64.5175787987
1750.0 64.8885322826
1760.0 65.2594861095
1770.0 65.6304402869
1780.0 66.0013948223
1790.0 66.3723497234
1800.0 66.7433049983
1810.0 67.1142606552
1820.0 67.4852167025
1830.0 67.856173149
1840.0 68.2271300034
1850.0 68.5980872748
1860.0 68.9690449728
1870.0 69.3400031067
1880.0 69.7109616864
1890.0 70.081920722
1900.0 70.4528802237
1910.0 70.823840202
1920.0 71.1948006678
1930.0 71.5657616319
1940.0 71.9367231057
1950.0 72.3076851007
1960.0 72.6786476286
1970.0 73.0496107013
1980.0 73.4205743312
1990.0 73.7915385308
2000.0 74.1625033129
2010.0 74.5334686904
2020.0 74.9044346767
2030.0 75.2754012854
2040.0 75.6463685303
2050.0 76.0173364255
2060.0 76.3883049854
2070.0 76.7592742248
2080.0 77.1302441584
2090.0 77.5012148016
2100.0 77.8721861699
2110.0 78.2431582791
2120.0 78.6141311453
2130.0 78.9851047848
2140.0 79.3560792144
2150.0 79.7270544511
2160.0 80.098030512
2170.0 80.4690074149
2180.0 80.8399851776
2190.0 81.2109638182
2200.0 81.5819433553
2210.0 81.9529238077
2220.0 82.3239051946
2230.0 82.6948875353
2240.0 83.0658708497
2250.0 83.4368551578
2260.0 83.8078404801
2270.0 84.1788268372
2280.0 84.5498142503
2290.0 84.9208027407
2300.0 85.2917923301
2310.0 85.6627830406
2320.0 86.0337748947
2330.0 86.4047679149
2340.0 86.7757621243
2350.0 87.1467575465
2360.0 87.5177542051
2370.0 87.8887521241
2380.0 88.2597513281
2390.0 88.6307518418
2400.0 89.0017536904
2410.0 89.3727568993
2420.0 89.7437614942
2430.0 90.1147675016
2440.0 90.4857749477
2450.0 90.8567838596
2460.0 91.2277942644
2470.0 91.5988061898
2480.0 91.9698196637
2490.0 92.3408347144
2500.0 92.7118513706
2510.0 93.0828696612
2520.0 93.4538896158
2530.0 93.8249112639
2540.0 94.1959346357
2550.0 94.5669597617
2560.0 94.9379866727
2570.0 95.3090153998
2580.0 95.6800459746
2590.0 96.051078429
2600.0 96.4221127952
2610.0 96.7931491058
2620.0 97.1641873938
2630.0 97.5352276925
2640.0 97.9062700356
2650.0 98.2773144571
2660.0 98.6483609914
2670.0 99.0194096732
2680.0 99.3904605376
2690.0 99.7615136201
2700.0 100.132568956
2710.0 100.503626583
2720.0 100.874686535
2730.0 101.245748851
2740.0 101.616813567
2750.0 101.987880722
2760.0 102.358950351
2770.0 102.730022495
2780.0 103.101097191
2790.0 103.472174478
2800.0 103.843254395
2810.0 104.214336982
2820.0 104.585422279
2830.0 104.956510325
2840.0 105.327601161
2850.0 105.698694828
2860.0 106.069791366
2870.0 106.440890817
2880.0 106.811993223
2890.0 107.183098625
2900.0 107.554207066
2910.0 107.925318587
2920.0 108.296433233
2930.0 108.667551045
2940.0 109.038672067
2950.0 109.409796342
2960.0 109.780923915
2970.0 110.152054829
2980.0 110.523189128
2990.0 110.894326857
3000.0 111.265468061
3010.0 111.636612784
3020.0 112.007761072
3030.0 112.37891297
3040.0 112.750068524
3050.0 113.121227779
3060.0 113.492390781
3070.0 113.863557576
3080.0 114.234728212
3090.0 114.605902733
3100.0 114.977081187
3110.0 115.34826362
3120.0 115.71945008
3130.0 116.090640613
3140.0 116.461835267
3150.0 116.833034089
3160.0 117.204237125
3170.0 117.575444424
3180.0 117.946656034
3190.0 118.317872001
3200.0 118.689092373
3210.0 119.060317199
3220.0 119.431546525
3230.0 119.802780401
3240.0 120.174018873
3250.0 120.545261989
3260.0 120.916509798
3270.0 121.287762347
3280.0 121.659019684
3290.0 122.030281856
3300.0 122.401548913
3310.0 122.772820901
3320.0 123.144097867
3330.0 123.515379861
3340.0 123.886666928
3350.0 124.257959118
3360.0 124.629256476
3370.0 125.00055905
3380.0 125.371866887
3390.0 125.743180034
3400.0 126.114498538
3410.0 126.485822445
3420.0 126.857151802
3430.0 127.228486655
3440.0 127.599827049
3450.0 127.971173031
3460.0 128.342524647
3470.0 128.713881941
3480.0 129.085244958
3490.0 129.456613744
3500.0 129.827988342
3510.0 130.199368797
3520.0 130.570755153
3530.0 130.942147453
3540.0 131.31354574
3550.0 131.684950058
3560.0 132.056360448
3570.0 132.427776953
3580.0 132.799199614
3590.0 133.170628473
3600.0 133.54206357
3610.0 133.913504946
3620.0 134.284952641
3630.0 134.656406694
3640.0 135.027867144
3650.0 135.39933403
3660.0 135.77080739
3670.0 136.14228726
3680.0 136.513773679
3690.0 136.885266682
3700.0 137.256766306
3710.0 137.628272584
3720.0 137.999785553
3730.0 138.371305246
3740.0 138.742831697
3750.0 139.114364938
3760.0 139.485905001
3770.0 139.857451918
3780.0 140.22900572
3790.0 140.600566437
3800.0 140.972134097
3810.0 141.343708731
3820.0 141.715290365
3830.0 142.086879028
3840.0 142.458474745
3850.0 142.830077542
3860.0 143.201687444
3870.0 143.573304475
3880.0 143.944928659
3890.0 144.316560018
3900.0 144.688198574
3910.0 145.059844347
3920.0 145.431497358
3930.0 145.803157625
3940.0 146.174825167
3950.0 146.546500001
3960.0 146.918182144
3970.0 147.28987161
3980.0 147.661568416
3990.0 148.033272574
4000.0 148.404984097
4010.0 148.776702997
4020.0 149.148429285
4030.0 149.52016297
4040.0 149.891904062
4050.0 150.263652567
4060.0 150.635408494
4070.0 151.007171849
4080.0 151.378942634
4090.0 151.750720856
4100.0 152.122506516
4110.0 152.494299615
4120.0 152.866100156
4130.0 153.237908137
4140.0 153.609723557
4150.0 153.981546414
4160.0 154.353376703
4170.0 154.72521442
4180.0 155.097059559
4190.0 155.468912114
4200.0 155.840772077
4210.0 156.212639438
4220.0 156.584514186
4230.0 156.956396312
4240.0 157.328285802
4250.0 157.700182643
4260.0 158.072086819
4270.0 158.443998316
4280.0 158.815917116
4290.0 159.187843202
4300.0 159.559776553
4310.0 159.931717149
4320.0 160.30366497
4330.0 160.675619992
4340.0 161.047582191
4350.0 161.419551542
4360.0 161.79152802
4370.0 162.163511597
4380.0 162.535502245
4390.0 162.907499933
4400.0 163.279504632
4410.0 163.65151631
4420.0 164.023534933
4430.0 164.395560467
4440.0 164.767592878
4450.0 165.139632128
4460.0 165.51167818
4470.0 165.883730996
4480.0 166.255790536
4490.0 166.627856758
4500.0 166.999929622
4510.0 167.372009083
4520.0 167.744095098
4530.0 168.116187621
4540.0 168.488286606
4550.0 168.860392006
4560.0 169.232503771
4570.0 169.604621853
4580.0 169.9767462
4590.0 170.348876761
4600.0 170.721013483
4610.0 171.093156313
4620.0 171.465305195
4630.0 171.837460074
4640.0 172.209620892
4650.0 172.581787593
4660.0 172.953960117
4670.0 173.326138404
4680.0 173.698322394
4690.0 174.070512024
4700.0 174.442707233
4710.0 174.814907957
4720.0 175.18711413
4730.0 175.559325689
4740.0 175.931542566
4750.0 176.303764695
4760.0 176.675992007
4770.0 177.048224434
4780.0 177.420461906
4790.0 177.792704353
4800.0 178.164951702
4810.0 178.537203883
4820.0 178.909460823
4830.0 179.281722447
4840.0 179.653988683
4850.0 180.026259454
4860.0 180.398534685
4870.0 180.770814299
4880.0 181.143098221
4890.0 181.515386361
4900.0 181.887678658
4910.0 182.259975024
4920.0 182.632275379
4930.0 183.004579643
4940.0 183.376887735
4950.0 183.749199574
4960.0 184.121515078
4970.0 184.493834164
4980.0 184.866156751
4990.0 185.238482753
5000.0 185.610812089
5010.0 185.983144672
5020.0 186.355480419
5030.0 186.727819244
5040.0 187.100161062
5050.0 187.472505787
5060.0 187.844853332
5070.0 188.217203612
5080.0 188.589556538
5090.0 188.961912024
5100.0 189.334269983
5110.0 189.706630327
5120.0 190.078992967
5130.0 190.451357817
5140.0 190.823724786
5150.0 191.196093788
5160.0 191.568464733
5170.0 191.940837533
5180.0 192.313212099
5190.0 192.685588342
5200.0 193.057966174
5210.0 193.430345504
5220.0 193.802726245
5230.0 194.175108306
5240.0 194.5474916
5250.0 194.919876038
5260.0 195.292261529
5270.0 195.664647987
5280.0 196.037035321
5290.0 196.409423445
5300.0 196.781812268
5310.0 197.154201703
5320.0 197.526591662
5330.0 197.898982058
5340.0 198.271372801
5350.0 198.643763806
5360.0 199.016154986
5370.0 199.388546252
5380.0 199.76093752
5390.0 200.133328702
5400.0 200.505719713
5410.0 200.878110467
5420.0 201.25050088
5430.0 201.622890867
5440.0 201.995280343
5450.0 202.367669225
5460.0 202.740057428
5470.0 203.112444872
5480.0 203.484831472
5490.0 203.857217147
5500.0 204.229601815
5510.0 204.601985397
5520.0 204.974367811
5530.0 205.346748977
5540.0 205.719128818
5550.0 206.091507253
5560.0 206.463884205
5570.0 206.836259598
5580.0 207.208633353
5590.0 207.581005396
5600.0 207.95337565
5610.0 208.325744042
5620.0 208.698110498
5630.0 209.070474943
5640.0 209.442837307
5650.0 209.815197516
5660.0 210.1875555
5670.0 210.55991119
5680.0 210.932264515
5690.0 211.304615407
5700.0 211.676963798
5710.0 212.049309622
5720.0 212.421652811
5730.0 212.793993301
5740.0 213.166331028
5750.0 213.538665927
5760.0 213.910997936
5770.0 214.283326993
5780.0 214.655653038
5790.0 215.027976009
5800.0 215.400295849
5810.0 215.772612498
5820.0 216.144925899