0.0 0.0
120.0 4.49659683812
120.625 4.51904548711
121.25 4.54150288907
122.5 4.58644326257
123.75 4.63141662465
125.0 4.67642170976
126.25 4.72145731658
127.5 4.76652230416
128.75 4.81161558837
130.0 4.85673613846
131.25 4.901882974
132.5 4.94705516193
133.75 4.99225181383
135.0 5.03747208339
136.25 5.08271516399
137.5 5.12798028652
138.75 5.17326671725
140.0 5.21857375589
141.25 5.26390073376
142.5 5.30924701209
143.75 5.35461198036
145.0 5.39999505484
146.25 5.44539567715
147.5 5.49081331289
148.75 5.53624745046
150.0 5.5816975998
151.25 5.62716329136
152.5 5.67264407497
153.75 5.71813951894
155.0 5.76364920906
156.25 5.80917274777
157.5 5.85470975332
158.75 5.90025985901
160.0 5.94582271244
161.25 5.9913979748
162.5 6.03698532025
165.0 6.12819501817
167.5 6.2194494359
170.0 6.31074637418
172.5 6.40208378938
175.0 6.49345977958
177.5 6.58487257221
180.0 6.67632051279
182.5 6.76780205491
185.0 6.8593157511
187.5 6.95086024466
190.0 7.0424342622
192.5 7.13403660699
195.0 7.22566615283
197.5 7.31732183851
200.0 7.40900266288
202.5 7.50070768022
205.0 7.5924359961
207.5 7.68418676363
210.0 7.77595918001
212.5 7.86775248334
215.0 7.9595659498
217.5 8.05139889097
220.0 8.14325065144
222.5 8.23512060659
225.0 8.32700816059
230.0 8.51083381454
235.0 8.6947233547
240.0 8.87867287793
245.0 9.06267879518
250.0 9.24673779615
255.0 9.43084681906
260.0 9.61500302459
265.0 9.79920377343
270.0 9.98344660677
275.0 10.1677292294
280.0 10.3520494949
285.0 10.5364053925
290.0 10.720795036
295.0 10.905216653
300.0 11.0896685769
305.0 11.2741492379
310.0 11.4586571564
315.0 11.6431909366
320.0 11.8277492603
330.0 12.1969346247
340.0 12.5662040747
350.0 12.9355493909
360.0 13.3049631972
370.0 13.6744388653
380.0 14.0439704322
390.0 14.4135525298
400.0 14.7831803217
410.0 15.1528494493
420.0 15.5225559827
430.0 15.8922963779
440.0 16.2620674378
450.0 16.6318662785
460.0 17.0016902979
470.0 17.3715371477
480.0 17.7414047091
490.0 18.1112910696
500.0 18.481194503
510.0 18.8511134509
520.0 19.2210465065
530.0 19.5909923994
540.0 19.9609499821
550.0 20.3309182181
560.0 20.7008961708
570.0 21.0708829936
580.0 21.4408779212
590.0 21.8108802611
600.0 22.1808893871
610.0 22.5509047319
620.0 22.9209257821
630.0 23.2909520723
640.0 23.6609831804
650.0 24.0310187237
660.0 24.4010583547
670.0 24.7711017576
680.0 25.1411486454
690.0 25.511198757
700.0 25.8812518547
710.0 26.2513077217
720.0 26.6213661603
730.0 26.9914269902
740.0 27.3614900464
750.0 27.7315551782
760.0 28.1016222473
770.0 28.4716911271
780.0 28.8417617016
790.0 29.211833864
800.0 29.5819075162
810.0 29.9519825678
820.0 30.3220589357
830.0 30.692136543
840.0 31.0622153187
850.0 31.4322951974
860.0 31.8023761183
870.0 32.1724580251
880.0 32.5425408656
890.0 32.9126245914
900.0 33.2827091573
910.0 33.6527945215
920.0 34.0228806448
930.0 34.3929674908
940.0 34.7630550255
950.0 35.1331432172
960.0 35.5032320361
970.0 35.8733214545
980.0 36.2434114463
990.0 36.6135019871
1000.0 36.983593054
1010.0 37.3536846256
1020.0 37.7237766818
1030.0 38.0938692035
1040.0 38.463962173
1050.0 38.8340555736
1060.0 39.2041493895
1070.0 39.574243606
1080.0 39.9443382091
1090.0 40.3144331857
1100.0 40.6845285235
1110.0 41.0546242108
1120.0 41.4247202369
1130.0 41.7948165913
1140.0 42.1649132646
1150.0 42.5350102475
1160.0 42.9051075317
1170.0 43.2752051091
1180.0 43.6453029722
1190.0 44.0154011141
1200.0 44.3854995281
1210.0 44.7555982082
1220.0 45.1256971487
1230.0 45.4957963443
1240.0 45.8658957899
1250.0 46.2359954812
1260.0 46.6060954139
1270.0 46.9761955841
1280.0 47.3462959882
1290.0 47.7163966232
1300.0 48.086497486
1310.0 48.4565985741
1320.0 48.8266998851
1330.0 49.196801417
1340.0 49.5669031681
1350.0 49.9370051367
1360.0 50.3071073218
1370.0 50.6772097222
1380.0 51.0473123372
1390.0 51.4174151664
1400.0 51.7875182094
1410.0 52.1576214662
1420.0 52.527724937
1430.0 52.8978286222
1440.0 53.2679325225
1450.0 53.6380366387
1460.0 54.0081409719
1470.0 54.3782455233
1480.0 54.7483502945
1490.0 55.118455287
1500.0 55.488560503
1510.0 55.8586659444
1520.0 56.2287716135
1530.0 56.5988775129
1540.0 56.9689836453
1550.0 57.3390900135
1560.0 57.7091966208
1570.0 58.0793034703
1580.0 58.4494105657
1590.0 58.8195179106
1600.0 59.189625509
1610.0 59.5597333648
1620.0 59.9298414824
1630.0 60.2999498664
1640.0 60.6700585214
1650.0 61.0401674522
1660.0 61.4102766641
1670.0 61.7803861622
1680.0 62.1504959521
1690.0 62.5206060394
1700.0 62.8907164301
1710.0 63.2608271303
1720.0 63.6309381462
1730.0 64.0010494844
1740.0 64.3711611517
1750.0 64.7412731548
1760.0 65.111385501
1770.0 65.4814981977
1780.0 65.8516112523
1790.0 66.2217246727
1800.0 66.5918384669
1810.0 66.9619526431
1820.0 67.3320672096
1830.0 67.7021821753
1840.0 68.072297549
1850.0 68.4424133398
1860.0 68.8125295569
1870.0 69.1826462101
1880.0 69.5527633091
1890.0 69.922880864
1900.0 70.2929988849
1910.0 70.6631173826
1920.0 71.0332363676
1930.0 71.403355851
1940.0 71.7734758441
1950.0 72.1435963583
1960.0 72.5137174054
1970.0 72.8838389975
1980.0 73.2539611467
1990.0 73.6240838655
2000.0 73.9942071668
2010.0 74.3643310636
2020.0 74.7344555692
2030.0 75.1045806972
2040.0 75.4747064613
2050.0 75.8448328758
2060.0 76.214959955
2070.0 76.5850877136
2080.0 76.9552161665
2090.0 77.325345329
2100.0 77.6954752166
2110.0 78.065605845
2120.0 78.4357372305
2130.0 78.8058693893
2140.0 79.1760023382
2150.0 79.5461360941
2160.0 79.9162706743
2170.0 80.2864060964
2180.0 80.6565423784
2190.0 81.0266795383
2200.0 81.3968175947
2210.0 81.7669565664
2220.0 82.1370964725
2230.0 82.5072373325
2240.0 82.8773791662
2250.0 83.2475219935
2260.0 83.6176658351
2270.0 83.9878107115
2280.0 84.3579566438
2290.0 84.7281036535
2300.0 85.0982517622
2310.0 85.468400992
2320.0 85.8385513652
2330.0 86.2087029047
2340.0 86.5788556335
2350.0 86.9490095749
2360.0 87.3191647527
2370.0 87.6893211911
2380.0 88.0594789143
2390.0 88.4296379473
2400.0 88.7997983151
2410.0 89.1699600433
2420.0 89.5401231575
2430.0 89.9102876841
2440.0 90.2804536495
2450.0 90.6506210807
2460.0 91.0207900048
2470.0 91.3909604495
2480.0 91.7611324426
2490.0 92.1313060126
2500.0 92.501481188
2510.0 92.871657998
2520.0 93.2418364718
2530.0 93.6120166392
2540.0 93.9821985303
2550.0 94.3523821755
2560.0 94.7225676058
2570.0 95.0927548522
2580.0 95.4629439462
2590.0 95.8331349199
2600.0 96.2033278053
2610.0 96.5735226352
2620.0 96.9437194425
2630.0 97.3139182605
2640.0 97.6841191228
2650.0 98.0543220636
2660.0 98.4245271172
2670.0 98.7947343182
2680.0 99.1649437019
2690.0 99.5351553037
2700.0 99.9053691592
2710.0 100.275585305
2720.0 100.645803777
2730.0 101.016024612
2740.0 101.386247847
2750.0 101.756473521
2760.0 102.12670167
2770.0 102.496932333
2780.0 102.867165548
2790.0 103.237401354
2800.0 103.607639791
2810.0 103.977880897
2820.0 104.348124713
2830.0 104.718371278
2840.0 105.088620634
2850.0 105.458872819
2860.0 105.829127877
2870.0 106.199385848
2880.0 106.569646773
2890.0 106.939910694
2900.0 107.310177654
2910.0 107.680447695
2920.0 108.05072086
2930.0 108.420997191
2940.0 108.791276732
2950.0 109.161559527
2960.0 109.531845619
2970.0 109.902135052
2980.0 110.27242787
2990.0 110.642724119
3000.0 111.013023842
3010.0 111.383327084
3020.0 111.753633892
3030.0 112.123944309
3040.0 112.494258382
3050.0 112.864576156
3060.0 113.234897677
3070.0 113.605222992
3080.0 113.975552147
3090.0 114.345885187
3100.0 114.716222161
3110.0 115.086563113
3120.0 115.456908092
3130.0 115.827257145
3140.0 116.197610318
3150.0 116.567967659
3160.0 116.938329215
3170.0 117.308695033
3180.0 117.679065162
3190.0 118.049439648
3200.0 118.41981854
3210.0 118.790201884
3220.0 119.16058973
3230.0 119.530982125
3240.0 119.901379116
3250.0 120.271780752
3260.0 120.64218708
3270.0 121.012598148
3280.0 121.383014004
3290.0 121.753434696
3300.0 122.123860272
3310.0 122.494290779
3320.0 122.864726265
3330.0 123.235166778
3340.0 123.605612365
3350.0 123.976063073
3360.0 124.34651895
3370.0 124.716980044
3380.0 125.0874464
3390.0 125.457918066
3400.0 125.82839509
3410.0 126.198877516
3420.0 126.569365392
3430.0 126.939858764
3440.0 127.310357678
3450.0 127.68086218
3460.0 128.051372314
3470.0 128.421888127
3480.0 128.792409664
3490.0 129.162936969
3500.0 129.533470087
3510.0 129.904009061
3520.0 130.274553936
3530.0 130.645104755
3540.0 131.015661562
3550.0 131.386224399
3560.0 131.756793308
3570.0 132.127368332
3580.0 132.497949513
3590.0 132.868536891
3600.0 133.239130507
3610.0 133.609730403
3620.0 133.980336617
3630.0 134.350949189
3640.0 134.721568158
3650.0 135.092193564
3660.0 135.462825442
3670.0 135.833463832
3680.0 136.20410877
3690.0 136.574760293
3700.0 136.945418435
3710.0 137.316083234
3720.0 137.686754722
3730.0 138.057432934
3740.0 138.428117904
3750.0 138.798809664
3760.0 139.169508247
3770.0 139.540213683
3780.0 139.910926004
3790.0 140.28164524
3800.0 140.65237142
3810.0 141.023104573
3820.0 141.393844726
3830.0 141.764591908
3840.0 142.135346144
3850.0 142.506107461
3860.0 142.876875882
3870.0 143.247651433
3880.0 143.618434136
3890.0 143.989224014
3900.0 144.360021089
3910.0 144.730825381
3920.0 145.101636911
3930.0 145.472455698
3940.0 145.843281759
3950.0 146.214115112
3960.0 146.584955774
3970.0 146.955803761
3980.0 147.326659085
3990.0 147.697521763
4000.0 148.068391805
4010.0 148.439269224
4020.0 148.810154031
4030.0 149.181046236
4040.0 149.551945847
4050.0 149.922852872
4060.0 150.293767318
4070.0 150.664689191
4080.0 151.035618496
4090.0 151.406555237
4100.0 151.777499416
4110.0 152.148451035
4120.0 152.519410095
4130.0 152.890376596
4140.0 153.261350535
4150.0 153.632331911
4160.0 154.003320719
4170.0 154.374316955
4180.0 154.745320614
4190.0 155.116331688
4200.0 155.48735017
4210.0 155.85837605
4220.0 156.229409318
4230.0 156.600449963
4240.0 156.971497972
4250.0 157.342553332
4260.0 157.713616028
4270.0 158.084686044
4280.0 158.455763364
4290.0 158.826847968
4300.0 159.197939839
4310.0 159.569038955
4320.0 159.940145294
4330.0 160.311258835
4340.0 160.682379554
4350.0 161.053507425
4360.0 161.424642422
4370.0 161.795784518
4380.0 162.166933685
4390.0 162.538089893
4400.0 162.909253111
4410.0 163.280423308
4420.0 163.65160045
4430.0 164.022784504
4440.0 164.393975433
4450.0 164.765173203
4460.0 165.136377774
4470.0 165.50758911
4480.0 165.878807169
4490.0 166.25003191
4500.0 166.621263293
4510.0 166.992501274
4520.0 167.363745808
4530.0 167.73499685
4540.0 168.106254355
4550.0 168.477518273
4560.0 168.848788558
4570.0 169.220065159
4580.0 169.591348026
4590.0 169.962637106
4600.0 170.333932347
4610.0 170.705233696
4620.0 171.076541098
4630.0 171.447854496
4640.0 171.819173834
4650.0 172.190499053
4660.0 172.561830096
4670.0 172.933166903
4680.0 173.304509412
4690.0 173.675857562
4700.0 174.04721129
4710.0 174.418570533
4720.0 174.789935226
4730.0 175.161305304
4740.0 175.5326807
4750.0 175.904061348
4760.0 176.27544718
4770.0 176.646838126
4780.0 177.018234117
4790.0 177.389635083
4800.0 177.761040952
4810.0 178.132451652
4820.0 178.503867111
4830.0 178.875287255
4840.0 179.246712009
4850.0 179.618141299
4860.0 179.98957505
4870.0 180.361013184
4880.0 180.732455625
4890.0 181.103902284
4900.0 181.475353101
4910.0 181.846807986
4920.0 182.21826686
4930.0 182.589729643
4940.0 182.961196254
4950.0 183.332666612
4960.0 183.704140635
4970.0 184.075618241
4980.0 184.447099347
4990.0 184.818583869
5000.0 185.190071724
5010.0 185.561562826
5020.0 185.933057093
5030.0 186.304554437
5040.0 186.676054774
5050.0 187.047558018
5060.0 187.419064083
5070.0 187.790572881
5080.0 188.162084327
5090.0 188.533598333
5100.0 188.905114811
5110.0 189.276633674
5120.0 189.648154833
5130.0 190.019678202
5140.0 190.391203691
5150.0 190.762731212
5160.0 191.134260677
5170.0 191.505791996
5180.0 191.877325081
5190.0 192.248859844
5200.0 192.620396194
5210.0 192.991934044
5220.0 193.363473303
5230.0 193.735013884
5240.0 194.106555698
5250.0 194.478098654
5260.0 194.849642665
5270.0 195.221187642
5280.0 195.592733496
5290.0 195.964280138
5300.0 196.335827481
5310.0 196.707375435
5320.0 197.078923914
5330.0 197.450472828
5340.0 197.822022091
5350.0 198.193571616
5360.0 198.565121314
5370.0 198.9366711
5380.0 199.308220887
5390.0 199.679770588
5400.0 200.051320119
5410.0 200.422869392
5420.0 200.794418325
5430.0 201.16596683
5440.0 201.537514826
5450.0 201.909062227
5460.0 202.28060895
5470.0 202.652154912
5480.0 203.023700031
5490.0 203.395244226
5500.0 203.766787414
5510.0 204.138329515
5520.0 204.509870448
5530.0 204.881410134
5540.0 205.252948493
5550.0 205.624485448
5560.0 205.996020919
5570.0 206.367554831
5580.0 206.739087106
5590.0 207.110617668
5600.0 207.482146441
5610.0 207.853673353
5620.0 208.225198327
5630.0 208.596721292
5640.0 208.968242175
5650.0 209.339760903
5660.0 209.711277407
5670.0 210.082791616
5680.0 210.45430346
5690.0 210.825812872
5700.0 211.197319782
5710.0 211.568824125
5720.0 211.940325833
5730.0 212.311824843
5740.0 212.683321089
5750.0 213.054814507
5760.0 213.426305036
5770.0 213.797792612
5780.0 214.169277176
5790.0 214.540758667
5800.0 214.912237025
5810.0 215.283712194
5820.0 215.655184114