0.0 0.0
120.0 4.49291986488
120.625 4.51534936226
121.25 4.5377876126
122.5 4.58268968284
123.75 4.62762474163
125.0 4.67259152341
126.25 4.71758882687
127.5 4.76261551105
128.75 4.80767049182
130.0 4.85275273843
131.25 4.89786127046
132.5 4.94299515484
133.75 4.98815350316
135.0 5.03333546909
136.25 5.07854024603
137.5 5.12376706485
138.75 5.16901519184
140.0 5.2142839267
141.25 5.25957260076
142.5 5.30488057523
143.75 5.3502072396
145.0 5.39555201015
146.25 5.44091432848
147.5 5.4862936602
148.75 5.53168949371
150.0 5.57710133896
151.25 5.62252872638
152.5 5.66797120581
153.75 5.71342834556
155.0 5.75889973141
156.25 5.80438496581
157.5 5.84988366702
158.75 5.89539546832
160.0 5.94092001732
161.25 5.9864569752
162.5 6.03200601613
165.0 6.12313910488
167.5 6.21431691327
170.0 6.30553724203
172.5 6.39679804752
175.0 6.48809742784
177.5 6.57943361039
180.0 6.67080494071
182.5 6.76220987238
185.0 6.85364695793
187.5 6.94511484065
190.0 7.03661224717
192.5 7.12813798074
195.0 7.21969091514
197.5 7.31126998919
200.0 7.40287420172
202.5 7.49450260701
205.0 7.58615431063
207.5 7.67782846569
210.0 7.76952426938
212.5 7.86124095981
215.0 7.95297781314
217.5 8.04473414096
220.0 8.13650928785
222.5 8.2283026292
225.0 8.32011356916
230.0 8.50378599434
235.0 8.68752230476
240.0 8.87131859727
245.0 9.0551712828
250.0 9.23907705102
255.0 9.42303284013
260.0 9.60703581079
265.0 9.79108332364
270.0 9.97517291989
275.0 10.1593023043
280.0 10.3434693303
285.0 10.5276719873
290.0 10.7119083889
295.0 10.8961767628
300.0 11.0804754423
305.0 11.2648028575
310.0 11.449157529
315.0 11.6335380607
320.0 11.8179431345
330.0 12.1868219948
340.0 12.5557849347
350.0 12.9248237345
360.0 13.2939310178
370.0 13.663100156
380.0 14.0323251859
390.0 14.401600739
400.0 14.7709219786
410.0 15.1402845458
420.0 15.5096845102
430.0 15.8791183275
440.0 16.2485828004
450.0 16.6180750444
460.0 16.987592457
470.0 17.3571326896
480.0 17.7266936228
490.0 18.0962733438
500.0 18.4658701258
510.0 18.83548241
520.0 19.205108789
530.0 19.574747992
540.0 19.9443988708
550.0 20.3140603884
560.0 20.6837316077
570.0 21.0534116814
580.0 21.4230998435
590.0 21.792795401
600.0 22.1624977269
610.0 22.5322062533
620.0 22.901920466
630.0 23.2716398988
640.0 23.641364129
650.0 24.011092773
660.0 24.3808254823
670.0 24.7505619405
680.0 25.1203018597
690.0 25.4900449777
700.0 25.8597910558
710.0 26.2295398765
720.0 26.5992912409
730.0 26.9690449676
740.0 27.3388008907
750.0 27.7085588581
760.0 28.0783187306
770.0 28.4480803803
780.0 28.8178436899
790.0 29.1876085514
800.0 29.5573748652
810.0 29.9271425399
820.0 30.2969114906
830.0 30.6666816392
840.0 31.0364529131
850.0 31.4062252453
860.0 31.7759985735
870.0 32.1457728396
880.0 32.5155479899
890.0 32.885323974
900.0 33.2551007451
910.0 33.6248782593
920.0 33.9946564757
930.0 34.3644353558
940.0 34.7342148636
950.0 35.1039949652
960.0 35.4737756287
970.0 35.843556824
980.0 36.2133385228
990.0 36.5831206984
1000.0 36.9529033253
1010.0 37.3226863797
1020.0 37.6924698386
1030.0 38.0622536806
1040.0 38.432037885
1050.0 38.8018224322
1060.0 39.1716073037
1070.0 39.5413924815
1080.0 39.9111779487
1090.0 40.280963689
1100.0 40.6507496866
1110.0 41.0205359267
1120.0 41.3903223949
1130.0 41.7601090773
1140.0 42.1298959605
1150.0 42.4996830318
1160.0 42.8694702787
1170.0 43.2392576893
1180.0 43.6090452518
1190.0 43.9788329552
1200.0 44.3486207885
1210.0 44.718408741
1220.0 45.0881968026
1230.0 45.4579849631
1240.0 45.8277732129
1250.0 46.1975615423
1260.0 46.5673499421
1270.0 46.9371384031
1280.0 47.3069269164
1290.0 47.6767154733
1300.0 48.0465040651
1310.0 48.4162926835
1320.0 48.78608132
1330.0 49.1558699666
1340.0 49.5256586151
1350.0 49.8954472575
1360.0 50.265235886
1370.0 50.6350244927
1380.0 51.0048130699
1390.0 51.37460161
1400.0 51.7443901053
1410.0 52.1141785482
1420.0 52.4839669313
1430.0 52.8537552469
1440.0 53.2235434877
1450.0 53.5933316462
1460.0 53.9631197149
1470.0 54.3329076863
1480.0 54.7026955531
1490.0 55.0724833077
1500.0 55.4422709426
1510.0 55.8120584504
1520.0 56.1818458235
1530.0 56.5516330543
1540.0 56.9214201353
1550.0 57.2912070588
1560.0 57.660993817
1570.0 58.0307804023
1580.0 58.4005668068
1590.0 58.7703530226
1600.0 59.1401390418
1610.0 59.5099248563
1620.0 59.8797104581
1630.0 60.2494958389
1640.0 60.6192809905
1650.0 60.9890659045
1660.0 61.3588505724
1670.0 61.7286349857
1680.0 62.0984191356
1690.0 62.4682030134
1700.0 62.8379866102
1710.0 63.2077699169
1720.0 63.5775529244
1730.0 63.9473356234
1740.0 64.3171180045
1750.0 64.6869000582
1760.0 65.0566817748
1770.0 65.4264631444
1780.0 65.7962441571
1790.0 66.1660248027
1800.0 66.5358050711
1810.0 66.9055849517
1820.0 67.2753644339
1830.0 67.645143507
1840.0 68.01492216
1850.0 68.3847003818
1860.0 68.7544781611
1870.0 69.1242554865
1880.0 69.4940323463
1890.0 69.8638087286
1900.0 70.2335846214
1910.0 70.6033600125
1920.0 70.9731348894
1930.0 71.3429092395
1940.0 71.71268305
1950.0 72.0824563077
1960.0 72.4522289995
1970.0 72.8220011117
1980.0 73.1917726308
1990.0 73.5615435428
2000.0 73.9313138335
2010.0 74.3010834885
2020.0 74.6708524932
2030.0 75.0406208328
2040.0 75.410388492
2050.0 75.7801554557
2060.0 76.1499217081
2070.0 76.5196872334
2080.0 76.8894520155
2090.0 77.259216038
2100.0 77.6289792844
2110.0 77.9987417376
2120.0 78.3685033807
2130.0 78.738264196
2140.0 79.108024166
2150.0 79.4777832726
2160.0 79.8475414977
2170.0 80.2172988225
2180.0 80.5870552284
2190.0 80.9568106962
2200.0 81.3265652065
2210.0 81.6963187395
2220.0 82.0660712754
2230.0 82.4358227937
2240.0 82.805573274
2250.0 83.1753226952
2260.0 83.5450710362
2270.0 83.9148182755
2280.0 84.2845643912
2290.0 84.6543093611
2300.0 85.0240531629
2310.0 85.3937957737
2320.0 85.7635371703
2330.0 86.1332773295
2340.0 86.5030162274
2350.0 86.8727538399
2360.0 87.2424901426
2370.0 87.6122251108
2380.0 87.9819587193
2390.0 88.3516909429
2400.0 88.7214217556
2410.0 89.0911511315
2420.0 89.4608790441
2430.0 89.8306054665
2440.0 90.2003303718
2450.0 90.5700537324
2460.0 90.9397755206
2470.0 91.3094957081
2480.0 91.6792142665
2490.0 92.0489311669
2500.0 92.4186463801
2510.0 92.7883598766
2520.0 93.1580716265
2530.0 93.5277815995
2540.0 93.897489765
2550.0 94.2671960921
2560.0 94.6369005494
2570.0 95.0066031054
2580.0 95.3763037279
2590.0 95.7460023847
2600.0 96.1156990429
2610.0 96.4853936696
2620.0 96.8550862314
2630.0 97.2247766943
2640.0 97.5944650245
2650.0 97.9641511873
2660.0 98.333835148
2670.0 98.7035168713
2680.0 99.0731963219
2690.0 99.4428734639
2700.0 99.8125482609
2710.0 100.182220677
2720.0 100.551890674
2730.0 100.921558216
2740.0 101.291223265
2750.0 101.660885783
2760.0 102.030545732
2770.0 102.400203074
2780.0 102.769857769
2790.0 103.139509778
2800.0 103.509159063
2810.0 103.878805582
2820.0 104.248449296
2830.0 104.618090165
2840.0 104.987728147
2850.0 105.357363202
2860.0 105.726995289
2870.0 106.096624365
2880.0 106.466250389
2890.0 106.835873318
2900.0 107.205493111
2910.0 107.575109724
2920.0 107.944723114
2930.0 108.314333238
2940.0 108.683940052
2950.0 109.053543514
2960.0 109.423143577
2970.0 109.792740199
2980.0 110.162333334
2990.0 110.531922938
3000.0 110.901508966
3010.0 111.271091373
3020.0 111.640670112
3030.0 112.010245139
3040.0 112.379816408
3050.0 112.749383872
3060.0 113.118947486
3070.0 113.488507203
3080.0 113.858062976
3090.0 114.227614758
3100.0 114.597162504
3110.0 114.966706165
3120.0 115.336245694
3130.0 115.705781045
3140.0 116.07531217
3150.0 116.444839021
3160.0 116.81436155
3170.0 117.183879711
3180.0 117.553393454
3190.0 117.922902733
3200.0 118.292407499
3210.0 118.661907704
3220.0 119.0314033
3230.0 119.400894239
3240.0 119.770380474
3250.0 120.139861955
3260.0 120.509338635
3270.0 120.878810465
3280.0 121.248277398
3290.0 121.617739385
3300.0 121.987196379
3310.0 122.35664833
3320.0 122.726095193
3330.0 123.095536918
3340.0 123.464973457
3350.0 123.834404764
3360.0 124.20383079
3370.0 124.573251489
3380.0 124.942666812
3390.0 125.312076713
3400.0 125.681481144
3410.0 126.05088006
3420.0 126.420273412
3430.0 126.789661156
3440.0 127.159043243
3450.0 127.52841963
3460.0 127.897790269
3470.0 128.267155115
3480.0 128.636514123
3490.0 129.005867248
3500.0 129.375214445
3510.0 129.744555669
3520.0 130.113890878
3530.0 130.483220026
3540.0 130.852543071
3550.0 131.22185997
3560.0 131.591170679
3570.0 131.960475156
3580.0 132.329773361
3590.0 132.69906525
3600.0 133.068350783
3610.0 133.437629919
3620.0 133.806902619
3630.0 134.176168842
3640.0 134.545428549
3650.0 134.914681701
3660.0 135.283928261
3670.0 135.653168191
3680.0 136.022401452
3690.0 136.39162801
3700.0 136.760847827
3710.0 137.130060868
3720.0 137.499267099
3730.0 137.868466484
3740.0 138.237658991
3750.0 138.606844587
3760.0 138.976023238
3770.0 139.345194914
3780.0 139.714359583
3790.0 140.083517215
3800.0 140.45266778
3810.0 140.82181125
3820.0 141.190947595
3830.0 141.560076789
3840.0 141.929198806
3850.0 142.298313618
3860.0 142.667421201
3870.0 143.03652153
3880.0 143.405614583
3890.0 143.774700335
3900.0 144.143778766
3910.0 144.512849854
3920.0 144.881913579
3930.0 145.250969921
3940.0 145.620018863
3950.0 145.989060386
3960.0 146.358094474
3970.0 146.72712111
3980.0 147.096140282
3990.0 147.465151973
4000.0 147.834156171
4010.0 148.203152865
4020.0 148.572142043
4030.0 148.941123695
4040.0 149.310097812
4050.0 149.679064385
4060.0 150.048023409
4070.0 150.416974876
4080.0 150.785918781
4090.0 151.154855121
4100.0 151.523783892
4110.0 151.892705092
4120.0 152.261618721
4130.0 152.630524779
4140.0 152.999423266
4150.0 153.368314186
4160.0 153.737197541
4170.0 154.106073335
4180.0 154.474941575
4190.0 154.843802267
4200.0 155.212655418
4210.0 155.581501038
4220.0 155.950339137
4230.0 156.319169725
4240.0 156.687992814
4250.0 157.056808419
4260.0 157.425616552
4270.0 157.794417231
4280.0 158.163210472
4290.0 158.531996291
4300.0 158.90077471
4310.0 159.269545747
4320.0 159.638309423
4330.0 160.007065762
4340.0 160.375814787
4350.0 160.744556522
4360.0 161.113290993
4370.0 161.482018227
4380.0 161.850738253
4390.0 162.2194511
4400.0 162.588156798
4410.0 162.956855378
4420.0 163.325546873
4430.0 163.694231318
4440.0 164.062908747
4450.0 164.431579196
4460.0 164.800242702
4470.0 165.168899305
4480.0 165.537549042
4490.0 165.906191955
4500.0 166.274828086
4510.0 166.643457477
4520.0 167.012080172
4530.0 167.380696216
4540.0 167.749305656
4550.0 168.117908538
4560.0 168.486504911
4570.0 168.855094823
4580.0 169.223678326
4590.0 169.59225547
4600.0 169.960826309
4610.0 170.329390895
4620.0 170.697949283
4630.0 171.066501529
4640.0 171.435047689
4650.0 171.803587821
4660.0 172.172121982
4670.0 172.540650233
4680.0 172.909172634
4690.0 173.277689247
4700.0 173.646200133
4710.0 174.014705356
4720.0 174.38320498
4730.0 174.75169907
4740.0 175.120187691
4750.0 175.488670912
4760.0 175.857148799
4770.0 176.22562142
4780.0 176.594088846
4790.0 176.962551146
4800.0 177.331008391
4810.0 177.699460652
4820.0 178.067908003
4830.0 178.436350516
4840.0 178.804788266
4850.0 179.173221326
4860.0 179.541649772
4870.0 179.91007368
4880.0 180.278493127
4890.0 180.6469082
4900.0 181.015318961
4910.0 181.383725497
4920.0 181.752127889
4930.0 182.120526214
4940.0 182.488920555
4950.0 182.857310991
4960.0 183.225697605
4970.0 183.594080478
4980.0 183.962459692
4990.0 184.330835331
5000.0 184.699207478
5010.0 185.067576217
5020.0 185.435941633
5030.0 185.80430381
5040.0 186.172662833
5050.0 186.541018787
5060.0 186.909371759
5070.0 187.277721835
5080.0 187.646069101
5090.0 188.014413644
5100.0 188.382755551
5110.0 188.751094909
5120.0 189.119431805
5130.0 189.487766328
5140.0 189.856098564
5150.0 190.224428603
5160.0 190.592756532
5170.0 190.961082439
5180.0 191.329406413
5190.0 191.697728542
5200.0 192.066048915
5210.0 192.43436762
5220.0 192.802684745
5230.0 193.17100038
5240.0 193.539314612
5250.0 193.90762753
5260.0 194.275939222
5270.0 194.644249777
5280.0 195.012559283
5290.0 195.380867827
5300.0 195.749175498
5310.0 196.117482383
5320.0 196.48578857
5330.0 196.854094146
5340.0 197.222399198
5350.0 197.590703813
5360.0 197.959008078
5370.0 198.327312078
5380.0 198.695615899
5390.0 199.063919628
5400.0 199.432223349
5410.0 199.800527148
5420.0 200.168831108
5430.0 200.537135314
5440.0 200.90543985
5450.0 201.273744798
5460.0 201.642050242
5470.0 202.010356265
5480.0 202.378662946
5490.0 202.746970369
5500.0 203.115278613
5510.0 203.48358776
5520.0 203.851897888
5530.0 204.220209077
5540.0 204.588521405
5550.0 204.95683495
5560.0 205.32514979
5570.0 205.693466001
5580.0 206.061783658
5590.0 206.430102838
5600.0 206.798423615
5610.0 207.166746063
5620.0 207.535070255
5630.0 207.903396263
5640.0 208.271724159
5650.0 208.640054015
5660.0 209.0083859
5670.0 209.376719884
5680.0 209.745056036
5690.0 210.113394422
5700.0 210.481735112
5710.0 210.850078169
5720.0 211.218423661
5730.0 211.586771651
5740.0 211.955122204
5750.0 212.323475381
5760.0 212.691831245
5770.0 213.060189857
5780.0 213.428551277
5790.0 213.796915564
5800.0 214.165282777
5810.0 214.533652972
5820.0 214.902026207