0.0 0.0
120.0 4.49695829857
120.625 4.51940883016
121.25 4.54186811473
122.5 4.58681225344
123.75 4.63178938074
125.0 4.67679823106
126.25 4.72183760309
127.5 4.76690635589
128.75 4.81200340531
130.0 4.85712772061
131.25 4.90227832136
132.5 4.94745427451
133.75 4.99265469162
135.0 5.03787872639
136.25 5.08312557221
137.5 5.12839445995
138.75 5.17368465589
140.0 5.21899545974
141.25 5.26432620283
142.5 5.30967624637
143.75 5.35504497985
145.0 5.40043181955
146.25 5.44583620707
147.5 5.49125760802
148.75 5.5366955108
150.0 5.58214942536
151.25 5.62761888213
152.5 5.67310343096
153.75 5.71860264014
155.0 5.76411609547
156.25 5.80964339939
157.5 5.85518417016
158.75 5.90073804106
160.0 5.9463046597
161.25 5.99188368727
162.5 6.03747479794
165.0 6.12869202628
167.5 6.21995397444
170.0 6.31125844315
172.5 6.40260338877
175.0 6.4939869094
177.5 6.58540723245
180.0 6.67686270346
182.5 6.76835177601
185.0 6.85987300262
187.5 6.9514250266
190.0 7.04300657458
192.5 7.13461644979
195.0 7.22625352605
197.5 7.31791674217
200.0 7.40960509696
202.5 7.50131764472
205.0 7.59305349103
207.5 7.68481178899
210.0 7.77659173579
212.5 7.86839256955
215.0 7.96021356643
217.5 8.05205403803
220.0 8.14391332892
222.5 8.2357908145
225.0 8.32768589893
230.0 8.51152661373
235.0 8.69543121474
240.0 8.87939579882
245.0 9.06341677692
250.0 9.24749083875
255.0 9.43161492251
260.0 9.61578618889
265.0 9.80000199858
270.0 9.98425989278
275.0 10.1685575763
280.0 10.3528929026
285.0 10.5372638611
290.0 10.7216685654
295.0 10.9061052433
300.0 11.090572228
305.0 11.2750679499
310.0 11.4595909292
315.0 11.6441397703
320.0 11.8287131549
330.0 12.1979286409
340.0 12.5672282126
350.0 12.9366036505
360.0 13.3060475786
370.0 13.6755533683
380.0 14.045115057
390.0 14.4147272762
400.0 14.7843851899
410.0 15.1540844392
420.0 15.5238210943
430.0 15.8935916111
440.0 16.2633927928
450.0 16.6332217552
460.0 17.0030758962
470.0 17.3729528678
480.0 17.7428505509
490.0 18.1127670331
500.0 18.4827005882
510.0 18.8526496578
520.0 19.2226128351
530.0 19.5925888497
540.0 19.9625765541
550.0 20.3325749118
560.0 20.7025829862
570.0 21.0725999307
580.0 21.44262498
590.0 21.8126574416
600.0 22.1826966893
610.0 22.5527421559
620.0 22.9227933278
630.0 23.2928497396
640.0 23.6629109695
650.0 24.0329766345
660.0 24.4030463871
670.0 24.7731199117
680.0 25.1431969213
690.0 25.5132771546
700.0 25.8833603739
710.0 26.2534463626
720.0 26.623534923
730.0 26.9936258746
740.0 27.3637190525
750.0 27.7338143059
760.0 28.1039114967
770.0 28.4740104983
780.0 28.8441111945
790.0 29.2142134786
800.0 29.5843172525
810.0 29.9544224258
820.0 30.3245289154
830.0 30.6946366444
840.0 31.0647455419
850.0 31.4348555423
860.0 31.8049665848
870.0 32.1750786133
880.0 32.5451915756
890.0 32.915305423
900.0 33.2854201107
910.0 33.6555355965
920.0 34.0256518415
930.0 34.3957688093
940.0 34.7658864657
950.0 35.1360047791
960.0 35.5061237197
970.0 35.8762432598
980.0 36.2463633732
990.0 36.6164840357
1000.0 36.9866052244
1010.0 37.3567269177
1020.0 37.7268490955
1030.0 38.096971739
1040.0 38.4670948302
1050.0 38.8372183525
1060.0 39.2073422901
1070.0 39.5774666283
1080.0 39.9475913531
1090.0 40.3177164514
1100.0 40.6878419109
1110.0 41.05796772
1120.0 41.4280938677
1130.0 41.7982203439
1140.0 42.1683471388
1150.0 42.5384742435
1160.0 42.9086016493
1170.0 43.2787293484
1180.0 43.6488573333
1190.0 44.0189855968
1200.0 44.3891141326
1210.0 44.7592429344
1220.0 45.1293719966
1230.0 45.4995013138
1240.0 45.8696308812
1250.0 46.2397606942
1260.0 46.6098907486
1270.0 46.9800210404
1280.0 47.3501515663
1290.0 47.720282323
1300.0 48.0904133075
1310.0 48.4605445173
1320.0 48.83067595
1330.0 49.2008076036
1340.0 49.5709394764
1350.0 49.9410715668
1360.0 50.3112038735
1370.0 50.6813363956
1380.0 51.0514691323
1390.0 51.4216020832
1400.0 51.7917352479
1410.0 52.1618686264
1420.0 52.532002219
1430.0 52.9021360259
1440.0 53.2722700479
1450.0 53.6424042858
1460.0 54.0125387407
1470.0 54.3826734138
1480.0 54.7528083066
1490.0 55.1229434209
1500.0 55.4930787586
1510.0 55.8632143216
1520.0 56.2333501125
1530.0 56.6034861336
1540.0 56.9736223876
1550.0 57.3437588776
1560.0 57.7138956066
1570.0 58.0840325779
1580.0 58.4541697949
1590.0 58.8243072615
1600.0 59.1944449816
1610.0 59.5645829591
1620.0 59.9347211985
1630.0 60.3048597041
1640.0 60.6749984808
1650.0 61.0451375334
1660.0 61.4152768669
1670.0 61.7854164867
1680.0 62.1555563983
1690.0 62.5256966074
1700.0 62.8958371198
1710.0 63.2659779416
1720.0 63.6361190793
1730.0 64.0062605392
1740.0 64.3764023281
1750.0 64.746544453
1760.0 65.1166869209
1770.0 65.4868297392
1780.0 65.8569729156
1790.0 66.2271164577
1800.0 66.5972603736
1810.0 66.9674046714
1820.0 67.3375493597
1830.0 67.7076944471
1840.0 68.0778399425
1850.0 68.447985855
1860.0 68.8181321939
1870.0 69.1882789687
1880.0 69.5584261894
1890.0 69.928573866
1900.0 70.2987220087
1910.0 70.668870628
1920.0 71.0390197347
1930.0 71.4091693399
1940.0 71.7793194546
1950.0 72.1494700906
1960.0 72.5196212594
1970.0 72.8897729731
1980.0 73.259925244
1990.0 73.6300780846
2000.0 74.0002315076
2010.0 74.3703855261
2020.0 74.7405401534
2030.0 75.110695403
2040.0 75.4808512889
2050.0 75.8510078251
2060.0 76.221165026
2070.0 76.5913229063
2080.0 76.9614814809
2090.0 77.3316407651
2100.0 77.7018007744
2110.0 78.0719615246
2120.0 78.4421230317
2130.0 78.8122853122
2140.0 79.1824483828
2150.0 79.5526122604
2160.0 79.9227769624
2170.0 80.2929425062
2180.0 80.6631089098
2190.0 81.0332761914
2200.0 81.4034443695
2210.0 81.7736134629
2220.0 82.1437834907
2230.0 82.5139544725
2240.0 82.8841264278
2250.0 83.2542993769
2260.0 83.6244733401
2270.0 83.9946483382
2280.0 84.3648243923
2290.0 84.7350015237
2300.0 85.1051797541
2310.0 85.4753591056
2320.0 85.8455396005
2330.0 86.2157212617
2340.0 86.5859041122
2350.0 86.9560881753
2360.0 87.3262734748
2370.0 87.6964600349
2380.0 88.0666478799
2390.0 88.4368370345
2400.0 88.8070275241
2410.0 89.1772193739
2420.0 89.5474126099
2430.0 89.9176072582
2440.0 90.2878033453
2450.0 90.6580008981
2460.0 91.0281999439
2470.0 91.3984005103
2480.0 91.7686026252
2490.0 92.1388063168
2500.0 92.509011614
2510.0 92.8792185456
2520.0 93.2494271411
2530.0 93.6196374302
2540.0 93.9898494431
2550.0 94.36006321
2560.0 94.730278762
2570.0 95.1004961301
2580.0 95.4707153458
2590.0 95.8409364412
2600.0 96.2111594483
2610.0 96.5813843999
2620.0 96.9516113289
2630.0 97.3218402686
2640.0 97.6920712526
2650.0 98.0623043151
2660.0 98.4325394904
2670.0 98.8027768132
2680.0 99.1730163186
2690.0 99.543258042
2700.0 99.9135020193
2710.0 100.283748286
2720.0 100.65399688
2730.0 101.024247837
2740.0 101.394501194
2750.0 101.764756989
2760.0 102.13501526
2770.0 102.505276045
2780.0 102.875539382
2790.0 103.24580531
2800.0 103.616073868
2810.0 103.986345096
2820.0 104.356619033
2830.0 104.72689572
2840.0 105.097175197
2850.0 105.467457505
2860.0 105.837742684
2870.0 106.208030777
2880.0 106.578321823
2890.0 106.948615866
2900.0 107.318912948
2910.0 107.689213111
2920.0 108.059516397
2930.0 108.42982285
2940.0 108.800132513
2950.0 109.170445429
2960.0 109.540761643
2970.0 109.911081198
2980.0 110.281404138
2990.0 110.651730508
3000.0 111.022060353
3010.0 111.392393717
3020.0 111.762730646
3030.0 112.133071185
3040.0 112.50341538
3050.0 112.873763276
3060.0 113.244114919
3070.0 113.614470355
3080.0 113.984829631
3090.0 114.355192794
3100.0 114.725559889
3110.0 115.095930963
3120.0 115.466306064
3130.0 115.836685238
3140.0 116.207068533
3150.0 116.577455995
3160.0 116.947847673
3170.0 117.318243613
3180.0 117.688643863
3190.0 118.059048471
3200.0 118.429457485
3210.0 118.799870951
3220.0 119.170288919
3230.0 119.540711435
3240.0 119.911138548
3250.0 120.281570305
3260.0 120.652006755
3270.0 121.022447945
3280.0 121.392893923
3290.0 121.763344737
3300.0 122.133800434
3310.0 122.504261063
3320.0 122.874726671
3330.0 123.245197305
3340.0 123.615673014
3350.0 123.986153844
3360.0 124.356639843
3370.0 124.727131058
3380.0 125.097627536
3390.0 125.468129324
3400.0 125.838636469
3410.0 126.209149017
3420.0 126.579667015
3430.0 126.950190509
3440.0 127.320719544
3450.0 127.691254167
3460.0 128.061794424
3470.0 128.432340359
3480.0 128.802892017
3490.0 129.173449444
3500.0 129.544012683
3510.0 129.914581779
3520.0 130.285156776
3530.0 130.655737717
3540.0 131.026324645
3550.0 131.396917604
3560.0 131.767516635
3570.0 132.138121781
3580.0 132.508733083
3590.0 132.879350583
3600.0 133.249974321
3610.0 133.620604338
3620.0 133.991240674
3630.0 134.361883367
3640.0 134.732532459
3650.0 135.103187986
3660.0 135.473849986
3670.0 135.844518498
3680.0 136.215193557
3690.0 136.585875202
3700.0 136.956563466
3710.0 137.327258386
3720.0 137.697959996
3730.0 138.06866833
3740.0 138.439383421
3750.0 138.810105303
3760.0 139.180834007
3770.0 139.551569565
3780.0 139.922312008
3790.0 140.293061366
3800.0 140.663817667
3810.0 141.034580942
3820.0 141.405351217
3830.0 141.776128521
3840.0 142.146912879
3850.0 142.517704317
3860.0 142.88850286
3870.0 143.259308532
3880.0 143.630121357
3890.0 144.000941357
3900.0 144.371768554
3910.0 144.742602968
3920.0 145.113444619
3930.0 145.484293527
3940.0 145.85514971
3950.0 146.226013185
3960.0 146.596883969
3970.0 146.967762077
3980.0 147.338647524
3990.0 147.709540322
4000.0 148.080440486
4010.0 148.451348027
4020.0 148.822262956
4030.0 149.193185282
4040.0 149.564115015
4050.0 149.935052162
4060.0 150.30599673
4070.0 150.676948725
4080.0 151.047908152
4090.0 151.418875014
4100.0 151.789849315
4110.0 152.160831056
4120.0 152.531820237
4130.0 152.902816859
4140.0 153.27382092
4150.0 153.644832418
4160.0 154.015851348
4170.0 154.386877706
4180.0 154.757911486
4190.0 155.128952682
4200.0 155.500001286
4210.0 155.871057287
4220.0 156.242120677
4230.0 156.613191444
4240.0 156.984269575
4250.0 157.355355056
4260.0 157.726447874
4270.0 158.097548012
4280.0 158.468655453
4290.0 158.839770179
4300.0 159.210892171
4310.0 159.582021409
4320.0 159.953157871
4330.0 160.324301533
4340.0 160.695452373
4350.0 161.066610366
4360.0 161.437775485
4370.0 161.808947703
4380.0 162.180126991
4390.0 162.551313321
4400.0 162.922506661
4410.0 163.293706979
4420.0 163.664914243
4430.0 164.036128418
4440.0 164.40734947
4450.0 164.778577361
4460.0 165.149812054
4470.0 165.521053511
4480.0 165.892301692
4490.0 166.263556555
4500.0 166.63481806
4510.0 167.006086162
4520.0 167.377360818
4530.0 167.748641982
4540.0 168.119929608
4550.0 168.491223649
4560.0 168.862524055
4570.0 169.233830778
4580.0 169.605143766
4590.0 169.976462968
4600.0 170.347788331
4610.0 170.719119802
4620.0 171.090457325
4630.0 171.461800845
4640.0 171.833150304
4650.0 172.204505646
4660.0 172.57586681
4670.0 172.947233739
4680.0 173.318606369
4690.0 173.689984641
4700.0 174.061368491
4710.0 174.432757855
4720.0 174.80415267
4730.0 175.17555287
4740.0 175.546958388
4750.0 175.918369158
4760.0 176.289785111
4770.0 176.661206179
4780.0 177.032632292
4790.0 177.404063379
4800.0 177.77549937
4810.0 178.146940192
4820.0 178.518385772
4830.0 178.889836038
4840.0 179.261290914
4850.0 179.632750326
4860.0 180.004214198
4870.0 180.375682454
4880.0 180.747155016
4890.0 181.118631797
4900.0 181.490112735
4910.0 181.861597742
4920.0 182.233086738
4930.0 182.604579643
4940.0 182.976076376
4950.0 183.347576856
4960.0 183.719081001
4970.0 184.090588728
4980.0 184.462099956
4990.0 184.833614599
5000.0 185.205132576
5010.0 185.5766538
5020.0 185.948178188
5030.0 186.319705654
5040.0 186.691236113
5050.0 187.062769479
5060.0 187.434305665
5070.0 187.805844585
5080.0 188.177386153
5090.0 188.54893028
5100.0 188.92047688
5110.0 189.292025864
5120.0 189.663577146
5130.0 190.035130636
5140.0 190.406686247
5150.0 190.77824389
5160.0 191.149803476
5170.0 191.521364917
5180.0 191.892928124
5190.0 192.264493008
5200.0 192.63605948
5210.0 193.007627451
5220.0 193.379196833
5230.0 193.750767536
5240.0 194.12233947
5250.0 194.493912549
5260.0 194.865486681
5270.0 195.23706178
5280.0 195.608637755
5290.0 195.98021452
5300.0 196.351791984
5310.0 196.72337006
5320.0 197.09494866
5330.0 197.466527696
5340.0 197.838107081
5350.0 198.209686727
5360.0 198.581266548
5370.0 198.952846455
5380.0 199.324426364
5390.0 199.696006187
5400.0 200.067585839
5410.0 200.439165234
5420.0 200.810744288
5430.0 201.182322916
5440.0 201.553901033
5450.0 201.925478555
5460.0 202.2970554
5470.0 202.668631484
5480.0 203.040206725
5490.0 203.411781041
5500.0 203.783354351
5510.0 204.154926573
5520.0 204.526497628
5530.0 204.898067436
5540.0 205.269635917
5550.0 205.641202993
5560.0 206.012768587
5570.0 206.38433262
5580.0 206.755895016
5590.0 207.1274557
5600.0 207.499014596
5610.0 207.870571628
5620.0 208.242126725
5630.0 208.613679811
5640.0 208.985230816
5650.0 209.356779666
5660.0 209.728326292
5670.0 210.099870622
5680.0 210.471412588
5690.0 210.842952121
5700.0 211.214489153
5710.0 211.586023618
5720.0 211.957555448
5730.0 212.329084579
5740.0 212.700610947
5750.0 213.072134487
5760.0 213.443655137
5770.0 213.815172835
5780.0 214.186687521
5790.0 214.558199133
5800.0 214.929707613
5810.0 215.301212904
5820.0 215.672714946