0.0 0.0
120.0 4.5042605298
120.625 4.52674909386
121.25 4.54924641087
122.5 4.59426661449
123.75 4.6393198067
125.0 4.68440472193
126.25 4.72952015887
127.5 4.77466497658
128.75 4.8198380909
130.0 4.86503847112
131.25 4.91026513678
132.5 4.95551715483
133.75 5.00079363685
135.0 5.04609373653
136.25 5.09141664726
137.5 5.13676159991
138.75 5.18212786076
140.0 5.22751472952
141.25 5.27292153751
142.5 5.31834764596
143.75 5.36379244436
145.0 5.40925534896
146.25 5.45473580139
147.5 5.50023326725
148.75 5.54574723494
150.0 5.59127721441
151.25 5.63682273609
152.5 5.68238334982
153.75 5.72795862391
155.0 5.77354814415
156.25 5.81915151298
157.5 5.86476834866
158.75 5.91039828447
160.0 5.95604096802
161.25 6.0016960605
162.5 6.04736323607
165.0 6.13873259423
167.5 6.23014667221
170.0 6.32160327074
172.5 6.41310034617
175.0 6.50463599662
177.5 6.59620844949
180.0 6.68781605032
182.5 6.77945725268
185.0 6.87113060911
187.5 6.96283476291
190.0 7.0545684407
192.5 7.14633044574
195.0 7.23811965181
197.5 7.32993499774
200.0 7.42177548236
202.5 7.51364015993
205.0 7.60552813606
207.5 7.69743856383
210.0 7.78937064045
212.5 7.88132360403
215.0 7.97329673073
217.5 8.06528933214
220.0 8.15730075285
222.5 8.24933036825
225.0 8.3413775825
230.0 8.52552255693
235.0 8.70973141758
240.0 8.8940002613
245.0 9.07832549903
250.0 9.26270382049
255.0 9.44713216389
260.0 9.63160768991
265.0 9.81612775923
270.0 10.0006899131
275.0 10.1852918562
280.0 10.3699314422
285.0 10.5546066603
290.0 10.7393156242
295.0 10.9240565618
300.0 11.1088278061
305.0 11.2936277876
310.0 11.4784550266
315.0 11.6633081273
320.0 11.8481857715
330.0 12.2180097768
340.0 12.5879178678
350.0 12.957901825
360.0 13.3279542723
370.0 13.6980685813
380.0 14.0682387892
390.0 14.4384595277
400.0 14.8087259606
410.0 15.1790337292
420.0 15.5493789036
430.0 15.9197579397
440.0 16.2901676406
450.0 16.6606051223
460.0 17.0310677826
470.0 17.4015532735
480.0 17.7720594759
490.0 18.1425844773
500.0 18.5131265517
510.0 18.8836841406
520.0 19.2542558372
530.0 19.624840371
540.0 19.9954365947
550.0 20.3660434716
560.0 20.7366600653
570.0 21.1072855291
580.0 21.4779190976
590.0 21.8485600786
600.0 22.2192078455
610.0 22.5898618313
620.0 22.9605215225
630.0 23.3311864536
640.0 23.7018562027
650.0 24.072530387
660.0 24.4432086589
670.0 24.8138907028
680.0 25.1845762316
690.0 25.5552649842
700.0 25.9259567228
710.0 26.2966512308
720.0 26.6673483104
730.0 27.0380477813
740.0 27.4087494785
750.0 27.7794532512
760.0 28.1501589612
770.0 28.5208664821
780.0 28.8915756975
790.0 29.2622865009
800.0 29.632998794
810.0 30.0037124867
820.0 30.3744274955
830.0 30.7451437438
840.0 31.1158611605
850.0 31.4865796802
860.0 31.857299242
870.0 32.2280197898
880.0 32.5987412713
890.0 32.969463638
900.0 33.3401868449
910.0 33.7109108501
920.0 34.0816356143
930.0 34.4523611013
940.0 34.8230872771
950.0 35.1938141097
960.0 35.5645415696
970.0 35.9352696289
980.0 36.3059982617
990.0 36.6767274434
1000.0 37.0474571514
1010.0 37.418187364
1020.0 37.7889180611
1030.0 38.1596492238
1040.0 38.5303808343
1050.0 38.9011128758
1060.0 39.2718453327
1070.0 39.6425781902
1080.0 40.0133114342
1090.0 40.3840450518
1100.0 40.7547790306
1110.0 41.1255133589
1120.0 41.4962480259
1130.0 41.8669830214
1140.0 42.2377183356
1150.0 42.6084539595
1160.0 42.9791898846
1170.0 43.349926103
1180.0 43.7206626071
1190.0 44.0913993899
1200.0 44.462136445
1210.0 44.8328737661
1220.0 45.2036113475
1230.0 45.574349184
1240.0 45.9450872707
1250.0 46.3158256029
1260.0 46.6865641765
1270.0 47.0573029877
1280.0 47.4280420329
1290.0 47.7987813088
1300.0 48.1695208126
1310.0 48.5402605416
1320.0 48.9110004936
1330.0 49.2817406665
1340.0 49.6524810585
1350.0 50.0232216682
1360.0 50.3939624942
1370.0 50.7647035356
1380.0 51.1354447916
1390.0 51.5061862617
1400.0 51.8769279457
1410.0 52.2476698435
1420.0 52.6184119553
1430.0 52.9891542815
1440.0 53.3598968227
1450.0 53.7306395799
1460.0 54.101382554
1470.0 54.4721257464
1480.0 54.8428691586
1490.0 55.2136127921
1500.0 55.584356649
1510.0 55.9551007314
1520.0 56.3258450415
1530.0 56.6965895818
1540.0 57.0673343552
1550.0 57.4380793644
1560.0 57.8088246127
1570.0 58.1795701032
1580.0 58.5503158396
1590.0 58.9210618254
1600.0 59.2918080647
1610.0 59.6625545615
1620.0 60.0333013202
1630.0 60.4040483451
1640.0 60.774795641
1650.0 61.1455432129
1660.0 61.5162910657
1670.0 61.8870392048
1680.0 62.2577876356
1690.0 62.628536364
1700.0 62.9992853956
1710.0 63.3700347368
1720.0 63.7407843937
1730.0 64.1115343729
1740.0 64.4822846811
1750.0 64.8530353252
1760.0 65.2237863124
1770.0 65.59453765
1780.0 65.9652893456
1790.0 66.336041407
1800.0 66.7067938421
1810.0 67.0775466593
1820.0 67.4482998668
1830.0 67.8190534735
1840.0 68.1898074881
1850.0 68.5605619199
1860.0 68.931316778
1870.0 69.3020720722
1880.0 69.6728278122
1890.0 70.043584008
1900.0 70.4143406699
1910.0 70.7850978085
1920.0 71.1558554345
1930.0 71.5266135589
1940.0 71.897372193
1950.0 72.2681313482
1960.0 72.6388910363
1970.0 73.0096512693
1980.0 73.3804120594
1990.0 73.7511734193
2000.0 74.1219353615
2010.0 74.4926978993
2020.0 74.8634610459
2030.0 75.2342248148
2040.0 75.6049892199
2050.0 75.9757542754
2060.0 76.3465199956
2070.0 76.7172863951
2080.0 77.088053489
2090.0 77.4588212925
2100.0 77.829589821
2110.0 78.2003590905
2120.0 78.5711291169
2130.0 78.9418999167
2140.0 79.3126715065
2150.0 79.6834439034
2160.0 80.0542171246
2170.0 80.4249911877
2180.0 80.7957661106
2190.0 81.1665419115
2200.0 81.5373186089
2210.0 81.9080962215
2220.0 82.2788747686
2230.0 82.6496542696
2240.0 83.0204347442
2250.0 83.3912162126
2260.0 83.7619986951
2270.0 84.1327822125
2280.0 84.5035667858
2290.0 84.8743524364
2300.0 85.2451391861
2310.0 85.6159270569
2320.0 85.9867160711
2330.0 86.3575062516
2340.0 86.7282976213
2350.0 87.0990902037
2360.0 87.4698840225
2370.0 87.8406791018
2380.0 88.2114754661
2390.0 88.58227314
2400.0 88.9530721488
2410.0 89.3238725179
2420.0 89.6946742732
2430.0 90.0654774407
2440.0 90.4362820471
2450.0 90.8070881192
2460.0 91.1778956843
2470.0 91.5487047699
2480.0 91.9195154041
2490.0 92.290327615
2500.0 92.6611414314
2510.0 93.0319568823
2520.0 93.4027739971
2530.0 93.7735928055
2540.0 94.1444133376
2550.0 94.5152356238
2560.0 94.886059695
2570.0 95.2568855824
2580.0 95.6277133174
2590.0 95.9985429321
2600.0 96.3693744585
2610.0 96.7402079293
2620.0 97.1110433776
2630.0 97.4818808365
2640.0 97.8527203399
2650.0 98.2235619216
2660.0 98.5944056161
2670.0 98.9652514582
2680.0 99.3360994829
2690.0 99.7069497256
2700.0 100.077802222
2710.0 100.448657009
2720.0 100.819514121
2730.0 101.190373598
2740.0 101.561235474
2750.0 101.932099788
2760.0 102.302966578
2770.0 102.673835882
2780.0 103.044707739
2790.0 103.415582186
2800.0 103.786459263
2810.0 104.157339011
2820.0 104.528221467
2830.0 104.899106674
2840.0 105.26999467
2850.0 105.640885497
2860.0 106.011779195
2870.0 106.382675807
2880.0 106.753575373
2890.0 107.124477935
2900.0 107.495383536
2910.0 107.866292218
2920.0 108.237204024
2930.0 108.608118996
2940.0 108.979037178
2950.0 109.349958614
2960.0 109.720883347
2970.0 110.091811421
2980.0 110.46274288
2990.0 110.83367777
3000.0 111.204616134
3010.0 111.575558017
3020.0 111.946503466
3030.0 112.317452524
3040.0 112.688405238
3050.0 113.059361653
3060.0 113.430321815
3070.0 113.801285771
3080.0 114.172253567
3090.0 114.543225248
3100.0 114.914200862
3110.0 115.285180456
3120.0 115.656164076
3130.0 116.02715177
3140.0 116.398143584
3150.0 116.769139565
3160.0 117.140139762
3170.0 117.511144222
3180.0 117.882152991
3190.0 118.253166118
3200.0 118.624183651
3210.0 118.995205637
3220.0 119.366232124
3230.0 119.737263159
3240.0 120.108298791
3250.0 120.479339068
3260.0 120.850384037
3270.0 121.221433746
3280.0 121.592488243
3290.0 121.963547576
3300.0 122.334611793
3310.0 122.705680941
3320.0 123.076755068
3330.0 123.447834222
3340.0 123.81891845
3350.0 124.190007799
3360.0 124.561102317
3370.0 124.932202052
3380.0 125.303307049
3390.0 125.674417356
3400.0 126.045533021
3410.0 126.416654088
3420.0 126.787780605
3430.0 127.158912618
3440.0 127.530050173
3450.0 127.901193315
3460.0 128.272342091
3470.0 128.643496545
3480.0 129.014656723
3490.0 129.385822669
3500.0 129.756994427
3510.0 130.128172043
3520.0 130.499355559
3530.0 130.870545019
3540.0 131.241740467
3550.0 131.612941944
3560.0 131.984149495
3570.0 132.35536316
3580.0 132.726582981
3590.0 133.097809
3600.0 133.469041258
3610.0 133.840279794
3620.0 134.211524649
3630.0 134.582775862
3640.0 134.954033473
3650.0 135.325297519
3660.0 135.696568039
3670.0 136.06784507
3680.0 136.439128649
3690.0 136.810418812
3700.0 137.181715596
3710.0 137.553019035
3720.0 137.924329164
3730.0 138.295646017
3740.0 138.666969628
3750.0 139.038300029
3760.0 139.409637253
3770.0 139.78098133
3780.0 140.152332292
3790.0 140.523690169
3800.0 140.89505499
3810.0 141.266426784
3820.0 141.637805578
3830.0 142.009191401
3840.0 142.380584278
3850.0 142.751984236
3860.0 143.123391298
3870.0 143.49480549
3880.0 143.866226834
3890.0 144.237655353
3900.0 144.609091069
3910.0 144.980534002
3920.0 145.351984173
3930.0 145.7234416
3940.0 146.094906303
3950.0 146.466378297
3960.0 146.8378576
3970.0 147.209344227
3980.0 147.580838193
3990.0 147.952339511
4000.0 148.323848194
4010.0 148.695364255
4020.0 149.066887703
4030.0 149.438418548
4040.0 149.8099568
4050.0 150.181502466
4060.0 150.553055553
4070.0 150.924616068
4080.0 151.296184014
4090.0 151.667759395
4100.0 152.039342215
4110.0 152.410932476
4120.0 152.782530176
4130.0 153.154135318
4140.0 153.525747898
4150.0 153.897367915
4160.0 154.268995364
4170.0 154.640630241
4180.0 155.012272541
4190.0 155.383922256
4200.0 155.755579379
4210.0 156.1272439
4220.0 156.498915809
4230.0 156.870595095
4240.0 157.242281745
4250.0 157.613975746
4260.0 157.985677083
4270.0 158.35738574
4280.0 158.729101701
4290.0 159.100824946
4300.0 159.472555457
4310.0 159.844293214
4320.0 160.216038195
4330.0 160.587790377
4340.0 160.959549736
4350.0 161.331316248
4360.0 161.703089886
4370.0 162.074870624
4380.0 162.446658431
4390.0 162.81845328
4400.0 163.190255139
4410.0 163.562063977
4420.0 163.93387976
4430.0 164.305702455
4440.0 164.677532026
4450.0 165.049368436
4460.0 165.421211649
4470.0 165.793061625
4480.0 166.164918325
4490.0 166.536781708
4500.0 166.908651731
4510.0 167.280528353
4520.0 167.652411528
4530.0 168.024301211
4540.0 168.396197357
4550.0 168.768099916
4560.0 169.140008842
4570.0 169.511924084
4580.0 169.883845591
4590.0 170.255773313
4600.0 170.627707195
4610.0 170.999647185
4620.0 171.371593228
4630.0 171.743545267
4640.0 172.115503245
4650.0 172.487467106
4660.0 172.85943679
4670.0 173.231412238
4680.0 173.603393387
4690.0 173.975380178
4700.0 174.347372547
4710.0 174.719370431
4720.0 175.091373765
4730.0 175.463382484
4740.0 175.835396522
4750.0 176.207415811
4760.0 176.579440283
4770.0 176.95146987
4780.0 177.323504503
4790.0 177.695544109
4800.0 178.067588619
4810.0 178.439637961
4820.0 178.81169206
4830.0 179.183750845
4840.0 179.55581424
4850.0 179.927882172
4860.0 180.299954563
4870.0 180.672031338
4880.0 181.04411242
4890.0 181.41619772
4900.0 181.788287178
4910.0 182.160380704
4920.0 182.532478219
4930.0 182.904579643
4940.0 183.276684895
4950.0 183.648793894
4960.0 184.020906558
4970.0 184.393022805
4980.0 184.765142552
4990.0 185.137265715
5000.0 185.509392211
5010.0 185.881521954
5020.0 186.253654861
5030.0 186.625790847
5040.0 186.997929825
5050.0 187.37007171
5060.0 187.742216416
5070.0 188.114363855
5080.0 188.486513942
5090.0 188.858666588
5100.0 189.230821707
5110.0 189.602979211
5120.0 189.975139012
5130.0 190.347301021
5140.0 190.719465151
5150.0 191.091631313
5160.0 191.463799419
5170.0 191.835969379
5180.0 192.208141106
5190.0 192.580314509
5200.0 192.9524895
5210.0 193.324665991
5220.0 193.696843892
5230.0 194.069023114
5240.0 194.441203568
5250.0 194.813385165
5260.0 195.185567817
5270.0 195.557751435
5280.0 195.92993593
5290.0 196.302121213
5300.0 196.674307197
5310.0 197.046493792
5320.0 197.418680912
5330.0 197.790868467
5340.0 198.163056371
5350.0 198.535244537
5360.0 198.907432876
5370.0 199.279621303
5380.0 199.651809731
5390.0 200.023998073
5400.0 200.396186244
5410.0 200.768374159
5420.0 201.140561732
5430.0 201.512748879
5440.0 201.884935515
5450.0 202.257121557
5460.0 202.629306921
5470.0 203.001491525
5480.0 203.373675285
5490.0 203.74585812
5500.0 204.118039949
5510.0 204.490220691
5520.0 204.862400265
5530.0 205.234578592
5540.0 205.606755593
5550.0 205.978931188
5560.0 206.351105301
5570.0 206.723277853
5580.0 207.095448769
5590.0 207.467617972
5600.0 207.839785387
5610.0 208.211950939
5620.0 208.584114554
5630.0 208.95627616
5640.0 209.328435684
5650.0 209.700593053
5660.0 210.072748198
5670.0 210.444901048
5680.0 210.817051533
5690.0 211.189199586
5700.0 211.561345137
5710.0 211.933488121
5720.0 212.30562847
5730.0 212.677766121
5740.0 213.049901008
5750.0 213.422033067
5760.0 213.794162236
5770.0 214.166288454
5780.0 214.538411659
5790.0 214.91053179
5800.0 215.28264879
5810.0 215.654762599
5820.0 216.026873161