0.0 0.0
120.0 4.49939207583
120.625 4.52185528265
121.25 4.54432724242
122.5 4.58929673152
123.75 4.63429920918
125.0 4.67933340982
126.25 4.72439813214
127.5 4.76949223519
128.75 4.81461463482
130.0 4.8597643003
131.25 4.90494025119
132.5 4.95014155444
133.75 4.99536732161
135.0 5.04061670641
136.25 5.08588890221
137.5 5.1311831399
138.75 5.17649868575
140.0 5.22183483948
141.25 5.2671909324
142.5 5.31256632573
143.75 5.35796040897
145.0 5.40337259838
146.25 5.44880233557
147.5 5.49424908617
148.75 5.53971233854
150.0 5.58519160265
151.25 5.63068640893
152.5 5.67619630723
153.75 5.72172086584
155.0 5.76725967056
156.25 5.81281232382
157.5 5.8583784439
158.75 5.90395766406
160.0 5.94954963192
161.25 5.99515400867
162.5 6.04077046847
165.0 6.13203839494
167.5 6.22335104105
170.0 6.31470620755
172.5 6.40610185076
175.0 6.49753606881
177.5 6.58900708909
180.0 6.68051325714
182.5 6.77205302654
185.0 6.86362494982
187.5 6.95522767027
190.0 7.04685991451
192.5 7.13852048581
195.0 7.23020825794
197.5 7.32192216972
200.0 7.41366121998
202.5 7.50542446299
205.0 7.59721100434
207.5 7.68901999713
210.0 7.78085063855
212.5 7.87270216671
215.0 7.96457385777
217.5 8.05646502331
220.0 8.14837500793
222.5 8.24030318701
225.0 8.3322489647
230.0 8.51619106533
235.0 8.70019705121
240.0 8.88426301918
245.0 9.06838538016
250.0 9.25256082384
255.0 9.43678628841
260.0 9.62105893452
265.0 9.80537612283
270.0 9.98973539453
275.0 10.1741344544
280.0 10.3585711559
285.0 10.5430434883
290.0 10.7275495653
295.0 10.9120876148
300.0 11.0966559697
305.0 11.2812530604
310.0 11.4658774073
315.0 11.6505276144
320.0 11.8352023638
330.0 12.2046205749
340.0 12.5741228657
350.0 12.9437010164
360.0 13.3133476507
370.0 13.6830561398
380.0 14.0528205206
390.0 14.4226354246
400.0 14.7924960151
410.0 15.1623979332
420.0 15.5323372486
430.0 15.9023104168
440.0 16.2723142405
450.0 16.6423458355
460.0 17.012402599
470.0 17.3824821825
480.0 17.7525824666
490.0 18.1227015385
500.0 18.4928376714
510.0 18.8629893065
520.0 19.2331550365
530.0 19.6033335903
540.0 19.9735238201
550.0 20.3437246886
560.0 20.7139352588
570.0 21.0841546834
580.0 21.4543821964
590.0 21.8246171049
600.0 22.1948587817
610.0 22.565106659
620.0 22.9353602226
630.0 23.3056190063
640.0 23.6758825874
650.0 24.0461505823
660.0 24.4164226426
670.0 24.7866984517
680.0 25.1569777217
690.0 25.5272601907
700.0 25.8975456197
710.0 26.2678337913
720.0 26.6381245066
730.0 27.0084175843
740.0 27.3787128582
750.0 27.7490101766
760.0 28.1193093999
770.0 28.4896104006
780.0 28.8599130611
790.0 29.2302172735
800.0 29.6005229383
810.0 29.9708299638
820.0 30.3411382655
830.0 30.7114477649
840.0 31.0817583898
850.0 31.4520700729
860.0 31.822382752
870.0 32.192696369
880.0 32.5630108702
890.0 32.9333262052
900.0 33.3036423272
910.0 33.6739591924
920.0 34.0442767597
930.0 34.4145949907
940.0 34.7849138494
950.0 35.1552333019
960.0 35.5255533163
970.0 35.8958738626
980.0 36.2661949123
990.0 36.6365164388
1000.0 37.0068384166
1010.0 37.3771608219
1020.0 37.7474836317
1030.0 38.1178068246
1040.0 38.4881303799
1050.0 38.8584542781
1060.0 39.2287785005
1070.0 39.5991030292
1080.0 39.9694278473
1090.0 40.3397529384
1100.0 40.710078287
1110.0 41.080403878
1120.0 41.4507296971
1130.0 41.8210557304
1140.0 42.1913819646
1150.0 42.5617083868
1160.0 42.9320349846
1170.0 43.3023617461
1180.0 43.6726886595
1190.0 44.0430157138
1200.0 44.413342898
1210.0 44.7836702015
1220.0 45.153997614
1230.0 45.5243251254
1240.0 45.8946527261
1250.0 46.2649804064
1260.0 46.6353081571
1270.0 47.005635969
1280.0 47.3759638333
1290.0 47.7462917411
1300.0 48.1166196838
1310.0 48.4869476531
1320.0 48.8572756405
1330.0 49.227603638
1340.0 49.5979316374
1350.0 49.9682596307
1360.0 50.3385876101
1370.0 50.7089155677
1380.0 51.0792434959
1390.0 51.4495713869
1400.0 51.8198992331
1410.0 52.1902270269
1420.0 52.5605547609
1430.0 52.9308824275
1440.0 53.3012100192
1450.0 53.6715375286
1460.0 54.0418649482
1470.0 54.4121922705
1480.0 54.7825194882
1490.0 55.1528465937
1500.0 55.5231735795
1510.0 55.8935004382
1520.0 56.2638271622
1530.0 56.634153744
1540.0 57.0044801759
1550.0 57.3748064502
1560.0 57.7451325594
1570.0 58.1154584956
1580.0 58.485784251
1590.0 58.8561098177
1600.0 59.2264351878
1610.0 59.5967603533
1620.0 59.967085306
1630.0 60.3374100377
1640.0 60.7077345402
1650.0 61.0780588051
1660.0 61.448382824
1670.0 61.8187065881
1680.0 62.189030089
1690.0 62.5593533177
1700.0 62.9296762653
1710.0 63.2999989229
1720.0 63.6703212814
1730.0 64.0406433313
1740.0 64.4109650633
1750.0 64.7812864679
1760.0 65.1516075354
1770.0 65.5219282559
1780.0 65.8922486196
1790.0 66.2625686161
1800.0 66.6328882354
1810.0 67.0032074669
1820.0 67.3735263
1830.0 67.743844724
1840.0 68.1141627279
1850.0 68.4844803006
1860.0 68.8547974309
1870.0 69.2251141072
1880.0 69.5954303179
1890.0 69.9657460511
1900.0 70.3360612949
1910.0 70.7063760369
1920.0 71.0766902647
1930.0 71.4470039657
1940.0 71.8173171271
1950.0 72.1876297357
1960.0 72.5579417784
1970.0 72.9282532416
1980.0 73.2985641116
1990.0 73.6688743745
2000.0 74.0391840161
2010.0 74.409493022
2020.0 74.7798013776
2030.0 75.1501090681
2040.0 75.5204160782
2050.0 75.8907223928
2060.0 76.2610279961
2070.0 76.6313328723
2080.0 77.0016370053
2090.0 77.3719403788
2100.0 77.742242976
2110.0 78.1125447802
2120.0 78.4828457742
2130.0 78.8531459404
2140.0 79.2234452613
2150.0 79.5937437189
2160.0 79.9640412948
2170.0 80.3343379706
2180.0 80.7046337274
2190.0 81.0749285461
2200.0 81.4452224073
2210.0 81.8155152912
2220.0 82.185807178
2230.0 82.5560980473
2240.0 82.9263878784
2250.0 83.2966766506
2260.0 83.6669643425
2270.0 84.0372509327
2280.0 84.4075363993
2290.0 84.7778207202
2300.0 85.1481038728
2310.0 85.5183858345
2320.0 85.8886665821
2330.0 86.2589460922
2340.0 86.6292243409
2350.0 86.9995013044
2360.0 87.369776958
2370.0 87.7400512771
2380.0 88.1103242366
2390.0 88.480595811
2400.0 88.8508659747
2410.0 89.2211347015
2420.0 89.5914019649
2430.0 89.9616677383
2440.0 90.3319319945
2450.0 90.7021947061
2460.0 91.0724558451
2470.0 91.4427153835
2480.0 91.8129732928
2490.0 92.1832295442
2500.0 92.5534841083
2510.0 92.9237369557
2520.0 93.2939880565
2530.0 93.6642373804
2540.0 94.0344848969
2550.0 94.4047305749
2560.0 94.7749743831
2570.0 95.14521629
2580.0 95.5154562634
2590.0 95.8856942711
2600.0 96.2559302802
2610.0 96.6261642579
2620.0 96.9963961705
2630.0 97.3666259844
2640.0 97.7368536655
2650.0 98.1070791792
2660.0 98.4773024908
2670.0 98.8475235651
2680.0 99.2177423665
2690.0 99.5879588594
2700.0 99.9581730074
2710.0 100.328384774
2720.0 100.698594122
2730.0 101.068801015
2740.0 101.439005415
2750.0 101.809207284
2760.0 102.179406584
2770.0 102.549603277
2780.0 102.919797323
2790.0 103.289988683
2800.0 103.660177318
2810.0 104.030363188
2820.0 104.400546254
2830.0 104.770726473
2840.0 105.140903806
2850.0 105.511078212
2860.0 105.88124965
2870.0 106.251418077
2880.0 106.621583452
2890.0 106.991745732
2900.0 107.361904876
2910.0 107.732060839
2920.0 108.10221358
2930.0 108.472363055
2940.0 108.842509221
2950.0 109.212652033
2960.0 109.582791447
2970.0 109.95292742
2980.0 110.323059906
2990.0 110.693188861
3000.0 111.06331424
3010.0 111.433435997
3020.0 111.803554088
3030.0 112.173668466
3040.0 112.543779086
3050.0 112.913885901
3060.0 113.283988865
3070.0 113.654087933
3080.0 114.024183057
3090.0 114.39427419
3100.0 114.764361287
3110.0 115.134444299
3120.0 115.504523179
3130.0 115.874597881
3140.0 116.244668356
3150.0 116.614734558
3160.0 116.984796439
3170.0 117.35485395
3180.0 117.724907044
3190.0 118.094955674
3200.0 118.464999791
3210.0 118.835039347
3220.0 119.205074294
3230.0 119.575104584
3240.0 119.945130169
3250.0 120.315151001
3260.0 120.685167032
3270.0 121.055178213
3280.0 121.425184497
3290.0 121.795185835
3300.0 122.16518218
3310.0 122.535173483
3320.0 122.905159696
3330.0 123.275140772
3340.0 123.645116662
3350.0 124.01508732
3360.0 124.385052697
3370.0 124.755012746
3380.0 125.12496742
3390.0 125.494916672
3400.0 125.864860455
3410.0 126.234798721
3420.0 126.604731425
3430.0 126.974658519
3440.0 127.344579957
3450.0 127.714495695
3460.0 128.084405684
3470.0 128.454309881
3480.0 128.82420824
3490.0 129.194100716
3500.0 129.563987264
3510.0 129.93386784
3520.0 130.303742399
3530.0 130.673610899
3540.0 131.043473295
3550.0 131.413329544
3560.0 131.783179604
3570.0 132.153023432
3580.0 132.522860987
3590.0 132.892692227
3600.0 133.262517111
3610.0 133.632335599
3620.0 134.002147649
3630.0 134.371953223
3640.0 134.741752281
3650.0 135.111544785
3660.0 135.481330695
3670.0 135.851109976
3680.0 136.220882588
3690.0 136.590648497
3700.0 136.960407665
3710.0 137.330160057
3720.0 137.699905638
3730.0 138.069644375
3740.0 138.439376233
3750.0 138.809101179
3760.0 139.178819182
3770.0 139.548530208
3780.0 139.918234228
3790.0 140.287931211
3800.0 140.657621127
3810.0 141.027303947
3820.0 141.396979644
3830.0 141.766648189
3840.0 142.136309556
3850.0 142.505963719
3860.0 142.875610653
3870.0 143.245250333
3880.0 143.614882737
3890.0 143.98450784
3900.0 144.354125622
3910.0 144.723736061
3920.0 145.093339137
3930.0 145.46293483
3940.0 145.832523122
3950.0 146.202103996
3960.0 146.571677435
3970.0 146.941243423
3980.0 147.310801945
3990.0 147.680352987
4000.0 148.049896536
4010.0 148.419432581
4020.0 148.78896111
4030.0 149.158482113
4040.0 149.52799558
4050.0 149.897501505
4060.0 150.266999879
4070.0 150.636490697
4080.0 151.005973953
4090.0 151.375449644
4100.0 151.744917766
4110.0 152.114378318
4120.0 152.483831297
4130.0 152.853276706
4140.0 153.222714544
4150.0 153.592144815
4160.0 153.96156752
4170.0 154.330982666
4180.0 154.700390257
4190.0 155.069790299
4200.0 155.439182802
4210.0 155.808567773
4220.0 156.177945222
4230.0 156.547315161
4240.0 156.916677601
4250.0 157.286032557
4260.0 157.655380041
4270.0 158.024720071
4280.0 158.394052662
4290.0 158.763377833
4300.0 159.132695602
4310.0 159.50200599
4320.0 159.871309017
4330.0 160.240604707
4340.0 160.609893083
4350.0 160.979174169
4360.0 161.348447991
4370.0 161.717714576
4380.0 162.086973953
4390.0 162.456226151
4400.0 162.825471199
4410.0 163.19470913
4420.0 163.563939977
4430.0 163.933163773
4440.0 164.302380552
4450.0 164.671590352
4460.0 165.04079321
4470.0 165.409989163
4480.0 165.779178251
4490.0 166.148360515
4500.0 166.517535997
4510.0 166.886704739
4520.0 167.255866785
4530.0 167.62502218
4540.0 167.99417097
4550.0 168.363313203
4560.0 168.732448927
4570.0 169.10157819
4580.0 169.470701044
4590.0 169.839817539
4600.0 170.208927729
4610.0 170.578031666
4620.0 170.947129405
4630.0 171.316221002
4640.0 171.685306513
4650.0 172.054385995
4660.0 172.423459508
4670.0 172.79252711
4680.0 173.161588862
4690.0 173.530644825
4700.0 173.899695062
4710.0 174.268739636
4720.0 174.637778611
4730.0 175.006812051
4740.0 175.375840024
4750.0 175.744862595
4760.0 176.113879833
4770.0 176.482891806
4780.0 176.851898582
4790.0 177.220900233
4800.0 177.589896829
4810.0 177.958888441
4820.0 178.327875143
4830.0 178.696857007
4840.0 179.065834107
4850.0 179.434806519
4860.0 179.803774316
4870.0 180.172737575
4880.0 180.541696372
4890.0 180.910650796
4900.0 181.279600908
4910.0 181.648546796
4920.0 182.017488538
4930.0 182.386426214
4940.0 182.755359906
4950.0 183.124289693
4960.0 183.493215658
4970.0 183.862137881
4980.0 184.231056447
4990.0 184.599971437
5000.0 184.968882935
5010.0 185.337791025
5020.0 185.706695791
5030.0 186.075597319
5040.0 186.444495693
5050.0 186.813390998
5060.0 187.182283321
5070.0 187.551172748
5080.0 187.920059365
5090.0 188.288943259
5100.0 188.657824516
5110.0 189.026703225
5120.0 189.395579472
5130.0 189.764453346
5140.0 190.133324934
5150.0 190.502194323
5160.0 190.871061603
5170.0 191.239926861
5180.0 191.608790186
5190.0 191.977651666
5200.0 192.34651139
5210.0 192.715369445
5220.0 193.084225922
5230.0 193.453080907
5240.0 193.82193449
5250.0 194.190786759
5260.0 194.559637802
5270.0 194.928487708
5280.0 195.297336565
5290.0 195.66618446
5300.0 196.035031482
5310.0 196.403877718
5320.0 196.772723256
5330.0 197.141568183
5340.0 197.510412586
5350.0 197.879256552
5360.0 198.248100167
5370.0 198.616943518
5380.0 198.98578669
5390.0 199.35462977
5400.0 199.723472842
5410.0 200.092315991
5420.0 200.461159303
5430.0 200.83000286
5440.0 201.198846746
5450.0 201.567691046
5460.0 201.936535841
5470.0 202.305381214
5480.0 202.674227246
5490.0 203.04307402
5500.0 203.411921615
5510.0 203.780770113
5520.0 204.149619592
5530.0 204.518470132
5540.0 204.887321811
5550.0 205.256174707
5560.0 205.625028898
5570.0 205.993884459
5580.0 206.362741468
5590.0 206.731599999
5600.0 207.100460126
5610.0 207.469321925
5620.0 207.838185468
5630.0 208.207050827
5640.0 208.575918074
5650.0 208.944787281
5660.0 209.313658517
5670.0 209.682531852
5680.0 210.051407354
5690.0 210.420285092
5700.0 210.789165132
5710.0 211.158047541
5720.0 211.526932383
5730.0 211.895819724
5740.0 212.264709628
5750.0 212.633602156
5760.0 213.002497371
5770.0 213.371395334
5780.0 213.740296104
5790.0 214.109199742
5800.0 214.478106306
5810.0 214.847015852
5820.0 215.215928438