0.0 0.0
120.0 4.49384238009
120.625 4.51627668224
121.25 4.53871973735
122.5 4.58363141712
123.75 4.62857608545
125.0 4.67355247676
126.25 4.71855938975
127.5 4.76359568347
128.75 4.80866027377
130.0 4.85375212991
131.25 4.89887027148
132.5 4.94401376539
133.75 4.98918172324
135.0 5.0343732987
136.25 5.07958768518
137.5 5.12482411354
138.75 5.17008185005
140.0 5.21536019445
141.25 5.26065847804
142.5 5.30597606204
143.75 5.35131233595
145.0 5.39666671603
146.25 5.44203864389
147.5 5.48742758515
148.75 5.53283302819
150.0 5.57825448298
151.25 5.62369147993
152.5 5.6691435689
153.75 5.71461031817
155.0 5.76009131356
156.25 5.8055861575
157.5 5.85109446824
158.75 5.89661587907
160.0 5.9421500376
161.25 5.98769660502
162.5 6.03325525548
165.0 6.1244075633
167.5 6.21560459075
170.0 6.30684413858
172.5 6.39812416314
175.0 6.48944276252
177.5 6.58079816414
180.0 6.67218871353
182.5 6.76361286427
185.0 6.85506916889
187.5 6.94655627068
190.0 7.03807289626
192.5 7.12961784889
195.0 7.22119000236
197.5 7.31278829548
200.0 7.40441172708
202.5 7.49605935143
205.0 7.58773027412
207.5 7.67942364825
210.0 7.771138671
212.5 7.8628745805
215.0 7.9546306529
217.5 8.04640619978
220.0 8.13820056574
222.5 8.23001312616
225.0 8.32184328519
230.0 8.5055541485
235.0 8.68932889705
240.0 8.8731636277
245.0 9.05705475136
250.0 9.24099895772
255.0 9.42499318496
260.0 9.60903459375
265.0 9.79312054474
270.0 9.97724857912
275.0 10.1614164016
280.0 10.3456218658
285.0 10.5298629609
290.0 10.7141378006
295.0 10.8984446127
300.0 11.0827817303
305.0 11.2671475837
310.0 11.4515406933
315.0 11.6359596631
320.0 11.8204031751
330.0 12.1893589116
340.0 12.5583987278
350.0 12.9275144038
360.0 13.2966985635
370.0 13.6659445779
380.0 14.0352464841
390.0 14.4045989134
400.0 14.7739970293
410.0 15.1434364727
420.0 15.5129133135
430.0 15.882424007
440.0 16.2519653562
450.0 16.6215344764
460.0 16.9911287653
470.0 17.3607458742
480.0 17.7303836837
490.0 18.1000402809
500.0 18.4697139391
510.0 18.8394030996
520.0 19.209106355
530.0 19.5788224342
540.0 19.9485501893
550.0 20.3182885832
560.0 20.6880366787
570.0 21.0577936286
580.0 21.427558667
590.0 21.7973311008
600.0 22.1671103029
610.0 22.5368957057
620.0 22.9066867946
630.0 23.2764831037
640.0 23.6462842102
650.0 24.0160897304
660.0 24.385899316
670.0 24.7557126505
680.0 25.1255294459
690.0 25.4953494402
700.0 25.8651723946
710.0 26.2349980915
720.0 26.6048263322
730.0 26.9746569352
740.0 27.3444897345
750.0 27.7143245782
760.0 28.0841613269
770.0 28.4539998529
780.0 28.8238400388
790.0 29.1936817765
800.0 29.5635249667
810.0 29.9333695176
820.0 30.3032153446
830.0 30.6730623694
840.0 31.0429105196
850.0 31.4127597281
860.0 31.7826099325
870.0 32.1524610749
880.0 32.5223131014
890.0 32.8921659618
900.0 33.2620196092
910.0 33.6318739997
920.0 34.0017290924
930.0 34.3715848487
940.0 34.7414412328
950.0 35.1112982107
960.0 35.4811557504
970.0 35.851013822
980.0 36.2208723971
990.0 36.5907314489
1000.0 36.9605909521
1010.0 37.3304508827
1020.0 37.7003112179
1030.0 38.0701719362
1040.0 38.4400330168
1050.0 38.8098944404
1060.0 39.1797561881
1070.0 39.5496182422
1080.0 39.9194805856
1090.0 40.2893432021
1100.0 40.6592060761
1110.0 41.0290691924
1120.0 41.3989325369
1130.0 41.7687960955
1140.0 42.138659855
1150.0 42.5085238026
1160.0 42.8783879258
1170.0 43.2482522126
1180.0 43.6181166514
1190.0 43.9879812311
1200.0 44.3578459406
1210.0 44.7277107694
1220.0 45.0975757073
1230.0 45.4674407441
1240.0 45.8373058701
1250.0 46.2071710758
1260.0 46.5770363518
1270.0 46.9469016891
1280.0 47.3167670787
1290.0 47.6866325118
1300.0 48.05649798
1310.0 48.4263634746
1320.0 48.7962289874
1330.0 49.1660945102
1340.0 49.5359600349
1350.0 49.9058255536
1360.0 50.2756910584
1370.0 50.6455565414
1380.0 51.0154219949
1390.0 51.3852874112
1400.0 51.7551527828
1410.0 52.125018102
1420.0 52.4948833613
1430.0 52.8647485532
1440.0 53.2346136703
1450.0 53.604478705
1460.0 53.97434365
1470.0 54.3442084977
1480.0 54.7140732407
1490.0 55.0839378716
1500.0 55.4538023828
1510.0 55.8236667668
1520.0 56.1935310162
1530.0 56.5633951233
1540.0 56.9332590805
1550.0 57.3031228803
1560.0 57.6729865148
1570.0 58.0428499763
1580.0 58.4127132571
1590.0 58.7825763492
1600.0 59.1524392446
1610.0 59.5223019354
1620.0 59.8921644135
1630.0 60.2620266706
1640.0 60.6318886985
1650.0 61.0017504887
1660.0 61.3716120329
1670.0 61.7414733224
1680.0 62.1113343486
1690.0 62.4811951026
1700.0 62.8510555757
1710.0 63.2209157586
1720.0 63.5907756424
1730.0 63.9606352177
1740.0 64.3304944751
1750.0 64.700353405
1760.0 65.0702119979
1770.0 65.4400702438
1780.0 65.8099281327
1790.0 66.1797856547
1800.0 66.5496427993
1810.0 66.9194995561
1820.0 67.2893559146
1830.0 67.659211864
1840.0 68.0290673932
1850.0 68.3989224913
1860.0 68.7687771469
1870.0 69.1386313486
1880.0 69.5084850846
1890.0 69.8783383432
1900.0 70.2481911123
1910.0 70.6180433796
1920.0 70.9878951328
1930.0 71.3577463592
1940.0 71.7275970459
1950.0 72.0974471799
1960.0 72.4672967479
1970.0 72.8371457365
1980.0 73.2069941319
1990.0 73.5768419201
2000.0 73.9466890871
2010.0 74.3165356183
2020.0 74.6863814993
2030.0 75.0562267151
2040.0 75.4260712507
2050.0 75.7959150906
2060.0 76.1657582192
2070.0 76.5356006208
2080.0 76.9054422792
2090.0 77.275283178
2100.0 77.6451233006
2110.0 78.0149626301
2120.0 78.3848011494
2130.0 78.754638841
2140.0 79.1244756873
2150.0 79.4943116702
2160.0 79.8641467715
2170.0 80.2339809726
2180.0 80.6038142548
2190.0 80.9736465988
2200.0 81.3434779854
2210.0 81.7133083947
2220.0 82.0831378068
2230.0 82.4529662014
2240.0 82.822793558
2250.0 83.1926198555
2260.0 83.5624450727
2270.0 83.9322691883
2280.0 84.3020921802
2290.0 84.6719140264
2300.0 85.0417347045
2310.0 85.4115541915
2320.0 85.7813724644
2330.0 86.1511894999
2340.0 86.521005274
2350.0 86.8908197628
2360.0 87.2606329418
2370.0 87.6304447862
2380.0 88.000255271
2390.0 88.3700643708
2400.0 88.7398720599
2410.0 89.109678312
2420.0 89.4794831008
2430.0 89.8492863996
2440.0 90.2190881811
2450.0 90.588888418
2460.0 90.9586870824
2470.0 91.3284841462
2480.0 91.6982795809
2490.0 92.0680733576
2500.0 92.4378654471
2510.0 92.8076558198
2520.0 93.177444446
2530.0 93.5472312952
2540.0 93.917016337
2550.0 94.2867995404
2560.0 94.656580874
2570.0 95.0263603062
2580.0 95.396137805
2590.0 95.765913338
2600.0 96.1356868725
2610.0 96.5054583755
2620.0 96.8752278135
2630.0 97.2449951528
2640.0 97.6147603592
2650.0 97.9845233982
2660.0 98.3542842352
2670.0 98.7240428348
2680.0 99.0937991617
2690.0 99.4635531799
2700.0 99.8333048532
2710.0 100.203054145
2720.0 100.572801019
2730.0 100.942545437
2740.0 101.312287363
2750.0 101.682026757
2760.0 102.051763582
2770.0 102.4214978
2780.0 102.791229371
2790.0 103.160958257
2800.0 103.530684418
2810.0 103.900407813
2820.0 104.270128404
2830.0 104.639846149
2840.0 105.009561007
2850.0 105.379272939
2860.0 105.748981901
2870.0 106.118687854
2880.0 106.488390754
2890.0 106.85809056
2900.0 107.227787229
2910.0 107.597480718
2920.0 107.967170984
2930.0 108.336857984
2940.0 108.706541675
2950.0 109.076222013
2960.0 109.445898952
2970.0 109.81557245
2980.0 110.185242462
2990.0 110.554908942
3000.0 110.924571846
3010.0 111.294231129
3020.0 111.663886745
3030.0 112.033538648
3040.0 112.403186793
3050.0 112.772831134
3060.0 113.142471624
3070.0 113.512108217
3080.0 113.881740866
3090.0 114.251369525
3100.0 114.620994147
3110.0 114.990614684
3120.0 115.36023109
3130.0 115.729843317
3140.0 116.099451318
3150.0 116.469055045
3160.0 116.838654451
3170.0 117.208249487
3180.0 117.577840107
3190.0 117.947426262
3200.0 118.317007904
3210.0 118.686584986
3220.0 119.056157458
3230.0 119.425725274
3240.0 119.795288384
3250.0 120.164846742
3260.0 120.534400298
3270.0 120.903949005
3280.0 121.273492814
3290.0 121.643031677
3300.0 122.012565547
3310.0 122.382094375
3320.0 122.751618114
3330.0 123.121136715
3340.0 123.490650131
3350.0 123.860158314
3360.0 124.229661216
3370.0 124.599158791
3380.0 124.96865099
3390.0 125.338137768
3400.0 125.707619075
3410.0 126.077094867
3420.0 126.446565096
3430.0 126.816029715
3440.0 127.18548868
3450.0 127.554941942
3460.0 127.924389457
3470.0 128.29383118
3480.0 128.663267064
3490.0 129.032697065
3500.0 129.402121138
3510.0 129.771539239
3520.0 130.140951324
3530.0 130.510357349
3540.0 130.87975727
3550.0 131.249151045
3560.0 131.61853863
3570.0 131.987919984
3580.0 132.357295064
3590.0 132.72666383
3600.0 133.096026239
3610.0 133.465382252
3620.0 133.834731828
3630.0 134.204074927
3640.0 134.57341151
3650.0 134.942741539
3660.0 135.312064975
3670.0 135.681381781
3680.0 136.050691919
3690.0 136.419995353
3700.0 136.789292046
3710.0 137.158581963
3720.0 137.52786507
3730.0 137.897141332
3740.0 138.266410716
3750.0 138.635673187
3760.0 139.004928715
3770.0 139.374177267
3780.0 139.743418812
3790.0 140.11265332
3800.0 140.481880762
3810.0 140.851101108
3820.0 141.220314329
3830.0 141.5895204
3840.0 141.958719292
3850.0 142.327910981
3860.0 142.69709544
3870.0 143.066272646
3880.0 143.435442574
3890.0 143.804605203
3900.0 144.17376051
3910.0 144.542908475
3920.0 144.912049076
3930.0 145.281182294
3940.0 145.650308112
3950.0 146.019426512
3960.0 146.388537476
3970.0 146.757640989
3980.0 147.126737036
3990.0 147.495825604
4000.0 147.864906678
4010.0 148.233980248
4020.0 148.603046303
4030.0 148.972104831
4040.0 149.341155824
4050.0 149.710199274
4060.0 150.079235173
4070.0 150.448263516
4080.0 150.817284298
4090.0 151.186297514
4100.0 151.555303162
4110.0 151.924301238
4120.0 152.293291744
4130.0 152.662274678
4140.0 153.031250041
4150.0 153.400217837
4160.0 153.769178068
4170.0 154.138130739
4180.0 154.507075855
4190.0 154.876013423
4200.0 155.244943451
4210.0 155.613865947
4220.0 155.982780922
4230.0 156.351688386
4240.0 156.720588352
4250.0 157.089480832
4260.0 157.458365843
4270.0 157.827243398
4280.0 158.196113514
4290.0 158.56497621
4300.0 158.933831505
4310.0 159.302679418
4320.0 159.671519971
4330.0 160.040353186
4340.0 160.409179087
4350.0 160.777997698
4360.0 161.146809046
4370.0 161.515613156
4380.0 161.884410059
4390.0 162.253199782
4400.0 162.621982355
4410.0 162.990757812
4420.0 163.359526184
4430.0 163.728287505
4440.0 164.09704181
4450.0 164.465789135
4460.0 164.834529518
4470.0 165.203262996
4480.0 165.57198961
4490.0 165.940709399
4500.0 166.309422406
4510.0 166.678128674
4520.0 167.046828245
4530.0 167.415521166
4540.0 167.784207482
4550.0 168.15288724
4560.0 168.521560489
4570.0 168.890227278
4580.0 169.258887657
4590.0 169.627541677
4600.0 169.996189392
4610.0 170.364830855
4620.0 170.733466119
4630.0 171.102095241
4640.0 171.470718277
4650.0 171.839335285
4660.0 172.207946323
4670.0 172.57655145
4680.0 172.945150728
4690.0 173.313744216
4700.0 173.682331979
4710.0 174.050914078
4720.0 174.419490578
4730.0 174.788061544
4740.0 175.156627042
4750.0 175.525187139
4760.0 175.893741902
4770.0 176.2622914
4780.0 176.630835702
4790.0 176.999374878
4800.0 177.367908999
4810.0 177.736438137
4820.0 178.104962364
4830.0 178.473481754
4840.0 178.841996379
4850.0 179.210506316
4860.0 179.579011638
4870.0 179.947512423
4880.0 180.316008745
4890.0 180.684500695
4900.0 181.052988332
4910.0 181.421471745
4920.0 181.789951012
4930.0 182.158426214
4940.0 182.526897431
4950.0 182.895364744
4960.0 183.263828234
4970.0 183.632287983
4980.0 184.000744073
4990.0 184.369196589
5000.0 184.737645612
5010.0 185.106091228
5020.0 185.474533519
5030.0 185.842972572
5040.0 186.211408472
5050.0 186.579841303
5060.0 186.948271151
5070.0 187.316698103
5080.0 187.685122245
5090.0 188.053543664
5100.0 188.421962447
5110.0 188.790378682
5120.0 189.158792454
5130.0 189.527203853
5140.0 189.895612966
5150.0 190.264019881
5160.0 190.632424686
5170.0 191.00082747
5180.0 191.36922832
5190.0 191.737627325
5200.0 192.106024574
5210.0 192.474420155
5220.0 192.842814157
5230.0 193.211206668
5240.0 193.579597776
5250.0 193.94798757
5260.0 194.316376139
5270.0 194.68476357
5280.0 195.053149952
5290.0 195.421535373
5300.0 195.78991992
5310.0 196.158303681
5320.0 196.526686745
5330.0 196.895069197
5340.0 197.263451125
5350.0 197.631832616
5360.0 198.000213757
5370.0 198.368594633
5380.0 198.736975331
5390.0 199.105355936
5400.0 199.473736534
5410.0 199.842117208
5420.0 200.210498045
5430.0 200.578879127
5440.0 200.947260539
5450.0 201.315642364
5460.0 201.684024685
5470.0 202.052407583
5480.0 202.420791141
5490.0 202.78917544
5500.0 203.157560561
5510.0 203.525946583
5520.0 203.894333588
5530.0 204.262721653
5540.0 204.631110857
5550.0 204.999501279
5560.0 205.367892995
5570.0 205.736286082
5580.0 206.104680616
5590.0 206.473076672
5600.0 206.841474325
5610.0 207.209873649
5620.0 207.578274717
5630.0 207.946677602
5640.0 208.315082374
5650.0 208.683489106
5660.0 209.051897868
5670.0 209.420308728
5680.0 209.788721756
5690.0 210.157137019
5700.0 210.525554584
5710.0 210.893974518
5720.0 211.262396886
5730.0 211.630821753
5740.0 211.999249181
5750.0 212.367679235
5760.0 212.736111975
5770.0 213.104547463
5780.0 213.47298576
5790.0 213.841426923
5800.0 214.209871012
5810.0 214.578318084
5820.0 214.946768195