0.0 0.0
120.0 4.49921925636
120.625 4.52168156307
121.25 4.54415262274
122.5 4.58912031165
123.75 4.6341209891
125.0 4.67915338954
126.25 4.72421631165
127.5 4.7693086145
128.75 4.81442921393
130.0 4.8595770792
131.25 4.90475122989
132.5 4.94995073293
133.75 4.99517469991
135.0 5.0404222845
136.25 5.0856926801
137.5 5.13098511759
138.75 5.17629886324
140.0 5.22163321676
141.25 5.26698750948
142.5 5.31236110261
143.75 5.35775338565
145.0 5.40316377486
146.25 5.44859171184
147.5 5.49403666223
148.75 5.5394981144
150.0 5.58497557831
151.25 5.63046858439
152.5 5.67597668249
153.75 5.72149944089
155.0 5.7670364454
156.25 5.81258729847
157.5 5.85815161834
158.75 5.9037290383
160.0 5.94931920596
161.25 5.9949217825
162.5 6.0405364421
165.0 6.13180076817
167.5 6.22310981387
170.0 6.31446137996
172.5 6.40585342277
175.0 6.49728404041
177.5 6.58875146029
180.0 6.68025402794
182.5 6.77179019693
185.0 6.8633585198
187.5 6.95495763984
190.0 7.04658628368
192.5 7.13824325457
195.0 7.22992742629
197.5 7.32163773767
200.0 7.41337318752
202.5 7.50513283013
205.0 7.59691577107
207.5 7.68872116346
210.0 7.78054820447
212.5 7.87239613222
215.0 7.96426422288
217.5 8.05615178802
220.0 8.14805817223
222.5 8.2399827509
225.0 8.33192492819
230.0 8.51585982801
235.0 8.69985861307
240.0 8.88391738023
245.0 9.0680325404
250.0 9.25220078327
255.0 9.43641904703
260.0 9.62068449233
265.0 9.80499447983
270.0 9.98934655072
275.0 10.1737384098
280.0 10.3581679104
285.0 10.5426330421
290.0 10.7271319183
295.0 10.9116627669
300.0 11.096223921
305.0 11.2808138109
310.0 11.465430957
315.0 11.6500739633
320.0 11.8347415118
330.0 12.2041453214
340.0 12.5736332105
350.0 12.9431969596
360.0 13.3128291923
370.0 13.6825232797
380.0 14.052273259
390.0 14.4220737613
400.0 14.7919199502
410.0 15.1618074667
420.0 15.5317323804
430.0 15.901691147
440.0 16.2716805691
450.0 16.6416977624
460.0 17.0117401243
470.0 17.3818053062
480.0 17.7518911888
490.0 18.121995859
500.0 18.4921175903
510.0 18.8622548238
520.0 19.2324061521
530.0 19.6025703043
540.0 19.9727461325
550.0 20.3429325994
560.0 20.7131287679
570.0 21.0833337909
580.0 21.4535469023
590.0 21.8237674091
600.0 22.1939946843
610.0 22.56422816
620.0 22.934467322
630.0 23.3047117041
640.0 23.6749608836
650.0 24.0452144768
660.0 24.4154721355
670.0 24.785733543
680.0 25.1559984114
690.0 25.5262664787
700.0 25.8965375061
710.0 26.2668112761
720.0 26.6370875898
730.0 27.0073662658
740.0 27.3776471382
750.0 27.7479300549
760.0 28.1182148766
770.0 28.4885014756
780.0 28.8587897345
790.0 29.2290795453
800.0 29.5993708085
810.0 29.9696634324
820.0 30.3399573324
830.0 30.7102524303
840.0 31.0805486535
850.0 31.450845935
860.0 31.8211442124
870.0 32.1914434279
880.0 32.5617435274
890.0 32.9320444608
900.0 33.3023461812
910.0 33.6726486447
920.0 34.0429518104
930.0 34.4132556398
940.0 34.7835600969
950.0 35.1538651478
960.0 35.5241707605
970.0 35.8944769052
980.0 36.2647835533
990.0 36.6350906781
1000.0 37.0053982543
1010.0 37.375706258
1020.0 37.7460146662
1030.0 38.1163234575
1040.0 38.4866326111
1050.0 38.8569421077
1060.0 39.2272519284
1070.0 39.5975620556
1080.0 39.967872472
1090.0 40.3381831616
1100.0 40.7084941085
1110.0 41.0788052979
1120.0 41.4491167154
1130.0 41.819428347
1140.0 42.1897401796
1150.0 42.5600522002
1160.0 42.9303643964
1170.0 43.3006767562
1180.0 43.6709892681
1190.0 44.0413019207
1200.0 44.4116147033
1210.0 44.7819276051
1220.0 45.152240616
1230.0 45.5225537258
1240.0 45.8928669249
1250.0 46.2631802036
1260.0 46.6334935526
1270.0 47.0038069629
1280.0 47.3741204256
1290.0 47.7444339317
1300.0 48.1147474729
1310.0 48.4850610405
1320.0 48.8553746263
1330.0 49.2256882222
1340.0 49.5960018199
1350.0 49.9663154116
1360.0 50.3366289894
1370.0 50.7069425454
1380.0 51.0772560719
1390.0 51.4475695613
1400.0 51.8178830059
1410.0 52.1881963981
1420.0 52.5585097305
1430.0 52.9288229954
1440.0 53.2991361855
1450.0 53.6694492933
1460.0 54.0397623112
1470.0 54.410075232
1480.0 54.780388048
1490.0 55.1507007519
1500.0 55.5210133361
1510.0 55.8913257932
1520.0 56.2616381156
1530.0 56.6319502957
1540.0 57.002262326
1550.0 57.3725741987
1560.0 57.7428859063
1570.0 58.1131974408
1580.0 58.4835087946
1590.0 58.8538199597
1600.0 59.2241309282
1610.0 59.594441692
1620.0 59.9647522431
1630.0 60.3350625732
1640.0 60.7053726741
1650.0 61.0756825374
1660.0 61.4459921546
1670.0 61.8163015171
1680.0 62.1866106163
1690.0 62.5569194434
1700.0 62.9272279895
1710.0 63.2975362455
1720.0 63.6678442022
1730.0 64.0381518506
1740.0 64.408459181
1750.0 64.7787661839
1760.0 65.1490728498
1770.0 65.5193791687
1780.0 65.8896851307
1790.0 66.2599907257
1800.0 66.6302959433
1810.0 67.0006007732
1820.0 67.3709052047
1830.0 67.741209227
1840.0 68.1115128293
1850.0 68.4818160004
1860.0 68.8521187291
1870.0 69.2224210037
1880.0 69.5927228128
1890.0 69.9630241444
1900.0 70.3333249865
1910.0 70.7036253269
1920.0 71.0739251531
1930.0 71.4442244525
1940.0 71.8145232123
1950.0 72.1848214193
1960.0 72.5551190603
1970.0 72.9254161219
1980.0 73.2957125903
1990.0 73.6660084515
2000.0 74.0363036915
2010.0 74.4065982958
2020.0 74.7768922498
2030.0 75.1471855387
2040.0 75.5174781472
2050.0 75.8877700601
2060.0 76.2580612618
2070.0 76.6283517364
2080.0 76.9986414678
2090.0 77.3689304396
2100.0 77.7392186353
2110.0 78.1095060378
2120.0 78.4797926302
2130.0 78.8500783948
2140.0 79.2203633141
2150.0 79.59064737
2160.0 79.9609305443
2170.0 80.3312128185
2180.0 80.7014941736
2190.0 81.0717745907
2200.0 81.4420540503
2210.0 81.8123325326
2220.0 82.1826100178
2230.0 82.5528864854
2240.0 82.923161915
2250.0 83.2934362855
2260.0 83.6637095758
2270.0 84.0339817643
2280.0 84.4042528293
2290.0 84.7745227486
2300.0 85.1447914996
2310.0 85.5150590597
2320.0 85.8853254056
2330.0 86.2555905141
2340.0 86.6258543612
2350.0 86.996116923
2360.0 87.366378175
2370.0 87.7366380925
2380.0 88.1068966504
2390.0 88.4771538232
2400.0 88.8474095852
2410.0 89.2176639104
2420.0 89.5879167722
2430.0 89.958168144
2440.0 90.3284179986
2450.0 90.6986663085
2460.0 91.0689130459
2470.0 91.4391581827
2480.0 91.8094016904
2490.0 92.1796435401
2500.0 92.5498837026
2510.0 92.9201221484
2520.0 93.2903588476
2530.0 93.6605937699
2540.0 94.0308268847
2550.0 94.4010581611
2560.0 94.7712875677
2570.0 95.1415150729
2580.0 95.5117406447
2590.0 95.8819642508
2600.0 96.2521858583
2610.0 96.6224054343
2620.0 96.9926229454
2630.0 97.3628383576
2640.0 97.7330516371
2650.0 98.1032627492
2660.0 98.4734716591
2670.0 98.8436783318
2680.0 99.2138827317
2690.0 99.5840848229
2700.0 99.9542845693
2710.0 100.324481934
2720.0 100.694676881
2730.0 101.064869372
2740.0 101.435059371
2750.0 101.805246838
2760.0 102.175431737
2770.0 102.545614027
2780.0 102.915793672
2790.0 103.28597063
2800.0 103.656144864
2810.0 104.026316332
2820.0 104.396484996
2830.0 104.766650814
2840.0 105.136813746
2850.0 105.50697375
2860.0 105.877130786
2870.0 106.247284811
2880.0 106.617435784
2890.0 106.987583663
2900.0 107.357728405
2910.0 107.727869967
2920.0 108.098008307
2930.0 108.46814338
2940.0 108.838275144
2950.0 109.208403554
2960.0 109.578528567
2970.0 109.948650138
2980.0 110.318768222
2990.0 110.688882776
3000.0 111.058993753
3010.0 111.429101109
3020.0 111.799204798
3030.0 112.169304774
3040.0 112.539400992
3050.0 112.909493406
3060.0 113.279581969
3070.0 113.649666635
3080.0 114.019747357
3090.0 114.389824089
3100.0 114.759896784
3110.0 115.129965394
3120.0 115.500029873
3130.0 115.870090173
3140.0 116.240146247
3150.0 116.610198047
3160.0 116.980245526
3170.0 117.350288635
3180.0 117.720327328
3190.0 118.090361556
3200.0 118.460391271
3210.0 118.830416426
3220.0 119.200436971
3230.0 119.57045286
3240.0 119.940464044
3250.0 120.310470474
3260.0 120.680472103
3270.0 121.050468883
3280.0 121.420460765
3290.0 121.790447701
3300.0 122.160429644
3310.0 122.530406545
3320.0 122.900378357
3330.0 123.270345031
3340.0 123.64030652
3350.0 124.010262776
3360.0 124.380213752
3370.0 124.750159399
3380.0 125.120099672
3390.0 125.490034522
3400.0 125.859963903
3410.0 126.229887768
3420.0 126.59980607
3430.0 126.969718762
3440.0 127.339625799
3450.0 127.709527135
3460.0 128.079422723
3470.0 128.449312518
3480.0 128.819196476
3490.0 129.18907455
3500.0 129.558946696
3510.0 129.92881287
3520.0 130.298673028
3530.0 130.668527126
3540.0 131.03837512
3550.0 131.408216968
3560.0 131.778052626
3570.0 132.147882053
3580.0 132.517705206
3590.0 132.887522045
3600.0 133.257332527
3610.0 133.627136613
3620.0 133.996934262
3630.0 134.366725434
3640.0 134.73651009
3650.0 135.106288192
3660.0 135.476059701
3670.0 135.84582458
3680.0 136.215582791
3690.0 136.585334298
3700.0 136.955079064
3710.0 137.324817055
3720.0 137.694548235
3730.0 138.06427257
3740.0 138.433990026
3750.0 138.803700571
3760.0 139.173404171
3770.0 139.543100796
3780.0 139.912790415
3790.0 140.282472996
3800.0 140.65214851
3810.0 141.021816929
3820.0 141.391478224
3830.0 141.761132367
3840.0 142.130779333
3850.0 142.500419094
3860.0 142.870051627
3870.0 143.239676905
3880.0 143.609294907
3890.0 143.978905609
3900.0 144.348508989
3910.0 144.718105026
3920.0 145.0876937
3930.0 145.457274992
3940.0 145.826848883
3950.0 146.196415355
3960.0 146.565974392
3970.0 146.935525979
3980.0 147.305070099
3990.0 147.67460674
4000.0 148.044135887
4010.0 148.41365753
4020.0 148.783171658
4030.0 149.152678259
4040.0 149.522177325
4050.0 149.891668848
4060.0 150.26115282
4070.0 150.630629237
4080.0 151.000098091
4090.0 151.36955938
4100.0 151.739013101
4110.0 152.108459251
4120.0 152.477897829
4130.0 152.847328836
4140.0 153.216752273
4150.0 153.586168141
4160.0 153.955576445
4170.0 154.324977189
4180.0 154.694370378
4190.0 155.06375602
4200.0 155.43313412
4210.0 155.80250469
4220.0 156.171867737
4230.0 156.541223274
4240.0 156.910571313
4250.0 157.279911867
4260.0 157.64924495
4270.0 158.018570578
4280.0 158.387888768
4290.0 158.757199537
4300.0 159.126502904
4310.0 159.495798891
4320.0 159.865087516
4330.0 160.234368805
4340.0 160.603642778
4350.0 160.972909463
4360.0 161.342168883
4370.0 161.711421067
4380.0 162.080666042
4390.0 162.449903838
4400.0 162.819134485
4410.0 163.188358015
4420.0 163.55757446
4430.0 163.926783854
4440.0 164.295986232
4450.0 164.66518163
4460.0 165.034370086
4470.0 165.403551637
4480.0 165.772726324
4490.0 166.141894186
4500.0 166.511055266
4510.0 166.880209607
4520.0 167.249357251
4530.0 167.618498245
4540.0 167.987632634
4550.0 168.356760465
4560.0 168.725881787
4570.0 169.094996649
4580.0 169.464105101
4590.0 169.833207195
4600.0 170.202302982
4610.0 170.571392518
4620.0 170.940475855
4630.0 171.30955305
4640.0 171.67862416
4650.0 172.04768924
4660.0 172.416748351
4670.0 172.785801552
4680.0 173.154848902
4690.0 173.523890464
4700.0 173.892926299
4710.0 174.261956471
4720.0 174.630981045
4730.0 175.000000084
4740.0 175.369013655
4750.0 175.738021825
4760.0 176.107024661
4770.0 176.476022232
4780.0 176.845014607
4790.0 177.214001856
4800.0 177.58298405
4810.0 177.951961261
4820.0 178.320933561
4830.0 178.689901023
4840.0 179.058863722
4850.0 179.427821732
4860.0 179.796775127
4870.0 180.165723984
4880.0 180.53466838
4890.0 180.903608403
4900.0 181.272544113
4910.0 181.641475599
4920.0 182.010402939
4930.0 182.379326214
4940.0 182.748245504
4950.0 183.11716089
4960.0 183.486072453
4970.0 183.854980275
4980.0 184.223884438
4990.0 184.592785027
5000.0 184.961682123
5010.0 185.330575812
5020.0 185.699466177
5030.0 186.068353303
5040.0 186.437237275
5050.0 186.806118179
5060.0 187.1749961
5070.0 187.543871125
5080.0 187.912743341
5090.0 188.281612833
5100.0 188.650479689
5110.0 189.019343996
5120.0 189.388205842
5130.0 189.757065314
5140.0 190.125922499
5150.0 190.494777487
5160.0 190.863630366
5170.0 191.232481222
5180.0 191.601330145
5190.0 191.970177224
5200.0 192.339022546
5210.0 192.7078662
5220.0 193.076708275
5230.0 193.445548858
5240.0 193.81438804
5250.0 194.183225907
5260.0 194.552062549
5270.0 194.920898053
5280.0 195.289732508
5290.0 195.658566002
5300.0 196.027398622
5310.0 196.396230456
5320.0 196.765061593
5330.0 197.133892118
5340.0 197.502722119
5350.0 197.871551683
5360.0 198.240380897
5370.0 198.609209846
5380.0 198.978038617
5390.0 199.346867295
5400.0 199.715695966
5410.0 200.084524713
5420.0 200.453353623
5430.0 200.822182779
5440.0 201.191012264
5450.0 201.559842161
5460.0 201.928672555
5470.0 202.297503526
5480.0 202.666335157
5490.0 203.035167529
5500.0 203.404000723
5510.0 203.772834819
5520.0 204.141669896
5530.0 204.510506034
5540.0 204.879343312
5550.0 205.248181806
5560.0 205.617021595
5570.0 205.985862755
5580.0 206.354705362
5590.0 206.723549492
5600.0 207.092395218
5610.0 207.461242615
5620.0 207.830091756
5630.0 208.198942713
5640.0 208.567795559
5650.0 208.936650364
5660.0 209.305507198
5670.0 209.674366132
5680.0 210.043227232
5690.0 210.412090568
5700.0 210.780956207
5710.0 211.149824214
5720.0 211.518694655
5730.0 211.887567595
5740.0 212.256443096
5750.0 212.625321223
5760.0 212.994202036
5770.0 213.363085597
5780.0 213.731971967
5790.0 214.100861203
5800.0 214.469753365
5810.0 214.83864851
5820.0 215.207546694