0.0 0.0
120.0 4.49443050952
120.625 4.51686787555
121.25 4.53931399455
122.5 4.58423180212
123.75 4.62918259828
125.0 4.67416511747
126.25 4.71917815836
127.5 4.76422058003
128.75 4.80929129831
130.0 4.85438928248
131.25 4.89951355209
132.5 4.9446631741
133.75 4.98983726008
135.0 5.03503496371
136.25 5.08025547839
137.5 5.125498035
138.75 5.1707618998
140.0 5.21604637252
141.25 5.26135078447
142.5 5.30667449687
143.75 5.35201689923
145.0 5.39737740779
146.25 5.44275546416
147.5 5.48815053399
148.75 5.53356210563
150.0 5.57898968905
151.25 5.62443281469
152.5 5.66989103238
153.75 5.71536391042
155.0 5.76085103461
156.25 5.8063520074
157.5 5.85186644703
158.75 5.8973939868
160.0 5.94293427431
161.25 5.98848697074
162.5 6.03405175027
165.0 6.12521631634
167.5 6.21642560223
170.0 6.30767740867
172.5 6.39896969202
175.0 6.49030055037
177.5 6.58166821115
180.0 6.67307101989
182.5 6.76450743016
185.0 6.85597599451
187.5 6.94747535622
190.0 7.03900424192
192.5 7.13056145486
195.0 7.22214586885
197.5 7.31375642269
200.0 7.40539211522
202.5 7.4970520007
205.0 7.58873518474
207.5 7.68044082043
210.0 7.77216810496
212.5 7.86391627645
215.0 7.95568461106
217.5 8.04747242038
220.0 8.139279049
222.5 8.23110387231
225.0 8.32294629446
230.0 8.50668168472
235.0 8.69048096119
240.0 8.87434022073
245.0 9.05825587428
250.0 9.24222461157
255.0 9.42624337079
260.0 9.61030931262
265.0 9.79441979777
270.0 9.97857236742
275.0 10.1627647264
280.0 10.3469947282
285.0 10.5312603621
290.0 10.7155597418
295.0 10.8998910952
300.0 11.0842527554
305.0 11.2686431527
310.0 11.4530608075
315.0 11.637504324
320.0 11.8219723841
330.0 12.190977221
340.0 12.5600661436
350.0 12.9292309325
360.0 13.2984642114
370.0 13.6677593521
380.0 14.0371103917
390.0 14.4065119618
400.0 14.7759592264
410.0 15.1454478266
420.0 15.5149738326
430.0 15.8845337004
440.0 16.2541242329
450.0 16.6237425463
460.0 16.9933860382
470.0 17.3630523607
480.0 17.7327393947
490.0 18.1024452278
500.0 18.4721681338
510.0 18.8419065544
520.0 19.2116590826
530.0 19.5814244481
540.0 19.9512015034
550.0 20.320989212
560.0 20.6907866373
570.0 21.0605929328
580.0 21.4304073329
590.0 21.8002291455
600.0 22.1700577441
610.0 22.5398925615
620.0 22.9097330844
630.0 23.2795788471
640.0 23.6494294279
650.0 24.0192844438
660.0 24.3891435474
670.0 24.7590064229
680.0 25.1288727833
690.0 25.4987423676
700.0 25.8686149378
710.0 26.2384902774
720.0 26.6083681887
730.0 26.9782484912
740.0 27.3481310201
750.0 27.7180156244
760.0 28.0879021661
770.0 28.4577905186
780.0 28.8276805657
790.0 29.1975722007
800.0 29.5674653255
810.0 29.9373598497
820.0 30.3072556902
830.0 30.6771527701
840.0 31.0470510185
850.0 31.4169503699
860.0 31.7868507633
870.0 32.1567521428
880.0 32.5266544559
890.0 32.8965576543
900.0 33.2664616928
910.0 33.6363665296
920.0 34.0062721255
930.0 34.3761784441
940.0 34.7460854515
950.0 35.1159931158
960.0 35.4859014073
970.0 35.8558102983
980.0 36.2257197627
990.0 36.5956297761
1000.0 36.9655403157
1010.0 37.3354513599
1020.0 37.7053628887
1030.0 38.075274883
1040.0 38.4451873251
1050.0 38.8151001984
1060.0 39.1850134869
1070.0 39.554927176
1080.0 39.9248412517
1090.0 40.2947557009
1100.0 40.6646705113
1110.0 41.0345856713
1120.0 41.4045011699
1130.0 41.774416997
1140.0 42.1443331429
1150.0 42.5142495985
1160.0 42.8841663552
1170.0 43.2540834052
1180.0 43.624000741
1190.0 43.9939183555
1200.0 44.3638362421
1210.0 44.7337543949
1220.0 45.103672808
1230.0 45.4735914761
1240.0 45.8435103944
1250.0 46.2134295583
1260.0 46.5833489636
1270.0 46.9532686064
1280.0 47.3231884832
1290.0 47.6931085907
1300.0 48.0630289262
1310.0 48.4329494869
1320.0 48.8028702705
1330.0 49.172791275
1340.0 49.5427124987
1350.0 49.91263394
1360.0 50.2825555976
1370.0 50.6524774707
1380.0 51.0223995583
1390.0 51.3923218601
1400.0 51.7622443757
1410.0 52.1321671051
1420.0 52.5020900486
1430.0 52.8720132064
1440.0 53.2419365793
1450.0 53.6118601681
1460.0 53.9817839739
1470.0 54.351707998
1480.0 54.7216322417
1490.0 55.0915567069
1500.0 55.4614813955
1510.0 55.8314063095
1520.0 56.2013314512
1530.0 56.5712568232
1540.0 56.9411824282
1550.0 57.3111082691
1560.0 57.681034349
1570.0 58.0509606712
1580.0 58.4208872392
1590.0 58.7908140567
1600.0 59.1607411276
1610.0 59.5306684561
1620.0 59.9005960463
1630.0 60.2705239029
1640.0 60.6404520305
1650.0 61.010380434
1660.0 61.3803091184
1670.0 61.7502380892
1680.0 62.1201673517
1690.0 62.4900969116
1700.0 62.8600267749
1710.0 63.2299569477
1720.0 63.5998874363
1730.0 63.9698182471
1740.0 64.3397493869
1750.0 64.7096808627
1760.0 65.0796126815
1770.0 65.4495448508
1780.0 65.8194773781
1790.0 66.1894102711
1800.0 66.5593435379
1810.0 66.9292771867
1820.0 67.2992112259
1830.0 67.6691456642
1840.0 68.0390805105
1850.0 68.4090157738
1860.0 68.7789514636
1870.0 69.1488875894
1880.0 69.5188241611
1890.0 69.8887611885
1900.0 70.2586986821
1910.0 70.6286366523
1920.0 70.99857511
1930.0 71.368514066
1940.0 71.7384535317
1950.0 72.1083935186
1960.0 72.4783340383
1970.0 72.8482751029
1980.0 73.2182167247
1990.0 73.5881589162
2000.0 73.9581016901
2010.0 74.3280450596
2020.0 74.6979890378
2030.0 75.0679336383
2040.0 75.4378788751
2050.0 75.8078247622
2060.0 76.177771314
2070.0 76.5477185452
2080.0 76.9176664708
2090.0 77.2876151059
2100.0 77.6575644661
2110.0 78.0275145672
2120.0 78.3974654252
2130.0 78.7674170567
2140.0 79.1373694781
2150.0 79.5073227067
2160.0 79.8772767595
2170.0 80.2472316543
2180.0 80.6171874088
2190.0 80.9871440413
2200.0 81.3571015703
2210.0 81.7270600146
2220.0 82.0970193934
2230.0 82.466979726
2240.0 82.8369410323
2250.0 83.2069033323
2260.0 83.5768666464
2270.0 83.9468309955
2280.0 84.3167964004
2290.0 84.6867628827
2300.0 85.056730464
2310.0 85.4266991664
2320.0 85.7966690123
2330.0 86.1666400244
2340.0 86.5366122258
2350.0 86.9065856398
2360.0 87.2765602903
2370.0 87.6465362012
2380.0 88.0165133971
2390.0 88.3864919027
2400.0 88.7564717431
2410.0 89.1264529439
2420.0 89.4964355308
2430.0 89.86641953
2440.0 90.236404968
2450.0 90.6063918718
2460.0 90.9763802685
2470.0 91.3463701858
2480.0 91.7163616515
2490.0 92.0863546941
2500.0 92.4563493422
2510.0 92.8263456247
2520.0 93.1963435711
2530.0 93.5663432112
2540.0 93.9363445749
2550.0 94.3063476928
2560.0 94.6763525956
2570.0 95.0463593146
2580.0 95.4163678813
2590.0 95.7863783276
2600.0 96.1563906857
2610.0 96.5264049882
2620.0 96.8964212681
2630.0 97.2664395586
2640.0 97.6364598936
2650.0 98.006482307
2660.0 98.3765068332
2670.0 98.7465335069
2680.0 99.1165623632
2690.0 99.4865934375
2700.0 99.8566267657
2710.0 100.226662384
2720.0 100.596700328
2730.0 100.966740636
2740.0 101.336783344
2750.0 101.70682849
2760.0 102.076876112
2770.0 102.446926247
2780.0 102.816978935
2790.0 103.187034214
2800.0 103.557092123
2810.0 103.927152702
2820.0 104.297215991
2830.0 104.667282029
2840.0 105.037350857
2850.0 105.407422515
2860.0 105.777497045
2870.0 106.147574488
2880.0 106.517654886
2890.0 106.88773828
2900.0 107.257824713
2910.0 107.627914226
2920.0 107.998006864
2930.0 108.368102668
2940.0 108.738201681
2950.0 109.108303949
2960.0 109.478409513
2970.0 109.848518419
2980.0 110.21863071
2990.0 110.588746431
3000.0 110.958865627
3010.0 111.328988342
3020.0 111.699114622
3030.0 112.069244512
3040.0 112.439378057
3050.0 112.809515304
3060.0 113.179656298
3070.0 113.549801085
3080.0 113.919949713
3090.0 114.290102226
3100.0 114.660258672
3110.0 115.030419097
3120.0 115.400583549
3130.0 115.770752074
3140.0 116.14092472
3150.0 116.511101533
3160.0 116.881282561
3170.0 117.251467852
3180.0 117.621657454
3190.0 117.991851413
3200.0 118.362049777
3210.0 118.732252594
3220.0 119.102459913
3230.0 119.47267178
3240.0 119.842888244
3250.0 120.213109352
3260.0 120.583335153
3270.0 120.953565693
3280.0 121.323801022
3290.0 121.694041187
3300.0 122.064286235
3310.0 122.434536215
3320.0 122.804791174
3330.0 123.175051159
3340.0 123.545316219
3350.0 123.9155864
3360.0 124.285861749
3370.0 124.656142315
3380.0 125.026428144
3390.0 125.396719283
3400.0 125.767015779
3410.0 126.137317678
3420.0 126.507625027
3430.0 126.877937872
3440.0 127.248256258
3450.0 127.618580232
3460.0 127.98890984
3470.0 128.359245125
3480.0 128.729586135
3490.0 129.099932912
3500.0 129.470285502
3510.0 129.840643949
3520.0 130.211008297
3530.0 130.581378589
3540.0 130.951754868
3550.0 131.322137178
3560.0 131.69252556
3570.0 132.062920057
3580.0 132.43332071
3590.0 132.80372756
3600.0 133.174140649
3610.0 133.544560017
3620.0 133.914985704
3630.0 134.285417749
3640.0 134.655856191
3650.0 135.026301069
3660.0 135.39675242
3670.0 135.767210283
3680.0 136.137674693
3690.0 136.508145688
3700.0 136.878623304
3710.0 137.249107574
3720.0 137.619598535
3730.0 137.99009622
3740.0 138.360600662
3750.0 138.731111895
3760.0 139.10162995
3770.0 139.472154859
3780.0 139.842686653
3790.0 140.213225362
3800.0 140.583771014
3810.0 140.95432364
3820.0 141.324883266
3830.0 141.69544992
3840.0 142.066023629
3850.0 142.436604418
3860.0 142.807192312
3870.0 143.177787336
3880.0 143.548389511
3890.0 143.918998862
3900.0 144.28961541
3910.0 144.660239175
3920.0 145.030870177
3930.0 145.401508436
3940.0 145.77215397
3950.0 146.142806796
3960.0 146.513466931
3970.0 146.884134389
3980.0 147.254809187
3990.0 147.625491337
4000.0 147.996180852
4010.0 148.366877743
4020.0 148.737582023
4030.0 149.1082937
4040.0 149.479012784
4050.0 149.849739281
4060.0 150.2204732
4070.0 150.591214546
4080.0 150.961963324
4090.0 151.332719537
4100.0 151.703483189
4110.0 152.074254281
4120.0 152.445032813
4130.0 152.815818786
4140.0 153.186612198
4150.0 153.557413046
4160.0 153.928221327
4170.0 154.299037037
4180.0 154.669860168
4190.0 155.040690715
4200.0 155.411528669
4210.0 155.782374022
4220.0 156.153226762
4230.0 156.52408688
4240.0 156.894954362
4250.0 157.265829194
4260.0 157.636711363
4270.0 158.007600852
4280.0 158.378497644
4290.0 158.749401721
4300.0 159.120313064
4310.0 159.491231652
4320.0 159.862157465
4330.0 160.233090478
4340.0 160.60403067
4350.0 160.974978013
4360.0 161.345932483
4370.0 161.716894052
4380.0 162.087862691
4390.0 162.458838372
4400.0 162.829821062
4410.0 163.200810732
4420.0 163.571807347
4430.0 163.942810873
4440.0 164.313821275
4450.0 164.684838517
4460.0 165.055862561
4470.0 165.426893369
4480.0 165.797930901
4490.0 166.168975115
4500.0 166.540025971
4510.0 166.911083424
4520.0 167.282147431
4530.0 167.653217946
4540.0 168.024294923
4550.0 168.395378314
4560.0 168.766468071
4570.0 169.137564145
4580.0 169.508666484
4590.0 169.879775037
4600.0 170.250889751
4610.0 170.622010573
4620.0 170.993137447
4630.0 171.364270317
4640.0 171.735409128
4650.0 172.10655382
4660.0 172.477704336
4670.0 172.848860615
4680.0 173.220022596
4690.0 173.591190219
4700.0 173.96236342
4710.0 174.333542135
4720.0 174.704726301
4730.0 175.075915851
4740.0 175.447110721
4750.0 175.818310841
4760.0 176.189516145
4770.0 176.560726564
4780.0 176.931942028
4790.0 177.303162466
4800.0 177.674387808
4810.0 178.045617981
4820.0 178.416852912
4830.0 178.788092529
4840.0 179.159336756
4850.0 179.530585518
4860.0 179.901838741
4870.0 180.273096348
4880.0 180.644358262
4890.0 181.015624394
4900.0 181.386894683
4910.0 181.75816904
4920.0 182.129447387
4930.0 182.500729643
4940.0 182.872015727
4950.0 183.243305557
4960.0 183.614599053
4970.0 183.985896132
4980.0 184.35719671
4990.0 184.728500705
5000.0 185.099808032
5010.0 185.471118607
5020.0 185.842432346
5030.0 186.213749163
5040.0 186.585068973
5050.0 186.95639169
5060.0 187.327717227
5070.0 187.699045498
5080.0 188.070376416
5090.0 188.441709895
5100.0 188.813045845
5110.0 189.184384181
5120.0 189.555724813
5130.0 189.927067654
5140.0 190.298412616
5150.0 190.66975961
5160.0 191.041108547
5170.0 191.412459339
5180.0 191.783811897
5190.0 192.155166132
5200.0 192.526521955
5210.0 192.897879277
5220.0 193.269238009
5230.0 193.640598063
5240.0 194.011959349
5250.0 194.383321778
5260.0 194.754685262
5270.0 195.126049711
5280.0 195.497415037
5290.0 195.868781152
5300.0 196.240147968
5310.0 196.611515395
5320.0 196.982883346
5330.0 197.354251733
5340.0 197.725620469
5350.0 198.096989466
5360.0 198.468358637
5370.0 198.839727895
5380.0 199.211097155
5390.0 199.582466329
5400.0 199.953835332
5410.0 200.325204078
5420.0 200.696572483
5430.0 201.067940461
5440.0 201.439307929
5450.0 201.810674803
5460.0 202.182040998
5470.0 202.553406433
5480.0 202.924771025
5490.0 203.296134692
5500.0 203.667497353
5510.0 204.038858926
5520.0 204.410219332
5530.0 204.781578491
5540.0 205.152936323
5550.0 205.52429275
5560.0 205.895647694
5570.0 206.267001078
5580.0 206.638352826
5590.0 207.00970286
5600.0 207.381051107
5610.0 207.752397491
5620.0 208.123741938
5630.0 208.495084375
5640.0 208.86642473
5650.0 209.237762932
5660.0 209.609098908
5670.0 209.98043259
5680.0 210.351763907
5690.0 210.72309279
5700.0 211.094419174
5710.0 211.465742989
5720.0 211.83706417
5730.0 212.208382652
5740.0 212.579698371
5750.0 212.951011262
5760.0 213.322321263
5770.0 213.693628312
5780.0 214.064932348
5790.0 214.436233312
5800.0 214.807531143
5810.0 215.178825784
5820.0 215.550117177