0.0 0.0
120.0 4.50313690341
120.625 4.52561961454
121.25 4.54811107863
122.5 4.59311957635
123.75 4.63816106263
125.0 4.68323427189
126.25 4.72833800283
127.5 4.7734711145
128.75 4.81863252275
130.0 4.86382119685
131.25 4.90903615636
132.5 4.95427646823
133.75 4.99954124403
135.0 5.04482963744
136.25 5.09014084187
137.5 5.13547408818
138.75 5.18082864265
140.0 5.226203805
141.25 5.27159890654
142.5 5.31701330849
143.75 5.36244640035
145.0 5.40789759838
146.25 5.4533663442
147.5 5.49885210341
148.75 5.5443543644
150.0 5.58987263713
151.25 5.63540645204
152.5 5.68095535896
153.75 5.72651892618
155.0 5.77209673952
156.25 5.81768840141
157.5 5.8632935301
158.75 5.90891175889
160.0 5.95454273537
161.25 6.00018612074
162.5 6.04584158916
165.0 6.13718753287
167.5 6.22857819623
170.0 6.32001137996
172.5 6.41148504042
175.0 6.50299727571
177.5 6.59454631323
180.0 6.68613049852
182.5 6.77774828516
185.0 6.86939822568
187.5 6.96107896337
190.0 7.05278922486
192.5 7.14452781339
195.0 7.23629360276
197.5 7.32808553179
200.0 7.41990259929
202.5 7.51174385954
205.0 7.60360841813
207.5 7.69549542817
210.0 7.78740408683
212.5 7.87933363222
215.0 7.97128334052
217.5 8.06325252331
220.0 8.15524052517
222.5 8.24724672149
225.0 8.33927051642
230.0 8.52336865154
235.0 8.7075306719
240.0 8.89175267435
245.0 9.07603106981
250.0 9.26036254798
255.0 9.44474404703
260.0 9.62917272762
265.0 9.81364595042
270.0 9.9981612566
275.0 10.1827163509
280.0 10.3673090869
285.0 10.5519374538
290.0 10.7365995653
295.0 10.9212936492
300.0 11.1060180386
305.0 11.2907711638
310.0 11.4755515452
315.0 11.6603577868
320.0 11.8451885707
330.0 12.2149188508
340.0 12.5847332105
350.0 12.9546234302
360.0 13.3245821334
370.0 13.6946026915
380.0 14.0646791413
390.0 14.4348061142
400.0 14.8049787737
410.0 15.1751927608
420.0 15.5454441451
430.0 15.9157293823
440.0 16.286045275
450.0 16.6563889389
460.0 17.0267577714
470.0 17.3971494239
480.0 17.767561777
490.0 18.1379929178
500.0 18.5084411197
510.0 18.8789048238
520.0 19.2493826227
530.0 19.6198732455
540.0 19.9903755442
550.0 20.3608884817
560.0 20.7314111209
570.0 21.1019426144
580.0 21.4724821964
590.0 21.8430291738
600.0 22.2135829196
610.0 22.5841428659
620.0 22.9547084985
630.0 23.3252793512
640.0 23.6958550012
650.0 24.0664350651
660.0 24.4370191943
670.0 24.8076070724
680.0 25.1781984114
690.0 25.5487929493
700.0 25.9193904473
710.0 26.2899906878
720.0 26.6605934721
730.0 27.0311986188
740.0 27.4018059617
750.0 27.772415349
760.0 28.1430266413
770.0 28.5136397109
780.0 28.8842544404
790.0 29.2548707217
800.0 29.6254884555
810.0 29.99610755
820.0 30.3667279206
830.0 30.7373494891
840.0 31.1079721829
850.0 31.478595935
860.0 31.849220683
870.0 32.219846369
880.0 32.5904729392
890.0 32.9611003432
900.0 33.3317285341
910.0 33.7023574682
920.0 34.0729871045
930.0 34.4436174045
940.0 34.8142483322
950.0 35.1848798537
960.0 35.555511937
970.0 35.9261445522
980.0 36.2967776709
990.0 36.6674112664
1000.0 37.0380453132
1010.0 37.4086797874
1020.0 37.7793146662
1030.0 38.149949928
1040.0 38.5205855523
1050.0 38.8912215195
1060.0 39.2618578108
1070.0 39.6324944085
1080.0 40.0031312956
1090.0 40.3737684557
1100.0 40.7444058732
1110.0 41.1150435332
1120.0 41.4856814213
1130.0 41.8563195235
1140.0 42.2269578266
1150.0 42.5975963178
1160.0 42.9682349846
1170.0 43.338873815
1180.0 43.7095127975
1190.0 44.0801519207
1200.0 44.4507911739
1210.0 44.8214305463
1220.0 45.1920700277
1230.0 45.5627096082
1240.0 45.9333492778
1250.0 46.3039890271
1260.0 46.6746288467
1270.0 47.0452687276
1280.0 47.4159086608
1290.0 47.7865486376
1300.0 48.1571886493
1310.0 48.5278286875
1320.0 48.898468744
1330.0 49.2691088104
1340.0 49.6397488788
1350.0 50.0103889411
1360.0 50.3810289894
1370.0 50.751669016
1380.0 51.1223090131
1390.0 51.4929489731
1400.0 51.8635888882
1410.0 52.2342287511
1420.0 52.604868554
1430.0 52.9755082895
1440.0 53.3461479502
1450.0 53.7167875286
1460.0 54.0874270171
1470.0 54.4580664084
1480.0 54.8287056951
1490.0 55.1993448695
1500.0 55.5699839243
1510.0 55.940622852
1520.0 56.311261645
1530.0 56.6819002957
1540.0 57.0525387966
1550.0 57.4231771399
1560.0 57.793815318
1570.0 58.1644533232
1580.0 58.5350911476
1590.0 58.9057287833
1600.0 59.2763662223
1610.0 59.6470034567
1620.0 60.0176404784
1630.0 60.3882772791
1640.0 60.7589138506
1650.0 61.1295501844
1660.0 61.5001862722
1670.0 61.8708221054
1680.0 62.2414576752
1690.0 62.6120929728
1700.0 62.9827279895
1710.0 63.3533627161
1720.0 63.7239971434
1730.0 64.0946312623
1740.0 64.4652650633
1750.0 64.8358985369
1760.0 65.2065316733
1770.0 65.5771644628
1780.0 65.9477968954
1790.0 66.318428961
1800.0 66.6890606492
1810.0 67.0596919496
1820.0 67.4303228517
1830.0 67.8009533447
1840.0 68.1715834176
1850.0 68.5422130593
1860.0 68.9128422585
1870.0 69.2834710037
1880.0 69.6540992834
1890.0 70.0247270856
1900.0 70.3953543983
1910.0 70.7659812093
1920.0 71.1366075061
1930.0 71.507233276
1940.0 71.8778585064
1950.0 72.248483184
1960.0 72.6191072956
1970.0 72.9897308278
1980.0 73.3603537667
1990.0 73.7309760986
2000.0 74.1015978092
2010.0 74.4722188841
2020.0 74.8428393086
2030.0 75.2134590681
2040.0 75.5840781472
2050.0 75.9546965307
2060.0 76.325314203
2070.0 76.6959311482
2080.0 77.0665473501
2090.0 77.4371627926
2100.0 77.8077774588
2110.0 78.1783913319
2120.0 78.5490043949
2130.0 78.9196166301
2140.0 79.29022802
2150.0 79.6608385465
2160.0 80.0314481914
2170.0 80.4020569361
2180.0 80.7726647619
2190.0 81.1432716495
2200.0 81.5138775797
2210.0 81.8844825326
2220.0 82.2550864884
2230.0 82.6256894266
2240.0 82.9962913267
2250.0 83.3668921678
2260.0 83.7374919287
2270.0 84.1080905879
2280.0 84.4786881234
2290.0 84.8492845133
2300.0 85.2198797349
2310.0 85.5904737655
2320.0 85.9610665821
2330.0 86.3316581611
2340.0 86.7022484789
2350.0 87.0728375113
2360.0 87.4434252338
2370.0 87.8140116219
2380.0 88.1845966504
2390.0 88.5551802938
2400.0 88.9257625264
2410.0 89.2963433222
2420.0 89.6669226546
2430.0 90.037500497
2440.0 90.4080768221
2450.0 90.7786516026
2460.0 91.1492248106
2470.0 91.519796418
2480.0 91.8903663963
2490.0 92.2609347166
2500.0 92.6315013497
2510.0 93.0020662661
2520.0 93.3726294358
2530.0 93.7431908287
2540.0 94.1137504141
2550.0 94.4843081611
2560.0 94.8548640383
2570.0 95.2254180141
2580.0 95.5959700565
2590.0 95.9665201331
2600.0 96.3370682113
2610.0 96.7076142579
2620.0 97.0781582395
2630.0 97.4487001223
2640.0 97.8192398724
2650.0 98.189777455
2660.0 98.5603128356
2670.0 98.9308459788
2680.0 99.3013768493
2690.0 99.6719054111
2700.0 100.042431628
2710.0 100.412955464
2720.0 100.783476881
2730.0 101.153995843
2740.0 101.524512312
2750.0 101.89502625
2760.0 102.265537619
2770.0 102.63604638
2780.0 103.006552495
2790.0 103.377055924
2800.0 103.747556629
2810.0 104.118054568
2820.0 104.488549702
2830.0 104.85904199
2840.0 105.229531393
2850.0 105.600017868
2860.0 105.970501374
2870.0 106.34098187
2880.0 106.711459314
2890.0 107.081933663
2900.0 107.452404876
2910.0 107.822872908
2920.0 108.193337718
2930.0 108.563799262
2940.0 108.934257497
2950.0 109.304712378
2960.0 109.675163861
2970.0 110.045611903
2980.0 110.416056458
2990.0 110.786497482
3000.0 111.15693493
3010.0 111.527368756
3020.0 111.897798915
3030.0 112.268225362
3040.0 112.638648051
3050.0 113.009066935
3060.0 113.379481969
3070.0 113.749893105
3080.0 114.120300298
3090.0 114.490703501
3100.0 114.861102666
3110.0 115.231497747
3120.0 115.601888696
3130.0 115.972275467
3140.0 116.342658012
3150.0 116.713036282
3160.0 117.083410232
3170.0 117.453779812
3180.0 117.824144975
3190.0 118.194505674
3200.0 118.56486186
3210.0 118.935213485
3220.0 119.305560501
3230.0 119.67590286
3240.0 120.046240514
3250.0 120.416573415
3260.0 120.786901515
3270.0 121.157224765
3280.0 121.527543118
3290.0 121.897856525
3300.0 122.268164938
3310.0 122.63846831
3320.0 123.008766592
3330.0 123.379059737
3340.0 123.749347697
3350.0 124.119630423
3360.0 124.489907869
3370.0 124.860179988
3380.0 125.230446731
3390.0 125.600708052
3400.0 125.970963903
3410.0 126.341214238
3420.0 126.711459011
3430.0 127.081698174
3440.0 127.451931682
3450.0 127.822159488
3460.0 128.192381547
3470.0 128.562597813
3480.0 128.93280824
3490.0 129.303012785
3500.0 129.673211402
3510.0 130.043404047
3520.0 130.413590675
3530.0 130.783771243
3540.0 131.153945708
3550.0 131.524114027
3560.0 131.894276156
3570.0 132.264432053
3580.0 132.634581677
3590.0 133.004724986
3600.0 133.374861939
3610.0 133.744992495
3620.0 134.115116615
3630.0 134.485234258
3640.0 134.855345385
3650.0 135.225449957
3660.0 135.595547937
3670.0 135.965639286
3680.0 136.335723968
3690.0 136.705801945
3700.0 137.075873182
3710.0 137.445937643
3720.0 137.815995293
3730.0 138.186046099
3740.0 138.556090026
3750.0 138.926127041
3760.0 139.296157113
3770.0 139.666180208
3780.0 140.036196297
3790.0 140.406205349
3800.0 140.776207334
3810.0 141.146202223
3820.0 141.516189989
3830.0 141.886170603
3840.0 142.256144039
3850.0 142.626110271
3860.0 142.996069274
3870.0 143.366021023
3880.0 143.735965495
3890.0 144.105902668
3900.0 144.475832518
3910.0 144.845755026
3920.0 145.215670171
3930.0 145.585577933
3940.0 145.955478295
3950.0 146.325371238
3960.0 146.695256745
3970.0 147.065134802
3980.0 147.435005393
3990.0 147.804868504
4000.0 148.174724123
4010.0 148.544572236
4020.0 148.914412834
4030.0 149.284245906
4040.0 149.654071442
4050.0 150.023889436
4060.0 150.393699879
4070.0 150.763502766
4080.0 151.133298091
4090.0 151.503085851
4100.0 151.872866042
4110.0 152.242638662
4120.0 152.612403711
4130.0 152.982161189
4140.0 153.351911096
4150.0 153.721653435
4160.0 154.09138821
4170.0 154.461115424
4180.0 154.830835084
4190.0 155.200547196
4200.0 155.570251767
4210.0 155.939948807
4220.0 156.309638325
4230.0 156.679320333
4240.0 157.048994843
4250.0 157.418661867
4260.0 157.788321421
4270.0 158.157973519
4280.0 158.52761818
4290.0 158.897255419
4300.0 159.266885257
4310.0 159.636507714
4320.0 160.006122811
4330.0 160.375730569
4340.0 160.745331014
4350.0 161.114924169
4360.0 161.48451006
4370.0 161.854088714
4380.0 162.22366016
4390.0 162.593224427
4400.0 162.962781544
4410.0 163.332331544
4420.0 163.70187446
4430.0 164.071410324
4440.0 164.440939173
4450.0 164.810461042
4460.0 165.179975968
4470.0 165.54948399
4480.0 165.918985147
4490.0 166.288479481
4500.0 166.657967031
4510.0 167.027447842
4520.0 167.396921957
4530.0 167.766389421
4540.0 168.135850281
4550.0 168.505304583
4560.0 168.874752375
4570.0 169.244193708
4580.0 169.61362863
4590.0 169.983057195
4600.0 170.352479453
4610.0 170.721895459
4620.0 171.091305267
4630.0 171.460708933
4640.0 171.830106513
4650.0 172.199498064
4660.0 172.568883645
4670.0 172.938263316
4680.0 173.307637137
4690.0 173.67700517
4700.0 174.046367476
4710.0 174.415724118
4720.0 174.785075162
4730.0 175.154420672
4740.0 175.523760714
4750.0 175.893095354
4760.0 176.262424661
4770.0 176.631748702
4780.0 177.001067548
4790.0 177.370381268
4800.0 177.739689932
4810.0 178.108993614
4820.0 178.478292385
4830.0 178.847586318
4840.0 179.216875487
4850.0 179.586159967
4860.0 179.955439833
4870.0 180.324715161
4880.0 180.693986027
4890.0 181.06325252
4900.0 181.432514701
4910.0 181.801772658
4920.0 182.171026469
4930.0 182.540276214
4940.0 182.909521975
4950.0 183.278763831
4960.0 183.648001864
4970.0 184.017236157
4980.0 184.386466791
4990.0 184.75569385
5000.0 185.124917417
5010.0 185.494137576
5020.0 185.863354412
5030.0 186.232568009
5040.0 186.601778451
5050.0 186.970985826
5060.0 187.340190218
5070.0 187.709391714
5080.0 188.078590399
5090.0 188.447786362
5100.0 188.816979689
5110.0 189.186170467
5120.0 189.555358783
5130.0 189.924544725
5140.0 190.293728382
5150.0 190.66290984
5160.0 191.032089189
5170.0 191.401266516
5180.0 191.77044191
5190.0 192.139615459
5200.0 192.508787252
5210.0 192.877957376
5220.0 193.247125922
5230.0 193.616292976
5240.0 193.985458628
5250.0 194.354622966
5260.0 194.723786078
5270.0 195.092948053
5280.0 195.462108979
5290.0 195.831268943
5300.0 196.200428034
5310.0 196.569586339
5320.0 196.938743945
5330.0 197.307900941
5340.0 197.677057413
5350.0 198.046213448
5360.0 198.415369132
5370.0 198.784524552
5380.0 199.153679794
5390.0 199.522834942
5400.0 199.891990083
5410.0 200.261145302
5420.0 200.630300682
5430.0 200.999456308
5440.0 201.368612264
5450.0 201.737768632
5460.0 202.106925496
5470.0 202.476082938
5480.0 202.84524104
5490.0 203.214399882
5500.0 203.583559547
5510.0 203.952720113
5520.0 204.321881661
5530.0 204.69104427
5540.0 205.060208018
5550.0 205.429372983
5560.0 205.798539242
5570.0 206.167706873
5580.0 206.53687595
5590.0 206.90604655
5600.0 207.275218747
5610.0 207.644392615
5620.0 208.013568226
5630.0 208.382745654
5640.0 208.751924971
5650.0 209.121106246
5660.0 209.490289551
5670.0 209.859474955
5680.0 210.228662526
5690.0 210.597852333
5700.0 210.967044442
5710.0 211.33623892
5720.0 211.705435832
5730.0 212.074635242
5740.0 212.443837214
5750.0 212.813041811
5760.0 213.182249095
5770.0 213.551459127
5780.0 213.920671967
5790.0 214.289887674
5800.0 214.659106306
5810.0 215.028327921
5820.0 215.397552576