0.0 0.0
120.0 4.49574126003
120.625 4.51818545288
121.25 4.5406383987
122.5 4.58556985993
123.75 4.63053430974
125.0 4.67553048258
126.25 4.72055717712
127.5 4.76561325244
128.75 4.81069762437
130.0 4.85580926219
131.25 4.90094718546
132.5 4.94611046112
133.75 4.99129820075
135.0 5.03650955803
136.25 5.08174372637
137.5 5.12699993662
138.75 5.17227745508
140.0 5.21757558144
141.25 5.26289364705
142.5 5.3082310131
143.75 5.3535870691
145.0 5.39896123131
146.25 5.44435294135
147.5 5.48976166482
148.75 5.53518689011
150.0 5.58062812719
151.25 5.62608490647
152.5 5.67155677781
153.75 5.71704330951
155.0 5.76254408735
156.25 5.80805871379
157.5 5.85358680707
158.75 5.8991280005
160.0 5.94468194165
161.25 5.99024829174
162.5 6.03582672492
165.0 6.12701859829
167.5 6.21825519148
170.0 6.30953430522
172.5 6.40085389587
175.0 6.49221206153
177.5 6.58360702961
180.0 6.67503714565
182.5 6.76650086323
185.0 6.85799673487
187.5 6.94952340388
190.0 7.04107959689
192.5 7.13266411714
195.0 7.22427583843
197.5 7.31591369957
200.0 7.4075766994
202.5 7.49926389218
205.0 7.59097438352
207.5 7.68270732651
210.0 7.77446191834
212.5 7.86623739714
215.0 7.95803303905
217.5 8.04984815567
220.0 8.1416820916
222.5 8.23353422221
225.0 8.32540395166
230.0 8.50919395653
235.0 8.6930478476
240.0 8.87696172174
245.0 9.0609319899
250.0 9.24495534179
255.0 9.42902871561
260.0 9.61314927206
265.0 9.7973143718
270.0 9.98152155606
275.0 10.1657685296
280.0 10.350053146
285.0 10.5343733946
290.0 10.7187273889
295.0 10.9031133569
300.0 11.0875296317
305.0 11.2719746436
310.0 11.456446913
315.0 11.6409450441
320.0 11.8254677188
330.0 12.1945817849
340.0 12.5637799367
350.0 12.9330539548
360.0 13.302396463
370.0 13.6718008328
380.0 14.0412611016
390.0 14.4107719009
400.0 14.7803283947
410.0 15.1499262242
420.0 15.5195614594
430.0 15.8892305564
440.0 16.2589303181
450.0 16.6286578607
460.0 16.9984105818
470.0 17.3681861335
480.0 17.7379823968
490.0 18.1077974591
500.0 18.4776295942
510.0 18.847477244
520.0 19.2173390015
530.0 19.5872135962
540.0 19.9570998807
550.0 20.3269968185
560.0 20.696903473
570.0 21.0668189977
580.0 21.436742627
590.0 21.8066736688
600.0 22.1766114966
610.0 22.5465555433
620.0 22.9165052953
630.0 23.2864602873
640.0 23.6564200973
650.0 24.0263843424
660.0 24.3963526752
670.0 24.7663247799
680.0 25.1363003695
690.0 25.506279183
700.0 25.8762609825
710.0 26.2462455513
720.0 26.6162326918
730.0 26.9862222235
740.0 27.3562139815
750.0 27.7262078151
760.0 28.096203586
770.0 28.4662011677
780.0 28.836200444
790.0 29.2062013082
800.0 29.5762036622
810.0 29.9462074157
820.0 30.3162124854
830.0 30.6862187945
840.0 31.0562262721
850.0 31.4262348526
860.0 31.7962444753
870.0 32.1662550839
880.0 32.5362666263
890.0 32.9062790539
900.0 33.2762923216
910.0 33.6463063876
920.0 34.0163212127
930.0 34.3863367606
940.0 34.7563529971
950.0 35.1263698906
960.0 35.4963874114
970.0 35.8664055316
980.0 36.2364242252
990.0 36.6064434678
1000.0 36.9764632366
1010.0 37.34648351
1020.0 37.716504268
1030.0 38.0865254915
1040.0 38.4565471629
1050.0 38.8265692653
1060.0 39.196591783
1070.0 39.5666147013
1080.0 39.9366380062
1090.0 40.3066616847
1100.0 40.6766857243
1110.0 41.0467101135
1120.0 41.4167348413
1130.0 41.7867598976
1140.0 42.1567852727
1150.0 42.5268109575
1160.0 42.8968369435
1170.0 43.2668632227
1180.0 43.6368897876
1190.0 44.0069166313
1200.0 44.3769437472
1210.0 44.7469711291
1220.0 45.1169987714
1230.0 45.4870266688
1240.0 45.8570548163
1250.0 46.2270832094
1260.0 46.5971118439
1270.0 46.9671407159
1280.0 47.3371698219
1290.0 47.7071991587
1300.0 48.0772287233
1310.0 48.4472585132
1320.0 48.8172885261
1330.0 49.1873187598
1340.0 49.5573492127
1350.0 49.9273798832
1360.0 50.29741077
1370.0 50.6674418723
1380.0 51.0374731891
1390.0 51.4075047201
1400.0 51.7775364649
1410.0 52.1475684236
1420.0 52.5176005962
1430.0 52.8876329833
1440.0 53.2576655854
1450.0 53.6276984034
1460.0 53.9977314384
1470.0 54.3677646917
1480.0 54.7377981646
1490.0 55.1078318591
1500.0 55.4778657768
1510.0 55.84789992
1520.0 56.217934291
1530.0 56.5879688922
1540.0 56.9580037264
1550.0 57.3280387965
1560.0 57.6980741056
1570.0 58.068109657
1580.0 58.4381454542
1590.0 58.8081815009
1600.0 59.178217801
1610.0 59.5482543587
1620.0 59.9182911782
1630.0 60.288328264
1640.0 60.6583656208
1650.0 61.0284032534
1660.0 61.3984411671
1670.0 61.768479367
1680.0 62.1385178588
1690.0 62.5085566479
1700.0 62.8785957405
1710.0 63.2486351425
1720.0 63.6186748602
1730.0 63.9887149003
1740.0 64.3587552693
1750.0 64.7287959743
1760.0 65.0988370223
1770.0 65.4688784208
1780.0 65.8389201772
1790.0 66.2089622995
1800.0 66.5790047955
1810.0 66.9490476735
1820.0 67.3190909419
1830.0 67.6891346094
1840.0 68.0591786849
1850.0 68.4292231775
1860.0 68.7992680965
1870.0 69.1693134515
1880.0 69.5393592523
1890.0 69.909405509
1900.0 70.2794522318
1910.0 70.6494994312
1920.0 71.0195471181
1930.0 71.3895953033
1940.0 71.7596439982
1950.0 72.1296932143
1960.0 72.4997429632
1970.0 72.8697932571
1980.0 73.2398441081
1990.0 73.6098955288
2000.0 73.9799475319
2010.0 74.3500001306
2020.0 74.720053338
2030.0 75.0901071678
2040.0 75.4601616337
2050.0 75.8302167501
2060.0 76.2002725311
2070.0 76.5703289915
2080.0 76.9403861462
2090.0 77.3104440106
2100.0 77.6805026
2110.0 78.0505619302
2120.0 78.4206220175
2130.0 78.7906828782
2140.0 79.1607445289
2150.0 79.5308069866
2160.0 79.9008702686
2170.0 80.2709343926
2180.0 80.6409993763
2190.0 81.0110652381
2200.0 81.3811319963
2210.0 81.7511996698
2220.0 82.1212682778
2230.0 82.4913378396
2240.0 82.8614083751
2250.0 83.2314799043
2260.0 83.6015524476
2270.0 83.9716260259
2280.0 84.34170066
2290.0 84.7117763715
2300.0 85.081853182
2310.0 85.4519311137
2320.0 85.8220101888
2330.0 86.1920904301
2340.0 86.5621718607
2350.0 86.9322545039
2360.0 87.3023383836
2370.0 87.6724235237
2380.0 88.0425099488
2390.0 88.4125976836
2400.0 88.7826867533
2410.0 89.1527771832
2420.0 89.5228689993
2430.0 89.8929622277
2440.0 90.263056895
2450.0 90.6331530279
2460.0 91.0032506539
2470.0 91.3733498004
2480.0 91.7434504954
2490.0 92.1135527671
2500.0 92.4836566444
2510.0 92.8537621562
2520.0 93.2238693318
2530.0 93.593978201
2540.0 93.964088794
2550.0 94.3342011411
2560.0 94.7043152731
2570.0 95.0744312213
2580.0 95.4445490172
2590.0 95.8146686927
2600.0 96.18479028
2610.0 96.5549138117
2620.0 96.9250393208
2630.0 97.2951668406
2640.0 97.6652964048
2650.0 98.0354280474
2660.0 98.4055618028
2670.0 98.7756977057
2680.0 99.1458357912
2690.0 99.5159760947
2700.0 99.8861186521
2710.0 100.256263499
2720.0 100.626410673
2730.0 100.99656021
2740.0 101.366712148
2750.0 101.736866523
2760.0 102.107023374
2770.0 102.477182738
2780.0 102.847344655
2790.0 103.217509164
2800.0 103.587676302
2810.0 103.95784611
2820.0 104.328018628
2830.0 104.698193895
2840.0 105.068371952
2850.0 105.43855284
2860.0 105.808736599
2870.0 106.178923271
2880.0 106.549112898
2890.0 106.919305522
2900.0 107.289501183
2910.0 107.659699926
2920.0 108.029901793
2930.0 108.400106826
2940.0 108.770315069
2950.0 109.140526565
2960.0 109.510741359
2970.0 109.880959494
2980.0 110.251181014
2990.0 110.621405965
3000.0 110.991634389
3010.0 111.361866334
3020.0 111.732101843
3030.0 112.102340962
3040.0 112.472583737
3050.0 112.842830213
3060.0 113.213080436
3070.0 113.583334453
3080.0 113.953592309
3090.0 114.323854051
3100.0 114.694119727
3110.0 115.064389381
3120.0 115.434663062
3130.0 115.804940816
3140.0 116.175222691
3150.0 116.545508734
3160.0 116.915798991
3170.0 117.286093512
3180.0 117.656392342
3190.0 118.02669553
3200.0 118.397003124
3210.0 118.76731517
3220.0 119.137631718
3230.0 119.507952814
3240.0 119.878278507
3250.0 120.248608845
3260.0 120.618943875
3270.0 120.989283645
3280.0 121.359628203
3290.0 121.729977597
3300.0 122.100331874
3310.0 122.470691083
3320.0 122.841055271
3330.0 123.211424486
3340.0 123.581798774
3350.0 123.952178185
3360.0 124.322562764
3370.0 124.692952559
3380.0 125.063347617
3390.0 125.433747985
3400.0 125.80415371
3410.0 126.174564838
3420.0 126.544981416
3430.0 126.91540349
3440.0 127.285831106
3450.0 127.656264309
3460.0 128.026703146
3470.0 128.397147661
3480.0 128.767597899
3490.0 129.138053906
3500.0 129.508515726
3510.0 129.878983402
3520.0 130.249456979
3530.0 130.6199365
3540.0 130.990422008
3550.0 131.360913547
3560.0 131.731411158
3570.0 132.101914884
3580.0 132.472424766
3590.0 132.842940846
3600.0 133.213463165
3610.0 133.583991762
3620.0 133.954526678
3630.0 134.325067952
3640.0 134.695615623
3650.0 135.06616973
3660.0 135.436730311
3670.0 135.807297402
3680.0 136.177871042
3690.0 136.548451266
3700.0 136.919038111
3710.0 137.289631611
3720.0 137.660231801
3730.0 138.030838715
3740.0 138.401452387
3750.0 138.772072849
3760.0 139.142700133
3770.0 139.513334271
3780.0 139.883975294
3790.0 140.254623232
3800.0 140.625278114
3810.0 140.995939968
3820.0 141.366608824
3830.0 141.737284707
3840.0 142.107967645
3850.0 142.478657664
3860.0 142.849354787
3870.0 143.220059039
3880.0 143.590770444
3890.0 143.961489024
3900.0 144.332214801
3910.0 144.702947795
3920.0 145.073688027
3930.0 145.444435515
3940.0 145.815190278
3950.0 146.185952334
3960.0 146.556721697
3970.0 146.927498385
3980.0 147.298282412
3990.0 147.669073791
4000.0 148.039872535
4010.0 148.410678656
4020.0 148.781492165
4030.0 149.152313071
4040.0 149.523141384
4050.0 149.893977111
4060.0 150.264820259
4070.0 150.635670834
4080.0 151.006528841
4090.0 151.377394284
4100.0 151.748267165
4110.0 152.119147486
4120.0 152.490035247
4130.0 152.86093045
4140.0 153.231833091
4150.0 153.602743168
4160.0 153.973660678
4170.0 154.344585617
4180.0 154.715517977
4190.0 155.086457753
4200.0 155.457404937
4210.0 155.828359519
4220.0 156.199321489
4230.0 156.570290835
4240.0 156.941267546
4250.0 157.312251608
4260.0 157.683243006
4270.0 158.054241724
4280.0 158.425247745
4290.0 158.796261052
4300.0 159.167281624
4310.0 159.538309441
4320.0 159.909344483
4330.0 160.280386726
4340.0 160.651436146
4350.0 161.022492719
4360.0 161.393556418
4370.0 161.764627216
4380.0 162.135705085
4390.0 162.506789994
4400.0 162.877881914
4410.0 163.248980813
4420.0 163.620086657
4430.0 163.991199412
4440.0 164.362319044
4450.0 164.733445515
4460.0 165.104578789
4470.0 165.475718826
4480.0 165.846865586
4490.0 166.21801903
4500.0 166.589179115
4510.0 166.960345797
4520.0 167.331519033
4530.0 167.702698777
4540.0 168.073884983
4550.0 168.445077604
4560.0 168.81627659
4570.0 169.187481893
4580.0 169.558693462
4590.0 169.929911244
4600.0 170.301135187
4610.0 170.672365238
4620.0 171.043601341
4630.0 171.414843441
4640.0 171.786091481
4650.0 172.157345402
4660.0 172.528605147
4670.0 172.899870655
4680.0 173.271141866
4690.0 173.642418718
4700.0 174.013701148
4710.0 174.384989093
4720.0 174.756282487
4730.0 175.127581267
4740.0 175.498885366
4750.0 175.870194715
4760.0 176.241509249
4770.0 176.612828897
4780.0 176.98415359
4790.0 177.355483257
4800.0 177.726817828
4810.0 178.09815723
4820.0 178.469501391
4830.0 178.840850236
4840.0 179.212203693
4850.0 179.583561685
4860.0 179.954924137
4870.0 180.326290973
4880.0 180.697662116
4890.0 181.069037477
4900.0 181.440416995
4910.0 181.811800582
4920.0 182.183188158
4930.0 182.554579643
4940.0 182.925974956
4950.0 183.297374016
4960.0 183.668776741
4970.0 184.040183049
4980.0 184.411592856
4990.0 184.78300608
5000.0 185.154422636
5010.0 185.525842441
5020.0 185.897265409
5030.0 186.268691455
5040.0 186.640120494
5050.0 187.01155244
5060.0 187.382987207
5070.0 187.754424707
5080.0 188.125864855
5090.0 188.497307562
5100.0 188.868752742
5110.0 189.240200306
5120.0 189.611650168
5130.0 189.983102238
5140.0 190.354556429
5150.0 190.726012652
5160.0 191.097470819
5170.0 191.46893084
5180.0 191.840392627
5190.0 192.211856091
5200.0 192.583321143
5210.0 192.954787695
5220.0 193.326255656
5230.0 193.697724939
5240.0 194.069195454
5250.0 194.440667113
5260.0 194.812139826
5270.0 195.183613504
5280.0 195.55508806
5290.0 195.926563404
5300.0 196.298039448
5310.0 196.669516105
5320.0 197.040993285
5330.0 197.412470901
5340.0 197.783948866
5350.0 198.155427092
5360.0 198.526905493
5370.0 198.89838398
5380.0 199.269862469
5390.0 199.641340872
5400.0 200.012819104
5410.0 200.38429708
5420.0 200.755774714
5430.0 201.127251922
5440.0 201.498728619
5450.0 201.870204721
5460.0 202.241680146
5470.0 202.613154811
5480.0 202.984628632
5490.0 203.356101528
5500.0 203.727573418
5510.0 204.09904422
5520.0 204.470513855
5530.0 204.841982243
5540.0 205.213449305
5550.0 205.584914961
5560.0 205.956379134
5570.0 206.327841748
5580.0 206.699302724
5590.0 207.070761988
5600.0 207.442219464
5610.0 207.813675077
5620.0 208.185128753
5630.0 208.55658042
5640.0 208.928030004
5650.0 209.299477435
5660.0 209.67092264
5670.0 210.042365551
5680.0 210.413806097
5690.0 210.78524421
5700.0 211.156679823
5710.0 211.528112867
5720.0 211.899543278
5730.0 212.270970989
5740.0 212.642395937
5750.0 213.013818057
5760.0 213.385237287
5770.0 213.756653565
5780.0 214.128066831
5790.0 214.499477024
5800.0 214.870884084
5810.0 215.242287954
5820.0 215.613688577