0.0 0.0
120.0 4.49403375496
120.625 4.51646905456
121.25 4.53891310712
122.5 4.58382678184
123.75 4.62877344514
125.0 4.67375183146
126.25 4.7187607395
127.5 4.7637990283
128.75 4.80886561372
130.0 4.85395946503
131.25 4.89907960179
132.5 4.94422509094
133.75 4.98939504406
135.0 5.03458861483
136.25 5.07980499665
137.5 5.12504342039
138.75 5.17030315234
140.0 5.21558349219
141.25 5.26088377129
142.5 5.30620335083
143.75 5.35154162032
145.0 5.39689799602
146.25 5.44227191954
147.5 5.4876628565
148.75 5.53307029528
150.0 5.57849374585
151.25 5.62393273862
152.5 5.66938682345
153.75 5.71485556864
155.0 5.76033855997
156.25 5.8058353999
157.5 5.85134570667
158.75 5.89686911358
160.0 5.94240526822
161.25 5.9879538318
162.5 6.03351447847
165.0 6.12467077882
167.5 6.21587179898
170.0 6.3071153397
172.5 6.39839935733
175.0 6.48972194997
177.5 6.58108134503
180.0 6.67247588805
182.5 6.7639040326
185.0 6.85536433122
187.5 6.94685542721
190.0 7.03837604719
192.5 7.12992499442
195.0 7.22150114268
197.5 7.31310343081
200.0 7.40473085761
202.5 7.49638247738
205.0 7.58805739569
207.5 7.67975476566
210.0 7.77147378447
212.5 7.86321369024
215.0 7.95497375913
217.5 8.04675330273
220.0 8.13855166563
222.5 8.23036822322
225.0 8.32220237966
230.0 8.50592123848
235.0 8.6897039835
240.0 8.8735467116
245.0 9.05744583372
250.0 9.24139803956
255.0 9.42540026734
260.0 9.60944967774
265.0 9.79354363144
270.0 9.97767966965
275.0 10.1618554972
280.0 10.3460689675
285.0 10.53031807
290.0 10.7146009183
295.0 10.8989157403
300.0 11.083260869
305.0 11.2676347349
310.0 11.4520358582
315.0 11.6364628433
320.0 11.8209143719
330.0 12.189886146
340.0 12.5589420057
350.0 12.9280737317
360.0 13.2972739477
370.0 13.6665360255
380.0 14.0358540022
390.0 14.4052225095
400.0 14.7746367112
410.0 15.1440922485
420.0 15.5135851917
430.0 15.8831119965
440.0 16.2526694662
450.0 16.6222547167
460.0 16.9918651457
470.0 17.3614984053
480.0 17.7311523765
490.0 18.1008251467
500.0 18.4705149898
510.0 18.8402203475
520.0 19.2099398128
530.0 19.5796721154
540.0 19.9494161079
550.0 20.3191707536
560.0 20.688935116
570.0 21.0587083486
580.0 21.4284896859
590.0 21.7982784356
600.0 22.1680739712
610.0 22.5378757258
620.0 22.9076831858
630.0 23.2774958857
640.0 23.6473134035
650.0 24.0171353566
660.0 24.3869613973
670.0 24.7567912099
680.0 25.1266245075
690.0 25.4964610288
700.0 25.8663005362
710.0 26.2361428129
720.0 26.6059876613
730.0 26.975834901
740.0 27.3456843669
750.0 27.7155359084
760.0 28.0853893872
770.0 28.4552446768
780.0 28.825101661
790.0 29.1949602331
800.0 29.5648202951
810.0 29.9346817564
820.0 30.304544534
830.0 30.6744085511
840.0 31.0442737366
850.0 31.414140025
860.0 31.7840073556
870.0 32.1538756722
880.0 32.5237449224
890.0 32.8936150579
900.0 33.2634860336
910.0 33.6333578075
920.0 34.0032303405
930.0 34.3731035963
940.0 34.7429775407
950.0 35.1128521422
960.0 35.4827273708
970.0 35.8526031989
980.0 36.2224796004
990.0 36.592356551
1000.0 36.9622340276
1010.0 37.332112009
1020.0 37.7019904749
1030.0 38.0718694063
1040.0 38.4417487856
1050.0 38.8116285959
1060.0 39.1815088216
1070.0 39.5513894478
1080.0 39.9212704606
1090.0 40.2911518469
1100.0 40.6610335945
1110.0 41.0309156916
1120.0 41.4007981273
1130.0 41.7706808915
1140.0 42.1405639745
1150.0 42.5104473672
1160.0 42.8803310611
1170.0 43.2502150482
1180.0 43.6200993211
1190.0 43.9899838727
1200.0 44.3598686965
1210.0 44.7297537863
1220.0 45.0996391366
1230.0 45.4695247418
1240.0 45.8394105972
1250.0 46.2092966983
1260.0 46.5791830406
1270.0 46.9490696206
1280.0 47.3189564345
1290.0 47.6888434792
1300.0 48.0587307517
1310.0 48.4286182496
1320.0 48.7985059703
1330.0 49.168393912
1340.0 49.5382820727
1350.0 49.9081704511
1360.0 50.2780590459
1370.0 50.647947856
1380.0 51.0178368808
1390.0 51.3877261197
1400.0 51.7576155725
1410.0 52.127505239
1420.0 52.4973951196
1430.0 52.8672852145
1440.0 53.2371755246
1450.0 53.6070660505
1460.0 53.9769567934
1470.0 54.3468477545
1480.0 54.7167389354
1490.0 55.0866303378
1500.0 55.4565219634
1510.0 55.8264138145
1520.0 56.1963058934
1530.0 56.5661982025
1540.0 56.9360907446
1550.0 57.3059835226
1560.0 57.6758765396
1570.0 58.0457697989
1580.0 58.4156633041
1590.0 58.7855570587
1600.0 59.1554510668
1610.0 59.5253453323
1620.0 59.8952398597
1630.0 60.2651346534
1640.0 60.6350297181
1650.0 61.0049250587
1660.0 61.3748206803
1670.0 61.7447165881
1680.0 62.1146127878
1690.0 62.4845092848
1700.0 62.8544060853
1710.0 63.2243031952
1720.0 63.5942006209
1730.0 63.9640983688
1740.0 64.3339964458
1750.0 64.7038948587
1760.0 65.0737936146
1770.0 65.443692721
1780.0 65.8135921854
1790.0 66.1834920155
1800.0 66.5533922194
1810.0 66.9232928053
1820.0 67.2931937817
1830.0 67.6630951571
1840.0 68.0329969405
1850.0 68.402899141
1860.0 68.7728017679
1870.0 69.1427048308
1880.0 69.5126083396
1890.0 69.8825123041
1900.0 70.2524167348
1910.0 70.6223216422
1920.0 70.992227037
1930.0 71.3621329301
1940.0 71.7320393329
1950.0 72.1019462569
1960.0 72.4718537138
1970.0 72.8417617155
1980.0 73.2116702744
1990.0 73.581579403
2000.0 73.9514891141
2010.0 74.3213994206
2020.0 74.6913103359
2030.0 75.0612218736
2040.0 75.4311340475
2050.0 75.8010468718
2060.0 76.1709603607
2070.0 76.540874529
2080.0 76.9107893917
2090.0 77.2807049639
2100.0 77.6506212612
2110.0 78.0205382994
2120.0 78.3904560946
2130.0 78.7603746631
2140.0 79.1302940218
2150.0 79.5002141874
2160.0 79.8701351774
2170.0 80.2400570092
2180.0 80.6099797009
2190.0 80.9799032705
2200.0 81.3498277366
2210.0 81.7197531181
2220.0 82.0896794339
2230.0 82.4596067037
2240.0 82.8295349471
2250.0 83.1994641842
2260.0 83.5693944355
2270.0 83.9393257216
2280.0 84.3092580637
2290.0 84.6791914831
2300.0 85.0491260015
2310.0 85.4190616411
2320.0 85.7889984241
2330.0 86.1589363733
2340.0 86.5288755118
2350.0 86.8988158629
2360.0 87.2687574505
2370.0 87.6387002986
2380.0 88.0086444316
2390.0 88.3785898743
2400.0 88.7485366519
2410.0 89.1184847897
2420.0 89.4884343137
2430.0 89.85838525
2440.0 90.2283376252
2450.0 90.5982914661
2460.0 90.9682467999
2470.0 91.3382036543
2480.0 91.7081620572
2490.0 92.0781220369
2500.0 92.4480836221
2510.0 92.8180468418
2520.0 93.1880117253
2530.0 93.5579783024
2540.0 93.9279466033
2550.0 94.2979166583
2560.0 94.6678884983
2570.0 95.0378621544
2580.0 95.4078376582
2590.0 95.7778150416
2600.0 96.1477943368
2610.0 96.5177755764
2620.0 96.8877587934
2630.0 97.2577440211
2640.0 97.6277312932
2650.0 97.9977206437
2660.0 98.367712107
2670.0 98.7377057178
2680.0 99.1077015113
2690.0 99.4776995227
2700.0 99.847699788
2710.0 100.217702343
2720.0 100.587707225
2730.0 100.95771447
2740.0 101.327724115
2750.0 101.697736198
2760.0 102.067750757
2770.0 102.43776783
2780.0 102.807787455
2790.0 103.177809671
2800.0 103.547834517
2810.0 103.917862033
2820.0 104.287892259
2830.0 104.657925234
2840.0 105.027960999
2850.0 105.397999594
2860.0 105.768041062
2870.0 106.138085442
2880.0 106.508132777
2890.0 106.878183108
2900.0 107.248236477
2910.0 107.618292928
2920.0 107.988352503
2930.0 108.358415244
2940.0 108.728481195
2950.0 109.098550399
2960.0 109.468622901
2970.0 109.838698743
2980.0 110.208777972
2990.0 110.57886063
3000.0 110.948946763
3010.0 111.319036415
3020.0 111.689129632
3030.0 112.059226459
3040.0 112.429326942
3050.0 112.799431125
3060.0 113.169539057
3070.0 113.539650781
3080.0 113.909766345
3090.0 114.279885796
3100.0 114.650009179
3110.0 115.020136541
3120.0 115.39026793
3130.0 115.760403392
3140.0 116.130542975
3150.0 116.500686726
3160.0 116.870834691
3170.0 117.240986919
3180.0 117.611143458
3190.0 117.981304354
3200.0 118.351469655
3210.0 118.72163941
3220.0 119.091813665
3230.0 119.46199247
3240.0 119.832175871
3250.0 120.202363916
3260.0 120.572556654
3270.0 120.942754132
3280.0 121.312956397
3290.0 121.683163499
3300.0 122.053375485
3310.0 122.423592402
3320.0 122.793814297
3330.0 123.16404122
3340.0 123.534273217
3350.0 123.904510335
3360.0 124.274752622
3370.0 124.645000125
3380.0 125.015252891
3390.0 125.385510967
3400.0 125.7557744
3410.0 126.126043236
3420.0 126.496317522
3430.0 126.866597304
3440.0 127.236882627
3450.0 127.607173539
3460.0 127.977470083
3470.0 128.347772306
3480.0 128.718080252
3490.0 129.088393967
3500.0 129.458713494
3510.0 129.829038878
3520.0 130.199370163
3530.0 130.569707392
3540.0 130.940050609
3550.0 131.310399855
3560.0 131.680755174
3570.0 132.051116608
3580.0 132.421484198
3590.0 132.791857986
3600.0 133.162238012
3610.0 133.532624317
3620.0 133.903016941
3630.0 134.273415923
3640.0 134.643821302
3650.0 135.014233117
3660.0 135.384651406
3670.0 135.755076206
3680.0 136.125507553
3690.0 136.495945485
3700.0 136.866390038
3710.0 137.236841246
3720.0 137.607299144
3730.0 137.977763766
3740.0 138.348235145
3750.0 138.718713315
3760.0 139.089198307
3770.0 139.459690154
3780.0 139.830188884
3790.0 140.20069453
3800.0 140.57120712
3810.0 140.941726682
3820.0 141.312253246
3830.0 141.682786837
3840.0 142.053327483
3850.0 142.423875209
3860.0 142.79443004
3870.0 143.164992001
3880.0 143.535561114
3890.0 143.906137402
3900.0 144.276720886
3910.0 144.647311588
3920.0 145.017909528
3930.0 145.388514724
3940.0 145.759127195
3950.0 146.129746958
3960.0 146.50037403
3970.0 146.871008426
3980.0 147.24165016
3990.0 147.612299247
4000.0 147.982955699
4010.0 148.353619528
4020.0 148.724290745
4030.0 149.094969359
4040.0 149.46565538
4050.0 149.836348815
4060.0 150.207049671
4070.0 150.577757954
4080.0 150.948473669
4090.0 151.319196819
4100.0 151.689927408
4110.0 152.060665437
4120.0 152.431410907
4130.0 152.802163817
4140.0 153.172924166
4150.0 153.543691951
4160.0 153.914467169
4170.0 154.285249815
4180.0 154.656039884
4190.0 155.026837368
4200.0 155.397642259
4210.0 155.768454549
4220.0 156.139274227
4230.0 156.510101281
4240.0 156.8809357
4250.0 157.25177747
4260.0 157.622626576
4270.0 157.993483002
4280.0 158.364346731
4290.0 158.735217745
4300.0 159.106096025
4310.0 159.476981551
4320.0 159.847874301
4330.0 160.218774251
4340.0 160.589681379
4350.0 160.96059566
4360.0 161.331517067
4370.0 161.702445573
4380.0 162.07338115
4390.0 162.444323767
4400.0 162.815273395
4410.0 163.186230002
4420.0 163.557193553
4430.0 163.928164017
4440.0 164.299141356
4450.0 164.670125535
4460.0 165.041116517
4470.0 165.412114262
4480.0 165.78311873
4490.0 166.154129882
4500.0 166.525147674
4510.0 166.896172065
4520.0 167.267203009
4530.0 167.638240461
4540.0 168.009284375
4550.0 168.380334703
4560.0 168.751391398
4570.0 169.122454408
4580.0 169.493523685
4590.0 169.864599175
4600.0 170.235680826
4610.0 170.606768585
4620.0 170.977862396
4630.0 171.348962204
4640.0 171.720067951
4650.0 172.091179581
4660.0 172.462297034
4670.0 172.83342025
4680.0 173.204549168
4690.0 173.575683728
4700.0 173.946823866
4710.0 174.317969519
4720.0 174.689120621
4730.0 175.060277109
4740.0 175.431438915
4750.0 175.802605973
4760.0 176.173778214
4770.0 176.54495557
4780.0 176.916137971
4790.0 177.287325347
4800.0 177.658517625
4810.0 178.029714735
4820.0 178.400916604
4830.0 178.772123157
4840.0 179.143334322
4850.0 179.514550021
4860.0 179.885770182
4870.0 180.256994725
4880.0 180.628223576
4890.0 180.999456645
4900.0 181.370693871
4910.0 181.741935166
4920.0 182.11318045
4930.0 182.484429643
4940.0 182.855682664
4950.0 183.226939432
4960.0 183.598199865
4970.0 183.96946388
4980.0 184.340731396
4990.0 184.712002328
5000.0 185.083276592
5010.0 185.454554104
5020.0 185.82583478
5030.0 186.197118534
5040.0 186.568405281
5050.0 186.939694935
5060.0 187.310987409
5070.0 187.682282618
5080.0 188.053580473
5090.0 188.424880888
5100.0 188.796183776
5110.0 189.167489049
5120.0 189.538796618
5130.0 189.910106397
5140.0 190.281418295
5150.0 190.652732226
5160.0 191.024048101
5170.0 191.39536583
5180.0 191.766685325
5190.0 192.138006497
5200.0 192.509329257
5210.0 192.880653516
5220.0 193.251979186
5230.0 193.623306177
5240.0 193.9946344
5250.0 194.365963766
5260.0 194.737294187
5270.0 195.108625573
5280.0 195.479957837
5290.0 195.851290889
5300.0 196.222624641
5310.0 196.593959005
5320.0 196.965293893
5330.0 197.336629218
5340.0 197.707964891
5350.0 198.079300825
5360.0 198.450636933
5370.0 198.821973129
5380.0 199.193309325
5390.0 199.564645436
5400.0 199.935981376
5410.0 200.30731706
5420.0 200.678652402
5430.0 201.049987317
5440.0 201.421321722
5450.0 201.792655533
5460.0 202.163988666
5470.0 202.535321038
5480.0 202.906652567
5490.0 203.277983171
5500.0 203.649312769
5510.0 204.020641279
5520.0 204.391968622
5530.0 204.763294718
5540.0 205.134619487
5550.0 205.505942851
5560.0 205.877264733
5570.0 206.248585054
5580.0 206.619903738
5590.0 206.99122071
5600.0 207.362535894
5610.0 207.733849215
5620.0 208.105160599
5630.0 208.476469974
5640.0 208.847777266
5650.0 209.219082404
5660.0 209.590385318
5670.0 209.961685936
5680.0 210.33298419
5690.0 210.704280012
5700.0 211.075573332
5710.0 211.446864084
5720.0 211.818152203
5730.0 212.189437622
5740.0 212.560720277
5750.0 212.932000105
5760.0 213.303277044
5770.0 213.67455103
5780.0 214.045822003
5790.0 214.417089904
5800.0 214.788354672
5810.0 215.15961625
5820.0 215.530874581