0.0 0.0
120.0 4.50426022999
120.625 4.52674879177
121.25 4.54924610652
122.5 4.59426630556
123.75 4.63931949316
125.0 4.68440440374
126.25 4.72951983599
127.5 4.77466464898
128.75 4.81983775855
130.0 4.86503813397
131.25 4.9102647948
132.5 4.95551680799
133.75 5.0007932851
135.0 5.04609337984
136.25 5.09141628558
137.5 5.13676123321
138.75 5.182127489
140.0 5.22751435266
141.25 5.27292115552
142.5 5.3183472588
143.75 5.36379205198
145.0 5.40925495133
146.25 5.45473539845
147.5 5.50023285899
148.75 5.5457468213
150.0 5.59127679535
151.25 5.63682231157
152.5 5.68238291981
153.75 5.72795818835
155.0 5.77354770301
156.25 5.81915106622
157.5 5.86476789623
158.75 5.91039782634
160.0 5.95604050413
161.25 6.00169559082
162.5 6.04736276055
165.0 6.13873210691
167.5 6.2301461729
170.0 6.32160275927
172.5 6.41309982237
175.0 6.50463546029
177.5 6.59620790045
180.0 6.68781548838
182.5 6.77945667766
185.0 6.87113002081
187.5 6.96283416114
190.0 7.05456782526
192.5 7.14632981643
195.0 7.23811900844
197.5 7.3299343401
200.0 7.42177481024
202.5 7.51363947313
205.0 7.60552743436
207.5 7.69743784703
210.0 7.78936990833
212.5 7.88132285636
215.0 7.9732959673
217.5 8.06528855272
220.0 8.15729995722
222.5 8.24932955618
225.0 8.34137675375
230.0 8.52552169413
235.0 8.70973051977
240.0 8.89399932749
245.0 9.07832452823
250.0 9.26270281167
255.0 9.44713111599
260.0 9.63160660186
265.0 9.81612662993
270.0 10.0006887414
275.0 10.185290641
280.0 10.3699301822
285.0 10.5546053545
290.0 10.7393142712
295.0 10.9240551604
300.0 11.1088263551
305.0 11.2936262855
310.0 11.4784534722
315.0 11.6633065191
320.0 11.8481841082
330.0 12.2180079989
340.0 12.5879159691
350.0 12.9578997994
360.0 13.3279521132
370.0 13.6980662818
380.0 14.0682363421
390.0 14.4384569256
400.0 14.8087231956
410.0 15.1790307932
420.0 15.5493757881
430.0 15.9197546358
440.0 16.2901641391
450.0 16.6606014136
460.0 17.0310638566
470.0 17.4015491196
480.0 17.7720550833
490.0 18.1425798347
500.0 18.5131216471
510.0 18.8836789617
520.0 19.2542503712
530.0 19.6248346045
540.0 19.9954305138
550.0 20.3660370619
560.0 20.7366533115
570.0 21.1072784157
580.0 21.4779116082
590.0 21.8485521961
600.0 22.2191995524
610.0 22.5898531093
620.0 22.9605123524
630.0 23.3311768157
640.0 23.7018460763
650.0 24.0725197507
660.0 24.4431974905
670.0 24.8138789791
680.0 25.1845639286
690.0 25.5552520771
700.0 25.9259431856
710.0 26.2966370367
720.0 26.6673334316
730.0 27.0380321887
740.0 27.4087331422
750.0 27.77943614
760.0 28.1501410429
770.0 28.5208477231
780.0 28.8915560631
790.0 29.262265955
800.0 29.6329772993
810.0 30.0036900044
820.0 30.3744039855
830.0 30.7451191645
840.0 31.1158354689
850.0 31.4865528316
860.0 31.8572711901
870.0 32.2279904867
880.0 32.5987106674
890.0 32.9694316819
900.0 33.3401534834
910.0 33.7108760281
920.0 34.0815992749
930.0 34.4523231855
940.0 34.8230477237
950.0 35.1937728557
960.0 35.5644985496
970.0 35.9352247753
980.0 36.3059515046
990.0 36.6766787106
1000.0 37.0474063679
1010.0 37.4181344527
1020.0 37.7888629421
1030.0 38.1595918145
1040.0 38.5303210493
1050.0 38.901050627
1060.0 39.2717805289
1070.0 39.6425107371
1080.0 40.0132412347
1090.0 40.3839720054
1100.0 40.7547030335
1110.0 41.125434304
1120.0 41.4961658026
1130.0 41.8668975154
1140.0 42.2376294291
1150.0 42.6083615308
1160.0 42.9790938081
1170.0 43.3498262491
1180.0 43.7205588421
1190.0 44.0912915759
1200.0 44.4620244396
1210.0 44.8327574226
1220.0 45.2034905146
1230.0 45.5742237055
1240.0 45.9449569857
1250.0 46.3156903456
1260.0 46.6864237758
1270.0 47.0571572672
1280.0 47.4278908109
1290.0 47.7986243983
1300.0 48.1693580205
1310.0 48.5400916693
1320.0 48.9108253363
1330.0 49.2815590132
1340.0 49.6522926921
1350.0 50.023026365
1360.0 50.3937600239
1370.0 50.764493661
1380.0 51.1352272687
1390.0 51.5059608392
1400.0 51.8766943649
1410.0 52.2474278383
1420.0 52.6181612518
1430.0 52.9888945979
1440.0 53.3596278691
1450.0 53.730361058
1460.0 54.1010941571
1470.0 54.4718271589
1480.0 54.8425600561
1490.0 55.2132928411
1500.0 55.5840255065
1510.0 55.9547580447
1520.0 56.3254904482
1530.0 56.6962227095
1540.0 57.0669548209
1550.0 57.4376867748
1560.0 57.8084185635
1570.0 58.1791501792
1580.0 58.5498816141
1590.0 58.9206128603
1600.0 59.29134391
1610.0 59.6620747549
1620.0 60.0328053871
1630.0 60.4035357984
1640.0 60.7742659804
1650.0 61.1449959248
1660.0 61.5157256231
1670.0 61.8864550668
1680.0 62.2571842472
1690.0 62.6279131554
1700.0 62.9986417826
1710.0 63.3693701197
1720.0 63.7400981576
1730.0 64.1108258871
1740.0 64.4815532986
1750.0 64.8522803827
1760.0 65.2230071297
1770.0 65.5937335298
1780.0 65.9644595729
1790.0 66.335185249
1800.0 66.7059105478
1810.0 67.0766354588
1820.0 67.4473599714
1830.0 67.8180840749
1840.0 68.1888077583
1850.0 68.5595310106
1860.0 68.9302538203
1870.0 69.3009761762
1880.0 69.6716980664
1890.0 70.0424194791
1900.0 70.4131404024
1910.0 70.7838608239
1920.0 71.1545807312
1930.0 71.5253001117
1940.0 71.8960189526
1950.0 72.2667372408
1960.0 72.637454963
1970.0 73.0081721057
1980.0 73.3788886552
1990.0 73.7496045976
2000.0 74.1203199187
2010.0 74.4910346041
2020.0 74.8617486393
2030.0 75.2324620092
2040.0 75.6031746989
2050.0 75.973886693
2060.0 76.3445979758
2070.0 76.7153085315
2080.0 77.0860183441
2090.0 77.456727397
2100.0 77.8274356738
2110.0 78.1981431575
2120.0 78.568849831
2130.0 78.9395556767
2140.0 79.3102606772
2150.0 79.6809648142
2160.0 80.0516680697
2170.0 80.422370425
2180.0 80.7930718613
2190.0 81.1637723595
2200.0 81.5344719002
2210.0 81.9051704637
2220.0 82.2758680299
2230.0 82.6465645787
2240.0 83.0172600894
2250.0 83.3879545411
2260.0 83.7586479125
2270.0 84.1293401822
2280.0 84.5000313283
2290.0 84.8707213287
2300.0 85.2414101609
2310.0 85.6120978021
2320.0 85.9827842292
2330.0 86.3534694187
2340.0 86.724153347
2350.0 87.09483599
2360.0 87.4655173231
2370.0 87.8361973217
2380.0 88.2068759607
2390.0 88.5775532147
2400.0 88.9482290578
2410.0 89.3189034641
2420.0 89.6895764071
2430.0 90.06024786
2440.0 90.4309177957
2450.0 90.8015861868
2460.0 91.1722530054
2470.0 91.5429182233
2480.0 91.9135818121
2490.0 92.2842437429
2500.0 92.6549039866
2510.0 93.0255625135
2520.0 93.3962192938
2530.0 93.7668742973
2540.0 94.1375274932
2550.0 94.5081788507
2560.0 94.8788283385
2570.0 95.2494759249
2580.0 95.6201215778
2590.0 95.990765265
2600.0 96.3614069537
2610.0 96.7320466108
2620.0 97.102684203
2630.0 97.4733196964
2640.0 97.8439530569
2650.0 98.2145842502
2660.0 98.5852132413
2670.0 98.9558399951
2680.0 99.3264644761
2690.0 99.6970866484
2700.0 100.067706476
2710.0 100.438323922
2720.0 100.80893895
2730.0 101.179551522
2740.0 101.550161602
2750.0 101.920769151
2760.0 102.29137413
2770.0 102.661976502
2780.0 103.032576227
2790.0 103.403173267
2800.0 103.773767582
2810.0 104.144359132
2820.0 104.514947876
2830.0 104.885533775
2840.0 105.256116788
2850.0 105.626696874
2860.0 105.997273991
2870.0 106.367848097
2880.0 106.738419152
2890.0 107.108987111
2900.0 107.479551934
2910.0 107.850113578
2920.0 108.220671998
2930.0 108.591227153
2940.0 108.961778998
2950.0 109.332327489
2960.0 109.702872583
2970.0 110.073414235
2980.0 110.443952401
2990.0 110.814487035
3000.0 111.185018094
3010.0 111.555545531
3020.0 111.926069301
3030.0 112.296589358
3040.0 112.667105658
3050.0 113.037618152
3060.0 113.408126796
3070.0 113.778631543
3080.0 114.149132347
3090.0 114.51962916
3100.0 114.890121936
3110.0 115.260610627
3120.0 115.631095187
3130.0 116.001575568
3140.0 116.372051723
3150.0 116.742523605
3160.0 117.112991165
3170.0 117.483454356
3180.0 117.853913129
3190.0 118.224367439
3200.0 118.594817235
3210.0 118.96526247
3220.0 119.335703097
3230.0 119.706139067
3240.0 120.076570332
3250.0 120.446996843
3260.0 120.817418553
3270.0 121.187835414
3280.0 121.558247378
3290.0 121.928654395
3300.0 122.299056419
3310.0 122.669453401
3320.0 123.039845294
3330.0 123.410232049
3340.0 123.780613619
3350.0 124.150989957
3360.0 124.521361013
3370.0 124.891726742
3380.0 125.262087096
3390.0 125.632442027
3400.0 126.002791489
3410.0 126.373135435
3420.0 126.743473818
3430.0 127.113806592
3440.0 127.48413371
3450.0 127.854455127
3460.0 128.224770796
3470.0 128.595080673
3480.0 128.965384711
3490.0 129.335682866
3500.0 129.705975094
3510.0 130.076261349
3520.0 130.446541588
3530.0 130.816815767
3540.0 131.187083842
3550.0 131.557345771
3560.0 131.927601511
3570.0 132.297851019
3580.0 132.668094253
3590.0 133.038331173
3600.0 133.408561736
3610.0 133.778785903
3620.0 134.149003633
3630.0 134.519214886
3640.0 134.889419624
3650.0 135.259617807
3660.0 135.629809397
3670.0 135.999994357
3680.0 136.370172649
3690.0 136.740344237
3700.0 137.110509084
3710.0 137.480667156
3720.0 137.850818417
3730.0 138.220962833
3740.0 138.591100371
3750.0 138.961230997
3760.0 139.331354679
3770.0 139.701471385
3780.0 140.071581084
3790.0 140.441683746
3800.0 140.811779342
3810.0 141.181867842
3820.0 141.551949218
3830.0 141.922023443
3840.0 142.292090489
3850.0 142.662150332
3860.0 143.032202945
3870.0 143.402248305
3880.0 143.772286388
3890.0 144.142317171
3900.0 144.512340632
3910.0 144.88235675
3920.0 145.252365506
3930.0 145.622366879
3940.0 145.992360851
3950.0 146.362347404
3960.0 146.732326522
3970.0 147.10229819
3980.0 147.472262391
3990.0 147.842219113
4000.0 148.212168342
4010.0 148.582110066
4020.0 148.952044274
4030.0 149.321970956
4040.0 149.691890104
4050.0 150.061801708
4060.0 150.431705762
4070.0 150.801602259
4080.0 151.171491195
4090.0 151.541372565
4100.0 151.911246366
4110.0 152.281112597
4120.0 152.650971257
4130.0 153.020822345
4140.0 153.390665863
4150.0 153.760501813
4160.0 154.130330198
4170.0 154.500151023
4180.0 154.869964293
4190.0 155.239770015
4200.0 155.609568197
4210.0 155.979358848
4220.0 156.349141977
4230.0 156.718917595
4240.0 157.088685715
4250.0 157.45844635
4260.0 157.828199514
4270.0 158.197945223
4280.0 158.567683494
4290.0 158.937414344
4300.0 159.307137793
4310.0 159.67685386
4320.0 160.046562567
4330.0 160.416263936
4340.0 160.785957991
4350.0 161.155644757
4360.0 161.525324259
4370.0 161.894996524
4380.0 162.26466158
4390.0 162.634319457
4400.0 163.003970185
4410.0 163.373613796
4420.0 163.743250322
4430.0 164.112879797
4440.0 164.482502256
4450.0 164.852117736
4460.0 165.221726272
4470.0 165.591327905
4480.0 165.960922673
4490.0 166.330510616
4500.0 166.700091778
4510.0 167.069666199
4520.0 167.439233925
4530.0 167.808794999
4540.0 168.178349469
4550.0 168.547897382
4560.0 168.917438785
4570.0 169.286973728
4580.0 169.656502261
4590.0 170.026024436
4600.0 170.395540305
4610.0 170.765049921
4620.0 171.13455334
4630.0 171.504050616
4640.0 171.873541807
4650.0 172.243026969
4660.0 172.612506161
4670.0 172.981979442
4680.0 173.351446874
4690.0 173.720908517
4700.0 174.090364433
4710.0 174.459814686
4720.0 174.829259341
4730.0 175.198698461
4740.0 175.568132113
4750.0 175.937560364
4760.0 176.306983281
4770.0 176.676400933
4780.0 177.04581339
4790.0 177.41522072
4800.0 177.784622995
4810.0 178.154020287
4820.0 178.523412669
4830.0 178.892800212
4840.0 179.262182992
4850.0 179.631561082
4860.0 180.000934559
4870.0 180.370303498
4880.0 180.739667975
4890.0 181.109028078
4900.0 181.47838387
4910.0 181.847735437
4920.0 182.217082858
4930.0 182.586426214
4940.0 182.955765585
4950.0 183.325101052
4960.0 183.694432696
4970.0 184.063760599
4980.0 184.433084844
4990.0 184.802405514
5000.0 185.171722691
5010.0 185.541036461
5020.0 185.910346907
5030.0 186.279654114
5040.0 186.648958167
5050.0 187.018259152
5060.0 187.387557155
5070.0 187.756852261
5080.0 188.126144558
5090.0 188.495434131
5100.0 188.864721068
5110.0 189.234005456
5120.0 189.603287383
5130.0 189.972566936
5140.0 190.341844203
5150.0 190.711119272
5160.0 191.080392232
5170.0 191.449663169
5180.0 191.818932174
5190.0 192.188199333
5200.0 192.557464736
5210.0 192.926728472
5220.0 193.295990628
5230.0 193.665251293
5240.0 194.034510555
5250.0 194.403768503
5260.0 194.773025226
5270.0 195.142280812
5280.0 195.511535348
5290.0 195.880788922
5300.0 196.250041624
5310.0 196.619293539
5320.0 196.988544757
5330.0 197.357795363
5340.0 197.727045446
5350.0 198.096295091
5360.0 198.465544386
5370.0 198.834793416
5380.0 199.204042268
5390.0 199.573291028
5400.0 199.942539779
5410.0 200.311788608
5420.0 200.681037599
5430.0 201.050286835
5440.0 201.419536401
5450.0 201.78878638
5460.0 202.158036855
5470.0 202.527287908
5480.0 202.89653962
5490.0 203.265792073
5500.0 203.635045348
5510.0 204.004299525
5520.0 204.373554683
5530.0 204.742810903
5540.0 205.112068261
5550.0 205.481326837
5560.0 205.850586707
5570.0 206.219847948
5580.0 206.589110636
5590.0 206.958374846
5600.0 207.327640654
5610.0 207.696908132
5620.0 208.066177354
5630.0 208.435448393
5640.0 208.80472132
5650.0 209.173996206
5660.0 209.543273121
5670.0 209.912552136
5680.0 210.281833317
5690.0 210.651116735
5700.0 211.020402454
5710.0 211.389690543
5720.0 211.758981065
5730.0 212.128274085
5740.0 212.497569668
5750.0 212.866867876
5760.0 213.23616877
5770.0 213.605472413
5780.0 213.974778863
5790.0 214.344088181
5800.0 214.713400424
5810.0 215.08271565
5820.0 215.452033915