0.0 0.0
120.0 4.49646539796
120.625 4.51891336237
121.25 4.54137007974
122.5 4.58630908407
123.75 4.63128107698
125.0 4.67628479292
126.25 4.72131903057
127.5 4.76638264899
128.75 4.81147456403
130.0 4.85659374495
131.25 4.90173921132
132.5 4.94691003008
133.75 4.99210531282
135.0 5.03732421321
136.25 5.08256592464
137.5 5.127829678
138.75 5.17311473956
140.0 5.21842040903
141.25 5.26374601774
142.5 5.30909092689
143.75 5.354454526
145.0 5.39983623131
146.25 5.44523548445
147.5 5.49065175102
148.75 5.53608451942
150.0 5.5815332996
151.25 5.62699762199
152.5 5.67247703644
153.75 5.71797111123
155.0 5.76347943218
156.25 5.80900160172
157.5 5.85453723811
158.75 5.90008597463
160.0 5.94564745889
161.25 5.99122135208
162.5 6.03680732836
165.0 6.12801428795
167.5 6.21926596734
170.0 6.31056016729
172.5 6.40189484415
175.0 6.49326809601
177.5 6.5846781503
180.0 6.67612335255
182.5 6.76760215633
185.0 6.85911311418
187.5 6.9506548694
190.0 7.04222614861
192.5 7.13382575507
195.0 7.22545256256
197.5 7.31710550991
200.0 7.40878359595
202.5 7.50048587494
205.0 7.59221145249
207.5 7.68395948168
210.0 7.77572915972
212.5 7.86751972472
215.0 7.95933045284
217.5 8.05116065567
220.0 8.1430096778
222.5 8.23487689462
225.0 8.32676171029
230.0 8.51058188756
235.0 8.69446595105
240.0 8.8784099976
245.0 9.06241043818
250.0 9.24646396248
255.0 9.43056750872
260.0 9.61471823757
265.0 9.79891350973
270.0 9.98315086641
275.0 10.1674280124
280.0 10.3517428012
285.0 10.5360932221
290.0 10.7204773889
295.0 10.9048935293
300.0 11.0893399765
305.0 11.2738151608
310.0 11.4583176027
315.0 11.6428459062
320.0 11.8273987532
330.0 12.1965731643
340.0 12.5658316609
350.0 12.9351660238
360.0 13.3045688767
370.0 13.6740335914
380.0 14.043554205
390.0 14.4131253492
400.0 14.7827421878
410.0 15.1524003621
420.0 15.5220959422
430.0 15.8918253839
440.0 16.2615854905
450.0 16.6313733779
460.0 17.0011864439
470.0 17.3710223404
480.0 17.7408789485
490.0 18.1107543556
500.0 18.4806468356
510.0 18.8505548302
520.0 19.2204769325
530.0 19.590411872
540.0 19.9603585014
550.0 20.330315784
560.0 20.7002827834
570.0 21.0702586528
580.0 21.440242627
590.0 21.8102340137
600.0 22.1802321863
610.0 22.5502365778
620.0 22.9202466746
630.0 23.2902620114
640.0 23.6602821662
650.0 24.0303067562
660.0 24.4003354338
670.0 24.7703678833
680.0 25.1404038178
690.0 25.5104429761
700.0 25.8804851204
710.0 26.250530034
720.0 26.6205775193
730.0 26.9906273959
740.0 27.3606794988
750.0 27.7307336771
760.0 28.1007897929
770.0 28.4708477194
780.0 28.8409073405
790.0 29.2109685496
800.0 29.5810312484
810.0 29.9510953467
820.0 30.3211607612
830.0 30.6912274152
840.0 31.0612952376
850.0 31.431364163
860.0 31.8014341305
870.0 32.1715050839
880.0 32.5415769711
890.0 32.9116497435
900.0 33.2817233561
910.0 33.6517977669
920.0 34.0218729369
930.0 34.3919488295
940.0 34.7620254109
950.0 35.1321026493
960.0 35.5021805148
970.0 35.8722589798
980.0 36.2423380183
990.0 36.6124176057
1000.0 36.9824977193
1010.0 37.3525783376
1020.0 37.7226594404
1030.0 38.0927410088
1040.0 38.4628230249
1050.0 38.8329054722
1060.0 39.2029883348
1070.0 39.5730715979
1080.0 39.9431552476
1090.0 40.3132392709
1100.0 40.6833236553
1110.0 41.0534083893
1120.0 41.423493462
1130.0 41.7935788631
1140.0 42.163664583
1150.0 42.5337506127
1160.0 42.9038369435
1170.0 43.2739235675
1180.0 43.6440104773
1190.0 44.0140976658
1200.0 44.3841851265
1210.0 44.7542728533
1220.0 45.1243608404
1230.0 45.4944490826
1240.0 45.8645375749
1250.0 46.2346263129
1260.0 46.6047152922
1270.0 46.974804509
1280.0 47.3448939598
1290.0 47.7149836414
1300.0 48.0850735509
1310.0 48.4551636857
1320.0 48.8252540433
1330.0 49.1953446219
1340.0 49.5654354196
1350.0 49.9355264349
1360.0 50.3056176666
1370.0 50.6757091137
1380.0 51.0458007753
1390.0 51.4158926512
1400.0 51.7859847408
1410.0 52.1560770443
1420.0 52.5261695618
1430.0 52.8962622936
1440.0 53.2663552406
1450.0 53.6364484034
1460.0 54.0065417833
1470.0 54.3766353813
1480.0 54.7467291991
1490.0 55.1168232384
1500.0 55.4869175009
1510.0 55.857011989
1520.0 56.2271067048
1530.0 56.5972016508
1540.0 56.9672968298
1550.0 57.3373922448
1560.0 57.7074878987
1570.0 58.0775837949
1580.0 58.4476799369
1590.0 58.8177763285
1600.0 59.1878729735
1610.0 59.5579698759
1620.0 59.9280670403
1630.0 60.2981644709
1640.0 60.6682621725
1650.0 61.03836015
1660.0 61.4084584085
1670.0 61.7785569533
1680.0 62.1486557898
1690.0 62.5187549238
1700.0 62.8888543612
1710.0 63.258954108
1720.0 63.6290541706
1730.0 63.9991545554
1740.0 64.3692552693
1750.0 64.7393563191
1760.0 65.109457712
1770.0 65.4795594553
1780.0 65.8496615566
1790.0 66.2197640236
1800.0 66.5898668644
1810.0 66.9599700873
1820.0 67.3300737005
1830.0 67.7001777129
1840.0 68.0702821332
1850.0 68.4403869706
1860.0 68.8104922344
1870.0 69.1805979343
1880.0 69.5507040799
1890.0 69.9208106814
1900.0 70.290917749
1910.0 70.6610252933
1920.0 71.031133325
1930.0 71.4012418551
1940.0 71.7713508948
1950.0 72.1414604557
1960.0 72.5115705495
1970.0 72.8816811881
1980.0 73.251792384
1990.0 73.6219041495
2000.0 73.9920164974
2010.0 74.3621294409
2020.0 74.7322429931
2030.0 75.1023571678
2040.0 75.4724719786
2050.0 75.8425874397
2060.0 76.2127035656
2070.0 76.5828203708
2080.0 76.9529378704
2090.0 77.3230560795
2100.0 77.6931750137
2110.0 78.0632946889
2120.0 78.433415121
2130.0 78.8035363264
2140.0 79.173658322
2150.0 79.5437811245
2160.0 79.9139047514
2170.0 80.2840292202
2180.0 80.6541545488
2190.0 81.0242807553
2200.0 81.3944078584
2210.0 81.7645358767
2220.0 82.1346648295
2230.0 82.5047947361
2240.0 82.8749256165
2250.0 83.2450574905
2260.0 83.6151903787
2270.0 83.9853243017
2280.0 84.3554592807
2290.0 84.725595337
2300.0 85.0957324924
2310.0 85.4658707688
2320.0 85.8360101888
2330.0 86.2061507749
2340.0 86.5762925503
2350.0 86.9464355384
2360.0 87.3165797629
2370.0 87.6867252479
2380.0 88.0568720178
2390.0 88.4270200974
2400.0 88.7971695119
2410.0 89.1673202867
2420.0 89.5374724476
2430.0 89.9076260208
2440.0 90.2777810329
2450.0 90.6479375107
2460.0 91.0180954815
2470.0 91.3882549728
2480.0 91.7584160126
2490.0 92.1285786292
2500.0 92.4987428513
2510.0 92.8689087079
2520.0 93.2390762283
2530.0 93.6092454424
2540.0 93.9794163802
2550.0 94.3495890721
2560.0 94.719763549
2570.0 95.089939842
2580.0 95.4601179828
2590.0 95.830298003
2600.0 96.2004799352
2610.0 96.5706638117
2620.0 96.9408496656
2630.0 97.3110375302
2640.0 97.6812274393
2650.0 98.0514194267
2660.0 98.4216135269
2670.0 98.7918097746
2680.0 99.162008205
2690.0 99.5322088534
2700.0 99.9024117556
2710.0 100.272616948
2720.0 100.642824466
2730.0 101.013034348
2740.0 101.38324663
2750.0 101.75346135
2760.0 102.123678546
2770.0 102.493898256
2780.0 102.864120517
2790.0 103.23434537
2800.0 103.604572854
2810.0 103.974803007
2820.0 104.345035869
2830.0 104.715271481
2840.0 105.085509883
2850.0 105.455751116
2860.0 105.82599522
2870.0 106.196242237
2880.0 106.566492209
2890.0 106.936745177
2900.0 107.307001183
2910.0 107.677260271
2920.0 108.047522482
2930.0 108.41778786
2940.0 108.788056448
2950.0 109.15832829
2960.0 109.528603428
2970.0 109.898881908
2980.0 110.269163773
2990.0 110.639449068
3000.0 111.009737838
3010.0 111.380030127
3020.0 111.750325981
3030.0 112.120625445
3040.0 112.490928564
3050.0 112.861235385
3060.0 113.231545953
3070.0 113.601860315
3080.0 113.972178516
3090.0 114.342500603
3100.0 114.712826623
3110.0 115.083156622
3120.0 115.453490648
3130.0 115.823828747
3140.0 116.194170967
3150.0 116.564517354
3160.0 116.934867957
3170.0 117.305222822
3180.0 117.675581997
3190.0 118.04594553
3200.0 118.416313469
3210.0 118.78668586
3220.0 119.157062753
3230.0 119.527444194
3240.0 119.897830232
3250.0 120.268220914
3260.0 120.638616289
3270.0 121.009016403
3280.0 121.379421306
3290.0 121.749831045
3300.0 122.120245667
3310.0 122.490665221
3320.0 122.861089754
3330.0 123.231519313
3340.0 123.601953947
3350.0 123.972393702
3360.0 124.342838626
3370.0 124.713288766
3380.0 125.083744169
3390.0 125.454204882
3400.0 125.824670952
3410.0 126.195142425
3420.0 126.565619347
3430.0 126.936101766
3440.0 127.306589727
3450.0 127.677083275
3460.0 128.047582456
3470.0 128.418087316
3480.0 128.788597899
3490.0 129.159114251
3500.0 129.529636415
3510.0 129.900164436
3520.0 130.270698358
3530.0 130.641238224
3540.0 131.011784077
3550.0 131.382335961
3560.0 131.752893917
3570.0 132.123457988
3580.0 132.494028215
3590.0 132.864604639
3600.0 133.235187303
3610.0 133.605776244
3620.0 133.976371505
3630.0 134.346973124
3640.0 134.71758114
3650.0 135.088195592
3660.0 135.458816517
3670.0 135.829443954
3680.0 136.200077939
3690.0 136.570718508
3700.0 136.941365697
3710.0 137.312019542
3720.0 137.682680077
3730.0 138.053347336
3740.0 138.424021352
3750.0 138.794702159
3760.0 139.165389788
3770.0 139.536084271
3780.0 139.906785639
3790.0 140.277493921
3800.0 140.648209148
3810.0 141.018931348
3820.0 141.389660548
3830.0 141.760396776
3840.0 142.131140059
3850.0 142.501890422
3860.0 142.87264789
3870.0 143.243412488
3880.0 143.614184237
3890.0 143.984963162
3900.0 144.355749284
3910.0 144.726542623
3920.0 145.097343199
3930.0 145.468151032
3940.0 145.83896614
3950.0 146.20978854
3960.0 146.580618249
3970.0 146.951455282
3980.0 147.322299653
3990.0 147.693151377
4000.0 148.064010466
4010.0 148.434876932
4020.0 148.805750786
4030.0 149.176632037
4040.0 149.547520694
4050.0 149.918416766
4060.0 150.289320259
4070.0 150.660231179
4080.0 151.031149531
4090.0 151.402075318
4100.0 151.773008544
4110.0 152.14394921
4120.0 152.514897316
4130.0 152.885852863
4140.0 153.256815849
4150.0 153.627786272
4160.0 153.998764127
4170.0 154.36974941
4180.0 154.740742115
4190.0 155.111742236
4200.0 155.482749764
4210.0 155.853764691
4220.0 156.224787006
4230.0 156.595816697
4240.0 156.966853753
4250.0 157.33789816
4260.0 157.708949902
4270.0 158.080008965
4280.0 158.451075331
4290.0 158.822148983
4300.0 159.1932299
4310.0 159.564318062
4320.0 159.935413449
4330.0 160.306516036
4340.0 160.677625801
4350.0 161.048742719
4360.0 161.419866763
4370.0 161.790997906
4380.0 162.162136119
4390.0 162.533281374
4400.0 162.904433638
4410.0 163.275592882
4420.0 163.646759071
4430.0 164.017932171
4440.0 164.389112147
4450.0 164.760298963
4460.0 165.131492582
4470.0 165.502692964
4480.0 165.873900069
4490.0 166.245113858
4500.0 166.616334287
4510.0 166.987561314
4520.0 167.358794895
4530.0 167.730034984
4540.0 168.101281535
4550.0 168.472534501
4560.0 168.843793832
4570.0 169.215059479
4580.0 169.586331393
4590.0 169.95760952
4600.0 170.328893808
4610.0 170.700184203
4620.0 171.071480651
4630.0 171.442783096
4640.0 171.814091481
4650.0 172.185405747
4660.0 172.556725837
4670.0 172.92805169
4680.0 173.299383245
4690.0 173.670720442
4700.0 174.042063217
4710.0 174.413411506
4720.0 174.784765246
4730.0 175.156124371
4740.0 175.527488814
4750.0 175.898858509
4760.0 176.270233387
4770.0 176.64161338
4780.0 177.012998417
4790.0 177.38438843
4800.0 177.755783345
4810.0 178.127183092
4820.0 178.498587598
4830.0 178.869996788
4840.0 179.241410589
4850.0 179.612828926
4860.0 179.984251723
4870.0 180.355678904
4880.0 180.727110391
4890.0 181.098546098
4900.0 181.469985961
4910.0 181.841429892
4920.0 182.212877813
4930.0 182.584329643
4940.0 182.955785301
4950.0 183.327244705
4960.0 183.698707775
4970.0 184.070174428
4980.0 184.44164458
4990.0 184.813118149
5000.0 185.18459505
5010.0 185.5560752
5020.0 185.927558512
5030.0 186.299044904
5040.0 186.670534287
5050.0 187.042026578
5060.0 187.413521689
5070.0 187.785019535
5080.0 188.156520027
5090.0 188.528023079
5100.0 188.899528604
5110.0 189.271036513
5120.0 189.64254672
5130.0 190.014059135
5140.0 190.385573671
5150.0 190.757090238
5160.0 191.12860875
5170.0 191.500129116
5180.0 191.871651247
5190.0 192.243175056
5200.0 192.614700454
5210.0 192.98622735
5220.0 193.357755656
5230.0 193.729285284
5240.0 194.100816144
5250.0 194.472348147
5260.0 194.843881205
5270.0 195.215415228
5280.0 195.586950129
5290.0 195.958485818
5300.0 196.330022207
5310.0 196.701559208
5320.0 197.073096733
5330.0 197.444634694
5340.0 197.816173004
5350.0 198.187711575
5360.0 198.55925032
5370.0 198.930789153
5380.0 199.302327986
5390.0 199.673866734
5400.0 200.045405311
5410.0 200.416943632
5420.0 200.788481611
5430.0 201.160019163
5440.0 201.531556205
5450.0 201.903092653
5460.0 202.274628422
5470.0 202.646163431
5480.0 203.017697597
5490.0 203.389230838
5500.0 203.760763073
5510.0 204.13229422
5520.0 204.5038242
5530.0 204.875352933
5540.0 205.246880339
5550.0 205.61840634
5560.0 205.989930859
5570.0 206.361453817
5580.0 206.732975138
5590.0 207.104494747
5600.0 207.476012567
5610.0 207.847528525
5620.0 208.219042546
5630.0 208.590554558
5640.0 208.962064487
5650.0 209.333572262
5660.0 209.705077813
5670.0 210.076581068
5680.0 210.448081959
5690.0 210.819580417
5700.0 211.191076374
5710.0 211.562569764
5720.0 211.934060519
5730.0 212.305548575
5740.0 212.677033868
5750.0 213.048516333
5760.0 213.419995908
5770.0 213.791472531
5780.0 214.162946141
5790.0 214.534416679
5800.0 214.905884084
5810.0 215.277348299
5820.0 215.648809266