0.0 0.0
120.0 4.49574096021
120.625 4.5181851508
121.25 4.54063809435
122.5 4.585569551
123.75 4.6305339962
125.0 4.67553016439
126.25 4.72055685425
127.5 4.76561292485
128.75 4.81069729202
130.0 4.85580892505
131.25 4.90094684348
132.5 4.94611011427
133.75 4.991297849
135.0 5.03650920134
136.25 5.08174336469
137.5 5.12699956992
138.75 5.17227708332
140.0 5.21757520459
141.25 5.26289326506
142.5 5.30823062594
143.75 5.35358667672
145.0 5.39896083368
146.25 5.44435253841
147.5 5.48976125655
148.75 5.53518647647
150.0 5.58062770813
151.25 5.62608448196
152.5 5.6715563478
153.75 5.71704287395
155.0 5.76254364622
156.25 5.80805826703
157.5 5.85358635465
158.75 5.89912754236
160.0 5.94468147776
161.25 5.99024782206
162.5 6.0358262494
165.0 6.12701811097
167.5 6.21825469217
170.0 6.30953379375
172.5 6.40085337206
175.0 6.4922115252
177.5 6.58360648057
180.0 6.67503658372
182.5 6.76650028821
185.0 6.85799614658
187.5 6.94952280212
190.0 7.04107898145
192.5 7.13266348783
195.0 7.22427519506
197.5 7.31591304193
200.0 7.40757602728
202.5 7.49926320538
205.0 7.59097368182
207.5 7.68270660971
210.0 7.77446118622
212.5 7.86623664946
215.0 7.95803227562
217.5 8.04984737625
220.0 8.14168129596
222.5 8.23353341013
225.0 8.32540312292
230.0 8.50919309373
235.0 8.69304694979
240.0 8.87696078794
245.0 9.0609310191
250.0 9.24495433297
255.0 9.42902766772
260.0 9.61314818401
265.0 9.79731324251
270.0 9.98152038439
275.0 10.1657673144
280.0 10.3500518861
285.0 10.5343720887
290.0 10.7187260359
295.0 10.9031119555
300.0 11.0875281806
305.0 11.2719731415
310.0 11.4564453586
315.0 11.6409434359
320.0 11.8254660554
330.0 12.194580007
340.0 12.5637780381
350.0 12.9330519292
360.0 13.3023943038
370.0 13.6717985333
380.0 14.0412586545
390.0 14.4107692988
400.0 14.7803256297
410.0 15.1499232882
420.0 15.5195583439
430.0 15.8892272525
440.0 16.2589268166
450.0 16.6286541519
460.0 16.9984066557
470.0 17.3681819796
480.0 17.7379780042
490.0 18.1077928164
500.0 18.4776246897
510.0 18.8474720652
520.0 19.2173335355
530.0 19.5872078297
540.0 19.9570937998
550.0 20.3269904087
560.0 20.6968967192
570.0 21.0668118842
580.0 21.4367351376
590.0 21.8066657864
600.0 22.1766032036
610.0 22.5465468213
620.0 22.9164961253
630.0 23.2864506493
640.0 23.6564099708
650.0 24.026373706
660.0 24.3963415067
670.0 24.7663130562
680.0 25.1362880666
690.0 25.5062662759
700.0 25.8762474453
710.0 26.2462313572
720.0 26.6162178129
730.0 26.9862066309
740.0 27.3561976453
750.0 27.7261907039
760.0 28.0961856677
770.0 28.4661824087
780.0 28.8361808096
790.0 29.2061807623
800.0 29.5761821675
810.0 29.9461849334
820.0 30.3161889754
830.0 30.6861942152
840.0 31.0562005805
850.0 31.426208004
860.0 31.7962164234
870.0 32.1662257808
880.0 32.5362360223
890.0 32.9062470977
900.0 33.2762589601
910.0 33.6462715656
920.0 34.0162848733
930.0 34.3862988447
940.0 34.7563134438
950.0 35.1263286366
960.0 35.4963443914
970.0 35.866360678
980.0 36.2363774681
990.0 36.6063947349
1000.0 36.9764124531
1010.0 37.3464305987
1020.0 37.716449149
1030.0 38.0864680822
1040.0 38.4564873779
1050.0 38.8265070164
1060.0 39.1965269792
1070.0 39.5665472483
1080.0 39.9365678067
1090.0 40.3065886382
1100.0 40.6766097272
1110.0 41.0466310586
1120.0 41.416652618
1130.0 41.7866743917
1140.0 42.1566963662
1150.0 42.5267185288
1160.0 42.8967408669
1170.0 43.2667633688
1180.0 43.6367860226
1190.0 44.0068088173
1200.0 44.3768317418
1210.0 44.7468547857
1220.0 45.1168779385
1230.0 45.4869011903
1240.0 45.8569245313
1250.0 46.226947952
1260.0 46.5969714431
1270.0 46.9669949954
1280.0 47.3370186
1290.0 47.7070422482
1300.0 48.0770659313
1310.0 48.4470896409
1320.0 48.8171133687
1330.0 49.1871371065
1340.0 49.5571608463
1350.0 49.92718458
1360.0 50.2972082997
1370.0 50.6672319977
1380.0 51.0372556663
1390.0 51.4072792976
1400.0 51.7773028842
1410.0 52.1473264184
1420.0 52.5173498927
1430.0 52.8873732997
1440.0 53.2573966318
1450.0 53.6274198815
1460.0 53.9974430415
1470.0 54.3674661042
1480.0 54.7374890622
1490.0 55.1075119081
1500.0 55.4775346343
1510.0 55.8475572333
1520.0 56.2175796977
1530.0 56.5876020198
1540.0 56.9576241921
1550.0 57.3276462068
1560.0 57.6976680564
1570.0 58.0676897329
1580.0 58.4377112287
1590.0 58.8077325358
1600.0 59.1777536463
1610.0 59.5477745521
1620.0 59.9177952451
1630.0 60.2878157172
1640.0 60.6578359601
1650.0 61.0278559654
1660.0 61.3978757246
1670.0 61.7678952291
1680.0 62.1379144703
1690.0 62.5079334394
1700.0 62.8779521274
1710.0 63.2479705254
1720.0 63.6179886242
1730.0 63.9880064144
1740.0 64.3580238868
1750.0 64.7280410318
1760.0 65.0980578397
1770.0 65.4680743006
1780.0 65.8380904045
1790.0 66.2081061415
1800.0 66.5781215011
1810.0 66.948136473
1820.0 67.3181510465
1830.0 67.6881652108
1840.0 68.0581789551
1850.0 68.4281922682
1860.0 68.7982051388
1870.0 69.1682175555
1880.0 69.5382295065
1890.0 69.9082409801
1900.0 70.2782519642
1910.0 70.6482624466
1920.0 71.0182724148
1930.0 71.3882818562
1940.0 71.7582907579
1950.0 72.1282991069
1960.0 72.4983068899
1970.0 72.8683140935
1980.0 73.2383207039
1990.0 73.6083267071
2000.0 73.9783320891
2010.0 74.3483368354
2020.0 74.7183409314
2030.0 75.0883443622
2040.0 75.4583471127
2050.0 75.8283491676
2060.0 76.1983505113
2070.0 76.5683511279
2080.0 76.9383510013
2090.0 77.3083501151
2100.0 77.6783484527
2110.0 78.0483459973
2120.0 78.4183427316
2130.0 78.7883386382
2140.0 79.1583336995
2150.0 79.5283278974
2160.0 79.8983212137
2170.0 80.2683136298
2180.0 80.638305127
2190.0 81.008295686
2200.0 81.3782852876
2210.0 81.7482739119
2220.0 82.1182615391
2230.0 82.4882481487
2240.0 82.8582337202
2250.0 83.2282182327
2260.0 83.598201665
2270.0 83.9681839956
2280.0 84.3381652025
2290.0 84.7081452638
2300.0 85.0781241568
2310.0 85.4481018588
2320.0 85.8180783468
2330.0 86.1880535972
2340.0 86.5580275864
2350.0 86.9280002902
2360.0 87.2979716841
2370.0 87.6679417436
2380.0 88.0379104435
2390.0 88.4078777583
2400.0 88.7778436623
2410.0 89.1478081295
2420.0 89.5177711333
2430.0 89.8877326471
2440.0 90.2576926436
2450.0 90.6276510955
2460.0 90.9976079749
2470.0 91.3675632537
2480.0 91.7375169034
2490.0 92.1074688951
2500.0 92.4774191996
2510.0 92.8473677874
2520.0 93.2173146285
2530.0 93.5872596928
2540.0 93.9572029496
2550.0 94.327144368
2560.0 94.6970839166
2570.0 95.0670215638
2580.0 95.4369572776
2590.0 95.8068910256
2600.0 96.1768227752
2610.0 96.5467524932
2620.0 96.9166801462
2630.0 97.2866057004
2640.0 97.6565291218
2650.0 98.0264503759
2660.0 98.3963694279
2670.0 98.7662862425
2680.0 99.1362007844
2690.0 99.5061130176
2700.0 99.876022906
2710.0 100.245930413
2720.0 100.615835502
2730.0 100.985738135
2740.0 101.355638275
2750.0 101.725535885
2760.0 102.095430925
2770.0 102.465323358
2780.0 102.835213144
2790.0 103.205100245
2800.0 103.57498462
2810.0 103.944866231
2820.0 104.314745037
2830.0 104.684620996
2840.0 105.05449407
2850.0 105.424364217
2860.0 105.794231394
2870.0 106.164095562
2880.0 106.533956677
2890.0 106.903814698
2900.0 107.273669582
2910.0 107.643521286
2920.0 108.013369767
2930.0 108.383214982
2940.0 108.753056888
2950.0 109.12289544
2960.0 109.492730595
2970.0 109.862562308
2980.0 110.232390535
2990.0 110.60221523
3000.0 110.972036349
3010.0 111.341853847
3020.0 111.711667678
3030.0 112.081477797
3040.0 112.451284157
3050.0 112.821086712
3060.0 113.190885417
3070.0 113.560680225
3080.0 113.930471089
3090.0 114.300257963
3100.0 114.6700408
3110.0 115.039819552
3120.0 115.409594173
3130.0 115.779364615
3140.0 116.149130831
3150.0 116.518892773
3160.0 116.888650394
3170.0 117.258403646
3180.0 117.62815248
3190.0 117.99789685
3200.0 118.367636707
3210.0 118.737372004
3220.0 119.107102691
3230.0 119.476828722
3240.0 119.846550048
3250.0 120.21626662
3260.0 120.585978391
3270.0 120.955685313
3280.0 121.325387337
3290.0 121.695084415
3300.0 122.0647765
3310.0 122.434463543
3320.0 122.804145497
3330.0 123.173822313
3340.0 123.543493944
3350.0 123.913160342
3360.0 124.28282146
3370.0 124.652477249
3380.0 125.022127664
3390.0 125.391772656
3400.0 125.761412179
3410.0 126.131046186
3420.0 126.500674629
3430.0 126.870297464
3440.0 127.239914643
3450.0 127.609526121
3460.0 127.979131851
3470.0 128.348731788
3480.0 128.718325887
3490.0 129.087914104
3500.0 129.457496392
3510.0 129.827072708
3520.0 130.196643008
3530.0 130.566207248
3540.0 130.935765384
3550.0 131.305317373
3560.0 131.674863174
3570.0 132.044402743
3580.0 132.413936038
3590.0 132.783463018
3600.0 133.152983643
3610.0 133.522497871
3620.0 133.892005661
3630.0 134.261506976
3640.0 134.631001774
3650.0 135.000490018
3660.0 135.369971669
3670.0 135.73944669
3680.0 136.108915043
3690.0 136.478376691
3700.0 136.8478316
3710.0 137.217279732
3720.0 137.586721054
3730.0 137.956155531
3740.0 138.325583129
3750.0 138.695003816
3760.0 139.064417559
3770.0 139.433824326
3780.0 139.803224086
3790.0 140.172616809
3800.0 140.542002466
3810.0 140.911381026
3820.0 141.280752463
3830.0 141.650116749
3840.0 142.019473856
3850.0 142.38882376
3860.0 142.758166434
3870.0 143.127501855
3880.0 143.496829998
3890.0 143.866150842
3900.0 144.235464364
3910.0 144.604770544
3920.0 144.97406936
3930.0 145.343360793
3940.0 145.712644826
3950.0 146.081921441
3960.0 146.45119062
3970.0 146.820452348
3980.0 147.18970661
3990.0 147.558953393
4000.0 147.928192682
4010.0 148.297424467
4020.0 148.666648737
4030.0 149.03586548
4040.0 149.405074688
4050.0 149.774276353
4060.0 150.143470467
4070.0 150.512657026
4080.0 150.881836022
4090.0 151.251007453
4100.0 151.620171316
4110.0 151.989327608
4120.0 152.358476328
4130.0 152.727617477
4140.0 153.096751055
4150.0 153.465877066
4160.0 153.834995512
4170.0 154.204106398
4180.0 154.573209729
4190.0 154.942305512
4200.0 155.311393755
4210.0 155.680474466
4220.0 156.049547656
4230.0 156.418613335
4240.0 156.787671516
4250.0 157.156722212
4260.0 157.525765437
4270.0 157.894801207
4280.0 158.263829539
4290.0 158.63285045
4300.0 159.001863959
4310.0 159.370870087
4320.0 159.739868855
4330.0 160.108860285
4340.0 160.477844401
4350.0 160.846821227
4360.0 161.21579079
4370.0 161.584753116
4380.0 161.953708233
4390.0 162.322656171
4400.0 162.69159696
4410.0 163.060530631
4420.0 163.429457218
4430.0 163.798376754
4440.0 164.167289274
4450.0 164.536194815
4460.0 164.905093412
4470.0 165.273985106
4480.0 165.642869934
4490.0 166.011747939
4500.0 166.380619161
4510.0 166.749483643
4520.0 167.11834143
4530.0 167.487192565
4540.0 167.856037096
4550.0 168.224875069
4560.0 168.593706533
4570.0 168.962531537
4580.0 169.331350131
4590.0 169.700162367
4600.0 170.068968297
4610.0 170.437767974
4620.0 170.806561454
4630.0 171.175348791
4640.0 171.544130042
4650.0 171.912905265
4660.0 172.281674518
4670.0 172.65043786
4680.0 173.019195352
4690.0 173.387947056
4700.0 173.756693033
4710.0 174.125433348
4720.0 174.494168063
4730.0 174.862897244
4740.0 175.231620957
4750.0 175.600339269
4760.0 175.969052247
4770.0 176.33775996
4780.0 176.706462477
4790.0 177.075159868
4800.0 177.443852204
4810.0 177.812539557
4820.0 178.181221999
4830.0 178.549899604
4840.0 178.918572444
4850.0 179.287240596
4860.0 179.655904133
4870.0 180.024563132
4880.0 180.39321767
4890.0 180.761867835
4900.0 181.130513687
4910.0 181.499155315
4920.0 181.867792797
4930.0 182.236426214
4940.0 182.605055646
4950.0 182.973681174
4960.0 183.342302879
4970.0 183.710920843
4980.0 184.079535148
4990.0 184.448145879
5000.0 184.816753117
5010.0 185.185356948
5020.0 185.553957455
5030.0 185.922554723
5040.0 186.291148837
5050.0 186.659739883
5060.0 187.028327946
5070.0 187.396913113
5080.0 187.76549547
5090.0 188.134075105
5100.0 188.502652103
5110.0 188.871226552
5120.0 189.239798539
5130.0 189.608368153
5140.0 189.976935481
5150.0 190.345500611
5160.0 190.714063631
5170.0 191.08262463
5180.0 191.451183695
5190.0 191.819740915
5200.0 192.188296379
5210.0 192.556850176
5220.0 192.925402392
5230.0 193.293953118
5240.0 193.662502441
5250.0 194.031050451
5260.0 194.399597234
5270.0 194.768142881
5280.0 195.136687478
5290.0 195.505231113
5300.0 195.873773875
5310.0 196.242315852
5320.0 196.61085713
5330.0 196.979397797
5340.0 197.347937941
5350.0 197.716477647
5360.0 198.085017003
5370.0 198.453556094
5380.0 198.822095007
5390.0 199.190633827
5400.0 199.559172639
5410.0 199.927711529
5420.0 200.29625058
5430.0 200.664789878
5440.0 201.033329505
5450.0 201.401869545
5460.0 201.77041008
5470.0 202.138951194
5480.0 202.507492967
5490.0 202.876035481
5500.0 203.244578816
5510.0 203.613123054
5520.0 203.981668273
5530.0 204.350214554
5540.0 204.718761973
5550.0 205.08731061
5560.0 205.455860541
5570.0 205.824411843
5580.0 206.192964591
5590.0 206.561518863
5600.0 206.930074731
5610.0 207.29863227
5620.0 207.667191553
5630.0 208.035752652
5640.0 208.40431564
5650.0 208.772880587
5660.0 209.141447563
5670.0 209.510016639
5680.0 209.878587881
5690.0 210.247161359
5700.0 210.61573714
5710.0 210.984315289
5720.0 211.352895872
5730.0 211.721478954
5740.0 212.090064597
5750.0 212.458652866
5760.0 212.827243821
5770.0 213.195837524
5780.0 213.564434036
5790.0 213.933033414
5800.0 214.301635718
5810.0 214.670241005
5820.0 215.038849331