0.0 0.0
120.0 4.49921955617
120.625 4.52168186515
121.25 4.5441529271
122.5 4.58912062058
123.75 4.63412130264
125.0 4.67915370773
126.25 4.72421663453
127.5 4.7693089421
128.75 4.81442954628
130.0 4.85957741635
131.25 4.90475157187
132.5 4.94995107978
133.75 4.99517505166
135.0 5.0404226412
136.25 5.08569304178
137.5 5.13098548429
138.75 5.176299235
140.0 5.22163359361
141.25 5.26698789147
142.5 5.31236148978
143.75 5.35775377803
145.0 5.40316417249
146.25 5.44859211477
147.5 5.4940370705
148.75 5.53949852804
150.0 5.58497599737
151.25 5.63046900891
152.5 5.6759771125
153.75 5.72149987644
155.0 5.76703688654
156.25 5.81258774523
157.5 5.85815207077
158.75 5.90372949644
160.0 5.94931966984
161.25 5.99492225218
162.5 6.04053691761
165.0 6.13180125549
167.5 6.22311031318
170.0 6.31446189143
172.5 6.40585394658
175.0 6.49728457674
177.5 6.58875200933
180.0 6.68025458987
182.5 6.77179077195
185.0 6.8633591081
187.5 6.95495824161
190.0 7.04658689912
192.5 7.13824388387
195.0 7.22992806966
197.5 7.32163839531
200.0 7.41337385964
202.5 7.50513351693
205.0 7.59691647277
207.5 7.68872188026
210.0 7.7805489366
212.5 7.87239687989
215.0 7.96426498631
217.5 8.05615256744
220.0 8.14805896787
222.5 8.23998356298
225.0 8.33192575694
230.0 8.51586069081
235.0 8.69985951089
240.0 8.88391831403
245.0 9.0680335112
250.0 9.25220179209
255.0 9.43642009492
260.0 9.62068558037
265.0 9.80499560912
270.0 9.98934772239
275.0 10.173739625
280.0 10.3581691703
285.0 10.5426343479
290.0 10.7271332712
295.0 10.9116641683
300.0 11.096225372
305.0 11.2808153129
310.0 11.4654325114
315.0 11.6500755715
320.0 11.8347431751
330.0 12.2041470993
340.0 12.5736351091
350.0 12.9431989852
360.0 13.3128313514
370.0 13.6825255793
380.0 14.0522757061
390.0 14.4220763634
400.0 14.7919227152
410.0 15.1618104027
420.0 15.5317354959
430.0 15.9016944509
440.0 16.2716840707
450.0 16.6417014712
460.0 17.0117440504
470.0 17.3818094601
480.0 17.7518955813
490.0 18.1220005017
500.0 18.4921224949
510.0 18.8622600026
520.0 19.2324116181
530.0 19.6025760708
540.0 19.9727522133
550.0 20.3429390092
560.0 20.7131355217
570.0 21.0833409044
580.0 21.4535543917
590.0 21.8237752915
600.0 22.1940029773
610.0 22.564236882
620.0 22.9344764921
630.0 23.3047213421
640.0 23.67497101
650.0 24.0452251132
660.0 24.415483304
670.0 24.7857452667
680.0 25.1560107144
690.0 25.5262793858
700.0 25.8965510433
710.0 26.2668254701
720.0 26.6371024686
730.0 27.0073818584
740.0 27.3776634744
750.0 27.747947166
760.0 28.1182327949
770.0 28.4885202346
780.0 28.8588093689
790.0 29.2291000912
800.0 29.5993923032
810.0 29.9696859147
820.0 30.3399808424
830.0 30.7102770095
840.0 31.0805743451
850.0 31.4508727836
860.0 31.8211722644
870.0 32.191472731
880.0 32.5617741314
890.0 32.9320764169
900.0 33.3023795427
910.0 33.6726834667
920.0 34.0429881498
930.0 34.4132935557
940.0 34.7835996503
950.0 35.1539064018
960.0 35.5242137805
970.0 35.8945217587
980.0 36.2648303104
990.0 36.635139411
1000.0 37.0054490378
1010.0 37.3757591692
1020.0 37.7460697852
1030.0 38.1163808668
1040.0 38.4866923961
1050.0 38.8570043566
1060.0 39.2273167323
1070.0 39.5976295086
1080.0 39.9679426716
1090.0 40.338256208
1100.0 40.7085701056
1110.0 41.0788843528
1120.0 41.4491989387
1130.0 41.819513853
1140.0 42.1898290861
1150.0 42.5601446289
1160.0 42.9304604729
1170.0 43.3007766101
1180.0 43.6710930331
1190.0 44.0414097348
1200.0 44.4117267087
1210.0 44.7820439486
1220.0 45.1523614489
1230.0 45.5226792043
1240.0 45.8929972098
1250.0 46.2633154609
1260.0 46.6336339534
1270.0 47.0039526834
1280.0 47.3742716475
1290.0 47.7445908423
1300.0 48.1149102649
1310.0 48.4852299128
1320.0 48.8555497837
1330.0 49.2258698755
1340.0 49.5961901863
1350.0 49.9665107148
1360.0 50.3368314597
1370.0 50.7071524199
1380.0 51.0774735948
1390.0 51.4477949838
1400.0 51.8181165867
1410.0 52.1884384033
1420.0 52.558760434
1430.0 52.929082679
1440.0 53.2994051392
1450.0 53.6697278152
1460.0 54.0400507082
1470.0 54.4103738195
1480.0 54.7806971504
1490.0 55.1510207029
1500.0 55.5213444786
1510.0 55.8916684798
1520.0 56.2619927088
1530.0 56.632317168
1540.0 57.0026418603
1550.0 57.3729667884
1560.0 57.7432919555
1570.0 58.1136173649
1580.0 58.4839430201
1590.0 58.8542689248
1600.0 59.224595083
1610.0 59.5949214987
1620.0 59.9652481762
1630.0 60.33557512
1640.0 60.7059023348
1650.0 61.0762298254
1660.0 61.4465575971
1670.0 61.8168856551
1680.0 62.1872140048
1690.0 62.557542652
1700.0 62.9278716025
1710.0 63.2982008625
1720.0 63.6685304383
1730.0 64.0388603364
1740.0 64.4091905634
1750.0 64.7795211264
1760.0 65.1498520325
1770.0 65.5201832889
1780.0 65.8905149034
1790.0 66.2608468837
1800.0 66.6311792377
1810.0 67.0015119737
1820.0 67.3718451001
1830.0 67.7421786256
1840.0 68.1125125591
1850.0 68.4828469097
1860.0 68.8531816868
1870.0 69.2235168998
1880.0 69.5938525586
1890.0 69.9641886733
1900.0 70.3345252541
1910.0 70.7048623116
1920.0 71.0751998564
1930.0 71.4455378997
1940.0 71.8158764526
1950.0 72.1862155267
1960.0 72.5565551336
1970.0 72.9268952855
1980.0 73.2972359945
1990.0 73.6675772732
2000.0 74.0379191344
2010.0 74.408261591
2020.0 74.7786046564
2030.0 75.1489483442
2040.0 75.5192926682
2050.0 75.8896376425
2060.0 76.2599832816
2070.0 76.6303296
2080.0 77.0006766128
2090.0 77.3710243351
2100.0 77.7413727825
2110.0 78.1117219708
2120.0 78.4820719161
2130.0 78.8524226347
2140.0 79.2227741435
2150.0 79.5931264592
2160.0 79.9634795993
2170.0 80.3338335812
2180.0 80.704188423
2190.0 81.0745441427
2200.0 81.444900759
2210.0 81.8152582905
2220.0 82.1856167565
2230.0 82.5559761763
2240.0 82.9263365698
2250.0 83.296697957
2260.0 83.6670603584
2270.0 84.0374237946
2280.0 84.4077882868
2290.0 84.7781538563
2300.0 85.1485205248
2310.0 85.5188883145
2320.0 85.8892572476
2330.0 86.2596273469
2340.0 86.6299986355
2350.0 87.0003711368
2360.0 87.3707448744
2370.0 87.7411198726
2380.0 88.1114961557
2390.0 88.4818737485
2400.0 88.8522526762
2410.0 89.2226329642
2420.0 89.5930146383
2430.0 89.9633977247
2440.0 90.3337822499
2450.0 90.7041682409
2460.0 91.0745557249
2470.0 91.4449447294
2480.0 91.8153352824
2490.0 92.1857274122
2500.0 92.5561211475
2510.0 92.9265165172
2520.0 93.2969135509
2530.0 93.6673122781
2540.0 94.0377127291
2550.0 94.4081149342
2560.0 94.7785189242
2570.0 95.1489247305
2580.0 95.5193323844
2590.0 95.8897419179
2600.0 96.2601533632
2610.0 96.6305667529
2620.0 97.00098212
2630.0 97.3713994978
2640.0 97.74181892
2650.0 98.1122404206
2660.0 98.482664034
2670.0 98.8530897949
2680.0 99.2235177384
2690.0 99.5939479
2700.0 99.9643803154
2710.0 100.334815021
2720.0 100.705252053
2730.0 101.075691447
2740.0 101.446133243
2750.0 101.816577476
2760.0 102.187024185
2770.0 102.557473408
2780.0 102.927925183
2790.0 103.298379549
2800.0 103.668836545
2810.0 104.039296212
2820.0 104.409758587
2830.0 104.780223712
2840.0 105.150691627
2850.0 105.521162373
2860.0 105.891635991
2870.0 106.262112521
2880.0 106.632592006
2890.0 107.003074487
2900.0 107.373560007
2910.0 107.744048608
2920.0 108.114540332
2930.0 108.485035223
2940.0 108.855533324
2950.0 109.226034679
2960.0 109.596539331
2970.0 109.967047324
2980.0 110.337558702
2990.0 110.70807351
3000.0 111.078591793
3010.0 111.449113595
3020.0 111.819638963
3030.0 112.19016794
3040.0 112.560700572
3050.0 112.931236906
3060.0 113.301776988
3070.0 113.672320862
3080.0 114.042868577
3090.0 114.413420177
3100.0 114.78397571
3110.0 115.154535223
3120.0 115.525098762
3130.0 115.895666374
3140.0 116.266238107
3150.0 116.636814008
3160.0 117.007394123
3170.0 117.377978502
3180.0 117.74856719
3190.0 118.119160236
3200.0 118.489757688
3210.0 118.860359592
3220.0 119.230965998
3230.0 119.601576952
3240.0 119.972192503
3250.0 120.342812699
3260.0 120.713437587
3270.0 121.084067215
3280.0 121.454701631
3290.0 121.825340883
3300.0 122.195985018
3310.0 122.566634085
3320.0 122.937288131
3330.0 123.307947204
3340.0 123.67861135
3350.0 124.049280619
3360.0 124.419955056
3370.0 124.790634709
3380.0 125.161319625
3390.0 125.532009851
3400.0 125.902705434
3410.0 126.273406421
3420.0 126.644112857
3430.0 127.014824788
3440.0 127.385542262
3450.0 127.756265324
3460.0 128.126994018
3470.0 128.497728391
3480.0 128.868468488
3490.0 129.239214352
3500.0 129.60996603
3510.0 129.980723564
3520.0 130.351486999
3530.0 130.722256378
3540.0 131.093031745
3550.0 131.463813141
3560.0 131.83460061
3570.0 132.205394194
3580.0 132.576193935
3590.0 132.946999873
3600.0 133.317812049
3610.0 133.688630504
3620.0 134.059455278
3630.0 134.43028641
3640.0 134.801123939
3650.0 135.171967904
3660.0 135.542818343
3670.0 135.913675293
3680.0 136.284538791
3690.0 136.655408873
3700.0 137.026285575
3710.0 137.397168933
3720.0 137.768058981
3730.0 138.138955754
3740.0 138.509859283
3750.0 138.880769603
3760.0 139.251686745
3770.0 139.622610742
3780.0 139.993541623
3790.0 140.364479418
3800.0 140.735424158
3810.0 141.106375871
3820.0 141.477334584
3830.0 141.848300326
3840.0 142.219273122
3850.0 142.590252998
3860.0 142.96123998
3870.0 143.33223409
3880.0 143.703235353
3890.0 144.074243791
3900.0 144.445259426
3910.0 144.816282278
3920.0 145.187312368
3930.0 145.558349714
3940.0 145.929394335
3950.0 146.300446248
3960.0 146.67150547
3970.0 147.042572016
3980.0 147.413645901
3990.0 147.784727138
4000.0 148.15581574
4010.0 148.526911719
4020.0 148.898015086
4030.0 149.26912585
4040.0 149.640244021
4050.0 150.011369606
4060.0 150.382502612
4070.0 150.753643045
4080.0 151.12479091
4090.0 151.495946211
4100.0 151.86710895
4110.0 152.238279129
4120.0 152.609456748
4130.0 152.980641809
4140.0 153.351834308
4150.0 153.723034243
4160.0 154.094241611
4170.0 154.465456408
4180.0 154.836678626
4190.0 155.20790826
4200.0 155.579145302
4210.0 155.950389742
4220.0 156.32164157
4230.0 156.692900774
4240.0 157.064167343
4250.0 157.435441263
4260.0 157.806722519
4270.0 158.178011095
4280.0 158.549306974
4290.0 158.920610139
4300.0 159.291920569
4310.0 159.663238245
4320.0 160.034563144
4330.0 160.405895245
4340.0 160.777234524
4350.0 161.148580954
4360.0 161.519934511
4370.0 161.891295167
4380.0 162.262662894
4390.0 162.634037662
4400.0 163.00541944
4410.0 163.376808196
4420.0 163.748203898
4430.0 164.119606512
4440.0 164.491016001
4450.0 164.862432331
4460.0 165.233855462
4470.0 165.605285357
4480.0 165.976721976
4490.0 166.348165278
4500.0 166.71961522
4510.0 167.091071761
4520.0 167.462534855
4530.0 167.834004457
4540.0 168.205480521
4550.0 168.576963
4560.0 168.948451844
4570.0 169.319947005
4580.0 169.691448431
4590.0 170.062956071
4600.0 170.434469873
4610.0 170.805989782
4620.0 171.177515743
4630.0 171.549047701
4640.0 171.920585598
4650.0 172.292129378
4660.0 172.663678981
4670.0 173.035234347
4680.0 173.406795416
4690.0 173.778362126
4700.0 174.149934414
4710.0 174.521512216
4720.0 174.893095469
4730.0 175.264684107
4740.0 175.636278063
4750.0 176.007877271
4760.0 176.379481663
4770.0 176.751091169
4780.0 177.12270572
4790.0 177.494325245
4800.0 177.865949674
4810.0 178.237578934
4820.0 178.609212953
4830.0 178.980851656
4840.0 179.352494971
4850.0 179.724142821
4860.0 180.095795131
4870.0 180.467451825
4880.0 180.839112825
4890.0 181.210778045
4900.0 181.582447421
4910.0 181.954120866
4920.0 182.3257983
4930.0 182.697479643
4940.0 183.069164814
4950.0 183.440853732
4960.0 183.812546315
4970.0 184.184242481
4980.0 184.555942146
4990.0 184.927645228
5000.0 185.299351643
5010.0 185.671061305
5020.0 186.042774131
5030.0 186.414490035
5040.0 186.786208932
5050.0 187.157930736
5060.0 187.529655361
5070.0 187.901382719
5080.0 188.273112725
5090.0 188.64484529
5100.0 189.016580328
5110.0 189.388317751
5120.0 189.76005747
5130.0 190.131799399
5140.0 190.503543448
5150.0 190.875289528
5160.0 191.247037553
5170.0 191.618787432
5180.0 191.990539077
5190.0 192.362292399
5200.0 192.73404731
5210.0 193.105803719
5220.0 193.477561539
5230.0 193.84932068
5240.0 194.221081053
5250.0 194.592842569
5260.0 194.96460514
5270.0 195.336368677
5280.0 195.70813309
5290.0 196.079898292
5300.0 196.451664195
5310.0 196.823430709
5320.0 197.195197747
5330.0 197.566965222
5340.0 197.938733045
5350.0 198.310501129
5360.0 198.682269387
5370.0 199.054037733
5380.0 199.42580608
5390.0 199.797574341
5400.0 200.169342431
5410.0 200.541110265
5420.0 200.912877757
5430.0 201.284644822
5440.0 201.656411377
5450.0 202.028177338
5460.0 202.399942621
5470.0 202.771707143
5480.0 203.143470823
5490.0 203.515233577
5500.0 203.886995325
5510.0 204.258755985
5520.0 204.630515478
5530.0 205.002273724
5540.0 205.374030643
5550.0 205.745786158
5560.0 206.117540189
5570.0 206.489292661
5580.0 206.861043495
5590.0 207.232792617
5600.0 207.604539951
5610.0 207.976285422
5620.0 208.348028956
5630.0 208.719770481
5640.0 209.091509923
5650.0 209.463247212
5660.0 209.834982275
5670.0 210.206715044
5680.0 210.578445448
5690.0 210.950173419
5700.0 211.32189889
5710.0 211.693621792
5720.0 212.065342061
5730.0 212.43705963
5740.0 212.808774436
5750.0 213.180486414
5760.0 213.552195502
5770.0 213.923901638
5780.0 214.295604762
5790.0 214.667304813
5800.0 215.039001731
5810.0 215.410695459
5820.0 215.78238594