0.0 0.0
120.0 4.50669430707
120.625 4.52919554634
121.25 4.55170553857
122.5 4.59675109258
123.75 4.64182963514
125.0 4.6869399007
126.25 4.73208068792
127.5 4.77725085588
128.75 4.82244932042
130.0 4.86767505081
131.25 4.91292706661
132.5 4.95820443476
133.75 5.00350626685
135.0 5.04883171655
136.25 5.09417997726
137.5 5.13955027986
138.75 5.18494189062
140.0 5.23035410926
141.25 5.27578626709
142.5 5.32123772533
143.75 5.36670787348
145.0 5.4121961278
146.25 5.4577019299
147.5 5.5032247454
148.75 5.54876406268
150.0 5.5943193917
151.25 5.63989026289
152.5 5.6854762261
153.75 5.73107684961
155.0 5.77669171924
156.25 5.82232043742
157.5 5.8679626224
158.75 5.91361790747
160.0 5.95928594024
161.25 6.00496638189
162.5 6.0506589066
165.0 6.14207896289
167.5 6.23354373882
170.0 6.32505103513
172.5 6.41659880817
175.0 6.50818515603
177.5 6.59980830613
180.0 6.691466604
182.5 6.78315850322
185.0 6.87488255631
187.5 6.96663740658
190.0 7.05842178064
192.5 7.15023448175
195.0 7.2420743837
197.5 7.3339404253
200.0 7.42583160537
202.5 7.5177469782
205.0 7.60968564937
207.5 7.70164677198
210.0 7.79362954321
212.5 7.88563320119
215.0 7.97765702207
217.5 8.06970031743
220.0 8.16176243187
222.5 8.25384274076
225.0 8.34594064827
230.0 8.53018700854
235.0 8.71449725405
240.0 8.89886748165
245.0 9.08329410227
250.0 9.26777380559
255.0 9.45230352979
260.0 9.63688043553
265.0 9.82150188348
270.0 10.0061654148
275.0 10.1908687343
280.0 10.3756096954
285.0 10.5603862875
290.0 10.7451966242
295.0 10.9300389332
300.0 11.1149115478
305.0 11.2998128981
310.0 11.4847415046
315.0 11.6696959714
320.0 11.8546749804
330.0 12.2247017108
340.0 12.5948125209
350.0 12.9649991909
360.0 13.3352543444
370.0 13.7055713528
380.0 14.0759442529
390.0 14.4463676761
400.0 14.8168367859
410.0 15.1873472233
420.0 15.5578950579
430.0 15.9284767454
440.0 16.2990890884
450.0 16.6697292026
460.0 17.0403944854
470.0 17.4110825882
480.0 17.7817913916
490.0 18.1525189827
500.0 18.5232636349
510.0 18.8940237893
520.0 19.2647980385
530.0 19.6355851116
540.0 20.0063838607
550.0 20.3771932485
560.0 20.7480123379
570.0 21.1188402818
580.0 21.4896763141
590.0 21.8605197418
600.0 22.2313699378
610.0 22.6022263345
620.0 22.9730884173
630.0 23.3439557203
640.0 23.7148278207
650.0 24.0857043349
660.0 24.4565849144
670.0 24.8274692428
680.0 25.1983570321
690.0 25.5692480203
700.0 25.9401419686
710.0 26.3110386594
720.0 26.681937894
730.0 27.052839491
740.0 27.4237432842
750.0 27.7946491218
760.0 28.1655568644
770.0 28.5364663844
780.0 28.9073775641
790.0 29.2782902958
800.0 29.6492044799
810.0 30.0201200247
820.0 30.3910368456
830.0 30.7619548643
840.0 31.1328740085
850.0 31.5037942109
860.0 31.8747154092
870.0 32.2456375455
880.0 32.6165605659
890.0 32.9874844202
900.0 33.3584090615
910.0 33.7293344459
920.0 34.1002605325
930.0 34.4711872828
940.0 34.8421146608
950.0 35.2130426326
960.0 35.5839711662
970.0 35.9549002317
980.0 36.3258298007
990.0 36.6967598465
1000.0 37.0676903436
1010.0 37.4386212681
1020.0 37.8095525972
1030.0 38.1804843094
1040.0 38.551416384
1050.0 38.9223488014
1060.0 39.2932815431
1070.0 39.6642145911
1080.0 40.0351479284
1090.0 40.4060815389
1100.0 40.7770154067
1110.0 41.147949517
1120.0 41.5188838553
1130.0 41.8898184079
1140.0 42.2607531613
1150.0 42.6316881028
1160.0 43.0026232199
1170.0 43.3735585006
1180.0 43.7444939334
1190.0 44.1154295069
1200.0 44.4863652104
1210.0 44.8573010331
1220.0 45.2282369649
1230.0 45.5991729956
1240.0 45.9701091155
1250.0 46.3410453151
1260.0 46.7119815851
1270.0 47.0829179163
1280.0 47.4538542998
1290.0 47.8247907269
1300.0 48.1957271889
1310.0 48.5666636774
1320.0 48.9376001841
1330.0 49.3085367009
1340.0 49.6794732195
1350.0 50.0504097321
1360.0 50.4213462308
1370.0 50.7922827077
1380.0 51.1632191551
1390.0 51.5341555654
1400.0 51.9050919308
1410.0 52.276028244
1420.0 52.6469644972
1430.0 53.017900683
1440.0 53.388836794
1450.0 53.7597728227
1460.0 54.1307087615
1470.0 54.5016446032
1480.0 54.8725803401
1490.0 55.2435159649
1500.0 55.61445147
1510.0 55.9853868479
1520.0 56.3563220912
1530.0 56.7272571922
1540.0 57.0981921434
1550.0 57.4691269371
1560.0 57.8400615655
1570.0 58.210996021
1580.0 58.5819302956
1590.0 58.9528643816
1600.0 59.323798271
1610.0 59.6947319557
1620.0 60.0656654277
1630.0 60.4365986787
1640.0 60.8075317005
1650.0 61.1784644846
1660.0 61.5493970227
1670.0 61.9203293062
1680.0 62.2912613263
1690.0 62.6621930743
1700.0 63.0331245412
1710.0 63.4040557181
1720.0 63.7749865958
1730.0 64.145917165
1740.0 64.5168474163
1750.0 64.8877773401
1760.0 65.2587069269
1770.0 65.6296361667
1780.0 66.0005650496
1790.0 66.3714935654
1800.0 66.7424217039
1810.0 67.1133494547
1820.0 67.4842768071
1830.0 67.8552037504
1840.0 68.2261302736
1850.0 68.5970563656
1860.0 68.9679820151
1870.0 69.3389072106
1880.0 69.7098319406
1890.0 70.0807561931
1900.0 70.4516799561
1910.0 70.8226032174
1920.0 71.1935259645
1930.0 71.5644481848
1940.0 71.9353698654
1950.0 72.3062909933
1960.0 72.6772115552
1970.0 73.0481315377
1980.0 73.419050927
1990.0 73.7899697091
2000.0 74.16088787
2010.0 74.5318053952
2020.0 74.9027222701
2030.0 75.2736384798
2040.0 75.6445540093
2050.0 76.0154688431
2060.0 76.3863829657
2070.0 76.7572963611
2080.0 77.1282090134
2090.0 77.4991209062
2100.0 77.8700320227
2110.0 78.2409423461
2120.0 78.6118518594
2130.0 78.9827605449
2140.0 79.3536683851
2150.0 79.7245753619
2160.0 80.0954814571
2170.0 80.4663866521
2180.0 80.8372909282
2190.0 81.2081942662
2200.0 81.5790966466
2210.0 81.9499980499
2220.0 82.3208984559
2230.0 82.6917978444
2240.0 83.0626961949
2250.0 83.4335934863
2260.0 83.8044896975
2270.0 84.1753848069
2280.0 84.5462787928
2290.0 84.9171716329
2300.0 85.2880633049
2310.0 85.6589537858
2320.0 86.0298430527
2330.0 86.400731082
2340.0 86.7716178501
2350.0 87.1425033328
2360.0 87.5133875057
2370.0 87.884270344
2380.0 88.2551518228
2390.0 88.6260319165
2400.0 88.9969105994
2410.0 89.3677878455
2420.0 89.7386636282
2430.0 90.1095379209
2440.0 90.4804106964
2450.0 90.8512819272
2460.0 91.2221515855
2470.0 91.5930196432
2480.0 91.9638860717
2490.0 92.3347508423
2500.0 92.7056139258
2510.0 93.0764752924
2520.0 93.4473349125
2530.0 93.8181927557
2540.0 94.1890487914
2550.0 94.5599029887
2560.0 94.9307553162
2570.0 95.3016057423
2580.0 95.672454235
2590.0 96.0433007619
2600.0 96.4141452904
2610.0 96.7849877873
2620.0 97.1558282192
2630.0 97.5266665524
2640.0 97.8975027527
2650.0 98.2683367857
2660.0 98.6391686165
2670.0 99.0099982101
2680.0 99.3808255308
2690.0 99.751650543
2700.0 100.12247321
2710.0 100.493293496
2720.0 100.864111364
2730.0 101.234926776
2740.0 101.605739695
2750.0 101.976550084
2760.0 102.347357903
2770.0 102.718163115
2780.0 103.08896568
2790.0 103.459765559
2800.0 103.830562714
2810.0 104.201357103
2820.0 104.572148688
2830.0 104.942937426
2840.0 105.313723279
2850.0 105.684506204
2860.0 106.055286161
2870.0 106.426063107
2880.0 106.796837001
2890.0 107.167607801
2900.0 107.538375464
2910.0 107.909139947
2920.0 108.279901207
2930.0 108.650659202
2940.0 109.021413886
2950.0 109.392165217
2960.0 109.762913151
2970.0 110.133657643
2980.0 110.504398648
2990.0 110.875136123
3000.0 111.245870021
3010.0 111.616600298
3020.0 111.987326907
3030.0 112.358049805
3040.0 112.728768944
3050.0 113.099484278
3060.0 113.470195762
3070.0 113.840903349
3080.0 114.211606992
3090.0 114.582306645
3100.0 114.95300226
3110.0 115.323693791
3120.0 115.694381191
3130.0 116.065064412
3140.0 116.435743407
3150.0 116.806418128
3160.0 117.177088528
3170.0 117.547754558
3180.0 117.918416172
3190.0 118.289073321
3200.0 118.659725957
3210.0 119.030374032
3220.0 119.401017499
3230.0 119.771656308
3240.0 120.142290413
3250.0 120.512919764
3260.0 120.883544314
3270.0 121.254164015
3280.0 121.624778818
3290.0 121.995388675
3300.0 122.365993539
3310.0 122.736593361
3320.0 123.107188093
3330.0 123.477777688
3340.0 123.848362098
3350.0 124.218941275
3360.0 124.589515172
3370.0 124.96008374
3380.0 125.330646934
3390.0 125.701204705
3400.0 126.071757007
3410.0 126.442303792
3420.0 126.812845015
3430.0 127.183380628
3440.0 127.553910586
3450.0 127.924434843
3460.0 128.294953352
3470.0 128.665466068
3480.0 129.035972946
3490.0 129.406473941
3500.0 129.776969009
3510.0 130.147458104
3520.0 130.517941182
3530.0 130.888418201
3540.0 131.258889116
3550.0 131.629353885
3560.0 131.999812464
3570.0 132.370264812
3580.0 132.740710886
3590.0 133.111150645
3600.0 133.481584049
3610.0 133.852011055
3620.0 134.222431625
3630.0 134.592845718
3640.0 134.963253295
3650.0 135.333654318
3660.0 135.704048748
3670.0 136.074436548
3680.0 136.444817679
3690.0 136.815192107
3700.0 137.185559794
3710.0 137.555920706
3720.0 137.926274807
3730.0 138.296622063
3740.0 138.66696244
3750.0 139.037295905
3760.0 139.407622427
3770.0 139.777941973
3780.0 140.148254512
3790.0 140.518560014
3800.0 140.888858449
3810.0 141.259149789
3820.0 141.629434005
3830.0 141.999711069
3840.0 142.369980956
3850.0 142.740243638
3860.0 143.110499091
3870.0 143.480747291
3880.0 143.850988213
3890.0 144.221221836
3900.0 144.591448137
3910.0 144.961667095
3920.0 145.33187869
3930.0 145.702082903
3940.0 146.072279715
3950.0 146.442469108
3960.0 146.812651066
3970.0 147.182825573
3980.0 147.552992614
3990.0 147.923152176
4000.0 148.293304244
4010.0 148.663448808
4020.0 149.033585856
4030.0 149.403715378
4040.0 149.773837365
4050.0 150.143951809
4060.0 150.514058703
4070.0 150.88415804
4080.0 151.254249815
4090.0 151.624334025
4100.0 151.994410667
4110.0 152.364479737
4120.0 152.734541237
4130.0 153.104595164
4140.0 153.474641522
4150.0 153.844680312
4160.0 154.214711537
4170.0 154.584735201
4180.0 154.954751311
4190.0 155.324759873
4200.0 155.694760895
4210.0 156.064754385
4220.0 156.434740354
4230.0 156.804718812
4240.0 157.174689772
4250.0 157.544653246
4260.0 157.91460925
4270.0 158.284557799
4280.0 158.65449891
4290.0 159.0244326
4300.0 159.394358888
4310.0 159.764277795
4320.0 160.134189342
4330.0 160.504093551
4340.0 160.873990446
4350.0 161.243880051
4360.0 161.613762392
4370.0 161.983637497
4380.0 162.353505393
4390.0 162.72336611
4400.0 163.093219678
4410.0 163.463066128
4420.0 163.832905494
4430.0 164.202737809
4440.0 164.572563108
4450.0 164.942381427
4460.0 165.312192804
4470.0 165.681997276
4480.0 166.051794884
4490.0 166.421585667
4500.0 166.791369668
4510.0 167.161146929
4520.0 167.530917495
4530.0 167.900681409
4540.0 168.270438719
4550.0 168.640189471
4560.0 169.009933714
4570.0 169.379671497
4580.0 169.74940287
4590.0 170.119127884
4600.0 170.488846593
4610.0 170.858559049
4620.0 171.228265308
4630.0 171.597965424
4640.0 171.967659454
4650.0 172.337347455
4660.0 172.707029487
4670.0 173.076705609
4680.0 173.44637588
4690.0 173.816040362
4700.0 174.185699119
4710.0 174.555352212
4720.0 174.924999706
4730.0 175.294641666
4740.0 175.664278158
4750.0 176.033909249
4760.0 176.403535006
4770.0 176.773155497
4780.0 177.142770793
4790.0 177.512380963
4800.0 177.881986078
4810.0 178.25158621
4820.0 178.621181431
4830.0 178.990771815
4840.0 179.360357434
4850.0 179.729938364
4860.0 180.099514681
4870.0 180.469086459
4880.0 180.838653776
4890.0 181.208216719
4900.0 181.57777535
4910.0 181.947329757
4920.0 182.316880018
4930.0 182.686426214
4940.0 183.055968425
4950.0 183.425506732
4960.0 183.795041215
4970.0 184.164571958
4980.0 184.534099043
4990.0 184.903622552
5000.0 185.27314257
5010.0 185.642659179
5020.0 186.012172465
5030.0 186.381682512
5040.0 186.751189405
5050.0 187.12069323
5060.0 187.490194072
5070.0 187.859692018
5080.0 188.229187154
5090.0 188.598679567
5100.0 188.968169344
5110.0 189.337656572
5120.0 189.707141339
5130.0 190.076623731
5140.0 190.446103838
5150.0 190.815581747
5160.0 191.185057546
5170.0 191.554531324
5180.0 191.924003168
5190.0 192.293473167
5200.0 192.66294141
5210.0 193.032407985
5220.0 193.401872981
5230.0 193.771336485
5240.0 194.140798587
5250.0 194.510259376
5260.0 194.879718938
5270.0 195.249177363
5280.0 195.618634739
5290.0 195.988091154
5300.0 196.357546695
5310.0 196.72700145
5320.0 197.096455507
5330.0 197.465908954
5340.0 197.835361876
5350.0 198.204814361
5360.0 198.574266495
5370.0 198.943718366
5380.0 199.313170057
5390.0 199.682621656
5400.0 200.052073248
5410.0 200.421524916
5420.0 200.790976747
5430.0 201.160428823
5440.0 201.529881229
5450.0 201.899334048
5460.0 202.268787362
5470.0 202.638241254
5480.0 203.007695806
5490.0 203.377151099
5500.0 203.746607214
5510.0 204.116064231
5520.0 204.485522229
5530.0 204.854981288
5540.0 205.224441486
5550.0 205.593902902
5560.0 205.963365612
5570.0 206.332829692
5580.0 206.70229522
5590.0 207.07176227
5600.0 207.441230917
5610.0 207.810701235
5620.0 208.180173297
5630.0 208.549647176
5640.0 208.919122942
5650.0 209.288600668
5660.0 209.658080423
5670.0 210.027562278
5680.0 210.397046299
5690.0 210.766532556
5700.0 211.136021116
5710.0 211.505512044
5720.0 211.875005406
5730.0 212.244501266
5740.0 212.613999688
5750.0 212.983500736
5760.0 213.35300447
5770.0 213.722510952
5780.0 214.092020242
5790.0 214.4615324
5800.0 214.831047482
5810.0 215.200565548
5820.0 215.570086653