0.0 0.0
120.0 4.50304349126
120.625 4.52552571657
121.25 4.54801669485
122.5 4.59302422098
123.75 4.63806473571
125.0 4.68313697345
126.25 4.72823973291
127.5 4.77337187313
128.75 4.81853230997
130.0 4.8637200127
131.25 4.90893400088
132.5 4.95417334144
133.75 4.99943714598
135.0 5.04472456818
136.25 5.09003480142
137.5 5.13536707658
138.75 5.18072065994
140.0 5.22609485122
141.25 5.27148898173
142.5 5.3169024127
143.75 5.36233453361
145.0 5.40778476073
146.25 5.45325253567
147.5 5.49873732405
148.75 5.54423861425
150.0 5.58975591623
151.25 5.63528876043
152.5 5.68083669668
153.75 5.72639929328
155.0 5.77197613603
156.25 5.81756682738
157.5 5.86317098557
158.75 5.9087882439
160.0 5.95441824996
161.25 6.00006066496
162.5 6.04571516305
165.0 6.13705916624
167.5 6.22844788924
170.0 6.3198791328
172.5 6.41135085327
175.0 6.50286114875
177.5 6.59440824665
180.0 6.68599049251
182.5 6.7776063399
185.0 6.86925434136
187.5 6.96093314019
190.0 7.05264146301
192.5 7.14437811308
195.0 7.23614196419
197.5 7.32793195515
200.0 7.41974708479
202.5 7.5115864074
205.0 7.60344902855
207.5 7.69533410136
210.0 7.78724082301
212.5 7.87916843162
215.0 7.97111620335
217.5 8.06308344979
220.0 8.15506951553
222.5 8.24707377596
225.0 8.33909563523
230.0 8.52318989973
235.0 8.70734805044
240.0 8.89156618422
245.0 9.07584071201
250.0 9.26016832354
255.0 9.44454595699
260.0 9.62897077307
265.0 9.81344013245
270.0 9.99795157635
275.0 10.1825028095
280.0 10.3670916856
285.0 10.5517161937
290.0 10.7363744477
295.0 10.9210646754
300.0 11.1057852098
305.0 11.2905344813
310.0 11.4753110104
315.0 11.6601134011
320.0 11.8449403354
330.0 12.2146629208
340.0 12.5844695919
350.0 12.9543521292
360.0 13.3243031567
370.0 13.6943160458
380.0 14.0643848338
390.0 14.4345041525
400.0 14.8046691655
410.0 15.1748755142
420.0 15.5451192687
430.0 15.915396885
440.0 16.285705166
450.0 16.6560412278
460.0 17.0264024682
470.0 17.3967865392
480.0 17.7671913217
490.0 18.1376149033
500.0 18.5080555577
510.0 18.8785117268
520.0 19.2489820035
530.0 19.6194651175
540.0 19.9899599212
550.0 20.3604653783
560.0 20.7309805521
570.0 21.1015045961
580.0 21.4720367447
590.0 21.8425763057
600.0 22.2131226528
610.0 22.5836752188
620.0 22.95423349
630.0 23.3247970013
640.0 23.6953653305
650.0 24.0659380949
660.0 24.436514947
670.0 24.807095571
680.0 25.1776796799
690.0 25.5482670126
700.0 25.9188573314
710.0 26.2894504194
720.0 26.6600460792
730.0 27.0306441302
740.0 27.4012444075
750.0 27.7718467603
760.0 28.1424510505
770.0 28.5130571515
780.0 28.883664947
790.0 29.2542743305
800.0 29.6248852038
810.0 29.9954974765
820.0 30.3661110655
830.0 30.7367258939
840.0 31.1073418908
850.0 31.4779589905
860.0 31.8485771325
870.0 32.2191962604
880.0 32.589816322
890.0 32.9604372689
900.0 33.3310590559
910.0 33.7016816411
920.0 34.0723049855
930.0 34.4429290527
940.0 34.8135538085
950.0 35.1841792213
960.0 35.5548052613
970.0 35.9254319007
980.0 36.2960591136
990.0 36.6666868755
1000.0 37.0373151635
1010.0 37.4079439562
1020.0 37.7785732335
1030.0 38.1492029763
1040.0 38.5198331669
1050.0 38.8904637886
1060.0 39.2610948256
1070.0 39.6317262632
1080.0 40.0023580874
1090.0 40.3729902851
1100.0 40.7436228439
1110.0 41.1142557524
1120.0 41.4848889996
1130.0 41.8555225751
1140.0 42.2261564694
1150.0 42.5967906735
1160.0 42.9674251788
1170.0 43.3380599772
1180.0 43.7086950615
1190.0 44.0793304244
1200.0 44.4499660596
1210.0 44.8206019608
1220.0 45.1912381224
1230.0 45.561874539
1240.0 45.9325112058
1250.0 46.3031481181
1260.0 46.6737852719
1270.0 47.0444226632
1280.0 47.4150602884
1290.0 47.7856981445
1300.0 48.1563362284
1310.0 48.5269745376
1320.0 48.8976130697
1330.0 49.2682518227
1340.0 49.6388907949
1350.0 50.0095299846
1360.0 50.3801693907
1370.0 50.7508090122
1380.0 51.1214488484
1390.0 51.4920888986
1400.0 51.8627291627
1410.0 52.2333696406
1420.0 52.6040103325
1430.0 52.9746512389
1440.0 53.3452923603
1450.0 53.7159336976
1460.0 54.0865752518
1470.0 54.4572170243
1480.0 54.8278590166
1490.0 55.1985012303
1500.0 55.5691436673
1510.0 55.9397863297
1520.0 56.31042922
1530.0 56.6810723405
1540.0 57.0517156939
1550.0 57.4223592833
1560.0 57.7930031116
1570.0 58.1636471823
1580.0 58.5342914988
1590.0 58.9049360648
1600.0 59.2755808842
1610.0 59.6462259611
1620.0 60.0168712999
1630.0 60.3875169049
1640.0 60.758162781
1650.0 61.128808933
1660.0 61.4994553659
1670.0 61.8701020851
1680.0 62.2407490961
1690.0 62.6113964045
1700.0 62.9820440163
1710.0 63.3526919376
1720.0 63.7233401746
1730.0 64.0939887339
1740.0 64.4646376222
1750.0 64.8352868465
1760.0 65.2059364138
1770.0 65.5765863315
1780.0 65.9472366073
1790.0 66.3178872488
1800.0 66.688538264
1810.0 67.0591896613
1820.0 67.429841449
1830.0 67.8004936358
1840.0 68.1711462305
1850.0 68.5417992424
1860.0 68.9124526807
1870.0 69.283106555
1880.0 69.653760875
1890.0 70.024415651
1900.0 70.3950708931
1910.0 70.7657266118
1920.0 71.1363828179
1930.0 71.5070395224
1940.0 71.8776967366
1950.0 72.2483544719
1960.0 72.6190127401
1970.0 72.9896715532
1980.0 73.3603309235
1990.0 73.7309908635
2000.0 74.1016513859
2010.0 74.4723125038
2020.0 74.8429742305
2030.0 75.2136365795
2040.0 75.5842995648
2050.0 75.9549632004
2060.0 76.3256275007
2070.0 76.6962924803
2080.0 77.0669581544
2090.0 77.4376245379
2100.0 77.8082916466
2110.0 78.1789594962
2120.0 78.5496281027
2130.0 78.9202974826
2140.0 79.2909676526
2150.0 79.6616386296
2160.0 80.0323104309
2170.0 80.4029830741
2180.0 80.7736565771
2190.0 81.1443309581
2200.0 81.5150062356
2210.0 81.8856824284
2220.0 82.2563595556
2230.0 82.6270376368
2240.0 82.9977166915
2250.0 83.36839674
2260.0 83.7390778026
2270.0 84.1097599001
2280.0 84.4804430535
2290.0 84.8511272843
2300.0 85.2218126141
2310.0 85.592499065
2320.0 85.9631866594
2330.0 86.3338754199
2340.0 86.7045653698
2350.0 87.0752565323
2360.0 87.4459489312
2370.0 87.8166425907
2380.0 88.187337535
2390.0 88.5580337891
2400.0 88.928731378
2410.0 89.2994303272
2420.0 89.6701306626
2430.0 90.0408324103
2440.0 90.4115355968
2450.0 90.782240249
2460.0 91.1529463942
2470.0 91.52365406
2480.0 91.8943632743
2490.0 92.2650740653
2500.0 92.6357864619
2510.0 93.0065004929
2520.0 93.3772161878
2530.0 93.7479335763
2540.0 94.1186526885
2550.0 94.4893735549
2560.0 94.8600962062
2570.0 95.2308206737
2580.0 95.6015469888
2590.0 95.9722751836
2600.0 96.3430052901
2610.0 96.7137373411
2620.0 97.0844713695
2630.0 97.4552074085
2640.0 97.825945492
2650.0 98.1966856539
2660.0 98.5674279285
2670.0 98.9381723507
2680.0 99.3089189555
2690.0 99.6796677783
2700.0 100.050418855
2710.0 100.421172222
2720.0 100.791927915
2730.0 101.162685971
2740.0 101.533446427
2750.0 101.904209322
2760.0 102.274974692
2770.0 102.645742576
2780.0 103.016513012
2790.0 103.38728604
2800.0 103.758061698
2810.0 104.128840025
2820.0 104.499621062
2830.0 104.870404848
2840.0 105.241191425
2850.0 105.611980832
2860.0 105.98277311
2870.0 106.353568302
2880.0 106.724366448
2890.0 107.09516759
2900.0 107.465971772
2910.0 107.836779034
2920.0 108.207589419
2930.0 108.578402972
2940.0 108.949219734
2950.0 109.32003975
2960.0 109.690863063
2970.0 110.061689717
2980.0 110.432519757
2990.0 110.803353226
3000.0 111.17419017
3010.0 111.545030634
3020.0 111.915874662
3030.0 112.286722301
3040.0 112.657573595
3050.0 113.02842859
3060.0 113.399287333
3070.0 113.770149868
3080.0 114.141016244
3090.0 114.511886506
3100.0 114.8827607
3110.0 115.253638874
3120.0 115.624521074
3130.0 115.995407348
3140.0 116.366297742
3150.0 116.737192304
3160.0 117.108091081
3170.0 117.47899412
3180.0 117.84990147
3190.0 118.220813177
3200.0 118.59172929
3210.0 118.962649856
3220.0 119.333574923
3230.0 119.704504539
3240.0 120.075438751
3250.0 120.446377608
3260.0 120.817321157
3270.0 121.188269446
3280.0 121.559222523
3290.0 121.930180436
3300.0 122.301143233
3310.0 122.672110961
3320.0 123.043083669
3330.0 123.414061402
3340.0 123.78504421
3350.0 124.15603214
3360.0 124.527025238
3370.0 124.898023553
3380.0 125.26902713
3390.0 125.640036018
3400.0 126.011050262
3410.0 126.382069909
3420.0 126.753095007
3430.0 127.1241256
3440.0 127.495161735
3450.0 127.866203457
3460.0 128.237250813
3470.0 128.608303848
3480.0 128.979362605
3490.0 129.350427131
3500.0 129.72149747
3510.0 130.092573665
3520.0 130.463655762
3530.0 130.834743802
3540.0 131.20583783
3550.0 131.576937888
3560.0 131.948044018
3570.0 132.319156263
3580.0 132.690274665
3590.0 133.061399264
3600.0 133.432530102
3610.0 133.803667218
3620.0 134.174810653
3630.0 134.545960447
3640.0 134.917116637
3650.0 135.288279263
3660.0 135.659448363
3670.0 136.030623974
3680.0 136.401806133
3690.0 136.772994877
3700.0 137.144190241
3710.0 137.51539226
3720.0 137.886600969
3730.0 138.257816403
3740.0 138.629038594
3750.0 139.000267575
3760.0 139.371503378
3770.0 139.742746036
3780.0 140.113995578
3790.0 140.485252035
3800.0 140.856515436
3810.0 141.22778581
3820.0 141.599063185
3830.0 141.970347588
3840.0 142.341639045
3850.0 142.712937582
3860.0 143.084243225
3870.0 143.455555997
3880.0 143.826875921
3890.0 144.19820302
3900.0 144.569537316
3910.0 144.94087883
3920.0 145.312227581
3930.0 145.683583588
3940.0 146.054946871
3950.0 146.426317445
3960.0 146.797695328
3970.0 147.169080535
3980.0 147.540473081
3990.0 147.91187298
4000.0 148.283280243
4010.0 148.654694883
4020.0 149.026116911
4030.0 149.397546337
4040.0 149.768983169
4050.0 150.140427415
4060.0 150.511879083
4070.0 150.883338177
4080.0 151.254804703
4090.0 151.626278665
4100.0 151.997760065
4110.0 152.369248906
4120.0 152.740745187
4130.0 153.112248908
4140.0 153.483760068
4150.0 153.855278665
4160.0 154.226804695
4170.0 154.598338152
4180.0 154.969879032
4190.0 155.341427327
4200.0 155.71298303
4210.0 156.084546131
4220.0 156.45611662
4230.0 156.827694486
4240.0 157.199279717
4250.0 157.570872298
4260.0 157.942472215
4270.0 158.314079452
4280.0 158.685693993
4290.0 159.057315818
4300.0 159.42894491
4310.0 159.800581247
4320.0 160.172224808
4330.0 160.54387557
4340.0 160.915533509
4350.0 161.287198601
4360.0 161.65887082
4370.0 162.030550137
4380.0 162.402236525
4390.0 162.773929954
4400.0 163.145630393
4410.0 163.517337811
4420.0 163.889052174
4430.0 164.260773449
4440.0 164.6325016
4450.0 165.00423659
4460.0 165.375978383
4470.0 165.747726939
4480.0 166.119482219
4490.0 166.491244182
4500.0 166.863012786
4510.0 167.234787988
4520.0 167.606569743
4530.0 167.978358006
4540.0 168.350152732
4550.0 168.721953872
4560.0 169.093761378
4570.0 169.4655752
4580.0 169.837395287
4590.0 170.209221589
4600.0 170.581054051
4610.0 170.952892621
4620.0 171.324737244
4630.0 171.696587863
4640.0 172.068444422
4650.0 172.440306863
4660.0 172.812175127
4670.0 173.184049154
4680.0 173.555928884
4690.0 173.927814255
4700.0 174.299705205
4710.0 174.671601669
4720.0 175.043503583
4730.0 175.415410882
4740.0 175.787323499
4750.0 176.159241369
4760.0 176.531164421
4770.0 176.903092588
4780.0 177.275025801
4790.0 177.646963988
4800.0 178.018907078
4810.0 178.390854999
4820.0 178.762807679
4830.0 179.134765044
4840.0 179.506727019
4850.0 179.878693531
4860.0 180.250664502
4870.0 180.622639857
4880.0 180.994619519
4890.0 181.3666034
4900.0 181.738591437
4910.0 182.110583543
4920.0 182.482579639
4930.0 182.854579643
4940.0 183.226583475
4950.0 183.598591054
4960.0 183.970602299
4970.0 184.342617126
4980.0 184.714635453
4990.0 185.086657196
5000.0 185.458682271
5010.0 185.830710595
5020.0 186.202742082
5030.0 186.574776648
5040.0 186.946814206
5050.0 187.318854671
5060.0 187.690897957
5070.0 188.062943977
5080.0 188.434992644
5090.0 188.80704387
5100.0 189.179097569
5110.0 189.551153653
5120.0 189.923212034
5130.0 190.295272624
5140.0 190.667335334
5150.0 191.039400076
5160.0 191.411466762
5170.0 191.783535302
5180.0 192.155605609
5190.0 192.527677592
5200.0 192.899751164
5210.0 193.271826234
5220.0 193.643902715
5230.0 194.015980517
5240.0 194.388059552
5250.0 194.760139729
5260.0 195.132220961
5270.0 195.504303159
5280.0 195.876386234
5290.0 196.248470098
5300.0 196.620554661
5310.0 196.992639837
5320.0 197.364725536
5330.0 197.736811672
5340.0 198.108898156
5350.0 198.480984902
5360.0 198.853071821
5370.0 199.225158828
5380.0 199.597245836
5390.0 199.969332759
5400.0 200.34141951
5410.0 200.713506005
5420.0 201.085592158
5430.0 201.457677885
5440.0 201.829763102
5450.0 202.201847724
5460.0 202.573931668
5470.0 202.946014851
5480.0 203.318097192
5490.0 203.690178607
5500.0 204.062259016
5510.0 204.434338338
5520.0 204.806416492
5530.0 205.178493399
5540.0 205.55056898
5550.0 205.922643156
5560.0 206.294715848
5570.0 206.666786981
5580.0 207.038856477
5590.0 207.41092426
5600.0 207.782990255
5610.0 208.155054387
5620.0 208.527116583
5630.0 208.899176769
5640.0 209.271234872
5650.0 209.643290822
5660.0 210.015344547
5670.0 210.387395977
5680.0 210.759445042
5690.0 211.131491675
5700.0 211.503535806
5710.0 211.87557737
5720.0 212.2476163
5730.0 212.619652531
5740.0 212.991685997
5750.0 213.363716637
5760.0 213.735744386
5770.0 214.107769184
5780.0 214.479790969
5790.0 214.851809681
5800.0 215.223825261
5810.0 215.59583765
5820.0 215.967846792