0.0 0.0
120.0 4.50060911437
120.625 4.52307865993
121.25 4.54555695844
122.5 4.59053912503
123.75 4.63555428017
125.0 4.6806011583
126.25 4.7256785581
127.5 4.77078533864
128.75 4.81592041575
130.0 4.86108275872
131.25 4.90627138709
132.5 4.95148536782
133.75 4.99672381249
135.0 5.04198587477
136.25 5.08727074806
137.5 5.13257766323
138.75 5.17790588657
140.0 5.22325471777
141.25 5.26862348818
142.5 5.314011559
143.75 5.35941831972
145.0 5.40484318662
146.25 5.45028560129
147.5 5.49574502937
148.75 5.54122095923
150.0 5.58671290083
151.25 5.63222038459
152.5 5.67774296038
153.75 5.72328019647
155.0 5.76883167867
156.25 5.81439700942
157.5 5.85997580698
158.75 5.90556770463
160.0 5.95117234997
161.25 5.99678940421
162.5 6.04241854149
165.0 6.13371182294
167.5 6.22504982402
170.0 6.31643034548
172.5 6.40785134366
175.0 6.49931091668
177.5 6.59080729193
180.0 6.68233881495
182.5 6.77390393932
185.0 6.86550121757
187.5 6.95712929299
190.0 7.0487868922
192.5 7.14047281846
195.0 7.23218594556
197.5 7.32392521232
200.0 7.41568961754
202.5 7.50747821553
205.0 7.59929011185
207.5 7.69112445961
210.0 7.78298045599
212.5 7.87485733912
215.0 7.96675438515
217.5 8.05867090566
220.0 8.15060624525
222.5 8.2425597793
225.0 8.33453091196
230.0 8.51852372253
235.0 8.70258041835
240.0 8.88669709626
245.0 9.07087016718
250.0 9.2550963208
255.0 9.4393724953
260.0 9.62369585135
265.0 9.80806374961
270.0 9.99247373125
275.0 10.176923501
280.0 10.3614109125
285.0 10.5459339549
290.0 10.7304907418
295.0 10.9150795012
300.0 11.099698566
305.0 11.2843463667
310.0 11.4690214235
315.0 11.6537223406
320.0 11.8384477999
330.0 12.2079674309
340.0 12.5775711416
350.0 12.9472507122
360.0 13.3169987663
370.0 13.6868086753
380.0 14.056674476
390.0 14.4265907998
400.0 14.7965528103
410.0 15.1665561482
420.0 15.5365968835
430.0 15.9066714715
440.0 16.2767767152
450.0 16.64690973
460.0 17.0170679134
470.0 17.3872489168
480.0 17.7574506208
490.0 18.1276711125
500.0 18.4979086653
510.0 18.8681617203
520.0 19.2384288702
530.0 19.6087088439
540.0 19.9790004935
550.0 20.3493027819
560.0 20.719614772
570.0 21.0899356165
580.0 21.4602645494
590.0 21.8306008777
600.0 22.2009439743
610.0 22.5712932716
620.0 22.9416482551
630.0 23.3120084587
640.0 23.6823734597
650.0 24.0527428744
660.0 24.4231163546
670.0 24.7934935835
680.0 25.1638742735
690.0 25.5342581623
700.0 25.9046450112
710.0 26.2750346026
720.0 26.6454267379
730.0 27.0158212354
740.0 27.3862179292
750.0 27.7566166674
760.0 28.1270173107
770.0 28.4974197312
780.0 28.8678238116
790.0 29.2382294438
800.0 29.6086365285
810.0 29.979044974
820.0 30.3494546955
830.0 30.7198656148
840.0 31.0902776596
850.0 31.4606907626
860.0 31.8311048615
870.0 32.2015198985
880.0 32.5719358195
890.0 32.9423525744
900.0 33.3127701163
910.0 33.6831884013
920.0 34.0536073885
930.0 34.4240270394
940.0 34.794447318
950.0 35.1648681904
960.0 35.5352896246
970.0 35.9057115908
980.0 36.2761340604
990.0 36.6465570067
1000.0 37.0169804045
1010.0 37.3874042296
1020.0 37.7578284593
1030.0 38.1282530721
1040.0 38.4986780473
1050.0 38.8691033653
1060.0 39.2395290076
1070.0 39.6099549562
1080.0 39.9803811942
1090.0 40.3508077052
1100.0 40.7212344736
1110.0 41.0916614845
1120.0 41.4620887235
1130.0 41.8325161767
1140.0 42.2029438307
1150.0 42.5733716728
1160.0 42.9437996905
1170.0 43.3142278718
1180.0 43.6846562052
1190.0 44.0550846793
1200.0 44.4255132834
1210.0 44.7959420067
1220.0 45.1663708391
1230.0 45.5367997704
1240.0 45.907228791
1250.0 46.2776578912
1260.0 46.6480870618
1270.0 47.0185162936
1280.0 47.3889455777
1290.0 47.7593749054
1300.0 48.129804268
1310.0 48.5002336571
1320.0 48.8706630645
1330.0 49.2410924818
1340.0 49.6115219011
1350.0 49.9819513143
1360.0 50.3523807135
1370.0 50.7228100911
1380.0 51.0932394391
1390.0 51.4636687499
1400.0 51.834098016
1410.0 52.2045272298
1420.0 52.5749563836
1430.0 52.9453854701
1440.0 53.3158144817
1450.0 53.6862434109
1460.0 54.0566722504
1470.0 54.4271009926
1480.0 54.7975296302
1490.0 55.1679581555
1500.0 55.5383865613
1510.0 55.9088148398
1520.0 56.2792429837
1530.0 56.6496709853
1540.0 57.0200988371
1550.0 57.3905265314
1560.0 57.7609540604
1570.0 58.1313814165
1580.0 58.5018085918
1590.0 58.8722355784
1600.0 59.2426623684
1610.0 59.6130889537
1620.0 59.9835153263
1630.0 60.3539414779
1640.0 60.7243674003
1650.0 61.0947930851
1660.0 61.4652185238
1670.0 61.8356437078
1680.0 62.2060686285
1690.0 62.5764932771
1700.0 62.9469176446
1710.0 63.3173417221
1720.0 63.6877655004
1730.0 64.0581889702
1740.0 64.4286121221
1750.0 64.7990349466
1760.0 65.169457434
1770.0 65.5398795744
1780.0 65.9103013579
1790.0 66.2807227744
1800.0 66.6511438135
1810.0 67.0215644649
1820.0 67.3919847179
1830.0 67.7624045617
1840.0 68.1328239855
1850.0 68.5032429781
1860.0 68.8736615283
1870.0 69.2440796244
1880.0 69.614497255
1890.0 69.9849144081
1900.0 70.3553310717
1910.0 70.7257472336
1920.0 71.0961628813
1930.0 71.4665780022
1940.0 71.8369925835
1950.0 72.207406612
1960.0 72.5778200745
1970.0 72.9482329576
1980.0 73.3186452475
1990.0 73.6890569302
2000.0 74.0594679917
2010.0 74.4298784175
2020.0 74.800288193
2030.0 75.1706973034
2040.0 75.5411057334
2050.0 75.9115134678
2060.0 76.281920491
2070.0 76.6523267871
2080.0 77.02273234
2090.0 77.3931371333
2100.0 77.7635411505
2110.0 78.1339443745
2120.0 78.5043467884
2130.0 78.8747483745
2140.0 79.2451491153
2150.0 79.6155489927
2160.0 79.9859479885
2170.0 80.3563460842
2180.0 80.7267432609
2190.0 81.0971394994
2200.0 81.4675347805
2210.0 81.8379290844
2220.0 82.208322391
2230.0 82.5787146801
2240.0 82.9491059312
2250.0 83.3194961232
2260.0 83.689885235
2270.0 84.0602732451
2280.0 84.4306601315
2290.0 84.8010458723
2300.0 85.1714304448
2310.0 85.5418138264
2320.0 85.9121959939
2330.0 86.2825769238
2340.0 86.6529565925
2350.0 87.0233349758
2360.0 87.3937120493
2370.0 87.7640877882
2380.0 88.1344621676
2390.0 88.5048351619
2400.0 88.8752067455
2410.0 89.2455768921
2420.0 89.6159455755
2430.0 89.9863127688
2440.0 90.3566784448
2450.0 90.7270425762
2460.0 91.0974051352
2470.0 91.4677660935
2480.0 91.8381254227
2490.0 92.2084830939
2500.0 92.5788390779
2510.0 92.9491933452
2520.0 93.3195458659
2530.0 93.6898966096
2540.0 94.060245546
2550.0 94.4305926438
2560.0 94.800937872
2570.0 95.1712811987
2580.0 95.541622592
2590.0 95.9119620196
2600.0 96.2822994486
2610.0 96.6526348461
2620.0 97.0229681786
2630.0 97.3932994124
2640.0 97.7636285133
2650.0 98.1339554469
2660.0 98.5042801784
2670.0 98.8746026726
2680.0 99.2449228939
2690.0 99.6152408067
2700.0 99.9855563745
2710.0 100.355869561
2720.0 100.726180329
2730.0 101.096488642
2740.0 101.466794462
2750.0 101.837097751
2760.0 102.207398471
2770.0 102.577696583
2780.0 102.947992049
2790.0 103.318284829
2800.0 103.688574884
2810.0 104.058862174
2820.0 104.429146659
2830.0 104.799428299
2840.0 105.169707052
2850.0 105.539982878
2860.0 105.910255735
2870.0 106.280525582
2880.0 106.650792377
2890.0 107.021056077
2900.0 107.39131664
2910.0 107.761574024
2920.0 108.131828185
2930.0 108.50207908
2940.0 108.872326665
2950.0 109.242570897
2960.0 109.612811731
2970.0 109.983049124
2980.0 110.35328303
2990.0 110.723513405
3000.0 111.093740203
3010.0 111.463963381
3020.0 111.834182891
3030.0 112.204398689
3040.0 112.574610729
3050.0 112.944818964
3060.0 113.315023348
3070.0 113.685223836
3080.0 114.055420379
3090.0 114.425612933
3100.0 114.795801449
3110.0 115.165985881
3120.0 115.536166181
3130.0 115.906342303
3140.0 116.276514198
3150.0 116.64668182
3160.0 117.01684512
3170.0 117.387004051
3180.0 117.757158566
3190.0 118.127308615
3200.0 118.497454152
3210.0 118.867595128
3220.0 119.237731495
3230.0 119.607863205
3240.0 119.97799021
3250.0 120.348112462
3260.0 120.718229912
3270.0 121.088342514
3280.0 121.458450217
3290.0 121.828552975
3300.0 122.19865074
3310.0 122.568743462
3320.0 122.938831095
3330.0 123.308913591
3340.0 123.678990901
3350.0 124.049062979
3360.0 124.419129776
3370.0 124.789191245
3380.0 125.159247339
3390.0 125.529298011
3400.0 125.899343213
3410.0 126.2693829
3420.0 126.639417023
3430.0 127.009445537
3440.0 127.379468396
3450.0 127.749485553
3460.0 128.119496962
3470.0 128.489502579
3480.0 128.859502358
3490.0 129.229496254
3500.0 129.599484222
3510.0 129.969466217
3520.0 130.339442196
3530.0 130.709412116
3540.0 131.079375931
3550.0 131.449333601
3560.0 131.819285081
3570.0 132.189230329
3580.0 132.559169304
3590.0 132.929101964
3600.0 133.299028268
3610.0 133.668948175
3620.0 134.038861645
3630.0 134.408768639
3640.0 134.778669117
3650.0 135.14856304
3660.0 135.518450371
3670.0 135.888331071
3680.0 136.258205103
3690.0 136.628072432
3700.0 136.99793302
3710.0 137.367786832
3720.0 137.737633833
3730.0 138.107473989
3740.0 138.477307267
3750.0 138.847133634
3760.0 139.216953056
3770.0 139.586765502
3780.0 139.956570942
3790.0 140.326369345
3800.0 140.696160681
3810.0 141.065944921
3820.0 141.435722037
3830.0 141.805492002
3840.0 142.175254789
3850.0 142.545010372
3860.0 142.914758726
3870.0 143.284499826
3880.0 143.65423365
3890.0 144.023960173
3900.0 144.393679374
3910.0 144.763391233
3920.0 145.133095729
3930.0 145.502792842
3940.0 145.872482554
3950.0 146.242164848
3960.0 146.611839707
3970.0 146.981507115
3980.0 147.351167056
3990.0 147.720819518
4000.0 148.090464488
4010.0 148.460101952
4020.0 148.829731901
4030.0 149.199354324
4040.0 149.568969211
4050.0 149.938576556
4060.0 150.30817635
4070.0 150.677768587
4080.0 151.047353264
4090.0 151.416930374
4100.0 151.786499916
4110.0 152.156061888
4120.0 152.525616287
4130.0 152.895163116
4140.0 153.264702374
4150.0 153.634234064
4160.0 154.00375819
4170.0 154.373274755
4180.0 154.742783766
4190.0 155.112285228
4200.0 155.481779151
4210.0 155.851265542
4220.0 156.220744411
4230.0 156.590215769
4240.0 156.95967963
4250.0 157.329136005
4260.0 157.698584909
4270.0 158.068026359
4280.0 158.43746037
4290.0 158.806886961
4300.0 159.17630615
4310.0 159.545717958
4320.0 159.915122405
4330.0 160.284519515
4340.0 160.65390931
4350.0 161.023291816
4360.0 161.392667058
4370.0 161.762035063
4380.0 162.13139586
4390.0 162.500749477
4400.0 162.870095946
4410.0 163.239435297
4420.0 163.608767563
4430.0 163.978092779
4440.0 164.347410978
4450.0 164.716722198
4460.0 165.086026475
4470.0 165.455323848
4480.0 165.824614356
4490.0 166.19389804
4500.0 166.563174942
4510.0 166.932445104
4520.0 167.30170857
4530.0 167.670965385
4540.0 168.040215595
4550.0 168.409459248
4560.0 168.778696391
4570.0 169.147927075
4580.0 169.517151348
4590.0 169.886369264
4600.0 170.255580873
4610.0 170.62478623
4620.0 170.993985389
4630.0 171.363178405
4640.0 171.732365336
4650.0 172.101546238
4660.0 172.470721171
4670.0 172.839890193
4680.0 173.209053365
4690.0 173.578210748
4700.0 173.947362405
4710.0 174.316508398
4720.0 174.685648793
4730.0 175.054783654
4740.0 175.423913046
4750.0 175.793037038
4760.0 176.162155695
4770.0 176.531269088
4780.0 176.900377284
4790.0 177.269480355
4800.0 177.63857837
4810.0 178.007671403
4820.0 178.376759525
4830.0 178.745842808
4840.0 179.114921329
4850.0 179.483995159
4860.0 179.853064376
4870.0 180.222129055
4880.0 180.591189273
4890.0 180.960245117
4900.0 181.329296648
4910.0 181.698343956
4920.0 182.067387118
4930.0 182.436426214
4940.0 182.805461326
4950.0 183.174492533
4960.0 183.543519917
4970.0 183.912543561
4980.0 184.281563546
4990.0 184.650579956
5000.0 185.019592874
5010.0 185.388602384
5020.0 185.75760857
5030.0 186.126611518
5040.0 186.495611311
5050.0 186.864608037
5060.0 187.23360178
5070.0 187.602592626
5080.0 187.971580663
5090.0 188.340565977
5100.0 188.709548654
5110.0 189.078528783
5120.0 189.44750645
5130.0 189.816481744
5140.0 190.185454751
5150.0 190.55442556
5160.0 190.92339426
5170.0 191.292360938
5180.0 191.661325683
5190.0 192.030288583
5200.0 192.399249726
5210.0 192.768209202
5220.0 193.137167098
5230.0 193.506123503
5240.0 193.875078506
5250.0 194.244032195
5260.0 194.612984658
5270.0 194.981935984
5280.0 195.35088626
5290.0 195.719835576
5300.0 196.088784017
5310.0 196.457731673
5320.0 196.826678631
5330.0 197.195624978
5340.0 197.564570801
5350.0 197.933516186
5360.0 198.302461222
5370.0 198.671405992
5380.0 199.040350585
5390.0 199.409295084
5400.0 199.778239576
5410.0 200.147184146
5420.0 200.516128877
5430.0 200.885073854
5440.0 201.25401916
5450.0 201.622964879
5460.0 201.991911094
5470.0 202.360857887
5480.0 202.72980534
5490.0 203.098753533
5500.0 203.467702549
5510.0 203.836652466
5520.0 204.205603365
5530.0 204.574555324
5540.0 204.943508423
5550.0 205.312462739
5560.0 205.68141835
5570.0 206.050375331
5580.0 206.41933376
5590.0 206.788293711
5600.0 207.157255258
5610.0 207.526218477
5620.0 207.895183439
5630.0 208.264150218
5640.0 208.633118886
5650.0 209.002089512
5660.0 209.371062168
5670.0 209.740036923
5680.0 210.109013845
5690.0 210.477993002
5700.0 210.846974463
5710.0 211.215958291
5720.0 211.584944554
5730.0 211.953933315
5740.0 212.322924638
5750.0 212.691918586
5760.0 213.060915221
5770.0 213.429914603
5780.0 213.798916794
5790.0 214.167921852
5800.0 214.536929835
5810.0 214.905940802
5820.0 215.274954807