0.0 0.0
120.0 4.49330718295
120.625 4.51573869832
121.25 4.53817896666
122.5 4.58308507291
123.75 4.62802416775
125.0 4.67299498562
126.25 4.7179963252
127.5 4.76302704554
128.75 4.80808606251
130.0 4.85317234536
131.25 4.89828491366
132.5 4.94342283434
133.75 4.988585219
135.0 5.03377122132
136.25 5.07898003468
137.5 5.12421088997
138.75 5.16946305345
140.0 5.21473582485
141.25 5.26002853548
142.5 5.30534054657
143.75 5.3506712476
145.0 5.39602005484
146.25 5.44138640991
147.5 5.48676977841
148.75 5.53216964873
150.0 5.57758553084
151.25 5.62301695515
152.5 5.66846347153
153.75 5.71392464825
155.0 5.75940007113
156.25 5.80488934259
157.5 5.85039208091
158.75 5.89590791936
160.0 5.94143650554
161.25 5.98697750066
162.5 6.03253057887
165.0 6.12367174231
167.5 6.21485762555
170.0 6.30608602936
172.5 6.39735491007
175.0 6.48866236579
177.5 6.58000662393
180.0 6.67138603003
182.5 6.76279903767
185.0 6.85424419938
187.5 6.94572015845
190.0 7.03722564151
192.5 7.12875945182
195.0 7.22032046317
197.5 7.31190761438
200.0 7.40351990426
202.5 7.49515638711
205.0 7.58681616851
207.5 7.67849840156
210.0 7.77020228346
212.5 7.86192705231
215.0 7.95367198428
217.5 8.04543639097
220.0 8.13721961695
222.5 8.22902103763
225.0 8.32084005714
230.0 8.50452864213
235.0 8.68828111332
240.0 8.87209356758
245.0 9.05596241587
250.0 9.23988434788
255.0 9.42385630182
260.0 9.60787543838
265.0 9.79193911825
270.0 9.97604488263
275.0 10.1601904363
280.0 10.3443736328
285.0 10.5285924615
290.0 10.712845036
295.0 10.8971295841
300.0 11.081444439
305.0 11.265788031
310.0 11.4501588806
315.0 11.6345555918
320.0 11.8189768465
330.0 12.187888073
340.0 12.556883385
350.0 12.9259545633
360.0 13.2950942317
370.0 13.6642957618
380.0 14.0335531908
390.0 14.4028611504
400.0 14.7722148045
410.0 15.1416097941
420.0 15.5110421896
430.0 15.8805084468
440.0 16.2500053688
450.0 16.6195300716
460.0 16.989079953
470.0 17.358652665
480.0 17.7282460884
490.0 18.097858311
500.0 18.4674876064
510.0 18.8371324164
520.0 19.2067913341
530.0 19.5764630891
540.0 19.9461465338
550.0 20.3158406319
560.0 20.6855444467
570.0 21.0552571315
580.0 21.4249779212
590.0 21.7947061232
600.0 22.1644411112
610.0 22.5341823181
620.0 22.9039292304
630.0 23.2736813826
640.0 23.6434383528
650.0 24.0131997582
660.0 24.3829652512
670.0 24.7527345162
680.0 25.1225072661
690.0 25.4922832398
700.0 25.8620621995
710.0 26.2318439286
720.0 26.6016282293
730.0 26.9714149212
740.0 27.3412038395
750.0 27.7109948333
760.0 28.0807877645
770.0 28.4505825064
780.0 28.820378943
790.0 29.1901769674
800.0 29.5599764817
810.0 29.9297773954
820.0 30.2995796253
830.0 30.6693830947
840.0 31.0391877325
850.0 31.4089934733
860.0 31.7788002562
870.0 32.1486080251
880.0 32.5184167277
890.0 32.8882263155
900.0 33.2580367435
910.0 33.6278479697
920.0 33.9976599551
930.0 34.3674726632
940.0 34.73728606
950.0 35.1071001138
960.0 35.4769147947
970.0 35.8467300752
980.0 36.216545929
990.0 36.5863623319
1000.0 36.9561792609
1010.0 37.3259966946
1020.0 37.6958146128
1030.0 38.0656329966
1040.0 38.4354518282
1050.0 38.8052710908
1060.0 39.1750907688
1070.0 39.5449108474
1080.0 39.9147313125
1090.0 40.2845521512
1100.0 40.654373351
1110.0 41.0241949005
1120.0 41.3940167886
1130.0 41.7638390051
1140.0 42.1336615404
1150.0 42.5034843855
1160.0 42.8733075317
1170.0 43.2431309712
1180.0 43.6129546964
1190.0 43.9827787003
1200.0 44.3526029764
1210.0 44.7224275186
1220.0 45.0922523211
1230.0 45.4620773787
1240.0 45.8319026865
1250.0 46.2017282398
1260.0 46.5715540346
1270.0 46.9413800668
1280.0 47.3112063331
1290.0 47.6810328301
1300.0 48.050859555
1310.0 48.4206865051
1320.0 48.7905136782
1330.0 49.1603410722
1340.0 49.5301686853
1350.0 49.899996516
1360.0 50.2698245631
1370.0 50.6396528256
1380.0 51.0094813027
1390.0 51.379309994
1400.0 51.749138899
1410.0 52.1189680179
1420.0 52.4887973508
1430.0 52.8586268981
1440.0 53.2284566605
1450.0 53.5982866387
1460.0 53.968116834
1470.0 54.3379472474
1480.0 54.7077778807
1490.0 55.0776087353
1500.0 55.4474398133
1510.0 55.8172711168
1520.0 56.187102648
1530.0 56.5569344094
1540.0 56.9267664039
1550.0 57.2965986342
1560.0 57.6664311035
1570.0 58.0362638152
1580.0 58.4060967726
1590.0 58.7759299796
1600.0 59.14576344
1610.0 59.5155971579
1620.0 59.8854311376
1630.0 60.2552653836
1640.0 60.6250999007
1650.0 60.9949346936
1660.0 61.3647697675
1670.0 61.7346051277
1680.0 62.1044407797
1690.0 62.4742767291
1700.0 62.8441129818
1710.0 63.2139495441
1720.0 63.5837864221
1730.0 63.9536236224
1740.0 64.3234611517
1750.0 64.6932990169
1760.0 65.0631372252
1770.0 65.4329757839
1780.0 65.8028147006
1790.0 66.172653983
1800.0 66.5424936393
1810.0 66.9123336775
1820.0 67.2821741062
1830.0 67.652014934
1840.0 68.0218561697
1850.0 68.3916978225
1860.0 68.7615399018
1870.0 69.131382417
1880.0 69.5012253781
1890.0 69.871068795
1900.0 70.240912678
1910.0 70.6107570377
1920.0 70.9806018848
1930.0 71.3504472303
1940.0 71.7202930855
1950.0 72.0901394618
1960.0 72.459986371
1970.0 72.8298338251
1980.0 73.1996818363
1990.0 73.5695304172
2000.0 73.9393795806
2010.0 74.3092293395
2020.0 74.6790797071
2030.0 75.0489306972
2040.0 75.4187823234
2050.0 75.7886346
2060.0 76.1584875412
2070.0 76.5283411619
2080.0 76.8981954769
2090.0 77.2680505014
2100.0 77.6379062511
2110.0 78.0077627416
2120.0 78.3776199891
2130.0 78.74747801
2140.0 79.1173368209
2150.0 79.4871964389
2160.0 79.8570568812
2170.0 80.2269181654
2180.0 80.5967803094
2190.0 80.9666433314
2200.0 81.3365072498
2210.0 81.7063720836
2220.0 82.0762378518
2230.0 82.4461045739
2240.0 82.8159722696
2250.0 83.1858409591
2260.0 83.5557106627
2270.0 83.9255814011
2280.0 84.2954531955
2290.0 84.6653260673
2300.0 85.035200038
2310.0 85.4050751299
2320.0 85.7749513652
2330.0 86.1448287668
2340.0 86.5147073576
2350.0 86.8845871611
2360.0 87.254468201
2370.0 87.6243505014
2380.0 87.9942340868
2390.0 88.3641189818
2400.0 88.7340052117
2410.0 89.1038928019
2420.0 89.4737817782
2430.0 89.8436721669
2440.0 90.2135639944
2450.0 90.5834572876
2460.0 90.9533520738
2470.0 91.3232483805
2480.0 91.6931462357
2490.0 92.0630456678
2500.0 92.4329467053
2510.0 92.8028493773
2520.0 93.1727537131
2530.0 93.5426597426
2540.0 93.9125674958
2550.0 94.2824770031
2560.0 94.6523882954
2570.0 95.0223014039
2580.0 95.39221636
2590.0 95.7621331957
2600.0 96.1320519433
2610.0 96.5019726352
2620.0 96.8718953046
2630.0 97.2418199846
2640.0 97.611746709
2650.0 97.9816755119
2660.0 98.3516064275
2670.0 98.7215394907
2680.0 99.0914747364
2690.0 99.4614122002
2700.0 99.8313519178
2710.0 100.201293925
2720.0 100.571238259
2730.0 100.941184957
2740.0 101.311134054
2750.0 101.68108559
2760.0 102.051039601
2770.0 102.420996126
2780.0 102.790955203
2790.0 103.160916871
2800.0 103.53088117
2810.0 103.900848138
2820.0 104.270817816
2830.0 104.640790244
2840.0 105.010765461
2850.0 105.380743509
2860.0 105.750724429
2870.0 106.120708261
2880.0 106.490695048
2890.0 106.860684832
2900.0 107.230677654
2910.0 107.600673557
2920.0 107.970672584
2930.0 108.340674777
2940.0 108.71068018
2950.0 109.080688837
2960.0 109.450700791
2970.0 109.820716086
2980.0 110.190734767
2990.0 110.560756877
3000.0 110.930782462
3010.0 111.300811567
3020.0 111.670844236
3030.0 112.040880516
3040.0 112.410920451
3050.0 112.780964087
3060.0 113.15101147
3070.0 113.521062647
3080.0 113.891117664
3090.0 114.261176567
3100.0 114.631239402
3110.0 115.001306217
3120.0 115.371377058
3130.0 115.741451973
3140.0 116.111531008
3150.0 116.48161421
3160.0 116.851701628
3170.0 117.221793309
3180.0 117.5918893
3190.0 117.961989648
3200.0 118.332094402
3210.0 118.702203609
3220.0 119.072317316
3230.0 119.442435573
3240.0 119.812558426
3250.0 120.182685924
3260.0 120.552818114
3270.0 120.922955044
3280.0 121.293096763
3290.0 121.663243317
3300.0 122.033394755
3310.0 122.403551124
3320.0 122.773712472
3330.0 123.143878847
3340.0 123.514050296
3350.0 123.884226866
3360.0 124.254408605
3370.0 124.624595561
3380.0 124.994787779
3390.0 125.364985308
3400.0 125.735188193
3410.0 126.105396481
3420.0 126.47561022
3430.0 126.845829454
3440.0 127.21605423
3450.0 127.586284593
3460.0 127.95652059
3470.0 128.326762265
3480.0 128.697009664
3490.0 129.067262831
3500.0 129.437521811
3510.0 129.807786647
3520.0 130.178057384
3530.0 130.548334066
3540.0 130.918616734
3550.0 131.288905433
3560.0 131.659200205
3570.0 132.029501091
3580.0 132.399808134
3590.0 132.770121374
3600.0 133.140440852
3610.0 133.51076661
3620.0 133.881098686
3630.0 134.25143712
3640.0 134.621781952
3650.0 134.992133219
3660.0 135.36249096
3670.0 135.732855212
3680.0 136.103226012
3690.0 136.473603396
3700.0 136.843987401
3710.0 137.214378061
3720.0 137.584775411
3730.0 137.955179486
3740.0 138.325590318
3750.0 138.69600794
3760.0 139.066432384
3770.0 139.436863683
3780.0 139.807301866
3790.0 140.177746964
3800.0 140.548199006
3810.0 140.918658021
3820.0 141.289124037
3830.0 141.659597081
3840.0 142.030077179
3850.0 142.400564357
3860.0 142.771058641
3870.0 143.141560054
3880.0 143.512068619
3890.0 143.882584359
3900.0 144.253107296
3910.0 144.62363745
3920.0 144.994174842
3930.0 145.364719491
3940.0 145.735271414
3950.0 146.10583063
3960.0 146.476397154
3970.0 146.846971002
3980.0 147.217552189
3990.0 147.588140728
4000.0 147.958736633
4010.0 148.329339914
4020.0 148.699950583
4030.0 149.070568649
4040.0 149.441194122
4050.0 149.81182701
4060.0 150.182467318
4070.0 150.553115053
4080.0 150.923770221
4090.0 151.294432823
4100.0 151.665102864
4110.0 152.035780346
4120.0 152.406465268
4130.0 152.77715763
4140.0 153.147857431
4150.0 153.518564669
4160.0 153.88927934
4170.0 154.260001438
4180.0 154.630730959
4190.0 155.001467895
4200.0 155.372212239
4210.0 155.742963981
4220.0 156.113723111
4230.0 156.484489618
4240.0 156.855263489
4250.0 157.226044711
4260.0 157.59683327
4270.0 157.967629148
4280.0 158.338432329
4290.0 158.709242796
4300.0 159.080060528
4310.0 159.450885506
4320.0 159.821717708
4330.0 160.192557111
4340.0 160.563403692
4350.0 160.934257425
4360.0 161.305118284
4370.0 161.675986242
4380.0 162.046861271
4390.0 162.417743341
4400.0 162.788632421
4410.0 163.15952848
4420.0 163.530431485
4430.0 163.9013414
4440.0 164.272258192
4450.0 164.643181823
4460.0 165.014112257
4470.0 165.385049454
4480.0 165.755993375
4490.0 166.126943979
4500.0 166.497901224
4510.0 166.868865067
4520.0 167.239835463
4530.0 167.610812368
4540.0 167.981795734
4550.0 168.352785515
4560.0 168.723781661
4570.0 169.094784124
4580.0 169.465792853
4590.0 169.836807796
4600.0 170.207828899
4610.0 170.57885611
4620.0 170.949889374
4630.0 171.320928634
4640.0 171.691973834
4650.0 172.063024916
4660.0 172.434081821
4670.0 172.805144489
4680.0 173.17621286
4690.0 173.547286872
4700.0 173.918366462
4710.0 174.289451567
4720.0 174.660542122
4730.0 175.031638062
4740.0 175.402739321
4750.0 175.773845831
4760.0 176.144957525
4770.0 176.516074333
4780.0 176.887196186
4790.0 177.258323014
4800.0 177.629454745
4810.0 178.000591307
4820.0 178.371732628
4830.0 178.742878634
4840.0 179.114029251
4850.0 179.485184403
4860.0 179.856344015
4870.0 180.227508011
4880.0 180.598676314
4890.0 180.969848836
4900.0 181.341025514
4910.0 181.712206261
4920.0 182.083390998
4930.0 182.454579643
4940.0 182.825772116
4950.0 183.196968336
4960.0 183.568168222
4970.0 183.93937169
4980.0 184.310578657
4990.0 184.681789042
5000.0 185.053002758
5010.0 185.424219723
5020.0 185.795439851
5030.0 186.166663058
5040.0 186.537889257
5050.0 186.909118363
5060.0 187.28035029
5070.0 187.65158495
5080.0 188.022822258
5090.0 188.394062126
5100.0 188.765304466
5110.0 189.136549191
5120.0 189.507796213
5130.0 189.879045443
5140.0 190.250296794
5150.0 190.621550178
5160.0 190.992805504
5170.0 191.364062686
5180.0 191.735321633
5190.0 192.106582257
5200.0 192.47784447
5210.0 192.849108182
5220.0 193.220373303
5230.0 193.591639747
5240.0 193.962907422
5250.0 194.33417624
5260.0 194.705446114
5270.0 195.076716952
5280.0 195.447988668
5290.0 195.819261173
5300.0 196.190534377
5310.0 196.561808194
5320.0 196.933082534
5330.0 197.304357311
5340.0 197.675632436
5350.0 198.046907823
5360.0 198.418183383
5370.0 198.789459031
5380.0 199.16073468
5390.0 199.532010243
5400.0 199.903285636
5410.0 200.274560772
5420.0 200.645835566
5430.0 201.017109934
5440.0 201.388383791
5450.0 201.759657054
5460.0 202.130929639
5470.0 202.502201464
5480.0 202.873472445
5490.0 203.244742502
5500.0 203.616011552
5510.0 203.987279515
5520.0 204.35854631
5530.0 204.729811858
5540.0 205.101076079
5550.0 205.472338896
5560.0 205.84360023
5570.0 206.214860003
5580.0 206.58611814
5590.0 206.957374564
5600.0 207.3286292
5610.0 207.699881973
5620.0 208.07113281
5630.0 208.442381637
5640.0 208.813628382
5650.0 209.184872972
5660.0 209.556115338
5670.0 209.927355409
5680.0 210.298593115
5690.0 210.669828389
5700.0 211.041061161
5710.0 211.412291366
5720.0 211.783518937
5730.0 212.154743808
5740.0 212.525965916
5750.0 212.897185197
5760.0 213.268401587
5770.0 213.639615026
5780.0 214.010825452
5790.0 214.382032804
5800.0 214.753237025
5810.0 215.124438056
5820.0 215.495635838