0.0 0.0
120.0 4.49452422149
120.625 4.5169620756
121.25 4.53940868268
122.5 4.58432746642
123.75 4.62927923875
125.0 4.6742627341
126.25 4.71927675116
127.5 4.76432014899
128.75 4.80939184344
130.0 4.85449080377
131.25 4.89961604956
132.5 4.94476664773
133.75 4.98994170988
135.0 5.03514038968
136.25 5.08036188052
137.5 5.1256054133
138.75 5.17087025426
140.0 5.21615570315
141.25 5.26146109127
142.5 5.30678577984
143.75 5.35212915835
145.0 5.39749064308
146.25 5.44286967563
147.5 5.48826572161
148.75 5.53367826942
150.0 5.57910682901
151.25 5.62455093081
152.5 5.67001012467
153.75 5.71548397888
155.0 5.76097207924
156.25 5.80647402819
157.5 5.85198944399
158.75 5.89751795993
160.0 5.9430592236
161.25 5.9886128962
162.5 6.03417865189
165.0 6.1253451703
167.5 6.21655640851
170.0 6.30781016729
172.5 6.39910440297
175.0 6.49043721366
177.5 6.58180682677
180.0 6.67321158784
182.5 6.76464995045
185.0 6.85612046713
187.5 6.94762178117
190.0 7.0391526192
192.5 7.13071178448
195.0 7.2222981508
197.5 7.31391065697
200.0 7.40554830183
202.5 7.49721013965
205.0 7.58889527602
207.5 7.68060286404
210.0 7.7723321009
212.5 7.86408222472
215.0 7.95585251167
217.5 8.04764227332
220.0 8.13945085427
222.5 8.23127762992
225.0 8.3231220044
230.0 8.50686129933
235.0 8.69066448046
240.0 8.87452764466
245.0 9.05844720288
250.0 9.24241984483
255.0 9.42644250872
260.0 9.61051235522
265.0 9.79462674503
270.0 9.97878321935
275.0 10.162979483
280.0 10.3472133894
285.0 10.531482928
290.0 10.7157862124
295.0 10.9001214705
300.0 11.0844870353
305.0 11.2688813373
310.0 11.4533028968
315.0 11.6377503179
320.0 11.8222222827
330.0 12.191234929
340.0 12.5603316609
350.0 12.929504259
360.0 13.2987453473
370.0 13.6680482973
380.0 14.0374071462
390.0 14.4068165257
400.0 14.7762715996
410.0 15.1457680092
420.0 15.5153018245
430.0 15.8848695016
440.0 16.2544678435
450.0 16.6240939661
460.0 16.9937452674
470.0 17.3634193992
480.0 17.7331142426
490.0 18.102827885
500.0 18.4725586003
510.0 18.8423048302
520.0 19.2120651678
530.0 19.5818383426
540.0 19.9516232073
550.0 20.3214187252
560.0 20.6912239598
570.0 21.0610380646
580.0 21.4308602741
590.0 21.800689896
600.0 22.1705263039
610.0 22.5403689307
620.0 22.9102172629
630.0 23.280070835
640.0 23.649929225
650.0 24.0197920503
660.0 24.3896589632
670.0 24.759529648
680.0 25.1294038178
690.0 25.4992812114
700.0 25.869161591
710.0 26.2390447399
720.0 26.6089304605
730.0 26.9788185724
740.0 27.3487089105
750.0 27.7186013242
760.0 28.0884956752
770.0 28.4583918371
780.0 28.8282896935
790.0 29.1981891378
800.0 29.5680900719
810.0 29.9379924055
820.0 30.3078960553
830.0 30.6778009446
840.0 31.0477070023
850.0 31.417614163
860.0 31.7875223658
870.0 32.1574315545
880.0 32.527341677
890.0 32.8972526847
900.0 33.2671645326
910.0 33.6370771787
920.0 34.0069905839
930.0 34.3769047119
940.0 34.7468195286
950.0 35.1167350022
960.0 35.4866511031
970.0 35.8565678034
980.0 36.2264850771
990.0 36.5964028998
1000.0 36.9663212487
1010.0 37.3362401023
1020.0 37.7061594404
1030.0 38.0760792441
1040.0 38.4459994955
1050.0 38.8159201781
1060.0 39.1858412759
1070.0 39.5557627744
1080.0 39.9256846594
1090.0 40.2956069179
1100.0 40.6655295377
1110.0 41.035452507
1120.0 41.405375815
1130.0 41.7752994514
1140.0 42.1452234066
1150.0 42.5151476715
1160.0 42.8850722376
1170.0 43.2549970969
1180.0 43.624922242
1190.0 43.9948476658
1200.0 44.3647733618
1210.0 44.7346993239
1220.0 45.1046255463
1230.0 45.4745520238
1240.0 45.8444787514
1250.0 46.2144057246
1260.0 46.5843329392
1270.0 46.9542603914
1280.0 47.3241880775
1290.0 47.6941159944
1300.0 48.0640441392
1310.0 48.4339725092
1320.0 48.8039011022
1330.0 49.173829916
1340.0 49.543758949
1350.0 49.9136881996
1360.0 50.2836176666
1370.0 50.6535473489
1380.0 51.0234772459
1390.0 51.393407357
1400.0 51.763337682
1410.0 52.1332682208
1420.0 52.5031989735
1430.0 52.8731299407
1440.0 53.2430611229
1450.0 53.6129925211
1460.0 53.9829241362
1470.0 54.3528559696
1480.0 54.7227880227
1490.0 55.0927202972
1500.0 55.4626527951
1510.0 55.8325855184
1520.0 56.2025184695
1530.0 56.5724516508
1540.0 56.9423850651
1550.0 57.3123187153
1560.0 57.6822526045
1570.0 58.0521867361
1580.0 58.4221211134
1590.0 58.7920557402
1600.0 59.1619906205
1610.0 59.5319257583
1620.0 59.9018611579
1630.0 60.2717968238
1640.0 60.6417327607
1650.0 61.0116689735
1660.0 61.3816054673
1670.0 61.7515422474
1680.0 62.1214793192
1690.0 62.4914166885
1700.0 62.8613543612
1710.0 63.2312923433
1720.0 63.6012306412
1730.0 63.9711692613
1740.0 64.3411082105
1750.0 64.7110474956
1760.0 65.0809871237
1770.0 65.4509271023
1780.0 65.8208674389
1790.0 66.1908081413
1800.0 66.5607492174
1810.0 66.9306906755
1820.0 67.300632524
1830.0 67.6705747717
1840.0 68.0405174273
1850.0 68.4104605
1860.0 68.7804039991
1870.0 69.1503479343
1880.0 69.5202923152
1890.0 69.890237152
1900.0 70.2601824549
1910.0 70.6301282345
1920.0 71.0000745015
1930.0 71.3700212668
1940.0 71.7399685419
1950.0 72.109916338
1960.0 72.4798646671
1970.0 72.8498135411
1980.0 73.2197629722
1990.0 73.589712973
2000.0 73.9596635563
2010.0 74.329614735
2020.0 74.6995665226
2030.0 75.0695189325
2040.0 75.4394719786
2050.0 75.809425675
2060.0 76.1793800362
2070.0 76.5493350767
2080.0 76.9192908116
2090.0 77.289247256
2100.0 77.6592044255
2110.0 78.0291623359
2120.0 78.3991210033
2130.0 78.7690804441
2140.0 79.1390406749
2150.0 79.5090017128
2160.0 79.8789635749
2170.0 80.248926279
2180.0 80.6188898429
2190.0 80.9888542847
2200.0 81.3588196231
2210.0 81.7287858767
2220.0 82.0987530648
2230.0 82.4687212067
2240.0 82.8386903223
2250.0 83.2086604317
2260.0 83.5786315552
2270.0 83.9486037135
2280.0 84.3185769278
2290.0 84.6885512194
2300.0 85.05852661
2310.0 85.4285031218
2320.0 85.798480777
2330.0 86.1684595984
2340.0 86.5384396091
2350.0 86.9084208325
2360.0 87.2784032923
2370.0 87.6483870126
2380.0 88.0183720178
2390.0 88.3883583327
2400.0 88.7583459825
2410.0 89.1283349926
2420.0 89.4983253888
2430.0 89.8683171973
2440.0 90.2383104447
2450.0 90.6083051578
2460.0 90.9783013638
2470.0 91.3482990904
2480.0 91.7182983655
2490.0 92.0882992175
2500.0 92.4583016748
2510.0 92.8283057667
2520.0 93.1983115225
2530.0 93.5683189718
2540.0 93.9383281449
2550.0 94.3083390721
2560.0 94.6783517843
2570.0 95.0483663126
2580.0 95.4183826886
2590.0 95.7884009442
2600.0 96.1584211116
2610.0 96.5284432235
2620.0 96.8984673127
2630.0 97.2684934126
2640.0 97.6385215569
2650.0 98.0085517796
2660.0 98.3785841151
2670.0 98.7486185982
2680.0 99.1186552638
2690.0 99.4886941475
2700.0 99.858735285
2710.0 100.228778712
2720.0 100.598824466
2730.0 100.968872583
2740.0 101.338923101
2750.0 101.708976056
2760.0 102.079031487
2770.0 102.449089432
2780.0 102.819149929
2790.0 103.189213017
2800.0 103.559278736
2810.0 103.929347124
2820.0 104.299418222
2830.0 104.669492069
2840.0 105.039568707
2850.0 105.409648174
2860.0 105.779730514
2870.0 106.149815766
2880.0 106.519903973
2890.0 106.889995177
2900.0 107.260089419
2910.0 107.630186742
2920.0 108.000287188
2930.0 108.370390801
2940.0 108.740497625
2950.0 109.110607701
2960.0 109.480721075
2970.0 109.85083779
2980.0 110.220957891
2990.0 110.591081421
3000.0 110.961208426
3010.0 111.33133895
3020.0 111.70147304
3030.0 112.071610739
3040.0 112.441752094
3050.0 112.81189715
3060.0 113.182045953
3070.0 113.55219855
3080.0 113.922354986
3090.0 114.292515309
3100.0 114.662679564
3110.0 115.032847799
3120.0 115.40302006
3130.0 115.773196394
3140.0 116.143376849
3150.0 116.513561472
3160.0 116.88375031
3170.0 117.25394341
3180.0 117.624140821
3190.0 117.994342589
3200.0 118.364548763
3210.0 118.73475939
3220.0 119.104974517
3230.0 119.475194194
3240.0 119.845418467
3250.0 120.215647384
3260.0 120.585880994
3270.0 120.956119345
3280.0 121.326362483
3290.0 121.696610457
3300.0 122.066863314
3310.0 122.437121103
3320.0 122.807383871
3330.0 123.177651666
3340.0 123.547924535
3350.0 123.918202525
3360.0 124.288485685
3370.0 124.65877406
3380.0 125.029067698
3390.0 125.399366647
3400.0 125.769670952
3410.0 126.13998066
3420.0 126.510295818
3430.0 126.880616472
3440.0 127.250942668
3450.0 127.621274451
3460.0 127.991611868
3470.0 128.361954963
3480.0 128.732303782
3490.0 129.102658369
3500.0 129.473018768
3510.0 129.843385024
3520.0 130.213757181
3530.0 130.584135283
3540.0 130.954519371
3550.0 131.32490949
3560.0 131.695305681
3570.0 132.065707988
3580.0 132.43611645
3590.0 132.80653111
3600.0 133.176952008
3610.0 133.547379186
3620.0 133.917812682
3630.0 134.288252536
3640.0 134.658698787
3650.0 135.029151474
3660.0 135.399610635
3670.0 135.770076307
3680.0 136.140548527
3690.0 136.511027331
3700.0 136.881512756
3710.0 137.252004836
3720.0 137.622503606
3730.0 137.9930091
3740.0 138.363521352
3750.0 138.734040394
3760.0 139.104566259
3770.0 139.475098977
3780.0 139.84563858
3790.0 140.216185098
3800.0 140.58673856
3810.0 140.957298995
3820.0 141.32786643
3830.0 141.698440894
3840.0 142.069022412
3850.0 142.43961101
3860.0 142.810206714
3870.0 143.180809546
3880.0 143.551419532
3890.0 143.922036692
3900.0 144.292661049
3910.0 144.663292623
3920.0 145.033931435
3930.0 145.404577503
3940.0 145.775230846
3950.0 146.145891482
3960.0 146.516559426
3970.0 146.887234694
3980.0 147.2579173
3990.0 147.62860726
4000.0 147.999304584
4010.0 148.370009285
4020.0 148.740721374
4030.0 149.11144086
4040.0 149.482167753
4050.0 149.85290206
4060.0 150.223643789
4070.0 150.594392944
4080.0 150.965149531
4090.0 151.335913554
4100.0 151.706685015
4110.0 152.077463916
4120.0 152.448250258
4130.0 152.81904404
4140.0 153.189845261
4150.0 153.560653919
4160.0 153.931470009
4170.0 154.302293527
4180.0 154.673124468
4190.0 155.043962824
4200.0 155.414808588
4210.0 155.78566175
4220.0 156.1565223
4230.0 156.527390227
4240.0 156.898265518
4250.0 157.26914816
4260.0 157.640038138
4270.0 158.010935436
4280.0 158.381840037
4290.0 158.752751924
4300.0 159.123671076
4310.0 159.494597474
4320.0 159.865531096
4330.0 160.236471919
4340.0 160.607419919
4350.0 160.978375072
4360.0 161.349337351
4370.0 161.720306729
4380.0 162.091283178
4390.0 162.462266668
4400.0 162.833257168
4410.0 163.204254647
4420.0 163.575259071
4430.0 163.946270406
4440.0 164.317288618
4450.0 164.688313669
4460.0 165.059345523
4470.0 165.43038414
4480.0 165.801429481
4490.0 166.172481505
4500.0 166.543540169
4510.0 166.914605432
4520.0 167.285677248
4530.0 167.656755572
4540.0 168.027840359
4550.0 168.398931559
4560.0 168.770029126
4570.0 169.141133009
4580.0 169.512243157
4590.0 169.88335952
4600.0 170.254482043
4610.0 170.625610674
4620.0 170.996745357
4630.0 171.367886037
4640.0 171.739032657
4650.0 172.110185159
4660.0 172.481343484
4670.0 172.852507572
4680.0 173.223677363
4690.0 173.594852795
4700.0 173.966033805
4710.0 174.33722033
4720.0 174.708412305
4730.0 175.079609665
4740.0 175.450812343
4750.0 175.822020273
4760.0 176.193233387
4770.0 176.564451615
4780.0 176.935674888
4790.0 177.306903136
4800.0 177.678136287
4810.0 178.049374269
4820.0 178.42061701
4830.0 178.791864435
4840.0 179.163116472
4850.0 179.534373044
4860.0 179.905634076
4870.0 180.276899492
4880.0 180.648169215
4890.0 181.019443156
4900.0 181.390721255
4910.0 181.762003422
4920.0 182.133289578
4930.0 182.504579643
4940.0 182.875873536
4950.0 183.247171176
4960.0 183.618472481
4970.0 183.989777369
4980.0 184.361085757
4990.0 184.732397561
5000.0 185.103712697
5010.0 185.475031082
5020.0 185.84635263
5030.0 186.217677257
5040.0 186.589004876
5050.0 186.960335402
5060.0 187.331668748
5070.0 187.703004829
5080.0 188.074343556
5090.0 188.445684844
5100.0 188.817028604
5110.0 189.188374749
5120.0 189.55972319
5130.0 189.931073841
5140.0 190.302426612
5150.0 190.673781415
5160.0 191.045138161
5170.0 191.416496763
5180.0 191.78785713
5190.0 192.159219174
5200.0 192.530582807
5210.0 192.901947938
5220.0 193.27331448
5230.0 193.644682343
5240.0 194.016051438
5250.0 194.387421677
5260.0 194.75879297
5270.0 195.130165228
5280.0 195.501538364
5290.0 195.872912288
5300.0 196.244286913
5310.0 196.615662149
5320.0 196.98703791
5330.0 197.358414106
5340.0 197.729790651
5350.0 198.101167458
5360.0 198.472544438
5370.0 198.843921506
5380.0 199.215298574
5390.0 199.586675558
5400.0 199.95805237
5410.0 200.329428926
5420.0 200.70080514
5430.0 201.072180928
5440.0 201.443556205
5450.0 201.814930888
5460.0 202.186304893
5470.0 202.557678137
5480.0 202.929050539
5490.0 203.300422015
5500.0 203.671792485
5510.0 204.043161867
5520.0 204.414530083
5530.0 204.78589705
5540.0 205.157262692
5550.0 205.528626928
5560.0 205.899989682
5570.0 206.271350876
5580.0 206.642710432
5590.0 207.014068276
5600.0 207.385424332
5610.0 207.756778525
5620.0 208.128130782
5630.0 208.499481028
5640.0 208.870829193
5650.0 209.242175204
5660.0 209.613518989
5670.0 209.98486048
5680.0 210.356199606
5690.0 210.7275363
5700.0 211.098870492
5710.0 211.470202117
5720.0 211.841531107
5730.0 212.212857399
5740.0 212.584180926
5750.0 212.955501627
5760.0 213.326819437
5770.0 213.698134296
5780.0 214.069446141
5790.0 214.440754914
5800.0 214.812060555
5810.0 215.183363005
5820.0 215.554662208