0.0 0.0
120.0 4.4965965383
120.625 4.51904518503
121.25 4.54150258471
122.5 4.58644295363
123.75 4.63141631111
125.0 4.67642139157
126.25 4.7214569937
127.5 4.76652197657
128.75 4.81161525602
130.0 4.85673580131
131.25 4.90188263202
132.5 4.94705481508
133.75 4.99225146208
135.0 5.03747172669
136.25 5.08271480232
137.5 5.12797991982
138.75 5.17326634549
140.0 5.21857337903
141.25 5.26390035177
142.5 5.30924662492
143.75 5.35461158798
145.0 5.39999465721
146.25 5.44539527422
147.5 5.49081290462
148.75 5.53624703681
150.0 5.58169718075
151.25 5.62716286684
152.5 5.67264364496
153.75 5.71813908339
155.0 5.76364876792
156.25 5.80917230101
157.5 5.85470930089
158.75 5.90025940088
160.0 5.94582224855
161.25 5.99139750512
162.5 6.03698484473
165.0 6.12819453085
167.5 6.21944893659
170.0 6.31074586272
172.5 6.40208326557
175.0 6.49345924325
177.5 6.58487202317
180.0 6.67631995086
182.5 6.76780147989
185.0 6.8593151628
187.5 6.95085964289
190.0 7.04243364677
192.5 7.13403597769
195.0 7.22566550946
197.5 7.31732118087
200.0 7.40900199077
202.5 7.50070699342
205.0 7.5924352944
207.5 7.68418604683
210.0 7.77595844788
212.5 7.86775173567
215.0 7.95956518637
217.5 8.05139811155
220.0 8.1432498558
222.5 8.23511979451
225.0 8.32700733184
230.0 8.51083295174
235.0 8.69472245689
240.0 8.87867194413
245.0 9.06267782438
250.0 9.24673678733
255.0 9.43084577117
260.0 9.61500193655
265.0 9.79920264413
270.0 9.9834454351
275.0 10.1677280142
280.0 10.352048235
285.0 10.5364040867
290.0 10.720793683
295.0 10.9052152517
300.0 11.0896671259
305.0 11.2741477358
310.0 11.458655602
315.0 11.6431893284
320.0 11.827747597
330.0 12.1969328467
340.0 12.566202176
350.0 12.9355473653
360.0 13.3049610381
370.0 13.6744365657
380.0 14.0439679851
390.0 14.4135499276
400.0 14.7831775567
410.0 15.1528465133
420.0 15.5225528672
430.0 15.892293074
440.0 16.2620639363
450.0 16.6318625697
460.0 17.0016863718
470.0 17.3715329938
480.0 17.7414003165
490.0 18.1112864269
500.0 18.4811895984
510.0 18.8511082721
520.0 19.2210410406
530.0 19.5909866329
540.0 19.9609439012
550.0 20.3309118083
560.0 20.700889417
570.0 21.0708758802
580.0 21.4408704317
590.0 21.8108723787
600.0 22.180881094
610.0 22.5508960099
620.0 22.9209166121
630.0 23.2909424343
640.0 23.660973054
650.0 24.0310080874
660.0 24.4010471862
670.0 24.7710900338
680.0 25.1411363424
690.0 25.5111858499
700.0 25.8812383175
710.0 26.2512935276
720.0 26.6213512815
730.0 26.9914113977
740.0 27.3614737102
750.0 27.731538067
760.0 28.1016043289
770.0 28.4716723681
780.0 28.8417420672
790.0 29.2118133181
800.0 29.5818860214
810.0 29.9519600855
820.0 30.3220354257
830.0 30.6921119637
840.0 31.0621896271
850.0 31.4322683488
860.0 31.8023480664
870.0 32.172428722
880.0 32.5425102617
890.0 32.9125926352
900.0 33.2826757958
910.0 33.6527596995
920.0 34.0228443053
930.0 34.3929295749
940.0 34.7630154722
950.0 35.1331019632
960.0 35.5031890161
970.0 35.8732766009
980.0 36.2433646892
990.0 36.6134532542
1000.0 36.9835422706
1010.0 37.3536317144
1020.0 37.7237215628
1030.0 38.0938117942
1040.0 38.463902388
1050.0 38.8339933247
1060.0 39.2040845856
1070.0 39.5741761529
1080.0 39.9442680096
1090.0 40.3143601393
1100.0 40.6844525264
1110.0 41.0545451559
1120.0 41.4246380136
1130.0 41.7947310854
1140.0 42.1648243581
1150.0 42.5349178188
1160.0 42.9050114552
1170.0 43.2751052552
1180.0 43.6451992072
1190.0 44.0152933
1200.0 44.3853875227
1210.0 44.7554818648
1220.0 45.1255763158
1230.0 45.4956708658
1240.0 45.865765505
1250.0 46.2358602238
1260.0 46.6059550131
1270.0 46.9760498635
1280.0 47.3461447663
1290.0 47.7162397127
1300.0 48.0863346939
1310.0 48.4564297017
1320.0 48.8265247277
1330.0 49.1966197637
1340.0 49.5667148017
1350.0 49.9368098335
1360.0 50.3069048515
1370.0 50.6769998476
1380.0 51.0470948143
1390.0 51.4171897439
1400.0 51.7872846286
1410.0 52.157379461
1420.0 52.5274742335
1430.0 52.8975689386
1440.0 53.2676635689
1450.0 53.6377581168
1460.0 54.0078525749
1470.0 54.3779469358
1480.0 54.748041192
1490.0 55.1181353361
1500.0 55.4882293604
1510.0 55.8583232577
1520.0 56.2284170202
1530.0 56.5985106405
1540.0 56.968604111
1550.0 57.3386974239
1560.0 57.7087905716
1570.0 58.0788835463
1580.0 58.4489763403
1590.0 58.8190689455
1600.0 59.1891613542
1610.0 59.5592535582
1620.0 59.9293455494
1630.0 60.2994373197
1640.0 60.6695288607
1650.0 61.0396201642
1660.0 61.4097112215
1670.0 61.7798020242
1680.0 62.1498925636
1690.0 62.5199828308
1700.0 62.8900728171
1710.0 63.2601625132
1720.0 63.6302519102
1730.0 64.0003409986
1740.0 64.3704297692
1750.0 64.7405182123
1760.0 65.1106063184
1770.0 65.4806940774
1780.0 65.8507814796
1790.0 66.2208685147
1800.0 66.5909551725
1810.0 66.9610414425
1820.0 67.3311273142
1830.0 67.7012127767
1840.0 68.0712978192
1850.0 68.4413824305
1860.0 68.8114665993
1870.0 69.1815503141
1880.0 69.5516335633
1890.0 69.9217163351
1900.0 70.2917986174
1910.0 70.6618803979
1920.0 71.0319616643
1930.0 71.4020424038
1940.0 71.7721226037
1950.0 72.1422022509
1960.0 72.5122813321
1970.0 72.8823598339
1980.0 73.2524377424
1990.0 73.6225150438
2000.0 73.992591724
2010.0 74.3626677684
2020.0 74.7327431626
2030.0 75.1028178916
2040.0 75.4728919403
2050.0 75.8429652934
2060.0 76.2130379352
2070.0 76.58310985
2080.0 76.9531810215
2090.0 77.3232514335
2100.0 77.6933210693
2110.0 78.0633899121
2120.0 78.4334579446
2130.0 78.8035251494
2140.0 79.1735915088
2150.0 79.5436570049
2160.0 79.9137216194
2170.0 80.2837853337
2180.0 80.653848129
2190.0 81.0239099862
2200.0 81.393970886
2210.0 81.7640308085
2220.0 82.1340897338
2230.0 82.5041476416
2240.0 82.8742045113
2250.0 83.244260322
2260.0 83.6143150525
2270.0 83.9843686812
2280.0 84.3544211863
2290.0 84.7244725457
2300.0 85.0945227369
2310.0 85.4645717371
2320.0 85.8346195233
2330.0 86.2046660719
2340.0 86.5747113592
2350.0 86.9447553611
2360.0 87.3147980533
2370.0 87.684839411
2380.0 88.054879409
2390.0 88.424918022
2400.0 88.7949552242
2410.0 89.1649909895
2420.0 89.5350252915
2430.0 89.9050581035
2440.0 90.2750893982
2450.0 90.6451191482
2460.0 91.0151473258
2470.0 91.3851739028
2480.0 91.7551988507
2490.0 92.1252221405
2500.0 92.4952437432
2510.0 92.8652636292
2520.0 93.2352817685
2530.0 93.6052981309
2540.0 93.9753126859
2550.0 94.3453254024
2560.0 94.7153362492
2570.0 95.0853451946
2580.0 95.4553522066
2590.0 95.8253572528
2600.0 96.1953603005
2610.0 96.5653613167
2620.0 96.9353602679
2630.0 97.3053571203
2640.0 97.6753518399
2650.0 98.0453443922
2660.0 98.4153347423
2670.0 98.7853228551
2680.0 99.1553086951
2690.0 99.5252922265
2700.0 99.8952734131
2710.0 100.265252218
2720.0 100.635228605
2730.0 101.005202537
2740.0 101.375173975
2750.0 101.745142883
2760.0 102.115109221
2770.0 102.485072952
2780.0 102.855034037
2790.0 103.224992436
2800.0 103.594948109
2810.0 103.964901018
2820.0 104.334851122
2830.0 104.70479838
2840.0 105.074742752
2850.0 105.444684196
2860.0 105.814622672
2870.0 106.184558138
2880.0 106.554490551
2890.0 106.92441987
2900.0 107.294346052
2910.0 107.664269054
2920.0 108.034188834
2930.0 108.404105348
2940.0 108.774018551
2950.0 109.143928402
2960.0 109.513834855
2970.0 109.883737866
2980.0 110.253637391
2990.0 110.623533384
3000.0 110.993425802
3010.0 111.363314598
3020.0 111.733199727
3030.0 112.103081143
3040.0 112.472958802
3050.0 112.842832655
3060.0 113.212702658
3070.0 113.582568765
3080.0 113.952430927
3090.0 114.322289099
3100.0 114.692143234
3110.0 115.061993284
3120.0 115.431839203
3130.0 115.801680944
3140.0 116.171518458
3150.0 116.541351698
3160.0 116.911180617
3170.0 117.281005167
3180.0 117.6508253
3190.0 118.020640968
3200.0 118.390452123
3210.0 118.760258718
3220.0 119.130060704
3230.0 119.499858032
3240.0 119.869650656
3250.0 120.239438527
3260.0 120.609221596
3270.0 120.978999816
3280.0 121.348773138
3290.0 121.718541515
3300.0 122.088304898
3310.0 122.458063239
3320.0 122.827816491
3330.0 123.197564605
3340.0 123.567307534
3350.0 123.937045231
3360.0 124.306777646
3370.0 124.676504734
3380.0 125.046226447
3390.0 125.415942737
3400.0 125.785653558
3410.0 126.155358863
3420.0 126.525058605
3430.0 126.894752738
3440.0 127.264441215
3450.0 127.634123991
3460.0 128.003801019
3470.0 128.373472255
3480.0 128.743137652
3490.0 129.112797166
3500.0 129.482450753
3510.0 129.852098367
3520.0 130.221739965
3530.0 130.591375503
3540.0 130.961004938
3550.0 131.330628225
3560.0 131.700245324
3570.0 132.069856191
3580.0 132.439460785
3590.0 132.809059063
3600.0 133.178650986
3610.0 133.548236511
3620.0 133.9178156
3630.0 134.287388213
3640.0 134.656954309
3650.0 135.026513852
3660.0 135.396066801
3670.0 135.76561312
3680.0 136.135152771
3690.0 136.504685718
3700.0 136.874211924
3710.0 137.243731355
3720.0 137.613243975
3730.0 137.98274975
3740.0 138.352248647
3750.0 138.721740632
3760.0 139.091225672
3770.0 139.460703738
3780.0 139.830174796
3790.0 140.199638817
3800.0 140.569095772
3810.0 140.938545631
3820.0 141.307988366
3830.0 141.67742395
3840.0 142.046852355
3850.0 142.416273557
3860.0 142.785687529
3870.0 143.155094248
3880.0 143.52449369
3890.0 143.893885832
3900.0 144.263270652
3910.0 144.63264813
3920.0 145.002018244
3930.0 145.371380976
3940.0 145.740736307
3950.0 146.110084219
3960.0 146.479424697
3970.0 146.848757723
3980.0 147.218083284
3990.0 147.587401364
4000.0 147.956711952
4010.0 148.326015035
4020.0 148.695310603
4030.0 149.064598644
4040.0 149.43387915
4050.0 149.803152113
4060.0 150.172417526
4070.0 150.541675383
4080.0 150.910925677
4090.0 151.280168407
4100.0 151.649403567
4110.0 152.018631157
4120.0 152.387851176
4130.0 152.757063623
4140.0 153.1262685
4150.0 153.495465809
4160.0 153.864655553
4170.0 154.233837737
4180.0 154.603012366
4190.0 154.972179448
4200.0 155.341338988
4210.0 155.710490998
4220.0 156.079635486
4230.0 156.448772463
4240.0 156.817901942
4250.0 157.187023936
4260.0 157.556138459
4270.0 157.925245527
4280.0 158.294345157
4290.0 158.663437366
4300.0 159.032522174
4310.0 159.401599601
4320.0 159.770669667
4330.0 160.139732395
4340.0 160.508787809
4350.0 160.877835933
4360.0 161.246876794
4370.0 161.615910418
4380.0 161.984936834
4390.0 162.35395607
4400.0 162.722968157
4410.0 163.091973126
4420.0 163.460971011
4430.0 163.829961846
4440.0 164.198945664
4450.0 164.567922502
4460.0 164.936892398
4470.0 165.30585539
4480.0 165.674811517
4490.0 166.043760819
4500.0 166.412703339
4510.0 166.78163912
4520.0 167.150568205
4530.0 167.519490638
4540.0 167.888406467
4550.0 168.257315739
4560.0 168.626218501
4570.0 168.995114803
4580.0 169.364004695
4590.0 169.732888229
4600.0 170.101765457
4610.0 170.470636433
4620.0 170.83950121
4630.0 171.208359846
4640.0 171.577212395
4650.0 171.946058916
4660.0 172.314899467
4670.0 172.683734108
4680.0 173.052562898
4690.0 173.4213859
4700.0 173.790203175
4710.0 174.159014788
4720.0 174.527820801
4730.0 174.896621281
4740.0 175.265416292
4750.0 175.634205902
4760.0 176.002990178
4770.0 176.371769189
4780.0 176.740543004
4790.0 177.109311693
4800.0 177.478075328
4810.0 177.846833979
4820.0 178.215587719
4830.0 178.584336622
4840.0 178.953080761
4850.0 179.32182021
4860.0 179.690555046
4870.0 180.059285343
4880.0 180.42801118
4890.0 180.796732642
4900.0 181.165449792
4910.0 181.534162718
4920.0 181.902871499
4930.0 182.271576214
4940.0 182.640276944
4950.0 183.00897377
4960.0 183.377666773
4970.0 183.746356035
4980.0 184.115041639
4990.0 184.483723668
5000.0 184.852402204
5010.0 185.221077333
5020.0 185.589749138
5030.0 185.958417704
5040.0 186.327083117
5050.0 186.695745461
5060.0 187.064404822
5070.0 187.433061288
5080.0 187.801714943
5090.0 188.170365875
5100.0 188.539014172
5110.0 188.907659919
5120.0 189.276303205
5130.0 189.644944117
5140.0 190.013582743
5150.0 190.382219171
5160.0 190.750853489
5170.0 191.119485786
5180.0 191.488116149
5190.0 191.856744668
5200.0 192.22537143
5210.0 192.593996524
5220.0 192.962620039
5230.0 193.331242063
5240.0 193.699862685
5250.0 194.068481992
5260.0 194.437100074
5270.0 194.805717019
5280.0 195.174332914
5290.0 195.542947847
5300.0 195.911561908
5310.0 196.280175182
5320.0 196.648787759
5330.0 197.017399724
5340.0 197.386011166
5350.0 197.75462217
5360.0 198.123232824
5370.0 198.491843214
5380.0 198.860453425
5390.0 199.229063543
5400.0 199.597673653
5410.0 199.966283841
5420.0 200.334894191
5430.0 200.703504787
5440.0 201.072115712
5450.0 201.44072705
5460.0 201.809338883
5470.0 202.177951295
5480.0 202.546564366
5490.0 202.915178178
5500.0 203.283792812
5510.0 203.652408348
5520.0 204.021024866
5530.0 204.389642444
5540.0 204.758261162
5550.0 205.126881096
5560.0 205.495502326
5570.0 205.864124926
5580.0 206.232748973
5590.0 206.601374542
5600.0 206.970001709
5610.0 207.338630546
5620.0 207.707261127
5630.0 208.075893525
5640.0 208.44452781
5650.0 208.813164056
5660.0 209.18180233
5670.0 209.550442704
5680.0 209.919085244
5690.0 210.287730021
5700.0 210.656377099
5710.0 211.025026547
5720.0 211.393678428
5730.0 211.762332808
5740.0 212.130989749
5750.0 212.499649316
5760.0 212.86831157
5770.0 213.236976571
5780.0 213.60564438
5790.0 213.974315057
5800.0 214.342988659
5810.0 214.711665244
5820.0 215.080344868