0.0 0.0
120.0 4.50264887096
120.625 4.52512904025
121.25 4.5476179625
122.5 4.59262137655
123.75 4.63765777916
125.0 4.68272590475
126.25 4.72782455202
127.5 4.77295258002
128.75 4.8181089046
130.0 4.86329249503
131.25 4.90850237087
132.5 4.95373759906
133.75 4.99899729119
135.0 5.04428060093
136.25 5.08958672169
137.5 5.13491488433
138.75 5.18026435513
140.0 5.2256344338
141.25 5.27102445167
142.5 5.31643376995
143.75 5.36186177814
145.0 5.4073078925
146.25 5.45277155464
147.5 5.49825223018
148.75 5.5437494075
150.0 5.58926259657
151.25 5.6347913278
152.5 5.68033515105
153.75 5.7258936346
155.0 5.77146636427
156.25 5.81705294249
157.5 5.86265298751
158.75 5.90826613262
160.0 5.95389202543
161.25 5.99953032713
162.5 6.04518071187
165.0 6.13651648825
167.5 6.22789698426
170.0 6.31932000065
172.5 6.41078349377
175.0 6.50228556171
177.5 6.59382443189
180.0 6.68539844984
182.5 6.77700606914
185.0 6.86864584232
187.5 6.96031641266
190.0 7.05201650681
192.5 7.143744928
195.0 7.23550055003
197.5 7.32728231171
200.0 7.41908921186
202.5 7.51092030478
205.0 7.60277469602
207.5 7.69465153871
210.0 7.78655003003
212.5 7.87846940809
215.0 7.97040894904
217.5 8.06236796449
220.0 8.15434579901
222.5 8.24634182798
225.0 8.33835545557
230.0 8.522433256
235.0 8.70657494167
240.0 8.89077660944
245.0 9.07503467022
250.0 9.2593458137
255.0 9.44370697806
260.0 9.62811532397
265.0 9.81256821208
270.0 9.99706318358
275.0 10.1815979432
280.0 10.3661703445
285.0 10.5507783768
290.0 10.7354201536
295.0 10.9200939028
300.0 11.1047979575
305.0 11.289530748
310.0 11.4742907947
315.0 11.6590767016
320.0 11.8438871508
330.0 12.2135767615
340.0 12.5833504519
350.0 12.9532000022
360.0 13.3231180361
370.0 13.6930979248
380.0 14.0631337052
390.0 14.4332200087
400.0 14.8033519989
410.0 15.1735253166
420.0 15.5437360315
430.0 15.9139805993
440.0 16.2842558227
450.0 16.6545588172
460.0 17.0248869803
470.0 17.3952379634
480.0 17.7656096472
490.0 18.1360001186
500.0 18.5064076511
510.0 18.8768306858
520.0 19.2472678154
530.0 19.6177177688
540.0 19.9881793982
550.0 20.3586516663
560.0 20.7291336361
570.0 21.0996244603
580.0 21.4701233729
590.0 21.8406296809
600.0 22.2111427573
610.0 22.5816620343
620.0 22.9521869975
630.0 23.3227171808
640.0 23.6932521615
650.0 24.0637915559
660.0 24.4343350158
670.0 24.8048822245
680.0 25.1754328942
690.0 25.5459867627
700.0 25.9165435913
710.0 26.2871031625
720.0 26.6576652774
730.0 27.0282297547
740.0 27.3987964282
750.0 27.7693651461
760.0 28.1399357691
770.0 28.5105081693
780.0 28.8810822294
790.0 29.2516578414
800.0 29.6222349058
810.0 29.992813331
820.0 30.3633930322
830.0 30.7339739313
840.0 31.1045559557
850.0 31.4751390385
860.0 31.8457231171
870.0 32.2163081337
880.0 32.5868940345
890.0 32.9574807691
900.0 33.3280682907
910.0 33.6986565555
920.0 34.0692455224
930.0 34.439835153
940.0 34.8104254113
950.0 35.1810162634
960.0 35.5516076774
970.0 35.9221996232
980.0 36.2927920725
990.0 36.6633849986
1000.0 37.0339783761
1010.0 37.4045721809
1020.0 37.7751663904
1030.0 38.1457609828
1040.0 38.5163559377
1050.0 38.8869512355
1060.0 39.2575468575
1070.0 39.6281427858
1080.0 39.9987390035
1090.0 40.3693354942
1100.0 40.7399322424
1110.0 41.110529233
1120.0 41.4811264517
1130.0 41.8517238846
1140.0 42.2223215183
1150.0 42.5929193401
1160.0 42.9635173375
1170.0 43.3341154986
1180.0 43.7047138117
1190.0 44.0753122656
1200.0 44.4459108493
1210.0 44.8165095524
1220.0 45.1871083645
1230.0 45.5577072755
1240.0 45.9283062758
1250.0 46.2989053557
1260.0 46.669504506
1270.0 47.0401037175
1280.0 47.4107029813
1290.0 47.7813022887
1300.0 48.1519016311
1310.0 48.5225009999
1320.0 48.893100387
1330.0 49.263699784
1340.0 49.634299183
1350.0 50.0048985759
1360.0 50.3754979549
1370.0 50.7460973121
1380.0 51.1166966399
1390.0 51.4872959305
1400.0 51.8578951763
1410.0 52.2284943697
1420.0 52.5990935033
1430.0 52.9696925695
1440.0 53.3402915608
1450.0 53.7108904697
1460.0 54.0814892889
1470.0 54.4520880109
1480.0 54.8226866281
1490.0 55.1932851332
1500.0 55.5638835187
1510.0 55.9344817769
1520.0 56.3050799005
1530.0 56.6756778819
1540.0 57.0462757134
1550.0 57.4168733874
1560.0 57.7874708961
1570.0 58.1580682319
1580.0 58.5286653869
1590.0 58.8992623532
1600.0 59.2698591229
1610.0 59.640455688
1620.0 60.0110520403
1630.0 60.3816481716
1640.0 60.7522440737
1650.0 61.1228397382
1660.0 61.4934351566
1670.0 61.8640303204
1680.0 62.2346252208
1690.0 62.6052198491
1700.0 62.9758141964
1710.0 63.3464082536
1720.0 63.7170020116
1730.0 64.0875954611
1740.0 64.4581885927
1750.0 64.8287813969
1760.0 65.199373864
1770.0 65.5699659841
1780.0 65.9405577473
1790.0 66.3111491435
1800.0 66.6817401624
1810.0 67.0523307935
1820.0 67.4229210262
1830.0 67.7935108498
1840.0 68.1641002533
1850.0 68.5346892256
1860.0 68.9052777554
1870.0 69.2758658313
1880.0 69.6464534416
1890.0 70.0170405744
1900.0 70.3876272178
1910.0 70.7582133594
1920.0 71.1287989868
1930.0 71.4993840874
1940.0 71.8699686484
1950.0 72.2405526566
1960.0 72.6111360989
1970.0 72.9817189616
1980.0 73.3523012312
1990.0 73.7228828937
2000.0 74.0934639349
2010.0 74.4640443404
2020.0 74.8346240957
2030.0 75.2052031857
2040.0 75.5757815955
2050.0 75.9463593096
2060.0 76.3169363125
2070.0 76.6875125883
2080.0 77.0580881209
2090.0 77.428662894
2100.0 77.7992368908
2110.0 78.1698100946
2120.0 78.5403824882
2130.0 78.910954054
2140.0 79.2815247745
2150.0 79.6520946317
2160.0 80.0226636072
2170.0 80.3932316826
2180.0 80.7637988389
2190.0 81.1343650572
2200.0 81.504930318
2210.0 81.8754946016
2220.0 82.246057888
2230.0 82.6166201568
2240.0 82.9871813876
2250.0 83.3577415593
2260.0 83.7283006508
2270.0 84.0988586406
2280.0 84.4694155068
2290.0 84.8399712273
2300.0 85.2105257795
2310.0 85.5810791408
2320.0 85.951631288
2330.0 86.3221821976
2340.0 86.692731846
2350.0 87.063280209
2360.0 87.4338272622
2370.0 87.8043729809
2380.0 88.17491734
2390.0 88.5454603141
2400.0 88.9160018773
2410.0 89.2865420037
2420.0 89.6570806668
2430.0 90.0276178398
2440.0 90.3981534955
2450.0 90.7686876067
2460.0 91.1392201453
2470.0 91.5097510833
2480.0 91.8802803922
2490.0 92.2508080432
2500.0 92.6213340069
2510.0 92.9918582539
2520.0 93.3623807543
2530.0 93.7329014778
2540.0 94.1034203938
2550.0 94.4739374714
2560.0 94.8444526793
2570.0 95.2149659857
2580.0 95.5854773587
2590.0 95.955986766
2600.0 96.3264941748
2610.0 96.696999552
2620.0 97.0675028642
2630.0 97.4380040777
2640.0 97.8085031584
2650.0 98.1790000717
2660.0 98.5494947829
2670.0 98.9199872567
2680.0 99.2904774578
2690.0 99.6609653503
2700.0 100.031450898
2710.0 100.401934064
2720.0 100.772414812
2730.0 101.142893105
2740.0 101.513368904
2750.0 101.883842173
2760.0 102.254312872
2770.0 102.624780964
2780.0 102.99524641
2790.0 103.36570917
2800.0 103.736169205
2810.0 104.106626474
2820.0 104.477080939
2830.0 104.847532558
2840.0 105.217981291
2850.0 105.588427097
2860.0 105.958869934
2870.0 106.32930976
2880.0 106.699746535
2890.0 107.070180215
2900.0 107.440610758
2910.0 107.811038121
2920.0 108.181462262
2930.0 108.551883137
2940.0 108.922300702
2950.0 109.292714913
2960.0 109.663125727
2970.0 110.033533099
2980.0 110.403936985
2990.0 110.77433734
3000.0 111.144734118
3010.0 111.515127275
3020.0 111.885516765
3030.0 112.255902543
3040.0 112.626284562
3050.0 112.996662777
3060.0 113.367037141
3070.0 113.737407608
3080.0 114.107774132
3090.0 114.478136665
3100.0 114.848495161
3110.0 115.218849572
3120.0 115.589199853
3130.0 115.959545954
3140.0 116.329887829
3150.0 116.70022543
3160.0 117.07055871
3170.0 117.440887621
3180.0 117.811212115
3190.0 118.181532144
3200.0 118.551847661
3210.0 118.922158616
3220.0 119.292464963
3230.0 119.662766653
3240.0 120.033063638
3250.0 120.40335587
3260.0 120.7736433
3270.0 121.143925881
3280.0 121.514203564
3290.0 121.884476302
3300.0 122.254744046
3310.0 122.625006748
3320.0 122.995264361
3330.0 123.365516836
3340.0 123.735764127
3350.0 124.106006184
3360.0 124.476242961
3370.0 124.84647441
3380.0 125.216700483
3390.0 125.586921135
3400.0 125.957136317
3410.0 126.327345983
3420.0 126.697550086
3430.0 127.06774858
3440.0 127.437941418
3450.0 127.808128555
3460.0 128.178309944
3470.0 128.548485541
3480.0 128.918655299
3490.0 129.288819175
3500.0 129.658977122
3510.0 130.029129097
3520.0 130.399275057
3530.0 130.769414955
3540.0 131.139548751
3550.0 131.5096764
3560.0 131.879797859
3570.0 132.249913088
3580.0 132.620022042
3590.0 132.990124682
3600.0 133.360220965
3610.0 133.730310852
3620.0 134.100394302
3630.0 134.470471276
3640.0 134.840541733
3650.0 135.210605637
3660.0 135.580662947
3670.0 135.950713627
3680.0 136.320757639
3690.0 136.690794947
3700.0 137.060825514
3710.0 137.430849306
3720.0 137.800866287
3730.0 138.170876424
3740.0 138.540879681
3750.0 138.910876027
3760.0 139.280865429
3770.0 139.650847855
3780.0 140.020823275
3790.0 140.390791657
3800.0 140.760752973
3810.0 141.130707193
3820.0 141.500654289
3830.0 141.870594234
3840.0 142.240527
3850.0 142.610452563
3860.0 142.980370896
3870.0 143.350281976
3880.0 143.720185779
3890.0 144.090082282
3900.0 144.459971464
3910.0 144.829853302
3920.0 145.199727778
3930.0 145.56959487
3940.0 145.939454563
3950.0 146.309306836
3960.0 146.679151674
3970.0 147.048989062
3980.0 147.418818983
3990.0 147.788641425
4000.0 148.158456374
4010.0 148.528263818
4020.0 148.898063747
4030.0 149.267856149
4040.0 149.637641017
4050.0 150.007418341
4060.0 150.377188114
4070.0 150.746950332
4080.0 151.116704988
4090.0 151.486452078
4100.0 151.8561916
4110.0 152.225923551
4120.0 152.59564793
4130.0 152.965364738
4140.0 153.335073976
4150.0 153.704775646
4160.0 154.074469752
4170.0 154.444156297
4180.0 154.813835287
4190.0 155.183506729
4200.0 155.553170631
4210.0 155.922827002
4220.0 156.292475851
4230.0 156.662117189
4240.0 157.031751029
4250.0 157.401377384
4260.0 157.770996268
4270.0 158.140607698
4280.0 158.510211689
4290.0 158.879808259
4300.0 159.249397428
4310.0 159.618979215
4320.0 159.988553642
4330.0 160.358120732
4340.0 160.727680507
4350.0 161.097232992
4360.0 161.466778214
4370.0 161.836316199
4380.0 162.205846975
4390.0 162.575370573
4400.0 162.944887021
4410.0 163.314396352
4420.0 163.683898598
4430.0 164.053393793
4440.0 164.422881972
4450.0 164.792363172
4460.0 165.161837429
4470.0 165.531304781
4480.0 165.900765269
4490.0 166.270218933
4500.0 166.639665814
4510.0 167.009105956
4520.0 167.378539401
4530.0 167.747966196
4540.0 168.117386386
4550.0 168.486800019
4560.0 168.856207142
4570.0 169.225607805
4580.0 169.595002058
4590.0 169.964389953
4600.0 170.333771542
4610.0 170.703146879
4620.0 171.072516018
4630.0 171.441879014
4640.0 171.811235924
4650.0 172.180586806
4660.0 172.549931718
4670.0 172.91927072
4680.0 173.288603872
4690.0 173.657931235
4700.0 174.027252871
4710.0 174.396568845
4720.0 174.765879219
4730.0 175.135184059
4740.0 175.504483432
4750.0 175.873777403
4760.0 176.24306604
4770.0 176.612349412
4780.0 176.981627588
4790.0 177.350900639
4800.0 177.720168634
4810.0 178.089431646
4820.0 178.458689748
4830.0 178.827943011
4840.0 179.197191511
4850.0 179.566435322
4860.0 179.935674518
4870.0 180.304909177
4880.0 180.674139374
4890.0 181.043365198
4900.0 181.412586709
4910.0 181.781803996
4920.0 182.151017138
4930.0 182.520226214
4940.0 182.889431306
4950.0 183.258632492
4960.0 183.627829856
4970.0 183.99702348
4980.0 184.366213444
4990.0 184.735399834
5000.0 185.104582732
5010.0 185.473762222
5020.0 185.842938388
5030.0 186.212111315
5040.0 186.581281088
5050.0 186.950447793
5060.0 187.319611516
5070.0 187.688772342
5080.0 188.057930359
5090.0 188.427085652
5100.0 188.79623831
5110.0 189.165388418
5120.0 189.534536065
5130.0 189.903681338
5140.0 190.272824325
5150.0 190.641965114
5160.0 191.011103794
5170.0 191.380240451
5180.0 191.749375176
5190.0 192.118508055
5200.0 192.487639179
5210.0 192.856768634
5220.0 193.22589651
5230.0 193.595022895
5240.0 193.964147878
5250.0 194.333271546
5260.0 194.702393989
5270.0 195.071515294
5280.0 195.440635551
5290.0 195.809754845
5300.0 196.178873267
5310.0 196.547990903
5320.0 196.91710784
5330.0 197.286224167
5340.0 197.655339969
5350.0 198.024455335
5360.0 198.393570349
5370.0 198.7626851
5380.0 199.131799672
5390.0 199.500914151
5400.0 199.870028623
5410.0 200.239143172
5420.0 200.608257883
5430.0 200.977372839
5440.0 201.346488126
5450.0 201.715603825
5460.0 202.084720019
5470.0 202.453836792
5480.0 202.822954224
5490.0 203.192072397
5500.0 203.561191392
5510.0 203.930311289
5520.0 204.299432168
5530.0 204.668554107
5540.0 205.037677186
5550.0 205.406801482
5560.0 205.775927072
5570.0 206.145054033
5580.0 206.514182441
5590.0 206.883312372
5600.0 207.252443899
5610.0 207.621577097
5620.0 207.99071204
5630.0 208.359848798
5640.0 208.728987445
5650.0 209.098128052
5660.0 209.467270687
5670.0 209.836415422
5680.0 210.205562324
5690.0 210.574711461
5700.0 210.943862901
5710.0 211.313016709
5720.0 211.682172951
5730.0 212.051331692
5740.0 212.420492995
5750.0 212.789656923
5760.0 213.158823537
5770.0 213.5279929
5780.0 213.89716507
5790.0 214.266340108
5800.0 214.635518071
5810.0 215.004699017
5820.0 215.373883002