0.0 0.0
120.0 4.4944302097
120.625 4.51686757347
121.25 4.53931369019
122.5 4.58423149319
123.75 4.62918228474
125.0 4.67416479928
126.25 4.71917783549
127.5 4.76422025243
128.75 4.80929096596
130.0 4.85438894533
131.25 4.89951321012
132.5 4.94466282725
133.75 4.98983690833
135.0 5.03503460702
136.25 5.08025511672
137.5 5.1254976683
138.75 5.17076152805
140.0 5.21604599566
141.25 5.26135040248
142.5 5.30667410971
143.75 5.35201650684
145.0 5.39737701015
146.25 5.44275506123
147.5 5.48815012572
148.75 5.53356169199
150.0 5.57898926999
151.25 5.62443239017
152.5 5.66989060236
153.75 5.71536347487
155.0 5.76085059348
156.25 5.80635156064
157.5 5.85186599461
158.75 5.89739352867
160.0 5.94293381042
161.25 5.98848650106
162.5 6.03405127475
165.0 6.12521582902
167.5 6.21642510292
170.0 6.3076768972
172.5 6.39896916821
175.0 6.49030001404
177.5 6.58166766211
180.0 6.67307045796
182.5 6.76450685514
185.0 6.85597540621
187.5 6.94747475445
190.0 7.03900362648
192.5 7.13056082556
195.0 7.22214522548
197.5 7.31375576505
200.0 7.4053914431
202.5 7.4970513139
205.0 7.58873448304
207.5 7.68044010362
210.0 7.77216737283
212.5 7.86391552878
215.0 7.95568384762
217.5 8.04747164096
220.0 8.13927825337
222.5 8.23110306024
225.0 8.32294546571
230.0 8.50668082192
235.0 8.69048006338
240.0 8.87433928692
245.0 9.05825490349
250.0 9.24222360275
255.0 9.42624232289
260.0 9.61030822458
265.0 9.79441866847
270.0 9.97857119575
275.0 10.1627635112
280.0 10.3469934683
285.0 10.5312590563
290.0 10.7155583889
295.0 10.8998896939
300.0 11.0842513044
305.0 11.2686416506
310.0 11.4530592531
315.0 11.6375027158
320.0 11.8219707208
330.0 12.1909754431
340.0 12.560064245
350.0 12.9292289069
360.0 13.2984620523
370.0 13.6677570526
380.0 14.0371079446
390.0 14.4065093597
400.0 14.7759564614
410.0 15.1454448906
420.0 15.5149707171
430.0 15.8845303965
440.0 16.2541207314
450.0 16.6237388375
460.0 16.9933821121
470.0 17.3630482068
480.0 17.7327350021
490.0 18.1024405852
500.0 18.4721632292
510.0 18.8419013755
520.0 19.2116536166
530.0 19.5814186816
540.0 19.9511954225
550.0 20.3209828022
560.0 20.6907798835
570.0 21.0605858193
580.0 21.4303998435
590.0 21.8002212631
600.0 22.170049451
610.0 22.5398838395
620.0 22.9097239143
630.0 23.2795692092
640.0 23.6494193014
650.0 24.0192738075
660.0 24.3891323789
670.0 24.7589946992
680.0 25.1288604804
690.0 25.4987294604
700.0 25.8686014007
710.0 26.2384760834
720.0 26.6083533099
730.0 26.9782328987
740.0 27.3481146838
750.0 27.7179985133
760.0 28.0878842478
770.0 28.4577717596
780.0 28.8276609313
790.0 29.1975516548
800.0 29.5674438308
810.0 29.9373373675
820.0 30.3072321803
830.0 30.6771281909
840.0 31.0470253269
850.0 31.4169235212
860.0 31.7868227114
870.0 32.1567228396
880.0 32.5266238519
890.0 32.8965256981
900.0 33.2664283313
910.0 33.6363317076
920.0 34.0062357861
930.0 34.3761405283
940.0 34.7460458981
950.0 35.1159518618
960.0 35.4858583873
970.0 35.8557654447
980.0 36.2256730056
990.0 36.5955810432
1000.0 36.9654895322
1010.0 37.3353984486
1020.0 37.7053077697
1030.0 38.0752174737
1040.0 38.4451275402
1050.0 38.8150379495
1060.0 39.184948683
1070.0 39.5548597229
1080.0 39.9247710522
1090.0 40.2946826545
1100.0 40.6645945142
1110.0 41.0345066164
1120.0 41.4044189466
1130.0 41.7743314911
1140.0 42.1442442364
1150.0 42.5141571697
1160.0 42.8840702787
1170.0 43.2539835513
1180.0 43.623896976
1190.0 43.9938105414
1200.0 44.3637242367
1210.0 44.7336380514
1220.0 45.103551975
1230.0 45.4734659976
1240.0 45.8433801094
1250.0 46.2132943009
1260.0 46.5832085628
1270.0 46.9531228859
1280.0 47.3230372613
1290.0 47.6929516802
1300.0 48.0628661341
1310.0 48.4327806145
1320.0 48.8026951131
1330.0 49.1726096218
1340.0 49.5425241323
1350.0 49.9124386368
1360.0 50.2823531273
1370.0 50.6522675961
1380.0 51.0221820354
1390.0 51.3920964376
1400.0 51.7620107949
1410.0 52.1319250999
1420.0 52.5018393451
1430.0 52.8717535228
1440.0 53.2416676257
1450.0 53.6115816462
1460.0 53.981495577
1470.0 54.3514094105
1480.0 54.7213231393
1490.0 55.0912367559
1500.0 55.4611502529
1510.0 55.8310636228
1520.0 56.200976858
1530.0 56.5708899509
1540.0 56.9408028939
1550.0 57.3107156795
1560.0 57.6806282998
1570.0 58.0505407471
1580.0 58.4204530137
1590.0 58.7903650916
1600.0 59.1602769728
1610.0 59.5301886494
1620.0 59.9001001133
1630.0 60.2700113562
1640.0 60.6399223699
1650.0 61.0098331459
1660.0 61.3797436759
1670.0 61.7496539512
1680.0 62.1195639632
1690.0 62.4894737031
1700.0 62.8593831619
1710.0 63.2292923307
1720.0 63.5992012002
1730.0 63.9691097613
1740.0 64.3390180045
1750.0 64.7089259202
1760.0 65.0788334989
1770.0 65.4487407306
1780.0 65.8186476054
1790.0 66.1885541131
1800.0 66.5584602435
1810.0 66.9283659862
1820.0 67.2982713304
1830.0 67.6681762656
1840.0 68.0380807807
1850.0 68.4079848645
1860.0 68.7778885059
1870.0 69.1477916934
1880.0 69.5176944152
1890.0 69.8875966596
1900.0 70.2574984145
1910.0 70.6273996677
1920.0 70.9973004067
1930.0 71.3672006188
1940.0 71.7371002914
1950.0 72.1069994112
1960.0 72.476897965
1970.0 72.8467959393
1980.0 73.2166933205
1990.0 73.5865900945
2000.0 73.9564862473
2010.0 74.3263817644
2020.0 74.6962766312
2030.0 75.0661708328
2040.0 75.4360643541
2050.0 75.8059571798
2060.0 76.1758492943
2070.0 76.5457406816
2080.0 76.9156313258
2090.0 77.2855212104
2100.0 77.6554103188
2110.0 78.0252986342
2120.0 78.3951861393
2130.0 78.7650728167
2140.0 79.1349586488
2150.0 79.5048436175
2160.0 79.8747277046
2170.0 80.2446108915
2180.0 80.6144931594
2190.0 80.9843744893
2200.0 81.3542548616
2210.0 81.7241342568
2220.0 82.0940126547
2230.0 82.4638900351
2240.0 82.8337663774
2250.0 83.2036416607
2260.0 83.5735158638
2270.0 83.9433889651
2280.0 84.3132609429
2290.0 84.6831317749
2300.0 85.0530014387
2310.0 85.4228699116
2320.0 85.7927371703
2330.0 86.1626031916
2340.0 86.5324679515
2350.0 86.9023314261
2360.0 87.2721935908
2370.0 87.6420544211
2380.0 88.0119138917
2390.0 88.3817719773
2400.0 88.7516286522
2410.0 89.1214838901
2420.0 89.4913376647
2430.0 89.8611899493
2440.0 90.2310407166
2450.0 90.6008899393
2460.0 90.9707375895
2470.0 91.3405836391
2480.0 91.7104280596
2490.0 92.0802708221
2500.0 92.4501118974
2510.0 92.8199512559
2520.0 93.1897888679
2530.0 93.5596247029
2540.0 93.9294587305
2550.0 94.2992909197
2560.0 94.6691212391
2570.0 95.0389496571
2580.0 95.4087761417
2590.0 95.7786006605
2600.0 96.1484231809
2610.0 96.5182436696
2620.0 96.8880620934
2630.0 97.2578784185
2640.0 97.6276926107
2650.0 97.9975046356
2660.0 98.3673144583
2670.0 98.7371220438
2680.0 99.1069273564
2690.0 99.4767303604
2700.0 99.8465310196
2710.0 100.216329297
2720.0 100.586125157
2730.0 100.955918561
2740.0 101.325709472
2750.0 101.695497852
2760.0 102.065283664
2770.0 102.435066867
2780.0 102.804847424
2790.0 103.174625296
2800.0 103.544400442
2810.0 103.914172823
2820.0 104.2839424
2830.0 104.65370913
2840.0 105.023472975
2850.0 105.393233892
2860.0 105.762991841
2870.0 106.132746779
2880.0 106.502498665
2890.0 106.872247456
2900.0 107.241993111
2910.0 107.611735586
2920.0 107.981474838
2930.0 108.351210824
2940.0 108.720943501
2950.0 109.090672824
2960.0 109.460398749
2970.0 109.830121233
2980.0 110.199840231
2990.0 110.569555697
3000.0 110.939267587
3010.0 111.308975855
3020.0 111.678680457
3030.0 112.048381346
3040.0 112.418078477
3050.0 112.787771803
3060.0 113.157461279
3070.0 113.527146858
3080.0 113.896828493
3090.0 114.266506138
3100.0 114.636179745
3110.0 115.005849268
3120.0 115.37551466
3130.0 115.745175873
3140.0 116.114832859
3150.0 116.484485572
3160.0 116.854133964
3170.0 117.223777986
3180.0 117.593417592
3190.0 117.963052733
3200.0 118.332683361
3210.0 118.702309428
3220.0 119.071930886
3230.0 119.441547688
3240.0 119.811159784
3250.0 120.180767127
3260.0 120.550369669
3270.0 120.919967362
3280.0 121.289560156
3290.0 121.659148006
3300.0 122.028730861
3310.0 122.398308675
3320.0 122.7678814
3330.0 123.137448987
3340.0 123.507011388
3350.0 123.876568557
3360.0 124.246120445
3370.0 124.615667006
3380.0 124.985208191
3390.0 125.354743954
3400.0 125.724274248
3410.0 126.093799025
3420.0 126.46331824
3430.0 126.832831845
3440.0 127.202339795
3450.0 127.571842043
3460.0 127.941338544
3470.0 128.310829253
3480.0 128.680314123
3490.0 129.04979311
3500.0 129.419266169
3510.0 129.788733256
3520.0 130.158194326
3530.0 130.527649337
3540.0 130.897098244
3550.0 131.266541004
3560.0 131.635977575
3570.0 132.005407915
3580.0 132.374831981
3590.0 132.744249732
3600.0 133.113661128
3610.0 133.483066126
3620.0 133.852464688
3630.0 134.221856773
3640.0 134.591242342
3650.0 134.960621357
3660.0 135.329993779
3670.0 135.69935957
3680.0 136.068718694
3690.0 136.438071113
3700.0 136.807416792
3710.0 137.176755696
3720.0 137.546087788
3730.0 137.915413036
3740.0 138.284731405
3750.0 138.654042863
3760.0 139.023347376
3770.0 139.392644914
3780.0 139.761935445
3790.0 140.131218939
3800.0 140.500495366
3810.0 140.869764698
3820.0 141.239026905
3830.0 141.608281962
3840.0 141.97752984
3850.0 142.346770514
3860.0 142.716003959
3870.0 143.085230151
3880.0 143.454449065
3890.0 143.82366068
3900.0 144.192864973
3910.0 144.562061923
3920.0 144.93125151
3930.0 145.300433714
3940.0 145.669608518
3950.0 146.038775903
3960.0 146.407935853
3970.0 146.777088352
3980.0 147.146233385
3990.0 147.515370938
4000.0 147.884500999
4010.0 148.253623555
4020.0 148.622738595
4030.0 148.991846109
4040.0 149.360946088
4050.0 149.730038523
4060.0 150.099123409
4070.0 150.468200738
4080.0 150.837270505
4090.0 151.206332707
4100.0 151.57538734
4110.0 151.944434403
4120.0 152.313473894
4130.0 152.682505814
4140.0 153.051530163
4150.0 153.420546944
4160.0 153.789556161
4170.0 154.158557818
4180.0 154.52755192
4190.0 154.896538474
4200.0 155.265517487
4210.0 155.63448897
4220.0 156.00345293
4230.0 156.37240938
4240.0 156.741358331
4250.0 157.110299798
4260.0 157.479233794
4270.0 157.848160335
4280.0 158.217079437
4290.0 158.585991119
4300.0 158.954895399
4310.0 159.323792298
4320.0 159.692681837
4330.0 160.061564038
4340.0 160.430438925
4350.0 160.799306522
4360.0 161.168166855
4370.0 161.537019952
4380.0 161.90586584
4390.0 162.274704548
4400.0 162.643536108
4410.0 163.01236055
4420.0 163.381177908
4430.0 163.749988215
4440.0 164.118791506
4450.0 164.487587817
4460.0 164.856377185
4470.0 165.225159649
4480.0 165.593935249
4490.0 165.962704024
4500.0 166.331466017
4510.0 166.70022127
4520.0 167.068969827
4530.0 167.437711734
4540.0 167.806447035
4550.0 168.175175779
4560.0 168.543898014
4570.0 168.912613789
4580.0 169.281323154
4590.0 169.65002616
4600.0 170.018722861
4610.0 170.387413309
4620.0 170.756097559
4630.0 171.124775667
4640.0 171.493447689
4650.0 171.862113683
4660.0 172.230773706
4670.0 172.599427819
4680.0 172.968076083
4690.0 173.336718557
4700.0 173.705355305
4710.0 174.07398639
4720.0 174.442611876
4730.0 174.811231828
4740.0 175.179846312
4750.0 175.548455395
4760.0 175.917059143
4770.0 176.285657627
4780.0 176.654250915
4790.0 177.022839077
4800.0 177.391422184
4810.0 177.760000308
4820.0 178.12857352
4830.0 178.497141896
4840.0 178.865705507
4850.0 179.234264429
4860.0 179.602818738
4870.0 179.971368508
4880.0 180.339913816
4890.0 180.708454752
4900.0 181.076991375
4910.0 181.445523773
4920.0 181.814052027
4930.0 182.182576214
4940.0 182.551096417
4950.0 182.919612715
4960.0 183.288125191
4970.0 183.656633926
4980.0 184.025139002
4990.0 184.393640503
5000.0 184.762138513
5010.0 185.130633114
5020.0 185.499124392
5030.0 185.86761243
5040.0 186.236097315
5050.0 186.604579132
5060.0 186.973057966
5070.0 187.341533904
5080.0 187.710007032
5090.0 188.078477437
5100.0 188.446945206
5110.0 188.815410426
5120.0 189.183873184
5130.0 189.552333569
5140.0 189.920791668
5150.0 190.289247569
5160.0 190.657701359
5170.0 191.026153129
5180.0 191.394602965
5190.0 191.763050956
5200.0 192.131497191
5210.0 192.499941758
5220.0 192.868384745
5230.0 193.236826242
5240.0 193.605266336
5250.0 193.973705116
5260.0 194.342142671
5270.0 194.710579087
5280.0 195.079014455
5290.0 195.447448862
5300.0 195.815882395
5310.0 196.184315142
5320.0 196.552747191
5330.0 196.921178629
5340.0 197.289609543
5350.0 197.65804002
5360.0 198.026470147
5370.0 198.394900009
5380.0 198.763329692
5390.0 199.131759283
5400.0 199.500188866
5410.0 199.868618527
5420.0 200.237048349
5430.0 200.605478417
5440.0 200.973908815
5450.0 201.342339626
5460.0 201.710770932
5470.0 202.079202816
5480.0 202.44763536
5490.0 202.816068645
5500.0 203.184502751
5510.0 203.55293776
5520.0 203.92137375
5530.0 204.289810801
5540.0 204.658248991
5550.0 205.026688399
5560.0 205.3951291
5570.0 205.763571173
5580.0 206.132014693
5590.0 206.500459735
5600.0 206.868906374
5610.0 207.237354684
5620.0 207.605804737
5630.0 207.974256608
5640.0 208.342710366
5650.0 208.711166084
5660.0 209.079623831
5670.0 209.448083677
5680.0 209.816545691
5690.0 210.18500994
5700.0 210.553476491
5710.0 210.921945411
5720.0 211.290416765
5730.0 211.658890617
5740.0 212.027367031
5750.0 212.395846071
5760.0 212.764327797
5770.0 213.132812271
5780.0 213.501299553
5790.0 213.869789702
5800.0 214.238282777
5810.0 214.606778834
5820.0 214.975277931