650.0 12.2380787916
670.0 12.6143607149
690.0 12.9906472057
710.0 13.3669379643
730.0 13.7432327194
750.0 14.1195312245
770.0 14.4958332555
790.0 14.8721386078
810.0 15.2484470939
830.0 15.6247585422
850.0 16.0010727945
870.0 16.3773897054
890.0 16.7537091404
910.0 17.1300309751
930.0 17.5063550943
950.0 17.8826813909
970.0 18.2590097653
990.0 18.6353401245
1010.0 19.0116723819
1030.0 19.3880064565
1050.0 19.7643422724
1070.0 20.1406797583
1090.0 20.5170188475
1110.0 20.893359477
1130.0 21.2697015876
1150.0 21.6460451235
1170.0 22.0223900319
1190.0 22.398736263
1210.0 22.7750837696
1230.0 23.151432507
1250.0 23.5277824327
1270.0 23.9041335065
1290.0 24.2804856901
1310.0 24.6568389469
1330.0 25.0331932423
1350.0 25.4095485431
1370.0 25.7859048177
1390.0 26.1622620359
1410.0 26.5386201686
1430.0 26.9149791883
1450.0 27.2913390685
1470.0 27.6676997835
1490.0 28.0440613092
1510.0 28.4204236218
1530.0 28.796786699
1550.0 29.1731505189
1570.0 29.5495150606
1590.0 29.925880304
1610.0 30.3022462296
1630.0 30.6786128186
1650.0 31.0549800528
1670.0 31.4313479147
1690.0 31.8077163873
1710.0 32.1840854542
1730.0 32.5604550993
1750.0 32.9368253073
1770.0 33.313196063
1790.0 33.689567352
1810.0 34.0659391601
1830.0 34.4423114735
1850.0 34.8186842787
1870.0 35.1950575628
1890.0 35.5714313129
1910.0 35.9478055168
1930.0 36.3241801623
1950.0 36.7005552375
1970.0 37.0769307309
1990.0 37.4533066313
2010.0 37.8296829276
2030.0 38.206059609
2050.0 38.5824366649
2070.0 38.958814085
2090.0 39.335191859
2110.0 39.7115699771
2130.0 40.0879484294
2150.0 40.4643272064
2170.0 40.8407062985
2190.0 41.2170856966
2210.0 41.5934653914
2230.0 41.969845374
2250.0 42.3462256356
2270.0 42.7226061674
2290.0 43.0989869608
2310.0 43.4753680074
2330.0 43.8517492988
2350.0 44.2281308267
2370.0 44.604512583
2390.0 44.9808945597
2410.0 45.3572767487
2430.0 45.7336591423
2450.0 46.1100417325
2470.0 46.4864245118
2490.0 46.8628074725
2510.0 47.2391906069
2530.0 47.6155739077
2550.0 47.9919573673
2570.0 48.3683409784
2590.0 48.7447247337
2610.0 49.1211086259
2630.0 49.4974926477
2650.0 49.8738767921
2670.0 50.2502610519
2690.0 50.6266454199
2710.0 51.0030298892
2730.0 51.3794144527
2750.0 51.7557991035
2770.0 52.1321838346
2790.0 52.508568639
2810.0 52.88495351
2830.0 53.2613384405
2850.0 53.6377234237
2870.0 54.0141084528
2890.0 54.390493521
2910.0 54.7668786215
2930.0 55.1432637474
2950.0 55.519648892
2970.0 55.8960340485
2990.0 56.2724192101
3010.0 56.6488043701
3030.0 57.0251895216
3050.0 57.4015746579
3070.0 57.7779597723
3090.0 58.154344858
3110.0 58.5307299081
3130.0 58.9071149159
3150.0 59.2834998747
3170.0 59.6598847775
3190.0 60.0362696177
3210.0 60.4126543883
3230.0 60.7890390825
3250.0 61.1654236935
3270.0 61.5418082144
3290.0 61.9181926384
3310.0 62.2945769584
3330.0 62.6709611676
3350.0 63.047345259
3370.0 63.4237292256
3390.0 63.8001130605
3410.0 64.1764967565
3430.0 64.5528803067
3450.0 64.9292637039
3470.0 65.305646941
3490.0 65.6820300109
3510.0 66.0584129064
3530.0 66.4347956202
3550.0 66.8111781452
3570.0 67.1875604739
3590.0 67.5639425992
3610.0 67.9403245135
3630.0 68.3167062096
3650.0 68.6930876799
3670.0 69.0694689169
3690.0 69.4458499132
3710.0 69.8222306611
3730.0 70.1986111529
3750.0 70.5749913811
3770.0 70.9513713379
3790.0 71.3277510155
3810.0 71.7041304061
3830.0 72.0805095017
3850.0 72.4568882946
3870.0 72.8332667766
3890.0 73.2096449397
3910.0 73.5860227759
3930.0 73.9624002769
3950.0 74.3387774346
3970.0 74.7151542407
3990.0 75.0915306868
4010.0 75.4679067645
4030.0 75.8442824654
4050.0 76.220657781
4070.0 76.5970327026
4090.0 76.9734072215
4110.0 77.3497813292
4130.0 77.7261550167
4150.0 78.1025282752
4170.0 78.4789010957
4190.0 78.8552734693
4210.0 79.2316453868
4230.0 79.6080168391
4250.0 79.984387817
4270.0 80.3607583111
4290.0 80.7371283121
4310.0 81.1134978105
4330.0 81.4898667967
4350.0 81.8662352611
4370.0 82.242603194
4390.0 82.6189705856
4410.0 82.9953374261
4430.0 83.3717037054
4450.0 83.7480694135
4470.0 84.1244345403
4490.0 84.5007990755
4510.0 84.8771630088
4530.0 85.2535263299
4550.0 85.6298890281
4570.0 86.0062510929
4590.0 86.3826125137
4610.0 86.7589732796
4630.0 87.1353333797
4650.0 87.5116928031
4670.0 87.8880515386
4690.0 88.2644095752
4710.0 88.6407669014
4730.0 89.017123506
4750.0 89.3934793774
4770.0 89.769834504
4790.0 90.1461888742
4810.0 90.522542476
4830.0 90.8988952977
4850.0 91.2752473272
4870.0 91.6515985522
4890.0 92.0279489606
4910.0 92.4042985401
4930.0 92.780647278
4950.0 93.1569951619
4970.0 93.533342179
4990.0 93.9096883165
5010.0 94.2860335614
5030.0 94.6623779006
5050.0 95.038721321
5070.0 95.4150638092
5090.0 95.7914053518
5110.0 96.1677459352
5130.0 96.5440855457
5150.0 96.9204241695
5170.0 97.2967617926
5190.0 97.673098401
5210.0 98.0494339803
5230.0 98.4257685164
5250.0 98.8021019946
5270.0 99.1784344004
5290.0 99.554765719
5310.0 99.9310959355
5330.0 100.307425035
5350.0 100.683753002
5370.0 101.060079821
5390.0 101.436405477
5410.0 101.812729955
5430.0 102.189053238
5450.0 102.56537531
5470.0 102.941696156
5490.0 103.31801576
5510.0 103.694334104
5530.0 104.070651173
5550.0 104.44696695
5570.0 104.823281417
5590.0 105.199594559
5610.0 105.575906357
5630.0 105.952216795
5650.0 106.328525855
5670.0 106.704833519
5690.0 107.081139771
5710.0 107.45744459
5730.0 107.833747961
5750.0 108.210049863
5770.0 108.58635028
5790.0 108.962649192
5810.0 109.33894658
5830.0 109.715242425
5850.0 110.091536709
5870.0 110.467829412
5890.0 110.844120514
5910.0 111.220409996
5930.0 111.596697838
5950.0 111.972984019
5970.0 112.34926852
5990.0 112.725551321
6010.0 113.1018324
6030.0 113.478111736
6050.0 113.85438931
6070.0 114.230665099
6090.0 114.606939082
6110.0 114.983211238
6130.0 115.359481545
6150.0 115.735749981
6170.0 116.112016523
6190.0 116.48828115
6210.0 116.864543839
6230.0 117.240804567
6250.0 117.617063311
6270.0 117.993320048
6290.0 118.369574755
6310.0 118.745827408
6330.0 119.122077983
6350.0 119.498326456
6370.0 119.874572803
6390.0 120.250817
6410.0 120.627059021
6430.0 121.003298843
6450.0 121.37953644
6470.0 121.755771786
6490.0 122.132004856
6510.0 122.508235625
6530.0 122.884464066
6550.0 123.260690153
6570.0 123.636913859
6590.0 124.013135159
6610.0 124.389354025
6630.0 124.76557043
6650.0 125.141784346
6670.0 125.517995747
6690.0 125.894204604
6710.0 126.270410888
6730.0 126.646614573
6750.0 127.022815628
6770.0 127.399014027
6790.0 127.775209738
6810.0 128.151402733
6830.0 128.527592983
6850.0 128.903780458
6870.0 129.279965127
6890.0 129.65614696
6910.0 130.032325928
6930.0 130.408501998
6950.0 130.78467514
6970.0 131.160845322
6990.0 131.537012514
7010.0 131.913176683
7030.0 132.289337796
7050.0 132.665495822
7070.0 133.041650728
7090.0 133.417802481
7110.0 133.793951048
7130.0 134.170096396
7150.0 134.546238489
7170.0 134.922377296
7190.0 135.298512781
7210.0 135.674644909
7230.0 136.050773647
7250.0 136.426898958
7270.0 136.803020808
7290.0 137.179139161
7310.0 137.55525398
7330.0 137.93136523
7350.0 138.307472873
7370.0 138.683576874
7390.0 139.059677195
7410.0 139.435773798
7430.0 139.811866646
7450.0 140.187955701
7470.0 140.564040925
7490.0 140.940122278
7510.0 141.316199723
7530.0 141.692273219
7550.0 142.068342728
7570.0 142.444408209
7590.0 142.820469623
7610.0 143.196526929
7630.0 143.572580085
7650.0 143.948629052
7670.0 144.324673788
7690.0 144.700714251
7710.0 145.076750399
7730.0 145.452782191
7750.0 145.828809582
7770.0 146.204832531
7790.0 146.580850994
7810.0 146.956864927
7830.0 147.332874287
7850.0 147.708879029
7870.0 148.08487911
7890.0 148.460874483
7910.0 148.836865104
7930.0 149.212850927
7950.0 149.588831907
7970.0 149.964807997
7990.0 150.340779151
8010.0 150.716745321
8030.0 151.092706461
8050.0 151.468662523
8070.0 151.84461346
8090.0 152.220559222
8110.0 152.596499762
8130.0 152.972435031
8150.0 153.348364979
8170.0 153.724289556
8190.0 154.100208714
8210.0 154.476122401
8230.0 154.852030567
8250.0 155.227933161
8270.0 155.603830131
8290.0 155.979721427
8310.0 156.355606995
8330.0 156.731486784
8350.0 157.107360741
8370.0 157.483228812
8390.0 157.859090945
8410.0 158.234947085
8430.0 158.610797179
8450.0 158.986641171
8470.0 159.362479008
8490.0 159.738310632
8510.0 160.11413599
8530.0 160.489955025
8550.0 160.865767681
8570.0 161.2415739
8590.0 161.617373626
8610.0 161.993166802
8630.0 162.36895337
8650.0 162.74473327
8670.0 163.120506446
8690.0 163.496272837
8710.0 163.872032386
8730.0 164.247785031
8750.0 164.623530712
8770.0 164.999269371
8790.0 165.375000945
8810.0 165.750725373
8830.0 166.126442594
8850.0 166.502152547
8870.0 166.877855167
8890.0 167.253550394
8910.0 167.629238163
8930.0 168.004918412
8950.0 168.380591077
8970.0 168.756256092
8990.0 169.131913394
9010.0 169.507562918
9030.0 169.883204598
9050.0 170.258838369
9070.0 170.634464164
9090.0 171.010081917
9110.0 171.38569156
9130.0 171.761293028
9150.0 172.136886251
9170.0 172.512471162
9190.0 172.888047692
9210.0 173.263615772
9230.0 173.639175334
9250.0 174.014726307
9270.0 174.390268622
9290.0 174.765802207
9310.0 175.141326993
9330.0 175.516842908
9350.0 175.89234988
9370.0 176.267847838
9390.0 176.643336708
9410.0 177.018816419
9430.0 177.394286897
9450.0 177.769748069
9470.0 178.14519986
9490.0 178.520642196
9510.0 178.896075002
9530.0 179.271498204
9550.0 179.646911726
9570.0 180.022315492
9590.0 180.397709425
9610.0 180.773093449
9630.0 181.148467486
9650.0 181.52383146
9670.0 181.899185293
9690.0 182.274528905
9710.0 182.649862219
9730.0 183.025185156
9750.0 183.400497635
9770.0 183.775799578
9790.0 184.151090903
9810.0 184.526371531
9830.0 184.90164138
9850.0 185.276900369
9870.0 185.652148416
9890.0 186.027385439
9910.0 186.402611355
9930.0 186.777826082
9950.0 187.153029536
9970.0 187.528221633
9990.0 187.903402289
10010.0 188.27857142
10030.0 188.653728941
10050.0 189.028874767
10070.0 189.404008812
10090.0 189.779130989
10110.0 190.154241214
10130.0 190.529339398
10150.0 190.904425454
10170.0 191.279499296
10190.0 191.654560834
10210.0 192.029609982
10230.0 192.40464665
10250.0 192.779670749
10270.0 193.154682189
10290.0 193.529680881
10310.0 193.904666735
10330.0 194.279639661
10350.0 194.654599566
10370.0 195.029546361
10390.0 195.404479952
10410.0 195.779400249
10430.0 196.154307159
10450.0 196.52920059
10470.0 196.904080447
10490.0 197.278946638
10510.0 197.653799069
10530.0 198.028637645
10550.0 198.403462273
10570.0 198.778272857
10590.0 199.153069301
10610.0 199.527851512
10630.0 199.902619391
10650.0 200.277372844
10670.0 200.652111773
10690.0 201.026836082
10710.0 201.401545674
10730.0 201.776240449
10750.0 202.150920312
10770.0 202.525585162
10790.0 202.900234903
10810.0 203.274869434
10830.0 203.649488656
10850.0 204.024092469
10870.0 204.398680775
10890.0 204.773253471
10910.0 205.147810459
10930.0 205.522351636
10950.0 205.896876901
10970.0 206.271386154
10990.0 206.645879291
11010.0 207.020356211
11030.0 207.394816811
11050.0 207.769260989
11070.0 208.143688641
11090.0 208.518099664
11110.0 208.892493954
11130.0 209.266871407
11150.0 209.641231919
11170.0 210.015575385
11190.0 210.3899017
11210.0 210.76421076
11230.0 211.138502458
11250.0 211.512776689
11270.0 211.887033347
11290.0 212.261272326
11310.0 212.635493519
11330.0 213.009696819
11350.0 213.383882119
11370.0 213.758049312
11390.0 214.13219829
11410.0 214.506328945
11430.0 214.88044117
11450.0 215.254534855
11470.0 215.628609893
11490.0 216.002666174
11510.0 216.376703589
11530.0 216.750722029
11550.0 217.124721385
11570.0 217.498701546
11590.0 217.872662403
11610.0 218.246603845
11630.0 218.620525762
11650.0 218.994428043
11670.0 219.368310578
11690.0 219.742173255
11710.0 220.116015963
11730.0 220.48983859
11750.0 220.863641025
11770.0 221.237423156
11790.0 221.611184871
11810.0 221.984926057
11830.0 222.358646603
11850.0 222.732346395
11870.0 223.10602532
11890.0 223.479683267
11910.0 223.853320122
11930.0 224.22693577
11950.0 224.6005301
11970.0 224.974102997
11990.0 225.347654348
12010.0 225.721184039
12030.0 226.094691956
12050.0 226.468177984
12070.0 226.84164201
12090.0 227.215083919
12110.0 227.588503596
12130.0 227.961900927
12150.0 228.335275797
12170.0 228.708628092
12190.0 229.081957696
12210.0 229.455264494
12230.0 229.828548371
12250.0 230.201809212
12270.0 230.575046902
12290.0 230.948261325
12310.0 231.321452365
12330.0 231.694619908
12350.0 232.067763837
12370.0 232.440884037
12390.0 232.813980393
12410.0 233.187052787
12430.0 233.560101106
12450.0 233.933125232
12470.0 234.30612505
12490.0 234.679100444
12510.0 235.052051298
12530.0 235.424977496
12550.0 235.797878922
12570.0 236.17075546
12590.0 236.543606995
12610.0 236.916433409
12630.0 237.289234588
12650.0 237.662010415
12670.0 238.034760774
12690.0 238.40748555
12710.0 238.780184626
12730.0 239.152857887
12750.0 239.525505217
12770.0 239.8981265
12790.0 240.27072162
12810.0 240.643290463
12830.0 241.015832911
12850.0 241.38834885