650.0 12.2396902625
670.0 12.6160217696
690.0 12.9923578441
710.0 13.3686981864
730.0 13.7450425252
750.0 14.121390614
770.0 14.4977422288
790.0 14.8740971648
810.0 15.2504552346
830.0 15.6268162666
850.0 16.0031801026
870.0 16.3795465973
890.0 16.755915616
910.0 17.1322870344
930.0 17.5086607374
950.0 17.8850366177
970.0 18.2614145757
990.0 18.6377945187
1010.0 19.0141763598
1030.0 19.3905600182
1050.0 19.7669454178
1070.0 20.1433324874
1090.0 20.5197211603
1110.0 20.8961113735
1130.0 21.2725030678
1150.0 21.6488961874
1170.0 22.0252906796
1190.0 22.4016864944
1210.0 22.7780835847
1230.0 23.1544819058
1250.0 23.5308814153
1270.0 23.9072820728
1290.0 24.2836838401
1310.0 24.6600866806
1330.0 25.0364905598
1350.0 25.4128954443
1370.0 25.7893013026
1390.0 26.1657081045
1410.0 26.542115821
1430.0 26.9185244244
1450.0 27.2949338882
1470.0 27.671344187
1490.0 28.0477552964
1510.0 28.4241671928
1530.0 28.8005798536
1550.0 29.1769932572
1570.0 29.5534073827
1590.0 29.9298222098
1610.0 30.3062377191
1630.0 30.6826538918
1650.0 31.0590707098
1670.0 31.4354881554
1690.0 31.8119062117
1710.0 32.1883248623
1730.0 32.5647440912
1750.0 32.9411638828
1770.0 33.3175842223
1790.0 33.6940050951
1810.0 34.0704264869
1830.0 34.4468483839
1850.0 34.8232707729
1870.0 35.1996936407
1890.0 35.5761169746
1910.0 35.9525407622
1930.0 36.3289649913
1950.0 36.7053896503
1970.0 37.0818147274
1990.0 37.4582402116
2010.0 37.8346660916
2030.0 38.2110923567
2050.0 38.5875189963
2070.0 38.9639460001
2090.0 39.3403733579
2110.0 39.7168010597
2130.0 40.0932290957
2150.0 40.4696574564
2170.0 40.8460861323
2190.0 41.222515114
2210.0 41.5989443926
2230.0 41.9753739589
2250.0 42.3518038042
2270.0 42.7282339197
2290.0 43.1046642969
2310.0 43.4810949272
2330.0 43.8575258023
2350.0 44.2339569139
2370.0 44.610388254
2390.0 44.9868198143
2410.0 45.3632515871
2430.0 45.7396835644
2450.0 46.1161157384
2470.0 46.4925481014
2490.0 46.8689806457
2510.0 47.2454133639
2530.0 47.6218462484
2550.0 47.9982792917
2570.0 48.3747124865
2590.0 48.7511458255
2610.0 49.1275793014
2630.0 49.504012907
2650.0 49.8804466351
2670.0 50.2568804786
2690.0 50.6333144304
2710.0 51.0097484834
2730.0 51.3861826307
2750.0 51.7626168652
2770.0 52.13905118
2790.0 52.5154855681
2810.0 52.8919200228
2830.0 53.268354537
2850.0 53.6447891039
2870.0 54.0212237168
2890.0 54.3976583687
2910.0 54.7740930529
2930.0 55.1505277626
2950.0 55.5269624909
2970.0 55.9033972311
2990.0 56.2798319764
3010.0 56.6562667201
3030.0 57.0327014553
3050.0 57.4091361754
3070.0 57.7855708735
3090.0 58.1620055428
3110.0 58.5384401767
3130.0 58.9148747682
3150.0 59.2913093107
3170.0 59.6677437973
3190.0 60.0441782211
3210.0 60.4206125755
3230.0 60.7970468535
3250.0 61.1734810482
3270.0 61.5499151528
3290.0 61.9263491605
3310.0 62.3027830642
3330.0 62.6792168571
3350.0 63.0556505323
3370.0 63.4320840826
3390.0 63.8085175012
3410.0 64.1849507809
3430.0 64.5613839148
3450.0 64.9378168958
3470.0 65.3142497166
3490.0 65.6906823702
3510.0 66.0671148494
3530.0 66.443547147
3550.0 66.8199792557
3570.0 67.1964111681
3590.0 67.5728428771
3610.0 67.9492743752
3630.0 68.3257056549
3650.0 68.702136709
3670.0 69.0785675297
3690.0 69.4549981097
3710.0 69.8314284413
3730.0 70.2078585169
3750.0 70.5842883288
3770.0 70.9607178693
3790.0 71.3371471306
3810.0 71.7135761049
3830.0 72.0900047843
3850.0 72.4664331609
3870.0 72.8428612266
3890.0 73.2192889734
3910.0 73.5957163933
3930.0 73.9721434781
3950.0 74.3485702195
3970.0 74.7249966093
3990.0 75.1014226391
4010.0 75.4778483006
4030.0 75.8542735852
4050.0 76.2306984845
4070.0 76.6071229898
4090.0 76.9835470925
4110.0 77.3599707838
4130.0 77.7363940551
4150.0 78.1128168973
4170.0 78.4892393015
4190.0 78.8656612588
4210.0 79.2420827601
4230.0 79.6185037961
4250.0 79.9949243577
4270.0 80.3713444355
4290.0 80.7477640202
4310.0 81.1241831023
4330.0 81.5006016723
4350.0 81.8770197204
4370.0 82.253437237
4390.0 82.6298542124
4410.0 83.0062706366
4430.0 83.3826864996
4450.0 83.7591017914
4470.0 84.1355165019
4490.0 84.5119306209
4510.0 84.8883441379
4530.0 85.2647570427
4550.0 85.6411693246
4570.0 86.0175809732
4590.0 86.3939919776
4610.0 86.7704023272
4630.0 87.1468120111
4650.0 87.5232210182
4670.0 87.8996293375
4690.0 88.2760369577
4710.0 88.6524438677
4730.0 89.028850056
4750.0 89.4052555111
4770.0 89.7816602215
4790.0 90.1580641753
4810.0 90.5344673609
4830.0 90.9108697663
4850.0 91.2872713795
4870.0 91.6636721883
4890.0 92.0400721804
4910.0 92.4164713436
4930.0 92.7928696653
4950.0 93.1692671329
4970.0 93.5456637337
4990.0 93.9220594549
5010.0 94.2984542835
5030.0 94.6748482064
5050.0 95.0512412105
5070.0 95.4276332825
5090.0 95.8040244088
5110.0 96.1804145759
5130.0 96.5568037701
5150.0 96.9331919776
5170.0 97.3095791845
5190.0 97.6859653766
5210.0 98.0623505397
5230.0 98.4387346594
5250.0 98.8151177214
5270.0 99.1914997109
5290.0 99.5678806132
5310.0 99.9442604134
5330.0 100.320639096
5350.0 100.697016647
5370.0 101.07339305
5390.0 101.44976829
5410.0 101.826142351
5430.0 102.202515218
5450.0 102.578886874
5470.0 102.955257304
5490.0 103.331626491
5510.0 103.707994419
5530.0 104.084361072
5550.0 104.460726432
5570.0 104.837090483
5590.0 105.213453209
5610.0 105.589814591
5630.0 105.966174612
5650.0 106.342533256
5670.0 106.718890504
5690.0 107.095246339
5710.0 107.471600743
5730.0 107.847953697
5750.0 108.224305183
5770.0 108.600655183
5790.0 108.977003679
5810.0 109.353350651
5830.0 109.72969608
5850.0 110.106039948
5870.0 110.482382234
5890.0 110.85872292
5910.0 111.235061985
5930.0 111.611399411
5950.0 111.987735176
5970.0 112.364069261
5990.0 112.740401645
6010.0 113.116732308
6030.0 113.493061228
6050.0 113.869388385
6070.0 114.245713758
6090.0 114.622037325
6110.0 114.998359065
6130.0 115.374678955
6150.0 115.750996975
6170.0 116.127313101
6190.0 116.503627312
6210.0 116.879939584
6230.0 117.256249896
6250.0 117.632558224
6270.0 118.008864545
6290.0 118.385168835
6310.0 118.761471072
6330.0 119.13777123
6350.0 119.514069287
6370.0 119.890365218
6390.0 120.266658999
6410.0 120.642950604
6430.0 121.019240009
6450.0 121.39552719
6470.0 121.77181212
6490.0 122.148094774
6510.0 122.524375126
6530.0 122.90065315
6550.0 123.276928821
6570.0 123.653202112
6590.0 124.029472995
6610.0 124.405741445
6630.0 124.782007433
6650.0 125.158270934
6670.0 125.534531918
6690.0 125.910790358
6710.0 126.287046227
6730.0 126.663299495
6750.0 127.039550134
6770.0 127.415798116
6790.0 127.792043411
6810.0 128.16828599
6830.0 128.544525824
6850.0 128.920762882
6870.0 129.296997135
6890.0 129.673228552
6910.0 130.049457103
6930.0 130.425682757
6950.0 130.801905483
6970.0 131.178125249
6990.0 131.554342024
7010.0 131.930555777
7030.0 132.306766474
7050.0 132.682974084
7070.0 133.059178574
7090.0 133.43537991
7110.0 133.811578061
7130.0 134.187772992
7150.0 134.56396467
7170.0 134.94015306
7190.0 135.316338129
7210.0 135.692519841
7230.0 136.068698162
7250.0 136.444873057
7270.0 136.821044491
7290.0 137.197212427
7310.0 137.57337683
7330.0 137.949537663
7350.0 138.325694891
7370.0 138.701848475
7390.0 139.07799838
7410.0 139.454144567
7430.0 139.830286999
7450.0 140.206425637
7470.0 140.582560445
7490.0 140.958691382
7510.0 141.33481841
7530.0 141.71094149
7550.0 142.087060583
7570.0 142.463175648
7590.0 142.839286645
7610.0 143.215393534
7630.0 143.591496275
7650.0 143.967594826
7670.0 144.343689145
7690.0 144.719779192
7710.0 145.095864924
7730.0 145.471946299
7750.0 145.848023274
7770.0 146.224095806
7790.0 146.600163853
7810.0 146.97622737
7830.0 147.352286314
7850.0 147.72834064
7870.0 148.104390304
7890.0 148.480435261
7910.0 148.856475466
7930.0 149.232510873
7950.0 149.608541436
7970.0 149.98456711
7990.0 150.360587847
8010.0 150.736603601
8030.0 151.112614325
8050.0 151.488619971
8070.0 151.864620491
8090.0 152.240615837
8110.0 152.616605961
8130.0 152.992590813
8150.0 153.368570345
8170.0 153.744544506
8190.0 154.120513247
8210.0 154.496476518
8230.0 154.872434268
8250.0 155.248386445
8270.0 155.624333
8290.0 156.000273879
8310.0 156.376209031
8330.0 156.752138404
8350.0 157.128061944
8370.0 157.5039796
8390.0 157.879891316
8410.0 158.25579704
8430.0 158.631696717
8450.0 159.007590293
8470.0 159.383477713
8490.0 159.759358922
8510.0 160.135233863
8530.0 160.511102482
8550.0 160.886964721
8570.0 161.262820524
8590.0 161.638669835
8610.0 162.014512594
8630.0 162.390348745
8650.0 162.76617823
8670.0 163.142000989
8690.0 163.517816964
8710.0 163.893626096
8730.0 164.269428325
8750.0 164.64522359
8770.0 165.021011832
8790.0 165.39679299
8810.0 165.772567002
8830.0 166.148333807
8850.0 166.524093343
8870.0 166.899845548
8890.0 167.275590358
8910.0 167.651327711
8930.0 168.027057544
8950.0 168.402779792
8970.0 168.778494391
8990.0 169.154201277
9010.0 169.529900385
9030.0 169.905591648
9050.0 170.281275003
9070.0 170.656950382
9090.0 171.032617718
9110.0 171.408276945
9130.0 171.783927996
9150.0 172.159570803
9170.0 172.535205298
9190.0 172.910831411
9210.0 173.286449076
9230.0 173.662058221
9250.0 174.037658778
9270.0 174.413250676
9290.0 174.788833846
9310.0 175.164408215
9330.0 175.539973714
9350.0 175.91553027
9370.0 176.291077811
9390.0 176.666616265
9410.0 177.04214556
9430.0 177.417665622
9450.0 177.793176377
9470.0 178.168677751
9490.0 178.544169671
9510.0 178.919652062
9530.0 179.295124847
9550.0 179.670587953
9570.0 180.046041302
9590.0 180.421484819
9610.0 180.796918427
9630.0 181.172342048
9650.0 181.547755606
9670.0 181.923159022
9690.0 182.298552218
9710.0 182.673935116
9730.0 183.049307636
9750.0 183.424669699
9770.0 183.800021226
9790.0 184.175362135
9810.0 184.550692346
9830.0 184.926011779
9850.0 185.301320351
9870.0 185.676617982
9890.0 186.051904589
9910.0 186.427180089
9930.0 186.802444399
9950.0 187.177697437
9970.0 187.552939118
9990.0 187.928169358
10010.0 188.303388073
10030.0 188.678595177
10050.0 189.053790587
10070.0 189.428974215
10090.0 189.804145977
10110.0 190.179305785
10130.0 190.554453552
10150.0 190.929589193
10170.0 191.304712618
10190.0 191.67982374
10210.0 192.054922472
10230.0 192.430008723
10250.0 192.805082406
10270.0 193.18014343
10290.0 193.555191706
10310.0 193.930227144
10330.0 194.305249652
10350.0 194.680259142
10370.0 195.05525552
10390.0 195.430238695
10410.0 195.805208576
10430.0 196.18016507
10450.0 196.555108084
10470.0 196.930037525
10490.0 197.3049533
10510.0 197.679855314
10530.0 198.054743474
10550.0 198.429617686
10570.0 198.804477853
10590.0 199.179323882
10610.0 199.554155676
10630.0 199.928973139
10650.0 200.303776175
10670.0 200.678564689
10690.0 201.053338581
10710.0 201.428097756
10730.0 201.802842116
10750.0 202.177571562
10770.0 202.552285996
10790.0 202.92698532
10810.0 203.301669435
10830.0 203.676338241
10850.0 204.050991638
10870.0 204.425629527
10890.0 204.800251807
10910.0 205.174858378
10930.0 205.549449139
10950.0 205.924023988
10970.0 206.298582824
10990.0 206.673125546
11010.0 207.047652049
11030.0 207.422162233
11050.0 207.796655995
11070.0 208.17113323
11090.0 208.545593837
11110.0 208.920037711
11130.0 209.294464748
11150.0 209.668874843
11170.0 210.043267893
11190.0 210.417643792
11210.0 210.792002435
11230.0 211.166343717
11250.0 211.540667532
11270.0 211.914973774
11290.0 212.289262336
11310.0 212.663533113
11330.0 213.037785996
11350.0 213.41202088
11370.0 213.786237657
11390.0 214.160436219
11410.0 214.534616458
11430.0 214.908778266
11450.0 215.282921535
11470.0 215.657046157
11490.0 216.031152022
11510.0 216.405239021
11530.0 216.779307045
11550.0 217.153355984
11570.0 217.527385729
11590.0 217.901396169
11610.0 218.275387195
11630.0 218.649358696
11650.0 219.023310561
11670.0 219.397242679
11690.0 219.77115494
11710.0 220.145047231
11730.0 220.518919442
11750.0 220.892771461
11770.0 221.266603176
11790.0 221.640414474
11810.0 222.014205244
11830.0 222.387975374
11850.0 222.761724749
11870.0 223.135453259
11890.0 223.509160789
11910.0 223.882847227
11930.0 224.25651246
11950.0 224.630156373
11970.0 225.003778854
11990.0 225.377379789
12010.0 225.750959064
12030.0 226.124516564
12050.0 226.498052176
12070.0 226.871565785
12090.0 227.245057278
12110.0 227.618526539
12130.0 227.991973454
12150.0 228.365397908
12170.0 228.738799786
12190.0 229.112178974
12210.0 229.485535355
12230.0 229.858868816
12250.0 230.232179241
12270.0 230.605466515
12290.0 230.978730521
12310.0 231.351971145
12330.0 231.725188272
12350.0 232.098381785
12370.0 232.471551569
12390.0 232.844697508
12410.0 233.217819486
12430.0 233.590917388
12450.0 233.963991098
12470.0 234.3370405
12490.0 234.710065478
12510.0 235.083065915
12530.0 235.456041697
12550.0 235.828992707
12570.0 236.201918829
12590.0 236.574819947
12610.0 236.947695945
12630.0 237.320546708
12650.0 237.693372118
12670.0 238.066172062
12690.0 238.438946421
12710.0 238.811695081
12730.0 239.184417926
12750.0 239.557114839
12770.0 239.929785706
12790.0 240.30243041
12810.0 240.675048836
12830.0 241.047640868
12850.0 241.420206391