650.0 12.2342641564
670.0 12.6104287063
690.0 12.9865978238
710.0 13.362771209
730.0 13.7389485906
750.0 14.1151297224
770.0 14.49131438
790.0 14.8675023589
810.0 15.2436934716
830.0 15.6198875465
850.0 15.9960844254
870.0 16.3722839629
890.0 16.7484860245
910.0 17.1246904859
930.0 17.5008972317
950.0 17.8771061549
970.0 18.2533171559
990.0 18.6295301417
1010.0 19.0057450257
1030.0 19.381961727
1050.0 19.7581801694
1070.0 20.134400282
1090.0 20.5106219977
1110.0 20.8868452539
1130.0 21.2630699911
1150.0 21.6392961536
1170.0 22.0155236886
1190.0 22.3917525463
1210.0 22.7679826795
1230.0 23.1442140435
1250.0 23.5204465958
1270.0 23.8966802962
1290.0 24.2729151064
1310.0 24.6491509899
1330.0 25.0253879119
1350.0 25.4016258393
1370.0 25.7778647405
1390.0 26.1541045853
1410.0 26.5303453446
1430.0 26.906586991
1450.0 27.2828294977
1470.0 27.6590728394
1490.0 28.0353169916
1510.0 28.4115619309
1530.0 28.7878076346
1550.0 29.1640540812
1570.0 29.5403012495
1590.0 29.9165491195
1610.0 30.2927976717
1630.0 30.6690468873
1650.0 31.0452967481
1670.0 31.4215472367
1690.0 31.7977983359
1710.0 32.1740500293
1730.0 32.5503023011
1750.0 32.9265551356
1770.0 33.302808518
1790.0 33.6790624336
1810.0 34.0553168683
1830.0 34.4315718083
1850.0 34.8078272401
1870.0 35.1840831508
1890.0 35.5603395276
1910.0 35.9365963581
1930.0 36.3128536301
1950.0 36.689111332
1970.0 37.065369452
1990.0 37.441627979
2010.0 37.8178869019
2030.0 38.1941462099
2050.0 38.5704058924
2070.0 38.9466659391
2090.0 39.3229263398
2110.0 39.6991870845
2130.0 40.0754481634
2150.0 40.451709567
2170.0 40.8279712857
2190.0 41.2042333104
2210.0 41.5804956318
2230.0 41.9567582411
2250.0 42.3330211292
2270.0 42.7092842876
2290.0 43.0855477077
2310.0 43.4618113809
2330.0 43.8380752988
2350.0 44.2143394534
2370.0 44.5906038363
2390.0 44.9668684396
2410.0 45.3431332552
2430.0 45.7193982754
2450.0 46.0956634923
2470.0 46.4719288982
2490.0 46.8481944854
2510.0 47.2244602465
2530.0 47.6007261739
2550.0 47.9769922601
2570.0 48.3532584978
2590.0 48.7295248797
2610.0 49.1057913985
2630.0 49.482058047
2650.0 49.8583248179
2670.0 50.2345917043
2690.0 50.610858699
2710.0 50.9871257949
2730.0 51.363392985
2750.0 51.7396602624
2770.0 52.1159276201
2790.0 52.4921950512
2810.0 52.8684625487
2830.0 53.2447301058
2850.0 53.6209977156
2870.0 53.9972653714
2890.0 54.3735330662
2910.0 54.7498007933
2930.0 55.1260685458
2950.0 55.502336317
2970.0 55.8786041001
2990.0 56.2548718883
3010.0 56.6311396749
3030.0 57.007407453
3050.0 57.383675216
3070.0 57.759942957
3090.0 58.1362106692
3110.0 58.512478346
3130.0 58.8887459804
3150.0 59.2650135657
3170.0 59.6412810952
3190.0 60.017548562
3210.0 60.3938159592
3230.0 60.77008328
3250.0 61.1463505177
3270.0 61.5226176652
3290.0 61.8988847157
3310.0 62.2751516624
3330.0 62.6514184982
3350.0 63.0276852162
3370.0 63.4039518094
3390.0 63.7802182709
3410.0 64.1564845935
3430.0 64.5327507703
3450.0 64.9090167941
3470.0 65.2852826579
3490.0 65.6615483544
3510.0 66.0378138765
3530.0 66.4140792169
3550.0 66.7903443685
3570.0 67.1666093238
3590.0 67.5428740757
3610.0 67.9191386167
3630.0 68.2954029393
3650.0 68.6716670362
3670.0 69.0479308999
3690.0 69.4241945228
3710.0 69.8004578972
3730.0 70.1767210157
3750.0 70.5529838705
3770.0 70.9292464539
3790.0 71.3055087581
3810.0 71.6817707753
3830.0 72.0580324976
3850.0 72.434293917
3870.0 72.8105550256
3890.0 73.1868158154
3910.0 73.5630762782
3930.0 73.9393364058
3950.0 74.3155961901
3970.0 74.6918556228
3990.0 75.0681146955
4010.0 75.4443733998
4030.0 75.8206317274
4050.0 76.1968896695
4070.0 76.5731472177
4090.0 76.9494043633
4110.0 77.3256610976
4130.0 77.7019174117
4150.0 78.0781732968
4170.0 78.4544287439
4190.0 78.8306837441
4210.0 79.2069382882
4230.0 79.5831923671
4250.0 79.9594459716
4270.0 80.3356990924
4290.0 80.71195172
4310.0 81.0882038449
4330.0 81.4644554578
4350.0 81.8407065488
4370.0 82.2169571083
4390.0 82.5932071266
4410.0 82.9694565936
4430.0 83.3457054995
4450.0 83.7219538342
4470.0 84.0982015876
4490.0 84.4744487495
4510.0 84.8506953094
4530.0 85.226941257
4550.0 85.6031865819
4570.0 85.9794312733
4590.0 86.3556753207
4610.0 86.7319187132
4630.0 87.1081614399
4650.0 87.4844034899
4670.0 87.8606448521
4690.0 88.2368855152
4710.0 88.6131254681
4730.0 88.9893646993
4750.0 89.3656031973
4770.0 89.7418409505
4790.0 90.1180779473
4810.0 90.4943141758
4830.0 90.8705496241
4850.0 91.2467842801
4870.0 91.6230181318
4890.0 91.9992511668
4910.0 92.3754833729
4930.0 92.7517147374
4950.0 93.1279452479
4970.0 93.5041748916
4990.0 93.8804036557
5010.0 94.2566315272
5030.0 94.632858493
5050.0 95.00908454
5070.0 95.3853096548
5090.0 95.761533824
5110.0 96.137757034
5130.0 96.5139792712
5150.0 96.8902005216
5170.0 97.2664207713
5190.0 97.6426400063
5210.0 98.0188582123
5230.0 98.3950753749
5250.0 98.7712914798
5270.0 99.1475065122
5290.0 99.5237204574
5310.0 99.8999333004
5330.0 100.276145026
5350.0 100.65235562
5370.0 101.028565066
5390.0 101.404773349
5410.0 101.780980453
5430.0 102.157186362
5450.0 102.533391062
5470.0 102.909594534
5490.0 103.285796764
5510.0 103.661997735
5530.0 104.038197431
5550.0 104.414395834
5570.0 104.790592928
5590.0 105.166788696
5610.0 105.542983121
5630.0 105.919176186
5650.0 106.295367872
5670.0 106.671558163
5690.0 107.047747041
5710.0 107.423934488
5730.0 107.800120485
5750.0 108.176305014
5770.0 108.552488057
5790.0 108.928669595
5810.0 109.30484961
5830.0 109.681028082
5850.0 110.057204993
5870.0 110.433380322
5890.0 110.809554051
5910.0 111.185726159
5930.0 111.561896628
5950.0 111.938065436
5970.0 112.314232564
5990.0 112.690397991
6010.0 113.066561696
6030.0 113.442723659
6050.0 113.818883859
6070.0 114.195042275
6090.0 114.571198885
6110.0 114.947353667
6130.0 115.323506601
6150.0 115.699657663
6170.0 116.075806832
6190.0 116.451954086
6210.0 116.828099402
6230.0 117.204242756
6250.0 117.580384127
6270.0 117.956523491
6290.0 118.332660824
6310.0 118.708796103
6330.0 119.084929305
6350.0 119.461060405
6370.0 119.837189378
6390.0 120.213316202
6410.0 120.58944085
6430.0 120.965563298
6450.0 121.341683521
6470.0 121.717801494
6490.0 122.093917191
6510.0 122.470030586
6530.0 122.846141654
6550.0 123.222250367
6570.0 123.598356701
6590.0 123.974460627
6610.0 124.35056212
6630.0 124.726661151
6650.0 125.102757694
6670.0 125.478851721
6690.0 125.854943205
6710.0 126.231032116
6730.0 126.607118427
6750.0 126.983202109
6770.0 127.359283134
6790.0 127.735361472
6810.0 128.111437094
6830.0 128.487509971
6850.0 128.863580072
6870.0 129.239647367
6890.0 129.615711828
6910.0 129.991773421
6930.0 130.367832118
6950.0 130.743887887
6970.0 131.119940696
6990.0 131.495990514
7010.0 131.872037309
7030.0 132.24808105
7050.0 132.624121702
7070.0 133.000159235
7090.0 133.376193615
7110.0 133.752224808
7130.0 134.128252782
7150.0 134.504277503
7170.0 134.880298936
7190.0 135.256317047
7210.0 135.632331802
7230.0 136.008343167
7250.0 136.384351105
7270.0 136.760355581
7290.0 137.13635656
7310.0 137.512354006
7330.0 137.888347882
7350.0 138.264338152
7370.0 138.64032478
7390.0 139.016307727
7410.0 139.392286957
7430.0 139.768262432
7450.0 140.144234114
7470.0 140.520201964
7490.0 140.896165944
7510.0 141.272126015
7530.0 141.648082138
7550.0 142.024034273
7570.0 142.399982381
7590.0 142.775926421
7610.0 143.151866354
7630.0 143.527802137
7650.0 143.903733731
7670.0 144.279661093
7690.0 144.655584183
7710.0 145.031502958
7730.0 145.407417375
7750.0 145.783327393
7770.0 146.159232969
7790.0 146.535134058
7810.0 146.911030618
7830.0 147.286922605
7850.0 147.662809974
7870.0 148.038692681
7890.0 148.414570681
7910.0 148.790443928
7930.0 149.166312378
7950.0 149.542175984
7970.0 149.918034701
7990.0 150.293888481
8010.0 150.669737278
8030.0 151.045581045
8050.0 151.421419734
8070.0 151.797253297
8090.0 152.173081686
8110.0 152.548904853
8130.0 152.924722748
8150.0 153.300535322
8170.0 153.676342526
8190.0 154.05214431
8210.0 154.427940624
8230.0 154.803731417
8250.0 155.179516637
8270.0 155.555296234
8290.0 155.931070156
8310.0 156.306838352
8330.0 156.682600767
8350.0 157.058357351
8370.0 157.434108049
8390.0 157.809852808
8410.0 158.185591575
8430.0 158.561324295
8450.0 158.937050914
8470.0 159.312771377
8490.0 159.688485628
8510.0 160.064193613
8530.0 160.439895274
8550.0 160.815590556
8570.0 161.191279402
8590.0 161.566961755
8610.0 161.942637558
8630.0 162.318306752
8650.0 162.693969279
8670.0 163.069625081
8690.0 163.445274099
8710.0 163.820916274
8730.0 164.196551546
8750.0 164.572179854
8770.0 164.947801139
8790.0 165.32341534
8810.0 165.699022395
8830.0 166.074622243
8850.0 166.450214822
8870.0 166.825800069
8890.0 167.201377922
8910.0 167.576948318
8930.0 167.952511194
8950.0 168.328066485
8970.0 168.703614127
8990.0 169.079154056
9010.0 169.454686206
9030.0 169.830210513
9050.0 170.20572691
9070.0 170.581235332
9090.0 170.956735711
9110.0 171.332227981
9130.0 171.707712075
9150.0 172.083187925
9170.0 172.458655462
9190.0 172.834114619
9210.0 173.209565326
9230.0 173.585007514
9250.0 173.960441114
9270.0 174.335866055
9290.0 174.711282268
9310.0 175.08668968
9330.0 175.462088222
9350.0 175.83747782
9370.0 176.212858405
9390.0 176.588229902
9410.0 176.963592239
9430.0 177.338945344
9450.0 177.714289142
9470.0 178.089623559
9490.0 178.464948522
9510.0 178.840263955
9530.0 179.215569784
9550.0 179.590865932
9570.0 179.966152324
9590.0 180.341428884
9610.0 180.716695535
9630.0 181.091952199
9650.0 181.4671988
9670.0 181.842435259
9690.0 182.217661498
9710.0 182.592877439
9730.0 182.968083002
9750.0 183.343278108
9770.0 183.718462677
9790.0 184.093636629
9810.0 184.468799883
9830.0 184.843952359
9850.0 185.219093974
9870.0 185.594224648
9890.0 185.969344297
9910.0 186.34445284
9930.0 186.719550194
9950.0 187.094636274
9970.0 187.469710998
9990.0 187.844774281
10010.0 188.219826039
10030.0 188.594866186
10050.0 188.969894639
10070.0 189.34491131
10090.0 189.719916114
10110.0 190.094908965
10130.0 190.469889776
10150.0 190.844858459
10170.0 191.219814927
10190.0 191.594759092
10210.0 191.969690866
10230.0 192.344610161
10250.0 192.719516886
10270.0 193.094410953
10290.0 193.469292272
10310.0 193.844160753
10330.0 194.219016305
10350.0 194.593858837
10370.0 194.968688258
10390.0 195.343504476
10410.0 195.7183074
10430.0 196.093096937
10450.0 196.467872993
10470.0 196.842635477
10490.0 197.217384295
10510.0 197.592119352
10530.0 197.966840555
10550.0 198.34154781
10570.0 198.71624102
10590.0 199.090920091
10610.0 199.465584928
10630.0 199.840235434
10650.0 200.214871514
10670.0 200.58949307
10690.0 200.964100005
10710.0 201.338692223
10730.0 201.713269626
10750.0 202.087832115
10770.0 202.462379592
10790.0 202.836911959
10810.0 203.211429116
10830.0 203.585930965
10850.0 203.960417405
10870.0 204.334888337
10890.0 204.709343661
10910.0 205.083783274
10930.0 205.458207078
10950.0 205.83261497
10970.0 206.207006849
10990.0 206.581382613
11010.0 206.95574216
11030.0 207.330085387
11050.0 207.704412191
11070.0 208.07872247
11090.0 208.453016119
11110.0 208.827293036
11130.0 209.201553115
11150.0 209.575796254
11170.0 209.950022347
11190.0 210.324231289
11210.0 210.698422975
11230.0 211.0725973
11250.0 211.446754157
11270.0 211.820893442
11290.0 212.195015047
11310.0 212.569118867
11330.0 212.943204793
11350.0 213.31727272
11370.0 213.691322539
11390.0 214.065354144
11410.0 214.439367426
11430.0 214.813362277
11450.0 215.187338589
11470.0 215.561296254
11490.0 215.935235161
11510.0 216.309155203
11530.0 216.68305627
11550.0 217.056938252
11570.0 217.43080104
11590.0 217.804644524
11610.0 218.178468592
11630.0 218.552273136
11650.0 218.926058044
11670.0 219.299823205
11690.0 219.673568508
11710.0 220.047293843
11730.0 220.420999097
11750.0 220.794684158
11770.0 221.168348916
11790.0 221.541993257
11810.0 221.91561707
11830.0 222.289220242
11850.0 222.662802661
11870.0 223.036364214
11890.0 223.409904787
11910.0 223.783424268
11930.0 224.156922543
11950.0 224.5303995
11970.0 224.903855024
11990.0 225.277289001
12010.0 225.650701319
12030.0 226.024091862
12050.0 226.397460517
12070.0 226.770807169
12090.0 227.144131704
12110.0 227.517434008
12130.0 227.890713966
12150.0 228.263971463
12170.0 228.637206384
12190.0 229.010418614
12210.0 229.383608039
12230.0 229.756774543
12250.0 230.129918011
12270.0 230.503038327
12290.0 230.876135377
12310.0 231.249209044
12330.0 231.622259213
12350.0 231.995285769
12370.0 232.368288596
12390.0 232.741267578
12410.0 233.114222599
12430.0 233.487153544
12450.0 233.860060297
12470.0 234.232942741
12490.0 234.605800762
12510.0 234.978634242
12530.0 235.351443067
12550.0 235.72422712
12570.0 236.096986285
12590.0 236.469720446
12610.0 236.842429487
12630.0 237.215113292
12650.0 237.587771746
12670.0 237.960404732
12690.0 238.333012134
12710.0 238.705593837
12730.0 239.078149725
12750.0 239.450679681
12770.0 239.823183591
12790.0 240.195661338
12810.0 240.568112806
12830.0 240.940537881
12850.0 241.312936447