650.0 12.2416464921
670.0 12.6180381908
690.0 12.9944344571
710.0 13.3708349911
730.0 13.7472395215
750.0 14.123647802
770.0 14.5000596085
790.0 14.8764747361
810.0 15.2528929977
830.0 15.6293142213
850.0 16.005738249
870.0 16.3821649353
890.0 16.7585941457
910.0 17.1350257559
930.0 17.5114596505
950.0 17.8878957225
970.0 18.2643338722
990.0 18.6407740068
1010.0 19.0172160397
1030.0 19.3936598897
1050.0 19.7701054809
1070.0 20.1465527423
1090.0 20.5230016068
1110.0 20.8994520117
1130.0 21.2759038977
1150.0 21.652357209
1170.0 22.0288118928
1190.0 22.4052678993
1210.0 22.7817251813
1230.0 23.1581836941
1250.0 23.5346433953
1270.0 23.9111042445
1290.0 24.2875662034
1310.0 24.6640292357
1330.0 25.0404933065
1350.0 25.4169583827
1370.0 25.7934244327
1390.0 26.1698914262
1410.0 26.5463593344
1430.0 26.9228281295
1450.0 27.299297785
1470.0 27.6757682755
1490.0 28.0522395765
1510.0 28.4287116646
1530.0 28.8051845171
1550.0 29.1816581124
1570.0 29.5581324296
1590.0 29.9346074484
1610.0 30.3110831493
1630.0 30.6875595137
1650.0 31.0640365234
1670.0 31.4405141607
1690.0 31.8169924087
1710.0 32.1934712509
1730.0 32.5699506715
1750.0 32.9464306548
1770.0 33.322911186
1790.0 33.6993922504
1810.0 34.0758738339
1830.0 34.4523559226
1850.0 34.8288385033
1870.0 35.2053215628
1890.0 35.5818050883
1910.0 35.9582890676
1930.0 36.3347734884
1950.0 36.7112583391
1970.0 37.0877436079
1990.0 37.4642292837
2010.0 37.8407153554
2030.0 38.2172018122
2050.0 38.5936886435
2070.0 38.970175839
2090.0 39.3466633884
2110.0 39.7231512819
2130.0 40.0996395096
2150.0 40.476128062
2170.0 40.8526169295
2190.0 41.229106103
2210.0 41.6055955732
2230.0 41.9820853312
2250.0 42.3585753682
2270.0 42.7350656754
2290.0 43.1115562442
2310.0 43.4880470662
2330.0 43.864538133
2350.0 44.2410294363
2370.0 44.617520968
2390.0 44.9940127201
2410.0 45.3705046845
2430.0 45.7469968535
2450.0 46.1234892192
2470.0 46.4999817738
2490.0 46.8764745099
2510.0 47.2529674197
2530.0 47.6294604959
2550.0 48.0059537309
2570.0 48.3824471174
2590.0 48.7589406481
2610.0 49.1354343157
2630.0 49.5119281129
2650.0 49.8884220327
2670.0 50.2649160679
2690.0 50.6414102113
2710.0 51.017904456
2730.0 51.394398795
2750.0 51.7708932211
2770.0 52.1473877276
2790.0 52.5238823075
2810.0 52.9003769538
2830.0 53.2768716597
2850.0 53.6533664183
2870.0 54.0298612229
2890.0 54.4063560665
2910.0 54.7828509423
2930.0 55.1593458437
2950.0 55.5358407637
2970.0 55.9123356955
2990.0 56.2888306326
3010.0 56.6653255679
3030.0 57.0418204948
3050.0 57.4183154066
3070.0 57.7948102964
3090.0 58.1713051574
3110.0 58.5477999829
3130.0 58.9242947662
3150.0 59.3007895003
3170.0 59.6772841785
3190.0 60.0537787941
3210.0 60.4302733401
3230.0 60.8067678098
3250.0 61.1832621962
3270.0 61.5597564925
3290.0 61.9362506918
3310.0 62.3127447872
3330.0 62.6892387718
3350.0 63.0657326386
3370.0 63.4422263807
3390.0 63.8187199909
3410.0 64.1952134624
3430.0 64.5717067879
3450.0 64.9481999605
3470.0 65.3246929731
3490.0 65.7011858184
3510.0 66.0776784893
3530.0 66.4541709785
3550.0 66.8306632788
3570.0 67.207155383
3590.0 67.5836472836
3610.0 67.9601389734
3630.0 68.3366304448
3650.0 68.7131216905
3670.0 69.089612703
3690.0 69.4661034746
3710.0 69.8425939979
3730.0 70.2190842652
3750.0 70.5955742688
3770.0 70.972064001
3790.0 71.348553454
3810.0 71.7250426199
3830.0 72.101531491
3850.0 72.4780200592
3870.0 72.8545083166
3890.0 73.2309962552
3910.0 73.6074838667
3930.0 73.9839711432
3950.0 74.3604580763
3970.0 74.7369446577
3990.0 75.1134308792
4010.0 75.4899167324
4030.0 75.8664022087
4050.0 76.2428872996
4070.0 76.6193719966
4090.0 76.995856291
4110.0 77.3723401741
4130.0 77.748823637
4150.0 78.1253066708
4170.0 78.5017892668
4190.0 78.8782714157
4210.0 79.2547531087
4230.0 79.6312343364
4250.0 80.0077150897
4270.0 80.3841953592
4290.0 80.7606751356
4310.0 81.1371544093
4330.0 81.513633171
4350.0 81.8901114108
4370.0 82.2665891191
4390.0 82.6430662861
4410.0 83.019542902
4430.0 83.3960189567
4450.0 83.7724944402
4470.0 84.1489693424
4490.0 84.525443653
4510.0 84.9019173617
4530.0 85.2783904581
4550.0 85.6548629318
4570.0 86.031334772
4590.0 86.4078059682
4610.0 86.7842765095
4630.0 87.160746385
4650.0 87.5372155838
4670.0 87.9136840947
4690.0 88.2901519067
4710.0 88.6666190083
4730.0 89.0430853883
4750.0 89.4195510351
4770.0 89.7960159371
4790.0 90.1724800827
4810.0 90.54894346
4830.0 90.925406057
4850.0 91.3018678619
4870.0 91.6783288623
4890.0 92.0547890462
4910.0 92.431248401
4930.0 92.8077069144
4950.0 93.1841645736
4970.0 93.5606213661
4990.0 93.937077279
5010.0 94.3135322993
5030.0 94.6899864139
5050.0 95.0664396097
5070.0 95.4428918733
5090.0 95.8193431913
5110.0 96.1957935501
5130.0 96.572242936
5150.0 96.9486913352
5170.0 97.3251387337
5190.0 97.7015851175
5210.0 98.0780304723
5230.0 98.4544747837
5250.0 98.8309180374
5270.0 99.2073602185
5290.0 99.5838013125
5310.0 99.9602413044
5330.0 100.336680179
5350.0 100.713117921
5370.0 101.089554516
5390.0 101.465989948
5410.0 101.842424201
5430.0 102.218857259
5450.0 102.595289107
5470.0 102.971719729
5490.0 103.348149107
5510.0 103.724577227
5530.0 104.101004071
5550.0 104.477429623
5570.0 104.853853866
5590.0 105.230276783
5610.0 105.606698357
5630.0 105.98311857
5650.0 106.359537406
5670.0 106.735954846
5690.0 107.112370872
5710.0 107.488785467
5730.0 107.865198613
5750.0 108.241610291
5770.0 108.618020483
5790.0 108.99442917
5810.0 109.370836334
5830.0 109.747241955
5850.0 110.123646014
5870.0 110.500048492
5890.0 110.87644937
5910.0 111.252848627
5930.0 111.629246244
5950.0 112.005642201
5970.0 112.382036478
5990.0 112.758429053
6010.0 113.134819908
6030.0 113.51120902
6050.0 113.887596369
6070.0 114.263981933
6090.0 114.640365692
6110.0 115.016747623
6130.0 115.393127705
6150.0 115.769505916
6170.0 116.145882234
6190.0 116.522256637
6210.0 116.898629101
6230.0 117.274999604
6250.0 117.651368124
6270.0 118.027734636
6290.0 118.404099119
6310.0 118.780461547
6330.0 119.156821897
6350.0 119.533180146
6370.0 119.909536268
6390.0 120.28589024
6410.0 120.662242037
6430.0 121.038591634
6450.0 121.414939006
6470.0 121.791284128
6490.0 122.167626974
6510.0 122.543967518
6530.0 122.920305734
6550.0 123.296641596
6570.0 123.672975079
6590.0 124.049306154
6610.0 124.425634795
6630.0 124.801960975
6650.0 125.178284667
6670.0 125.554605843
6690.0 125.930924475
6710.0 126.307240535
6730.0 126.683553995
6750.0 127.059864826
6770.0 127.436173
6790.0 127.812478486
6810.0 128.188781257
6830.0 128.565081283
6850.0 128.941378533
6870.0 129.317672977
6890.0 129.693964586
6910.0 130.070253329
6930.0 130.446539174
6950.0 130.822822092
6970.0 131.19910205
6990.0 131.575379017
7010.0 131.951652961
7030.0 132.327923849
7050.0 132.704191651
7070.0 133.080456333
7090.0 133.456717861
7110.0 133.832976203
7130.0 134.209231326
7150.0 134.585483195
7170.0 134.961731777
7190.0 135.337977037
7210.0 135.714218941
7230.0 136.090457454
7250.0 136.466692541
7270.0 136.842924166
7290.0 137.219152294
7310.0 137.595376889
7330.0 137.971597914
7350.0 138.347815333
7370.0 138.724029109
7390.0 139.100239205
7410.0 139.476445584
7430.0 139.852648208
7450.0 140.228847038
7470.0 140.605042037
7490.0 140.981233166
7510.0 141.357420386
7530.0 141.733603658
7550.0 142.109782942
7570.0 142.485958199
7590.0 142.862129388
7610.0 143.238296469
7630.0 143.614459401
7650.0 143.990618143
7670.0 144.366772654
7690.0 144.742922893
7710.0 145.119068816
7730.0 145.495210383
7750.0 145.87134755
7770.0 146.247480274
7790.0 146.623608512
7810.0 146.999732221
7830.0 147.375851356
7850.0 147.751965874
7870.0 148.12807573
7890.0 148.504180878
7910.0 148.880281275
7930.0 149.256376874
7950.0 149.632467629
7970.0 150.008553494
7990.0 150.384634423
8010.0 150.760710369
8030.0 151.136781285
8050.0 151.512847122
8070.0 151.888907834
8090.0 152.264963372
8110.0 152.641013687
8130.0 153.017058731
8150.0 153.393098454
8170.0 153.769132807
8190.0 154.14516174
8210.0 154.521185203
8230.0 154.897203144
8250.0 155.273215513
8270.0 155.649222259
8290.0 156.02522333
8310.0 156.401218674
8330.0 156.777208238
8350.0 157.153191971
8370.0 157.529169818
8390.0 157.905141726
8410.0 158.281107642
8430.0 158.65706751
8450.0 159.033021278
8470.0 159.40896889
8490.0 159.78491029
8510.0 160.160845423
8530.0 160.536774234
8550.0 160.912696664
8570.0 161.288612659
8590.0 161.664522161
8610.0 162.040425112
8630.0 162.416321455
8650.0 162.792211131
8670.0 163.168094082
8690.0 163.543970249
8710.0 163.919839573
8730.0 164.295701993
8750.0 164.67155745
8770.0 165.047405884
8790.0 165.423247233
8810.0 165.799081437
8830.0 166.174908434
8850.0 166.550728161
8870.0 166.926540558
8890.0 167.30234556
8910.0 167.678143105
8930.0 168.053933129
8950.0 168.429715568
8970.0 168.805490359
8990.0 169.181257437
9010.0 169.557016736
9030.0 169.932768192
9050.0 170.308511738
9070.0 170.684247308
9090.0 171.059974837
9110.0 171.435694256
9130.0 171.811405498
9150.0 172.187108497
9170.0 172.562803183
9190.0 172.938489488
9210.0 173.314167344
9230.0 173.689836681
9250.0 174.06549743
9270.0 174.44114952
9290.0 174.816792881
9310.0 175.192427442
9330.0 175.568053132
9350.0 175.94366988
9370.0 176.319277613
9390.0 176.694876259
9410.0 177.070465745
9430.0 177.446045999
9450.0 177.821616946
9470.0 178.197178512
9490.0 178.572730623
9510.0 178.948273205
9530.0 179.323806183
9550.0 179.69932948
9570.0 180.074843021
9590.0 180.450346729
9610.0 180.825840529
9630.0 181.201324342
9650.0 181.576798091
9670.0 181.952261699
9690.0 182.327715087
9710.0 182.703158177
9730.0 183.078590888
9750.0 183.454013143
9770.0 183.829424861
9790.0 184.204825962
9810.0 184.580216365
9830.0 184.95559599
9850.0 185.330964754
9870.0 185.706322576
9890.0 186.081669375
9910.0 186.457005066
9930.0 186.832329568
9950.0 187.207642798
9970.0 187.58294467
9990.0 187.958235102
10010.0 188.333514008
10030.0 188.708781305
10050.0 189.084036906
10070.0 189.459280726
10090.0 189.834512679
10110.0 190.209732679
10130.0 190.584940638
10150.0 190.96013647
10170.0 191.335320087
10190.0 191.710491401
10210.0 192.085650324
10230.0 192.460796767
10250.0 192.835930641
10270.0 193.211051857
10290.0 193.586160325
10310.0 193.961255955
10330.0 194.336338655
10350.0 194.711408336
10370.0 195.086464906
10390.0 195.461508273
10410.0 195.836538346
10430.0 196.211555031
10450.0 196.586558237
10470.0 196.961547869
10490.0 197.336523836
10510.0 197.711486042
10530.0 198.086434394
10550.0 198.461368797
10570.0 198.836289156
10590.0 199.211195376
10610.0 199.586087362
10630.0 199.960965017
10650.0 200.335828245
10670.0 200.71067695
10690.0 201.085511034
10710.0 201.460330401
10730.0 201.835134952
10750.0 202.20992459
10770.0 202.584699216
10790.0 202.959458731
10810.0 203.334203038
10830.0 203.708932035
10850.0 204.083645624
10870.0 204.458343705
10890.0 204.833026177
10910.0 205.20769294
10930.0 205.582343892
10950.0 205.956978933
10970.0 206.331597961
10990.0 206.706200874
11010.0 207.080787569
11030.0 207.455357945
11050.0 207.829911898
11070.0 208.204449325
11090.0 208.578970124
11110.0 208.953474189
11130.0 209.327961417
11150.0 209.702431705
11170.0 210.076884946
11190.0 210.451321037
11210.0 210.825739872
11230.0 211.200141346
11250.0 211.574525352
11270.0 211.948891786
11290.0 212.32324054
11310.0 212.697571508
11330.0 213.071884583
11350.0 213.446179659
11370.0 213.820456627
11390.0 214.19471538
11410.0 214.568955811
11430.0 214.943177811
11450.0 215.317381272
11470.0 215.691566085
11490.0 216.065732142
11510.0 216.439879332
11530.0 216.814007548
11550.0 217.188116679
11570.0 217.562206616
11590.0 217.936277248
11610.0 218.310328465
11630.0 218.684360158
11650.0 219.058372214
11670.0 219.432364524
11690.0 219.806336977
11710.0 220.18028946
11730.0 220.554221863
11750.0 220.928134073
11770.0 221.302025979
11790.0 221.67589747
11810.0 222.049748431
11830.0 222.423578752
11850.0 222.79738832
11870.0 223.171177021
11890.0 223.544944743
11910.0 223.918691373
11930.0 224.292416797
11950.0 224.666120902
11970.0 225.039803575
11990.0 225.413464701
12010.0 225.787104167
12030.0 226.160721859
12050.0 226.534317663
12070.0 226.907891464
12090.0 227.281443148
12110.0 227.654972601
12130.0 228.028479708
12150.0 228.401964353
12170.0 228.775426423
12190.0 229.148865802
12210.0 229.522282376
12230.0 229.895676029
12250.0 230.269046645
12270.0 230.64239411
12290.0 231.015718308
12310.0 231.389019124
12330.0 231.762296443
12350.0 232.135550147
12370.0 232.508780123
12390.0 232.881986254
12410.0 233.255168424
12430.0 233.628326517
12450.0 234.001460419
12470.0 234.374570012
12490.0 234.747655182
12510.0 235.120715811
12530.0 235.493751784
12550.0 235.866762986
12570.0 236.2397493
12590.0 236.612710609
12610.0 236.985646799
12630.0 237.358557754
12650.0 237.731443356
12670.0 238.104303491
12690.0 238.477138042
12710.0 238.849946894
12730.0 239.22272993
12750.0 239.595487035
12770.0 239.968218093
12790.0 240.340922989
12810.0 240.713601607
12830.0 241.086253831
12850.0 241.458879545