650.0 12.2381176333
670.0 12.6144007517
690.0 12.9906884377
710.0 13.3669803914
730.0 13.7432763416
750.0 14.1195760419
770.0 14.495879268
790.0 14.8721858154
810.0 15.2484954967
830.0 15.62480814
850.0 16.0011235875
870.0 16.3774416935
890.0 16.7537623236
910.0 17.1300853535
930.0 17.5064106679
950.0 17.8827381596
970.0 18.259067729
990.0 18.6353992834
1010.0 19.011732736
1030.0 19.3880680057
1050.0 19.7644050167
1070.0 20.1407436978
1090.0 20.5170839821
1110.0 20.8934258067
1130.0 21.2697691124
1150.0 21.6461138434
1170.0 22.022459947
1190.0 22.3988073732
1210.0 22.7751560749
1230.0 23.1515060074
1250.0 23.5278571283
1270.0 23.9042093972
1290.0 24.2805627759
1310.0 24.6569172279
1330.0 25.0332727184
1350.0 25.4096292144
1370.0 25.7859866841
1390.0 26.1623450974
1410.0 26.5387044253
1430.0 26.9150646401
1450.0 27.2914257154
1470.0 27.6677876256
1490.0 28.0441503463
1510.0 28.4205138541
1530.0 28.7968781264
1550.0 29.1732431414
1570.0 29.5496088783
1590.0 29.9259753168
1610.0 30.3023424375
1630.0 30.6787102216
1650.0 31.055078651
1670.0 31.431447708
1690.0 31.8078173758
1710.0 32.1841876377
1730.0 32.560558478
1750.0 32.9369298811
1770.0 33.313301832
1790.0 33.6896743161
1810.0 34.0660473193
1830.0 34.4424208278
1850.0 34.8187948282
1870.0 35.1951693074
1890.0 35.5715442527
1910.0 35.9479196517
1930.0 36.3242954923
1950.0 36.7006717626
1970.0 37.0770484512
1990.0 37.4534255467
2010.0 37.8298030381
2030.0 38.2061809146
2050.0 38.5825591657
2070.0 38.9589377809
2090.0 39.3353167501
2110.0 39.7116960633
2130.0 40.0880757107
2150.0 40.4644556828
2170.0 40.8408359701
2190.0 41.2172165633
2210.0 41.5935974532
2230.0 41.969978631
2250.0 42.3463600877
2270.0 42.7227418146
2290.0 43.0991238031
2310.0 43.4755060448
2330.0 43.8518885313
2350.0 44.2282712544
2370.0 44.6046542059
2390.0 44.9810373777
2410.0 45.3574207618
2430.0 45.7338043505
2450.0 46.1101881359
2470.0 46.4865721103
2490.0 46.8629562661
2510.0 47.2393405957
2530.0 47.6157250916
2550.0 47.9921097463
2570.0 48.3684945525
2590.0 48.7448795029
2610.0 49.1212645903
2630.0 49.4976498073
2650.0 49.8740351468
2670.0 50.2504206016
2690.0 50.6268061648
2710.0 51.0031918293
2730.0 51.3795775879
2750.0 51.7559634338
2770.0 52.13234936
2790.0 52.5087353596
2810.0 52.8851214257
2830.0 53.2615075513
2850.0 53.6378937297
2870.0 54.0142799539
2890.0 54.3906662173
2910.0 54.7670525128
2930.0 55.1434388339
2950.0 55.5198251736
2970.0 55.8962115252
2990.0 56.272597882
3010.0 56.6489842371
3030.0 57.0253705837
3050.0 57.4017569152
3070.0 57.7781432247
3090.0 58.1545295055
3110.0 58.5309157507
3130.0 58.9073019537
3150.0 59.2836881075
3170.0 59.6600742055
3190.0 60.0364602408
3210.0 60.4128462065
3230.0 60.7892320959
3250.0 61.1656179021
3270.0 61.5420036181
3290.0 61.9183892372
3310.0 62.2947747523
3330.0 62.6711601566
3350.0 63.0475454432
3370.0 63.4239306049
3390.0 63.8003156349
3410.0 64.1767005261
3430.0 64.5530852714
3450.0 64.9294698637
3470.0 65.305854296
3490.0 65.682238561
3510.0 66.0586226516
3530.0 66.4350065606
3550.0 66.8113902807
3570.0 67.1877738046
3590.0 67.5641571249
3610.0 67.9405402344
3630.0 68.3169231256
3650.0 68.693305791
3670.0 69.0696882232
3690.0 69.4460704146
3710.0 69.8224523576
3730.0 70.1988340446
3750.0 70.5752154679
3770.0 70.9515966198
3790.0 71.3279774925
3810.0 71.7043580782
3830.0 72.080738369
3850.0 72.457118357
3870.0 72.8334980341
3890.0 73.2098773924
3910.0 73.5862564237
3930.0 73.9626351199
3950.0 74.3390134727
3970.0 74.7153914739
3990.0 75.0917691151
4010.0 75.468146388
4030.0 75.844523284
4050.0 76.2208997947
4070.0 76.5972759114
4090.0 76.9736516255
4110.0 77.3500269283
4130.0 77.7264018109
4150.0 78.1027762645
4170.0 78.4791502802
4190.0 78.8555238489
4210.0 79.2318969615
4230.0 79.608269609
4250.0 79.984641782
4270.0 80.3610134713
4290.0 80.7373846674
4310.0 81.1137553609
4330.0 81.4901255422
4350.0 81.8664952018
4370.0 82.2428643298
4390.0 82.6192329166
4410.0 82.9956009521
4430.0 83.3719684266
4450.0 83.7483353298
4470.0 84.1247016517
4490.0 84.5010673821
4510.0 84.8774325105
4530.0 85.2537970267
4550.0 85.63016092
4570.0 86.00652418
4590.0 86.3828867959
4610.0 86.7592487569
4630.0 87.1356100522
4650.0 87.5119706707
4670.0 87.8883306013
4690.0 88.264689833
4710.0 88.6410483544
4730.0 89.0174061541
4750.0 89.3937632206
4770.0 89.7701195424
4790.0 90.1464751077
4810.0 90.5228299047
4830.0 90.8991839215
4850.0 91.2755371461
4870.0 91.6518895662
4890.0 92.0282411698
4910.0 92.4045919444
4930.0 92.7809418775
4950.0 93.1572909565
4970.0 93.5336391687
4990.0 93.9099865013
5010.0 94.2863329413
5030.0 94.6626784757
5050.0 95.0390230912
5070.0 95.4153667745
5090.0 95.7917095122
5110.0 96.1680512907
5130.0 96.5443920964
5150.0 96.9207319153
5170.0 97.2970707336
5190.0 97.6734085371
5210.0 98.0497453116
5230.0 98.4260810428
5250.0 98.8024157161
5270.0 99.178749317
5290.0 99.5550818307
5310.0 99.9314132423
5330.0 100.307743537
5350.0 100.684072699
5370.0 101.060400713
5390.0 101.436727565
5410.0 101.813053237
5430.0 102.189377715
5450.0 102.565700983
5470.0 102.942023024
5490.0 103.318343823
5510.0 103.694663362
5530.0 104.070981626
5550.0 104.447298598
5570.0 104.823614261
5590.0 105.199928597
5610.0 105.576241591
5630.0 105.952553224
5650.0 106.328863479
5670.0 106.705172339
5690.0 107.081479785
5710.0 107.4577858
5730.0 107.834090365
5750.0 108.210393463
5770.0 108.586695075
5790.0 108.962995182
5810.0 109.339293765
5830.0 109.715590806
5850.0 110.091886284
5870.0 110.468180182
5890.0 110.84447248
5910.0 111.220763157
5930.0 111.597052194
5950.0 111.97333957
5970.0 112.349625267
5990.0 112.725909262
6010.0 113.102191536
6030.0 113.478472068
6050.0 113.854750837
6070.0 114.231027821
6090.0 114.607302999
6110.0 114.98357635
6130.0 115.359847852
6150.0 115.736117483
6170.0 116.112385221
6190.0 116.488651043
6210.0 116.864914927
6230.0 117.24117685
6250.0 117.617436789
6270.0 117.993694721
6290.0 118.369950623
6310.0 118.746204471
6330.0 119.122456241
6350.0 119.49870591
6370.0 119.874953452
6390.0 120.251198844
6410.0 120.62744206
6430.0 121.003683077
6450.0 121.379921869
6470.0 121.75615841
6490.0 122.132392676
6510.0 122.508624639
6530.0 122.884854275
6550.0 123.261081558
6570.0 123.637306459
6590.0 124.013528954
6610.0 124.389749015
6630.0 124.765966615
6650.0 125.142181727
6670.0 125.518394323
6690.0 125.894604374
6710.0 126.270811854
6730.0 126.647016734
6750.0 127.023218985
6770.0 127.399418578
6790.0 127.775615484
6810.0 128.151809675
6830.0 128.52800112
6850.0 128.90418979
6870.0 129.280375654
6890.0 129.656558682
6910.0 130.032738845
6930.0 130.40891611
6950.0 130.785090447
6970.0 131.161261825
6990.0 131.537430212
7010.0 131.913595575
7030.0 132.289757884
7050.0 132.665917105
7070.0 133.042073207
7090.0 133.418226155
7110.0 133.794375917
7130.0 134.170522459
7150.0 134.546665748
7170.0 134.92280575
7190.0 135.29894243
7210.0 135.675075754
7230.0 136.051205686
7250.0 136.427332193
7270.0 136.803455238
7290.0 137.179574785
7310.0 137.5556908
7330.0 137.931803245
7350.0 138.307912083
7370.0 138.684017279
7390.0 139.060118795
7410.0 139.436216594
7430.0 139.812310637
7450.0 140.188400887
7470.0 140.564487306
7490.0 140.940569854
7510.0 141.316648494
7530.0 141.692723186
7550.0 142.06879389
7570.0 142.444860566
7590.0 142.820923175
7610.0 143.196981675
7630.0 143.573036027
7650.0 143.949086189
7670.0 144.32513212
7690.0 144.701173779
7710.0 145.077211122
7730.0 145.453244108
7750.0 145.829272695
7770.0 146.205296838
7790.0 146.581316496
7810.0 146.957331625
7830.0 147.33334218
7850.0 147.709348118
7870.0 148.085349393
7890.0 148.461345961
7910.0 148.837337778
7930.0 149.213324796
7950.0 149.589306971
7970.0 149.965284256
7990.0 150.341256605
8010.0 150.71722397
8030.0 151.093186306
8050.0 151.469143563
8070.0 151.845095695
8090.0 152.221042652
8110.0 152.596984387
8130.0 152.972920851
8150.0 153.348851994
8170.0 153.724777767
8190.0 154.100698119
8210.0 154.476613001
8230.0 154.852522362
8250.0 155.228426151
8270.0 155.604324317
8290.0 155.980216808
8310.0 156.356103571
8330.0 156.731984555
8350.0 157.107859707
8370.0 157.483728974
8390.0 157.859592302
8410.0 158.235449637
8430.0 158.611300926
8450.0 158.987146114
8470.0 159.362985145
8490.0 159.738817965
8510.0 160.114644518
8530.0 160.490464748
8550.0 160.866278598
8570.0 161.242086013
8590.0 161.617886934
8610.0 161.993681305
8630.0 162.369469068
8650.0 162.745250164
8670.0 163.121024535
8690.0 163.496792121
8710.0 163.872552864
8730.0 164.248306705
8750.0 164.624053582
8770.0 164.999793435
8790.0 165.375526204
8810.0 165.751251828
8830.0 166.126970244
8850.0 166.502681391
8870.0 166.878385207
8890.0 167.254081629
8910.0 167.629770594
8930.0 168.005452038
8950.0 168.381125897
8970.0 168.756792108
8990.0 169.132450605
9010.0 169.508101324
9030.0 169.883744199
9050.0 170.259379165
9070.0 170.635006155
9090.0 171.010625103
9110.0 171.386235942
9130.0 171.761838604
9150.0 172.137433022
9170.0 172.513019128
9190.0 172.888596854
9210.0 173.264166129
9230.0 173.639726886
9250.0 174.015279054
9270.0 174.390822564
9290.0 174.766357345
9310.0 175.141883326
9330.0 175.517400436
9350.0 175.892908603
9370.0 176.268407756
9390.0 176.643897822
9410.0 177.019378728
9430.0 177.394850401
9450.0 177.770312767
9470.0 178.145765753
9490.0 178.521209285
9510.0 178.896643286
9530.0 179.272067683
9550.0 179.6474824
9570.0 180.022887361
9590.0 180.398282489
9610.0 180.773667708
9630.0 181.149042941
9650.0 181.52440811
9670.0 181.899763138
9690.0 182.275107946
9710.0 182.650442455
9730.0 183.025766586
9750.0 183.401080261
9770.0 183.776383399
9790.0 184.151675919
9810.0 184.526957742
9830.0 184.902228786
9850.0 185.27748897
9870.0 185.652738212
9890.0 186.02797643
9910.0 186.403203542
9930.0 186.778419464
9950.0 187.153624113
9970.0 187.528817405
9990.0 187.903999256
10010.0 188.279169583
10030.0 188.654328299
10050.0 189.02947532
10070.0 189.404610559
10090.0 189.779733932
10110.0 190.154845352
10130.0 190.529944731
10150.0 190.905031982
10170.0 191.280107019
10190.0 191.655169753
10210.0 192.030220096
10230.0 192.405257958
10250.0 192.780283252
10270.0 193.155295888
10290.0 193.530295775
10310.0 193.905282825
10330.0 194.280256945
10350.0 194.655218046
10370.0 195.030166035
10390.0 195.405100822
10410.0 195.780022314
10430.0 196.154930419
10450.0 196.529825045
10470.0 196.904706097
10490.0 197.279573483
10510.0 197.654427109
10530.0 198.029266881
10550.0 198.404092704
10570.0 198.778904482
10590.0 199.153702122
10610.0 199.528485528
10630.0 199.903254603
10650.0 200.27800925
10670.0 200.652749375
10690.0 201.027474879
10710.0 201.402185665
10730.0 201.776881636
10750.0 202.151562694
10770.0 202.52622874
10790.0 202.900879675
10810.0 203.275515401
10830.0 203.650135818
10850.0 204.024740827
10870.0 204.399330328
10890.0 204.773904219
10910.0 205.148462402
10930.0 205.523004774
10950.0 205.897531235
10970.0 206.272041682
10990.0 206.646536014
11010.0 207.02101413
11030.0 207.395475925
11050.0 207.769921298
11070.0 208.144350145
11090.0 208.518762363
11110.0 208.893157848
11130.0 209.267536496
11150.0 209.641898203
11170.0 210.016242865
11190.0 210.390570375
11210.0 210.76488063
11230.0 211.139173523
11250.0 211.513448949
11270.0 211.887706803
11290.0 212.261946976
11310.0 212.636169364
11330.0 213.010373859
11350.0 213.384560355
11370.0 213.758728743
11390.0 214.132878916
11410.0 214.507010766
11430.0 214.881124186
11450.0 215.255219067
11470.0 215.6292953
11490.0 216.003352776
11510.0 216.377391386
11530.0 216.751411022
11550.0 217.125411572
11570.0 217.499392929
11590.0 217.873354981
11610.0 218.247297618
11630.0 218.62122073
11650.0 218.995124206
11670.0 219.369007936
11690.0 219.742871808
11710.0 220.116715711
11730.0 220.490539533
11750.0 220.864343164
11770.0 221.23812649
11790.0 221.6118894
11810.0 221.985631781
11830.0 222.359353522
11850.0 222.733054509
11870.0 223.10673463
11890.0 223.480393772
11910.0 223.854031821
11930.0 224.227648665
11950.0 224.60124419
11970.0 224.974818282
11990.0 225.348370828
12010.0 225.721901714
12030.0 226.095410826
12050.0 226.46889805
12070.0 226.84236327
12090.0 227.215806374
12110.0 227.589227247
12130.0 227.962625773
12150.0 228.336001838
12170.0 228.709355328
12190.0 229.082686127
12210.0 229.45599412
12230.0 229.829279193
12250.0 230.202541229
12270.0 230.575780114
12290.0 230.948995732
12310.0 231.322187967
12330.0 231.695356705
12350.0 232.06850183
12370.0 232.441623225
12390.0 232.814720775
12410.0 233.187794365
12430.0 233.560843879
12450.0 233.9338692
12470.0 234.306870213
12490.0 234.679846802
12510.0 235.052798851
12530.0 235.425726244
12550.0 235.798628866
12570.0 236.171506599
12590.0 236.544359329
12610.0 236.917186938
12630.0 237.289989312
12650.0 237.662766334
12670.0 238.035517889
12690.0 238.40824386
12710.0 238.780944131
12730.0 239.153618587
12750.0 239.526267112
12770.0 239.89888959
12790.0 240.271485906
12810.0 240.644055943
12830.0 241.016599586
12850.0 241.389116721