650.0 12.2266402956
670.0 12.6025702652
690.0 12.9785048023
710.0 13.3544436072
730.0 13.7303864085
750.0 14.1063329599
770.0 14.4822830372
790.0 14.8582364357
810.0 15.2341929682
830.0 15.6101524627
850.0 15.9861147613
870.0 16.3620797185
890.0 16.7380471997
910.0 17.1140170808
930.0 17.4899892463
950.0 17.8659635891
970.0 18.2419400097
990.0 18.6179184152
1010.0 18.993898719
1030.0 19.3698808398
1050.0 19.745864702
1070.0 20.1218502342
1090.0 20.4978373696
1110.0 20.8738260454
1130.0 21.2498162023
1150.0 21.6258077844
1170.0 22.0018007391
1190.0 22.3777950165
1210.0 22.7537905694
1230.0 23.129787353
1250.0 23.505785325
1270.0 23.8817844451
1290.0 24.257784675
1310.0 24.6337859781
1330.0 25.0097883198
1350.0 25.3857916669
1370.0 25.7617959877
1390.0 26.1378012522
1410.0 26.5138074312
1430.0 26.8898144972
1450.0 27.2658224236
1470.0 27.6418311849
1490.0 28.0178407568
1510.0 28.3938511158
1530.0 28.7698622392
1550.0 29.1458741054
1570.0 29.5218866934
1590.0 29.8978999831
1610.0 30.2739139549
1630.0 30.6499285902
1650.0 31.0259438707
1670.0 31.4019597789
1690.0 31.7779762978
1710.0 32.1539934109
1730.0 32.5300111023
1750.0 32.9060293565
1770.0 33.2820481586
1790.0 33.6580674939
1810.0 34.0340873482
1830.0 34.4101077079
1850.0 34.7861285594
1870.0 35.1621498897
1890.0 35.5381716862
1910.0 35.9141939363
1930.0 36.290216628
1950.0 36.6662397495
1970.0 37.0422632893
1990.0 37.4182872359
2010.0 37.7943115785
2030.0 38.1703363062
2050.0 38.5463614084
2070.0 38.9223868747
2090.0 39.298412695
2110.0 39.6744388594
2130.0 40.050465358
2150.0 40.4264921812
2170.0 40.8025193197
2190.0 41.178546764
2210.0 41.5545745051
2230.0 41.930602534
2250.0 42.3066308418
2270.0 42.6826594199
2290.0 43.0586882596
2310.0 43.4347173524
2330.0 43.8107466901
2350.0 44.1867762643
2370.0 44.5628060669
2390.0 44.9388360898
2410.0 45.3148663252
2430.0 45.690896765
2450.0 46.0669274015
2470.0 46.4429582271
2490.0 46.818989234
2510.0 47.1950204148
2530.0 47.5710517618
2550.0 47.9470832677
2570.0 48.3231149251
2590.0 48.6991467266
2610.0 49.0751786651
2630.0 49.4512107332
2650.0 49.8272429239
2670.0 50.2032752299
2690.0 50.5793076442
2710.0 50.9553401598
2730.0 51.3313727696
2750.0 51.7074054667
2770.0 52.083438244
2790.0 52.4594710948
2810.0 52.835504012
2830.0 53.2115369887
2850.0 53.5875700183
2870.0 53.9636030937
2890.0 54.3396362082
2910.0 54.7156693549
2930.0 55.0917025271
2950.0 55.467735718
2970.0 55.8437689207
2990.0 56.2198021286
3010.0 56.5958353348
3030.0 56.9718685327
3050.0 57.3479017153
3070.0 57.7239348759
3090.0 58.0999680078
3110.0 58.4760011042
3130.0 58.8520341584
3150.0 59.2280671634
3170.0 59.6041001125
3190.0 59.9801329989
3210.0 60.3561658158
3230.0 60.7321985563
3250.0 61.1082312136
3270.0 61.4842637808
3290.0 61.860296251
3310.0 62.2363286173
3330.0 62.6123608728
3350.0 62.9883930105
3370.0 63.3644250234
3390.0 63.7404569045
3410.0 64.1164886468
3430.0 64.4925202433
3450.0 64.8685516868
3470.0 65.2445829702
3490.0 65.6206140864
3510.0 65.9966450281
3530.0 66.3726757882
3550.0 66.7487063595
3570.0 67.1247367345
3590.0 67.500766906
3610.0 67.8767968666
3630.0 68.252826609
3650.0 68.6288561255
3670.0 69.0048854089
3690.0 69.3809144514
3710.0 69.7569432456
3730.0 70.1329717837
3750.0 70.5090000582
3770.0 70.8850280612
3790.0 71.2610557851
3810.0 71.6370832219
3830.0 72.0131103639
3850.0 72.389137203
3870.0 72.7651637313
3890.0 73.1411899407
3910.0 73.5172158231
3930.0 73.8932413705
3950.0 74.2692665744
3970.0 74.6452914268
3990.0 75.0213159191
4010.0 75.3973400432
4030.0 75.7733637903
4050.0 76.1493871522
4070.0 76.52541012
4090.0 76.9014326853
4110.0 77.2774548392
4130.0 77.653476573
4150.0 78.0294978777
4170.0 78.4055187446
4190.0 78.7815391644
4210.0 79.1575591282
4230.0 79.5335786268
4250.0 79.909597651
4270.0 80.2856161914
4290.0 80.6616342386
4310.0 81.0376517833
4330.0 81.4136688158
4350.0 81.7896853265
4370.0 82.1657013057
4390.0 82.5417167436
4410.0 82.9177316303
4430.0 83.2937459559
4450.0 83.6697597103
4470.0 84.0457728833
4490.0 84.4217854648
4510.0 84.7977974444
4530.0 85.1738088117
4550.0 85.5498195562
4570.0 85.9258296673
4590.0 86.3018391344
4610.0 86.6778479465
4630.0 87.0538560929
4650.0 87.4298635626
4670.0 87.8058703444
4690.0 88.1818764272
4710.0 88.5578817998
4730.0 88.9338864506
4750.0 89.3098903683
4770.0 89.6858935412
4790.0 90.0618959576
4810.0 90.4378976058
4830.0 90.8138984737
4850.0 91.1898985495
4870.0 91.5658978208
4890.0 91.9418962755
4910.0 92.3178939012
4930.0 92.6938906855
4950.0 93.0698866156
4970.0 93.445881679
4990.0 93.8218758627
5010.0 94.1978691539
5030.0 94.5738615394
5050.0 94.9498530061
5070.0 95.3258435405
5090.0 95.7018331294
5110.0 96.0778217591
5130.0 96.4538094159
5150.0 96.8297960859
5170.0 97.2057817553
5190.0 97.58176641
5210.0 97.9577500356
5230.0 98.333732618
5250.0 98.7097141425
5270.0 99.0856945945
5290.0 99.4616739594
5310.0 99.8376522221
5330.0 100.213629368
5350.0 100.589605381
5370.0 100.965580247
5390.0 101.341553949
5410.0 101.717526473
5430.0 102.093497802
5450.0 102.469467921
5470.0 102.845436813
5490.0 103.221404463
5510.0 103.597370854
5530.0 103.973335969
5550.0 104.349299792
5570.0 104.725262305
5590.0 105.101223493
5610.0 105.477183338
5630.0 105.853141822
5650.0 106.229098928
5670.0 106.605054639
5690.0 106.981008937
5710.0 107.356961803
5730.0 107.732913219
5750.0 108.108863168
5770.0 108.484811631
5790.0 108.860758589
5810.0 109.236704023
5830.0 109.612647915
5850.0 109.988590245
5870.0 110.364530994
5890.0 110.740470143
5910.0 111.116407671
5930.0 111.492343559
5950.0 111.868277787
5970.0 112.244210334
5990.0 112.620141181
6010.0 112.996070306
6030.0 113.371997689
6050.0 113.747923309
6070.0 114.123847144
6090.0 114.499769174
6110.0 114.875689376
6130.0 115.251607729
6150.0 115.627524211
6170.0 116.0034388
6190.0 116.379351473
6210.0 116.755262208
6230.0 117.131170983
6250.0 117.507077773
6270.0 117.882982556
6290.0 118.258885309
6310.0 118.634786008
6330.0 119.01068463
6350.0 119.386581149
6370.0 119.762475542
6390.0 120.138367785
6410.0 120.514257853
6430.0 120.890145721
6450.0 121.266031364
6470.0 121.641914757
6490.0 122.017795873
6510.0 122.393674688
6530.0 122.769551175
6550.0 123.145425309
6570.0 123.521297062
6590.0 123.897166408
6610.0 124.27303332
6630.0 124.648897771
6650.0 125.024759734
6670.0 125.40061918
6690.0 125.776476083
6710.0 126.152330414
6730.0 126.528182145
6750.0 126.904031247
6770.0 127.279877691
6790.0 127.655721449
6810.0 128.031562491
6830.0 128.407400787
6850.0 128.783236308
6870.0 129.159069023
6890.0 129.534898903
6910.0 129.910725917
6930.0 130.286550033
6950.0 130.662371221
6970.0 131.03818945
6990.0 131.414004688
7010.0 131.789816903
7030.0 132.165626063
7050.0 132.541432135
7070.0 132.917235087
7090.0 133.293034887
7110.0 133.6688315
7130.0 134.044624894
7150.0 134.420415034
7170.0 134.796201886
7190.0 135.171985418
7210.0 135.547765592
7230.0 135.923542376
7250.0 136.299315734
7270.0 136.67508563
7290.0 137.050852029
7310.0 137.426614894
7330.0 137.80237419
7350.0 138.17812988
7370.0 138.553881927
7390.0 138.929630294
7410.0 139.305374944
7430.0 139.681115838
7450.0 140.05685294
7470.0 140.43258621
7490.0 140.808315609
7510.0 141.1840411
7530.0 141.559762643
7550.0 141.935480198
7570.0 142.311193725
7590.0 142.686903185
7610.0 143.062608537
7630.0 143.43830974
7650.0 143.814006754
7670.0 144.189699536
7690.0 144.565388045
7710.0 144.941072239
7730.0 145.316752077
7750.0 145.692427514
7770.0 146.06809851
7790.0 146.443765019
7810.0 146.819426998
7830.0 147.195084405
7850.0 147.570737193
7870.0 147.94638532
7890.0 148.322028739
7910.0 148.697667407
7930.0 149.073301276
7950.0 149.448930302
7970.0 149.824554439
7990.0 150.200173638
8010.0 150.575787855
8030.0 150.951397042
8050.0 151.32700115
8070.0 151.702600133
8090.0 152.078193942
8110.0 152.453782528
8130.0 152.829365843
8150.0 153.204943837
8170.0 153.580516461
8190.0 153.956083664
8210.0 154.331645398
8230.0 154.70720161
8250.0 155.08275225
8270.0 155.458297267
8290.0 155.833836609
8310.0 156.209370223
8330.0 156.584898059
8350.0 156.960420062
8370.0 157.33593618
8390.0 157.711446359
8410.0 158.086950545
8430.0 158.462448685
8450.0 158.837940724
8470.0 159.213426606
8490.0 159.588906277
8510.0 159.964379681
8530.0 160.339846762
8550.0 160.715307464
8570.0 161.09076173
8590.0 161.466209503
8610.0 161.841650725
8630.0 162.217085338
8650.0 162.592513285
8670.0 162.967934507
8690.0 163.343348945
8710.0 163.718756539
8730.0 164.094157231
8750.0 164.469550959
8770.0 164.844937664
8790.0 165.220317284
8810.0 165.595689758
8830.0 165.971055026
8850.0 166.346413024
8870.0 166.721763691
8890.0 167.097106964
8910.0 167.47244278
8930.0 167.847771075
8950.0 168.223091786
8970.0 168.598404848
8990.0 168.973710196
9010.0 169.349007766
9030.0 169.724297493
9050.0 170.09957931
9070.0 170.474853151
9090.0 170.85011895
9110.0 171.22537664
9130.0 171.600626153
9150.0 171.975867423
9170.0 172.35110038
9190.0 172.726324956
9210.0 173.101541083
9230.0 173.476748691
9250.0 173.85194771
9270.0 174.227138071
9290.0 174.602319703
9310.0 174.977492535
9330.0 175.352656496
9350.0 175.727811515
9370.0 176.102957519
9390.0 176.478094436
9410.0 176.853222193
9430.0 177.228340717
9450.0 177.603449935
9470.0 177.978549772
9490.0 178.353640154
9510.0 178.728721007
9530.0 179.103792255
9550.0 179.478853823
9570.0 179.853905635
9590.0 180.228947615
9610.0 180.603979685
9630.0 180.979001769
9650.0 181.354013789
9670.0 181.729015668
9690.0 182.104007327
9710.0 182.478988687
9730.0 182.85395967
9750.0 183.228920196
9770.0 183.603870184
9790.0 183.978809556
9810.0 184.35373823
9830.0 184.728656125
9850.0 185.103563161
9870.0 185.478459254
9890.0 185.853344323
9910.0 186.228218286
9930.0 186.603081059
9950.0 186.977932559
9970.0 187.352772702
9990.0 187.727601405
10010.0 188.102418582
10030.0 188.47722415
10050.0 188.852018022
10070.0 189.226800113
10090.0 189.601570336
10110.0 189.976328607
10130.0 190.351074837
10150.0 190.72580894
10170.0 191.100530828
10190.0 191.475240413
10210.0 191.849937607
10230.0 192.224622321
10250.0 192.599294466
10270.0 192.973953953
10290.0 193.348600691
10310.0 193.723234591
10330.0 194.097855563
10350.0 194.472463515
10370.0 194.847058355
10390.0 195.221639993
10410.0 195.596208337
10430.0 195.970763293
10450.0 196.34530477
10470.0 196.719832673
10490.0 197.094346911
10510.0 197.468847388
10530.0 197.84333401
10550.0 198.217806684
10570.0 198.592265314
10590.0 198.966709805
10610.0 199.341140062
10630.0 199.715555988
10650.0 200.089957487
10670.0 200.464344463
10690.0 200.838716818
10710.0 201.213074455
10730.0 201.587417277
10750.0 201.961745186
10770.0 202.336058083
10790.0 202.710355869
10810.0 203.084638447
10830.0 203.458905715
10850.0 203.833157575
10870.0 204.207393927
10890.0 204.581614669
10910.0 204.955819703
10930.0 205.330008926
10950.0 205.704182238
10970.0 206.078339537
10990.0 206.45248072
11010.0 206.826605687
11030.0 207.200714333
11050.0 207.574806557
11070.0 207.948882256
11090.0 208.322941325
11110.0 208.696983661
11130.0 209.07100916
11150.0 209.445017719
11170.0 209.819009231
11190.0 210.192983593
11210.0 210.566940698
11230.0 210.940880443
11250.0 211.31480272
11270.0 211.688707425
11290.0 212.06259445
11310.0 212.436463689
11330.0 212.810315035
11350.0 213.184148381
11370.0 213.55796362
11390.0 213.931760645
11410.0 214.305539346
11430.0 214.679299617
11450.0 215.053041349
11470.0 215.426764433
11490.0 215.80046876
11510.0 216.174154222
11530.0 216.547820708
11550.0 216.92146811
11570.0 217.295096318
11590.0 217.668705221
11610.0 218.042294709
11630.0 218.415864673
11650.0 218.789415
11670.0 219.162945581
11690.0 219.536456304
11710.0 219.909947058
11730.0 220.283417732
11750.0 220.656868213
11770.0 221.03029839
11790.0 221.403708151
11810.0 221.777097384
11830.0 222.150465976
11850.0 222.523813814
11870.0 222.897140786
11890.0 223.270446779
11910.0 223.64373168
11930.0 224.016995375
11950.0 224.390237751
11970.0 224.763458695
11990.0 225.136658092
12010.0 225.509835829
12030.0 225.882991792
12050.0 226.256125866
12070.0 226.629237938
12090.0 227.002327893
12110.0 227.375395617
12130.0 227.748440994
12150.0 228.121463911
12170.0 228.494464252
12190.0 228.867441902
12210.0 229.240396746
12230.0 229.61332867
12250.0 229.986237557
12270.0 230.359123293
12290.0 230.731985762
12310.0 231.104824849
12330.0 231.477640438
12350.0 231.850432414
12370.0 232.22320066
12390.0 232.595945062
12410.0 232.968665503
12430.0 233.341361867
12450.0 233.71403404
12470.0 234.086681904
12490.0 234.459305344
12510.0 234.831904244
12530.0 235.204478489
12550.0 235.577027961
12570.0 235.949552546
12590.0 236.322052126
12610.0 236.694526587
12630.0 237.066975812
12650.0 237.439399685
12670.0 237.811798091
12690.0 238.184170913
12710.0 238.556518036
12730.0 238.928839343
12750.0 239.301134719
12770.0 239.673404048
12790.0 240.045647215
12810.0 240.417864103
12830.0 240.790054598
12850.0 241.162218583