650.0 12.2374313004
670.0 12.6136933009
690.0 12.9899598689
710.0 13.3662307047
730.0 13.7425055369
750.0 14.1187841193
770.0 14.4950662275
790.0 14.8713516569
810.0 15.2476402203
830.0 15.6239317457
850.0 16.0002260753
870.0 16.3765230633
890.0 16.7528225755
910.0 17.1291244875
930.0 17.5054286839
950.0 17.8817350577
970.0 18.2580435092
990.0 18.6343539456
1010.0 19.0106662802
1030.0 19.386980432
1050.0 19.7632963251
1070.0 20.1396138882
1090.0 20.5159330546
1110.0 20.8922537613
1130.0 21.2685759491
1150.0 21.6448995621
1170.0 22.0212245477
1190.0 22.397550856
1210.0 22.7738784398
1230.0 23.1502072544
1250.0 23.5265372573
1270.0 23.9028684083
1290.0 24.2792006691
1310.0 24.6555340031
1330.0 25.0318683757
1350.0 25.4082037537
1370.0 25.7845401055
1390.0 26.1608774009
1410.0 26.5372156108
1430.0 26.9135547077
1450.0 27.289894665
1470.0 27.6662354573
1490.0 28.0425770601
1510.0 28.41891945
1530.0 28.7952626043
1550.0 29.1716065014
1570.0 29.5479511203
1590.0 29.9242964409
1610.0 30.3006424437
1630.0 30.6769891099
1650.0 31.0533364213
1670.0 31.4296843604
1690.0 31.8060329102
1710.0 32.1823820543
1730.0 32.5587317766
1750.0 32.9350820617
1770.0 33.3114328947
1790.0 33.6877842609
1810.0 34.0641361462
1830.0 34.4404885367
1850.0 34.8168414192
1870.0 35.1931947804
1890.0 35.5695486078
1910.0 35.9459028888
1930.0 36.3222576115
1950.0 36.6986127639
1970.0 37.0749683345
1990.0 37.4513243121
2010.0 37.8276806856
2030.0 38.2040374442
2050.0 38.5803945773
2070.0 38.9567520746
2090.0 39.3331099258
2110.0 39.7094681211
2130.0 40.0858266506
2150.0 40.4621855048
2170.0 40.8385446741
2190.0 41.2149041493
2210.0 41.5912639214
2230.0 41.9676239812
2250.0 42.3439843199
2270.0 42.7203449289
2290.0 43.0967057995
2310.0 43.4730669233
2330.0 43.8494282919
2350.0 44.225789897
2370.0 44.6021517305
2390.0 44.9785137844
2410.0 45.3548760506
2430.0 45.7312385214
2450.0 46.1076011888
2470.0 46.4839640453
2490.0 46.8603270831
2510.0 47.2366902948
2530.0 47.6130536727
2550.0 47.9894172095
2570.0 48.3657808978
2590.0 48.7421447303
2610.0 49.1185086997
2630.0 49.4948727988
2650.0 49.8712370203
2670.0 50.2476013573
2690.0 50.6239658025
2710.0 51.000330349
2730.0 51.3766949897
2750.0 51.7530597177
2770.0 52.129424526
2790.0 52.5057894076
2810.0 52.8821543557
2830.0 53.2585193634
2850.0 53.6348844239
2870.0 54.0112495302
2890.0 54.3876146756
2910.0 54.7639798533
2930.0 55.1403450564
2950.0 55.5167102782
2970.0 55.8930755118
2990.0 56.2694407506
3010.0 56.6458059878
3030.0 57.0221712165
3050.0 57.39853643
3070.0 57.7749016216
3090.0 58.1512667844
3110.0 58.5276319118
3130.0 58.9039969968
3150.0 59.2803620327
3170.0 59.6567270128
3190.0 60.0330919301
3210.0 60.4094567779
3230.0 60.7858215494
3250.0 61.1621862376
3270.0 61.5385508357
3290.0 61.9149153368
3310.0 62.291279734
3330.0 62.6676440204
3350.0 63.044008189
3370.0 63.4203722328
3390.0 63.7967361449
3410.0 64.1730999181
3430.0 64.5494635455
3450.0 64.9258270199
3470.0 65.3021903342
3490.0 65.6785534813
3510.0 66.054916454
3530.0 66.431279245
3550.0 66.8076418471
3570.0 67.1840042531
3590.0 67.5603664555
3610.0 67.9367284471
3630.0 68.3130902203
3650.0 68.6894517678
3670.0 69.0658130821
3690.0 69.4421741555
3710.0 69.8185349806
3730.0 70.1948955497
3750.0 70.571255855
3770.0 70.947615889
3790.0 71.3239756438
3810.0 71.7003351116
3830.0 72.0766942844
3850.0 72.4530531544
3870.0 72.8294117136
3890.0 73.205769954
3910.0 73.5821278673
3930.0 73.9584854456
3950.0 74.3348426804
3970.0 74.7111995637
3990.0 75.087556087
4010.0 75.4639122419
4030.0 75.84026802
4050.0 76.2166234128
4070.0 76.5929784116
4090.0 76.9693330077
4110.0 77.3456871926
4130.0 77.7220409573
4150.0 78.0983942929
4170.0 78.4747471907
4190.0 78.8510996414
4210.0 79.2274516362
4230.0 79.6038031657
4250.0 79.9801542207
4270.0 80.3565047921
4290.0 80.7328548702
4310.0 81.1092044458
4330.0 81.4855535092
4350.0 81.8619020508
4370.0 82.2382500609
4390.0 82.6145975297
4410.0 82.9909444474
4430.0 83.3672908039
4450.0 83.7436365892
4470.0 84.1199817932
4490.0 84.4963264056
4510.0 84.8726704161
4530.0 85.2490138143
4550.0 85.6253565897
4570.0 86.0016987318
4590.0 86.3780402297
4610.0 86.7543810728
4630.0 87.1307212501
4650.0 87.5070607507
4670.0 87.8833995634
4690.0 88.2597376772
4710.0 88.6360750806
4730.0 89.0124117624
4750.0 89.388747711
4770.0 89.7650829148
4790.0 90.1414173622
4810.0 90.5177510412
4830.0 90.8940839401
4850.0 91.2704160467
4870.0 91.646747349
4890.0 92.0230778346
4910.0 92.3994074912
4930.0 92.7757363064
4950.0 93.1520642675
4970.0 93.5283913618
4990.0 93.9047175764
5010.0 94.2810428985
5030.0 94.6573673149
5050.0 95.0336908125
5070.0 95.4100133779
5090.0 95.7863349977
5110.0 96.1626556583
5130.0 96.538975346
5150.0 96.915294047
5170.0 97.2916117473
5190.0 97.6679284328
5210.0 98.0442440894
5230.0 98.4205587027
5250.0 98.7968722581
5270.0 99.1731847411
5290.0 99.5494961368
5310.0 99.9258064305
5330.0 100.302115607
5350.0 100.678423651
5370.0 101.054730548
5390.0 101.431036281
5410.0 101.807340836
5430.0 102.183644196
5450.0 102.559946346
5470.0 102.936247269
5490.0 103.31254695
5510.0 103.688845371
5530.0 104.065142517
5550.0 104.441438371
5570.0 104.817732916
5590.0 105.194026134
5610.0 105.57031801
5630.0 105.946608525
5650.0 106.322897662
5670.0 106.699185404
5690.0 107.075471732
5710.0 107.451756629
5730.0 107.828040077
5750.0 108.204322057
5770.0 108.58060255
5790.0 108.956881539
5810.0 109.333159005
5830.0 109.709434927
5850.0 110.085709288
5870.0 110.461982068
5890.0 110.838253248
5910.0 111.214522807
5930.0 111.590790726
5950.0 111.967056985
5970.0 112.343321563
5990.0 112.71958444
6010.0 113.095845597
6030.0 113.47210501
6050.0 113.848362661
6070.0 114.224618527
6090.0 114.600872588
6110.0 114.977124821
6130.0 115.353375205
6150.0 115.729623718
6170.0 116.105870338
6190.0 116.482115042
6210.0 116.858357808
6230.0 117.234598613
6250.0 117.610837434
6270.0 117.987074249
6290.0 118.363309033
6310.0 118.739541763
6330.0 119.115772415
6350.0 119.492000965
6370.0 119.868227389
6390.0 120.244451663
6410.0 120.620673762
6430.0 120.996893661
6450.0 121.373111335
6470.0 121.749326758
6490.0 122.125539906
6510.0 122.501750751
6530.0 122.877959269
6550.0 123.254165434
6570.0 123.630369218
6590.0 124.006570595
6610.0 124.382769538
6630.0 124.75896602
6650.0 125.135160013
6670.0 125.511351491
6690.0 125.887540425
6710.0 126.263726787
6730.0 126.639910549
6750.0 127.016091681
6770.0 127.392270157
6790.0 127.768445945
6810.0 128.144619018
6830.0 128.520789345
6850.0 128.896956897
6870.0 129.273121643
6890.0 129.649283554
6910.0 130.025442598
6930.0 130.401598746
6950.0 130.777751965
6970.0 131.153902225
6990.0 131.530049493
7010.0 131.906193739
7030.0 132.28233493
7050.0 132.658473033
7070.0 133.034608016
7090.0 133.410739847
7110.0 133.786868491
7130.0 134.162993915
7150.0 134.539116086
7170.0 134.91523497
7190.0 135.291350532
7210.0 135.667462738
7230.0 136.043571553
7250.0 136.419676941
7270.0 136.795778868
7290.0 137.171877298
7310.0 137.547972194
7330.0 137.924063521
7350.0 138.300151242
7370.0 138.67623532
7390.0 139.052315718
7410.0 139.428392399
7430.0 139.804465324
7450.0 140.180534456
7470.0 140.556599757
7490.0 140.932661188
7510.0 141.308718709
7530.0 141.684772283
7550.0 142.060821869
7570.0 142.436867427
7590.0 142.812908918
7610.0 143.188946301
7630.0 143.564979535
7650.0 143.941008579
7670.0 144.317033392
7690.0 144.693053932
7710.0 145.069070158
7730.0 145.445082026
7750.0 145.821089495
7770.0 146.197092521
7790.0 146.573091061
7810.0 146.949085071
7830.0 147.325074508
7850.0 147.701059328
7870.0 148.077039485
7890.0 148.453014936
7910.0 148.828985634
7930.0 149.204951535
7950.0 149.580912592
7970.0 149.956868759
7990.0 150.33281999
8010.0 150.708766237
8030.0 151.084707455
8050.0 151.460643594
8070.0 151.836574608
8090.0 152.212500447
8110.0 152.588421064
8130.0 152.96433641
8150.0 153.340246435
8170.0 153.71615109
8190.0 154.092050325
8210.0 154.467944089
8230.0 154.843832332
8250.0 155.219715003
8270.0 155.595592051
8290.0 155.971463424
8310.0 156.347329069
8330.0 156.723188935
8350.0 157.099042969
8370.0 157.474891118
8390.0 157.850733328
8410.0 158.226569546
8430.0 158.602399716
8450.0 158.978223786
8470.0 159.354041699
8490.0 159.729853401
8510.0 160.105658836
8530.0 160.481457948
8550.0 160.857250681
8570.0 161.233036978
8590.0 161.608816781
8610.0 161.984590034
8630.0 162.360356679
8650.0 162.736116657
8670.0 163.11186991
8690.0 163.487616378
8710.0 163.863356004
8730.0 164.239088726
8750.0 164.614814485
8770.0 164.99053322
8790.0 165.366244872
8810.0 165.741949377
8830.0 166.117646676
8850.0 166.493336705
8870.0 166.869019403
8890.0 167.244694707
8910.0 167.620362553
8930.0 167.996022879
8950.0 168.371675621
8970.0 168.747320714
8990.0 169.122958093
9010.0 169.498587694
9030.0 169.874209452
9050.0 170.249823299
9070.0 170.625429172
9090.0 171.001027002
9110.0 171.376616722
9130.0 171.752198267
9150.0 172.127771567
9170.0 172.503336555
9190.0 172.878893162
9210.0 173.25444132
9230.0 173.629980959
9250.0 174.005512009
9270.0 174.381034401
9290.0 174.756548064
9310.0 175.132052927
9330.0 175.507548919
9350.0 175.883035968
9370.0 176.258514003
9390.0 176.633982951
9410.0 177.009442739
9430.0 177.384893294
9450.0 177.760334543
9470.0 178.135766411
9490.0 178.511188824
9510.0 178.886601708
9530.0 179.262004987
9550.0 179.637398586
9570.0 180.012782429
9590.0 180.388156439
9610.0 180.76352054
9630.0 181.138874655
9650.0 181.514218707
9670.0 181.889552616
9690.0 182.264876306
9710.0 182.640189697
9730.0 183.015492711
9750.0 183.390785267
9770.0 183.766067287
9790.0 184.14133869
9810.0 184.516599395
9830.0 184.891849321
9850.0 185.267088387
9870.0 185.642316511
9890.0 186.017533611
9910.0 186.392739605
9930.0 186.767934409
9950.0 187.14311794
9970.0 187.518290114
9990.0 187.893450848
10010.0 188.268600056
10030.0 188.643737654
10050.0 189.018863557
10070.0 189.393977679
10090.0 189.769079934
10110.0 190.144170235
10130.0 190.519248496
10150.0 190.89431463
10170.0 191.269368549
10190.0 191.644410165
10210.0 192.01943939
10230.0 192.394456134
10250.0 192.76946031
10270.0 193.144451828
10290.0 193.519430598
10310.0 193.894396529
10330.0 194.269349531
10350.0 194.644289514
10370.0 195.019216386
10390.0 195.394130055
10410.0 195.769030429
10430.0 196.143917416
10450.0 196.518790924
10470.0 196.893650858
10490.0 197.268497126
10510.0 197.643329634
10530.0 198.018148288
10550.0 198.392952993
10570.0 198.767743654
10590.0 199.142520176
10610.0 199.517282463
10630.0 199.89203042
10650.0 200.26676395
10670.0 200.641482957
10690.0 201.016187343
10710.0 201.390877011
10730.0 201.765551864
10750.0 202.140211804
10770.0 202.514856732
10790.0 202.889486549
10810.0 203.264101157
10830.0 203.638700456
10850.0 204.013284347
10870.0 204.38785273
10890.0 204.762405504
10910.0 205.136942568
10930.0 205.511463822
10950.0 205.885969165
10970.0 206.260458495
10990.0 206.634931709
11010.0 207.009388706
11030.0 207.383829384
11050.0 207.758253639
11070.0 208.132661368
11090.0 208.507052468
11110.0 208.881426835
11130.0 209.255784365
11150.0 209.630124955
11170.0 210.004448498
11190.0 210.37875489
11210.0 210.753044027
11230.0 211.127315803
11250.0 211.501570111
11270.0 211.875806846
11290.0 212.250025902
11310.0 212.624227172
11330.0 212.998410549
11350.0 213.372575926
11370.0 213.746723196
11390.0 214.120852252
11410.0 214.494962984
11430.0 214.869055286
11450.0 215.243129049
11470.0 215.617184164
11490.0 215.991220522
11510.0 216.365238014
11530.0 216.739236532
11550.0 217.113215965
11570.0 217.487176203
11590.0 217.861117137
11610.0 218.235038656
11630.0 218.608940651
11650.0 218.982823009
11670.0 219.356685621
11690.0 219.730528375
11710.0 220.10435116
11730.0 220.478153864
11750.0 220.851936377
11770.0 221.225698585
11790.0 221.599440377
11810.0 221.97316164
11830.0 222.346862263
11850.0 222.720542132
11870.0 223.094201135
11890.0 223.467839159
11910.0 223.841456091
11930.0 224.215051817
11950.0 224.588626224
11970.0 224.962179198
11990.0 225.335710626
12010.0 225.709220394
12030.0 226.082708388
12050.0 226.456174494
12070.0 226.829618596
12090.0 227.203040582
12110.0 227.576440337
12130.0 227.949817745
12150.0 228.323172693
12170.0 228.696505064
12190.0 229.069814745
12210.0 229.443101621
12230.0 229.816365575
12250.0 230.189606493
12270.0 230.56282426
12290.0 230.93601876
12310.0 231.309189878
12330.0 231.682337498
12350.0 232.055461505
12370.0 232.428561782
12390.0 232.801638214
12410.0 233.174690686
12430.0 233.547719082
12450.0 233.920723285
12470.0 234.29370318
12490.0 234.666658652
12510.0 235.039589583
12530.0 235.412495858
12550.0 235.785377361
12570.0 236.158233977
12590.0 236.531065588
12610.0 236.90387208
12630.0 237.276653336
12650.0 237.64940924
12670.0 238.022139677
12690.0 238.39484453
12710.0 238.767523683
12730.0 239.140177021
12750.0 239.512804428
12770.0 239.885405788
12790.0 240.257980986
12810.0 240.630529905
12830.0 241.003052431
12850.0 241.375548447