650.0 12.2331952667
670.0 12.6093269278
690.0 12.9854631563
710.0 13.3616036526
730.0 13.7377481453
750.0 14.1138963882
770.0 14.4900481569
790.0 14.8662032469
810.0 15.2423614707
830.0 15.6185226566
850.0 15.9946866467
870.0 16.3708532953
890.0 16.747022468
910.0 17.1231940404
930.0 17.4993678973
950.0 17.8755439316
970.0 18.2517220436
990.0 18.6279021406
1010.0 19.0040841357
1030.0 19.380267948
1050.0 19.7564535016
1070.0 20.1326407252
1090.0 20.5088295521
1110.0 20.8850199193
1130.0 21.2612117676
1150.0 21.6374050411
1170.0 22.0135996872
1190.0 22.389795656
1210.0 22.7659929003
1230.0 23.1421913754
1250.0 23.5183910388
1270.0 23.8945918503
1290.0 24.2707937716
1310.0 24.6469967662
1330.0 25.0232007993
1350.0 25.3994058378
1370.0 25.7756118501
1390.0 26.1518188059
1410.0 26.5280266764
1430.0 26.9042354338
1450.0 27.2804450516
1470.0 27.6566555044
1490.0 28.0328667677
1510.0 28.409078818
1530.0 28.7852916329
1550.0 29.1615051905
1570.0 29.5377194699
1590.0 29.913934451
1610.0 30.2901501143
1630.0 30.666366441
1650.0 31.0425834129
1670.0 31.4188010125
1690.0 31.7950192228
1710.0 32.1712380274
1730.0 32.5474574102
1750.0 32.9236773559
1770.0 33.2998978493
1790.0 33.676118876
1810.0 34.0523404218
1830.0 34.4285624729
1850.0 34.8047850158
1870.0 35.1810080376
1890.0 35.5572315254
1910.0 35.933455467
1930.0 36.3096798502
1950.0 36.6859046631
1970.0 37.0621298942
1990.0 37.4383555323
2010.0 37.8145815663
2030.0 38.1908079854
2050.0 38.567034779
2070.0 38.9432619368
2090.0 39.3194894485
2110.0 39.6957173043
2130.0 40.0719454943
2150.0 40.448174009
2170.0 40.8244028388
2190.0 41.2006319746
2210.0 41.5768614071
2230.0 41.9530911274
2250.0 42.3293211267
2270.0 42.7055513962
2290.0 43.0817819273
2310.0 43.4580127115
2330.0 43.8342437406
2350.0 44.2104750063
2370.0 44.5867065003
2390.0 44.9629382146
2410.0 45.3391701414
2430.0 45.7154022726
2450.0 46.0916346006
2470.0 46.4678671176
2490.0 46.8440998159
2510.0 47.2203326881
2530.0 47.5965657265
2550.0 47.9727989238
2570.0 48.3490322726
2590.0 48.7252657656
2610.0 49.1014993955
2630.0 49.4777331551
2650.0 49.8539670371
2670.0 50.2302010346
2690.0 50.6064351403
2710.0 50.9826693473
2730.0 51.3589036486
2750.0 51.7351380371
2770.0 52.1113725058
2790.0 52.487607048
2810.0 52.8638416566
2830.0 53.2400763248
2850.0 53.6163110457
2870.0 53.9925458126
2890.0 54.3687806185
2910.0 54.7450154566
2930.0 55.1212503202
2950.0 55.4974852025
2970.0 55.8737200967
2990.0 56.249954996
3010.0 56.6261898937
3030.0 57.0024247829
3050.0 57.3786596569
3070.0 57.754894509
3090.0 58.1311293324
3110.0 58.5073641202
3130.0 58.8835988657
3150.0 59.2598335622
3170.0 59.6360682027
3190.0 60.0123027805
3210.0 60.3885372889
3230.0 60.7647717208
3250.0 61.1410060695
3270.0 61.5172403281
3290.0 61.8934744898
3310.0 62.2697085475
3330.0 62.6459424944
3350.0 63.0221763235
3370.0 63.3984100278
3390.0 63.7746436003
3410.0 64.1508770341
3430.0 64.5271103219
3450.0 64.9033434569
3470.0 65.2795764317
3490.0 65.6558092393
3510.0 66.0320418725
3530.0 66.408274324
3550.0 66.7845065867
3570.0 67.1607386531
3590.0 67.536970516
3610.0 67.9132021681
3630.0 68.2894336018
3650.0 68.6656648098
3670.0 69.0418957846
3690.0 69.4181265185
3710.0 69.7943570041
3730.0 70.1705872337
3750.0 70.5468171996
3770.0 70.9230468941
3790.0 71.2992763093
3810.0 71.6755054376
3830.0 72.051734271
3850.0 72.4279628015
3870.0 72.8041910212
3890.0 73.180418922
3910.0 73.5566464959
3930.0 73.9328737346
3950.0 74.30910063
3970.0 74.6853271738
3990.0 75.0615533576
4010.0 75.437779173
4030.0 75.8140046116
4050.0 76.1902296649
4070.0 76.5664543242
4090.0 76.9426785809
4110.0 77.3189024262
4130.0 77.6951258514
4150.0 78.0713488476
4170.0 78.4475714058
4190.0 78.8237935171
4210.0 79.2000151723
4230.0 79.5762363623
4250.0 79.9524570779
4270.0 80.3286773097
4290.0 80.7048970484
4310.0 81.0811162845
4330.0 81.4573350084
4350.0 81.8335532105
4370.0 82.2097708811
4390.0 82.5859880104
4410.0 82.9622045886
4430.0 83.3384206056
4450.0 83.7146360514
4470.0 84.0908509159
4490.0 84.4670651888
4510.0 84.8432788598
4530.0 85.2194919185
4550.0 85.5957043545
4570.0 85.971916157
4590.0 86.3481273155
4610.0 86.724337819
4630.0 87.1005476569
4650.0 87.4767568179
4670.0 87.8529652912
4690.0 88.2291730654
4710.0 88.6053801294
4730.0 88.9815864716
4750.0 89.3577920807
4770.0 89.7339969451
4790.0 90.1102010529
4810.0 90.4864043925
4830.0 90.8626069519
4850.0 91.238808719
4870.0 91.6150096818
4890.0 91.9912098279
4910.0 92.367409145
4930.0 92.7436076207
4950.0 93.1198052423
4970.0 93.4960019971
4990.0 93.8721978722
5010.0 94.2483928548
5030.0 94.6245869317
5050.0 95.0007800898
5070.0 95.3769723157
5090.0 95.753163596
5110.0 96.1293539171
5130.0 96.5055432653
5150.0 96.8817316268
5170.0 97.2579189876
5190.0 97.6341053337
5210.0 98.0102906508
5230.0 98.3864749245
5250.0 98.7626581404
5270.0 99.1388402839
5290.0 99.5150213402
5310.0 99.8912012944
5330.0 100.267380131
5350.0 100.643557836
5370.0 101.019734393
5390.0 101.395909787
5410.0 101.772084002
5430.0 102.148257023
5450.0 102.524428833
5470.0 102.900599417
5490.0 103.276768758
5510.0 103.65293684
5530.0 104.029103647
5550.0 104.405269161
5570.0 104.781433366
5590.0 105.157596245
5610.0 105.533757782
5630.0 105.909917957
5650.0 106.286076755
5670.0 106.662234157
5690.0 107.038390146
5710.0 107.414544703
5730.0 107.790697811
5750.0 108.166849452
5770.0 108.542999606
5790.0 108.919148255
5810.0 109.295295381
5830.0 109.671440964
5850.0 110.047584986
5870.0 110.423727426
5890.0 110.799868266
5910.0 111.176007486
5930.0 111.552145065
5950.0 111.928280985
5970.0 112.304415223
5990.0 112.680547762
6010.0 113.056678578
6030.0 113.432807652
6050.0 113.808934964
6070.0 114.18506049
6090.0 114.561184211
6110.0 114.937306105
6130.0 115.313426149
6150.0 115.689544323
6170.0 116.065660603
6190.0 116.441774968
6210.0 116.817887394
6230.0 117.19399786
6250.0 117.570106342
6270.0 117.946212817
6290.0 118.322317261
6310.0 118.698419652
6330.0 119.074519964
6350.0 119.450618175
6370.0 119.82671426
6390.0 120.202808194
6410.0 120.578899954
6430.0 120.954989513
6450.0 121.331076847
6470.0 121.707161931
6490.0 122.083244739
6510.0 122.459325245
6530.0 122.835403424
6550.0 123.211479249
6570.0 123.587552693
6590.0 123.963623731
6610.0 124.339692334
6630.0 124.715758477
6650.0 125.091822131
6670.0 125.467883269
6690.0 125.843941864
6710.0 126.219997886
6730.0 126.596051308
6750.0 126.972102102
6770.0 127.348150237
6790.0 127.724195686
6810.0 128.10023842
6830.0 128.476278407
6850.0 128.852315619
6870.0 129.228350026
6890.0 129.604381597
6910.0 129.980410302
6930.0 130.35643611
6950.0 130.73245899
6970.0 131.10847891
6990.0 131.48449584
7010.0 131.860509746
7030.0 132.236520597
7050.0 132.612528361
7070.0 132.988533005
7090.0 133.364534495
7110.0 133.7405328
7130.0 134.116527885
7150.0 134.492519717
7170.0 134.868508261
7190.0 135.244493483
7210.0 135.62047535
7230.0 135.996453825
7250.0 136.372428874
7270.0 136.748400461
7290.0 137.124368552
7310.0 137.500333109
7330.0 137.876294096
7350.0 138.252251477
7370.0 138.628205216
7390.0 139.004155274
7410.0 139.380101615
7430.0 139.756044201
7450.0 140.131982994
7470.0 140.507917955
7490.0 140.883849047
7510.0 141.259776229
7530.0 141.635699463
7550.0 142.011618709
7570.0 142.387533928
7590.0 142.763445079
7610.0 143.139352123
7630.0 143.515255017
7650.0 143.891153722
7670.0 144.267048196
7690.0 144.642938396
7710.0 145.018824282
7730.0 145.394705811
7750.0 145.77058294
7770.0 146.146455626
7790.0 146.522323827
7810.0 146.898187498
7830.0 147.274046596
7850.0 147.649901076
7870.0 148.025750894
7890.0 148.401596005
7910.0 148.777436364
7930.0 149.153271925
7950.0 149.529102642
7970.0 149.90492847
7990.0 150.280749361
8010.0 150.656565269
8030.0 151.032376147
8050.0 151.408181947
8070.0 151.783982621
8090.0 152.159778121
8110.0 152.535568399
8130.0 152.911353405
8150.0 153.287133091
8170.0 153.662907406
8190.0 154.038676301
8210.0 154.414439726
8230.0 154.79019763
8250.0 155.165949961
8270.0 155.541696669
8290.0 155.917437703
8310.0 156.293173009
8330.0 156.668902535
8350.0 157.04462623
8370.0 157.420344039
8390.0 157.79605591
8410.0 158.171761788
8430.0 158.547461619
8450.0 158.923155349
8470.0 159.298842923
8490.0 159.674524285
8510.0 160.050199381
8530.0 160.425868153
8550.0 160.801530547
8570.0 161.177186504
8590.0 161.552835968
8610.0 161.928478881
8630.0 162.304115186
8650.0 162.679744825
8670.0 163.055367738
8690.0 163.430983867
8710.0 163.806593153
8730.0 164.182195536
8750.0 164.557790956
8770.0 164.933379352
8790.0 165.308960663
8810.0 165.684534829
8830.0 166.060101788
8850.0 166.435661478
8870.0 166.811213837
8890.0 167.186758801
8910.0 167.562296308
8930.0 167.937826295
8950.0 168.313348697
8970.0 168.68886345
8990.0 169.06437049
9010.0 169.439869751
9030.0 169.815361169
9050.0 170.190844678
9070.0 170.56632021
9090.0 170.941787701
9110.0 171.317247082
9130.0 171.692698287
9150.0 172.068141248
9170.0 172.443575896
9190.0 172.819002164
9210.0 173.194419982
9230.0 173.569829282
9250.0 173.945229993
9270.0 174.320622045
9290.0 174.696005368
9310.0 175.071379892
9330.0 175.446745544
9350.0 175.822102254
9370.0 176.197449949
9390.0 176.572788558
9410.0 176.948118006
9430.0 177.323438222
9450.0 177.698749131
9470.0 178.07405066
9490.0 178.449342734
9510.0 178.824625278
9530.0 179.199898218
9550.0 179.575161477
9570.0 179.95041498
9590.0 180.325658651
9610.0 180.700892413
9630.0 181.076116188
9650.0 181.4513299
9670.0 181.82653347
9690.0 182.20172682
9710.0 182.576909872
9730.0 182.952082546
9750.0 183.327244763
9770.0 183.702396443
9790.0 184.077537507
9810.0 184.452667872
9830.0 184.827787459
9850.0 185.202896185
9870.0 185.57799397
9890.0 185.953080731
9910.0 186.328156385
9930.0 186.703220849
9950.0 187.078274041
9970.0 187.453315875
9990.0 187.82834627
10010.0 188.203365138
10030.0 188.578372397
10050.0 188.953367961
10070.0 189.328351743
10090.0 189.703323658
10110.0 190.07828362
10130.0 190.453231542
10150.0 190.828167336
10170.0 191.203090915
10190.0 191.578002192
10210.0 191.952901077
10230.0 192.327787482
10250.0 192.702661319
10270.0 193.077522497
10290.0 193.452370927
10310.0 193.827206519
10330.0 194.202029182
10350.0 194.576838825
10370.0 194.951635357
10390.0 195.326418687
10410.0 195.701188721
10430.0 196.075945369
10450.0 196.450688537
10470.0 196.825418132
10490.0 197.200134061
10510.0 197.574836229
10530.0 197.949524543
10550.0 198.324198909
10570.0 198.69885923
10590.0 199.073505413
10610.0 199.448137361
10630.0 199.822754978
10650.0 200.197358168
10670.0 200.571946836
10690.0 200.946520882
10710.0 201.321080211
10730.0 201.695624725
10750.0 202.070154325
10770.0 202.444668913
10790.0 202.819168391
10810.0 203.19365266
10830.0 203.568121619
10850.0 203.942575171
10870.0 204.317013214
10890.0 204.691435648
10910.0 205.065842373
10930.0 205.440233288
10950.0 205.814608291
10970.0 206.188967281
10990.0 206.563310156
11010.0 206.937636814
11030.0 207.311947152
11050.0 207.686241067
11070.0 208.060518457
11090.0 208.434779218
11110.0 208.809023245
11130.0 209.183250436
11150.0 209.557460686
11170.0 209.931653889
11190.0 210.305829943
11210.0 210.67998874
11230.0 211.054130176
11250.0 211.428254144
11270.0 211.80236054
11290.0 212.176449257
11310.0 212.550520187
11330.0 212.924573225
11350.0 213.298608262
11370.0 213.672625193
11390.0 214.046623909
11410.0 214.420604302
11430.0 214.794566264
11450.0 215.168509687
11470.0 215.542434463
11490.0 215.916340482
11510.0 216.290227635
11530.0 216.664095812
11550.0 217.037944906
11570.0 217.411774805
11590.0 217.785585399
11610.0 218.159376579
11630.0 218.533148234
11650.0 218.906900253
11670.0 219.280632525
11690.0 219.65434494
11710.0 220.028037385
11730.0 220.40170975
11750.0 220.775361923
11770.0 221.148993791
11790.0 221.522605244
11810.0 221.896196168
11830.0 222.269766451
11850.0 222.643315981
11870.0 223.016844644
11890.0 223.390352329
11910.0 223.763838921
11930.0 224.137304307
11950.0 224.510748375
11970.0 224.88417101
11990.0 225.257572099
12010.0 225.630951527
12030.0 226.004309181
12050.0 226.377644947
12070.0 226.750958711
12090.0 227.124250357
12110.0 227.497519772
12130.0 227.870766841
12150.0 228.243991449
12170.0 228.617193481
12190.0 228.990372823
12210.0 229.363529359
12230.0 229.736662974
12250.0 230.109773552
12270.0 230.48286098
12290.0 230.85592514
12310.0 231.228965919
12330.0 231.601983199
12350.0 231.974976866
12370.0 232.347946804
12390.0 232.720892897
12410.0 233.093815029
12430.0 233.466713085
12450.0 233.839586949
12470.0 234.212436505
12490.0 234.585261636
12510.0 234.958062228
12530.0 235.330838164
12550.0 235.703589328
12570.0 236.076315604
12590.0 236.449016876
12610.0 236.821693028
12630.0 237.194343944
12650.0 237.566969509
12670.0 237.939569606
12690.0 238.31214412
12710.0 238.684692934
12730.0 239.057215932
12750.0 239.429713
12770.0 239.80218402
12790.0 240.174628878
12810.0 240.547047458
12830.0 240.919439644
12850.0 241.291805321