650.0 12.2393316303
670.0 12.6156521025
690.0 12.9919771423
710.0 13.3683064497
730.0 13.7446397536
750.0 14.1209768077
770.0 14.4973173876
790.0 14.8736612887
810.0 15.2500083237
830.0 15.6263583209
850.0 16.0027111221
870.0 16.3790665819
890.0 16.7554245657
910.0 17.1317849494
930.0 17.5081476175
950.0 17.8845124629
970.0 18.2608793862
990.0 18.6372482943
1010.0 19.0136191006
1030.0 19.3899917241
1050.0 19.7663660888
1070.0 20.1427421237
1090.0 20.5191197617
1110.0 20.8954989401
1130.0 21.2718795996
1150.0 21.6482616843
1170.0 22.0246451416
1190.0 22.4010299216
1210.0 22.7774159771
1230.0 23.1538032634
1250.0 23.530191738
1270.0 23.9065813607
1290.0 24.2829720931
1310.0 24.6593638988
1330.0 25.0357567431
1350.0 25.4121505928
1370.0 25.7885454163
1390.0 26.1649411833
1410.0 26.541337865
1430.0 26.9177354336
1450.0 27.2941338626
1470.0 27.6705331265
1490.0 28.046933201
1510.0 28.4233340626
1530.0 28.7997356886
1550.0 29.1761380574
1570.0 29.552541148
1590.0 29.9289449403
1610.0 30.3053494148
1630.0 30.6817545526
1650.0 31.0581603358
1670.0 31.4345667466
1690.0 31.810973768
1710.0 32.1873813838
1730.0 32.5637895778
1750.0 32.9401983346
1770.0 33.3166076393
1790.0 33.6930174772
1810.0 34.0694278341
1830.0 34.4458386964
1850.0 34.8222500505
1870.0 35.1986618835
1890.0 35.5750741825
1910.0 35.9514869353
1930.0 36.3279001296
1950.0 36.7043137537
1970.0 37.080727796
1990.0 37.4571422453
2010.0 37.8335570905
2030.0 38.2099723208
2050.0 38.5863879256
2070.0 38.9628038945
2090.0 39.3392202175
2110.0 39.7156368844
2130.0 40.0920538856
2150.0 40.4684712115
2170.0 40.8448888525
2190.0 41.2213067994
2210.0 41.5977250431
2230.0 41.9741435746
2250.0 42.3505623851
2270.0 42.7269814658
2290.0 43.1034008081
2310.0 43.4798204035
2330.0 43.8562402438
2350.0 44.2326603206
2370.0 44.6090806258
2390.0 44.9855011514
2410.0 45.3619218893
2430.0 45.7383428317
2450.0 46.1147639709
2470.0 46.4911852991
2490.0 46.8676068086
2510.0 47.2440284919
2530.0 47.6204503416
2550.0 47.9968723501
2570.0 48.37329451
2590.0 48.7497168142
2610.0 49.1261392553
2630.0 49.502561826
2650.0 49.8789845193
2670.0 50.2554073279
2690.0 50.6318302449
2710.0 51.0082532631
2730.0 51.3846763755
2750.0 51.7610995751
2770.0 52.1375228551
2790.0 52.5139462084
2810.0 52.8903696282
2830.0 53.2667931076
2850.0 53.6432166397
2870.0 54.0196402178
2890.0 54.3960638348
2910.0 54.7724874842
2930.0 55.148911159
2950.0 55.5253348525
2970.0 55.9017585579
2990.0 56.2781822683
3010.0 56.6546059772
3030.0 57.0310296776
3050.0 57.4074533628
3070.0 57.7838770261
3090.0 58.1603006606
3110.0 58.5367242596
3130.0 58.9131478163
3150.0 59.289571324
3170.0 59.6659947757
3190.0 60.0424181647
3210.0 60.4188414842
3230.0 60.7952647273
3250.0 61.1716878872
3270.0 61.548110957
3290.0 61.9245339299
3310.0 62.3009567988
3330.0 62.6773795568
3350.0 63.0538021971
3370.0 63.4302247126
3390.0 63.8066470964
3410.0 64.1830693413
3430.0 64.5594914404
3450.0 64.9359133865
3470.0 65.3123351725
3490.0 65.6887567912
3510.0 66.0651782356
3530.0 66.4415994983
3550.0 66.8180205722
3570.0 67.1944414498
3590.0 67.5708621239
3610.0 67.9472825872
3630.0 68.3237028321
3650.0 68.7001228513
3670.0 69.0765426372
3690.0 69.4529621824
3710.0 69.8293814791
3730.0 70.2058005199
3750.0 70.582219297
3770.0 70.9586378026
3790.0 71.3350560291
3810.0 71.7114739686
3830.0 72.0878916131
3850.0 72.4643089548
3870.0 72.8407259857
3890.0 73.2171426977
3910.0 73.5935590828
3930.0 73.9699751327
3950.0 74.3463908393
3970.0 74.7228061942
3990.0 75.0992211892
4010.0 75.4756358158
4030.0 75.8520500656
4050.0 76.2284639301
4070.0 76.6048774005
4090.0 76.9812904684
4110.0 77.3577031249
4130.0 77.7341153613
4150.0 78.1105271687
4170.0 78.4869385381
4190.0 78.8633494605
4210.0 79.239759927
4230.0 79.6161699282
4250.0 79.9925794549
4270.0 80.3689884979
4290.0 80.7453970478
4310.0 81.121805095
4330.0 81.4982126301
4350.0 81.8746196435
4370.0 82.2510261253
4390.0 82.6274320658
4410.0 83.0038374551
4430.0 83.3802422833
4450.0 83.7566465403
4470.0 84.1330502159
4490.0 84.5094533
4510.0 84.8858557823
4530.0 85.2622576522
4550.0 85.6386588993
4570.0 86.015059513
4590.0 86.3914594827
4610.0 86.7678587974
4630.0 87.1442574464
4650.0 87.5206554187
4670.0 87.8970527031
4690.0 88.2734492885
4710.0 88.6498451637
4730.0 89.0262403171
4750.0 89.4026347374
4770.0 89.7790284129
4790.0 90.155421332
4810.0 90.5318134827
4830.0 90.9082048533
4850.0 91.2845954316
4870.0 91.6609852056
4890.0 92.0373741629
4910.0 92.4137622912
4930.0 92.7901495781
4950.0 93.1665360108
4970.0 93.5429215768
4990.0 93.9193062631
5010.0 94.2956900569
5030.0 94.672072945
5050.0 95.0484549143
5070.0 95.4248359514
5090.0 95.8012160428
5110.0 96.1775951751
5130.0 96.5539733345
5150.0 96.9303505072
5170.0 97.3067266792
5190.0 97.6831018365
5210.0 98.0594759647
5230.0 98.4358490497
5250.0 98.8122210768
5270.0 99.1885920315
5290.0 99.5649618989
5310.0 99.9413306643
5330.0 100.317698312
5350.0 100.694064828
5370.0 101.070430197
5390.0 101.446794402
5410.0 101.823157428
5430.0 102.19951926
5450.0 102.575879881
5470.0 102.952239276
5490.0 103.328597429
5510.0 103.704954322
5530.0 104.08130994
5550.0 104.457664265
5570.0 104.834017281
5590.0 105.210368972
5610.0 105.586719319
5630.0 105.963068306
5650.0 106.339415915
5670.0 106.715762128
5690.0 107.092106928
5710.0 107.468450297
5730.0 107.844792216
5750.0 108.221132668
5770.0 108.597471633
5790.0 108.973809094
5810.0 109.350145031
5830.0 109.726479425
5850.0 110.102812258
5870.0 110.479143509
5890.0 110.85547316
5910.0 111.231801191
5930.0 111.608127582
5950.0 111.984452312
5970.0 112.360775362
5990.0 112.737096712
6010.0 113.11341634
6030.0 113.489734225
6050.0 113.866050347
6070.0 114.242364685
6090.0 114.618677217
6110.0 114.994987922
6130.0 115.371296778
6150.0 115.747603763
6170.0 116.123908854
6190.0 116.50021203
6210.0 116.876513268
6230.0 117.252812545
6250.0 117.629109838
6270.0 118.005405124
6290.0 118.381698379
6310.0 118.757989581
6330.0 119.134278705
6350.0 119.510565727
6370.0 119.886850623
6390.0 120.263133368
6410.0 120.639413939
6430.0 121.015692309
6450.0 121.391968455
6470.0 121.76824235
6490.0 122.144513969
6510.0 122.520783287
6530.0 122.897050276
6550.0 123.273314912
6570.0 123.649577168
6590.0 124.025837017
6610.0 124.402094431
6630.0 124.778349385
6650.0 125.15460185
6670.0 125.5308518
6690.0 125.907099205
6710.0 126.283344039
6730.0 126.659586272
6750.0 127.035825877
6770.0 127.412062824
6790.0 127.788297084
6810.0 128.164528628
6830.0 128.540757427
6850.0 128.916983451
6870.0 129.293206669
6890.0 129.669427051
6910.0 130.045644567
6930.0 130.421859186
6950.0 130.798070877
6970.0 131.174279609
6990.0 131.550485349
7010.0 131.926688067
7030.0 132.302887729
7050.0 132.679084304
7070.0 133.055277759
7090.0 133.431468061
7110.0 133.807655177
7130.0 134.183839073
7150.0 134.560019716
7170.0 134.936197071
7190.0 135.312371105
7210.0 135.688541782
7230.0 136.064709069
7250.0 136.440872929
7270.0 136.817033328
7290.0 137.193190229
7310.0 137.569343597
7330.0 137.945493396
7350.0 138.321639588
7370.0 138.697782138
7390.0 139.073921008
7410.0 139.45005616
7430.0 139.826187557
7450.0 140.202315161
7470.0 140.578438933
7490.0 140.954558836
7510.0 141.330674829
7530.0 141.706786874
7550.0 142.082894932
7570.0 142.458998962
7590.0 142.835098925
7610.0 143.211194779
7630.0 143.587286485
7650.0 143.963374001
7670.0 144.339457285
7690.0 144.715536297
7710.0 145.091610994
7730.0 145.467681334
7750.0 145.843747275
7770.0 146.219808772
7790.0 146.595865784
7810.0 146.971918266
7830.0 147.347966175
7850.0 147.724009466
7870.0 148.100048096
7890.0 148.476082018
7910.0 148.852111188
7930.0 149.22813556
7950.0 149.604155089
7970.0 149.980169727
7990.0 150.35617943
8010.0 150.732184149
8030.0 151.108183838
8050.0 151.484178449
8070.0 151.860167935
8090.0 152.236152246
8110.0 152.612131335
8130.0 152.988105152
8150.0 153.364073649
8170.0 153.740036775
8190.0 154.115994482
8210.0 154.491946718
8230.0 154.867893433
8250.0 155.243834575
8270.0 155.619770095
8290.0 155.995699939
8310.0 156.371624056
8330.0 156.747542394
8350.0 157.1234549
8370.0 157.49936152
8390.0 157.875262202
8410.0 158.251156891
8430.0 158.627045534
8450.0 159.002928075
8470.0 159.37880446
8490.0 159.754674634
8510.0 160.130538541
8530.0 160.506396124
8550.0 160.882247329
8570.0 161.258092097
8590.0 161.633930372
8610.0 162.009762097
8630.0 162.385587213
8650.0 162.761405663
8670.0 163.137217387
8690.0 163.513022328
8710.0 163.888820425
8730.0 164.264611619
8750.0 164.640395849
8770.0 165.016173057
8790.0 165.391943179
8810.0 165.767706157
8830.0 166.143461927
8850.0 166.519210428
8870.0 166.894951598
8890.0 167.270685373
8910.0 167.646411691
8930.0 168.022130489
8950.0 168.397841702
8970.0 168.773545267
8990.0 169.149241118
9010.0 169.524929191
9030.0 169.90060942
9050.0 170.276281739
9070.0 170.651946083
9090.0 171.027602385
9110.0 171.403250577
9130.0 171.778890593
9150.0 172.154522365
9170.0 172.530145825
9190.0 172.905760904
9210.0 173.281367533
9230.0 173.656965644
9250.0 174.032555166
9270.0 174.40813603
9290.0 174.783708164
9310.0 175.159271499
9330.0 175.534825963
9350.0 175.910371484
9370.0 176.28590799
9390.0 176.66143541
9410.0 177.036953669
9430.0 177.412462696
9450.0 177.787962417
9470.0 178.163452756
9490.0 178.538933641
9510.0 178.914404997
9530.0 179.289866748
9550.0 179.665318818
9570.0 180.040761133
9590.0 180.416193615
9610.0 180.791616188
9630.0 181.167028774
9650.0 181.542431297
9670.0 181.917823678
9690.0 182.29320584
9710.0 182.668577703
9730.0 183.043939188
9750.0 183.419290216
9770.0 183.794630708
9790.0 184.169960582
9810.0 184.545279759
9830.0 184.920588157
9850.0 185.295885694
9870.0 185.67117229
9890.0 186.046447862
9910.0 186.421712327
9930.0 186.796965603
9950.0 187.172207606
9970.0 187.547438252
9990.0 187.922657457
10010.0 188.297865137
10030.0 188.673061207
10050.0 189.048245582
10070.0 189.423418175
10090.0 189.798578902
10110.0 190.173727675
10130.0 190.548864408
10150.0 190.923989013
10170.0 191.299101403
10190.0 191.674201491
10210.0 192.049289187
10230.0 192.424364404
10250.0 192.799427052
10270.0 193.174477041
10290.0 193.549514282
10310.0 193.924538685
10330.0 194.299550159
10350.0 194.674548614
10370.0 195.049533957
10390.0 195.424506098
10410.0 195.799464944
10430.0 196.174410403
10450.0 196.549342382
10470.0 196.924260788
10490.0 197.299165528
10510.0 197.674056507
10530.0 198.048933633
10550.0 198.423796809
10570.0 198.798645942
10590.0 199.173480936
10610.0 199.548301695
10630.0 199.923108123
10650.0 200.297900125
10670.0 200.672677603
10690.0 201.047440461
10710.0 201.422188601
10730.0 201.796921926
10750.0 202.171640337
10770.0 202.546343737
10790.0 202.921032026
10810.0 203.295705106
10830.0 203.670362877
10850.0 204.045005239
10870.0 204.419632093
10890.0 204.794243339
10910.0 205.168838875
10930.0 205.543418601
10950.0 205.917982415
10970.0 206.292530217
10990.0 206.667061903
11010.0 207.041577372
11030.0 207.416076521
11050.0 207.790559248
11070.0 208.165025448
11090.0 208.53947502
11110.0 208.913907859
11130.0 209.288323861
11150.0 209.662722922
11170.0 210.037104937
11190.0 210.411469801
11210.0 210.78581741
11230.0 211.160147657
11250.0 211.534460437
11270.0 211.908755644
11290.0 212.283033171
11310.0 212.657292913
11330.0 213.031534762
11350.0 213.405758611
11370.0 213.779964352
11390.0 214.154151879
11410.0 214.528321084
11430.0 214.902471857
11450.0 215.276604091
11470.0 215.650717678
11490.0 216.024812508
11510.0 216.398888472
11530.0 216.772945461
11550.0 217.146983366
11570.0 217.521002076
11590.0 217.895001482
11610.0 218.268981473
11630.0 218.642941939
11650.0 219.016882769
11670.0 219.390803852
11690.0 219.764705078
11710.0 220.138586334
11730.0 220.512447511
11750.0 220.886288495
11770.0 221.260109174
11790.0 221.633909438
11810.0 222.007689173
11830.0 222.381448268
11850.0 222.755186609
11870.0 223.128904083
11890.0 223.502600579
11910.0 223.876275982
11930.0 224.24993018
11950.0 224.623563059
11970.0 224.997174505
11990.0 225.370764405
12010.0 225.744332644
12030.0 226.11787911
12050.0 226.491403687
12070.0 226.864906262
12090.0 227.238386719
12110.0 227.611844945
12130.0 227.985280825
12150.0 228.358694245
12170.0 228.732085088
12190.0 229.105453241
12210.0 229.478798588
12230.0 229.852121014
12250.0 230.225420404
12270.0 230.598696642
12290.0 230.971949614
12310.0 231.345179204
12330.0 231.718385295
12350.0 232.091567773
12370.0 232.464726522
12390.0 232.837861427
12410.0 233.21097237
12430.0 233.584059237
12450.0 233.957121912
12470.0 234.330160279
12490.0 234.703174222
12510.0 235.076163625
12530.0 235.449128372
12550.0 235.822068347
12570.0 236.194983434
12590.0 236.567873517
12610.0 236.940738481
12630.0 237.313578208
12650.0 237.686392584
12670.0 238.059181493
12690.0 238.431944817
12710.0 238.804682442
12730.0 239.177394252
12750.0 239.550080131
12770.0 239.922739963
12790.0 240.295373632
12810.0 240.667981023
12830.0 241.04056202
12850.0 241.413116508