650.0 12.2375894502
670.0 12.6138563169
690.0 12.9901277511
710.0 13.366403453
730.0 13.7426831514
750.0 14.1189665999
770.0 14.4952535743
790.0 14.8715438699
810.0 15.2478372994
830.0 15.6241336909
850.0 16.0004328866
870.0 16.3767347409
890.0 16.7530391192
910.0 17.1293458973
930.0 17.5056549598
950.0 17.8819661998
970.0 18.2582795174
990.0 18.63459482
1010.0 19.0109120208
1030.0 19.3872310388
1050.0 19.763551798
1070.0 20.1398742272
1090.0 20.5161982597
1110.0 20.8925238326
1130.0 21.2688508865
1150.0 21.6451793658
1170.0 22.0215092175
1190.0 22.397840392
1210.0 22.7741728419
1230.0 23.1505065226
1250.0 23.5268413917
1270.0 23.9031774088
1290.0 24.2795145357
1310.0 24.6558527359
1330.0 25.0321919747
1350.0 25.4085322188
1370.0 25.7848734368
1390.0 26.1612155983
1410.0 26.5375586744
1430.0 26.9139026374
1450.0 27.2902474609
1470.0 27.6665931193
1490.0 28.0429395883
1510.0 28.4192868443
1530.0 28.7956348648
1550.0 29.171983628
1570.0 29.5483331131
1590.0 29.9246832998
1610.0 30.3010341688
1630.0 30.6773857011
1650.0 31.0537378787
1670.0 31.4300906839
1690.0 31.8064440999
1710.0 32.1827981101
1730.0 32.5591526985
1750.0 32.9355078499
1770.0 33.311863549
1790.0 33.6882197813
1810.0 34.0645765327
1830.0 34.4409337894
1850.0 34.817291538
1870.0 35.1936497654
1890.0 35.570008459
1910.0 35.9463676062
1930.0 36.322727195
1950.0 36.6990872135
1970.0 37.0754476503
1990.0 37.451808494
2010.0 37.8281697337
2030.0 38.2045313584
2050.0 38.5808933577
2070.0 38.9572557211
2090.0 39.3336184385
2110.0 39.7099814999
2130.0 40.0863448956
2150.0 40.4627086159
2170.0 40.8390726514
2190.0 41.2154369928
2210.0 41.5918016309
2230.0 41.9681665569
2250.0 42.3445317618
2270.0 42.7208972369
2290.0 43.0972629737
2310.0 43.4736289636
2330.0 43.8499951983
2350.0 44.2263616696
2370.0 44.6027283693
2390.0 44.9790952893
2410.0 45.3554624217
2430.0 45.7318297586
2450.0 46.1081972922
2470.0 46.4845650148
2490.0 46.8609329188
2510.0 47.2373009966
2530.0 47.6136692407
2550.0 47.9900376436
2570.0 48.3664061981
2590.0 48.7427748967
2610.0 49.1191437322
2630.0 49.4955126975
2650.0 49.8718817852
2670.0 50.2482509883
2690.0 50.6246202997
2710.0 51.0009897123
2730.0 51.3773592192
2750.0 51.7537288133
2770.0 52.1300984877
2790.0 52.5064682355
2810.0 52.8828380498
2830.0 53.2592079236
2850.0 53.6355778502
2870.0 54.0119478227
2890.0 54.3883178342
2910.0 54.7646878781
2930.0 55.1410579473
2950.0 55.5174280353
2970.0 55.8937981351
2990.0 56.27016824
3010.0 56.6465383433
3030.0 57.0229084382
3050.0 57.3992785179
3070.0 57.7756485756
3090.0 58.1520186046
3110.0 58.5283885981
3130.0 58.9047585492
3150.0 59.2811284513
3170.0 59.6574982975
3190.0 60.033868081
3210.0 60.410237795
3230.0 60.7866074326
3250.0 61.1629769869
3270.0 61.5393464512
3290.0 61.9157158185
3310.0 62.2920850818
3330.0 62.6684542344
3350.0 63.0448232691
3370.0 63.4211921791
3390.0 63.7975609573
3410.0 64.1739295967
3430.0 64.5502980902
3450.0 64.9266664307
3470.0 65.3030346112
3490.0 65.6794026244
3510.0 66.0557704633
3530.0 66.4321381205
3550.0 66.8085055887
3570.0 67.1848728608
3590.0 67.5612399294
3610.0 67.9376067871
3630.0 68.3139734265
3650.0 68.6903398402
3670.0 69.0667060205
3690.0 69.4430719602
3710.0 69.8194376514
3730.0 70.1958030866
3750.0 70.5721682581
3770.0 70.9485331583
3790.0 71.3248977792
3810.0 71.7012621131
3830.0 72.0776261521
3850.0 72.4539898883
3870.0 72.8303533136
3890.0 73.2067164201
3910.0 73.5830791996
3930.0 73.959441644
3950.0 74.335803745
3970.0 74.7121654945
3990.0 75.0885268839
4010.0 75.464887905
4030.0 75.8412485492
4050.0 76.2176088081
4070.0 76.5939686731
4090.0 76.9703281354
4110.0 77.3466871864
4130.0 77.7230458172
4150.0 78.099404019
4170.0 78.4757617829
4190.0 78.8521190998
4210.0 79.2284759607
4230.0 79.6048323564
4250.0 79.9811882776
4270.0 80.357543715
4290.0 80.7338986594
4310.0 81.1102531011
4330.0 81.4866070306
4350.0 81.8629604384
4370.0 82.2393133147
4390.0 82.6156656496
4410.0 82.9920174334
4430.0 83.3683686561
4450.0 83.7447193075
4470.0 84.1210693777
4490.0 84.4974188562
4510.0 84.8737677329
4530.0 85.2501159973
4550.0 85.6264636388
4570.0 86.002810647
4590.0 86.3791570111
4610.0 86.7555027203
4630.0 87.1318477638
4650.0 87.5081921305
4670.0 87.8845358094
4690.0 88.2608787893
4710.0 88.6372210589
4730.0 89.0135626068
4750.0 89.3899034216
4770.0 89.7662434915
4790.0 90.1425828051
4810.0 90.5189213503
4830.0 90.8952591153
4850.0 91.2715960881
4870.0 91.6479322565
4890.0 92.0242676083
4910.0 92.400602131
4930.0 92.7769358123
4950.0 93.1532686396
4970.0 93.5296006
4990.0 93.9059316808
5010.0 94.282261869
5030.0 94.6585911516
5050.0 95.0349195153
5070.0 95.4112469469
5090.0 95.7875734328
5110.0 96.1638989596
5130.0 96.5402235134
5150.0 96.9165470805
5170.0 97.292869647
5190.0 97.6691911987
5210.0 98.0455117214
5230.0 98.4218312008
5250.0 98.7981496224
5270.0 99.1744669715
5290.0 99.5507832335
5310.0 99.9270983933
5330.0 100.303412436
5350.0 100.679725346
5370.0 101.056037109
5390.0 101.432347708
5410.0 101.808657129
5430.0 102.184965356
5450.0 102.561272372
5470.0 102.937578161
5490.0 103.313882708
5510.0 103.690185995
5530.0 104.066488008
5550.0 104.442788728
5570.0 104.819088138
5590.0 105.195386223
5610.0 105.571682965
5630.0 105.947978346
5650.0 106.32427235
5670.0 106.700564957
5690.0 107.076856152
5710.0 107.453145915
5730.0 107.829434229
5750.0 108.205721075
5770.0 108.582006435
5790.0 108.95829029
5810.0 109.334572621
5830.0 109.71085341
5850.0 110.087132637
5870.0 110.463410283
5890.0 110.839686329
5910.0 111.215960754
5930.0 111.592233539
5950.0 111.968504664
5970.0 112.344774109
5990.0 112.721041852
6010.0 113.097307875
6030.0 113.473572155
6050.0 113.849834671
6070.0 114.226095404
6090.0 114.60235433
6110.0 114.97861143
6130.0 115.35486668
6150.0 115.731120059
6170.0 116.107371545
6190.0 116.483621115
6210.0 116.859868747
6230.0 117.236114419
6250.0 117.612358106
6270.0 117.988599787
6290.0 118.364839437
6310.0 118.741077033
6330.0 119.117312551
6350.0 119.493545968
6370.0 119.869777258
6390.0 120.246006398
6410.0 120.622233363
6430.0 120.998458128
6450.0 121.374680668
6470.0 121.750900958
6490.0 122.127118971
6510.0 122.503334683
6530.0 122.879548067
6550.0 123.255759098
6570.0 123.631967748
6590.0 124.008173991
6610.0 124.3843778
6630.0 124.760579148
6650.0 125.136778008
6670.0 125.512974352
6690.0 125.889168152
6710.0 126.26535938
6730.0 126.641548008
6750.0 127.017734007
6770.0 127.393917348
6790.0 127.770098003
6810.0 128.146275942
6830.0 128.522451135
6850.0 128.898623553
6870.0 129.274793166
6890.0 129.650959942
6910.0 130.027123853
6930.0 130.403284866
6950.0 130.779442952
6970.0 131.155598078
6990.0 131.531750213
7010.0 131.907899325
7030.0 132.284045381
7050.0 132.660188351
7070.0 133.0363282
7090.0 133.412464897
7110.0 133.788598407
7130.0 134.164728698
7150.0 134.540855735
7170.0 134.916979485
7190.0 135.293099913
7210.0 135.669216985
7230.0 136.045330666
7250.0 136.421440921
7270.0 136.797547714
7290.0 137.173651009
7310.0 137.549750772
7330.0 137.925846965
7350.0 138.301939552
7370.0 138.678028496
7390.0 139.05411376
7410.0 139.430195307
7430.0 139.806273099
7450.0 140.182347097
7470.0 140.558417264
7490.0 140.934483561
7510.0 141.310545949
7530.0 141.686604388
7550.0 142.06265884
7570.0 142.438709265
7590.0 142.814755622
7610.0 143.190797871
7630.0 143.566835971
7650.0 143.942869881
7670.0 144.318899561
7690.0 144.694924967
7710.0 145.070946059
7730.0 145.446962793
7750.0 145.822975128
7770.0 146.19898302
7790.0 146.574986426
7810.0 146.950985303
7830.0 147.326979606
7850.0 147.702969292
7870.0 148.078954315
7890.0 148.454934632
7910.0 148.830910196
7930.0 149.206880963
7950.0 149.582846886
7970.0 149.958807919
7990.0 150.334764016
8010.0 150.71071513
8030.0 151.086661214
8050.0 151.462602219
8070.0 151.838538099
8090.0 152.214468805
8110.0 152.590394288
8130.0 152.9663145
8150.0 153.342229391
8170.0 153.718138912
8190.0 154.094043013
8210.0 154.469941643
8230.0 154.845834753
8250.0 155.22172229
8270.0 155.597604204
8290.0 155.973480443
8310.0 156.349350954
8330.0 156.725215687
8350.0 157.101074587
8370.0 157.476927602
8390.0 157.852774678
8410.0 158.228615762
8430.0 158.604450799
8450.0 158.980279734
8470.0 159.356102514
8490.0 159.731919082
8510.0 160.107729383
8530.0 160.483533361
8550.0 160.85933096
8570.0 161.235122123
8590.0 161.610906793
8610.0 161.986684912
8630.0 162.362456422
8650.0 162.738221267
8670.0 163.113979385
8690.0 163.48973072
8710.0 163.865475212
8730.0 164.2412128
8750.0 164.616943425
8770.0 164.992667027
8790.0 165.368383544
8810.0 165.744092916
8830.0 166.119795081
8850.0 166.495489976
8870.0 166.87117754
8890.0 167.24685771
8910.0 167.622530423
8930.0 167.998195615
8950.0 168.373853223
8970.0 168.749503182
8990.0 169.125145427
9010.0 169.500779895
9030.0 169.876406518
9050.0 170.252025232
9070.0 170.627635971
9090.0 171.003238667
9110.0 171.378833254
9130.0 171.754419664
9150.0 172.129997831
9170.0 172.505567685
9190.0 172.881129158
9210.0 173.256682182
9230.0 173.632226687
9250.0 174.007762604
9270.0 174.383289862
9290.0 174.758808391
9310.0 175.13431812
9330.0 175.509818978
9350.0 175.885310893
9370.0 176.260793794
9390.0 176.636267608
9410.0 177.011732263
9430.0 177.387187684
9450.0 177.762633799
9470.0 178.138070533
9490.0 178.513497812
9510.0 178.888915562
9530.0 179.264323708
9550.0 179.639722173
9570.0 180.015110882
9590.0 180.390489758
9610.0 180.765858725
9630.0 181.141217707
9650.0 181.516566624
9670.0 181.8919054
9690.0 182.267233956
9710.0 182.642552213
9730.0 183.017860093
9750.0 183.393157515
9770.0 183.768444401
9790.0 184.14372067
9810.0 184.518986241
9830.0 184.894241034
9850.0 185.269484966
9870.0 185.644717956
9890.0 186.019939922
9910.0 186.395150782
9930.0 186.770350452
9950.0 187.145538849
9970.0 187.52071589
9990.0 187.895881489
10010.0 188.271035564
10030.0 188.646178028
10050.0 189.021308797
10070.0 189.396427785
10090.0 189.771534906
10110.0 190.146630074
10130.0 190.521713201
10150.0 190.896784201
10170.0 191.271842986
10190.0 191.646889468
10210.0 192.021923559
10230.0 192.39694517
10250.0 192.771954212
10270.0 193.146950596
10290.0 193.521934232
10310.0 193.896905029
10330.0 194.271862898
10350.0 194.646807747
10370.0 195.021739484
10390.0 195.396658019
10410.0 195.77156326
10430.0 196.146455113
10450.0 196.521333487
10470.0 196.896198288
10490.0 197.271049422
10510.0 197.645886796
10530.0 198.020710316
10550.0 198.395519887
10570.0 198.770315414
10590.0 199.145096802
10610.0 199.519863956
10630.0 199.894616779
10650.0 200.269355175
10670.0 200.644079047
10690.0 201.0187883
10710.0 201.393482834
10730.0 201.768162553
10750.0 202.142827359
10770.0 202.517477153
10790.0 202.892111837
10810.0 203.266731311
10830.0 203.641335476
10850.0 204.015924234
10870.0 204.390497482
10890.0 204.765055122
10910.0 205.139597053
10930.0 205.514123173
10950.0 205.888633382
10970.0 206.263127578
10990.0 206.637605658
11010.0 207.012067522
11030.0 207.386513065
11050.0 207.760942186
11070.0 208.135354782
11090.0 208.509750748
11110.0 208.884129981
11130.0 209.258492378
11150.0 209.632837833
11170.0 210.007166243
11190.0 210.381477501
11210.0 210.755771504
11230.0 211.130048146
11250.0 211.50430732
11270.0 211.878548922
11290.0 212.252772844
11310.0 212.62697898
11330.0 213.001167223
11350.0 213.375337466
11370.0 213.749489603
11390.0 214.123623524
11410.0 214.497739123
11430.0 214.871836291
11450.0 215.24591492
11470.0 215.619974901
11490.0 215.994016125
11510.0 216.368038484
11530.0 216.742041867
11550.0 217.116026166
11570.0 217.489991271
11590.0 217.863937071
11610.0 218.237863456
11630.0 218.611770317
11650.0 218.985657541
11670.0 219.359525019
11690.0 219.733372639
11710.0 220.107200291
11730.0 220.481007861
11750.0 220.85479524
11770.0 221.228562314
11790.0 221.602308972
11810.0 221.976035102
11830.0 222.349740591
11850.0 222.723425326
11870.0 223.097089195
11890.0 223.470732085
11910.0 223.844353883
11930.0 224.217954475
11950.0 224.591533748
11970.0 224.965091589
11990.0 225.338627883
12010.0 225.712142517
12030.0 226.085635377
12050.0 226.459106349
12070.0 226.832555318
12090.0 227.20598217
12110.0 227.579386791
12130.0 227.952769065
12150.0 228.326128879
12170.0 228.699466117
12190.0 229.072780664
12210.0 229.446072405
12230.0 229.819341226
12250.0 230.19258701
12270.0 230.565809643
12290.0 230.93900901
12310.0 231.312184993
12330.0 231.685337479
12350.0 232.058466352
12370.0 232.431571496
12390.0 232.804652794
12410.0 233.177710132
12430.0 233.550743394
12450.0 233.923752464
12470.0 234.296737225
12490.0 234.669697562
12510.0 235.042633359
12530.0 235.415544501
12550.0 235.78843087
12570.0 236.161292352
12590.0 236.53412883
12610.0 236.906940188
12630.0 237.27972631
12650.0 237.65248708
12670.0 238.025222383
12690.0 238.397932102
12710.0 238.770616121
12730.0 239.143274326
12750.0 239.515906599
12770.0 239.888512825
12790.0 240.261092889
12810.0 240.633646674
12830.0 241.006174066
12850.0 241.378674948