650.0 12.2285109332
670.0 12.6044984609
690.0 12.9804905561
710.0 13.356486919
730.0 13.7324872784
750.0 14.1084913879
770.0 14.4844990233
790.0 14.8605099799
810.0 15.2365240704
830.0 15.612541123
850.0 15.9885609797
870.0 16.3645834949
890.0 16.7406085343
910.0 17.1166359734
930.0 17.492665697
950.0 17.8686975979
970.0 18.2447315766
990.0 18.6207675402
1010.0 18.996805402
1030.0 19.3728450809
1050.0 19.7488865012
1070.0 20.1249295915
1090.0 20.500974285
1110.0 20.8770205188
1130.0 21.2530682338
1150.0 21.629117374
1170.0 22.0051678868
1190.0 22.3812197222
1210.0 22.7572728332
1230.0 23.1333271749
1250.0 23.509382705
1270.0 23.8854393832
1290.0 24.2614971711
1310.0 24.6375560323
1330.0 25.0136159321
1350.0 25.3896768373
1370.0 25.7657387162
1390.0 26.1418015387
1410.0 26.5178652758
1430.0 26.8939298999
1450.0 27.2699953844
1470.0 27.6460617038
1490.0 28.0221288338
1510.0 28.3981967508
1530.0 28.7742654323
1550.0 29.1503348566
1570.0 29.5264050027
1590.0 29.9024758504
1610.0 30.2785473803
1630.0 30.6546195737
1650.0 31.0306924123
1670.0 31.4067658785
1690.0 31.7828399555
1710.0 32.1589146267
1730.0 32.5349898762
1750.0 32.9110656885
1770.0 33.2871420486
1790.0 33.663218942
1810.0 34.0392963544
1830.0 34.4153742722
1850.0 34.7914526818
1870.0 35.1675315702
1890.0 35.5436109247
1910.0 35.9196907329
1930.0 36.2957709827
1950.0 36.6718516623
1970.0 37.0479327601
1990.0 37.4240142649
2010.0 37.8000961655
2030.0 38.1761784513
2050.0 38.5522611115
2070.0 38.928344136
2090.0 39.3044275144
2110.0 39.6805112368
2130.0 40.0565952935
2150.0 40.4326796748
2170.0 40.8087643713
2190.0 41.1848493737
2210.0 41.5609346729
2230.0 41.9370202599
2250.0 42.3131061258
2270.0 42.6891922619
2290.0 43.0652786597
2310.0 43.4413653107
2330.0 43.8174522064
2350.0 44.1935393387
2370.0 44.5696266994
2390.0 44.9457142804
2410.0 45.3218020738
2430.0 45.6978900717
2450.0 46.0739782663
2470.0 46.45006665
2490.0 46.826155215
2510.0 47.2022439538
2530.0 47.5783328589
2550.0 47.9544219229
2570.0 48.3305111383
2590.0 48.706600498
2610.0 49.0826899945
2630.0 49.4587796207
2650.0 49.8348693694
2670.0 50.2109592336
2690.0 50.587049206
2710.0 50.9631392796
2730.0 51.3392294475
2750.0 51.7153197027
2770.0 52.0914100381
2790.0 52.4675004469
2810.0 52.8435909222
2830.0 53.219681457
2850.0 53.5957720446
2870.0 53.9718626781
2890.0 54.3479533507
2910.0 54.7240440555
2930.0 55.1001347858
2950.0 55.4762255347
2970.0 55.8523162956
2990.0 56.2284070615
3010.0 56.6044978259
3030.0 56.9805885817
3050.0 57.3566793224
3070.0 57.7327700412
3090.0 58.1088607312
3110.0 58.4849513856
3130.0 58.8610419978
3150.0 59.2371325609
3170.0 59.6132230681
3190.0 59.9893135126
3210.0 60.3654038876
3230.0 60.7414941862
3250.0 61.1175844016
3270.0 61.4936745269
3290.0 61.8697645552
3310.0 62.2458544795
3330.0 62.6219442931
3350.0 62.9980339888
3370.0 63.3741235598
3390.0 63.750212999
3410.0 64.1263022994
3430.0 64.502391454
3450.0 64.8784804555
3470.0 65.254569297
3490.0 65.6306579713
3510.0 66.0067464711
3530.0 66.3828347893
3550.0 66.7589229186
3570.0 67.1350108517
3590.0 67.5110985813
3610.0 67.8871861
3630.0 68.2632734004
3650.0 68.6393604751
3670.0 69.0154473165
3690.0 69.3915339171
3710.0 69.7676202694
3730.0 70.1437063656
3750.0 70.5197921981
3770.0 70.8958777593
3790.0 71.2719630412
3810.0 71.6480480361
3830.0 72.0241327362
3850.0 72.4002171334
3870.0 72.7763012197
3890.0 73.1523849872
3910.0 73.5284684277
3930.0 73.9045515331
3950.0 74.2806342952
3970.0 74.6567167056
3990.0 75.0327987561
4010.0 75.4088804382
4030.0 75.7849617434
4050.0 76.1610426633
4070.0 76.5371231893
4090.0 76.9132033126
4110.0 77.2892830246
4130.0 77.6653623165
4150.0 78.0414411793
4170.0 78.4175196042
4190.0 78.7935975821
4210.0 79.169675104
4230.0 79.5457521607
4250.0 79.9218287429
4270.0 80.2979048414
4290.0 80.6739804467
4310.0 81.0500555495
4330.0 81.42613014
4350.0 81.8022042088
4370.0 82.1782777461
4390.0 82.5543507421
4410.0 82.9304231869
4430.0 83.3064950705
4450.0 83.682566383
4470.0 84.0586371141
4490.0 84.4347072537
4510.0 84.8107767914
4530.0 85.1868457168
4550.0 85.5629140194
4570.0 85.9389816886
4590.0 86.3150487137
4610.0 86.6911150839
4630.0 87.0671807884
4650.0 87.4432458161
4670.0 87.819310156
4690.0 88.1953737969
4710.0 88.5714367276
4730.0 88.9474989365
4750.0 89.3235604122
4770.0 89.6996211432
4790.0 90.0756811177
4810.0 90.451740324
4830.0 90.82779875
4850.0 91.2038563838
4870.0 91.5799132132
4890.0 91.955969226
4910.0 92.3320244098
4930.0 92.7080787521
4950.0 93.0841322404
4970.0 93.4601848618
4990.0 93.8362366036
5010.0 94.2122874529
5030.0 94.5883373965
5050.0 94.9643864212
5070.0 95.3404345138
5090.0 95.7164816607
5110.0 96.0925278485
5130.0 96.4685730633
5150.0 96.8446172915
5170.0 97.220660519
5190.0 97.5967027317
5210.0 97.9727439154
5230.0 98.3487840558
5250.0 98.7248231384
5270.0 99.1008611486
5290.0 99.4768980715
5310.0 99.8529338923
5330.0 100.228968596
5350.0 100.605002167
5370.0 100.981034591
5390.0 101.357065852
5410.0 101.733095933
5430.0 102.109124821
5450.0 102.485152498
5470.0 102.861178948
5490.0 103.237204156
5510.0 103.613228105
5530.0 103.989250778
5550.0 104.365272159
5570.0 104.741292231
5590.0 105.117310977
5610.0 105.493328379
5630.0 105.869344422
5650.0 106.245359086
5670.0 106.621372355
5690.0 106.99738421
5710.0 107.373394634
5730.0 107.749403609
5750.0 108.125411116
5770.0 108.501417137
5790.0 108.877421653
5810.0 109.253424646
5830.0 109.629426095
5850.0 110.005425984
5870.0 110.381424291
5890.0 110.757420997
5910.0 111.133416084
5930.0 111.50940953
5950.0 111.885401316
5970.0 112.261391421
5990.0 112.637379826
6010.0 113.013366509
6030.0 113.38935145
6050.0 113.765334628
6070.0 114.141316021
6090.0 114.517295609
6110.0 114.893273369
6130.0 115.26924928
6150.0 115.645223321
6170.0 116.021195467
6190.0 116.397165699
6210.0 116.773133992
6230.0 117.149100324
6250.0 117.525064673
6270.0 117.901027014
6290.0 118.276987325
6310.0 118.652945583
6330.0 119.028901762
6350.0 119.404855839
6370.0 119.780807791
6390.0 120.156757592
6410.0 120.532705218
6430.0 120.908650644
6450.0 121.284593845
6470.0 121.660534795
6490.0 122.03647347
6510.0 122.412409843
6530.0 122.788343888
6550.0 123.16427558
6570.0 123.540204891
6590.0 123.916131795
6610.0 124.292056265
6630.0 124.667978274
6650.0 125.043897795
6670.0 125.4198148
6690.0 125.795729261
6710.0 126.17164115
6730.0 126.547550439
6750.0 126.923457099
6770.0 127.299361101
6790.0 127.675262417
6810.0 128.051161017
6830.0 128.427056871
6850.0 128.80294995
6870.0 129.178840224
6890.0 129.554727661
6910.0 129.930612233
6930.0 130.306493908
6950.0 130.682372654
6970.0 131.058248441
6990.0 131.434121237
7010.0 131.80999101
7030.0 132.185857728
7050.0 132.561721358
7070.0 132.937581869
7090.0 133.313439226
7110.0 133.689293397
7130.0 134.065144349
7150.0 134.440992047
7170.0 134.816836458
7190.0 135.192677547
7210.0 135.56851528
7230.0 135.944349622
7250.0 136.320180538
7270.0 136.696007992
7290.0 137.071831949
7310.0 137.447652372
7330.0 137.823469227
7350.0 138.199282475
7370.0 138.57509208
7390.0 138.950898005
7410.0 139.326700213
7430.0 139.702498665
7450.0 140.078293325
7470.0 140.454084152
7490.0 140.82987111
7510.0 141.205654159
7530.0 141.58143326
7550.0 141.957208373
7570.0 142.332979459
7590.0 142.708746477
7610.0 143.084509386
7630.0 143.460268148
7650.0 143.836022719
7670.0 144.211773059
7690.0 144.587519127
7710.0 144.963260879
7730.0 145.338998275
7750.0 145.71473127
7770.0 146.090459823
7790.0 146.466183891
7810.0 146.841903428
7830.0 147.217618393
7850.0 147.59332874
7870.0 147.969034424
7890.0 148.344735402
7910.0 148.720431627
7930.0 149.096123055
7950.0 149.471809639
7970.0 149.847491333
7990.0 150.223168091
8010.0 150.598839866
8030.0 150.974506611
8050.0 151.350168277
8070.0 151.725824818
8090.0 152.101476185
8110.0 152.477122329
8130.0 152.852763202
8150.0 153.228398754
8170.0 153.604028936
8190.0 153.979653698
8210.0 154.355272989
8230.0 154.73088676
8250.0 155.106494958
8270.0 155.482097533
8290.0 155.857694433
8310.0 156.233285605
8330.0 156.608870999
8350.0 156.98445056
8370.0 157.360024236
8390.0 157.735591973
8410.0 158.111153718
8430.0 158.486709416
8450.0 158.862259012
8470.0 159.237802453
8490.0 159.613339682
8510.0 159.988870644
8530.0 160.364395283
8550.0 160.739913543
8570.0 161.115425367
8590.0 161.490930698
8610.0 161.866429478
8630.0 162.24192165
8650.0 162.617407155
8670.0 162.992885935
8690.0 163.368357931
8710.0 163.743823083
8730.0 164.119281333
8750.0 164.494732619
8770.0 164.870176881
8790.0 165.24561406
8810.0 165.621044093
8830.0 165.996466918
8850.0 166.371882475
8870.0 166.7472907
8890.0 167.122691531
8910.0 167.498084905
8930.0 167.873470758
8950.0 168.248849026
8970.0 168.624219646
8990.0 168.999582553
9010.0 169.374937681
9030.0 169.750284966
9050.0 170.125624341
9070.0 170.50095574
9090.0 170.876279097
9110.0 171.251594345
9130.0 171.626901417
9150.0 172.002200244
9170.0 172.377490759
9190.0 172.752772894
9210.0 173.128046579
9230.0 173.503311745
9250.0 173.878568322
9270.0 174.253816241
9290.0 174.629055431
9310.0 175.004285821
9330.0 175.379507341
9350.0 175.754719917
9370.0 176.129923479
9390.0 176.505117954
9410.0 176.880303269
9430.0 177.255479352
9450.0 177.630646127
9470.0 178.005803523
9490.0 178.380951463
9510.0 178.756089874
9530.0 179.131218681
9550.0 179.506337807
9570.0 179.881447176
9590.0 180.256546714
9610.0 180.631636342
9630.0 181.006715984
9650.0 181.381785563
9670.0 181.756845
9690.0 182.131894217
9710.0 182.506933135
9730.0 182.881961676
9750.0 183.256979759
9770.0 183.631987306
9790.0 184.006984236
9810.0 184.381970468
9830.0 184.756945922
9850.0 185.131910515
9870.0 185.506864166
9890.0 185.881806794
9910.0 186.256738314
9930.0 186.631658645
9950.0 187.006567703
9970.0 187.381465405
9990.0 187.756351666
10010.0 188.131226401
10030.0 188.506089527
10050.0 188.880940957
10070.0 189.255780606
10090.0 189.630608388
10110.0 190.005424216
10130.0 190.380228005
10150.0 190.755019665
10170.0 191.129799111
10190.0 191.504566254
10210.0 191.879321006
10230.0 192.254063278
10250.0 192.628792982
10270.0 193.003510026
10290.0 193.378214323
10310.0 193.752905782
10330.0 194.127584311
10350.0 194.502249821
10370.0 194.87690222
10390.0 195.251541416
10410.0 195.626167317
10430.0 196.000779832
10450.0 196.375378866
10470.0 196.749964328
10490.0 197.124536123
10510.0 197.499094159
10530.0 197.873638339
10550.0 198.248168571
10570.0 198.622684759
10590.0 198.997186809
10610.0 199.371674623
10630.0 199.746148107
10650.0 200.120607164
10670.0 200.495051698
10690.0 200.869481611
10710.0 201.243896807
10730.0 201.618297187
10750.0 201.992682654
10770.0 202.367053109
10790.0 202.741408453
10810.0 203.115748589
10830.0 203.490073415
10850.0 203.864382833
10870.0 204.238676743
10890.0 204.612955044
10910.0 204.987217636
10930.0 205.361464417
10950.0 205.735695287
10970.0 206.109910144
10990.0 206.484108885
11010.0 206.85829141
11030.0 207.232457614
11050.0 207.606607396
11070.0 207.980740653
11090.0 208.35485728
11110.0 208.728957174
11130.0 209.103040232
11150.0 209.477106348
11170.0 209.851155418
11190.0 210.225187338
11210.0 210.599202002
11230.0 210.973199305
11250.0 211.34717914
11270.0 211.721141403
11290.0 212.095085986
11310.0 212.469012783
11330.0 212.842921687
11350.0 213.216812591
11370.0 213.590685389
11390.0 213.964539971
11410.0 214.338376231
11430.0 214.71219406
11450.0 215.08599335
11470.0 215.459773992
11490.0 215.833535877
11510.0 216.207278897
11530.0 216.581002941
11550.0 216.954707901
11570.0 217.328393667
11590.0 217.702060128
11610.0 218.075707175
11630.0 218.449334696
11650.0 218.822942582
11670.0 219.196530721
11690.0 219.570099002
11710.0 219.943647314
11730.0 220.317175546
11750.0 220.690683585
11770.0 221.06417132
11790.0 221.437638639
11810.0 221.81108543
11830.0 222.18451158
11850.0 222.557916976
11870.0 222.931301507
11890.0 223.304665058
11910.0 223.678007516
11930.0 224.051328769
11950.0 224.424628704
11970.0 224.797907205
11990.0 225.171164161
12010.0 225.544399456
12030.0 225.917612977
12050.0 226.290804609
12070.0 226.663974239
12090.0 227.037121753
12110.0 227.410247034
12130.0 227.78334997
12150.0 228.156430444
12170.0 228.529488343
12190.0 228.902523551
12210.0 229.275535954
12230.0 229.648525435
12250.0 230.021491881
12270.0 230.394435175
12290.0 230.767355202
12310.0 231.140251847
12330.0 231.513124994
12350.0 231.885974528
12370.0 232.258800332
12390.0 232.631602292
12410.0 233.004380291
12430.0 233.377134214
12450.0 233.749863944
12470.0 234.122569367
12490.0 234.495250365
12510.0 234.867906823
12530.0 235.240538626
12550.0 235.613145656
12570.0 235.985727799
12590.0 236.358284938
12610.0 236.730816956
12630.0 237.10332374
12650.0 237.475805171
12670.0 237.848261135
12690.0 238.220691515
12710.0 238.593096195
12730.0 238.965475061
12750.0 239.337827995
12770.0 239.710154882
12790.0 240.082455607
12810.0 240.454730053
12830.0 240.826978106
12850.0 241.199199649