650.0 12.2419361251
670.0 12.6183367356
690.0 12.9947419136
710.0 13.3711513594
730.0 13.7475648016
750.0 14.1239819939
770.0 14.5004027122
790.0 14.8768267516
810.0 15.2532539249
830.0 15.6296840603
850.0 16.0061169999
870.0 16.3825525979
890.0 16.7589907201
910.0 17.1354312421
930.0 17.5118740484
950.0 17.8883190322
970.0 18.2647660937
990.0 18.6412151401
1010.0 19.0176660848
1030.0 19.3941188466
1050.0 19.7705733496
1070.0 20.1470295227
1090.0 20.5234872991
1110.0 20.8999466158
1130.0 21.2764074135
1150.0 21.6528696366
1170.0 22.0293332322
1190.0 22.4057981505
1210.0 22.7822643443
1230.0 23.1587317688
1250.0 23.5352003818
1270.0 23.9116701427
1290.0 24.2881410135
1310.0 24.6646129575
1330.0 25.0410859401
1350.0 25.4175599281
1370.0 25.7940348899
1390.0 26.1705107952
1410.0 26.5469876152
1430.0 26.9234653221
1450.0 27.2999438894
1470.0 27.6764232916
1490.0 28.0529035044
1510.0 28.4293845043
1530.0 28.8058662686
1550.0 29.1823487757
1570.0 29.5588320046
1590.0 29.9353159352
1610.0 30.311800548
1630.0 30.6882858241
1650.0 31.0647717456
1670.0 31.4412582947
1690.0 31.8177454544
1710.0 32.1942332085
1730.0 32.5707215408
1750.0 32.9472104359
1770.0 33.3236998789
1790.0 33.7001898551
1810.0 34.0766803503
1830.0 34.4531713509
1850.0 34.8296628433
1870.0 35.2061548146
1890.0 35.5826472519
1910.0 35.959140143
1930.0 36.3356334756
1950.0 36.712127238
1970.0 37.0886214186
1990.0 37.4651160062
2010.0 37.8416109897
2030.0 38.2181063583
2050.0 38.5946021014
2070.0 38.9710982086
2090.0 39.3475946699
2110.0 39.7240914751
2130.0 40.1005886146
2150.0 40.4770860788
2170.0 40.8535838581
2190.0 41.2300819433
2210.0 41.6065803254
2230.0 41.9830789952
2250.0 42.3595779439
2270.0 42.7360771629
2290.0 43.1125766435
2310.0 43.4890763772
2330.0 43.8655763558
2350.0 44.2420765709
2370.0 44.6185770144
2390.0 44.9950776783
2410.0 45.3715785545
2430.0 45.7480796352
2450.0 46.1245809127
2470.0 46.5010823792
2490.0 46.877584027
2510.0 47.2540858486
2530.0 47.6305878366
2550.0 48.0070899834
2570.0 48.3835922817
2590.0 48.7600947241
2610.0 49.1365973035
2630.0 49.5131000125
2650.0 49.8896028441
2670.0 50.2661057911
2690.0 50.6426088463
2710.0 51.0191120028
2730.0 51.3956152535
2750.0 51.7721185915
2770.0 52.1486220097
2790.0 52.5251255013
2810.0 52.9016290594
2830.0 53.2781326771
2850.0 53.6546363476
2870.0 54.0311400639
2890.0 54.4076438193
2910.0 54.7841476069
2930.0 55.16065142
2950.0 55.5371552518
2970.0 55.9136590955
2990.0 56.2901629443
3010.0 56.6666667914
3030.0 57.0431706301
3050.0 57.4196744536
3070.0 57.7961782552
3090.0 58.172682028
3110.0 58.5491857653
3130.0 58.9256894604
3150.0 59.3021931063
3170.0 59.6786966963
3190.0 60.0552002236
3210.0 60.4317036814
3230.0 60.8082070629
3250.0 61.1847103611
3270.0 61.5612135692
3290.0 61.9377166803
3310.0 62.3142196875
3330.0 62.6907225839
3350.0 63.0672253625
3370.0 63.4437280163
3390.0 63.8202305383
3410.0 64.1967329215
3430.0 64.5732351589
3450.0 64.9497372433
3470.0 65.3262391676
3490.0 65.7027409247
3510.0 66.0792425074
3530.0 66.4557439084
3550.0 66.8322451205
3570.0 67.2087461365
3590.0 67.5852469489
3610.0 67.9617475504
3630.0 68.3382479337
3650.0 68.7147480911
3670.0 69.0912480154
3690.0 69.4677476988
3710.0 69.8442471339
3730.0 70.2207463129
3750.0 70.5972452283
3770.0 70.9737438723
3790.0 71.3502422371
3810.0 71.7267403148
3830.0 72.1032380977
3850.0 72.4797355777
3870.0 72.8562327469
3890.0 73.2327295972
3910.0 73.6092261205
3930.0 73.9857223088
3950.0 74.3622181536
3970.0 74.7387136469
3990.0 75.1152087802
4010.0 75.4917035451
4030.0 75.8681979332
4050.0 76.2446919359
4070.0 76.6211855447
4090.0 76.9976787509
4110.0 77.3741715457
4130.0 77.7506639204
4150.0 78.127155866
4170.0 78.5036473738
4190.0 78.8801384345
4210.0 79.2566290392
4230.0 79.6331191787
4250.0 80.0096088438
4270.0 80.3860980251
4290.0 80.7625867133
4310.0 81.1390748988
4330.0 81.5155625722
4350.0 81.8920497238
4370.0 82.2685363439
4390.0 82.6450224227
4410.0 83.0215079504
4430.0 83.3979929169
4450.0 83.7744773122
4470.0 84.1509611261
4490.0 84.5274443485
4510.0 84.903926969
4530.0 85.2804089772
4550.0 85.6568903627
4570.0 86.0333711147
4590.0 86.4098512226
4610.0 86.7863306757
4630.0 87.162809463
4650.0 87.5392875736
4670.0 87.9157649963
4690.0 88.29224172
4710.0 88.6687177335
4730.0 89.0451930252
4750.0 89.4216675838
4770.0 89.7981413976
4790.0 90.174614455
4810.0 90.551086744
4830.0 90.9275582529
4850.0 91.3040289695
4870.0 91.6804988817
4890.0 92.0569679774
4910.0 92.433436244
4930.0 92.8099036691
4950.0 93.1863702402
4970.0 93.5628359445
4990.0 93.9393007691
5010.0 94.3157647012
5030.0 94.6922277276
5050.0 95.0686898352
5070.0 95.4451510106
5090.0 95.8216112403
5110.0 96.1980705109
5130.0 96.5745288086
5150.0 96.9509861196
5170.0 97.3274424299
5190.0 97.7038977254
5210.0 98.080351992
5230.0 98.4568052153
5250.0 98.8332573807
5270.0 99.2097084736
5290.0 99.5861584794
5310.0 99.9626073831
5330.0 100.33905517
5350.0 100.715501824
5370.0 101.09194733
5390.0 101.468391674
5410.0 101.844834838
5430.0 102.221276808
5450.0 102.597717568
5470.0 102.974157101
5490.0 103.350595392
5510.0 103.727032424
5530.0 104.10346818
5550.0 104.479902643
5570.0 104.856335798
5590.0 105.232767627
5610.0 105.609198112
5630.0 105.985627238
5650.0 106.362054985
5670.0 106.738481336
5690.0 107.114906275
5710.0 107.491329782
5730.0 107.867751839
5750.0 108.244172429
5770.0 108.620591533
5790.0 108.997009132
5810.0 109.373425207
5830.0 109.74983974
5850.0 110.126252711
5870.0 110.502664101
5890.0 110.87907389
5910.0 111.255482059
5930.0 111.631888588
5950.0 112.008293457
5970.0 112.384696645
5990.0 112.761098133
6010.0 113.137497899
6030.0 113.513895923
6050.0 113.890292183
6070.0 114.26668666
6090.0 114.64307933
6110.0 115.019470173
6130.0 115.395859167
6150.0 115.77224629
6170.0 116.14863152
6190.0 116.525014834
6210.0 116.90139621
6230.0 117.277775625
6250.0 117.654153056
6270.0 118.030528481
6290.0 118.406901875
6310.0 118.783273215
6330.0 119.159642477
6350.0 119.536009637
6370.0 119.912374671
6390.0 120.288737555
6410.0 120.665098264
6430.0 121.041456773
6450.0 121.417813057
6470.0 121.79416709
6490.0 122.170518848
6510.0 122.546868303
6530.0 122.923215431
6550.0 123.299560206
6570.0 123.6759026
6590.0 124.052242587
6610.0 124.42858014
6630.0 124.804915232
6650.0 125.181247835
6670.0 125.557577923
6690.0 125.933905467
6710.0 126.310230439
6730.0 126.686552811
6750.0 127.062872553
6770.0 127.439189639
6790.0 127.815504037
6810.0 128.19181572
6830.0 128.568124657
6850.0 128.944430819
6870.0 129.320734175
6890.0 129.697034696
6910.0 130.07333235
6930.0 130.449627107
6950.0 130.825918937
6970.0 131.202207806
6990.0 131.578493685
7010.0 131.954776541
7030.0 132.331056342
7050.0 132.707333055
7070.0 133.083606648
7090.0 133.459877088
7110.0 133.836144343
7130.0 134.212408377
7150.0 134.588669158
7170.0 134.964926652
7190.0 135.341180824
7210.0 135.71743164
7230.0 136.093679064
7250.0 136.469923063
7270.0 136.8461636
7290.0 137.22240064
7310.0 137.598634146
7330.0 137.974864083
7350.0 138.351090414
7370.0 138.727313102
7390.0 139.10353211
7410.0 139.4797474
7430.0 139.855958936
7450.0 140.232166678
7470.0 140.608370589
7490.0 140.984570629
7510.0 141.360766761
7530.0 141.736958945
7550.0 142.11314714
7570.0 142.489331309
7590.0 142.86551141
7610.0 143.241687402
7630.0 143.617859246
7650.0 143.994026901
7670.0 144.370190324
7690.0 144.746349474
7710.0 145.122504309
7730.0 145.498654788
7750.0 145.874800866
7770.0 146.250942502
7790.0 146.627079652
7810.0 147.003212273
7830.0 147.37934032
7850.0 147.755463749
7870.0 148.131582517
7890.0 148.507696577
7910.0 148.883805886
7930.0 149.259910396
7950.0 149.636010063
7970.0 150.01210484
7990.0 150.388194681
8010.0 150.764279539
8030.0 151.140359366
8050.0 151.516434115
8070.0 151.892503739
8090.0 152.268568189
8110.0 152.644627416
8130.0 153.020681371
8150.0 153.396730006
8170.0 153.772773271
8190.0 154.148811116
8210.0 154.52484349
8230.0 154.900870343
8250.0 155.276891624
8270.0 155.652907282
8290.0 156.028917265
8310.0 156.40492152
8330.0 156.780919997
8350.0 157.156912641
8370.0 157.532899399
8390.0 157.908880219
8410.0 158.284855047
8430.0 158.660823827
8450.0 159.036786507
8470.0 159.41274303
8490.0 159.788693342
8510.0 160.164637387
8530.0 160.540575109
8550.0 160.916506452
8570.0 161.292431359
8590.0 161.668349772
8610.0 162.044261635
8630.0 162.42016689
8650.0 162.796065478
8670.0 163.171957341
8690.0 163.547842419
8710.0 163.923720655
8730.0 164.299591987
8750.0 164.675456356
8770.0 165.051313701
8790.0 165.427163963
8810.0 165.803007078
8830.0 166.178842987
8850.0 166.554671626
8870.0 166.930492934
8890.0 167.306306848
8910.0 167.682113304
8930.0 168.05791224
8950.0 168.433703592
8970.0 168.809487295
8990.0 169.185263284
9010.0 169.561031495
9030.0 169.936791862
9050.0 170.31254432
9070.0 170.688288802
9090.0 171.064025242
9110.0 171.439753573
9130.0 171.815473728
9150.0 172.191185638
9170.0 172.566889236
9190.0 172.942584453
9210.0 173.318271221
9230.0 173.69394947
9250.0 174.06961913
9270.0 174.445280132
9290.0 174.820932405
9310.0 175.196575878
9330.0 175.57221048
9350.0 175.947836139
9370.0 176.323452784
9390.0 176.699060342
9410.0 177.07465874
9430.0 177.450247905
9450.0 177.825827764
9470.0 178.201398242
9490.0 178.576959265
9510.0 178.952510759
9530.0 179.328052648
9550.0 179.703584857
9570.0 180.07910731
9590.0 180.45461993
9610.0 180.830122641
9630.0 181.205615366
9650.0 181.581098027
9670.0 181.956570547
9690.0 182.332032847
9710.0 182.707484848
9730.0 183.082926471
9750.0 183.458357638
9770.0 183.833778268
9790.0 184.20918828
9810.0 184.584587595
9830.0 184.959976131
9850.0 185.335353807
9870.0 185.710720542
9890.0 186.086076252
9910.0 186.461420855
9930.0 186.836754269
9950.0 187.21207641
9970.0 187.587387194
9990.0 187.962686538
10010.0 188.337974356
10030.0 188.713250565
10050.0 189.088515078
10070.0 189.463767809
10090.0 189.839008674
10110.0 190.214237586
10130.0 190.589454457
10150.0 190.9646592
10170.0 191.339851729
10190.0 191.715031955
10210.0 192.09019979
10230.0 192.465355145
10250.0 192.840497931
10270.0 193.215628058
10290.0 193.590745438
10310.0 193.965849979
10330.0 194.340941592
10350.0 194.716020184
10370.0 195.091085666
10390.0 195.466137945
10410.0 195.841176929
10430.0 196.216202526
10450.0 196.591214644
10470.0 196.966213188
10490.0 197.341198066
10510.0 197.716169184
10530.0 198.091126448
10550.0 198.466069763
10570.0 198.840999034
10590.0 199.215914166
10610.0 199.590815063
10630.0 199.96570163
10650.0 200.34057377
10670.0 200.715431387
10690.0 201.090274383
10710.0 201.465102661
10730.0 201.839916124
10750.0 202.214714674
10770.0 202.589498212
10790.0 202.964266639
10810.0 203.339019857
10830.0 203.713757766
10850.0 204.088480267
10870.0 204.46318726
10890.0 204.837878644
10910.0 205.212554318
10930.0 205.587214182
10950.0 205.961858135
10970.0 206.336486074
10990.0 206.711097899
11010.0 207.085693506
11030.0 207.460272794
11050.0 207.834835659
11070.0 208.209381998
11090.0 208.583911708
11110.0 208.958424685
11130.0 209.332920825
11150.0 209.707400024
11170.0 210.081862178
11190.0 210.45630718
11210.0 210.830734927
11230.0 211.205145312
11250.0 211.579538231
11270.0 211.953913576
11290.0 212.328271242
11310.0 212.702611122
11330.0 213.076933109
11350.0 213.451237096
11370.0 213.825522976
11390.0 214.199790641
11410.0 214.574039984
11430.0 214.948270896
11450.0 215.322483268
11470.0 215.696676993
11490.0 216.070851962
11510.0 216.445008064
11530.0 216.819145191
11550.0 217.193263234
11570.0 217.567362083
11590.0 217.941441627
11610.0 218.315501756
11630.0 218.68954236
11650.0 219.063563329
11670.0 219.43756455
11690.0 219.811545914
11710.0 220.185507309
11730.0 220.559448624
11750.0 220.933369746
11770.0 221.307270564
11790.0 221.681150966
11810.0 222.05501084
11830.0 222.428850072
11850.0 222.802668552
11870.0 223.176466165
11890.0 223.550242799
11910.0 223.92399834
11930.0 224.297732676
11950.0 224.671445693
11970.0 225.045137278
11990.0 225.418807316
12010.0 225.792455694
12030.0 226.166082298
12050.0 226.539687013
12070.0 226.913269726
12090.0 227.286830322
12110.0 227.660368686
12130.0 228.033884705
12150.0 228.407378262
12170.0 228.780849244
12190.0 229.154297535
12210.0 229.52772302
12230.0 229.901125585
12250.0 230.274505113
12270.0 230.64786149
12290.0 231.0211946
12310.0 231.394504328
12330.0 231.767790557
12350.0 232.141053174
12370.0 232.514292061
12390.0 232.887507104
12410.0 233.260698186
12430.0 233.633865191
12450.0 234.007008005
12470.0 234.38012651
12490.0 234.753220591
12510.0 235.126290132
12530.0 235.499335017
12550.0 235.87235513
12570.0 236.245350356
12590.0 236.618320577
12610.0 236.991265679
12630.0 237.364185545
12650.0 237.737080059
12670.0 238.109949106
12690.0 238.482792569
12710.0 238.855610332
12730.0 239.22840228
12750.0 239.601168297
12770.0 239.973908268
12790.0 240.346622075
12810.0 240.719309604
12830.0 241.09197074
12850.0 241.464605366