650.0 12.2403823242
670.0 12.6167351255
690.0 12.9930924943
710.0 13.3694541308
730.0 13.7458197638
750.0 14.1221891468
770.0 14.4985620558
790.0 14.874938286
810.0 15.25131765
830.0 15.6276999762
850.0 16.0040851065
870.0 16.3804728953
890.0 16.7568632082
910.0 17.1332559209
930.0 17.509650918
950.0 17.8860480926
970.0 18.2624473448
990.0 18.638848582
1010.0 19.0152517173
1030.0 19.3916566699
1050.0 19.7680633637
1070.0 20.1444717275
1090.0 20.5208816946
1110.0 20.897293202
1130.0 21.2737061906
1150.0 21.6501206044
1170.0 22.0265363907
1190.0 22.4029534998
1210.0 22.7793718843
1230.0 23.1557914996
1250.0 23.5322123033
1270.0 23.908634255
1290.0 24.2850573165
1310.0 24.6614814513
1330.0 25.0379066246
1350.0 25.4143328033
1370.0 25.7907599559
1390.0 26.1671880519
1410.0 26.5436170626
1430.0 26.9200469603
1450.0 27.2964777183
1470.0 27.6729093113
1490.0 28.0493417149
1510.0 28.4257749054
1530.0 28.8022088605
1550.0 29.1786435584
1570.0 29.555078978
1590.0 29.9315150993
1610.0 30.3079519029
1630.0 30.6843893698
1650.0 31.0608274819
1670.0 31.4372662218
1690.0 31.8137055723
1710.0 32.1901455171
1730.0 32.5665860401
1750.0 32.943027126
1770.0 33.3194687597
1790.0 33.6959109267
1810.0 34.0723536127
1830.0 34.448796804
1850.0 34.8252404871
1870.0 35.2016846491
1890.0 35.5781292772
1910.0 35.954574359
1930.0 36.3310198824
1950.0 36.7074658355
1970.0 37.0839122069
1990.0 37.4603589852
2010.0 37.8368061595
2030.0 38.2132537188
2050.0 38.5897016526
2070.0 38.9661499506
2090.0 39.3425986026
2110.0 39.7190475986
2130.0 40.0954969289
2150.0 40.4719465838
2170.0 40.8483965538
2190.0 41.2248468298
2210.0 41.6012974026
2230.0 41.9777482631
2250.0 42.3541994026
2270.0 42.7306508123
2290.0 43.1071024837
2310.0 43.4835544082
2330.0 43.8600065775
2350.0 44.2364589833
2370.0 44.6129116176
2390.0 44.9893644722
2410.0 45.3658175392
2430.0 45.7422708106
2450.0 46.1187242788
2470.0 46.495177936
2490.0 46.8716317746
2510.0 47.248085787
2530.0 47.6245399657
2550.0 48.0009943032
2570.0 48.3774487923
2590.0 48.7539034255
2610.0 49.1303581956
2630.0 49.5068130954
2650.0 49.8832681177
2670.0 50.2597232554
2690.0 50.6361785014
2710.0 51.0126338486
2730.0 51.38908929
2750.0 51.7655448188
2770.0 52.1420004278
2790.0 52.5184561101
2810.0 52.894911859
2830.0 53.2713676674
2850.0 53.6478235286
2870.0 54.0242794356
2890.0 54.4007353818
2910.0 54.7771913602
2930.0 55.153647364
2950.0 55.5301033865
2970.0 55.906559421
2990.0 56.2830154605
3010.0 56.6594714984
3030.0 57.0359275278
3050.0 57.4123835421
3070.0 57.7888395344
3090.0 58.165295498
3110.0 58.541751426
3130.0 58.9182073118
3150.0 59.2946631485
3170.0 59.6711189292
3190.0 60.0475746473
3210.0 60.4240302959
3230.0 60.800485868
3250.0 61.176941357
3270.0 61.5533967558
3290.0 61.9298520577
3310.0 62.3063072556
3330.0 62.6827623428
3350.0 63.0592173121
3370.0 63.4356721566
3390.0 63.8121268694
3410.0 64.1885814434
3430.0 64.5650358715
3450.0 64.9414901466
3470.0 65.3179442617
3490.0 65.6943982095
3510.0 66.0708519829
3530.0 66.4473055747
3550.0 66.8237589776
3570.0 67.2002121843
3590.0 67.5766651874
3610.0 67.9531179797
3630.0 68.3295705537
3650.0 68.7060229019
3670.0 69.0824750169
3690.0 69.4589268911
3710.0 69.8353785169
3730.0 70.2118298867
3750.0 70.5882809928
3770.0 70.9647318275
3790.0 71.341182383
3810.0 71.7176326515
3830.0 72.0940826251
3850.0 72.4705322959
3870.0 72.8469816558
3890.0 73.2234306969
3910.0 73.599879411
3930.0 73.9763277899
3950.0 74.3527758256
3970.0 74.7292235096
3990.0 75.1056708336
4010.0 75.4821177893
4030.0 75.8585643681
4050.0 76.2350105616
4070.0 76.6114563611
4090.0 76.987901758
4110.0 77.3643467436
4130.0 77.740791309
4150.0 78.1172354454
4170.0 78.4936791439
4190.0 78.8701223954
4210.0 79.2465651908
4230.0 79.6230075211
4250.0 79.9994493769
4270.0 80.3758907489
4290.0 80.7523316278
4310.0 81.1287720041
4330.0 81.5052118683
4350.0 81.8816512106
4370.0 82.2580900215
4390.0 82.634528291
4410.0 83.0109660094
4430.0 83.3874031666
4450.0 83.7638397527
4470.0 84.1402757574
4490.0 84.5167111705
4510.0 84.8931459818
4530.0 85.2695801807
4550.0 85.6460137569
4570.0 86.0224466997
4590.0 86.3988789984
4610.0 86.7753106422
4630.0 87.1517416202
4650.0 87.5281719215
4670.0 87.904601535
4690.0 88.2810304495
4710.0 88.6574586537
4730.0 89.0338861362
4750.0 89.4103128855
4770.0 89.7867388901
4790.0 90.1631641381
4810.0 90.5395886179
4830.0 90.9160123175
4850.0 91.2924352249
4870.0 91.6688573279
4890.0 92.0452786143
4910.0 92.4216990716
4930.0 92.7981186875
4950.0 93.1745374493
4970.0 93.5509553444
4990.0 93.9273723597
5010.0 94.3037884826
5030.0 94.6802036997
5050.0 95.056617998
5070.0 95.4330313642
5090.0 95.8094437847
5110.0 96.185855246
5130.0 96.5622657344
5150.0 96.9386752362
5170.0 97.3150837372
5190.0 97.6914912235
5210.0 98.0678976808
5230.0 98.4443030948
5250.0 98.820707451
5270.0 99.1971107347
5290.0 99.5735129312
5310.0 99.9499140256
5330.0 100.326314003
5350.0 100.702712848
5370.0 101.079110545
5390.0 101.455507079
5410.0 101.831902435
5430.0 102.208296595
5450.0 102.584689546
5470.0 102.96108127
5490.0 103.337471751
5510.0 103.713860974
5530.0 104.09024892
5550.0 104.466635575
5570.0 104.84302092
5590.0 105.21940494
5610.0 105.595787616
5630.0 105.972168932
5650.0 106.34854887
5670.0 106.724927412
5690.0 107.101304541
5710.0 107.477680239
5730.0 107.854054487
5750.0 108.230427268
5770.0 108.606798562
5790.0 108.983168352
5810.0 109.359536618
5830.0 109.735903342
5850.0 110.112268503
5870.0 110.488632084
5890.0 110.864994064
5910.0 111.241354424
5930.0 111.617713144
5950.0 111.994070203
5970.0 112.370425582
5990.0 112.746779261
6010.0 113.123131217
6030.0 113.499481432
6050.0 113.875829883
6070.0 114.25217655
6090.0 114.628521411
6110.0 115.004864445
6130.0 115.38120563
6150.0 115.757544944
6170.0 116.133882364
6190.0 116.510217869
6210.0 116.886551436
6230.0 117.262883042
6250.0 117.639212664
6270.0 118.015540279
6290.0 118.391865864
6310.0 118.768189394
6330.0 119.144510847
6350.0 119.520830198
6370.0 119.897147423
6390.0 120.273462498
6410.0 120.649775398
6430.0 121.026086097
6450.0 121.402394572
6470.0 121.778700796
6490.0 122.155004744
6510.0 122.531306391
6530.0 122.907605709
6550.0 123.283902674
6570.0 123.660197259
6590.0 124.036489437
6610.0 124.412779181
6630.0 124.789066463
6650.0 125.165351258
6670.0 125.541633536
6690.0 125.917913271
6710.0 126.294190433
6730.0 126.670464996
6750.0 127.046736929
6770.0 127.423006205
6790.0 127.799272795
6810.0 128.175536668
6830.0 128.551797796
6850.0 128.928056148
6870.0 129.304311695
6890.0 129.680564407
6910.0 130.056814252
6930.0 130.4330612
6950.0 130.80930522
6970.0 131.185546281
6990.0 131.56178435
7010.0 131.938019397
7030.0 132.314251388
7050.0 132.690480292
7070.0 133.066706076
7090.0 133.442928707
7110.0 133.819148152
7130.0 134.195364377
7150.0 134.571577349
7170.0 134.947787033
7190.0 135.323993396
7210.0 135.700196403
7230.0 136.076396018
7250.0 136.452592208
7270.0 136.828784935
7290.0 137.204974166
7310.0 137.581159863
7330.0 137.957341991
7350.0 138.333520512
7370.0 138.709695391
7390.0 139.08586659
7410.0 139.462034071
7430.0 139.838197797
7450.0 140.21435773
7470.0 140.590513831
7490.0 140.966666063
7510.0 141.342814385
7530.0 141.71895876
7550.0 142.095099146
7570.0 142.471235505
7590.0 142.847367797
7610.0 143.22349598
7630.0 143.599620015
7650.0 143.97573986
7670.0 144.351855474
7690.0 144.727966815
7710.0 145.104073841
7730.0 145.48017651
7750.0 145.856274779
7770.0 146.232368606
7790.0 146.608457947
7810.0 146.984542758
7830.0 147.360622996
7850.0 147.736698616
7870.0 148.112769575
7890.0 148.488835826
7910.0 148.864897325
7930.0 149.240954026
7950.0 149.617005884
7970.0 149.993052852
7990.0 150.369094883
8010.0 150.745131932
8030.0 151.12116395
8050.0 151.49719089
8070.0 151.873212704
8090.0 152.249229345
8110.0 152.625240762
8130.0 153.001246909
8150.0 153.377247735
8170.0 153.75324319
8190.0 154.129233226
8210.0 154.50521779
8230.0 154.881196834
8250.0 155.257170306
8270.0 155.633138155
8290.0 156.009100328
8310.0 156.385056774
8330.0 156.761007441
8350.0 157.136952276
8370.0 157.512891226
8390.0 157.888824236
8410.0 158.264751255
8430.0 158.640672226
8450.0 159.016587096
8470.0 159.39249581
8490.0 159.768398313
8510.0 160.144294549
8530.0 160.520184462
8550.0 160.896067995
8570.0 161.271945093
8590.0 161.647815697
8610.0 162.023679751
8630.0 162.399537196
8650.0 162.775387975
8670.0 163.151232028
8690.0 163.527069298
8710.0 163.902899724
8730.0 164.278723247
8750.0 164.654539806
8770.0 165.030349343
8790.0 165.406151794
8810.0 165.781947101
8830.0 166.1577352
8850.0 166.53351603
8870.0 166.909289529
8890.0 167.285055633
8910.0 167.660814281
8930.0 168.036565408
8950.0 168.41230895
8970.0 168.788044843
8990.0 169.163773023
9010.0 169.539493425
9030.0 169.915205983
9050.0 170.290910632
9070.0 170.666607305
9090.0 171.042295936
9110.0 171.417976457
9130.0 171.793648802
9150.0 172.169312903
9170.0 172.544968692
9190.0 172.9206161
9210.0 173.296255058
9230.0 173.671885498
9250.0 174.047507349
9270.0 174.423120542
9290.0 174.798725005
9310.0 175.174320669
9330.0 175.549907462
9350.0 175.925485312
9370.0 176.301054148
9390.0 176.676613896
9410.0 177.052164485
9430.0 177.427705841
9450.0 177.80323789
9470.0 178.178760559
9490.0 178.554273773
9510.0 178.929777458
9530.0 179.305271537
9550.0 179.680755937
9570.0 180.05623058
9590.0 180.431695392
9610.0 180.807150293
9630.0 181.182595209
9650.0 181.558030061
9670.0 181.933454772
9690.0 182.308869262
9710.0 182.684273454
9730.0 183.059667268
9750.0 183.435050626
9770.0 183.810423446
9790.0 184.185785649
9810.0 184.561137155
9830.0 184.936477882
9850.0 185.311807749
9870.0 185.687126674
9890.0 186.062434575
9910.0 186.437731369
9930.0 186.813016974
9950.0 187.188291305
9970.0 187.56355428
9990.0 187.938805815
10010.0 188.314045824
10030.0 188.689274223
10050.0 189.064490926
10070.0 189.439695849
10090.0 189.814888905
10110.0 190.190070007
10130.0 190.565239069
10150.0 190.940396003
10170.0 191.315540723
10190.0 191.690673139
10210.0 192.065793165
10230.0 192.44090071
10250.0 192.815995687
10270.0 193.191078005
10290.0 193.566147576
10310.0 193.941204308
10330.0 194.316248111
10350.0 194.691278894
10370.0 195.066296567
10390.0 195.441301036
10410.0 195.816292211
10430.0 196.191269999
10450.0 196.566234307
10470.0 196.941185043
10490.0 197.316122112
10510.0 197.69104542
10530.0 198.065954875
10550.0 198.44085038
10570.0 198.815731842
10590.0 199.190599165
10610.0 199.565452253
10630.0 199.94029101
10650.0 200.315115341
10670.0 200.689925149
10690.0 201.064720335
10710.0 201.439500805
10730.0 201.814266458
10750.0 202.189017199
10770.0 202.563752927
10790.0 202.938473545
10810.0 203.313178954
10830.0 203.687869054
10850.0 204.062543746
10870.0 204.437202929
10890.0 204.811846504
10910.0 205.186474369
10930.0 205.561086424
10950.0 205.935682567
10970.0 206.310262698
10990.0 206.684826713
11010.0 207.059374511
11030.0 207.433905989
11050.0 207.808421045
11070.0 208.182919575
11090.0 208.557401475
11110.0 208.931866643
11130.0 209.306314974
11150.0 209.680746364
11170.0 210.055160708
11190.0 210.429557902
11210.0 210.803937839
11230.0 211.178300415
11250.0 211.552645524
11270.0 211.92697306
11290.0 212.301282917
11310.0 212.675574987
11330.0 213.049849165
11350.0 213.424105343
11370.0 213.798343414
11390.0 214.17256327
11410.0 214.546764804
11430.0 214.920947906
11450.0 215.295112469
11470.0 215.669258385
11490.0 216.043385544
11510.0 216.417493837
11530.0 216.791583155
11550.0 217.165653389
11570.0 217.539704428
11590.0 217.913736163
11610.0 218.287748483
11630.0 218.661741278
11650.0 219.035714437
11670.0 219.40966785
11690.0 219.783601404
11710.0 220.15751499
11730.0 220.531408495
11750.0 220.905281808
11770.0 221.279134817
11790.0 221.65296741
11810.0 222.026779474
11830.0 222.400570898
11850.0 222.774341568
11870.0 223.148091371
11890.0 223.521820196
11910.0 223.895527928
11930.0 224.269214455
11950.0 224.642879663
11970.0 225.016523438
11990.0 225.390145667
12010.0 225.763746235
12030.0 226.13732503
12050.0 226.510881936
12070.0 226.88441684
12090.0 227.257929627
12110.0 227.631420182
12130.0 228.004888391
12150.0 228.378334139
12170.0 228.751757312
12190.0 229.125157793
12210.0 229.498535469
12230.0 229.871890224
12250.0 230.245221944
12270.0 230.618530511
12290.0 230.991815812
12310.0 231.36507773
12330.0 231.738316151
12350.0 232.111530958
12370.0 232.484722036
12390.0 232.85788927
12410.0 233.231032542
12430.0 233.604151739
12450.0 233.977246743
12470.0 234.350317439
12490.0 234.72336371
12510.0 235.096385442
12530.0 235.469382518
12550.0 235.842354822
12570.0 236.215302239
12590.0 236.588224651
12610.0 236.961121943
12630.0 237.333994
12650.0 237.706840705
12670.0 238.079661942
12690.0 238.452457596
12710.0 238.82522755
12730.0 239.197971689
12750.0 239.570689897
12770.0 239.943382058
12790.0 240.316048056
12810.0 240.688687776
12830.0 241.061301102
12850.0 241.433887919