650.0 12.2396186169
670.0 12.6159479195
690.0 12.9922817896
710.0 13.3686199274
730.0 13.7449620617
750.0 14.1213079461
770.0 14.4976573563
790.0 14.8740100878
810.0 15.2503659532
830.0 15.6267247807
850.0 16.0030864123
870.0 16.3794507024
890.0 16.7558175166
910.0 17.1321867306
930.0 17.5085582291
950.0 17.8849319049
970.0 18.2613076585
990.0 18.637685397
1010.0 19.0140650336
1030.0 19.3904464875
1050.0 19.7668296826
1070.0 20.1432145478
1090.0 20.5196010162
1110.0 20.8959890249
1130.0 21.2723785147
1150.0 21.6487694299
1170.0 22.0251617175
1190.0 22.4015553279
1210.0 22.7779502137
1230.0 23.1543463303
1250.0 23.5307436353
1270.0 23.9071420883
1290.0 24.2835416511
1310.0 24.6599422872
1330.0 25.0363439619
1350.0 25.4127466419
1370.0 25.7891502958
1390.0 26.1655548932
1410.0 26.5419604052
1430.0 26.9183668041
1450.0 27.2947740635
1470.0 27.6711821578
1490.0 28.0475910626
1510.0 28.4240007546
1530.0 28.8004112109
1550.0 29.1768224101
1570.0 29.5532343311
1590.0 29.9296469537
1610.0 30.3060602585
1630.0 30.6824742268
1650.0 31.0588888402
1670.0 31.4353040814
1690.0 31.8117199332
1710.0 32.1881363793
1730.0 32.5645534037
1750.0 32.9409709909
1770.0 33.3173891259
1790.0 33.6938077942
1810.0 34.0702269815
1830.0 34.4466466741
1850.0 34.8230668586
1870.0 35.1994875219
1890.0 35.5759086513
1910.0 35.9523302344
1930.0 36.3287522591
1950.0 36.7051747135
1970.0 37.0815975862
1990.0 37.4580208658
2010.0 37.8344445414
2030.0 38.210868602
2050.0 38.5872930372
2070.0 38.9637178365
2090.0 39.3401429898
2110.0 39.7165684871
2130.0 40.0929943187
2150.0 40.4694204749
2170.0 40.8458469463
2190.0 41.2222737235
2210.0 41.5987007976
2230.0 41.9751281595
2250.0 42.3515558003
2270.0 42.7279837113
2290.0 43.104411884
2310.0 43.4808403098
2330.0 43.8572689804
2350.0 44.2336978876
2370.0 44.6101270231
2390.0 44.986556379
2410.0 45.3629859473
2430.0 45.7394157201
2450.0 46.1158456896
2470.0 46.4922758482
2490.0 46.868706188
2510.0 47.2451367017
2530.0 47.6215673817
2550.0 47.9979982206
2570.0 48.3744292109
2590.0 48.7508603455
2610.0 49.1272916169
2630.0 49.503723018
2650.0 49.8801545416
2670.0 50.2565861806
2690.0 50.6330179279
2710.0 51.0094497764
2730.0 51.3858817192
2750.0 51.7623137492
2770.0 52.1387458596
2790.0 52.5151780432
2810.0 52.8916102934
2830.0 53.2680426032
2850.0 53.6444749656
2870.0 54.020907374
2890.0 54.3973398215
2910.0 54.7737723012
2930.0 55.1502048063
2950.0 55.5266373302
2970.0 55.9030698659
2990.0 56.2795024067
3010.0 56.6559349459
3030.0 57.0323674767
3050.0 57.4087999923
3070.0 57.7852324859
3090.0 58.1616649508
3110.0 58.5380973801
3130.0 58.9145297672
3150.0 59.2909621052
3170.0 59.6673943873
3190.0 60.0438266067
3210.0 60.4202587565
3230.0 60.79669083
3250.0 61.1731228203
3270.0 61.5495547204
3290.0 61.9259865236
3310.0 62.3024182229
3330.0 62.6788498113
3350.0 63.055281282
3370.0 63.4317126278
3390.0 63.8081438419
3410.0 64.1845749172
3430.0 64.5610058466
3450.0 64.9374366231
3470.0 65.3138672394
3490.0 65.6902976886
3510.0 66.0667279633
3530.0 66.4431580564
3550.0 66.8195879606
3570.0 67.1960176686
3590.0 67.572447173
3610.0 67.9488764666
3630.0 68.3253055419
3650.0 68.7017343915
3670.0 69.0781630078
3690.0 69.4545913833
3710.0 69.8310195104
3730.0 70.2074473815
3750.0 70.5838749889
3770.0 70.960302325
3790.0 71.3367293818
3810.0 71.7131561516
3830.0 72.0895826265
3850.0 72.4660087986
3870.0 72.8424346598
3890.0 73.2188602022
3910.0 73.5952854176
3930.0 73.9717102979
3950.0 74.3481348348
3970.0 74.7245590201
3990.0 75.1009828455
4010.0 75.4774063024
4030.0 75.8538293826
4050.0 76.2302520774
4070.0 76.6066743782
4090.0 76.9830962764
4110.0 77.3595177633
4130.0 77.7359388301
4150.0 78.1123594678
4170.0 78.4887796676
4190.0 78.8651994204
4210.0 79.2416187171
4230.0 79.6180375487
4250.0 79.9944559058
4270.0 80.3708737792
4290.0 80.7472911594
4310.0 81.123708037
4330.0 81.5001244025
4350.0 81.8765402461
4370.0 82.2529555583
4390.0 82.6293703292
4410.0 83.0057845488
4430.0 83.3821982074
4450.0 83.7586112947
4470.0 84.1350238008
4490.0 84.5114357152
4510.0 84.8878470278
4530.0 85.2642577281
4550.0 85.6406678055
4570.0 86.0170772496
4590.0 86.3934860496
4610.0 86.7698941947
4630.0 87.1463016741
4650.0 87.5227084767
4670.0 87.8991145915
4690.0 88.2755200073
4710.0 88.6519247128
4730.0 89.0283286966
4750.0 89.4047319472
4770.0 89.7811344531
4790.0 90.1575362025
4810.0 90.5339371836
4830.0 90.9103373846
4850.0 91.2867367932
4870.0 91.6631353975
4890.0 92.0395331852
4910.0 92.4159301439
4930.0 92.7923262611
4950.0 93.1687215242
4970.0 93.5451159205
4990.0 93.9215094373
5010.0 94.2979020614
5030.0 94.6742937799
5050.0 95.0506845795
5070.0 95.4270744469
5090.0 95.8034633687
5110.0 96.1798513314
5130.0 96.5562383211
5150.0 96.9326243242
5170.0 97.3090093265
5190.0 97.6853933141
5210.0 98.0617762728
5230.0 98.4381581881
5250.0 98.8145390455
5270.0 99.1909188306
5290.0 99.5672975284
5310.0 99.9436751241
5330.0 100.320051603
5350.0 100.696426949
5370.0 101.072801147
5390.0 101.449174183
5410.0 101.82554604
5430.0 102.201916702
5450.0 102.578286154
5470.0 102.954654379
5490.0 103.331021362
5510.0 103.707387085
5530.0 104.083751533
5550.0 104.460114689
5570.0 104.836476536
5590.0 105.212837057
5610.0 105.589196234
5630.0 105.965554052
5650.0 106.341910491
5670.0 106.718265534
5690.0 107.094619165
5710.0 107.470971364
5730.0 107.847322113
5750.0 108.223671395
5770.0 108.600019191
5790.0 108.976365482
5810.0 109.352710249
5830.0 109.729053474
5850.0 110.105395137
5870.0 110.481735219
5890.0 110.858073701
5910.0 111.234410562
5930.0 111.610745783
5950.0 111.987079344
5970.0 112.363411224
5990.0 112.739741404
6010.0 113.116069862
6030.0 113.492396578
6050.0 113.86872153
6070.0 114.245044699
6090.0 114.621366061
6110.0 114.997685596
6130.0 115.374003282
6150.0 115.750319097
6170.0 116.126633019
6190.0 116.502945025
6210.0 116.879255094
6230.0 117.255563201
6250.0 117.631869324
6270.0 118.008173441
6290.0 118.384475527
6310.0 118.760775558
6330.0 119.137073513
6350.0 119.513369365
6370.0 119.889663092
6390.0 120.265954667
6410.0 120.642244068
6430.0 121.018531269
6450.0 121.394816245
6470.0 121.77109897
6490.0 122.14737942
6510.0 122.523657568
6530.0 122.899933388
6550.0 123.276206854
6570.0 123.65247794
6590.0 124.028746619
6610.0 124.405012864
6630.0 124.781276649
6650.0 125.157537944
6670.0 125.533796724
6690.0 125.91005296
6710.0 126.286306624
6730.0 126.662557688
6750.0 127.038806122
6770.0 127.4150519
6790.0 127.79129499
6810.0 128.167535365
6830.0 128.543772994
6850.0 128.920007848
6870.0 129.296239896
6890.0 129.672469109
6910.0 130.048695456
6930.0 130.424918905
6950.0 130.801139426
6970.0 131.177356988
6990.0 131.553571559
7010.0 131.929783107
7030.0 132.3059916
7050.0 132.682197005
7070.0 133.05839929
7090.0 133.434598423
7110.0 133.810794369
7130.0 134.186987095
7150.0 134.563176568
7170.0 134.939362754
7190.0 135.315545618
7210.0 135.691725126
7230.0 136.067901243
7250.0 136.444073933
7270.0 136.820243162
7290.0 137.196408894
7310.0 137.572571093
7330.0 137.948729722
7350.0 138.324884745
7370.0 138.701036125
7390.0 139.077183825
7410.0 139.453327807
7430.0 139.829468035
7450.0 140.205604469
7470.0 140.581737072
7490.0 140.957865804
7510.0 141.333990628
7530.0 141.710111504
7550.0 142.086228392
7570.0 142.462341252
7590.0 142.838450045
7610.0 143.21455473
7630.0 143.590655266
7650.0 143.966751612
7670.0 144.342843727
7690.0 144.71893157
7710.0 145.095015097
7730.0 145.471094267
7750.0 145.847169038
7770.0 146.223239366
7790.0 146.599305208
7810.0 146.975366521
7830.0 147.35142326
7850.0 147.727475382
7870.0 148.103522841
7890.0 148.479565594
7910.0 148.855603594
7930.0 149.231636797
7950.0 149.607665155
7970.0 149.983688625
7990.0 150.359707158
8010.0 150.735720707
8030.0 151.111729227
8050.0 151.487732668
8070.0 151.863730984
8090.0 152.239724125
8110.0 152.615712045
8130.0 152.991694692
8150.0 153.36767202
8170.0 153.743643976
8190.0 154.119610513
8210.0 154.495571579
8230.0 154.871527125
8250.0 155.247477098
8270.0 155.623421447
8290.0 155.999360122
8310.0 156.37529307
8330.0 156.751220238
8350.0 157.127141574
8370.0 157.503057025
8390.0 157.878966537
8410.0 158.254870057
8430.0 158.630767529
8450.0 159.006658901
8470.0 159.382544116
8490.0 159.75842312
8510.0 160.134295857
8530.0 160.510162272
8550.0 160.886022306
8570.0 161.261875905
8590.0 161.637723011
8610.0 162.013563566
8630.0 162.389397512
8650.0 162.765224792
8670.0 163.141045347
8690.0 163.516859118
8710.0 163.892666045
8730.0 164.26846607
8750.0 164.644259131
8770.0 165.020045168
8790.0 165.395824121
8810.0 165.771595929
8830.0 166.14736053
8850.0 166.523117861
8870.0 166.898867861
8890.0 167.274610467
8910.0 167.650345616
8930.0 168.026073244
8950.0 168.401793287
8970.0 168.777505682
8990.0 169.153210363
9010.0 169.528907267
9030.0 169.904596326
9050.0 170.280277476
9070.0 170.65595065
9090.0 171.031615782
9110.0 171.407272805
9130.0 171.782921651
9150.0 172.158562254
9170.0 172.534194544
9190.0 172.909818453
9210.0 173.285433913
9230.0 173.661040854
9250.0 174.036639206
9270.0 174.4122289
9290.0 174.787809865
9310.0 175.16338203
9330.0 175.538945324
9350.0 175.914499676
9370.0 176.290045012
9390.0 176.665581262
9410.0 177.041108352
9430.0 177.41662621
9450.0 177.79213476
9470.0 178.16763393
9490.0 178.543123646
9510.0 178.918603832
9530.0 179.294074413
9550.0 179.669535314
9570.0 180.044986459
9590.0 180.420427771
9610.0 180.795859174
9630.0 181.171280591
9650.0 181.546691944
9670.0 181.922093156
9690.0 182.297484148
9710.0 182.672864841
9730.0 183.048235157
9750.0 183.423595016
9770.0 183.798944337
9790.0 184.174283042
9810.0 184.549611049
9830.0 184.924928277
9850.0 185.300234645
9870.0 185.675530072
9890.0 186.050814474
9910.0 186.426087769
9930.0 186.801349875
9950.0 187.176600708
9970.0 187.551840185
9990.0 187.92706822
10010.0 188.302284731
10030.0 188.677489631
10050.0 189.052682836
10070.0 189.42786426
10090.0 189.803033817
10110.0 190.17819142
10130.0 190.553336983
10150.0 190.928470419
10170.0 191.30359164
10190.0 191.678700558
10210.0 192.053797085
10230.0 192.428881132
10250.0 192.80395261
10270.0 193.17901143
10290.0 193.554057501
10310.0 193.929090734
10330.0 194.304111039
10350.0 194.679118324
10370.0 195.054112497
10390.0 195.429093468
10410.0 195.804061145
10430.0 196.179015434
10450.0 196.553956243
10470.0 196.92888348
10490.0 197.30379705
10510.0 197.67869686
10530.0 198.053582816
10550.0 198.428454823
10570.0 198.803312786
10590.0 199.17815661
10610.0 199.552986199
10630.0 199.927801458
10650.0 200.30260229
10670.0 200.677388599
10690.0 201.052160287
10710.0 201.426917257
10730.0 201.801659413
10750.0 202.176386654
10770.0 202.551098884
10790.0 202.925796004
10810.0 203.300477914
10830.0 203.675144515
10850.0 204.049795708
10870.0 204.424431393
10890.0 204.799051468
10910.0 205.173655835
10930.0 205.548244391
10950.0 205.922817036
10970.0 206.297373668
10990.0 206.671914184
11010.0 207.046438483
11030.0 207.420946463
11050.0 207.79543802
11070.0 208.169913051
11090.0 208.544371453
11110.0 208.918813122
11130.0 209.293237955
11150.0 209.667645846
11170.0 210.042036691
11190.0 210.416410386
11210.0 210.790766825
11230.0 211.165105902
11250.0 211.539427513
11270.0 211.91373155
11290.0 212.288017908
11310.0 212.66228648
11330.0 213.036537159
11350.0 213.410769838
11370.0 213.78498441
11390.0 214.159180768
11410.0 214.533358802
11430.0 214.907518406
11450.0 215.281659471
11470.0 215.655781888
11490.0 216.029885548
11510.0 216.403970343
11530.0 216.778036162
11550.0 217.152082897
11570.0 217.526110437
11590.0 217.900118674
11610.0 218.274107495
11630.0 218.648076791
11650.0 219.022026452
11670.0 219.395956365
11690.0 219.769866422
11710.0 220.143756509
11730.0 220.517626515
11750.0 220.891476329
11770.0 221.26530584
11790.0 221.639114934
11810.0 222.012903499
11830.0 222.386671424
11850.0 222.760418595
11870.0 223.1341449
11890.0 223.507850226
11910.0 223.88153446
11930.0 224.255197488
11950.0 224.628839197
11970.0 225.002459473
11990.0 225.376058204
12010.0 225.749635274
12030.0 226.12319057
12050.0 226.496723977
12070.0 226.870235382
12090.0 227.24372467
12110.0 227.617191727
12130.0 227.990636437
12150.0 228.364058686
12170.0 228.73745836
12190.0 229.110835343
12210.0 229.484189521
12230.0 229.857520777
12250.0 230.230828998
12270.0 230.604114066
12290.0 230.977375869
12310.0 231.350614288
12330.0 231.72382921
12350.0 232.097020519
12370.0 232.470188098
12390.0 232.843331833
12410.0 233.216451607
12430.0 233.589547304
12450.0 233.96261881
12470.0 234.335666007
12490.0 234.70868878
12510.0 235.081687013
12530.0 235.454660591
12550.0 235.827609396
12570.0 236.200533314
12590.0 236.573432227
12610.0 236.946306021
12630.0 237.319154579
12650.0 237.691977785
12670.0 238.064775524
12690.0 238.437547679
12710.0 238.810294134
12730.0 239.183014774
12750.0 239.555709484
12770.0 239.928378146
12790.0 240.301020645
12810.0 240.673636867
12830.0 241.046226694
12850.0 241.418790013