650.0 12.2403622876
670.0 12.6167144723
690.0 12.9930712246
710.0 13.3694322446
730.0 13.745797261
750.0 14.1221660276
770.0 14.49853832
790.0 14.8749139337
810.0 15.2512926813
830.0 15.6276743909
850.0 16.0040589047
870.0 16.380446077
890.0 16.7568357734
910.0 17.1332278695
930.0 17.5096222502
950.0 17.8860188082
970.0 18.2624174439
990.0 18.6388180646
1010.0 19.0152205834
1030.0 19.3916249194
1050.0 19.7680309967
1070.0 20.1444387441
1090.0 20.5208480946
1110.0 20.8972589856
1130.0 21.2736713576
1150.0 21.6500851549
1170.0 22.0265003247
1190.0 22.4029168172
1210.0 22.7793345852
1230.0 23.155753584
1250.0 23.5321737712
1270.0 23.9085951064
1290.0 24.2850175514
1310.0 24.6614410696
1330.0 25.0378656264
1350.0 25.4142911887
1370.0 25.7907177247
1390.0 26.1671452042
1410.0 26.5435735984
1430.0 26.9200028796
1450.0 27.2964330211
1470.0 27.6728639976
1490.0 28.0492957846
1510.0 28.4257283587
1530.0 28.8021616972
1550.0 29.1785957786
1570.0 29.5550305817
1590.0 29.9314660865
1610.0 30.3079022735
1630.0 30.6843391239
1650.0 31.0607766196
1670.0 31.4372147429
1690.0 31.8136534769
1710.0 32.1900928052
1730.0 32.5665327117
1750.0 32.9429731811
1770.0 33.3194141983
1790.0 33.6958557487
1810.0 34.0722978182
1830.0 34.448740393
1850.0 34.8251834596
1870.0 35.2016270051
1890.0 35.5780710167
1910.0 35.954515482
1930.0 36.3309603889
1950.0 36.7074057255
1970.0 37.0838514804
1990.0 37.4602976422
2010.0 37.8367441999
2030.0 38.2131911427
2050.0 38.58963846
2070.0 38.9660861415
2090.0 39.342534177
2110.0 39.7189825565
2130.0 40.0954312702
2150.0 40.4718803086
2170.0 40.8483296621
2190.0 41.2247793216
2210.0 41.6012292778
2230.0 41.9776795219
2250.0 42.3541300448
2270.0 42.730580838
2290.0 43.1070318929
2310.0 43.4834832009
2330.0 43.8599347537
2350.0 44.236386543
2370.0 44.6128385608
2390.0 44.9892907988
2410.0 45.3657432493
2430.0 45.7421959043
2450.0 46.1186487559
2470.0 46.4951017966
2490.0 46.8715550187
2510.0 47.2480084146
2530.0 47.6244619767
2550.0 48.0009156978
2570.0 48.3773695703
2590.0 48.753823587
2610.0 49.1302777406
2630.0 49.5067320239
2650.0 49.8831864297
2670.0 50.2596409508
2690.0 50.6360955803
2710.0 51.012550311
2730.0 51.389005136
2750.0 51.7654600482
2770.0 52.1419150407
2790.0 52.5183701065
2810.0 52.8948252388
2830.0 53.2712804308
2850.0 53.6477356754
2870.0 54.024190966
2890.0 54.4006462956
2910.0 54.7771016575
2930.0 55.1535570448
2950.0 55.5300124508
2970.0 55.9064678687
2990.0 56.2829232917
3010.0 56.6593787131
3030.0 57.0358341261
3050.0 57.4122895238
3070.0 57.7887448996
3090.0 58.1652002467
3110.0 58.5416555582
3130.0 58.9181108274
3150.0 59.2945660476
3170.0 59.6710212119
3190.0 60.0474763134
3210.0 60.4239313455
3230.0 60.8003863011
3250.0 61.1768411735
3270.0 61.5532959559
3290.0 61.9297506412
3310.0 62.3062052227
3330.0 62.6826596933
3350.0 63.0591140461
3370.0 63.4355682741
3390.0 63.8120223704
3410.0 64.1884763279
3430.0 64.5649301394
3450.0 64.9413837981
3470.0 65.3178372966
3490.0 65.6942906279
3510.0 66.0707437848
3530.0 66.4471967601
3550.0 66.8236495464
3570.0 67.2001021366
3590.0 67.5765545233
3610.0 67.953006699
3630.0 68.3294586565
3650.0 68.7059103882
3670.0 69.0823618867
3690.0 69.4588131443
3710.0 69.8352641536
3730.0 70.2117149069
3750.0 70.5881653965
3770.0 70.9646156147
3790.0 71.3410655537
3810.0 71.7175152057
3830.0 72.0939645628
3850.0 72.4704136171
3870.0 72.8468623605
3890.0 73.223310785
3910.0 73.5997588826
3930.0 73.9762066451
3950.0 74.3526540642
3970.0 74.7291011316
3990.0 75.1055478392
4010.0 75.4819941783
4030.0 75.8584401406
4050.0 76.2348857176
4070.0 76.6113309006
4090.0 76.987775681
4110.0 77.3642200501
4130.0 77.740663999
4150.0 78.1171075189
4170.0 78.4935506008
4190.0 78.8699932358
4210.0 79.2464354148
4230.0 79.6228771285
4250.0 79.9993183678
4270.0 80.3757591233
4290.0 80.7521993857
4310.0 81.1286391455
4330.0 81.5050783931
4350.0 81.881517119
4370.0 82.2579553133
4390.0 82.6343929663
4410.0 83.0108300682
4430.0 83.3872666089
4450.0 83.7637025785
4470.0 84.1401379666
4490.0 84.5165727633
4510.0 84.893006958
4530.0 85.2694405405
4550.0 85.6458735001
4570.0 86.0223058264
4590.0 86.3987375085
4610.0 86.7751685358
4630.0 87.1515988974
4650.0 87.5280285822
4670.0 87.9044575791
4690.0 88.2808858771
4710.0 88.6573134648
4730.0 89.0337403307
4750.0 89.4101664636
4770.0 89.7865918516
4790.0 90.1630164832
4810.0 90.5394403465
4830.0 90.9158634296
4850.0 91.2922857204
4870.0 91.6687072069
4890.0 92.0451278767
4910.0 92.4215477176
4930.0 92.797966717
4950.0 93.1743848623
4970.0 93.5508021408
4990.0 93.9272185397
5010.0 94.303634046
5030.0 94.6800486466
5050.0 95.0564623284
5070.0 95.432875078
5090.0 95.809286882
5110.0 96.1856977268
5130.0 96.5621075988
5150.0 96.938516484
5170.0 97.3149243685
5190.0 97.6913312383
5210.0 98.0677370791
5230.0 98.4441418765
5250.0 98.8205456162
5270.0 99.1969482834
5290.0 99.5733498634
5310.0 99.9497503413
5330.0 100.326149702
5350.0 100.70254793
5370.0 101.078945011
5390.0 101.455340929
5410.0 101.831735668
5430.0 102.208129212
5450.0 102.584521546
5470.0 102.960912654
5490.0 103.337302518
5510.0 103.713691124
5530.0 104.090078454
5550.0 104.466464492
5570.0 104.842849221
5590.0 105.219232624
5610.0 105.595614684
5630.0 105.971995384
5650.0 106.348374705
5670.0 106.724752631
5690.0 107.101129143
5710.0 107.477504225
5730.0 107.853877856
5750.0 108.23025002
5770.0 108.606620698
5790.0 108.982989871
5810.0 109.359357521
5830.0 109.735723628
5850.0 110.112088173
5870.0 110.488451137
5890.0 110.864812501
5910.0 111.241172244
5930.0 111.617530347
5950.0 111.99388679
5970.0 112.370241553
5990.0 112.746594615
6010.0 113.122945955
6030.0 113.499295553
6050.0 113.875643388
6070.0 114.251989438
6090.0 114.628333683
6110.0 115.0046761
6130.0 115.381016669
6150.0 115.757355366
6170.0 116.13369217
6190.0 116.510027058
6210.0 116.886360009
6230.0 117.262690998
6250.0 117.639020004
6270.0 118.015347002
6290.0 118.39167197
6310.0 118.767994884
6330.0 119.144315721
6350.0 119.520634455
6370.0 119.896951064
6390.0 120.273265522
6410.0 120.649577805
6430.0 121.025887888
6450.0 121.402195746
6470.0 121.778501354
6490.0 122.154804685
6510.0 122.531105715
6530.0 122.907404418
6550.0 123.283700766
6570.0 123.659994734
6590.0 124.036286296
6610.0 124.412575423
6630.0 124.788862089
6650.0 125.165146267
6670.0 125.541427929
6690.0 125.917707047
6710.0 126.293983593
6730.0 126.670257539
6750.0 127.046528856
6770.0 127.422797516
6790.0 127.799063488
6810.0 128.175326745
6830.0 128.551587257
6850.0 128.927844993
6870.0 129.304099923
6890.0 129.680352018
6910.0 130.056601247
6930.0 130.432847578
6950.0 130.809090982
6970.0 131.185331426
6990.0 131.561568879
7010.0 131.937803309
7030.0 132.314034684
7050.0 132.690262971
7070.0 133.066488139
7090.0 133.442710153
7110.0 133.818928982
7130.0 134.19514459
7150.0 134.571356946
7170.0 134.947566013
7190.0 135.32377176
7210.0 135.69997415
7230.0 136.076173149
7250.0 136.452368721
7270.0 136.828560833
7290.0 137.204749447
7310.0 137.580934527
7330.0 137.957116038
7350.0 138.333293943
7370.0 138.709468206
7390.0 139.085638788
7410.0 139.461805653
7430.0 139.837968762
7450.0 140.214128079
7470.0 140.590283564
7490.0 140.966435179
7510.0 141.342582885
7530.0 141.718726642
7550.0 142.094866412
7570.0 142.471002155
7590.0 142.84713383
7610.0 143.223261397
7630.0 143.599384815
7650.0 143.975504044
7670.0 144.351619041
7690.0 144.727729765
7710.0 145.103836175
7730.0 145.479938228
7750.0 145.85603588
7770.0 146.232129091
7790.0 146.608217815
7810.0 146.98430201
7830.0 147.360381631
7850.0 147.736456635
7870.0 148.112526977
7890.0 148.488592611
7910.0 148.864653494
7930.0 149.240709578
7950.0 149.61676082
7970.0 149.992807171
7990.0 150.368848586
8010.0 150.744885018
8030.0 151.120916419
8050.0 151.496942743
8070.0 151.872963941
8090.0 152.248979965
8110.0 152.624990766
8130.0 153.000996296
8150.0 153.376996505
8170.0 153.752991344
8190.0 154.128980763
8210.0 154.504964712
8230.0 154.880943139
8250.0 155.256915994
8270.0 155.632883226
8290.0 156.008844783
8310.0 156.384800613
8330.0 156.760750664
8350.0 157.136694882
8370.0 157.512633215
8390.0 157.888565609
8410.0 158.264492011
8430.0 158.640412366
8450.0 159.016326619
8470.0 159.392234717
8490.0 159.768136603
8510.0 160.144032223
8530.0 160.519921519
8550.0 160.895804436
8570.0 161.271680917
8590.0 161.647550904
8610.0 162.023414342
8630.0 162.39927117
8650.0 162.775121332
8670.0 163.15096477
8690.0 163.526801422
8710.0 163.902631232
8730.0 164.278454138
8750.0 164.654270082
8770.0 165.030079001
8790.0 165.405880837
8810.0 165.781675527
8830.0 166.157463009
8850.0 166.533243223
8870.0 166.909016105
8890.0 167.284781593
8910.0 167.660539624
8930.0 168.036290134
8950.0 168.41203306
8970.0 168.787768337
8990.0 169.163495901
9010.0 169.539215686
9030.0 169.914927628
9050.0 170.29063166
9070.0 170.666327716
9090.0 171.04201573
9110.0 171.417695635
9130.0 171.793367364
9150.0 172.169030848
9170.0 172.544686021
9190.0 172.920332812
9210.0 173.295971154
9230.0 173.671600977
9250.0 174.047222212
9270.0 174.422834788
9290.0 174.798438635
9310.0 175.174033682
9330.0 175.549619858
9350.0 175.925197092
9370.0 176.300765311
9390.0 176.676324443
9410.0 177.051874415
9430.0 177.427415155
9450.0 177.802946587
9470.0 178.17846864
9490.0 178.553981237
9510.0 178.929484305
9530.0 179.304977769
9550.0 179.680461552
9570.0 180.055935579
9590.0 180.431399773
9610.0 180.806854059
9630.0 181.182298358
9650.0 181.557732593
9670.0 181.933156687
9690.0 182.308570561
9710.0 182.683974137
9730.0 183.059367335
9750.0 183.434750075
9770.0 183.810122279
9790.0 184.185483866
9810.0 184.560834755
9830.0 184.936174866
9850.0 185.311504116
9870.0 185.686822424
9890.0 186.062129709
9910.0 186.437425886
9930.0 186.812710875
9950.0 187.18798459
9970.0 187.563246948
9990.0 187.938497866
10010.0 188.313737259
10030.0 188.688965041
10050.0 189.064181128
10070.0 189.439385434
10090.0 189.814577874
10110.0 190.189758359
10130.0 190.564926805
10150.0 190.940083122
10170.0 191.315227225
10190.0 191.690359026
10210.0 192.065478435
10230.0 192.440585364
10250.0 192.815679724
10270.0 193.190761426
10290.0 193.56583038
10310.0 193.940886495
10330.0 194.315929682
10350.0 194.690959849
10370.0 195.065976904
10390.0 195.440980758
10410.0 195.815971316
10430.0 196.190948488
10450.0 196.565912179
10470.0 196.940862298
10490.0 197.31579875
10510.0 197.690721443
10530.0 198.06563028
10550.0 198.440525169
10570.0 198.815406015
10590.0 199.190272721
10610.0 199.565125192
10630.0 199.939963334
10650.0 200.314787048
10670.0 200.689596239
10690.0 201.064390809
10710.0 201.439170662
10730.0 201.813935699
10750.0 202.188685823
10770.0 202.563420935
10790.0 202.938140936
10810.0 203.312845729
10830.0 203.687535212
10850.0 204.062209287
10870.0 204.436867854
10890.0 204.811510812
10910.0 205.186138061
10930.0 205.560749499
10950.0 205.935345026
10970.0 206.30992454
10990.0 206.684487939
11010.0 207.05903512
11030.0 207.433565982
11050.0 207.808080421
11070.0 208.182578334
11090.0 208.557059619
11110.0 208.93152417
11130.0 209.305971885
11150.0 209.680402658
11170.0 210.054816385
11190.0 210.429212962
11210.0 210.803592283
11230.0 211.177954243
11250.0 211.552298735
11270.0 211.926625655
11290.0 212.300934895
11310.0 212.675226349
11330.0 213.04949991
11350.0 213.423755472
11370.0 213.797992926
11390.0 214.172212166
11410.0 214.546413083
11430.0 214.920595569
11450.0 215.294759515
11470.0 215.668904815
11490.0 216.043031357
11510.0 216.417139034
11530.0 216.791227735
11550.0 217.165297352
11570.0 217.539347775
11590.0 217.913378893
11610.0 218.287390597
11630.0 218.661382775
11650.0 219.035355318
11670.0 219.409308114
11690.0 219.783241052
11710.0 220.157154021
11730.0 220.53104691
11750.0 220.904919607
11770.0 221.278771999
11790.0 221.652603975
11810.0 222.026415423
11830.0 222.40020623
11850.0 222.773976283
11870.0 223.147725471
11890.0 223.521453679
11910.0 223.895160794
11930.0 224.268846705
11950.0 224.642511296
11970.0 225.016154455
11990.0 225.389776067
12010.0 225.763376019
12030.0 226.136954197
12050.0 226.510510487
12070.0 226.884044774
12090.0 227.257556944
12110.0 227.631046883
12130.0 228.004514475
12150.0 228.377959607
12170.0 228.751382163
12190.0 229.124782028
12210.0 229.498159088
12230.0 229.871513227
12250.0 230.244844329
12270.0 230.61815228
12290.0 230.991436964
12310.0 231.364698266
12330.0 231.737936071
12350.0 232.111150261
12370.0 232.484340723
12390.0 232.85750734
12410.0 233.230649996
12430.0 233.603768576
12450.0 233.976862963
12470.0 234.349933042
12490.0 234.722978698
12510.0 235.095999813
12530.0 235.468996273
12550.0 235.84196796
12570.0 236.21491476
12590.0 236.587836556
12610.0 236.960733232
12630.0 237.333604672
12650.0 237.70645076
12670.0 238.079271381
12690.0 238.452066418
12710.0 238.824835756
12730.0 239.197579278
12750.0 239.570296869
12770.0 239.942988414
12790.0 240.315653796
12810.0 240.688292899
12830.0 241.060905609
12850.0 241.433491809