650.0 12.2376022304
670.0 12.6138694903
690.0 12.9901413178
710.0 13.3664174129
730.0 13.7426975045
750.0 14.1189813462
770.0 14.4952687139
790.0 14.8715594027
810.0 15.2478532254
830.0 15.6241500102
850.0 16.0004495991
870.0 16.3767518466
890.0 16.7530566182
910.0 17.1293637895
930.0 17.5056732453
950.0 17.8819848785
970.0 18.2582985894
990.0 18.6346142852
1010.0 19.0109318792
1030.0 19.3872512904
1050.0 19.7635724428
1070.0 20.1398952654
1090.0 20.5162196911
1110.0 20.8925456572
1130.0 21.2688731044
1150.0 21.6452019768
1170.0 22.0215322218
1190.0 22.3978637895
1210.0 22.7741966327
1230.0 23.1505307066
1250.0 23.5268659689
1270.0 23.9032023793
1290.0 24.2795398995
1310.0 24.6558784929
1330.0 25.0322181249
1350.0 25.4085587623
1370.0 25.7849003734
1390.0 26.1612429282
1410.0 26.5375863975
1430.0 26.9139307538
1450.0 27.2902759705
1470.0 27.6666220222
1490.0 28.0429688843
1510.0 28.4193165336
1530.0 28.7956649473
1550.0 29.1720141038
1570.0 29.5483639821
1590.0 29.9247145621
1610.0 30.3010658243
1630.0 30.6774177498
1650.0 31.0537703206
1670.0 31.4301235191
1690.0 31.8064773283
1710.0 32.1828317317
1730.0 32.5591867134
1750.0 32.935542258
1770.0 33.3118983503
1790.0 33.6882549759
1810.0 34.0646121206
1830.0 34.4409697705
1850.0 34.8173279123
1870.0 35.193686533
1890.0 35.5700456197
1910.0 35.9464051602
1930.0 36.3227651422
1950.0 36.699125554
1970.0 37.075486384
1990.0 37.451847621
2010.0 37.8282092539
2030.0 38.2045712718
2050.0 38.5809336643
2070.0 38.957296421
2090.0 39.3336595316
2110.0 39.7100229863
2130.0 40.0863867752
2150.0 40.4627508887
2170.0 40.8391153174
2190.0 41.2154800521
2210.0 41.5918450835
2230.0 41.9682104027
2250.0 42.3445760008
2270.0 42.7209418692
2290.0 43.0973079992
2310.0 43.4736743824
2330.0 43.8500410103
2350.0 44.2264078748
2370.0 44.6027749677
2390.0 44.979142281
2410.0 45.3555098066
2430.0 45.7318775367
2450.0 46.1082454636
2470.0 46.4846135794
2490.0 46.8609818767
2510.0 47.2373503477
2530.0 47.613718985
2550.0 47.9900877812
2570.0 48.3664567289
2590.0 48.7428258208
2610.0 49.1191950495
2630.0 49.495564408
2650.0 49.8719338889
2670.0 50.2483034853
2690.0 50.6246731899
2710.0 51.0010429958
2730.0 51.3774128959
2750.0 51.7537828833
2770.0 52.1301529509
2790.0 52.5065230919
2810.0 52.8828932994
2830.0 53.2592635665
2850.0 53.6356338863
2870.0 54.012004252
2890.0 54.3883746568
2910.0 54.7647450939
2930.0 55.1411155564
2950.0 55.5174860375
2970.0 55.8938565306
2990.0 56.2702270288
3010.0 56.6465975253
3030.0 57.0229680134
3050.0 57.3993384864
3070.0 57.7757089373
3090.0 58.1520793595
3110.0 58.5284497462
3130.0 58.9048200907
3150.0 59.281190386
3170.0 59.6575606254
3190.0 60.0339308021
3210.0 60.4103009093
3230.0 60.7866709401
3250.0 61.1630408877
3270.0 61.5394107452
3290.0 61.9157805058
3310.0 62.2921501624
3330.0 62.6685197081
3350.0 63.0448891361
3370.0 63.4212584393
3390.0 63.7976276107
3410.0 64.1739966434
3430.0 64.5503655301
3450.0 64.9267342639
3470.0 65.3031028376
3490.0 65.6794712441
3510.0 66.0558394762
3530.0 66.4322075266
3550.0 66.8085753881
3570.0 67.1849430534
3590.0 67.5613105153
3610.0 67.9376777662
3630.0 68.3140447988
3650.0 68.6904116057
3670.0 69.0667781793
3690.0 69.4431445122
3710.0 69.8195105966
3730.0 70.1958764251
3750.0 70.5722419899
3770.0 70.9486072832
3790.0 71.3249722974
3810.0 71.7013370245
3830.0 72.0777014568
3850.0 72.4540655862
3870.0 72.8304294048
3890.0 73.2067929045
3910.0 73.5831560772
3930.0 73.9595189148
3950.0 74.3358814091
3970.0 74.7122435518
3990.0 75.0886053344
4010.0 75.4649667488
4030.0 75.8413277862
4050.0 76.2176884384
4070.0 76.5940486966
4090.0 76.9704085521
4110.0 77.3467679963
4130.0 77.7231270204
4150.0 78.0994856155
4170.0 78.4758437726
4190.0 78.8522014827
4210.0 79.2285587368
4230.0 79.6049155257
4250.0 79.9812718402
4270.0 80.3576276709
4290.0 80.7339830085
4310.0 81.1103378434
4330.0 81.4866921662
4350.0 81.8630459672
4370.0 82.2393992367
4390.0 82.6157519649
4410.0 82.9921041419
4430.0 83.3684557578
4450.0 83.7448068025
4470.0 84.1211572659
4490.0 84.4975071377
4510.0 84.8738564076
4530.0 85.2502050652
4550.0 85.6265531
4570.0 86.0029005014
4590.0 86.3792472587
4610.0 86.7555933612
4630.0 87.1319387979
4650.0 87.5082835579
4670.0 87.88462763
4690.0 88.2609710031
4710.0 88.6373136659
4730.0 89.0136556071
4750.0 89.3899968151
4770.0 89.7663372783
4790.0 90.142676985
4810.0 90.5190159235
4830.0 90.8953540817
4850.0 91.2716914478
4870.0 91.6480280094
4890.0 92.0243637544
4910.0 92.4006986704
4930.0 92.777032745
4950.0 93.1533659654
4970.0 93.5296983191
4990.0 93.9060297931
5010.0 94.2823603746
5030.0 94.6586900504
5050.0 95.0350188074
5070.0 95.4113466322
5090.0 95.7876735113
5110.0 96.1639994313
5130.0 96.5403243784
5150.0 96.9166483388
5170.0 97.2929712985
5190.0 97.6692932434
5210.0 98.0456141594
5230.0 98.421934032
5250.0 98.7982528468
5270.0 99.1745705892
5290.0 99.5508872443
5310.0 99.9272027974
5330.0 100.303517233
5350.0 100.679830537
5370.0 101.056142693
5390.0 101.432453686
5410.0 101.8087635
5430.0 102.185072119
5450.0 102.561379528
5470.0 102.937685711
5490.0 103.313990651
5510.0 103.690294332
5530.0 104.066596737
5550.0 104.442897851
5570.0 104.819197655
5590.0 105.195496133
5610.0 105.571793268
5630.0 105.948089042
5650.0 106.324383439
5670.0 106.70067644
5690.0 107.076968028
5710.0 107.453258184
5730.0 107.829546891
5750.0 108.20583413
5770.0 108.582119883
5790.0 108.958404132
5810.0 109.334686856
5830.0 109.710968038
5850.0 110.087247659
5870.0 110.463525698
5890.0 110.839802137
5910.0 111.216076955
5930.0 111.592350134
5950.0 111.968621652
5970.0 112.34489149
5990.0 112.721159626
6010.0 113.097426042
6030.0 113.473690715
6050.0 113.849953625
6070.0 114.226214751
6090.0 114.602474071
6110.0 114.978731563
6130.0 115.354987207
6150.0 115.731240979
6170.0 116.107492858
6190.0 116.483742822
6210.0 116.859990847
6230.0 117.236236912
6250.0 117.612480992
6270.0 117.988723066
6290.0 118.364963109
6310.0 118.741201099
6330.0 119.11743701
6350.0 119.49367082
6370.0 119.869902504
6390.0 120.246132037
6410.0 120.622359395
6430.0 120.998584553
6450.0 121.374807487
6470.0 121.751028169
6490.0 122.127246576
6510.0 122.503462681
6530.0 122.879676459
6550.0 123.255887883
6570.0 123.632096926
6590.0 124.008303562
6610.0 124.384507765
6630.0 124.760709506
6650.0 125.136908759
6670.0 125.513105496
6690.0 125.88929969
6710.0 126.265491311
6730.0 126.641680332
6750.0 127.017866724
6770.0 127.394050459
6790.0 127.770231507
6810.0 128.146409839
6830.0 128.522585425
6850.0 128.898758236
6870.0 129.274928242
6890.0 129.651095412
6910.0 130.027259716
6930.0 130.403421123
6950.0 130.779579601
6970.0 131.15573512
6990.0 131.531887649
7010.0 131.908037154
7030.0 132.284183604
7050.0 132.660326967
7070.0 133.036467209
7090.0 133.412604299
7110.0 133.788738202
7130.0 134.164868886
7150.0 134.540996317
7170.0 134.91712046
7190.0 135.293241281
7210.0 135.669358746
7230.0 136.045472821
7250.0 136.421583469
7270.0 136.797690655
7290.0 137.173794344
7310.0 137.5498945
7330.0 137.925991086
7350.0 138.302084066
7370.0 138.678173404
7390.0 139.054259061
7410.0 139.430341001
7430.0 139.806419186
7450.0 140.182493577
7470.0 140.558564138
7490.0 140.934630828
7510.0 141.310693609
7530.0 141.686752442
7550.0 142.062807287
7570.0 142.438858105
7590.0 142.814904855
7610.0 143.190947497
7630.0 143.566985991
7650.0 143.943020294
7670.0 144.319050367
7690.0 144.695076166
7710.0 145.071097651
7730.0 145.447114779
7750.0 145.823127507
7770.0 146.199135792
7790.0 146.575139591
7810.0 146.951138861
7830.0 147.327133558
7850.0 147.703123637
7870.0 148.079109054
7890.0 148.455089764
7910.0 148.831065721
7930.0 149.207036881
7950.0 149.583003197
7970.0 149.958964624
7990.0 150.334921114
8010.0 150.710872621
8030.0 151.086819098
8050.0 151.462760497
8070.0 151.83869677
8090.0 152.214627869
8110.0 152.590553745
8130.0 152.96647435
8150.0 153.342389635
8170.0 153.718299549
8190.0 154.094204043
8210.0 154.470103067
8230.0 154.845996569
8250.0 155.2218845
8270.0 155.597766807
8290.0 155.973643439
8310.0 156.349514344
8330.0 156.72537947
8350.0 157.101238763
8370.0 157.477092171
8390.0 157.85293964
8410.0 158.228781117
8430.0 158.604616547
8450.0 158.980445876
8470.0 159.356269049
8490.0 159.732086011
8510.0 160.107896705
8530.0 160.483701076
8550.0 160.859499068
8570.0 161.235290624
8590.0 161.611075687
8610.0 161.9868542
8630.0 162.362626104
8650.0 162.738391341
8670.0 163.114149853
8690.0 163.489901581
8710.0 163.865646466
8730.0 164.241384448
8750.0 164.617115466
8770.0 164.992839461
8790.0 165.368556372
8810.0 165.744266137
8830.0 166.119968694
8850.0 166.495663983
8870.0 166.87135194
8890.0 167.247032504
8910.0 167.62270561
8930.0 167.998371195
8950.0 168.374029196
8970.0 168.749679548
8990.0 169.125322187
9010.0 169.500957047
9030.0 169.876584064
9050.0 170.252203171
9070.0 170.627814303
9090.0 171.003417392
9110.0 171.379012373
9130.0 171.754599176
9150.0 172.130177736
9170.0 172.505747983
9190.0 172.88130985
9210.0 173.256863267
9230.0 173.632408165
9250.0 174.007944475
9270.0 174.383472126
9290.0 174.758991049
9310.0 175.134501171
9330.0 175.510002422
9350.0 175.885494731
9370.0 176.260978025
9390.0 176.636452233
9410.0 177.01191728
9430.0 177.387373095
9450.0 177.762819603
9470.0 178.13825673
9490.0 178.513684403
9510.0 178.889102546
9530.0 179.264511085
9550.0 179.639909943
9570.0 180.015299045
9590.0 180.390678315
9610.0 180.766047675
9630.0 181.14140705
9650.0 181.51675636
9670.0 181.892095529
9690.0 182.267424478
9710.0 182.642743129
9730.0 183.018051402
9750.0 183.393349218
9770.0 183.768636497
9790.0 184.143913159
9810.0 184.519179123
9830.0 184.894434309
9850.0 185.269678634
9870.0 185.644912018
9890.0 186.020134378
9910.0 186.39534563
9930.0 186.770545694
9950.0 187.145734484
9970.0 187.520911918
9990.0 187.896077911
10010.0 188.271232379
10030.0 188.646375236
10050.0 189.021506398
10070.0 189.39662578
10090.0 189.771733294
10110.0 190.146828855
10130.0 190.521912375
10150.0 190.896983768
10170.0 191.272042947
10190.0 191.647089822
10210.0 192.022124306
10230.0 192.39714631
10250.0 192.772155746
10270.0 193.147152523
10290.0 193.522136552
10310.0 193.897107742
10330.0 194.272066004
10350.0 194.647011246
10370.0 195.021943377
10390.0 195.396862305
10410.0 195.771767939
10430.0 196.146660186
10450.0 196.521538953
10470.0 196.896404146
10490.0 197.271255674
10510.0 197.646093441
10530.0 198.020917354
10550.0 198.395727319
10570.0 198.770523239
10590.0 199.14530502
10610.0 199.520072567
10630.0 199.894825783
10650.0 200.269564573
10670.0 200.644288839
10690.0 201.018998484
10710.0 201.393693412
10730.0 201.768373524
10750.0 202.143038723
10770.0 202.517688911
10790.0 202.892323988
10810.0 203.266943855
10830.0 203.641548414
10850.0 204.016137564
10870.0 204.390711206
10890.0 204.765269239
10910.0 205.139811563
10930.0 205.514338077
10950.0 205.888848679
10970.0 206.263343268
10990.0 206.637821741
11010.0 207.012283998
11030.0 207.386729935
11050.0 207.761159449
11070.0 208.135572438
11090.0 208.509968797
11110.0 208.884348424
11130.0 209.258711214
11150.0 209.633057062
11170.0 210.007385865
11190.0 210.381697517
11210.0 210.755991913
11230.0 211.130268948
11250.0 211.504528515
11270.0 211.87877051
11290.0 212.252994825
11310.0 212.627201354
11330.0 213.001389991
11350.0 213.375560628
11370.0 213.749713157
11390.0 214.123847472
11410.0 214.497963464
11430.0 214.872061025
11450.0 215.246140047
11470.0 215.620200421
11490.0 215.994242039
11510.0 216.368264791
11530.0 216.742268568
11550.0 217.11625326
11570.0 217.490218758
11590.0 217.864164951
11610.0 218.23809173
11630.0 218.611998983
11650.0 218.985886601
11670.0 219.359754472
11690.0 219.733602486
11710.0 220.10743053
11730.0 220.481238494
11750.0 220.855026266
11770.0 221.228793733
11790.0 221.602540784
11810.0 221.976267307
11830.0 222.34997319
11850.0 222.723658318
11870.0 223.097322581
11890.0 223.470965864
11910.0 223.844588055
11930.0 224.21818904
11950.0 224.591768707
11970.0 224.96532694
11990.0 225.338863628
12010.0 225.712378655
12030.0 226.085871909
12050.0 226.459343273
12070.0 226.832792636
12090.0 227.206219881
12110.0 227.579624895
12130.0 227.953007563
12150.0 228.326367769
12170.0 228.699705401
12190.0 229.073020341
12210.0 229.446312476
12230.0 229.81958169
12250.0 230.192827867
12270.0 230.566050893
12290.0 230.939250653
12310.0 231.31242703
12330.0 231.685579909
12350.0 232.058709175
12370.0 232.431814712
12390.0 232.804896404
12410.0 233.177954135
12430.0 233.55098779
12450.0 233.923997253
12470.0 234.296982407
12490.0 234.669943138
12510.0 235.042879328
12530.0 235.415790863
12550.0 235.788677626
12570.0 236.161539501
12590.0 236.534376372
12610.0 236.907188123
12630.0 237.279974638
12650.0 237.652735802
12670.0 238.025471498
12690.0 238.39818161
12710.0 238.770866023
12730.0 239.14352462
12750.0 239.516157287
12770.0 239.888763906
12790.0 240.261344363
12810.0 240.633898542
12830.0 241.006426327
12850.0 241.378927602