650.0 12.2313228293
670.0 12.6073968769
690.0 12.983475492
710.0 13.3595583748
730.0 13.7356452541
750.0 14.1117358835
770.0 14.4878300387
790.0 14.8639275152
810.0 15.2400281256
830.0 15.6161316981
850.0 15.9922380747
870.0 16.3683471098
890.0 16.744458669
910.0 17.120572628
930.0 17.4966888715
950.0 17.8728072923
970.0 18.2489277909
990.0 18.6250502743
1010.0 19.001174656
1030.0 19.3773008549
1050.0 19.753428795
1070.0 20.1295584051
1090.0 20.5056896185
1110.0 20.8818223723
1130.0 21.2579566071
1150.0 21.6340922672
1170.0 22.0102292999
1190.0 22.3863676552
1210.0 22.7625072861
1230.0 23.1386481477
1250.0 23.5147901977
1270.0 23.8909333957
1290.0 24.2670777035
1310.0 24.6432230846
1330.0 25.0193695042
1350.0 25.3955169293
1370.0 25.7716653281
1390.0 26.1478146705
1410.0 26.5239649275
1430.0 26.9001160715
1450.0 27.2762680758
1470.0 27.6524209151
1490.0 28.028574565
1510.0 28.4047290019
1530.0 28.7808842033
1550.0 29.1570401474
1570.0 29.5331968134
1590.0 29.909354181
1610.0 30.2855122308
1630.0 30.6616709441
1650.0 31.0378303025
1670.0 31.4139902887
1690.0 31.7901508855
1710.0 32.1663120766
1730.0 32.542473846
1750.0 32.9186361782
1770.0 33.2947990582
1790.0 33.6709624714
1810.0 34.0471264038
1830.0 34.4232908414
1850.0 34.7994557708
1870.0 35.1756211792
1890.0 35.5517870536
1910.0 35.9279533817
1930.0 36.3041201514
1950.0 36.6802873508
1970.0 37.0564549685
1990.0 37.4326229931
2010.0 37.8087914137
2030.0 38.1849602193
2050.0 38.5611293994
2070.0 38.9372989437
2090.0 39.313468842
2110.0 39.6896390844
2130.0 40.0658096609
2150.0 40.4419805621
2170.0 40.8181517785
2190.0 41.1943233008
2210.0 41.5704951199
2230.0 41.9466672267
2250.0 42.3228396125
2270.0 42.6990122685
2290.0 43.0751851862
2310.0 43.451358357
2330.0 43.8275317726
2350.0 44.2037054248
2370.0 44.5798793054
2390.0 44.9560534063
2410.0 45.3322277196
2430.0 45.7084022374
2450.0 46.0845769519
2470.0 46.4607518554
2490.0 46.8369269403
2510.0 47.213102199
2530.0 47.5892776239
2550.0 47.9654532078
2570.0 48.3416289432
2590.0 48.7178048227
2610.0 49.0939808391
2630.0 49.4701569852
2650.0 49.8463332538
2670.0 50.2225096378
2690.0 50.5986861301
2710.0 50.9748627236
2730.0 51.3510394114
2750.0 51.7272161864
2770.0 52.1033930417
2790.0 52.4795699704
2810.0 52.8557469656
2830.0 53.2319240203
2850.0 53.6081011278
2870.0 53.9842782812
2890.0 54.3604554736
2910.0 54.7366326983
2930.0 55.1128099485
2950.0 55.4889872173
2970.0 55.8651644981
2990.0 56.2413417839
3010.0 56.6175190681
3030.0 56.9936963439
3050.0 57.3698736044
3070.0 57.7460508431
3090.0 58.1222280529
3110.0 58.4984052273
3130.0 58.8745823594
3150.0 59.2507594423
3170.0 59.6269364694
3190.0 60.0031134338
3210.0 60.3792903287
3230.0 60.7554671472
3250.0 61.1316438824
3270.0 61.5078205276
3290.0 61.8839970757
3310.0 62.26017352
3330.0 62.6363498534
3350.0 63.0125260691
3370.0 63.3887021599
3390.0 63.764878119
3410.0 64.1410539393
3430.0 64.5172296137
3450.0 64.8934051352
3470.0 65.2695804965
3490.0 65.6457556907
3510.0 66.0219307104
3530.0 66.3981055485
3550.0 66.7742801977
3570.0 67.1504546507
3590.0 67.5266289001
3610.0 67.9028029387
3630.0 68.278976759
3650.0 68.6551503536
3670.0 69.0313237148
3690.0 69.4074968353
3710.0 69.7836697075
3730.0 70.1598423236
3750.0 70.536014676
3770.0 70.912186757
3790.0 71.2883585589
3810.0 71.6645300737
3830.0 72.0407012936
3850.0 72.4168722106
3870.0 72.7930428169
3890.0 73.1692131043
3910.0 73.5453830647
3930.0 73.9215526899
3950.0 74.2977219719
3970.0 74.6738909022
3990.0 75.0500594725
4010.0 75.4262276745
4030.0 75.8023954996
4050.0 76.1785629394
4070.0 76.5547299853
4090.0 76.9308966285
4110.0 77.3070628604
4130.0 77.6832286721
4150.0 78.0593940548
4170.0 78.4355589996
4190.0 78.8117234974
4210.0 79.1878875392
4230.0 79.5640511157
4250.0 79.9402142178
4270.0 80.3163768362
4290.0 80.6925389614
4310.0 81.068700584
4330.0 81.4448616945
4350.0 81.8210222831
4370.0 82.1971823403
4390.0 82.5733418562
4410.0 82.9495008209
4430.0 83.3256592244
4450.0 83.7018170567
4470.0 84.0779743078
4490.0 84.4541309672
4510.0 84.8302870248
4530.0 85.2064424701
4550.0 85.5825972925
4570.0 85.9587514816
4590.0 86.3349050266
4610.0 86.7110579167
4630.0 87.0872101411
4650.0 87.4633616887
4670.0 87.8395125485
4690.0 88.2156627093
4710.0 88.5918121598
4730.0 88.9679608886
4750.0 89.3441088842
4770.0 89.7202561351
4790.0 90.0964026295
4810.0 90.4725483556
4830.0 90.8486933015
4850.0 91.2248374552
4870.0 91.6009808045
4890.0 91.9771233372
4910.0 92.3532650408
4930.0 92.729405903
4950.0 93.1055459112
4970.0 93.4816850525
4990.0 93.8578233142
5010.0 94.2339606833
5030.0 94.6100971468
5050.0 94.9862326914
5070.0 95.3623673038
5090.0 95.7385009707
5110.0 96.1146336783
5130.0 96.4907654131
5150.0 96.8668961611
5170.0 97.2430259085
5190.0 97.6191546411
5210.0 97.9952823447
5230.0 98.371409005
5250.0 98.7475346074
5270.0 99.1236591375
5290.0 99.4997825803
5310.0 99.875904921
5330.0 100.252026145
5350.0 100.628146236
5370.0 101.004265179
5390.0 101.38038296
5410.0 101.756499561
5430.0 102.132614969
5450.0 102.508729165
5470.0 102.884842136
5490.0 103.260953863
5510.0 103.637064332
5530.0 104.013173525
5550.0 104.389281426
5570.0 104.765388018
5590.0 105.141493284
5610.0 105.517597206
5630.0 105.893699768
5650.0 106.269800953
5670.0 106.645900741
5690.0 107.021999117
5710.0 107.398096061
5730.0 107.774191555
5750.0 108.150285582
5770.0 108.526378123
5790.0 108.902469159
5810.0 109.278558671
5830.0 109.654646641
5850.0 110.030733049
5870.0 110.406817876
5890.0 110.782901103
5910.0 111.158982709
5930.0 111.535062675
5950.0 111.911140981
5970.0 112.287217606
5990.0 112.663292531
6010.0 113.039365734
6030.0 113.415437195
6050.0 113.791506892
6070.0 114.167574806
6090.0 114.543640913
6110.0 114.919705193
6130.0 115.295767624
6150.0 115.671828184
6170.0 116.047886851
6190.0 116.423943602
6210.0 116.799998415
6230.0 117.176051268
6250.0 117.552102136
6270.0 117.928150997
6290.0 118.304197828
6310.0 118.680242605
6330.0 119.056285304
6350.0 119.432325902
6370.0 119.808364373
6390.0 120.184400694
6410.0 120.56043484
6430.0 120.936466786
6450.0 121.312496507
6470.0 121.688523977
6490.0 122.064549172
6510.0 122.440572065
6530.0 122.81659263
6550.0 123.192610841
6570.0 123.568626672
6590.0 123.944640096
6610.0 124.320651086
6630.0 124.696659615
6650.0 125.072665656
6670.0 125.448669181
6690.0 125.824670162
6710.0 126.200668571
6730.0 126.576664379
6750.0 126.952657559
6770.0 127.328648082
6790.0 127.704635917
6810.0 128.080621037
6830.0 128.456603411
6850.0 128.83258301
6870.0 129.208559803
6890.0 129.584533761
6910.0 129.960504852
6930.0 130.336473047
6950.0 130.712438313
6970.0 131.08840062
6990.0 131.464359936
7010.0 131.840316228
7030.0 132.216269466
7050.0 132.592219617
7070.0 132.968166647
7090.0 133.344110524
7110.0 133.720051215
7130.0 134.095988687
7150.0 134.471922905
7170.0 134.847853836
7190.0 135.223781445
7210.0 135.599705698
7230.0 135.97562656
7250.0 136.351543995
7270.0 136.727457969
7290.0 137.103368446
7310.0 137.479275389
7330.0 137.855178763
7350.0 138.231078531
7370.0 138.606974656
7390.0 138.982867101
7410.0 139.358755829
7430.0 139.734640801
7450.0 140.110521981
7470.0 140.486399328
7490.0 140.862272806
7510.0 141.238142375
7530.0 141.614007996
7550.0 141.989869628
7570.0 142.365727234
7590.0 142.741580772
7610.0 143.117430202
7630.0 143.493275483
7650.0 143.869116574
7670.0 144.244953434
7690.0 144.620786021
7710.0 144.996614294
7730.0 145.372438209
7750.0 145.748257725
7770.0 146.124072798
7790.0 146.499883385
7810.0 146.875689442
7830.0 147.251490927
7850.0 147.627287793
7870.0 148.003079998
7890.0 148.378867495
7910.0 148.754650241
7930.0 149.130428188
7950.0 149.506201292
7970.0 149.881969506
7990.0 150.257732784
8010.0 150.633491079
8030.0 151.009244343
8050.0 151.38499253
8070.0 151.76073559
8090.0 152.136473477
8110.0 152.512206141
8130.0 152.887933534
8150.0 153.263655606
8170.0 153.639372308
8190.0 154.01508359
8210.0 154.390789401
8230.0 154.766489691
8250.0 155.142184409
8270.0 155.517873504
8290.0 155.893556924
8310.0 156.269234616
8330.0 156.64490653
8350.0 157.020572611
8370.0 157.396232807
8390.0 157.771887064
8410.0 158.147535328
8430.0 158.523177546
8450.0 158.898813662
8470.0 159.274443623
8490.0 159.650067372
8510.0 160.025684854
8530.0 160.401296013
8550.0 160.776900793
8570.0 161.152499137
8590.0 161.528090987
8610.0 161.903676287
8630.0 162.279254979
8650.0 162.654827004
8670.0 163.030392304
8690.0 163.405950819
8710.0 163.781502492
8730.0 164.157047261
8750.0 164.532585067
8770.0 164.90811585
8790.0 165.283639548
8810.0 165.659156101
8830.0 166.034665446
8850.0 166.410167522
8870.0 166.785662267
8890.0 167.161149618
8910.0 167.536629512
8930.0 167.912101885
8950.0 168.287566674
8970.0 168.663023813
8990.0 169.03847324
9010.0 169.413914888
9030.0 169.789348692
9050.0 170.164774587
9070.0 170.540192507
9090.0 170.915602384
9110.0 171.291004151
9130.0 171.666397743
9150.0 172.04178309
9170.0 172.417160125
9190.0 172.79252878
9210.0 173.167888984
9230.0 173.54324067
9250.0 173.918583768
9270.0 174.293918207
9290.0 174.669243916
9310.0 175.044560827
9330.0 175.419868866
9350.0 175.795167962
9370.0 176.170458044
9390.0 176.545739039
9410.0 176.921010874
9430.0 177.296273476
9450.0 177.671526772
9470.0 178.046770687
9490.0 178.422005147
9510.0 178.797230078
9530.0 179.172445404
9550.0 179.54765105
9570.0 179.92284694
9590.0 180.298032997
9610.0 180.673209146
9630.0 181.048375308
9650.0 181.423531406
9670.0 181.798677363
9690.0 182.173813099
9710.0 182.548938538
9730.0 182.924053598
9750.0 183.299158202
9770.0 183.674252269
9790.0 184.049335718
9810.0 184.42440847
9830.0 184.799470444
9850.0 185.174521557
9870.0 185.549561728
9890.0 185.924590875
9910.0 186.299608916
9930.0 186.674615767
9950.0 187.049611345
9970.0 187.424595566
9990.0 187.799568347
10010.0 188.174529602
10030.0 188.549479247
10050.0 188.924417197
10070.0 189.299343366
10090.0 189.674257668
10110.0 190.049160017
10130.0 190.424050325
10150.0 190.798928506
10170.0 191.173794471
10190.0 191.548648134
10210.0 191.923489406
10230.0 192.298318198
10250.0 192.673134421
10270.0 193.047937986
10290.0 193.422728802
10310.0 193.797506781
10330.0 194.17227183
10350.0 194.54702386
10370.0 194.921762779
10390.0 195.296488495
10410.0 195.671200916
10430.0 196.04589995
10450.0 196.420585505
10470.0 196.795257486
10490.0 197.169915801
10510.0 197.544560356
10530.0 197.919191057
10550.0 198.293807809
10570.0 198.668410517
10590.0 199.042999086
10610.0 199.417573421
10630.0 199.792133424
10650.0 200.166679001
10670.0 200.541210055
10690.0 200.915726488
10710.0 201.290228204
10730.0 201.664715104
10750.0 202.03918709
10770.0 202.413644065
10790.0 202.78808593
10810.0 203.162512585
10830.0 203.536923931
10850.0 203.911319869
10870.0 204.285700299
10890.0 204.66006512
10910.0 205.034414231
10930.0 205.408747532
10950.0 205.783064922
10970.0 206.157366299
10990.0 206.53165156
11010.0 206.905920605
11030.0 207.280173329
11050.0 207.654409631
11070.0 208.028629407
11090.0 208.402832554
11110.0 208.777018969
11130.0 209.151188546
11150.0 209.525341182
11170.0 209.899476773
11190.0 210.273595212
11210.0 210.647696396
11230.0 211.021780218
11250.0 211.395846574
11270.0 211.769895356
11290.0 212.143926459
11310.0 212.517939776
11330.0 212.8919352
11350.0 213.265912624
11370.0 213.639871942
11390.0 214.013813044
11410.0 214.387735824
11430.0 214.761640172
11450.0 215.135525982
11470.0 215.509393144
11490.0 215.883241549
11510.0 216.257071089
11530.0 216.630881653
11550.0 217.004673133
11570.0 217.378445419
11590.0 217.7521984
11610.0 218.125931966
11630.0 218.499646007
11650.0 218.873340413
11670.0 219.247015072
11690.0 219.620669873
11710.0 219.994304705
11730.0 220.367919456
11750.0 220.741514016
11770.0 221.115088271
11790.0 221.48864211
11810.0 221.86217542
11830.0 222.23568809
11850.0 222.609180006
11870.0 222.982651057
11890.0 223.356101127
11910.0 223.729530106
11930.0 224.102937879
11950.0 224.476324333
11970.0 224.849689355
11990.0 225.22303283
12010.0 225.596354645
12030.0 225.969654686
12050.0 226.342932838
12070.0 226.716188988
12090.0 227.089423021
12110.0 227.462634823
12130.0 227.835824278
12150.0 228.208991273
12170.0 228.582135691
12190.0 228.955257419
12210.0 229.328356342
12230.0 229.701432343
12250.0 230.074485309
12270.0 230.447515123
12290.0 230.82052167
12310.0 231.193504834
12330.0 231.566464501
12350.0 231.939400555
12370.0 232.312312879
12390.0 232.685201359
12410.0 233.058065878
12430.0 233.430906321
12450.0 233.803722571
12470.0 234.176514513
12490.0 234.549282031
12510.0 234.922025009
12530.0 235.294743332
12550.0 235.667436882
12570.0 236.040105545
12590.0 236.412749203
12610.0 236.785367742
12630.0 237.157961045
12650.0 237.530528996
12670.0 237.90307148
12690.0 238.27558838
12710.0 238.64807958
12730.0 239.020544966
12750.0 239.39298442
12770.0 239.765397827
12790.0 240.137785071
12810.0 240.510146038
12830.0 240.88248061
12850.0 241.254788674