650.0 12.2381716658
670.0 12.6144564468
690.0 12.9907457953
710.0 13.3670394116
730.0 13.7433370242
750.0 14.119638387
770.0 14.4959432758
790.0 14.8722514857
810.0 15.2485628295
830.0 15.6248771354
850.0 16.0011942454
870.0 16.3775140139
890.0 16.7538363066
910.0 17.130160999
930.0 17.5064879759
950.0 17.8828171302
970.0 18.2591483622
990.0 18.6354815791
1010.0 19.0118166942
1030.0 19.3881536264
1050.0 19.7644923
1070.0 20.1408326436
1090.0 20.5171745904
1110.0 20.8935180776
1130.0 21.2698630458
1150.0 21.6462094394
1170.0 22.0225572055
1190.0 22.3989062942
1210.0 22.7752566585
1230.0 23.1516082535
1250.0 23.527961037
1270.0 23.9043149684
1290.0 24.2806700097
1310.0 24.6570261242
1330.0 25.0333832772
1350.0 25.4097414357
1370.0 25.786100568
1390.0 26.1624606438
1410.0 26.5388216342
1430.0 26.9151835116
1450.0 27.2915462494
1470.0 27.6679098221
1490.0 28.0442742054
1510.0 28.4206393758
1530.0 28.7970053106
1550.0 29.1733719881
1570.0 29.5497393875
1590.0 29.9261074886
1610.0 30.3024762719
1630.0 30.6788457185
1650.0 31.0552158104
1670.0 31.43158653
1690.0 31.8079578603
1710.0 32.1843297848
1730.0 32.5607022876
1750.0 32.9370753532
1770.0 33.3134489667
1790.0 33.6898231133
1810.0 34.0661977791
1830.0 34.4425729501
1850.0 34.818948613
1870.0 35.1953247547
1890.0 35.5717013626
1910.0 35.9480784241
1930.0 36.3244559272
1950.0 36.7008338601
1970.0 37.0772122112
1990.0 37.4535909693
2010.0 37.8299701233
2030.0 38.2063496623
2050.0 38.5827295759
2070.0 38.9591098536
2090.0 39.3354904854
2110.0 39.7118714611
2130.0 40.0882527711
2150.0 40.4646344057
2170.0 40.8410163555
2190.0 41.2173986113
2210.0 41.5937811637
2230.0 41.970164004
2250.0 42.3465471233
2270.0 42.7229305127
2290.0 43.0993141638
2310.0 43.4756980681
2330.0 43.8520822171
2350.0 44.2284666027
2370.0 44.6048512167
2390.0 44.981236051
2410.0 45.3576210977
2430.0 45.734006349
2450.0 46.1103917969
2470.0 46.4867774338
2490.0 46.8631632522
2510.0 47.2395492443
2530.0 47.6159354027
2550.0 47.99232172
2570.0 48.3687081888
2590.0 48.7450948017
2610.0 49.1214815515
2630.0 49.4978684311
2650.0 49.8742554331
2670.0 50.2506425506
2690.0 50.6270297763
2710.0 51.0034171032
2730.0 51.3798045244
2750.0 51.7561920329
2770.0 52.1325796216
2790.0 52.5089672838
2810.0 52.8853550123
2830.0 53.2617428005
2850.0 53.6381306414
2870.0 54.0145185282
2890.0 54.3909064541
2910.0 54.7672944122
2930.0 55.1436823958
2950.0 55.5200703981
2970.0 55.8964584122
2990.0 56.2728464315
3010.0 56.6492344491
3030.0 57.0256224583
3050.0 57.4020104523
3070.0 57.7783984244
3090.0 58.1547863677
3110.0 58.5311742755
3130.0 58.907562141
3150.0 59.2839499574
3170.0 59.6603377179
3190.0 60.0367254157
3210.0 60.413113044
3230.0 60.7895005959
3250.0 61.1658880646
3270.0 61.5422754432
3290.0 61.9186627248
3310.0 62.2950499025
3330.0 62.6714369693
3350.0 63.0478239184
3370.0 63.4242107427
3390.0 63.8005974352
3410.0 64.1769839889
3430.0 64.5533703968
3450.0 64.9297566516
3470.0 65.3061427464
3490.0 65.682528674
3510.0 66.0589144272
3530.0 66.4352999987
3550.0 66.8116853813
3570.0 67.1880705677
3590.0 67.5644555506
3610.0 67.9408403226
3630.0 68.3172248763
3650.0 68.6936092043
3670.0 69.069993299
3690.0 69.446377153
3710.0 69.8227607585
3730.0 70.1991441081
3750.0 70.5755271939
3770.0 70.9519100084
3790.0 71.3282925436
3810.0 71.7046747918
3830.0 72.0810567452
3850.0 72.4574383957
3870.0 72.8338197354
3890.0 73.2102007562
3910.0 73.58658145
3930.0 73.9629618087
3950.0 74.3393418241
3970.0 74.7157214878
3990.0 75.0921007916
4010.0 75.468479727
4030.0 75.8448582855
4050.0 76.2212364588
4070.0 76.597614238
4090.0 76.9739916147
4110.0 77.35036858
4130.0 77.7267451251
4150.0 78.1031212413
4170.0 78.4794969195
4190.0 78.8558721507
4210.0 79.2322469259
4230.0 79.6086212359
4250.0 79.9849950715
4270.0 80.3613684232
4290.0 80.7377412819
4310.0 81.1141136379
4330.0 81.4904854818
4350.0 81.8668568039
4370.0 82.2432275945
4390.0 82.6195978438
4410.0 82.9959675419
4430.0 83.3723366789
4450.0 83.7487052447
4470.0 84.1250732291
4490.0 84.501440622
4510.0 84.877807413
4530.0 85.2541735917
4550.0 85.6305391476
4570.0 86.0069040701
4590.0 86.3832683485
4610.0 86.7596319721
4630.0 87.1359949298
4650.0 87.5123572109
4670.0 87.8887188041
4690.0 88.2650796983
4710.0 88.6414398822
4730.0 89.0177993445
4750.0 89.3941580736
4770.0 89.7705160579
4790.0 90.1468732857
4810.0 90.5232297452
4830.0 90.8995854246
4850.0 91.2759403117
4870.0 91.6522943944
4890.0 92.0286476605
4910.0 92.4050000976
4930.0 92.7813516932
4950.0 93.1577024348
4970.0 93.5340523095
4990.0 93.9104013047
5010.0 94.2867494072
5030.0 94.6630966041
5050.0 95.0394428822
5070.0 95.415788228
5090.0 95.7921326283
5110.0 96.1684760694
5130.0 96.5448185375
5150.0 96.921160019
5170.0 97.2975004998
5190.0 97.6738399658
5210.0 98.0501784029
5230.0 98.4265157966
5250.0 98.8028521325
5270.0 99.179187396
5290.0 99.5555215722
5310.0 99.9318546463
5330.0 100.308186603
5350.0 100.684517428
5370.0 101.060847105
5390.0 101.437175619
5410.0 101.813502954
5430.0 102.189829095
5450.0 102.566154025
5470.0 102.942477729
5490.0 103.31880019
5510.0 103.695121392
5530.0 104.071441318
5550.0 104.447759953
5570.0 104.824077278
5590.0 105.200393277
5610.0 105.576707933
5630.0 105.953021229
5650.0 106.329333146
5670.0 106.705643668
5690.0 107.081952777
5710.0 107.458260455
5730.0 107.834566683
5750.0 108.210871443
5770.0 108.587174717
5790.0 108.963476487
5810.0 109.339776732
5830.0 109.716075436
5850.0 110.092372577
5870.0 110.468668137
5890.0 110.844962097
5910.0 111.221254437
5930.0 111.597545136
5950.0 111.973834176
5970.0 112.350121534
5990.0 112.726407192
6010.0 113.102691129
6030.0 113.478973323
6050.0 113.855253754
6070.0 114.231532401
6090.0 114.607809242
6110.0 114.984084256
6130.0 115.36035742
6150.0 115.736628714
6170.0 116.112898114
6190.0 116.489165598
6210.0 116.865431145
6230.0 117.241694731
6250.0 117.617956332
6270.0 117.994215927
6290.0 118.370473492
6310.0 118.746729002
6330.0 119.122982435
6350.0 119.499233766
6370.0 119.87548297
6390.0 120.251730025
6410.0 120.627974904
6430.0 121.004217583
6450.0 121.380458038
6470.0 121.756696241
6490.0 122.132932169
6510.0 122.509165796
6530.0 122.885397094
6550.0 123.261626039
6570.0 123.637852603
6590.0 124.014076761
6610.0 124.390298484
6630.0 124.766517747
6650.0 125.142734521
6670.0 125.518948779
6690.0 125.895160494
6710.0 126.271369636
6730.0 126.647576178
6750.0 127.023780091
6770.0 127.399981347
6790.0 127.776179916
6810.0 128.152375769
6830.0 128.528568877
6850.0 128.904759209
6870.0 129.280946736
6890.0 129.657131427
6910.0 130.033313252
6930.0 130.40949218
6950.0 130.78566818
6970.0 131.16184122
6990.0 131.538011269
7010.0 131.914178295
7030.0 132.290342266
7050.0 132.66650315
7070.0 133.042660914
7090.0 133.418815525
7110.0 133.794966949
7130.0 134.171115154
7150.0 134.547260106
7170.0 134.92340177
7190.0 135.299540113
7210.0 135.675675099
7230.0 136.051806694
7250.0 136.427934863
7270.0 136.80405957
7290.0 137.180180781
7310.0 137.556298458
7330.0 137.932412565
7350.0 138.308523066
7370.0 138.684629925
7390.0 139.060733103
7410.0 139.436832564
7430.0 139.81292827
7450.0 140.189020183
7470.0 140.565108264
7490.0 140.941192475
7510.0 141.317272777
7530.0 141.693349131
7550.0 142.069421498
7570.0 142.445489837
7590.0 142.821554108
7610.0 143.197614271
7630.0 143.573670286
7650.0 143.94972211
7670.0 144.325769704
7690.0 144.701813025
7710.0 145.07785203
7730.0 145.453886679
7750.0 145.829916928
7770.0 146.205942735
7790.0 146.581964055
7810.0 146.957980846
7830.0 147.333993064
7850.0 147.710000664
7870.0 148.086003602
7890.0 148.462001833
7910.0 148.837995312
7930.0 149.213983993
7950.0 149.58996783
7970.0 149.965946778
7990.0 150.341920789
8010.0 150.717889817
8030.0 151.093853815
8050.0 151.469812735
8070.0 151.845766529
8090.0 152.221715149
8110.0 152.597658547
8130.0 152.973596673
8150.0 153.349529478
8170.0 153.725456914
8190.0 154.101378929
8210.0 154.477295473
8230.0 154.853206497
8250.0 155.229111949
8270.0 155.605011777
8290.0 155.98090593
8310.0 156.356794356
8330.0 156.732677003
8350.0 157.108553817
8370.0 157.484424746
8390.0 157.860289737
8410.0 158.236148735
8430.0 158.612001686
8450.0 158.987848536
8470.0 159.36368923
8490.0 159.739523713
8510.0 160.115351928
8530.0 160.491173821
8550.0 160.866989334
8570.0 161.242798411
8590.0 161.618600995
8610.0 161.994397028
8630.0 162.370186453
8650.0 162.745969212
8670.0 163.121745245
8690.0 163.497514494
8710.0 163.8732769
8730.0 164.249032403
8750.0 164.624780942
8770.0 165.000522458
8790.0 165.37625689
8810.0 165.751984176
8830.0 166.127704255
8850.0 166.503417065
8870.0 166.879122543
8890.0 167.254820627
8910.0 167.630511255
8930.0 168.006194361
8950.0 168.381869883
8970.0 168.757537756
8990.0 169.133197916
9010.0 169.508850298
9030.0 169.884494836
9050.0 170.260131464
9070.0 170.635760117
9090.0 171.011380727
9110.0 171.386993228
9130.0 171.762597553
9150.0 172.138193634
9170.0 172.513781402
9190.0 172.88936079
9210.0 173.264931728
9230.0 173.640494148
9250.0 174.016047979
9270.0 174.391593151
9290.0 174.767129594
9310.0 175.142657238
9330.0 175.51817601
9350.0 175.89368584
9370.0 176.269186655
9390.0 176.644678384
9410.0 177.020160952
9430.0 177.395634288
9450.0 177.771098317
9470.0 178.146552965
9490.0 178.521998159
9510.0 178.897433824
9530.0 179.272859883
9550.0 179.648276262
9570.0 180.023682886
9590.0 180.399079677
9610.0 180.774466558
9630.0 181.149843454
9650.0 181.525210285
9670.0 181.900566975
9690.0 182.275913446
9710.0 182.651249617
9730.0 183.026575411
9750.0 183.401890749
9770.0 183.777195549
9790.0 184.152489732
9810.0 184.527773217
9830.0 184.903045924
9850.0 185.27830777
9870.0 185.653558675
9890.0 186.028798556
9910.0 186.40402733
9930.0 186.779244914
9950.0 187.154451225
9970.0 187.52964618
9990.0 187.904829694
10010.0 188.280001683
10030.0 188.655162062
10050.0 189.030310745
10070.0 189.405447648
10090.0 189.780572683
10110.0 190.155685765
10130.0 190.530786806
10150.0 190.905875721
10170.0 191.28095242
10190.0 191.656016816
10210.0 192.031068822
10230.0 192.406108347
10250.0 192.781135303
10270.0 193.156149602
10290.0 193.531151152
10310.0 193.906139863
10330.0 194.281115646
10350.0 194.656078409
10370.0 195.031028061
10390.0 195.405964511
10410.0 195.780887666
10430.0 196.155797433
10450.0 196.530693721
10470.0 196.905576436
10490.0 197.280445485
10510.0 197.655300773
10530.0 198.030142207
10550.0 198.404969693
10570.0 198.779783134
10590.0 199.154582437
10610.0 199.529367504
10630.0 199.904138242
10650.0 200.278894552
10670.0 200.653636339
10690.0 201.028363506
10710.0 201.403075955
10730.0 201.777773588
10750.0 202.152456308
10770.0 202.527124017
10790.0 202.901776615
10810.0 203.276414003
10830.0 203.651036083
10850.0 204.025642754
10870.0 204.400233917
10890.0 204.774809472
10910.0 205.149369317
10930.0 205.523913351
10950.0 205.898441474
10970.0 206.272953584
10990.0 206.647449579
11010.0 207.021929357
11030.0 207.396392815
11050.0 207.770839851
11070.0 208.14527036
11090.0 208.519684241
11110.0 208.894081388
11130.0 209.268461699
11150.0 209.642825069
11170.0 210.017171393
11190.0 210.391500566
11210.0 210.765812483
11230.0 211.140107039
11250.0 211.514384127
11270.0 211.888643643
11290.0 212.26288548
11310.0 212.63710953
11330.0 213.011315688
11350.0 213.385503845
11370.0 213.759673896
11390.0 214.133825732
11410.0 214.507959245
11430.0 214.882074327
11450.0 215.25617087
11470.0 215.630248765
11490.0 216.004307904
11510.0 216.378348177
11530.0 216.752369475
11550.0 217.126371688
11570.0 217.500354707
11590.0 217.874318422
11610.0 218.248262722
11630.0 218.622187496
11650.0 218.996092635
11670.0 219.369978027
11690.0 219.743843562
11710.0 220.117689127
11730.0 220.491514612
11750.0 220.865319905
11770.0 221.239104894
11790.0 221.612869466
11810.0 221.98661351
11830.0 222.360336913
11850.0 222.734039563
11870.0 223.107721347
11890.0 223.481382151
11910.0 223.855021863
11930.0 224.228640369
11950.0 224.602237557
11970.0 224.975813312
11990.0 225.34936752
12010.0 225.722900069
12030.0 226.096410843
12050.0 226.469899729
12070.0 226.843366613
12090.0 227.216811379
12110.0 227.590233914
12130.0 227.963634103
12150.0 228.337011831
12170.0 228.710366983
12190.0 229.083699444
12210.0 229.4570091
12230.0 229.830295835
12250.0 230.203559534
12270.0 230.576800081
12290.0 230.950017362
12310.0 231.32321126
12330.0 231.69638166
12350.0 232.069528447
12370.0 232.442651505
12390.0 232.815750718
12410.0 233.188825971
12430.0 233.561877147
12450.0 233.93490413
12470.0 234.307906806
12490.0 234.680885058
12510.0 235.053838769
12530.0 235.426767825
12550.0 235.799672109
12570.0 236.172551505
12590.0 236.545405897
12610.0 236.918235169
12630.0 237.291039205
12650.0 237.66381789
12670.0 238.036571107
12690.0 238.40929874
12710.0 238.782000674
12730.0 239.154676793
12750.0 239.52732698
12770.0 239.899951121
12790.0 240.272549099
12810.0 240.645120799
12830.0 241.017666105
12850.0 241.390184902