650.0 12.2311367095
670.0 12.6072050303
690.0 12.9832779187
710.0 13.3593550747
730.0 13.7354362272
750.0 14.1115211298
770.0 14.4876095583
790.0 14.8637013081
810.0 15.2397961917
830.0 15.6158940374
850.0 15.9919946872
870.0 16.3680979956
890.0 16.7442038281
910.0 17.1203120603
930.0 17.496422577
950.0 17.872535271
970.0 18.2486500428
990.0 18.6247667995
1010.0 19.0008854545
1030.0 19.3770059265
1050.0 19.7531281399
1070.0 20.1292520233
1090.0 20.5053775099
1110.0 20.8815045369
1130.0 21.257633045
1150.0 21.6337629783
1170.0 22.0098942842
1190.0 22.3860269128
1210.0 22.7621608169
1230.0 23.1382959517
1250.0 23.5144322749
1270.0 23.8905697462
1290.0 24.2667083272
1310.0 24.6428479816
1330.0 25.0189886744
1350.0 25.3951303727
1370.0 25.7712730448
1390.0 26.1474166604
1410.0 26.5235611907
1430.0 26.8997066078
1450.0 27.2758528854
1470.0 27.651999998
1490.0 28.0281479211
1510.0 28.4042966312
1530.0 28.7804461058
1550.0 29.1565963232
1570.0 29.5327472624
1590.0 29.9088989033
1610.0 30.2850512264
1630.0 30.6612042128
1650.0 31.0373578445
1670.0 31.4135121039
1690.0 31.789666974
1710.0 32.1658224383
1730.0 32.5419784809
1750.0 32.9181350864
1770.0 33.2942922396
1790.0 33.6704499261
1810.0 34.0466081316
1830.0 34.4227668425
1850.0 34.7989260452
1870.0 35.1750857267
1890.0 35.5512458744
1910.0 35.9274064757
1930.0 36.3035675187
1950.0 36.6797289913
1970.0 37.0558908823
1990.0 37.4320531801
2010.0 37.8082158739
2030.0 38.1843789528
2050.0 38.5605424062
2070.0 38.9367062237
2090.0 39.3128703952
2110.0 39.6890349108
2130.0 40.0651997606
2150.0 40.441364935
2170.0 40.8175304246
2190.0 41.1936962202
2210.0 41.5698623125
2230.0 41.9460286926
2250.0 42.3221953516
2270.0 42.6983622809
2290.0 43.0745294718
2310.0 43.4506969158
2330.0 43.8268646047
2350.0 44.2030325301
2370.0 44.5792006839
2390.0 44.955369058
2410.0 45.3315376445
2430.0 45.7077064356
2450.0 46.0838754233
2470.0 46.4600446001
2490.0 46.8362139582
2510.0 47.2123834901
2530.0 47.5885531883
2550.0 47.9647230454
2570.0 48.340893054
2590.0 48.7170632068
2610.0 49.0932334964
2630.0 49.4694039158
2650.0 49.8455744576
2670.0 50.2217451149
2690.0 50.5979158804
2710.0 50.9740867472
2730.0 51.3502577082
2750.0 51.7264287564
2770.0 52.102599885
2790.0 52.4787710869
2810.0 52.8549423553
2830.0 53.2311136833
2850.0 53.607285064
2870.0 53.9834564906
2890.0 54.3596279563
2910.0 54.7357994542
2930.0 55.1119709776
2950.0 55.4881425197
2970.0 55.8643140736
2990.0 56.2404856327
3010.0 56.6166571902
3030.0 56.9928287392
3050.0 57.369000273
3070.0 57.7451717848
3090.0 58.1213432679
3110.0 58.4975147155
3130.0 58.8736861208
3150.0 59.2498574771
3170.0 59.6260287774
3190.0 60.002200015
3210.0 60.3783711831
3230.0 60.7545422748
3250.0 61.1307132833
3270.0 61.5068842017
3290.0 61.8830550231
3310.0 62.2592257406
3330.0 62.6353963473
3350.0 63.0115668361
3370.0 63.3877372003
3390.0 63.7639074326
3410.0 64.1400775261
3430.0 64.5162474737
3450.0 64.8924172684
3470.0 65.268586903
3490.0 65.6447563704
3510.0 66.0209256634
3530.0 66.3970947747
3550.0 66.7732636971
3570.0 67.1494324233
3590.0 67.5256009461
3610.0 67.9017692579
3630.0 68.2779373514
3650.0 68.6541052192
3670.0 69.0302728537
3690.0 69.4064402474
3710.0 69.7826073928
3730.0 70.1587742821
3750.0 70.5349409078
3770.0 70.9111072621
3790.0 71.2872733371
3810.0 71.6634391252
3830.0 72.0396046183
3850.0 72.4157698086
3870.0 72.7919346881
3890.0 73.1680992487
3910.0 73.5442634824
3930.0 73.9204273809
3950.0 74.296590936
3970.0 74.6727541396
3990.0 75.0489169832
4010.0 75.4250794584
4030.0 75.8012415567
4050.0 76.1774032698
4070.0 76.5535645888
4090.0 76.9297255053
4110.0 77.3058860104
4130.0 77.6820460954
4150.0 78.0582057513
4170.0 78.4343649694
4190.0 78.8105237404
4210.0 79.1866820554
4230.0 79.5628399052
4250.0 79.9389972805
4270.0 80.3151541721
4290.0 80.6913105706
4310.0 81.0674664664
4330.0 81.4436218501
4350.0 81.819776712
4370.0 82.1959310424
4390.0 82.5720848315
4410.0 82.9482380695
4430.0 83.3243907462
4450.0 83.7005428518
4470.0 84.0766943761
4490.0 84.4528453088
4510.0 84.8289956396
4530.0 85.2051453581
4550.0 85.5812944538
4570.0 85.9574429161
4590.0 86.3335907343
4610.0 86.7097378977
4630.0 87.0858843953
4650.0 87.4620302161
4670.0 87.8381753492
4690.0 88.2143197832
4710.0 88.5904635069
4730.0 88.966606509
4750.0 89.3427487778
4770.0 89.7188903019
4790.0 90.0950310696
4810.0 90.4711710689
4830.0 90.8473102881
4850.0 91.223448715
4870.0 91.5995863375
4890.0 91.9757231434
4910.0 92.3518591203
4930.0 92.7279942558
4950.0 93.1041285371
4970.0 93.4802619517
4990.0 93.8563944866
5010.0 94.232526129
5030.0 94.6086568657
5050.0 94.9847866836
5070.0 95.3609155692
5090.0 95.7370435093
5110.0 96.1131704902
5130.0 96.4892964982
5150.0 96.8654215194
5170.0 97.24154554
5190.0 97.6176685459
5210.0 97.9937905227
5230.0 98.3699114563
5250.0 98.746031332
5270.0 99.1221501352
5290.0 99.4982678513
5310.0 99.8743844652
5330.0 100.250499962
5350.0 100.626614326
5370.0 101.002727543
5390.0 101.378839597
5410.0 101.754950472
5430.0 102.131060152
5450.0 102.507168622
5470.0 102.883275866
5490.0 103.259381867
5510.0 103.635486609
5530.0 104.011590075
5550.0 104.387692249
5570.0 104.763793114
5590.0 105.139892653
5610.0 105.515990849
5630.0 105.892087684
5650.0 106.268183142
5670.0 106.644277204
5690.0 107.020369852
5710.0 107.39646107
5730.0 107.772550838
5750.0 108.148639138
5770.0 108.524725952
5790.0 108.900811261
5810.0 109.276895046
5830.0 109.652977289
5850.0 110.029057971
5870.0 110.405137071
5890.0 110.781214571
5910.0 111.15729045
5930.0 111.533364689
5950.0 111.909437268
5970.0 112.285508167
5990.0 112.661577365
6010.0 113.037644841
6030.0 113.413710575
6050.0 113.789774546
6070.0 114.165836733
6090.0 114.541897113
6110.0 114.917955667
6130.0 115.294012371
6150.0 115.670067204
6170.0 116.046120144
6190.0 116.422171169
6210.0 116.798220255
6230.0 117.174267381
6250.0 117.550312522
6270.0 117.926355657
6290.0 118.302396761
6310.0 118.678435811
6330.0 119.054472784
6350.0 119.430507654
6370.0 119.806540399
6390.0 120.182570993
6410.0 120.558599412
6430.0 120.934625631
6450.0 121.310649625
6470.0 121.686671369
6490.0 122.062690837
6510.0 122.438708003
6530.0 122.814722841
6550.0 123.190735326
6570.0 123.56674543
6590.0 123.942753127
6610.0 124.318758391
6630.0 124.694761193
6650.0 125.070761507
6670.0 125.446759305
6690.0 125.822754559
6710.0 126.198747241
6730.0 126.574737323
6750.0 126.950724776
6770.0 127.326709572
6790.0 127.702691681
6810.0 128.078671074
6830.0 128.454647721
6850.0 128.830621593
6870.0 129.20659266
6890.0 129.582560891
6910.0 129.958526255
6930.0 130.334488723
6950.0 130.710448263
6970.0 131.086404843
6990.0 131.462358432
7010.0 131.838308998
7030.0 132.214256509
7050.0 132.590200932
7070.0 132.966142236
7090.0 133.342080386
7110.0 133.718015351
7130.0 134.093947096
7150.0 134.469875587
7170.0 134.845800791
7190.0 135.221722673
7210.0 135.597641199
7230.0 135.973556334
7250.0 136.349468043
7270.0 136.72537629
7290.0 137.10128104
7310.0 137.477182257
7330.0 137.853079904
7350.0 138.228973946
7370.0 138.604864344
7390.0 138.980751062
7410.0 139.356634063
7430.0 139.732513309
7450.0 140.108388761
7470.0 140.484260382
7490.0 140.860128133
7510.0 141.235991975
7530.0 141.611851869
7550.0 141.987707775
7570.0 142.363559654
7590.0 142.739407465
7610.0 143.115251168
7630.0 143.491090722
7650.0 143.866926087
7670.0 144.24275722
7690.0 144.618584081
7710.0 144.994406626
7730.0 145.370224815
7750.0 145.746038604
7770.0 146.12184795
7790.0 146.49765281
7810.0 146.873453141
7830.0 147.249248899
7850.0 147.625040038
7870.0 148.000826516
7890.0 148.376608287
7910.0 148.752385305
7930.0 149.128157526
7950.0 149.503924904
7970.0 149.879687391
7990.0 150.255444942
8010.0 150.63119751
8030.0 151.006945048
8050.0 151.382687507
8070.0 151.758424841
8090.0 152.134157001
8110.0 152.509883939
8130.0 152.885605605
8150.0 153.26132195
8170.0 153.637032925
8190.0 154.01273848
8210.0 154.388438564
8230.0 154.764133128
8250.0 155.139822119
8270.0 155.515505487
8290.0 155.89118318
8310.0 156.266855146
8330.0 156.642521333
8350.0 157.018181687
8370.0 157.393836156
8390.0 157.769484686
8410.0 158.145127224
8430.0 158.520763715
8450.0 158.896394105
8470.0 159.272018338
8490.0 159.647636361
8510.0 160.023248116
8530.0 160.398853548
8550.0 160.774452601
8570.0 161.150045218
8590.0 161.525631342
8610.0 161.901210915
8630.0 162.27678388
8650.0 162.652350178
8670.0 163.027909752
8690.0 163.403462541
8710.0 163.779008486
8730.0 164.154547529
8750.0 164.530079608
8770.0 164.905604664
8790.0 165.281122635
8810.0 165.656633461
8830.0 166.03213708
8850.0 166.407633429
8870.0 166.783122448
8890.0 167.158604072
8910.0 167.534078239
8930.0 167.909544885
8950.0 168.285003947
8970.0 168.66045536
8990.0 169.03589906
9010.0 169.411334981
9030.0 169.786763059
9050.0 170.162183227
9070.0 170.537595419
9090.0 170.912999569
9110.0 171.288395611
9130.0 171.663783475
9150.0 172.039163096
9170.0 172.414534404
9190.0 172.789897332
9210.0 173.16525181
9230.0 173.540597769
9250.0 173.915935139
9270.0 174.291263852
9290.0 174.666583835
9310.0 175.041895018
9330.0 175.41719733
9350.0 175.7924907
9370.0 176.167775055
9390.0 176.543050323
9410.0 176.918316432
9430.0 177.293573307
9450.0 177.668820876
9470.0 178.044059064
9490.0 178.419287798
9510.0 178.794507002
9530.0 179.169716601
9550.0 179.544916521
9570.0 179.920106684
9590.0 180.295287014
9610.0 180.670457436
9630.0 181.045617871
9650.0 181.420768242
9670.0 181.795908472
9690.0 182.171038482
9710.0 182.546158194
9730.0 182.921267528
9750.0 183.296366405
9770.0 183.671454745
9790.0 184.046532468
9810.0 184.421599493
9830.0 184.796655739
9850.0 185.171701126
9870.0 185.54673557
9890.0 185.92175899
9910.0 186.296771304
9930.0 186.671772428
9950.0 187.04676228
9970.0 187.421740774
9990.0 187.796707828
10010.0 188.171663357
10030.0 188.546607275
10050.0 188.921539499
10070.0 189.296459941
10090.0 189.671368516
10110.0 190.046265138
10130.0 190.421149719
10150.0 190.796022173
10170.0 191.170882412
10190.0 191.545730348
10210.0 191.920565893
10230.0 192.295388958
10250.0 192.670199455
10270.0 193.044997293
10290.0 193.419782383
10310.0 193.794554634
10330.0 194.169313957
10350.0 194.54406026
10370.0 194.918793452
10390.0 195.293513441
10410.0 195.668220135
10430.0 196.042913443
10450.0 196.417593271
10470.0 196.792259525
10490.0 197.166912114
10510.0 197.541550942
10530.0 197.916175916
10550.0 198.290786941
10570.0 198.665383922
10590.0 199.039966765
10610.0 199.414535372
10630.0 199.789089649
10650.0 200.1636295
10670.0 200.538154827
10690.0 200.912665533
10710.0 201.287161522
10730.0 201.661642695
10750.0 202.036108955
10770.0 202.410560203
10790.0 202.784996341
10810.0 203.159417269
10830.0 203.533822889
10850.0 203.9082131
10870.0 204.282587803
10890.0 204.656946897
10910.0 205.031290282
10930.0 205.405617856
10950.0 205.779929519
10970.0 206.154225169
10990.0 206.528504704
11010.0 206.902768021
11030.0 207.277015019
11050.0 207.651245594
11070.0 208.025459644
11090.0 208.399657064
11110.0 208.773837751
11130.0 209.148001602
11150.0 209.522148511
11170.0 209.896278375
11190.0 210.270391088
11210.0 210.644486545
11230.0 211.018564641
11250.0 211.392625269
11270.0 211.766668325
11290.0 212.140693701
11310.0 212.514701291
11330.0 212.888690988
11350.0 213.262662686
11370.0 213.636616276
11390.0 214.010551652
11410.0 214.384468705
11430.0 214.758367327
11450.0 215.13224741
11470.0 215.506108845
11490.0 215.879951524
11510.0 216.253775336
11530.0 216.627580174
11550.0 217.001365927
11570.0 217.375132486
11590.0 217.74887974
11610.0 218.12260758
11630.0 218.496315894
11650.0 218.870004573
11670.0 219.243673505
11690.0 219.617322579
11710.0 219.990951685
11730.0 220.364560709
11750.0 220.738149542
11770.0 221.11171807
11790.0 221.485266183
11810.0 221.858793766
11830.0 222.232300709
11850.0 222.605786899
11870.0 222.979252222
11890.0 223.352696566
11910.0 223.726119818
11930.0 224.099521865
11950.0 224.472902592
11970.0 224.846261887
11990.0 225.219599635
12010.0 225.592915723
12030.0 225.966210037
12050.0 226.339482463
12070.0 226.712732886
12090.0 227.085961193
12110.0 227.459167267
12130.0 227.832350996
12150.0 228.205512264
12170.0 228.578650956
12190.0 228.951766957
12210.0 229.324860153
12230.0 229.697930427
12250.0 230.070977666
12270.0 230.444001753
12290.0 230.817002573
12310.0 231.189980011
12330.0 231.562933952
12350.0 231.935864278
12370.0 232.308770876
12390.0 232.681653629
12410.0 233.054512421
12430.0 233.427347137
12450.0 233.80015766
12470.0 234.172943876
12490.0 234.545705667
12510.0 234.918442919
12530.0 235.291155514
12550.0 235.663843338
12570.0 236.036506274
12590.0 236.409144205
12610.0 236.781757017
12630.0 237.154344594
12650.0 237.526906818
12670.0 237.899443575
12690.0 238.271954748
12710.0 238.644440222
12730.0 239.01689988
12750.0 239.389333608
12770.0 239.761741288
12790.0 240.134122806
12810.0 240.506478046
12830.0 240.878806891
12850.0 241.251109228