650.0 12.2416333613
670.0 12.6180246561
690.0 12.9944205183
710.0 13.3708206482
730.0 13.7472247746
750.0 14.1236326512
770.0 14.5000440536
790.0 14.8764587772
810.0 15.2528766347
830.0 15.6292974543
850.0 16.0057210781
870.0 16.3821473603
890.0 16.7585761667
910.0 17.1350073728
930.0 17.5114408634
950.0 17.8878765314
970.0 18.2643142771
990.0 18.6407540077
1010.0 19.0171956365
1030.0 19.3936390825
1050.0 19.7700842697
1070.0 20.1465311271
1090.0 20.5229795876
1110.0 20.8994295885
1130.0 21.2758810704
1150.0 21.6523339777
1170.0 22.0287882575
1190.0 22.40524386
1210.0 22.7817007379
1230.0 23.1581588467
1250.0 23.5346181438
1270.0 23.911078589
1290.0 24.2875401439
1310.0 24.6640027722
1330.0 25.0404664389
1350.0 25.4169311111
1370.0 25.7933967571
1390.0 26.1698633466
1410.0 26.5463308508
1430.0 26.9227992419
1450.0 27.2992684934
1470.0 27.6757385798
1490.0 28.0522094768
1510.0 28.4286811608
1530.0 28.8051536094
1550.0 29.1816268007
1570.0 29.5581007138
1590.0 29.9345753285
1610.0 30.3110506255
1630.0 30.6875265859
1650.0 31.0640031915
1670.0 31.4404804248
1690.0 31.8169582687
1710.0 32.193436707
1730.0 32.5699157235
1750.0 32.9463953028
1770.0 33.32287543
1790.0 33.6993560903
1810.0 34.0758372698
1830.0 34.4523189545
1850.0 34.8288011312
1870.0 35.2052837866
1890.0 35.5817669082
1910.0 35.9582504834
1930.0 36.3347345002
1950.0 36.7112189468
1970.0 37.0877038116
1990.0 37.4641890834
2010.0 37.8406747511
2030.0 38.2171608038
2050.0 38.5936472311
2070.0 38.9701340226
2090.0 39.346621168
2110.0 39.7231086575
2130.0 40.0995964812
2150.0 40.4760846295
2170.0 40.852573093
2190.0 41.2290618625
2210.0 41.6055509287
2230.0 41.9820402827
2250.0 42.3585299156
2270.0 42.7350198188
2290.0 43.1115099836
2310.0 43.4880004015
2330.0 43.8644910643
2350.0 44.2409819636
2370.0 44.6174730913
2390.0 44.9939644393
2410.0 45.3704559998
2430.0 45.7469477647
2450.0 46.1234397263
2470.0 46.499931877
2490.0 46.876424209
2510.0 47.2529167148
2530.0 47.629409387
2550.0 48.005902218
2570.0 48.3823952005
2590.0 48.7588883271
2610.0 49.1353815907
2630.0 49.5118749839
2650.0 49.8883684997
2670.0 50.2648621308
2690.0 50.6413558702
2710.0 51.0178497109
2730.0 51.3943436458
2750.0 51.770837668
2770.0 52.1473317704
2790.0 52.5238259463
2810.0 52.9003201886
2830.0 53.2768144904
2850.0 53.6533088451
2870.0 54.0298032456
2890.0 54.4062976851
2910.0 54.782792157
2930.0 55.1592866543
2950.0 55.5357811703
2970.0 55.9122756981
2990.0 56.2887702311
3010.0 56.6652647624
3030.0 57.0417592854
3050.0 57.4182537931
3070.0 57.7947482788
3090.0 58.1712427358
3110.0 58.5477371573
3130.0 58.9242315366
3150.0 59.3007258667
3170.0 59.6772201409
3190.0 60.0537143524
3210.0 60.4302084944
3230.0 60.80670256
3250.0 61.1831965424
3270.0 61.5596904347
3290.0 61.93618423
3310.0 62.3126779214
3330.0 62.689171502
3350.0 63.0656649648
3370.0 63.4421583028
3390.0 63.818651509
3410.0 64.1951445764
3430.0 64.571637498
3450.0 64.9481302666
3470.0 65.3246228751
3490.0 65.7011153164
3510.0 66.0776075832
3530.0 66.4540996684
3550.0 66.8305915648
3570.0 67.2070832649
3590.0 67.5835747615
3610.0 67.9600660472
3630.0 68.3365571147
3650.0 68.7130479563
3670.0 69.0895385648
3690.0 69.4660289324
3710.0 69.8425190517
3730.0 70.2190089149
3750.0 70.5954985145
3770.0 70.9719878426
3790.0 71.3484768916
3810.0 71.7249656536
3830.0 72.1014541206
3850.0 72.4779422848
3870.0 72.8544301382
3890.0 73.2309176727
3910.0 73.6074048802
3930.0 73.9838917527
3950.0 74.3603782817
3970.0 74.7368644592
3990.0 75.1133502767
4010.0 75.4898357258
4030.0 75.8663207981
4050.0 76.242805485
4070.0 76.619289778
4090.0 76.9957736683
4110.0 77.3722571473
4130.0 77.7487402062
4150.0 78.1252228361
4170.0 78.501705028
4190.0 78.8781867729
4210.0 79.2546680618
4230.0 79.6311488855
4250.0 80.0076292348
4270.0 80.3841091003
4290.0 80.7605884726
4310.0 81.1370673424
4330.0 81.5135457
4350.0 81.8900235358
4370.0 82.2665008401
4390.0 82.6429776031
4410.0 83.0194538149
4430.0 83.3959294656
4450.0 83.7724045451
4470.0 84.1488790432
4490.0 84.5253529498
4510.0 84.9018262545
4530.0 85.2782989469
4550.0 85.6547710165
4570.0 86.0312424528
4590.0 86.4077132449
4610.0 86.7841833822
4630.0 87.1606528537
4650.0 87.5371216484
4670.0 87.9135897553
4690.0 88.2900571633
4710.0 88.6665238609
4730.0 89.0429898368
4750.0 89.4194550796
4770.0 89.7959195776
4790.0 90.1723833192
4810.0 90.5488462924
4830.0 90.9253084855
4850.0 91.3017698863
4870.0 91.6782304827
4890.0 92.0546902625
4910.0 92.4311492134
4930.0 92.8076073227
4950.0 93.184064578
4970.0 93.5605209664
4990.0 93.9369764753
5010.0 94.3134310915
5030.0 94.6898848021
5050.0 95.0663375939
5070.0 95.4427894535
5090.0 95.8192403674
5110.0 96.1956903222
5130.0 96.5721393041
5150.0 96.9485872993
5170.0 97.3250342938
5190.0 97.7014802735
5210.0 98.0779252243
5230.0 98.4543691317
5250.0 98.8308119813
5270.0 99.2072537585
5290.0 99.5836944484
5310.0 99.9601340363
5330.0 100.336572507
5350.0 100.713009845
5370.0 101.089446036
5390.0 101.465881064
5410.0 101.842314912
5430.0 102.218747567
5450.0 102.595179011
5470.0 102.971609228
5490.0 103.348038203
5510.0 103.724465919
5530.0 104.100892359
5550.0 104.477317507
5570.0 104.853741346
5590.0 105.230163859
5610.0 105.606585029
5630.0 105.983004838
5650.0 106.359423269
5670.0 106.735840305
5690.0 107.112255928
5710.0 107.488670119
5730.0 107.865082861
5750.0 108.241494135
5770.0 108.617903922
5790.0 108.994312206
5810.0 109.370718965
5830.0 109.747124182
5850.0 110.123527837
5870.0 110.499929911
5890.0 110.876330385
5910.0 111.252729238
5930.0 111.629126451
5950.0 112.005522004
5970.0 112.381915877
5990.0 112.758308049
6010.0 113.134698499
6030.0 113.511087207
6050.0 113.887474152
6070.0 114.263859312
6090.0 114.640242667
6110.0 115.016624194
6130.0 115.393003872
6150.0 115.769381679
6170.0 116.145757593
6190.0 116.522131592
6210.0 116.898503652
6230.0 117.274873751
6250.0 117.651241867
6270.0 118.027607975
6290.0 118.403972053
6310.0 118.780334077
6330.0 119.156694024
6350.0 119.533051868
6370.0 119.909407587
6390.0 120.285761155
6410.0 120.662112548
6430.0 121.038461741
6450.0 121.414808709
6470.0 121.791153427
6490.0 122.167495868
6510.0 122.543836008
6530.0 122.92017382
6550.0 123.296509279
6570.0 123.672842357
6590.0 124.049173028
6610.0 124.425501265
6630.0 124.801827042
6650.0 125.17815033
6670.0 125.554471101
6690.0 125.930789329
6710.0 126.307104986
6730.0 126.683418041
6750.0 127.059728468
6770.0 127.436036238
6790.0 127.812341321
6810.0 128.188643687
6830.0 128.564943309
6850.0 128.941240155
6870.0 129.317534195
6890.0 129.6938254
6910.0 130.070113739
6930.0 130.44639918
6950.0 130.822681694
6970.0 131.198961248
6990.0 131.57523781
7010.0 131.95151135
7030.0 132.327781835
7050.0 132.704049233
7070.0 133.08031351
7090.0 133.456574635
7110.0 133.832832573
7130.0 134.209087292
7150.0 134.585338757
7170.0 134.961586935
7190.0 135.337831791
7210.0 135.714073291
7230.0 136.0903114
7250.0 136.466546083
7270.0 136.842777304
7290.0 137.219005028
7310.0 137.595229218
7330.0 137.97144984
7350.0 138.347666855
7370.0 138.723880227
7390.0 139.100089919
7410.0 139.476295894
7430.0 139.852498113
7450.0 140.22869654
7470.0 140.604891135
7490.0 140.98108186
7510.0 141.357268675
7530.0 141.733451543
7550.0 142.109630423
7570.0 142.485805276
7590.0 142.861976061
7610.0 143.238142738
7630.0 143.614305266
7650.0 143.990463604
7670.0 144.366617712
7690.0 144.742767546
7710.0 145.118913066
7730.0 145.495054228
7750.0 145.871190991
7770.0 146.247323311
7790.0 146.623451145
7810.0 146.99957445
7830.0 147.375693181
7850.0 147.751807295
7870.0 148.127916747
7890.0 148.504021491
7910.0 148.880121484
7930.0 149.256216679
7950.0 149.63230703
7970.0 150.008392491
7990.0 150.384473016
8010.0 150.760548558
8030.0 151.136619069
8050.0 151.512684503
8070.0 151.888744811
8090.0 152.264799945
8110.0 152.640849856
8130.0 153.016894496
8150.0 153.392933815
8170.0 153.768967764
8190.0 154.144996293
8210.0 154.521019351
8230.0 154.897036889
8250.0 155.273048854
8270.0 155.649055196
8290.0 156.025055863
8310.0 156.401050803
8330.0 156.777039963
8350.0 157.153023291
8370.0 157.529000734
8390.0 157.904972238
8410.0 158.28093775
8430.0 158.656897215
8450.0 159.032850579
8470.0 159.408797786
8490.0 159.784738782
8510.0 160.160673511
8530.0 160.536601918
8550.0 160.912523945
8570.0 161.288439535
8590.0 161.664348633
8610.0 162.04025118
8630.0 162.416147119
8650.0 162.792036391
8670.0 163.167918938
8690.0 163.543794701
8710.0 163.919663621
8730.0 164.295525637
8750.0 164.67138069
8770.0 165.04722872
8790.0 165.423069665
8810.0 165.798903465
8830.0 166.174730058
8850.0 166.550549381
8870.0 166.926361373
8890.0 167.302165971
8910.0 167.677963112
8930.0 168.053752732
8950.0 168.429534768
8970.0 168.805309155
8990.0 169.181075829
9010.0 169.556834724
9030.0 169.932585776
9050.0 170.308328918
9070.0 170.684064084
9090.0 171.059791208
9110.0 171.435510223
9130.0 171.811221062
9150.0 172.186923656
9170.0 172.562617938
9190.0 172.93830384
9210.0 173.313981292
9230.0 173.689650225
9250.0 174.065310569
9270.0 174.440962255
9290.0 174.816605212
9310.0 175.19223937
9330.0 175.567864656
9350.0 175.943480999
9370.0 176.319088328
9390.0 176.69468657
9410.0 177.070275653
9430.0 177.445855502
9450.0 177.821426045
9470.0 178.196987207
9490.0 178.572538915
9510.0 178.948081093
9530.0 179.323613666
9550.0 179.699136559
9570.0 180.074649696
9590.0 180.450153
9610.0 180.825646396
9630.0 181.201129805
9650.0 181.57660315
9670.0 181.952066354
9690.0 182.327519338
9710.0 182.702962023
9730.0 183.078394331
9750.0 183.453816182
9770.0 183.829227496
9790.0 184.204628193
9810.0 184.580018192
9830.0 184.955397412
9850.0 185.330765772
9870.0 185.706123191
9890.0 186.081469585
9910.0 186.456804873
9930.0 186.832128971
9950.0 187.207441796
9970.0 187.582743265
9990.0 187.958033292
10010.0 188.333311795
10030.0 188.708578687
10050.0 189.083833884
10070.0 189.459077301
10090.0 189.83430885
10110.0 190.209528445
10130.0 190.584736
10150.0 190.959931428
10170.0 191.335114641
10190.0 191.710285551
10210.0 192.08544407
10230.0 192.460590109
10250.0 192.83572358
10270.0 193.210844392
10290.0 193.585952455
10310.0 193.961047681
10330.0 194.336129977
10350.0 194.711199254
10370.0 195.08625542
10390.0 195.461298383
10410.0 195.836328052
10430.0 196.211344333
10450.0 196.586347135
10470.0 196.961336363
10490.0 197.336311926
10510.0 197.711273728
10530.0 198.086221676
10550.0 198.461155675
10570.0 198.83607563
10590.0 199.210981446
10610.0 199.585873028
10630.0 199.960750279
10650.0 200.335613103
10670.0 200.710461404
10690.0 201.085295084
10710.0 201.460114046
10730.0 201.834918194
10750.0 202.209707427
10770.0 202.584481649
10790.0 202.959240761
10810.0 203.333984663
10830.0 203.708713257
10850.0 204.083426442
10870.0 204.458124119
10890.0 204.832806187
10910.0 205.207472545
10930.0 205.582123094
10950.0 205.956757731
10970.0 206.331376354
10990.0 206.705978863
11010.0 207.080565154
11030.0 207.455135126
11050.0 207.829688675
11070.0 208.204225699
11090.0 208.578746093
11110.0 208.953249754
11130.0 209.327736579
11150.0 209.702206462
11170.0 210.076659299
11190.0 210.451094986
11210.0 210.825513417
11230.0 211.199914487
11250.0 211.574298089
11270.0 211.948664119
11290.0 212.323012469
11310.0 212.697343033
11330.0 213.071655704
11350.0 213.445950376
11370.0 213.82022694
11390.0 214.194485289
11410.0 214.568725316
11430.0 214.942946912
11450.0 215.317149969
11470.0 215.691334378
11490.0 216.06550003
11510.0 216.439646817
11530.0 216.813774629
11550.0 217.187883356
11570.0 217.561972888
11590.0 217.936043117
11610.0 218.31009393
11630.0 218.684125218
11650.0 219.058136871
11670.0 219.432128777
11690.0 219.806100825
11710.0 220.180052904
11730.0 220.553984903
11750.0 220.927896709
11770.0 221.301788212
11790.0 221.675659298
11810.0 222.049509856
11830.0 222.423339773
11850.0 222.797148936
11870.0 223.170937233
11890.0 223.544704551
11910.0 223.918450777
11930.0 224.292175797
11950.0 224.665879498
11970.0 225.039561767
11990.0 225.413222489
12010.0 225.786861552
12030.0 226.16047884
12050.0 226.534074239
12070.0 226.907647636
12090.0 227.281198917
12110.0 227.654727965
12130.0 228.028234668
12150.0 228.401718909
12170.0 228.775180575
12190.0 229.14861955
12210.0 229.52203572
12230.0 229.895428969
12250.0 230.268799181
12270.0 230.642146242
12290.0 231.015470036
12310.0 231.388770448
12330.0 231.762047362
12350.0 232.135300663
12370.0 232.508530235
12390.0 232.881735961
12410.0 233.254917727
12430.0 233.628075417
12450.0 234.001208915
12470.0 234.374318104
12490.0 234.747402869
12510.0 235.120463095
12530.0 235.493498664
12550.0 235.866509462
12570.0 236.239495371
12590.0 236.612456277
12610.0 236.985392063
12630.0 237.358302613
12650.0 237.731187811
12670.0 238.104047542
12690.0 238.476881689
12710.0 238.849690137
12730.0 239.222472769
12750.0 239.59522947
12770.0 239.967960125
12790.0 240.340664617
12810.0 240.71334283
12830.0 241.08599465
12850.0 241.45861996