650.0 12.2423563985
670.0 12.6187699405
690.0 12.99518805
710.0 13.3716104273
730.0 13.748036801
750.0 14.1244669248
770.0 14.5009005745
790.0 14.8773375454
810.0 15.2537776503
830.0 15.6302207172
850.0 16.0066665882
870.0 16.3831151177
890.0 16.7595661714
910.0 17.1360196248
930.0 17.5124753627
950.0 17.888933278
970.0 18.265393271
990.0 18.6418552489
1010.0 19.018319125
1030.0 19.3947848183
1050.0 19.7712522528
1070.0 20.1477213574
1090.0 20.5241920653
1110.0 20.9006643134
1130.0 21.2771380427
1150.0 21.6536131973
1170.0 22.0300897244
1190.0 22.4065675741
1210.0 22.7830466994
1230.0 23.1595270554
1250.0 23.5360085999
1270.0 23.9124912923
1290.0 24.2889750946
1310.0 24.6654599701
1330.0 25.0419458842
1350.0 25.4184328037
1370.0 25.7949206969
1390.0 26.1714095338
1410.0 26.5478992852
1430.0 26.9243899236
1450.0 27.3008814224
1470.0 27.6773737561
1490.0 28.0538669004
1510.0 28.4303608318
1530.0 28.8068555276
1550.0 29.1833509662
1570.0 29.5598471266
1590.0 29.9363439886
1610.0 30.3128415329
1630.0 30.6893397405
1650.0 31.0658385934
1670.0 31.442338074
1690.0 31.8188381653
1710.0 32.1953388508
1730.0 32.5718401147
1750.0 32.9483419413
1770.0 33.3248443157
1790.0 33.7013472234
1810.0 34.0778506502
1830.0 34.4543545822
1850.0 34.8308590061
1870.0 35.2073639089
1890.0 35.5838692777
1910.0 35.9603751002
1930.0 36.3368813644
1950.0 36.7133880583
1970.0 37.0898951704
1990.0 37.4664026894
2010.0 37.8429106044
2030.0 38.2194189045
2050.0 38.5959275791
2070.0 38.9724366178
2090.0 39.3489460105
2110.0 39.7254557473
2130.0 40.1019658183
2150.0 40.4784762139
2170.0 40.8549869247
2190.0 41.2314979415
2210.0 41.608009255
2230.0 41.9845208563
2250.0 42.3610327365
2270.0 42.737544887
2290.0 43.1140572991
2310.0 43.4905699643
2330.0 43.8670828744
2350.0 44.243596021
2370.0 44.620109396
2390.0 44.9966229913
2410.0 45.373136799
2430.0 45.7496508112
2450.0 46.1261650202
2470.0 46.5026794181
2490.0 46.8791939975
2510.0 47.2557087506
2530.0 47.63222367
2550.0 48.0087387483
2570.0 48.3852539781
2590.0 48.761769352
2610.0 49.1382848629
2630.0 49.5148005034
2650.0 49.8913162665
2670.0 50.2678321449
2690.0 50.6443481317
2710.0 51.0208642196
2730.0 51.3973804018
2750.0 51.7738966713
2770.0 52.150413021
2790.0 52.5269294442
2810.0 52.9034459337
2830.0 53.2799624829
2850.0 53.6564790848
2870.0 54.0329957327
2890.0 54.4095124195
2910.0 54.7860291387
2930.0 55.1625458833
2950.0 55.5390626465
2970.0 55.9155794217
2990.0 56.292096202
3010.0 56.6686129806
3030.0 57.0451297508
3050.0 57.4216465058
3070.0 57.7981632389
3090.0 58.1746799432
3110.0 58.551196612
3130.0 58.9277132385
3150.0 59.3042298159
3170.0 59.6807463374
3190.0 60.0572627963
3210.0 60.4337791855
3230.0 60.8102954985
3250.0 61.1868117282
3270.0 61.5633278677
3290.0 61.9398439104
3310.0 62.3163598491
3330.0 62.6928756769
3350.0 63.069391387
3370.0 63.4459069723
3390.0 63.8224224258
3410.0 64.1989377405
3430.0 64.5754529094
3450.0 64.9519679253
3470.0 65.3284827811
3490.0 65.7049974696
3510.0 66.0815119838
3530.0 66.4580263163
3550.0 66.8345404599
3570.0 67.2110544074
3590.0 67.5875681513
3610.0 67.9640816843
3630.0 68.340594999
3650.0 68.717108088
3670.0 69.0936209437
3690.0 69.4701335587
3710.0 69.8466459252
3730.0 70.2231580358
3750.0 70.5996698826
3770.0 70.9761814581
3790.0 71.3526927543
3810.0 71.7292037636
3830.0 72.1057144779
3850.0 72.4822248894
3870.0 72.8587349901
3890.0 73.2352447719
3910.0 73.6117542268
3930.0 73.9882633465
3950.0 74.3647721228
3970.0 74.7412805476
3990.0 75.1177886124
4010.0 75.4942963088
4030.0 75.8708036284
4050.0 76.2473105626
4070.0 76.6238171029
4090.0 77.0003232405
4110.0 77.3768289668
4130.0 77.753334273
4150.0 78.1298391501
4170.0 78.5063435894
4190.0 78.8828475816
4210.0 79.2593511178
4230.0 79.6358541888
4250.0 80.0123567853
4270.0 80.3888588981
4290.0 80.7653605178
4310.0 81.1418616348
4330.0 81.5183622397
4350.0 81.8948623228
4370.0 82.2713618744
4390.0 82.6478608847
4410.0 83.0243593438
4430.0 83.4008572418
4450.0 83.7773545686
4470.0 84.1538513141
4490.0 84.5303474679
4510.0 84.9068430199
4530.0 85.2833379597
4550.0 85.6598322766
4570.0 86.0363259601
4590.0 86.4128189995
4610.0 86.7893113841
4630.0 87.1658031029
4650.0 87.5422941449
4670.0 87.9187844991
4690.0 88.2952741544
4710.0 88.6717630993
4730.0 89.0482513225
4750.0 89.4247388126
4770.0 89.8012255579
4790.0 90.1777115467
4810.0 90.5541967673
4830.0 90.9306812076
4850.0 91.3071648558
4870.0 91.6836476995
4890.0 92.0601297266
4910.0 92.4366109247
4930.0 92.8130912813
4950.0 93.1895707839
4970.0 93.5660494197
4990.0 93.9425271758
5010.0 94.3190040394
5030.0 94.6954799973
5050.0 95.0719550363
5070.0 95.4484291432
5090.0 95.8249023045
5110.0 96.2013745065
5130.0 96.5778457357
5150.0 96.9543159782
5170.0 97.33078522
5190.0 97.707253447
5210.0 98.0837206451
5230.0 98.4601867998
5250.0 98.8366518967
5270.0 99.2131159212
5290.0 99.5895788584
5310.0 99.9660406936
5330.0 100.342501412
5350.0 100.718960997
5370.0 101.095419435
5390.0 101.47187671
5410.0 101.848332806
5430.0 102.224787708
5450.0 102.601241399
5470.0 102.977693864
5490.0 103.354145086
5510.0 103.730595049
5530.0 104.107043737
5550.0 104.483491132
5570.0 104.859937218
5590.0 105.236381978
5610.0 105.612825395
5630.0 105.989267452
5650.0 106.365708131
5670.0 106.742147414
5690.0 107.118585284
5710.0 107.495021722
5730.0 107.871456711
5750.0 108.247890232
5770.0 108.624322268
5790.0 109.000752798
5810.0 109.377181805
5830.0 109.753609269
5850.0 110.130035171
5870.0 110.506459493
5890.0 110.882882214
5910.0 111.259303314
5930.0 111.635722775
5950.0 112.012140575
5970.0 112.388556695
5990.0 112.764971114
6010.0 113.141383811
6030.0 113.517794767
6050.0 113.894203959
6070.0 114.270611367
6090.0 114.647016969
6110.0 115.023420743
6130.0 115.399822669
6150.0 115.776222723
6170.0 116.152620884
6190.0 116.52901713
6210.0 116.905411438
6230.0 117.281803784
6250.0 117.658194147
6270.0 118.034582503
6290.0 118.410968828
6310.0 118.7873531
6330.0 119.163735293
6350.0 119.540115385
6370.0 119.916493351
6390.0 120.292869166
6410.0 120.669242807
6430.0 121.045614247
6450.0 121.421983462
6470.0 121.798350427
6490.0 122.174715116
6510.0 122.551077503
6530.0 122.927437563
6550.0 123.303795269
6570.0 123.680150594
6590.0 124.056503512
6610.0 124.432853997
6630.0 124.809202021
6650.0 125.185547556
6670.0 125.561890575
6690.0 125.93823105
6710.0 126.314568954
6730.0 126.690904257
6750.0 127.067236931
6770.0 127.443566948
6790.0 127.819894278
6810.0 128.196218892
6830.0 128.572540761
6850.0 128.948859854
6870.0 129.325176142
6890.0 129.701489594
6910.0 130.07780018
6930.0 130.454107869
6950.0 130.830412629
6970.0 131.206714431
6990.0 131.583013241
7010.0 131.959309028
7030.0 132.33560176
7050.0 132.711891405
7070.0 133.08817793
7090.0 133.464461302
7110.0 133.840741487
7130.0 134.217018453
7150.0 134.593292166
7170.0 134.969562591
7190.0 135.345829694
7210.0 135.722093442
7230.0 136.098353798
7250.0 136.474610728
7270.0 136.850864196
7290.0 137.227114168
7310.0 137.603360605
7330.0 137.979603474
7350.0 138.355842736
7370.0 138.732078356
7390.0 139.108310295
7410.0 139.484538517
7430.0 139.860762984
7450.0 140.236983658
7470.0 140.6132005
7490.0 140.989413472
7510.0 141.365622535
7530.0 141.74182765
7550.0 142.118028778
7570.0 142.494225878
7590.0 142.87041891
7610.0 143.246607834
7630.0 143.62279261
7650.0 143.998973195
7670.0 144.37514955
7690.0 144.751321632
7710.0 145.127489399
7730.0 145.503652808
7750.0 145.879811818
7770.0 146.255966386
7790.0 146.632116467
7810.0 147.008262019
7830.0 147.384402998
7850.0 147.760539359
7870.0 148.136671058
7890.0 148.51279805
7910.0 148.88892029
7930.0 149.265037732
7950.0 149.64115033
7970.0 150.017258039
7990.0 150.393360811
8010.0 150.7694586
8030.0 151.145551359
8050.0 151.52163904
8070.0 151.897721595
8090.0 152.273798976
8110.0 152.649871135
8130.0 153.025938022
8150.0 153.401999589
8170.0 153.778055785
8190.0 154.154106561
8210.0 154.530151867
8230.0 154.906191651
8250.0 155.282225864
8270.0 155.658254453
8290.0 156.034277367
8310.0 156.410294554
8330.0 156.786305962
8350.0 157.162311537
8370.0 157.538311228
8390.0 157.914304979
8410.0 158.290292738
8430.0 158.66627445
8450.0 159.042250061
8470.0 159.418219516
8490.0 159.79418276
8510.0 160.170139736
8530.0 160.54609039
8550.0 160.922034664
8570.0 161.297972502
8590.0 161.673903847
8610.0 162.049828642
8630.0 162.425746828
8650.0 162.801658347
8670.0 163.177563141
8690.0 163.553461152
8710.0 163.929352318
8730.0 164.305236582
8750.0 164.681113883
8770.0 165.05698416
8790.0 165.432847352
8810.0 165.808703399
8830.0 166.184552239
8850.0 166.56039381
8870.0 166.936228049
8890.0 167.312054895
8910.0 167.687874283
8930.0 168.06368615
8950.0 168.439490433
8970.0 168.815287068
8990.0 169.191075989
9010.0 169.566857131
9030.0 169.94263043
9050.0 170.318395819
9070.0 170.694153233
9090.0 171.069902604
9110.0 171.445643867
9130.0 171.821376953
9150.0 172.197101794
9170.0 172.572818324
9190.0 172.948526473
9210.0 173.324226172
9230.0 173.699917352
9250.0 174.075599944
9270.0 174.451273877
9290.0 174.826939082
9310.0 175.202595486
9330.0 175.57824302
9350.0 175.953881611
9370.0 176.329511187
9390.0 176.705131676
9410.0 177.080743006
9430.0 177.456345102
9450.0 177.831937892
9470.0 178.207521302
9490.0 178.583095257
9510.0 178.958659682
9530.0 179.334214503
9550.0 179.709759643
9570.0 180.085295027
9590.0 180.460820579
9610.0 180.836336222
9630.0 181.211841878
9650.0 181.587337471
9670.0 181.962822922
9690.0 182.338298153
9710.0 182.713763086
9730.0 183.089217641
9750.0 183.464661739
9770.0 183.8400953
9790.0 184.215518245
9810.0 184.590930491
9830.0 184.966331959
9850.0 185.341722566
9870.0 185.717102232
9890.0 186.092470873
9910.0 186.467828408
9930.0 186.843174754
9950.0 187.218509826
9970.0 187.593833542
9990.0 187.969145817
10010.0 188.344446567
10030.0 188.719735707
10050.0 189.095013151
10070.0 189.470278814
10090.0 189.845532611
10110.0 190.220774454
10130.0 190.596004256
10150.0 190.971221931
10170.0 191.346427392
10190.0 191.721620549
10210.0 192.096801315
10230.0 192.471969602
10250.0 192.847125319
10270.0 193.222268378
10290.0 193.597398689
10310.0 193.972516162
10330.0 194.347620706
10350.0 194.72271223
10370.0 195.097790643
10390.0 195.472855854
10410.0 195.84790777
10430.0 196.222946298
10450.0 196.597971347
10470.0 196.972982823
10490.0 197.347980633
10510.0 197.722964682
10530.0 198.097934877
10550.0 198.472891124
10570.0 198.847833326
10590.0 199.22276139
10610.0 199.597675218
10630.0 199.972574717
10650.0 200.347459788
10670.0 200.722330336
10690.0 201.097186264
10710.0 201.472027474
10730.0 201.846853868
10750.0 202.221665349
10770.0 202.596461819
10790.0 202.971243178
10810.0 203.346009327
10830.0 203.720760168
10850.0 204.0954956
10870.0 204.470215524
10890.0 204.84491984
10910.0 205.219608446
10930.0 205.594281241
10950.0 205.968938126
10970.0 206.343578997
10990.0 206.718203753
11010.0 207.092812291
11030.0 207.46740451
11050.0 207.841980307
11070.0 208.216539577
11090.0 208.591082219
11110.0 208.965608128
11130.0 209.340117199
11150.0 209.71460933
11170.0 210.089084415
11190.0 210.463542349
11210.0 210.837983027
11230.0 211.212406344
11250.0 211.586812194
11270.0 211.96120047
11290.0 212.335571068
11310.0 212.709923879
11330.0 213.084258798
11350.0 213.458575717
11370.0 213.832874528
11390.0 214.207155125
11410.0 214.581417399
11430.0 214.955661242
11450.0 215.329886546
11470.0 215.704093203
11490.0 216.078281102
11510.0 216.452450136
11530.0 216.826600195
11550.0 217.20073117
11570.0 217.57484295
11590.0 217.948935425
11610.0 218.323008486
11630.0 218.697062022
11650.0 219.071095921
11670.0 219.445110075
11690.0 219.81910437
11710.0 220.193078697
11730.0 220.567032943
11750.0 220.940966996
11770.0 221.314880746
11790.0 221.688774079
11810.0 222.062646884
11830.0 222.436499049
11850.0 222.810330459
11870.0 223.184141004
11890.0 223.557930569
11910.0 223.931699042
11930.0 224.30544631
11950.0 224.679172258
11970.0 225.052876774
11990.0 225.426559744
12010.0 225.800221053
12030.0 226.173860589
12050.0 226.547478236
12070.0 226.92107388
12090.0 227.294647407
12110.0 227.668198703
12130.0 228.041727653
12150.0 228.415234142
12170.0 228.788718055
12190.0 229.162179278
12210.0 229.535617695
12230.0 229.909033191
12250.0 230.28242565
12270.0 230.655794959
12290.0 231.029141
12310.0 231.402463659
12330.0 231.775762821
12350.0 232.149038369
12370.0 232.522290188
12390.0 232.895518162
12410.0 233.268722175
12430.0 233.641902112
12450.0 234.015057857
12470.0 234.388189294
12490.0 234.761296306
12510.0 235.134378779
12530.0 235.507436595
12550.0 235.88046964
12570.0 236.253477797
12590.0 236.62646095
12610.0 236.999418983
12630.0 237.372351781
12650.0 237.745259227
12670.0 238.118141205
12690.0 238.490997599
12710.0 238.863828294
12730.0 239.236633174
12750.0 239.609412122
12770.0 239.982165024
12790.0 240.354891763
12810.0 240.727592224
12830.0 241.100266291
12850.0 241.472913848