650.0 12.2323797759
670.0 12.6084863449
690.0 12.9845974814
710.0 13.3607128857
730.0 13.7368322864
750.0 14.1129554372
770.0 14.4890821139
790.0 14.8652121118
810.0 15.2413452436
830.0 15.6174813375
850.0 15.9936202355
870.0 16.3697617921
890.0 16.7459058728
910.0 17.1220523532
930.0 17.4982011181
950.0 17.8743520603
970.0 18.2505050803
990.0 18.6266600852
1010.0 19.0028169883
1030.0 19.3789757086
1050.0 19.7551361702
1070.0 20.1312983018
1090.0 20.5074620366
1110.0 20.8836273118
1130.0 21.259794068
1150.0 21.6359622496
1170.0 22.0121318037
1190.0 22.3883026804
1210.0 22.7644748327
1230.0 23.1406482158
1250.0 23.5168227872
1270.0 23.8929985066
1290.0 24.2691753359
1310.0 24.6453532384
1330.0 25.0215321795
1350.0 25.397712126
1370.0 25.7738930462
1390.0 26.15007491
1410.0 26.5262576885
1430.0 26.9024413539
1450.0 27.2786258796
1470.0 27.6548112404
1490.0 28.0309974117
1510.0 28.40718437
1530.0 28.7833720928
1550.0 29.1595605584
1570.0 29.5357497458
1590.0 29.9119396349
1610.0 30.2881302061
1630.0 30.6643214408
1650.0 31.0405133207
1670.0 31.4167058283
1690.0 31.7928989466
1710.0 32.1690926591
1730.0 32.5452869499
1750.0 32.9214818035
1770.0 33.297677205
1790.0 33.6738731396
1810.0 34.0500695934
1830.0 34.4262665524
1850.0 34.8024640033
1870.0 35.1786619331
1890.0 35.5548603289
1910.0 35.9310591784
1930.0 36.3072584696
1950.0 36.6834581904
1970.0 37.0596583296
1990.0 37.4358588756
2010.0 37.8120598176
2030.0 38.1882611447
2050.0 38.5644628462
2070.0 38.940664912
2090.0 39.3168673317
2110.0 39.6930700955
2130.0 40.0692731935
2150.0 40.4454766161
2170.0 40.8216803539
2190.0 41.1978843976
2210.0 41.5740887381
2230.0 41.9502933664
2250.0 42.3264982736
2270.0 42.7027034511
2290.0 43.0789088902
2310.0 43.4551145824
2330.0 43.8313205195
2350.0 44.2075266931
2370.0 44.5837330951
2390.0 44.9599397174
2410.0 45.3361465521
2430.0 45.7123535914
2450.0 46.0885608273
2470.0 46.4647682523
2490.0 46.8409758586
2510.0 47.2171836387
2530.0 47.5933915851
2550.0 47.9695996904
2570.0 48.3458079472
2590.0 48.7220163481
2610.0 49.098224886
2630.0 49.4744335535
2650.0 49.8506423436
2670.0 50.226851249
2690.0 50.6030602627
2710.0 50.9792693777
2730.0 51.3554785869
2750.0 51.7316878834
2770.0 52.1078972601
2790.0 52.4841067102
2810.0 52.8603162268
2830.0 53.236525803
2850.0 53.6127354319
2870.0 53.9889451067
2890.0 54.3651548206
2910.0 54.7413645667
2930.0 55.1175743383
2950.0 55.4937841286
2970.0 55.8699939307
2990.0 56.246203738
3010.0 56.6224135436
3030.0 56.9986233408
3050.0 57.3748331228
3070.0 57.7510428829
3090.0 58.1272526142
3110.0 58.50346231
3130.0 58.8796719635
3150.0 59.2558815679
3170.0 59.6320911164
3190.0 60.0083006023
3210.0 60.3845100185
3230.0 60.7607193585
3250.0 61.1369286151
3270.0 61.5131377817
3290.0 61.8893468513
3310.0 62.265555817
3330.0 62.6417646719
3350.0 63.017973409
3370.0 63.3941820213
3390.0 63.7703905018
3410.0 64.1465988435
3430.0 64.5228070393
3450.0 64.8990150822
3470.0 65.275222965
3490.0 65.6514306806
3510.0 66.0276382217
3530.0 66.4038455813
3550.0 66.7800527519
3570.0 67.1562597263
3590.0 67.5324664972
3610.0 67.9086730572
3630.0 68.284879399
3650.0 68.6610855149
3670.0 69.0372913977
3690.0 69.4134970396
3710.0 69.7897024331
3730.0 70.1659075707
3750.0 70.5421124445
3770.0 70.918317047
3790.0 71.2945213703
3810.0 71.6707254065
3830.0 72.0469291478
3850.0 72.4231325863
3870.0 72.799335714
3890.0 73.1755385228
3910.0 73.5517410047
3930.0 73.9279431514
3950.0 74.3041449547
3970.0 74.6803464065
3990.0 75.0565474982
4010.0 75.4327482216
4030.0 75.8089485682
4050.0 76.1851485294
4070.0 76.5613480967
4090.0 76.9375472614
4110.0 77.3137460147
4130.0 77.6899443478
4150.0 78.066142252
4170.0 78.4423397182
4190.0 78.8185367374
4210.0 79.1947333006
4230.0 79.5709293986
4250.0 79.9471250222
4270.0 80.323320162
4290.0 80.6995148086
4310.0 81.0757089527
4330.0 81.4519025846
4350.0 81.8280956946
4370.0 82.2042882732
4390.0 82.5804803105
4410.0 82.9566717967
4430.0 83.3328627216
4450.0 83.7090530754
4470.0 84.0852428479
4490.0 84.4614320287
4510.0 84.8376206077
4530.0 85.2138085744
4550.0 85.5899959184
4570.0 85.9661826289
4590.0 86.3423686953
4610.0 86.7185541068
4630.0 87.0947388526
4650.0 87.4709229217
4670.0 87.8471063029
4690.0 88.2232889851
4710.0 88.599470957
4730.0 88.9756522073
4750.0 89.3518327244
4770.0 89.7280124967
4790.0 90.1041915125
4810.0 90.48036976
4830.0 90.8565472274
4850.0 91.2327239025
4870.0 91.6088997732
4890.0 91.9850748273
4910.0 92.3612490524
4930.0 92.7374224361
4950.0 93.1135949656
4970.0 93.4897666284
4990.0 93.8659374115
5010.0 94.2421073021
5030.0 94.618276287
5050.0 94.994444353
5070.0 95.3706114869
5090.0 95.7467776752
5110.0 96.1229429042
5130.0 96.4991071604
5150.0 96.8752704299
5170.0 97.2514326987
5190.0 97.6275939527
5210.0 98.0037541778
5230.0 98.3799133595
5250.0 98.7560714834
5270.0 99.1322285349
5290.0 99.5083844991
5310.0 99.8845393612
5330.0 100.260693106
5350.0 100.636845719
5370.0 101.012997184
5390.0 101.389147486
5410.0 101.765296609
5430.0 102.141444538
5450.0 102.517591256
5470.0 102.893736748
5490.0 103.269880997
5510.0 103.646023987
5530.0 104.022165701
5550.0 104.398306123
5570.0 104.774445237
5590.0 105.150583024
5610.0 105.526719468
5630.0 105.902854552
5650.0 106.278988257
5670.0 106.655120567
5690.0 107.031251464
5710.0 107.40738093
5730.0 107.783508946
5750.0 108.159635494
5770.0 108.535760556
5790.0 108.911884114
5810.0 109.288006147
5830.0 109.664126639
5850.0 110.040245568
5870.0 110.416362916
5890.0 110.792478664
5910.0 111.168592792
5930.0 111.544705279
5950.0 111.920816107
5970.0 112.296925253
5990.0 112.673032699
6010.0 113.049138424
6030.0 113.425242406
6050.0 113.801344625
6070.0 114.17744506
6090.0 114.553543689
6110.0 114.929640491
6130.0 115.305735443
6150.0 115.681828525
6170.0 116.057919713
6190.0 116.434008986
6210.0 116.81009632
6230.0 117.186181694
6250.0 117.562265084
6270.0 117.938346466
6290.0 118.314425819
6310.0 118.690503117
6330.0 119.066578338
6350.0 119.442651457
6370.0 119.818722449
6390.0 120.194791292
6410.0 120.570857959
6430.0 120.946922426
6450.0 121.322984669
6470.0 121.699044661
6490.0 122.075102376
6510.0 122.451157791
6530.0 122.827210877
6550.0 123.20326161
6570.0 123.579309962
6590.0 123.955355908
6610.0 124.331399419
6630.0 124.70744047
6650.0 125.083479032
6670.0 125.459515078
6690.0 125.835548581
6710.0 126.211579511
6730.0 126.587607841
6750.0 126.963633543
6770.0 127.339656586
6790.0 127.715676943
6810.0 128.091694584
6830.0 128.46770948
6850.0 128.8437216
6870.0 129.219730915
6890.0 129.595737394
6910.0 129.971741007
6930.0 130.347741723
6950.0 130.723739511
6970.0 131.099734339
6990.0 131.475726176
7010.0 131.85171499
7030.0 132.22770075
7050.0 132.603683421
7070.0 132.979662973
7090.0 133.355639372
7110.0 133.731612585
7130.0 134.107582577
7150.0 134.483549317
7170.0 134.859512769
7190.0 135.2354729
7210.0 135.611429674
7230.0 135.987383057
7250.0 136.363333014
7270.0 136.73927951
7290.0 137.115222508
7310.0 137.491161973
7330.0 137.867097868
7350.0 138.243030158
7370.0 138.618958804
7390.0 138.99488377
7410.0 139.370805019
7430.0 139.746722513
7450.0 140.122636214
7470.0 140.498546083
7490.0 140.874452082
7510.0 141.250354173
7530.0 141.626252315
7550.0 142.002146469
7570.0 142.378036596
7590.0 142.753922655
7610.0 143.129804607
7630.0 143.505682409
7650.0 143.881556022
7670.0 144.257425403
7690.0 144.633290512
7710.0 145.009151306
7730.0 145.385007743
7750.0 145.76085978
7770.0 146.136707374
7790.0 146.512550483
7810.0 146.888389062
7830.0 147.264223067
7850.0 147.640052455
7870.0 148.015877181
7890.0 148.3916972
7910.0 148.767512467
7930.0 149.143322936
7950.0 149.519128561
7970.0 149.894929297
7990.0 150.270725096
8010.0 150.646515912
8030.0 151.022301698
8050.0 151.398082406
8070.0 151.773857988
8090.0 152.149628396
8110.0 152.525393582
8130.0 152.901153496
8150.0 153.27690809
8170.0 153.652657313
8190.0 154.028401116
8210.0 154.404139449
8230.0 154.77987226
8250.0 155.1555995
8270.0 155.531321116
8290.0 155.907037057
8310.0 156.282747272
8330.0 156.658451706
8350.0 157.034150309
8370.0 157.409843026
8390.0 157.785529804
8410.0 158.16121059
8430.0 158.53688533
8450.0 158.912553968
8470.0 159.288216449
8490.0 159.66387272
8510.0 160.039522723
8530.0 160.415166404
8550.0 160.790803705
8570.0 161.16643457
8590.0 161.542058942
8610.0 161.917676764
8630.0 162.293287977
8650.0 162.668892523
8670.0 163.044490344
8690.0 163.420081382
8710.0 163.795665575
8730.0 164.171242866
8750.0 164.546813194
8770.0 164.922376498
8790.0 165.297932717
8810.0 165.673481791
8830.0 166.049023658
8850.0 166.424558256
8870.0 166.800085523
8890.0 167.175605395
8910.0 167.55111781
8930.0 167.926622705
8950.0 168.302120015
8970.0 168.677609676
8990.0 169.053091624
9010.0 169.428565793
9030.0 169.804032119
9050.0 170.179490535
9070.0 170.554940976
9090.0 170.930383375
9110.0 171.305817664
9130.0 171.681243777
9150.0 172.056661645
9170.0 172.432071202
9190.0 172.807472378
9210.0 173.182865104
9230.0 173.558249311
9250.0 173.93362493
9270.0 174.30899189
9290.0 174.684350122
9310.0 175.059699553
9330.0 175.435040114
9350.0 175.810371732
9370.0 176.185694335
9390.0 176.561007851
9410.0 176.936312208
9430.0 177.311607331
9450.0 177.686893148
9470.0 178.062169585
9490.0 178.437436567
9510.0 178.812694019
9530.0 179.187941867
9550.0 179.563180034
9570.0 179.938408445
9590.0 180.313627024
9610.0 180.688835694
9630.0 181.064034377
9650.0 181.439222997
9670.0 181.814401475
9690.0 182.189569733
9710.0 182.564727693
9730.0 182.939875275
9750.0 183.3150124
9770.0 183.690138988
9790.0 184.065254959
9810.0 184.440360233
9830.0 184.815454728
9850.0 185.190538362
9870.0 185.565611055
9890.0 185.940672723
9910.0 186.315723285
9930.0 186.690762658
9950.0 187.065790757
9970.0 187.4408075
9990.0 187.815812802
10010.0 188.190806579
10030.0 188.565788746
10050.0 188.940759217
10070.0 189.315717907
10090.0 189.690664731
10110.0 190.065599601
10130.0 190.44052243
10150.0 190.815433132
10170.0 191.19033162
10190.0 191.565217804
10210.0 191.940091597
10230.0 192.314952911
10250.0 192.689801655
10270.0 193.064637741
10290.0 193.439461079
10310.0 193.814271579
10330.0 194.18906915
10350.0 194.563853701
10370.0 194.938625141
10390.0 195.313383379
10410.0 195.688128321
10430.0 196.062859877
10450.0 196.437577953
10470.0 196.812282456
10490.0 197.186973293
10510.0 197.561650369
10530.0 197.936313591
10550.0 198.310962864
10570.0 198.685598094
10590.0 199.060219184
10610.0 199.43482604
10630.0 199.809418566
10650.0 200.183996664
10670.0 200.558560239
10690.0 200.933109194
10710.0 201.307643431
10730.0 201.682162852
10750.0 202.05666736
10770.0 202.431156857
10790.0 202.805631242
10810.0 203.180090419
10830.0 203.554534287
10850.0 203.928962746
10870.0 204.303375697
10890.0 204.67777304
10910.0 205.052154672
10930.0 205.426520495
10950.0 205.800870406
10970.0 206.175204304
10990.0 206.549522087
11010.0 206.923823653
11030.0 207.298108899
11050.0 207.672377722
11070.0 208.04663002
11090.0 208.420865689
11110.0 208.795084624
11130.0 209.169286723
11150.0 209.543471881
11170.0 209.917639992
11190.0 210.291790954
11210.0 210.665924659
11230.0 211.040041003
11250.0 211.414139879
11270.0 211.788221183
11290.0 212.162284807
11310.0 212.536330646
11330.0 212.910358591
11350.0 213.284368537
11370.0 213.658360376
11390.0 214.032334
11410.0 214.406289301
11430.0 214.780226171
11450.0 215.154144502
11470.0 215.528044185
11490.0 215.901925112
11510.0 216.275787173
11530.0 216.649630259
11550.0 217.02345426
11570.0 217.397259067
11590.0 217.77104457
11610.0 218.144810657
11630.0 218.51855722
11650.0 218.892284147
11670.0 219.265991327
11690.0 219.63967865
11710.0 220.013346003
11730.0 220.386993276
11750.0 220.760620357
11770.0 221.134227134
11790.0 221.507813494
11810.0 221.881379326
11830.0 222.254924517
11850.0 222.628448955
11870.0 223.001952527
11890.0 223.375435119
11910.0 223.748896619
11930.0 224.122336913
11950.0 224.495755889
11970.0 224.869153432
11990.0 225.242529428
12010.0 225.615883765
12030.0 225.989216327
12050.0 226.362527001
12070.0 226.735815673
12090.0 227.109082227
12110.0 227.48232655
12130.0 227.855548527
12150.0 228.228748043
12170.0 228.601924983
12190.0 228.975079232
12210.0 229.348210676
12230.0 229.721319199
12250.0 230.094404686
12270.0 230.467467021
12290.0 230.84050609
12310.0 231.213521776
12330.0 231.586513964
12350.0 231.959482539
12370.0 232.332427385
12390.0 232.705348386
12410.0 233.078245427
12430.0 233.451118391
12450.0 233.823967162
12470.0 234.196791626
12490.0 234.569591666
12510.0 234.942367165
12530.0 235.315118009
12550.0 235.687844081
12570.0 236.060545265
12590.0 236.433221445
12610.0 236.805872505
12630.0 237.178498329
12650.0 237.551098802
12670.0 237.923673807
12690.0 238.296223229
12710.0 238.668746951
12730.0 239.041244857
12750.0 239.413716833
12770.0 239.786162761
12790.0 240.158582527
12810.0 240.530976015
12830.0 240.903343109
12850.0 241.275683694