650.0 12.2250021853
670.0 12.6008817515
690.0 12.9767658853
710.0 13.3526542867
730.0 13.7285466846
750.0 14.1044428327
770.0 14.4803425066
790.0 14.8562455017
810.0 15.2321516308
830.0 15.6080607219
850.0 15.9839726171
870.0 16.3598871709
890.0 16.7358042488
910.0 17.1117237264
930.0 17.4876454885
950.0 17.863569428
970.0 18.2394954452
990.0 18.6154234473
1010.0 18.9913533476
1030.0 19.3672850651
1050.0 19.7432185239
1070.0 20.1191536527
1090.0 20.4950903847
1110.0 20.8710286571
1130.0 21.2469684106
1150.0 21.6229095894
1170.0 21.9988521407
1190.0 22.3747960146
1210.0 22.7507411641
1230.0 23.1266875444
1250.0 23.502635113
1270.0 23.8785838297
1290.0 24.2545336561
1310.0 24.6304845559
1330.0 25.0064364942
1350.0 25.3823894379
1370.0 25.7583433553
1390.0 26.1342982164
1410.0 26.510253992
1430.0 26.8862106546
1450.0 27.2621681776
1470.0 27.6381265356
1490.0 28.0140857041
1510.0 28.3900456596
1530.0 28.7660063797
1550.0 29.1419678424
1570.0 29.5179300271
1590.0 29.8938929133
1610.0 30.2698564818
1630.0 30.6458207137
1650.0 31.0217855908
1670.0 31.3977510956
1690.0 31.7737172111
1710.0 32.1496839208
1730.0 32.5256512088
1750.0 32.9016190597
1770.0 33.2775874583
1790.0 33.6535563902
1810.0 34.0295258412
1830.0 34.4054957974
1850.0 34.7814662456
1870.0 35.1574371725
1890.0 35.5334085656
1910.0 35.9093804123
1930.0 36.2853527006
1950.0 36.6613254188
1970.0 37.0372985551
1990.0 37.4132720984
2010.0 37.7892460375
2030.0 38.1652203618
2050.0 38.5411950606
2070.0 38.9171701236
2090.0 39.2931455405
2110.0 39.6691213015
2130.0 40.0450973967
2150.0 40.4210738165
2170.0 40.7970505515
2190.0 41.1730275925
2210.0 41.5490049302
2230.0 41.9249825557
2250.0 42.3009604601
2270.0 42.6769386348
2290.0 43.0529170711
2310.0 43.4288957606
2330.0 43.8048746948
2350.0 44.1808538657
2370.0 44.5568332649
2390.0 44.9328128844
2410.0 45.3087927163
2430.0 45.6847727528
2450.0 46.0607529859
2470.0 46.4367334081
2490.0 46.8127140116
2510.0 47.188694789
2530.0 47.5646757326
2550.0 47.9406568351
2570.0 48.3166380891
2590.0 48.6926194873
2610.0 49.0686010223
2630.0 49.4445826871
2650.0 49.8205644743
2670.0 50.196546377
2690.0 50.5725283879
2710.0 50.9485105001
2730.0 51.3244927065
2750.0 51.7004750002
2770.0 52.0764573742
2790.0 52.4524398215
2810.0 52.8284223353
2830.0 53.2044049087
2850.0 53.5803875348
2870.0 53.9563702068
2890.0 54.3323529179
2910.0 54.7083356613
2930.0 55.0843184301
2950.0 55.4603012175
2970.0 55.8362840169
2990.0 56.2122668214
3010.0 56.5882496242
3030.0 56.9642324187
3050.0 57.3402151979
3070.0 57.7161979551
3090.0 58.0921806837
3110.0 58.4681633767
3130.0 58.8441460274
3150.0 59.220128629
3170.0 59.5961111748
3190.0 59.9720936578
3210.0 60.3480760713
3230.0 60.7240584084
3250.0 61.1000406623
3270.0 61.4760228261
3290.0 61.8520048929
3310.0 62.2279868558
3330.0 62.6039687079
3350.0 62.9799504422
3370.0 63.3559320517
3390.0 63.7319135294
3410.0 64.1078948684
3430.0 64.4838760614
3450.0 64.8598571015
3470.0 65.2358379815
3490.0 65.6118186943
3510.0 65.9877992327
3530.0 66.3637795894
3550.0 66.7397597572
3570.0 67.1157397289
3590.0 67.491719497
3610.0 67.8676990543
3630.0 68.2436783932
3650.0 68.6196575064
3670.0 68.9956363863
3690.0 69.3716150254
3710.0 69.7475934162
3730.0 70.123571551
3750.0 70.499549422
3770.0 70.8755270217
3790.0 71.2515043422
3810.0 71.6274813756
3830.0 72.0034581142
3850.0 72.3794345499
3870.0 72.7554106748
3890.0 73.1313864808
3910.0 73.5073619599
3930.0 73.8833371038
3950.0 74.2593119044
3970.0 74.6352863533
3990.0 75.0112604423
4010.0 75.3872341629
4030.0 75.7632075067
4050.0 76.1391804651
4070.0 76.5151530296
4090.0 76.8911251915
4110.0 77.267096942
4130.0 77.6430682724
4150.0 78.0190391738
4170.0 78.3950096372
4190.0 78.7709796536
4210.0 79.146949214
4230.0 79.5229183092
4250.0 79.89888693
4270.0 80.274855067
4290.0 80.6508227109
4310.0 81.0267898521
4330.0 81.4027564812
4350.0 81.7787225885
4370.0 82.1546881643
4390.0 82.5306531989
4410.0 82.9066176822
4430.0 83.2825816044
4450.0 83.6585449554
4470.0 84.034507725
4490.0 84.4104699031
4510.0 84.7864314793
4530.0 85.1623924433
4550.0 85.5383527844
4570.0 85.9143124921
4590.0 86.2902715557
4610.0 86.6662299645
4630.0 87.0421877075
4650.0 87.4181447738
4670.0 87.7941011522
4690.0 88.1700568316
4710.0 88.5460118008
4730.0 88.9219660482
4750.0 89.2979195625
4770.0 89.673872332
4790.0 90.0498243451
4810.0 90.4257755898
4830.0 90.8017260544
4850.0 91.1776757267
4870.0 91.5536245947
4890.0 91.929572646
4910.0 92.3055198683
4930.0 92.6814662492
4950.0 93.0574117759
4970.0 93.4333564359
4990.0 93.8093002163
5010.0 94.185243104
5030.0 94.5611850861
5050.0 94.9371261494
5070.0 95.3130662805
5090.0 95.689005466
5110.0 96.0649436922
5130.0 96.4408809456
5150.0 96.8168172123
5170.0 97.1927524783
5190.0 97.5686867296
5210.0 97.9446199518
5230.0 98.3205521308
5250.0 98.6964832519
5270.0 99.0724133006
5290.0 99.448342262
5310.0 99.8242701214
5330.0 100.200196864
5350.0 100.576122473
5370.0 100.952046936
5390.0 101.327970235
5410.0 101.703892355
5430.0 102.079813281
5450.0 102.455732996
5470.0 102.831651485
5490.0 103.207568732
5510.0 103.583484719
5530.0 103.959399431
5550.0 104.33531285
5570.0 104.711224961
5590.0 105.087135745
5610.0 105.463045186
5630.0 105.838953267
5650.0 106.21485997
5670.0 106.590765277
5690.0 106.966669171
5710.0 107.342571634
5730.0 107.718472647
5750.0 108.094372193
5770.0 108.470270252
5790.0 108.846166807
5810.0 109.222061838
5830.0 109.597955326
5850.0 109.973847253
5870.0 110.349737599
5890.0 110.725626344
5910.0 111.101513468
5930.0 111.477398953
5950.0 111.853282778
5970.0 112.229164922
5990.0 112.605045365
6010.0 112.980924087
6030.0 113.356801066
6050.0 113.732676283
6070.0 114.108549714
6090.0 114.484421341
6110.0 114.860291139
6130.0 115.236159089
6150.0 115.612025168
6170.0 115.987889353
6190.0 116.363751623
6210.0 116.739611955
6230.0 117.115470326
6250.0 117.491326713
6270.0 117.867181093
6290.0 118.243033442
6310.0 118.618883738
6330.0 118.994731956
6350.0 119.370578072
6370.0 119.746422062
6390.0 120.122263901
6410.0 120.498103566
6430.0 120.873941031
6450.0 121.24977627
6470.0 121.625609259
6490.0 122.001439972
6510.0 122.377268384
6530.0 122.753094467
6550.0 123.128918197
6570.0 123.504739547
6590.0 123.88055849
6610.0 124.256374999
6630.0 124.632189046
6650.0 125.008000606
6670.0 125.383809649
6690.0 125.759616149
6710.0 126.135420076
6730.0 126.511221404
6750.0 126.887020102
6770.0 127.262816143
6790.0 127.638609497
6810.0 128.014400136
6830.0 128.390188028
6850.0 128.765973146
6870.0 129.141755458
6890.0 129.517534934
6910.0 129.893311544
6930.0 130.269085257
6950.0 130.644856042
6970.0 131.020623868
6990.0 131.396388702
7010.0 131.772150514
7030.0 132.14790927
7050.0 132.523664939
7070.0 132.899417488
7090.0 133.275166884
7110.0 133.650913094
7130.0 134.026656084
7150.0 134.402395821
7170.0 134.77813227
7190.0 135.153865398
7210.0 135.529595169
7230.0 135.90532155
7250.0 136.281044504
7270.0 136.656763997
7290.0 137.032479992
7310.0 137.408192454
7330.0 137.783901347
7350.0 138.159606633
7370.0 138.535308277
7390.0 138.911006241
7410.0 139.286700487
7430.0 139.662390978
7450.0 140.038077676
7470.0 140.413760542
7490.0 140.789439539
7510.0 141.165114626
7530.0 141.540785766
7550.0 141.916452917
7570.0 142.292116041
7590.0 142.667775098
7610.0 143.043430046
7630.0 143.419080846
7650.0 143.794727456
7670.0 144.170369835
7690.0 144.54600794
7710.0 144.921641732
7730.0 145.297271166
7750.0 145.6728962
7770.0 146.048516791
7790.0 146.424132897
7810.0 146.799744473
7830.0 147.175351476
7850.0 147.550953862
7870.0 147.926551585
7890.0 148.302144601
7910.0 148.677732865
7930.0 149.053316331
7950.0 149.428894954
7970.0 149.804468687
7990.0 150.180037483
8010.0 150.555601296
8030.0 150.931160079
8050.0 151.306713784
8070.0 151.682262364
8090.0 152.057805769
8110.0 152.433343952
8130.0 152.808876863
8150.0 153.184404454
8170.0 153.559926675
8190.0 153.935443475
8210.0 154.310954805
8230.0 154.686460614
8250.0 155.061960851
8270.0 155.437455464
8290.0 155.812944402
8310.0 156.188427614
8330.0 156.563905046
8350.0 156.939376645
8370.0 157.31484236
8390.0 157.690302135
8410.0 158.065755919
8430.0 158.441203655
8450.0 158.81664529
8470.0 159.192080769
8490.0 159.567510037
8510.0 159.942933038
8530.0 160.318349715
8550.0 160.693760014
8570.0 161.069163876
8590.0 161.444561245
8610.0 161.819952064
8630.0 162.195336274
8650.0 162.570713818
8670.0 162.946084636
8690.0 163.321448671
8710.0 163.696805862
8730.0 164.07215615
8750.0 164.447499475
8770.0 164.822835776
8790.0 165.198164993
8810.0 165.573487064
8830.0 165.948801928
8850.0 166.324109523
8870.0 166.699409787
8890.0 167.074702656
8910.0 167.449988069
8930.0 167.82526596
8950.0 168.200536268
8970.0 168.575798926
8990.0 168.951053871
9010.0 169.326301038
9030.0 169.701540361
9050.0 170.076771774
9070.0 170.451995212
9090.0 170.827210608
9110.0 171.202417895
9130.0 171.577617005
9150.0 171.952807871
9170.0 172.327990424
9190.0 172.703164597
9210.0 173.078330321
9230.0 173.453487525
9250.0 173.828636141
9270.0 174.203776099
9290.0 174.578907327
9310.0 174.954029756
9330.0 175.329143314
9350.0 175.704247929
9370.0 176.079343529
9390.0 176.454430043
9410.0 176.829507397
9430.0 177.204575517
9450.0 177.579634332
9470.0 177.954683766
9490.0 178.329723745
9510.0 178.704754194
9530.0 179.079775039
9550.0 179.454786203
9570.0 179.829787612
9590.0 180.204779188
9610.0 180.579760855
9630.0 180.954732535
9650.0 181.329694152
9670.0 181.704645628
9690.0 182.079586883
9710.0 182.45451784
9730.0 182.829438419
9750.0 183.204348542
9770.0 183.579248127
9790.0 183.954137095
9810.0 184.329015366
9830.0 184.703882858
9850.0 185.07873949
9870.0 185.45358518
9890.0 185.828419845
9910.0 186.203243405
9930.0 186.578055774
9950.0 186.952856871
9970.0 187.327646611
9990.0 187.70242491
10010.0 188.077191684
10030.0 188.451946848
10050.0 188.826690317
10070.0 189.201422004
10090.0 189.576141825
10110.0 189.950849692
10130.0 190.325545519
10150.0 190.700229218
10170.0 191.074900703
10190.0 191.449559884
10210.0 191.824206675
10230.0 192.198840985
10250.0 192.573462727
10270.0 192.94807181
10290.0 193.322668146
10310.0 193.697251643
10330.0 194.071822211
10350.0 194.446379759
10370.0 194.820924196
10390.0 195.195455431
10410.0 195.569973371
10430.0 195.944477924
10450.0 196.318968997
10470.0 196.693446497
10490.0 197.067910331
10510.0 197.442360405
10530.0 197.816796624
10550.0 198.191218895
10570.0 198.565627121
10590.0 198.940021209
10610.0 199.314401062
10630.0 199.688766585
10650.0 200.06311768
10670.0 200.437454252
10690.0 200.811776204
10710.0 201.186083438
10730.0 201.560375857
10750.0 201.934653362
10770.0 202.308915856
10790.0 202.683163239
10810.0 203.057395413
10830.0 203.431612278
10850.0 203.805813734
10870.0 204.179999683
10890.0 204.554170022
10910.0 204.928324652
10930.0 205.302463472
10950.0 205.676586381
10970.0 206.050693276
10990.0 206.424784056
11010.0 206.798858619
11030.0 207.172916862
11050.0 207.546958683
11070.0 207.920983978
11090.0 208.294992643
11110.0 208.668984576
11130.0 209.042959672
11150.0 209.416917827
11170.0 209.790858936
11190.0 210.164782894
11210.0 210.538689597
11230.0 210.912578938
11250.0 211.286450812
11270.0 211.660305113
11290.0 212.034141734
11310.0 212.40796057
11330.0 212.781761513
11350.0 213.155544456
11370.0 213.529309292
11390.0 213.903055913
11410.0 214.276784211
11430.0 214.650494078
11450.0 215.024185407
11470.0 215.397858087
11490.0 215.771512011
11510.0 216.145147069
11530.0 216.518763152
11550.0 216.892360151
11570.0 217.265937955
11590.0 217.639496455
11610.0 218.01303554
11630.0 218.3865551
11650.0 218.760055024
11670.0 219.133535201
11690.0 219.506995521
11710.0 219.880435872
11730.0 220.253856142
11750.0 220.62725622
11770.0 221.000635994
11790.0 221.373995351
11810.0 221.747334181
11830.0 222.120652369
11850.0 222.493949804
11870.0 222.867226373
11890.0 223.240481962
11910.0 223.613716459
11930.0 223.986929751
11950.0 224.360121724
11970.0 224.733292264
11990.0 225.106441258
12010.0 225.479568591
12030.0 225.852674151
12050.0 226.225757822
12070.0 226.598819491
12090.0 226.971859042
12110.0 227.344876363
12130.0 227.717871337
12150.0 228.09084385
12170.0 228.463793787
12190.0 228.836721034
12210.0 229.209625475
12230.0 229.582506995
12250.0 229.955365479
12270.0 230.328200812
12290.0 230.701012877
12310.0 231.073801561
12330.0 231.446566746
12350.0 231.819308319
12370.0 232.192026162
12390.0 232.56472016
12410.0 232.937390198
12430.0 233.310036159
12450.0 233.682657928
12470.0 234.055255389
12490.0 234.427828425
12510.0 234.800376922
12530.0 235.172900763
12550.0 235.545399832
12570.0 235.917874013
12590.0 236.290323191
12610.0 236.662747248
12630.0 237.03514607
12650.0 237.40751954
12670.0 237.779867542
12690.0 238.15218996
12710.0 238.52448668
12730.0 238.896757583
12750.0 239.269002556
12770.0 239.641221482
12790.0 240.013414245
12810.0 240.38558073
12830.0 240.757720821
12850.0 241.129834403