650.0 12.2364577548
670.0 12.6126898001
690.0 12.9889264129
710.0 13.3651672934
730.0 13.7414121704
750.0 14.1176607975
770.0 14.4939129505
790.0 14.8701684247
810.0 15.2464270328
830.0 15.6226886029
850.0 15.9989529772
870.0 16.3752200101
890.0 16.751489567
910.0 17.1277615237
930.0 17.5040357649
950.0 17.8803121834
970.0 18.2565906797
990.0 18.6328711608
1010.0 19.0091535402
1030.0 19.3854377368
1050.0 19.7617236746
1070.0 20.1380112825
1090.0 20.5143004936
1110.0 20.890591245
1130.0 21.2668834776
1150.0 21.6431771354
1170.0 22.0194721658
1190.0 22.3957685188
1210.0 22.7720661473
1230.0 23.1483650067
1250.0 23.5246650543
1270.0 23.9009662501
1290.0 24.2772685556
1310.0 24.6535719344
1330.0 25.0298763517
1350.0 25.4061817745
1370.0 25.7824881711
1390.0 26.1587955111
1410.0 26.5351037659
1430.0 26.9114129075
1450.0 27.2877229096
1470.0 27.6640337466
1490.0 28.0403453942
1510.0 28.4166578288
1530.0 28.7929710279
1550.0 29.1692849697
1570.0 29.5455996334
1590.0 29.9219149987
1610.0 30.2982310463
1630.0 30.6745477572
1650.0 31.0508651134
1670.0 31.4271830972
1690.0 31.8035016918
1710.0 32.1798208806
1730.0 32.5561406477
1750.0 32.9324609776
1770.0 33.3087818553
1790.0 33.6851032662
1810.0 34.0614251962
1830.0 34.4377476316
1850.0 34.8140705587
1870.0 35.1903939648
1890.0 35.5667178369
1910.0 35.9430421627
1930.0 36.3193669301
1950.0 36.6956921272
1970.0 37.0720177426
1990.0 37.448343765
2010.0 37.8246701832
2030.0 38.2009969866
2050.0 38.5773241644
2070.0 38.9536517064
2090.0 39.3299796024
2110.0 39.7063078425
2130.0 40.0826364167
2150.0 40.4589653156
2170.0 40.8352945297
2190.0 41.2116240497
2210.0 41.5879538665
2230.0 41.9642839711
2250.0 42.3406143546
2270.0 42.7169450083
2290.0 43.0932759237
2310.0 43.4696070922
2330.0 43.8459385055
2350.0 44.2222701554
2370.0 44.5986020337
2390.0 44.9749341323
2410.0 45.3512664433
2430.0 45.7275989588
2450.0 46.103931671
2470.0 46.4802645722
2490.0 46.8565976548
2510.0 47.2329309112
2530.0 47.6092643339
2550.0 47.9855979155
2570.0 48.3619316485
2590.0 48.7382655257
2610.0 49.1145995399
2630.0 49.4909336837
2650.0 49.86726795
2670.0 50.2436023317
2690.0 50.6199368217
2710.0 50.9962714129
2730.0 51.3726060984
2750.0 51.7489408712
2770.0 52.1252757242
2790.0 52.5016106506
2810.0 52.8779456434
2830.0 53.2542806959
2850.0 53.6306158011
2870.0 54.0069509521
2890.0 54.3832861423
2910.0 54.7596213647
2930.0 55.1359566126
2950.0 55.5122918791
2970.0 55.8886271576
2990.0 56.2649624411
3010.0 56.641297723
3030.0 57.0176329965
3050.0 57.3939682548
3070.0 57.7703034911
3090.0 58.1466386987
3110.0 58.5229738707
3130.0 58.8993090005
3150.0 59.2756440812
3170.0 59.651979106
3190.0 60.0283140681
3210.0 60.4046489607
3230.0 60.7809837768
3250.0 61.1573185098
3270.0 61.5336531527
3290.0 61.9099876986
3310.0 62.2863221405
3330.0 62.6626564717
3350.0 63.038990685
3370.0 63.4153247736
3390.0 63.7916587304
3410.0 64.1679925484
3430.0 64.5443262205
3450.0 64.9206597396
3470.0 65.2969930987
3490.0 65.6733262906
3510.0 66.049659308
3530.0 66.4259921438
3550.0 66.8023247907
3570.0 67.1786572414
3590.0 67.5549894886
3610.0 67.9313215249
3630.0 68.3076533429
3650.0 68.6839849351
3670.0 69.0603162941
3690.0 69.4366474123
3710.0 69.8129782821
3730.0 70.1893088959
3750.0 70.5656392461
3770.0 70.9419693248
3790.0 71.3182991243
3810.0 71.6946286369
3830.0 72.0709578545
3850.0 72.4472867692
3870.0 72.8236153732
3890.0 73.1999436583
3910.0 73.5762716164
3930.0 73.9525992394
3950.0 74.328926519
3970.0 74.705253447
3990.0 75.0815800151
4010.0 75.4579062148
4030.0 75.8342320376
4050.0 76.2105574751
4070.0 76.5868825186
4090.0 76.9632071596
4110.0 77.3395313892
4130.0 77.7158551986
4150.0 78.092178579
4170.0 78.4685015215
4190.0 78.844824017
4210.0 79.2211460565
4230.0 79.5974676308
4250.0 79.9737887306
4270.0 80.3501093467
4290.0 80.7264294696
4310.0 81.1027490899
4330.0 81.4790681981
4350.0 81.8553867844
4370.0 82.2317048393
4390.0 82.6080223529
4410.0 82.9843393153
4430.0 83.3606557165
4450.0 83.7369715466
4470.0 84.1132867953
4490.0 84.4896014524
4510.0 84.8659155077
4530.0 85.2422289507
4550.0 85.6185417709
4570.0 85.9948539577
4590.0 86.3711655004
4610.0 86.7474763882
4630.0 87.1237866103
4650.0 87.5000961556
4670.0 87.8764050131
4690.0 88.2527131716
4710.0 88.6290206198
4730.0 89.0053273463
4750.0 89.3816333396
4770.0 89.7579385882
4790.0 90.1342430803
4810.0 90.5105468041
4830.0 90.8868497478
4850.0 91.2631518991
4870.0 91.6394532462
4890.0 92.0157537765
4910.0 92.3920534779
4930.0 92.7683523378
4950.0 93.1446503437
4970.0 93.5209474827
4990.0 93.8972437421
5010.0 94.2735391089
5030.0 94.6498335701
5050.0 95.0261271124
5070.0 95.4024197226
5090.0 95.7787113871
5110.0 96.1550020925
5130.0 96.5312918249
5150.0 96.9075805707
5170.0 97.2838683157
5190.0 97.660155046
5210.0 98.0364407474
5230.0 98.4127254054
5250.0 98.7890090055
5270.0 99.1652915333
5290.0 99.5415729738
5310.0 99.9178533122
5330.0 100.294132533
5350.0 100.670410622
5370.0 101.046687564
5390.0 101.422963342
5410.0 101.799237941
5430.0 102.175511346
5450.0 102.551783541
5470.0 102.928054509
5490.0 103.304324234
5510.0 103.6805927
5530.0 104.056859891
5550.0 104.43312579
5570.0 104.809390379
5590.0 105.185653643
5610.0 105.561915563
5630.0 105.938176123
5650.0 106.314435305
5670.0 106.690693091
5690.0 107.066949464
5710.0 107.443204406
5730.0 107.819457898
5750.0 108.195709923
5770.0 108.571960461
5790.0 108.948209495
5810.0 109.324457005
5830.0 109.700702973
5850.0 110.076947378
5870.0 110.453190203
5890.0 110.829431427
5910.0 111.205671031
5930.0 111.581908995
5950.0 111.958145298
5970.0 112.334379921
5990.0 112.710612844
6010.0 113.086844045
6030.0 113.463073503
6050.0 113.839301199
6070.0 114.21552711
6090.0 114.591751215
6110.0 114.967973493
6130.0 115.344193921
6150.0 115.720412479
6170.0 116.096629144
6190.0 116.472843893
6210.0 116.849056703
6230.0 117.225267553
6250.0 117.601476419
6270.0 117.977683278
6290.0 118.353888107
6310.0 118.730090882
6330.0 119.106291579
6350.0 119.482490174
6370.0 119.858686643
6390.0 120.234880962
6410.0 120.611073105
6430.0 120.987263049
6450.0 121.363450767
6470.0 121.739636235
6490.0 122.115819428
6510.0 122.492000318
6530.0 122.868178881
6550.0 123.24435509
6570.0 123.620528919
6590.0 123.99670034
6610.0 124.372869328
6630.0 124.749035855
6650.0 125.125199894
6670.0 125.501361416
6690.0 125.877520395
6710.0 126.253676801
6730.0 126.629830608
6750.0 127.005981785
6770.0 127.382130305
6790.0 127.758276139
6810.0 128.134419256
6830.0 128.510559628
6850.0 128.886697224
6870.0 129.262832015
6890.0 129.638963971
6910.0 130.01509306
6930.0 130.391219252
6950.0 130.767342516
6970.0 131.143462821
6990.0 131.519580134
7010.0 131.895694425
7030.0 132.27180566
7050.0 132.647913808
7070.0 133.024018836
7090.0 133.400120711
7110.0 133.7762194
7130.0 134.152314869
7150.0 134.528407085
7170.0 134.904496014
7190.0 135.280581621
7210.0 135.656663871
7230.0 136.032742731
7250.0 136.408818164
7270.0 136.784890136
7290.0 137.16095861
7310.0 137.537023551
7330.0 137.913084923
7350.0 138.289142689
7370.0 138.665196811
7390.0 139.041247254
7410.0 139.417293979
7430.0 139.793336949
7450.0 140.169376126
7470.0 140.545411472
7490.0 140.921442947
7510.0 141.297470514
7530.0 141.673494132
7550.0 142.049513763
7570.0 142.425529366
7590.0 142.801540902
7610.0 143.177548329
7630.0 143.553551608
7650.0 143.929550697
7670.0 144.305545555
7690.0 144.68153614
7710.0 145.05752241
7730.0 145.433504323
7750.0 145.809481836
7770.0 146.185454907
7790.0 146.561423492
7810.0 146.937387547
7830.0 147.313347029
7850.0 147.689301893
7870.0 148.065252095
7890.0 148.441197591
7910.0 148.817138334
7930.0 149.193074279
7950.0 149.569005381
7970.0 149.944931593
7990.0 150.320852868
8010.0 150.696769161
8030.0 151.072680423
8050.0 151.448586607
8070.0 151.824487665
8090.0 152.20038355
8110.0 152.576274211
8130.0 152.952159602
8150.0 153.328039672
8170.0 153.703914371
8190.0 154.079783651
8210.0 154.45564746
8230.0 154.831505748
8250.0 155.207358463
8270.0 155.583205556
8290.0 155.959046973
8310.0 156.334882664
8330.0 156.710712575
8350.0 157.086536653
8370.0 157.462354847
8390.0 157.838167102
8410.0 158.213973364
8430.0 158.589773579
8450.0 158.965567694
8470.0 159.341355652
8490.0 159.717137399
8510.0 160.092912878
8530.0 160.468682035
8550.0 160.844444813
8570.0 161.220201154
8590.0 161.595951002
8610.0 161.9716943
8630.0 162.347430989
8650.0 162.723161012
8670.0 163.09888431
8690.0 163.474600823
8710.0 163.850310493
8730.0 164.22601326
8750.0 164.601709064
8770.0 164.977397844
8790.0 165.35307954
8810.0 165.72875409
8830.0 166.104421434
8850.0 166.480081508
8870.0 166.855734251
8890.0 167.231379599
8910.0 167.607017491
8930.0 167.982647861
8950.0 168.358270648
8970.0 168.733885785
8990.0 169.109493209
9010.0 169.485092855
9030.0 169.860684657
9050.0 170.23626855
9070.0 170.611844467
9090.0 170.987412341
9110.0 171.362972107
9130.0 171.738523696
9150.0 172.114067041
9170.0 172.489602074
9190.0 172.865128726
9210.0 173.240646928
9230.0 173.616156612
9250.0 173.991657707
9270.0 174.367150144
9290.0 174.742633851
9310.0 175.118108759
9330.0 175.493574796
9350.0 175.86903189
9370.0 176.24447997
9390.0 176.619918962
9410.0 176.995348795
9430.0 177.370769395
9450.0 177.746180688
9470.0 178.121582601
9490.0 178.496975059
9510.0 178.872357988
9530.0 179.247731312
9550.0 179.623094955
9570.0 179.998448843
9590.0 180.373792898
9610.0 180.749127044
9630.0 181.124451204
9650.0 181.4997653
9670.0 181.875069254
9690.0 182.250362988
9710.0 182.625646424
9730.0 183.000919483
9750.0 183.376182084
9770.0 183.751434149
9790.0 184.126675596
9810.0 184.501906346
9830.0 184.877126317
9850.0 185.252335427
9870.0 185.627533596
9890.0 186.002720741
9910.0 186.37789678
9930.0 186.753061628
9950.0 187.128215204
9970.0 187.503357423
9990.0 187.878488201
10010.0 188.253607454
10030.0 188.628715098
10050.0 189.003811045
10070.0 189.378895212
10090.0 189.753967511
10110.0 190.129027857
10130.0 190.504076163
10150.0 190.879112342
10170.0 191.254136305
10190.0 191.629147966
10210.0 192.004147236
10230.0 192.379134025
10250.0 192.754108246
10270.0 193.129069808
10290.0 193.504018623
10310.0 193.878954599
10330.0 194.253877646
10350.0 194.628787673
10370.0 195.00368459
10390.0 195.378568303
10410.0 195.753438722
10430.0 196.128295754
10450.0 196.503139307
10470.0 196.877969286
10490.0 197.252785599
10510.0 197.627588152
10530.0 198.00237685
10550.0 198.377151599
10570.0 198.751912305
10590.0 199.126658872
10610.0 199.501391204
10630.0 199.876109206
10650.0 200.25081278
10670.0 200.625501832
10690.0 201.000176263
10710.0 201.374835976
10730.0 201.749480874
10750.0 202.124110858
10770.0 202.498725831
10790.0 202.873325693
10810.0 203.247910346
10830.0 203.62247969
10850.0 203.997033625
10870.0 204.371572053
10890.0 204.746094871
10910.0 205.12060198
10930.0 205.495093279
10950.0 205.869568667
10970.0 206.244028041
10990.0 206.6184713
11010.0 206.992898342
11030.0 207.367309065
11050.0 207.741703364
11070.0 208.116081138
11090.0 208.490442283
11110.0 208.864786695
11130.0 209.23911427
11150.0 209.613424904
11170.0 209.987718492
11190.0 210.361994929
11210.0 210.736254111
11230.0 211.110495931
11250.0 211.484720284
11270.0 211.858927064
11290.0 212.233116165
11310.0 212.607287479
11330.0 212.981440901
11350.0 213.355576323
11370.0 213.729693638
11390.0 214.103792738
11410.0 214.477873515
11430.0 214.851935862
11450.0 215.225979669
11470.0 215.600004829
11490.0 215.974011232
11510.0 216.347998769
11530.0 216.721967331
11550.0 217.095916809
11570.0 217.469847092
11590.0 217.843758071
11610.0 218.217649635
11630.0 218.591521674
11650.0 218.965374077
11670.0 219.339206734
11690.0 219.713019533
11710.0 220.086812362
11730.0 220.460585111
11750.0 220.834337668
11770.0 221.208069921
11790.0 221.581781758
11810.0 221.955473066
11830.0 222.329143734
11850.0 222.702793648
11870.0 223.076422696
11890.0 223.450030764
11910.0 223.823617741
11930.0 224.197183511
11950.0 224.570727963
11970.0 224.944250982
11990.0 225.317752455
12010.0 225.691232268
12030.0 226.064690307
12050.0 226.438126457
12070.0 226.811540604
12090.0 227.184932635
12110.0 227.558302434
12130.0 227.931649887
12150.0 228.30497488
12170.0 228.678277296
12190.0 229.051557022
12210.0 229.424813942
12230.0 229.798047941
12250.0 230.171258904
12270.0 230.544446716
12290.0 230.917611261
12310.0 231.290752423
12330.0 231.663870088
12350.0 232.036964139
12370.0 232.410034461
12390.0 232.783080938
12410.0 233.156103455
12430.0 233.529101895
12450.0 233.902076144
12470.0 234.275026083
12490.0 234.647951599
12510.0 235.020852575
12530.0 235.393728895
12550.0 235.766580443
12570.0 236.139407103
12590.0 236.51220876
12610.0 236.884985296
12630.0 237.257736597
12650.0 237.630462546
12670.0 238.003163027
12690.0 238.375837925
12710.0 238.748487123
12730.0 239.121110506
12750.0 239.493707958
12770.0 239.866279363
12790.0 240.238824605
12810.0 240.611343569
12830.0 240.983836139
12850.0 241.3563022