650.0 12.2392593983
670.0 12.615577648
690.0 12.9919004652
710.0 13.3682275502
730.0 13.7445586315
750.0 14.120893463
770.0 14.4972318204
790.0 14.8735734991
810.0 15.2499183116
830.0 15.6262660862
850.0 16.0026166649
870.0 16.3789699021
890.0 16.7553256635
910.0 17.1316838246
930.0 17.5080442702
950.0 17.8844068931
970.0 18.2607715938
990.0 18.6371382794
1010.0 19.0135068632
1030.0 19.3898772642
1050.0 19.7662494064
1070.0 20.1426232187
1090.0 20.5189986342
1110.0 20.89537559
1130.0 21.271754027
1150.0 21.6481338893
1170.0 22.024515124
1190.0 22.4008976815
1210.0 22.7772815144
1230.0 23.1536665782
1250.0 23.5300528303
1270.0 23.9064402304
1290.0 24.2828287404
1310.0 24.6592183236
1330.0 25.0356089453
1350.0 25.4120005725
1370.0 25.7883931735
1390.0 26.164786718
1410.0 26.5411811771
1430.0 26.9175765232
1450.0 27.2939727297
1470.0 27.6703697711
1490.0 28.0467676231
1510.0 28.4231662621
1530.0 28.7995656656
1550.0 29.1759658119
1570.0 29.55236668
1590.0 29.9287682497
1610.0 30.3051705017
1630.0 30.681573417
1650.0 31.0579769776
1670.0 31.4343811659
1690.0 31.8107859649
1710.0 32.1871913581
1730.0 32.5635973296
1750.0 32.9400038639
1770.0 33.316410946
1790.0 33.6928185614
1810.0 34.0692266958
1830.0 34.4456353355
1850.0 34.8220444671
1870.0 35.1984540776
1890.0 35.5748641541
1910.0 35.9512746843
1930.0 36.3276856561
1950.0 36.7040970577
1970.0 37.0805088775
1990.0 37.4569211043
2010.0 37.8333337269
2030.0 38.2097467347
2050.0 38.586160117
2070.0 38.9625738634
2090.0 39.3389879638
2110.0 39.7154024082
2130.0 40.0918171869
2150.0 40.4682322902
2170.0 40.8446477088
2190.0 41.2210634332
2210.0 41.5974794544
2230.0 41.9738957633
2250.0 42.3503123513
2270.0 42.7267292094
2290.0 43.1031463292
2310.0 43.4795637021
2330.0 43.8559813199
2350.0 44.2323991742
2370.0 44.6088172568
2390.0 44.9852355599
2410.0 45.3616540753
2430.0 45.7380727952
2450.0 46.1144917118
2470.0 46.4909108175
2490.0 46.8673301045
2510.0 47.2437495653
2530.0 47.6201691924
2550.0 47.9965889784
2570.0 48.3730089158
2590.0 48.7494289975
2610.0 49.125849216
2630.0 49.5022695643
2650.0 49.878690035
2670.0 50.2551106211
2690.0 50.6315313155
2710.0 51.0079521112
2730.0 51.3843730011
2750.0 51.7607939782
2770.0 52.1372150357
2790.0 52.5136361665
2810.0 52.8900573637
2830.0 53.2664786206
2850.0 53.6428999302
2870.0 54.0193212857
2890.0 54.3957426803
2910.0 54.7721641071
2930.0 55.1485855594
2950.0 55.5250070303
2970.0 55.9014285132
2990.0 56.2778500012
3010.0 56.6542714875
3030.0 57.0306929654
3050.0 57.4071144281
3070.0 57.7835358688
3090.0 58.1599572808
3110.0 58.5363786573
3130.0 58.9127999915
3150.0 59.2892212766
3170.0 59.6656425058
3190.0 60.0420636723
3210.0 60.4184847693
3230.0 60.7949057899
3250.0 61.1713267273
3270.0 61.5477475745
3290.0 61.9241683248
3310.0 62.3005889712
3330.0 62.6770095068
3350.0 63.0534299245
3370.0 63.4298502175
3390.0 63.8062703787
3410.0 64.1826904011
3430.0 64.5591102777
3450.0 64.9355300012
3470.0 65.3119495647
3490.0 65.688368961
3510.0 66.0647881828
3530.0 66.441207223
3550.0 66.8176260743
3570.0 67.1940447295
3590.0 67.5704631811
3610.0 67.9468814218
3630.0 68.3232994442
3650.0 68.6997172408
3670.0 69.0761348042
3690.0 69.4525521269
3710.0 69.8289692011
3730.0 70.2053860194
3750.0 70.5818025739
3770.0 70.958218857
3790.0 71.334634861
3810.0 71.7110505779
3830.0 72.0874659999
3850.0 72.4638811191
3870.0 72.8402959275
3890.0 73.216710417
3910.0 73.5931245795
3930.0 73.9695384069
3950.0 74.345951891
3970.0 74.7223650234
3990.0 75.0987777959
4010.0 75.4751902
4030.0 75.8516022272
4050.0 76.2280138692
4070.0 76.6044251171
4090.0 76.9808359625
4110.0 77.3572463965
4130.0 77.7336564103
4150.0 78.1100659952
4170.0 78.486475142
4190.0 78.862883842
4210.0 79.2392920859
4230.0 79.6156998645
4250.0 79.9921071688
4270.0 80.3685139893
4290.0 80.7449203166
4310.0 81.1213261413
4330.0 81.4977314539
4350.0 81.8741362447
4370.0 82.250540504
4390.0 82.626944222
4410.0 83.0033473888
4430.0 83.3797499944
4450.0 83.7561520289
4470.0 84.1325534821
4490.0 84.5089543436
4510.0 84.8853546033
4530.0 85.2617542507
4550.0 85.6381532753
4570.0 86.0145516665
4590.0 86.3909494136
4610.0 86.7673465059
4630.0 87.1437429323
4650.0 87.5201386821
4670.0 87.896533744
4690.0 88.2729281069
4710.0 88.6493217595
4730.0 89.0257146905
4750.0 89.4021068882
4770.0 89.7784983412
4790.0 90.1548890377
4810.0 90.531278966
4830.0 90.907668114
4850.0 91.2840564698
4870.0 91.6604440212
4890.0 92.036830756
4910.0 92.4132166618
4930.0 92.7896017261
4950.0 93.1659859364
4970.0 93.5423692798
4990.0 93.9187517437
5010.0 94.2951333149
5030.0 94.6715139805
5050.0 95.0478937272
5070.0 95.4242725418
5090.0 95.8006504107
5110.0 96.1770273205
5130.0 96.5534032574
5150.0 96.9297782075
5170.0 97.306152157
5190.0 97.6825250917
5210.0 98.0588969975
5230.0 98.4352678599
5250.0 98.8116376645
5270.0 99.1880063966
5290.0 99.5643740416
5310.0 99.9407405844
5330.0 100.31710601
5350.0 100.693470303
5370.0 101.069833449
5390.0 101.446195432
5410.0 101.822556236
5430.0 102.198915845
5450.0 102.575274244
5470.0 102.951631416
5490.0 103.327987346
5510.0 103.704342017
5530.0 104.080695412
5550.0 104.457047515
5570.0 104.833398309
5590.0 105.209747777
5610.0 105.586095901
5630.0 105.962442666
5650.0 106.338788052
5670.0 106.715132043
5690.0 107.09147462
5710.0 107.467815767
5730.0 107.844155463
5750.0 108.220493692
5770.0 108.596830435
5790.0 108.973165673
5810.0 109.349499388
5830.0 109.72583156
5850.0 110.10216217
5870.0 110.478491199
5890.0 110.854818627
5910.0 111.231144436
5930.0 111.607468604
5950.0 111.983791112
5970.0 112.360111939
5990.0 112.736431066
6010.0 113.112748471
6030.0 113.489064134
6050.0 113.865378034
6070.0 114.24169015
6090.0 114.618000459
6110.0 114.994308941
6130.0 115.370615575
6150.0 115.746920337
6170.0 116.123223206
6190.0 116.499524159
6210.0 116.875823174
6230.0 117.252120229
6250.0 117.628415299
6270.0 118.004708363
6290.0 118.380999396
6310.0 118.757288375
6330.0 119.133575276
6350.0 119.509860076
6370.0 119.886142749
6390.0 120.262423272
6410.0 120.63870162
6430.0 121.014977768
6450.0 121.391251691
6470.0 121.767523364
6490.0 122.14379276
6510.0 122.520059855
6530.0 122.896324623
6550.0 123.272587036
6570.0 123.648847069
6590.0 124.025104695
6610.0 124.401359888
6630.0 124.777612619
6650.0 125.153862862
6670.0 125.530110588
6690.0 125.906355771
6710.0 126.282598383
6730.0 126.658838393
6750.0 127.035075775
6770.0 127.4113105
6790.0 127.787542538
6810.0 128.163771859
6830.0 128.539998436
6850.0 128.916222237
6870.0 129.292443232
6890.0 129.668661392
6910.0 130.044876685
6930.0 130.421089082
6950.0 130.79729855
6970.0 131.173505059
6990.0 131.549708577
7010.0 131.925909072
7030.0 132.302106512
7050.0 132.678300865
7070.0 133.054492097
7090.0 133.430680177
7110.0 133.80686507
7130.0 134.183046743
7150.0 134.559225164
7170.0 134.935400297
7190.0 135.311572108
7210.0 135.687740563
7230.0 136.063905627
7250.0 136.440067264
7270.0 136.81622544
7290.0 137.192380119
7310.0 137.568531265
7330.0 137.944678841
7350.0 138.320822811
7370.0 138.696963138
7390.0 139.073099785
7410.0 139.449232715
7430.0 139.82536189
7450.0 140.201487271
7470.0 140.577608821
7490.0 140.953726501
7510.0 141.329840272
7530.0 141.705950095
7550.0 142.08205593
7570.0 142.458157737
7590.0 142.834255477
7610.0 143.210349109
7630.0 143.586438592
7650.0 143.962523886
7670.0 144.338604948
7690.0 144.714681737
7710.0 145.090754212
7730.0 145.466822329
7750.0 145.842886047
7770.0 146.218945322
7790.0 146.595000111
7810.0 146.971050371
7830.0 147.347096057
7850.0 147.723137126
7870.0 148.099173533
7890.0 148.475205232
7910.0 148.85123218
7930.0 149.22725433
7950.0 149.603271636
7970.0 149.979284052
7990.0 150.355291532
8010.0 150.731294029
8030.0 151.107291495
8050.0 151.483283884
8070.0 151.859271147
8090.0 152.235253235
8110.0 152.611230102
8130.0 152.987201697
8150.0 153.363167971
8170.0 153.739128875
8190.0 154.115084359
8210.0 154.491034372
8230.0 154.866978864
8250.0 155.242917785
8270.0 155.618851082
8290.0 155.994778703
8310.0 156.370700598
8330.0 156.746616714
8350.0 157.122526997
8370.0 157.498431395
8390.0 157.874329854
8410.0 158.25022232
8430.0 158.62610874
8450.0 159.001989059
8470.0 159.377863222
8490.0 159.753731173
8510.0 160.129592857
8530.0 160.505448218
8550.0 160.8812972
8570.0 161.257139746
8590.0 161.632975799
8610.0 162.008805301
8630.0 162.384628194
8650.0 162.760444422
8670.0 163.136253924
8690.0 163.512056641
8710.0 163.887852516
8730.0 164.263641487
8750.0 164.639423496
8770.0 165.01519848
8790.0 165.390966381
8810.0 165.766727135
8830.0 166.142480683
8850.0 166.518226961
8870.0 166.893965909
8890.0 167.269697462
8910.0 167.645421557
8930.0 168.021138133
8950.0 168.396847123
8970.0 168.772548465
8990.0 169.148242094
9010.0 169.523927944
9030.0 169.899605951
9050.0 170.275276048
9070.0 170.650938169
9090.0 171.026592248
9110.0 171.402238218
9130.0 171.777876012
9150.0 172.153505561
9170.0 172.529126798
9190.0 172.904739655
9210.0 173.280344062
9230.0 173.65593995
9250.0 174.031527249
9270.0 174.40710589
9290.0 174.782675802
9310.0 175.158236914
9330.0 175.533789156
9350.0 175.909332454
9370.0 176.284866738
9390.0 176.660391935
9410.0 177.035907972
9430.0 177.411414777
9450.0 177.786912274
9470.0 178.162400392
9490.0 178.537879054
9510.0 178.913348187
9530.0 179.288807715
9550.0 179.664257564
9570.0 180.039697655
9590.0 180.415127915
9610.0 180.790548265
9630.0 181.165958629
9650.0 181.54135893
9670.0 181.916749089
9690.0 182.292129028
9710.0 182.667498668
9730.0 183.042857931
9750.0 183.418206736
9770.0 183.793545005
9790.0 184.168872657
9810.0 184.544189611
9830.0 184.919495787
9850.0 185.294791102
9870.0 185.670075475
9890.0 186.045348825
9910.0 186.420611067
9930.0 186.79586212
9950.0 187.1711019
9970.0 187.546330324
9990.0 187.921547307
10010.0 188.296752764
10030.0 188.671946612
10050.0 189.047128764
10070.0 189.422299135
10090.0 189.797457639
10110.0 190.172604189
10130.0 190.5477387
10150.0 190.922861083
10170.0 191.29797125
10190.0 191.673069116
10210.0 192.048154589
10230.0 192.423227584
10250.0 192.798288009
10270.0 193.173335776
10290.0 193.548370794
10310.0 193.923392975
10330.0 194.298402226
10350.0 194.673398458
10370.0 195.048381579
10390.0 195.423351497
10410.0 195.79830812
10430.0 196.173251357
10450.0 196.548181113
10470.0 196.923097297
10490.0 197.297999814
10510.0 197.672888572
10530.0 198.047763474
10550.0 198.422624428
10570.0 198.797471339
10590.0 199.17230411
10610.0 199.547122646
10630.0 199.921926852
10650.0 200.296716632
10670.0 200.671491887
10690.0 201.046252523
10710.0 201.42099844
10730.0 201.795729542
10750.0 202.170445731
10770.0 202.545146908
10790.0 202.919832975
10810.0 203.294503832
10830.0 203.66915938
10850.0 204.04379952
10870.0 204.418424152
10890.0 204.793033175
10910.0 205.167626489
10930.0 205.542203992
10950.0 205.916765584
10970.0 206.291311163
10990.0 206.665840626
11010.0 207.040353873
11030.0 207.4148508
11050.0 207.789331304
11070.0 208.163795282
11090.0 208.538242631
11110.0 208.912673248
11130.0 209.287087027
11150.0 209.661483865
11170.0 210.035863658
11190.0 210.4102263
11210.0 210.784571685
11230.0 211.15889971
11250.0 211.533210267
11270.0 211.907503252
11290.0 212.281778557
11310.0 212.656036076
11330.0 213.030275702
11350.0 213.404497329
11370.0 213.778700848
11390.0 214.152886152
11410.0 214.527053134
11430.0 214.901201685
11450.0 215.275331697
11470.0 215.649443061
11490.0 216.023535668
11510.0 216.39760941
11530.0 216.771664177
11550.0 217.145699859
11570.0 217.519716346
11590.0 217.893713529
11610.0 218.267691298
11630.0 218.641649541
11650.0 219.015588149
11670.0 219.38950701
11690.0 219.763406013
11710.0 220.137285047
11730.0 220.511144001
11750.0 220.884982762
11770.0 221.25880122
11790.0 221.632599261
11810.0 222.006376773
11830.0 222.380133645
11850.0 222.753869764
11870.0 223.127585016
11890.0 223.501279289
11910.0 223.87495247
11930.0 224.248604445
11950.0 224.622235101
11970.0 224.995844325
11990.0 225.369432002
12010.0 225.742998019
12030.0 226.116542262
12050.0 226.490064617
12070.0 226.863564969
12090.0 227.237043204
12110.0 227.610499208
12130.0 227.983932865
12150.0 228.357344062
12170.0 228.730732683
12190.0 229.104098613
12210.0 229.477441737
12230.0 229.850761941
12250.0 230.224059108
12270.0 230.597333125
12290.0 230.970583874
12310.0 231.343811241
12330.0 231.71701511
12350.0 232.090195365
12370.0 232.463351892
12390.0 232.836484574
12410.0 233.209593295
12430.0 233.582677939
12450.0 233.955738392
12470.0 234.328774536
12490.0 234.701786257
12510.0 235.074773437
12530.0 235.447735961
12550.0 235.820673714
12570.0 236.193586578
12590.0 236.566474439
12610.0 236.93933718
12630.0 237.312174685
12650.0 237.684986839
12670.0 238.057773524
12690.0 238.430534626
12710.0 238.803270029
12730.0 239.175979616
12750.0 239.548663272
12770.0 239.921320882
12790.0 240.293952329
12810.0 240.666557497
12830.0 241.039136272
12850.0 241.411688537