650.0 12.2418754154
670.0 12.618274158
690.0 12.994677468
710.0 13.3710850458
730.0 13.74749662
750.0 14.1239119444
770.0 14.5003307946
790.0 14.876752966
810.0 15.2531782714
830.0 15.6296065388
850.0 16.0060376104
870.0 16.3824713404
890.0 16.7589075946
910.0 17.1353462486
930.0 17.511787187
950.0 17.8882303028
970.0 18.2646754963
990.0 18.6411226747
1010.0 19.0175717514
1030.0 19.3940226452
1050.0 19.7704752802
1070.0 20.1469295853
1090.0 20.5233854937
1110.0 20.8998429424
1130.0 21.2763018722
1150.0 21.6527622273
1170.0 22.0292239549
1190.0 22.4056870052
1210.0 22.782151331
1230.0 23.1586168875
1250.0 23.5350836325
1270.0 23.9115515255
1290.0 24.2880205282
1310.0 24.6644906043
1330.0 25.0409617189
1350.0 25.4174338389
1370.0 25.7939069327
1390.0 26.17038097
1410.0 26.546855922
1430.0 26.9233317609
1450.0 27.2998084602
1470.0 27.6762859945
1490.0 28.0527643393
1510.0 28.4292434711
1530.0 28.8057233675
1550.0 29.1822040066
1570.0 29.5586853675
1590.0 29.9351674301
1610.0 30.3116501749
1630.0 30.6881335831
1650.0 31.0646176365
1670.0 31.4411023176
1690.0 31.8175876094
1710.0 32.1940734954
1730.0 32.5705599598
1750.0 32.9470469869
1770.0 33.3235345619
1790.0 33.7000226701
1810.0 34.0765112974
1830.0 34.4530004299
1850.0 34.8294900544
1870.0 35.2059801576
1890.0 35.582470727
1910.0 35.9589617501
1930.0 36.3354532147
1950.0 36.7119451091
1970.0 37.0884374218
1990.0 37.4649301414
2010.0 37.8414232568
2030.0 38.2179167574
2050.0 38.5944106325
2070.0 38.9709048718
2090.0 39.3473994651
2110.0 39.7238944023
2130.0 40.1003896739
2150.0 40.47688527
2170.0 40.8533811813
2190.0 41.2298773986
2210.0 41.6063739126
2230.0 41.9828707144
2250.0 42.3593677952
2270.0 42.7358651462
2290.0 43.1123627588
2310.0 43.4888606246
2330.0 43.8653587351
2350.0 44.2418570823
2370.0 44.6183556578
2390.0 44.9948544536
2410.0 45.3713534619
2430.0 45.7478526746
2450.0 46.1243520841
2470.0 46.5008516826
2490.0 46.8773514624
2510.0 47.2538514161
2530.0 47.630351536
2550.0 48.0068518148
2570.0 48.3833522451
2590.0 48.7598528196
2610.0 49.136353531
2630.0 49.512854372
2650.0 49.8893553356
2670.0 50.2658564146
2690.0 50.6423576018
2710.0 51.0188588903
2730.0 51.3953602731
2750.0 51.771861743
2770.0 52.1483632933
2790.0 52.5248649169
2810.0 52.9013666071
2830.0 53.2778683568
2850.0 53.6543701592
2870.0 54.0308720075
2890.0 54.4073738949
2910.0 54.7838758146
2930.0 55.1603777597
2950.0 55.5368797235
2970.0 55.9133816992
2990.0 56.28988368
3010.0 56.6663856591
3030.0 57.0428876299
3050.0 57.4193895854
3070.0 57.795891519
3090.0 58.1723934238
3110.0 58.5488952931
3130.0 58.9253971201
3150.0 59.3018988981
3170.0 59.6784006201
3190.0 60.0549022795
3210.0 60.4314038693
3230.0 60.8079053827
3250.0 61.1844068129
3270.0 61.5609081531
3290.0 61.9374093962
3310.0 62.3139105354
3330.0 62.6904115638
3350.0 63.0669124744
3370.0 63.4434132602
3390.0 63.8199139143
3410.0 64.1964144295
3430.0 64.5729147989
3450.0 64.9494150153
3470.0 65.3259150716
3490.0 65.7024149607
3510.0 66.0789146754
3530.0 66.4554142084
3550.0 66.8319135525
3570.0 67.2084127005
3590.0 67.5849116449
3610.0 67.9614103785
3630.0 68.3379088937
3650.0 68.7144071832
3670.0 69.0909052395
3690.0 69.4674030549
3710.0 69.843900622
3730.0 70.2203979331
3750.0 70.5968949805
3770.0 70.9733917564
3790.0 71.3498882532
3810.0 71.726384463
3830.0 72.1028803778
3850.0 72.4793759899
3870.0 72.8558712911
3890.0 73.2323662734
3910.0 73.6088609288
3930.0 73.985355249
3950.0 74.3618492259
3970.0 74.7383428512
3990.0 75.1148361164
4010.0 75.4913290134
4030.0 75.8678215335
4050.0 76.2443136682
4070.0 76.620805409
4090.0 76.9972967472
4110.0 77.373787674
4130.0 77.7502781807
4150.0 78.1267682584
4170.0 78.5032578981
4190.0 78.8797470909
4210.0 79.2562358276
4230.0 79.6327240991
4250.0 80.0092118962
4270.0 80.3856992095
4290.0 80.7621860297
4310.0 81.1386723473
4330.0 81.5151581527
4350.0 81.8916434363
4370.0 82.2681281884
4390.0 82.6446123992
4410.0 83.0210960589
4430.0 83.3975791574
4450.0 83.7740616847
4470.0 84.1505436307
4490.0 84.5270249851
4510.0 84.9035057376
4530.0 85.2799858778
4550.0 85.6564653953
4570.0 86.0329442793
4590.0 86.4094225192
4610.0 86.7859001043
4630.0 87.1623770236
4650.0 87.5388532662
4670.0 87.915328821
4690.0 88.2918036767
4710.0 88.6682778222
4730.0 89.0447512459
4750.0 89.4212239365
4770.0 89.7976958823
4790.0 90.1741670717
4810.0 90.5506374928
4830.0 90.9271071336
4850.0 91.3035759823
4870.0 91.6800440265
4890.0 92.0565112542
4910.0 92.4329776528
4930.0 92.80944321
4950.0 93.185907913
4970.0 93.5623717493
4990.0 93.938834706
5010.0 94.3152967701
5030.0 94.6917579285
5050.0 95.0682181681
5070.0 95.4446774755
5090.0 95.8211358372
5110.0 96.1975932398
5130.0 96.5740496695
5150.0 96.9505051125
5170.0 97.3269595549
5190.0 97.7034129824
5210.0 98.079865381
5230.0 98.4563167362
5250.0 98.8327670337
5270.0 99.2092162587
5290.0 99.5856643964
5310.0 99.9621114321
5330.0 100.338557351
5350.0 100.715002137
5370.0 101.091445775
5390.0 101.467888251
5410.0 101.844329547
5430.0 102.22076965
5450.0 102.597208541
5470.0 102.973646207
5490.0 103.350082629
5510.0 103.726517793
5530.0 104.102951681
5550.0 104.479384277
5570.0 104.855815563
5590.0 105.232245524
5610.0 105.608674142
5630.0 105.985101399
5650.0 106.361527278
5670.0 106.737951762
5690.0 107.114374832
5710.0 107.490796471
5730.0 107.867216661
5750.0 108.243635382
5770.0 108.620052618
5790.0 108.996468349
5810.0 109.372882556
5830.0 109.749295221
5850.0 110.125706324
5870.0 110.502115846
5890.0 110.878523767
5910.0 111.254930068
5930.0 111.631334729
5950.0 112.00773773
5970.0 112.384139051
5990.0 112.76053867
6010.0 113.136936568
6030.0 113.513332724
6050.0 113.889727117
6070.0 114.266119725
6090.0 114.642510527
6110.0 115.018899503
6130.0 115.395286629
6150.0 115.771671884
6170.0 116.148055245
6190.0 116.524436691
6210.0 116.9008162
6230.0 117.277193747
6250.0 117.65356931
6270.0 118.029942866
6290.0 118.406314392
6310.0 118.782683864
6330.0 119.159051258
6350.0 119.535416551
6370.0 119.911779717
6390.0 120.288140733
6410.0 120.664499574
6430.0 121.040856215
6450.0 121.41721063
6470.0 121.793562796
6490.0 122.169912685
6510.0 122.546260273
6530.0 122.922605533
6550.0 123.298948439
6570.0 123.675288965
6590.0 124.051627084
6610.0 124.427962769
6630.0 124.804295994
6650.0 125.180626729
6670.0 125.556954949
6690.0 125.933280625
6710.0 126.309603729
6730.0 126.685924232
6750.0 127.062242107
6770.0 127.438557324
6790.0 127.814869855
6810.0 128.19117967
6830.0 128.567486739
6850.0 128.943791032
6870.0 129.320092521
6890.0 129.696391174
6910.0 130.07268696
6930.0 130.448979849
6950.0 130.825269811
6970.0 131.201556812
6990.0 131.577840823
7010.0 131.954121811
7030.0 132.330399744
7050.0 132.706674589
7070.0 133.082946314
7090.0 133.459214887
7110.0 133.835480273
7130.0 134.211742439
7150.0 134.588001352
7170.0 134.964256978
7190.0 135.340509282
7210.0 135.71675823
7230.0 136.093003786
7250.0 136.469245917
7270.0 136.845484586
7290.0 137.221719758
7310.0 137.597951396
7330.0 137.974179465
7350.0 138.350403928
7370.0 138.726624748
7390.0 139.102841888
7410.0 139.47905531
7430.0 139.855264978
7450.0 140.231470852
7470.0 140.607672895
7490.0 140.983871068
7510.0 141.360065331
7530.0 141.736255647
7550.0 142.112441975
7570.0 142.488624275
7590.0 142.864802508
7610.0 143.240976633
7630.0 143.617146609
7650.0 143.993312395
7670.0 144.36947395
7690.0 144.745631232
7710.0 145.1217842
7730.0 145.49793281
7750.0 145.874077021
7770.0 146.250216788
7790.0 146.626352071
7810.0 147.002482823
7830.0 147.378609002
7850.0 147.754730564
7870.0 148.130847463
7890.0 148.506959656
7910.0 148.883067096
7930.0 149.259169739
7950.0 149.635267538
7970.0 150.011360447
7990.0 150.38744842
8010.0 150.763531409
8030.0 151.139609368
8050.0 151.51568225
8070.0 151.891750006
8090.0 152.267812587
8110.0 152.643869946
8130.0 153.019922034
8150.0 153.395968801
8170.0 153.772010198
8190.0 154.148046175
8210.0 154.524076681
8230.0 154.900101666
8250.0 155.276121079
8270.0 155.652134869
8290.0 156.028142983
8310.0 156.404145371
8330.0 156.780141979
8350.0 157.156132755
8370.0 157.532117646
8390.0 157.908096598
8410.0 158.284069558
8430.0 158.66003647
8450.0 159.035997282
8470.0 159.411951937
8490.0 159.787900381
8510.0 160.163842558
8530.0 160.539778412
8550.0 160.915707887
8570.0 161.291630926
8590.0 161.667547471
8610.0 162.043457466
8630.0 162.419360853
8650.0 162.795257573
8670.0 163.171147568
8690.0 163.547030778
8710.0 163.922907146
8730.0 164.29877661
8750.0 164.674639111
8770.0 165.050494588
8790.0 165.426342982
8810.0 165.802184229
8830.0 166.17801827
8850.0 166.553845041
8870.0 166.929664481
8890.0 167.305476527
8910.0 167.681281115
8930.0 168.057078183
8950.0 168.432867667
8970.0 168.808649502
8990.0 169.184423623
9010.0 169.560189966
9030.0 169.935948466
9050.0 170.311699055
9070.0 170.68744167
9090.0 171.063176242
9110.0 171.438902704
9130.0 171.814620991
9150.0 172.190331033
9170.0 172.566032763
9190.0 172.941726112
9210.0 173.317411012
9230.0 173.693087393
9250.0 174.068755185
9270.0 174.444414319
9290.0 174.820064724
9310.0 175.195706329
9330.0 175.571339063
9350.0 175.946962854
9370.0 176.322577631
9390.0 176.698183321
9410.0 177.073779851
9430.0 177.449367148
9450.0 177.824945139
9470.0 178.200513749
9490.0 178.576072904
9510.0 178.95162253
9530.0 179.327162551
9550.0 179.702692892
9570.0 180.078213477
9590.0 180.453724229
9610.0 180.829225073
9630.0 181.204715929
9650.0 181.580196723
9670.0 181.955667374
9690.0 182.331127806
9710.0 182.706577939
9730.0 183.082017695
9750.0 183.457446994
9770.0 183.832865755
9790.0 184.2082739
9810.0 184.583671347
9830.0 184.959058015
9850.0 185.334433823
9870.0 185.709798689
9890.0 186.085152531
9910.0 186.460495267
9930.0 186.835826813
9950.0 187.211147086
9970.0 187.586456002
9990.0 187.961753478
10010.0 188.337039428
10030.0 188.712313768
10050.0 189.087576413
10070.0 189.462827277
10090.0 189.838066274
10110.0 190.213293317
10130.0 190.588508321
10150.0 190.963711196
10170.0 191.338901857
10190.0 191.714080215
10210.0 192.089246182
10230.0 192.464399669
10250.0 192.839540587
10270.0 193.214668846
10290.0 193.589784358
10310.0 193.964887031
10330.0 194.339976776
10350.0 194.7150535
10370.0 195.090117114
10390.0 195.465167525
10410.0 195.840204641
10430.0 196.21522837
10450.0 196.59023862
10470.0 196.965235296
10490.0 197.340218306
10510.0 197.715187556
10530.0 198.090142952
10550.0 198.465084399
10570.0 198.840011802
10590.0 199.214925066
10610.0 199.589824095
10630.0 199.964708794
10650.0 200.339579066
10670.0 200.714434815
10690.0 201.089275943
10710.0 201.464102353
10730.0 201.838913948
10750.0 202.21371063
10770.0 202.5884923
10790.0 202.963258859
10810.0 203.338010209
10830.0 203.712746251
10850.0 204.087466883
10870.0 204.462172008
10890.0 204.836861524
10910.0 205.21153533
10930.0 205.586193327
10950.0 205.960835411
10970.0 206.335461483
10990.0 206.710071439
11010.0 207.084665179
11030.0 207.459242598
11050.0 207.833803595
11070.0 208.208348066
11090.0 208.582875908
11110.0 208.957387017
11130.0 209.33188129
11150.0 209.706358621
11170.0 210.080818906
11190.0 210.455262041
11210.0 210.829687919
11230.0 211.204096437
11250.0 211.578487487
11270.0 211.952860964
11290.0 212.327216762
11310.0 212.701554774
11330.0 213.075874893
11350.0 213.450177013
11370.0 213.824461025
11390.0 214.198726822
11410.0 214.572974297
11430.0 214.94720334
11450.0 215.321413845
11470.0 215.695605702
11490.0 216.069778802
11510.0 216.443933037
11530.0 216.818068296
11550.0 217.192184471
11570.0 217.566281451
11590.0 217.940359127
11610.0 218.314417389
11630.0 218.688456125
11650.0 219.062475225
11670.0 219.436474579
11690.0 219.810454075
11710.0 220.184413602
11730.0 220.558353049
11750.0 220.932272303
11770.0 221.306171253
11790.0 221.680049787
11810.0 222.053907793
11830.0 222.427745157
11850.0 222.801561769
11870.0 223.175357514
11890.0 223.549132279
11910.0 223.922885953
11930.0 224.296618421
11950.0 224.67032957
11970.0 225.044019286
11990.0 225.417687457
12010.0 225.791333967
12030.0 226.164958702
12050.0 226.53856155
12070.0 226.912142395
12090.0 227.285701123
12110.0 227.659237619
12130.0 228.03275177
12150.0 228.406243459
12170.0 228.779712573
12190.0 229.153158996
12210.0 229.526582613
12230.0 229.89998331
12250.0 230.27336097
12270.0 230.646715479
12290.0 231.020046721
12310.0 231.393354581
12330.0 231.766638942
12350.0 232.139899691
12370.0 232.51313671
12390.0 232.886349885
12410.0 233.259539099
12430.0 233.632704236
12450.0 234.005845182
12470.0 234.378961819
12490.0 234.752054032
12510.0 235.125121705
12530.0 235.498164722
12550.0 235.871182968
12570.0 236.244176325
12590.0 236.617144679
12610.0 236.990087912
12630.0 237.36300591
12650.0 237.735898557
12670.0 238.108765735
12690.0 238.48160733
12710.0 238.854423226
12730.0 239.227213306
12750.0 239.599977455
12770.0 239.972715557
12790.0 240.345427496
12810.0 240.718113158
12830.0 241.090772425
12850.0 241.463405183