650.0 12.2368336354
670.0 12.6130772463
690.0 12.9893254246
710.0 13.3655778707
730.0 13.7418343132
750.0 14.1180945059
770.0 14.4943582244
790.0 14.8706252641
810.0 15.2468954378
830.0 15.6231685735
850.0 15.9994445134
870.0 16.3757231118
890.0 16.7520042343
910.0 17.1282877565
930.0 17.5045735632
950.0 17.8808615473
970.0 18.2571516092
990.0 18.6334436559
1010.0 19.0097376008
1030.0 19.3860333629
1050.0 19.7623308663
1070.0 20.1386300398
1090.0 20.5149308164
1110.0 20.8912331334
1130.0 21.2675369315
1150.0 21.6438421549
1170.0 22.0201487508
1190.0 22.3964566694
1210.0 22.7727658635
1230.0 23.1490762884
1250.0 23.5253879016
1270.0 23.9017006629
1290.0 24.278014534
1310.0 24.6543294784
1330.0 25.0306454613
1350.0 25.4069624496
1370.0 25.7832804117
1390.0 26.1595993173
1410.0 26.5359191376
1430.0 26.9122398448
1450.0 27.2885614124
1470.0 27.664883815
1490.0 28.0412070281
1510.0 28.4175310283
1530.0 28.7938557929
1550.0 29.1701813003
1570.0 29.5465075296
1590.0 29.9228344605
1610.0 30.2991620736
1630.0 30.6754903501
1650.0 31.0518192718
1670.0 31.4281488212
1690.0 31.8044789813
1710.0 32.1808097357
1730.0 32.5571410683
1750.0 32.9334729638
1770.0 33.309805407
1790.0 33.6861383835
1810.0 34.0624718791
1830.0 34.43880588
1850.0 34.8151403727
1870.0 35.1914753443
1890.0 35.567810782
1910.0 35.9441466733
1930.0 36.3204830063
1950.0 36.696819769
1970.0 37.07315695
1990.0 37.4494945379
2010.0 37.8258325217
2030.0 38.2021708905
2050.0 38.578509634
2070.0 38.9548487415
2090.0 39.3311882031
2110.0 39.7075280087
2130.0 40.0838681485
2150.0 40.460208613
2170.0 40.8365493926
2190.0 41.2128904782
2210.0 41.5892318605
2230.0 41.9655735306
2250.0 42.3419154797
2270.0 42.718257699
2290.0 43.0946001799
2310.0 43.470942914
2330.0 43.8472858929
2350.0 44.2236291083
2370.0 44.5999725521
2390.0 44.9763162163
2410.0 45.3526600928
2430.0 45.7290041739
2450.0 46.1053484517
2470.0 46.4816929184
2490.0 46.8580375666
2510.0 47.2343823885
2530.0 47.6107273768
2550.0 47.9870725239
2570.0 48.3634178225
2590.0 48.7397632653
2610.0 49.116108845
2630.0 49.4924545544
2650.0 49.8688003862
2670.0 50.2451463335
2690.0 50.6214923891
2710.0 50.9978385459
2730.0 51.3741847969
2750.0 51.7505311352
2770.0 52.1268775538
2790.0 52.5032240457
2810.0 52.8795706041
2830.0 53.2559172221
2850.0 53.6322638929
2870.0 54.0086106095
2890.0 54.3849573652
2910.0 54.7613041532
2930.0 55.1376509666
2950.0 55.5139977987
2970.0 55.8903446427
2990.0 56.2666914918
3010.0 56.6430383393
3030.0 57.0193851783
3050.0 57.3957320021
3070.0 57.772078804
3090.0 58.1484255772
3110.0 58.5247723148
3130.0 58.9011190101
3150.0 59.2774656564
3170.0 59.6538122467
3190.0 60.0301587744
3210.0 60.4065052325
3230.0 60.7828516142
3250.0 61.1591979128
3270.0 61.5355441212
3290.0 61.9118902326
3310.0 62.2882362401
3330.0 62.6645821368
3350.0 63.0409279157
3370.0 63.4172735699
3390.0 63.7936190922
3410.0 64.1699644758
3430.0 64.5463097134
3450.0 64.9226547982
3470.0 65.2989997228
3490.0 65.6753444802
3510.0 66.0516890632
3530.0 66.4280334645
3550.0 66.804377677
3570.0 67.1807216932
3590.0 67.557065506
3610.0 67.9334091078
3630.0 68.3097524914
3650.0 68.6860956492
3670.0 69.0624385737
3690.0 69.4387812575
3710.0 69.8151236929
3730.0 70.1914658723
3750.0 70.5678077879
3770.0 70.9441494322
3790.0 71.3204907973
3810.0 71.6968318754
3830.0 72.0731726586
3850.0 72.4495131389
3870.0 72.8258533084
3890.0 73.202193159
3910.0 73.5785326827
3930.0 73.9548718713
3950.0 74.3312107164
3970.0 74.70754921
3990.0 75.0838873436
4010.0 75.4602251089
4030.0 75.8365624973
4050.0 76.2128995003
4070.0 76.5892361094
4090.0 76.9655723159
4110.0 77.341908111
4130.0 77.718243486
4150.0 78.094578432
4170.0 78.4709129401
4190.0 78.8472470011
4210.0 79.2235806062
4230.0 79.599913746
4250.0 79.9762464114
4270.0 80.352578593
4290.0 80.7289102815
4310.0 81.1052414674
4330.0 81.4815721411
4350.0 81.857902293
4370.0 82.2342319134
4390.0 82.6105609925
4410.0 82.9868895205
4430.0 83.3632174873
4450.0 83.7395448829
4470.0 84.1158716972
4490.0 84.4921979199
4510.0 84.8685235407
4530.0 85.2448485493
4550.0 85.621172935
4570.0 85.9974966874
4590.0 86.3738197956
4610.0 86.750142249
4630.0 87.1264640366
4650.0 87.5027851475
4670.0 87.8791055706
4690.0 88.2554252946
4710.0 88.6317443084
4730.0 89.0080626004
4750.0 89.3843801593
4770.0 89.7606969735
4790.0 90.1370130311
4810.0 90.5133283205
4830.0 90.8896428297
4850.0 91.2659565466
4870.0 91.6422694592
4890.0 92.0185815551
4910.0 92.3948928221
4930.0 92.7712032475
4950.0 93.1475128189
4970.0 93.5238215235
4990.0 93.9001293485
5010.0 94.2764362809
5030.0 94.6527423076
5050.0 95.0290474155
5070.0 95.4053515912
5090.0 95.7816548213
5110.0 96.1579570922
5130.0 96.5342583902
5150.0 96.9105587015
5170.0 97.2868580121
5190.0 97.663156308
5210.0 98.0394535749
5230.0 98.4157497984
5250.0 98.7920449642
5270.0 99.1683390574
5290.0 99.5446320635
5310.0 99.9209239675
5330.0 100.297214754
5350.0 100.673504409
5370.0 101.049792916
5390.0 101.426080259
5410.0 101.802366424
5430.0 102.178651395
5450.0 102.554935155
5470.0 102.931217688
5490.0 103.307498979
5510.0 103.683779011
5530.0 104.060057768
5550.0 104.436335232
5570.0 104.812611387
5590.0 105.188886216
5610.0 105.565159702
5630.0 105.941431827
5650.0 106.317702575
5670.0 106.693971927
5690.0 107.070239865
5710.0 107.446506372
5730.0 107.82277143
5750.0 108.199035021
5770.0 108.575297125
5790.0 108.951557724
5810.0 109.327816799
5830.0 109.704074332
5850.0 110.080330304
5870.0 110.456584694
5890.0 110.832837484
5910.0 111.209088653
5930.0 111.585338182
5950.0 111.961586051
5970.0 112.33783224
5990.0 112.714076728
6010.0 113.090319494
6030.0 113.466560519
6050.0 113.842799779
6070.0 114.219037256
6090.0 114.595272927
6110.0 114.97150677
6130.0 115.347738765
6150.0 115.723968888
6170.0 116.100197118
6190.0 116.476423432
6210.0 116.852647809
6230.0 117.228870224
6250.0 117.605090656
6270.0 117.98130908
6290.0 118.357525475
6310.0 118.733739815
6330.0 119.109952077
6350.0 119.486162238
6370.0 119.862370273
6390.0 120.238576157
6410.0 120.614779866
6430.0 120.990981375
6450.0 121.367180659
6470.0 121.743377693
6490.0 122.119572451
6510.0 122.495764907
6530.0 122.871955035
6550.0 123.24814281
6570.0 123.624328204
6590.0 124.000511191
6610.0 124.376691745
6630.0 124.752869837
6650.0 125.129045441
6670.0 125.505218529
6690.0 125.881389073
6710.0 126.257557046
6730.0 126.633722418
6750.0 127.009885161
6770.0 127.386045246
6790.0 127.762202645
6810.0 128.138357328
6830.0 128.514509265
6850.0 128.890658428
6870.0 129.266804784
6890.0 129.642948305
6910.0 130.01908896
6930.0 130.395226718
6950.0 130.771361547
6970.0 131.147493417
6990.0 131.523622296
7010.0 131.899748152
7030.0 132.275870953
7050.0 132.651990667
7070.0 133.028107261
7090.0 133.404220701
7110.0 133.780330956
7130.0 134.15643799
7150.0 134.532541772
7170.0 134.908642266
7190.0 135.284739438
7210.0 135.660833254
7230.0 136.036923679
7250.0 136.413010678
7270.0 136.789094215
7290.0 137.165174255
7310.0 137.541250762
7330.0 137.917323699
7350.0 138.293393031
7370.0 138.669458719
7390.0 139.045520727
7410.0 139.421579018
7430.0 139.797633554
7450.0 140.173684296
7470.0 140.549731207
7490.0 140.925774248
7510.0 141.30181338
7530.0 141.677848564
7550.0 142.053879761
7570.0 142.429906929
7590.0 142.80593003
7610.0 143.181949023
7630.0 143.557963868
7650.0 143.933974522
7670.0 144.309980946
7690.0 144.685983096
7710.0 145.061980932
7730.0 145.43797441
7750.0 145.813963489
7770.0 146.189948126
7790.0 146.565928276
7810.0 146.941903897
7830.0 147.317874944
7850.0 147.693841374
7870.0 148.069803142
7890.0 148.445760203
7910.0 148.821712511
7930.0 149.197660022
7950.0 149.573602689
7970.0 149.949540467
7990.0 150.325473308
8010.0 150.701401166
8030.0 151.077323994
8050.0 151.453241743
8070.0 151.829154367
8090.0 152.205061817
8110.0 152.580964045
8130.0 152.956861001
8150.0 153.332752636
8170.0 153.708638901
8190.0 154.084519746
8210.0 154.460395121
8230.0 154.836264974
8250.0 155.212129256
8270.0 155.587987914
8290.0 155.963840897
8310.0 156.339688153
8330.0 156.715529629
8350.0 157.091365273
8370.0 157.467195032
8390.0 157.843018853
8410.0 158.21883668
8430.0 158.594648462
8450.0 158.970454141
8470.0 159.346253665
8490.0 159.722046977
8510.0 160.097834023
8530.0 160.473614745
8550.0 160.849389088
8570.0 161.225156995
8590.0 161.600918409
8610.0 161.976673272
8630.0 162.352421527
8650.0 162.728163115
8670.0 163.103897978
8690.0 163.479626057
8710.0 163.855347293
8730.0 164.231061626
8750.0 164.606768995
8770.0 164.982469341
8790.0 165.358162602
8810.0 165.733848718
8830.0 166.109527627
8850.0 166.485199267
8870.0 166.860863575
8890.0 167.236520489
8910.0 167.612169946
8930.0 167.987811882
8950.0 168.363446234
8970.0 168.739072937
8990.0 169.114691927
9010.0 169.490303138
9030.0 169.865906506
9050.0 170.241501964
9070.0 170.617089447
9090.0 170.992668887
9110.0 171.368240218
9130.0 171.743803373
9150.0 172.119358283
9170.0 172.494904882
9190.0 172.870443099
9210.0 173.245972867
9230.0 173.621494116
9250.0 173.997006777
9270.0 174.372510779
9290.0 174.748006052
9310.0 175.123492526
9330.0 175.498970128
9350.0 175.874438788
9370.0 176.249898433
9390.0 176.625348991
9410.0 177.000790389
9430.0 177.376222555
9450.0 177.751645414
9470.0 178.127058892
9490.0 178.502462916
9510.0 178.87785741
9530.0 179.253242299
9550.0 179.628617509
9570.0 180.003982962
9590.0 180.379338582
9610.0 180.754684294
9630.0 181.130020019
9650.0 181.505345681
9670.0 181.880661201
9690.0 182.255966501
9710.0 182.631261502
9730.0 183.006546126
9750.0 183.381820293
9770.0 183.757083923
9790.0 184.132336936
9810.0 184.507579251
9830.0 184.882810788
9850.0 185.258031464
9870.0 185.633241199
9890.0 186.008439909
9910.0 186.383627513
9930.0 186.758803927
9950.0 187.133969068
9970.0 187.509122853
9990.0 187.884265197
10010.0 188.259396016
10030.0 188.634515224
10050.0 189.009622737
10070.0 189.38471847
10090.0 189.759802335
10110.0 190.134874246
10130.0 190.509934118
10150.0 190.884981862
10170.0 191.260017391
10190.0 191.635040617
10210.0 192.010051452
10230.0 192.385049807
10250.0 192.760035594
10270.0 193.135008722
10290.0 193.509969102
10310.0 193.884916643
10330.0 194.259851256
10350.0 194.634772849
10370.0 195.009681331
10390.0 195.38457661
10410.0 195.759458595
10430.0 196.134327192
10450.0 196.50918231
10470.0 196.884023855
10490.0 197.258851733
10510.0 197.633665852
10530.0 198.008466116
10550.0 198.383252431
10570.0 198.758024702
10590.0 199.132782834
10610.0 199.507526732
10630.0 199.882256299
10650.0 200.256971439
10670.0 200.631672056
10690.0 201.006358053
10710.0 201.381029331
10730.0 201.755685795
10750.0 202.130327345
10770.0 202.504953883
10790.0 202.879565311
10810.0 203.254161529
10830.0 203.628742439
10850.0 204.00330794
10870.0 204.377857933
10890.0 204.752392317
10910.0 205.126910992
10930.0 205.501413856
10950.0 205.875900809
10970.0 206.250371749
10990.0 206.624826574
11010.0 206.999265181
11030.0 207.373687469
11050.0 207.748093334
11070.0 208.122482674
11090.0 208.496855384
11110.0 208.871211362
11130.0 209.245550502
11150.0 209.619872702
11170.0 209.994177855
11190.0 210.368465858
11210.0 210.742736605
11230.0 211.116989991
11250.0 211.49122591
11270.0 211.865444255
11290.0 212.239644921
11310.0 212.613827802
11330.0 212.987992789
11350.0 213.362139777
11370.0 213.736268657
11390.0 214.110379323
11410.0 214.484471666
11430.0 214.858545578
11450.0 215.232600951
11470.0 215.606637676
11490.0 215.980655644
11510.0 216.354654747
11530.0 216.728634875
11550.0 217.102595918
11570.0 217.476537767
11590.0 217.850460311
11610.0 218.224363441
11630.0 218.598247045
11650.0 218.972111014
11670.0 219.345955236
11690.0 219.7197796
11710.0 220.093583996
11730.0 220.46736831
11750.0 220.841132433
11770.0 221.214876251
11790.0 221.588599654
11810.0 221.962302528
11830.0 222.335984761
11850.0 222.70964624
11870.0 223.083286854
11890.0 223.456906488
11910.0 223.83050503
11930.0 224.204082366
11950.0 224.577638383
11970.0 224.951172968
11990.0 225.324686006
12010.0 225.698177385
12030.0 226.071646989
12050.0 226.445094705
12070.0 226.818520418
12090.0 227.191924014
12110.0 227.565305379
12130.0 227.938664398
12150.0 228.312000955
12170.0 228.685314937
12190.0 229.058606229
12210.0 229.431874714
12230.0 229.805120279
12250.0 230.178342808
12270.0 230.551542185
12290.0 230.924718295
12310.0 231.297871023
12330.0 231.671000253
12350.0 232.04410587
12370.0 232.417187758
12390.0 232.790245801
12410.0 233.163279883
12430.0 233.536289889
12450.0 233.909275703
12470.0 234.282237208
12490.0 234.655174289
12510.0 235.028086831
12530.0 235.400974716
12550.0 235.77383783
12570.0 236.146676056
12590.0 236.519489278
12610.0 236.89227738
12630.0 237.265040246
12650.0 237.637777761
12670.0 238.010489807
12690.0 238.383176271
12710.0 238.755837034
12730.0 239.128471983
12750.0 239.501081
12770.0 239.873663971
12790.0 240.246220779
12810.0 240.618751308
12830.0 240.991255444
12850.0 241.36373307