650.0 12.2413957216
670.0 12.6177797043
690.0 12.9941682546
710.0 13.3705610725
730.0 13.7469578869
750.0 14.1233584515
770.0 14.4997625419
790.0 14.8761699535
810.0 15.2525804991
830.0 15.6289940067
850.0 16.0054103184
870.0 16.3818292887
890.0 16.7582507831
910.0 17.1346746772
930.0 17.5111008558
950.0 17.8875292118
970.0 18.2639596455
990.0 18.6403920641
1010.0 19.0168263809
1030.0 19.3932625149
1050.0 19.7697003902
1070.0 20.1461399355
1090.0 20.522581084
1110.0 20.8990237729
1130.0 21.2754679429
1150.0 21.6519135382
1170.0 22.028360506
1190.0 22.4048087965
1210.0 22.7812583624
1230.0 23.1577091592
1250.0 23.5341611443
1270.0 23.9106142775
1290.0 24.2870685205
1310.0 24.6635238367
1330.0 25.0399801915
1350.0 25.4164375517
1370.0 25.7928958857
1390.0 26.1693551632
1410.0 26.5458153554
1430.0 26.9222764345
1450.0 27.298738374
1470.0 27.6752011484
1490.0 28.0516647334
1510.0 28.4281291055
1530.0 28.804594242
1550.0 29.1810601213
1570.0 29.5575267224
1590.0 29.9339940252
1610.0 30.3104620102
1630.0 30.6869306585
1650.0 31.0633999521
1670.0 31.4398698734
1690.0 31.8163404054
1710.0 32.1928115317
1730.0 32.5692832362
1750.0 32.9457555035
1770.0 33.3222283187
1790.0 33.6987016671
1810.0 34.0751755345
1830.0 34.4516499073
1850.0 34.8281247719
1870.0 35.2046001154
1890.0 35.5810759249
1910.0 35.9575521882
1930.0 36.334028893
1950.0 36.7105060276
1970.0 37.0869835805
1990.0 37.4634615402
2010.0 37.8399398959
2030.0 38.2164186367
2050.0 38.592897752
2070.0 38.9693772314
2090.0 39.3458570649
2110.0 39.7223372424
2130.0 40.0988177541
2150.0 40.4752985904
2170.0 40.8517797419
2190.0 41.2282611994
2210.0 41.6047429536
2230.0 41.9812249956
2250.0 42.3577073165
2270.0 42.7341899077
2290.0 43.1106727605
2310.0 43.4871558665
2330.0 43.8636392172
2350.0 44.2401228046
2370.0 44.6166066203
2390.0 44.9930906563
2410.0 45.3695749047
2430.0 45.7460593577
2450.0 46.1225440073
2470.0 46.499028846
2490.0 46.875513866
2510.0 47.2519990599
2530.0 47.62848442
2550.0 48.004969939
2570.0 48.3814556095
2590.0 48.7579414242
2610.0 49.1344273757
2630.0 49.510913457
2650.0 49.8873996608
2670.0 50.2638859799
2690.0 50.6403724073
2710.0 51.016858936
2730.0 51.393345559
2750.0 51.7698322691
2770.0 52.1463190596
2790.0 52.5228059234
2810.0 52.8992928537
2830.0 53.2757798436
2850.0 53.6522668862
2870.0 54.0287539747
2890.0 54.4052411023
2910.0 54.7817282622
2930.0 55.1582154475
2950.0 55.5347026515
2970.0 55.9111898674
2990.0 56.2876770883
3010.0 56.6641643077
3030.0 57.0406515186
3050.0 57.4171387143
3070.0 57.7936258881
3090.0 58.1701130331
3110.0 58.5466001426
3130.0 58.9230872098
3150.0 59.299574228
3170.0 59.6760611902
3190.0 60.0525480897
3210.0 60.4290349197
3230.0 60.8055216734
3250.0 61.1820083438
3270.0 61.5584949241
3290.0 61.9349814074
3310.0 62.3114677868
3330.0 62.6879540554
3350.0 63.0644402062
3370.0 63.4409262322
3390.0 63.8174121264
3410.0 64.1938978818
3430.0 64.5703834914
3450.0 64.946868948
3470.0 65.3233542445
3490.0 65.6998393738
3510.0 66.0763243287
3530.0 66.4528091019
3550.0 66.8292936862
3570.0 67.2057780744
3590.0 67.582262259
3610.0 67.9587462327
3630.0 68.3352299882
3650.0 68.7117135178
3670.0 69.0881968143
3690.0 69.4646798699
3710.0 69.8411626772
3730.0 70.2176452285
3750.0 70.594127516
3770.0 70.9706095322
3790.0 71.3470912692
3810.0 71.7235727191
3830.0 72.1000538742
3850.0 72.4765347264
3870.0 72.8530152678
3890.0 73.2294954903
3910.0 73.6059753859
3930.0 73.9824549463
3950.0 74.3589341634
3970.0 74.7354130288
3990.0 75.1118915343
4010.0 75.4883696714
4030.0 75.8648474317
4050.0 76.2413248067
4070.0 76.6178017876
4090.0 76.994278366
4110.0 77.370754533
4130.0 77.7472302799
4150.0 78.1237055978
4170.0 78.5001804777
4190.0 78.8766549107
4210.0 79.2531288876
4230.0 79.6296023993
4250.0 80.0060754365
4270.0 80.38254799
4290.0 80.7590200504
4310.0 81.1354916082
4330.0 81.5119626538
4350.0 81.8884331776
4370.0 82.2649031699
4390.0 82.6413726209
4410.0 83.0178415207
4430.0 83.3943098594
4450.0 83.7707776269
4470.0 84.1472448131
4490.0 84.5237114077
4510.0 84.9001774004
4530.0 85.2766427808
4550.0 85.6531075384
4570.0 86.0295716627
4590.0 86.4060351428
4610.0 86.7824979681
4630.0 87.1589601276
4650.0 87.5354216103
4670.0 87.9118824053
4690.0 88.2883425012
4710.0 88.6648018868
4730.0 89.0412605508
4750.0 89.4177184816
4770.0 89.7941756676
4790.0 90.1706320971
4810.0 90.5470877584
4830.0 90.9235426395
4850.0 91.2999967283
4870.0 91.6764500127
4890.0 92.0529024806
4910.0 92.4293541194
4930.0 92.8058049167
4950.0 93.18225486
4970.0 93.5587039365
4990.0 93.9351521333
5010.0 94.3115994376
5030.0 94.6880458362
5050.0 95.064491316
5070.0 95.4409358636
5090.0 95.8173794655
5110.0 96.1938221083
5130.0 96.5702637782
5150.0 96.9467044614
5170.0 97.3231441439
5190.0 97.6995828117
5210.0 98.0760204504
5230.0 98.4524570459
5250.0 98.8288925835
5270.0 99.2053270486
5290.0 99.5817604266
5310.0 99.9581927025
5330.0 100.334623861
5350.0 100.711053888
5370.0 101.087482766
5390.0 101.463910482
5410.0 101.840337019
5430.0 102.216762361
5450.0 102.593186493
5470.0 102.969609398
5490.0 103.346031061
5510.0 103.722451465
5530.0 104.098870593
5550.0 104.475288429
5570.0 104.851704956
5590.0 105.228120157
5610.0 105.604534015
5630.0 105.980946512
5650.0 106.357357632
5670.0 106.733767355
5690.0 107.110175666
5710.0 107.486582545
5730.0 107.862987975
5750.0 108.239391937
5770.0 108.615794413
5790.0 108.992195384
5810.0 109.368594831
5830.0 109.744992736
5850.0 110.12138908
5870.0 110.497783842
5890.0 110.874177003
5910.0 111.250568545
5930.0 111.626958446
5950.0 112.003346687
5970.0 112.379733247
5990.0 112.756118107
6010.0 113.132501245
6030.0 113.508882641
6050.0 113.885262274
6070.0 114.261640123
6090.0 114.638016165
6110.0 115.014390381
6130.0 115.390762747
6150.0 115.767133242
6170.0 116.143501844
6190.0 116.51986853
6210.0 116.896233278
6230.0 117.272596066
6250.0 117.648956869
6270.0 118.025315666
6290.0 118.401672432
6310.0 118.778027144
6330.0 119.154379778
6350.0 119.530730311
6370.0 119.907078718
6390.0 120.283424974
6410.0 120.659769055
6430.0 121.036110936
6450.0 121.412450592
6470.0 121.788787997
6490.0 122.165123127
6510.0 122.541455955
6530.0 122.917786455
6550.0 123.294114602
6570.0 123.670440368
6590.0 124.046763727
6610.0 124.423084652
6630.0 124.799403116
6650.0 125.175719092
6670.0 125.552032552
6690.0 125.928343468
6710.0 126.304651812
6730.0 126.680957556
6750.0 127.057260671
6770.0 127.433561129
6790.0 127.809858899
6810.0 128.186153954
6830.0 128.562446264
6850.0 128.938735797
6870.0 129.315022526
6890.0 129.691306419
6910.0 130.067587446
6930.0 130.443865575
6950.0 130.820140777
6970.0 131.196413018
6990.0 131.572682269
7010.0 131.948948497
7030.0 132.32521167
7050.0 132.701471756
7070.0 133.077728721
7090.0 133.453982534
7110.0 133.83023316
7130.0 134.206480567
7150.0 134.58272472
7170.0 134.958965586
7190.0 135.33520313
7210.0 135.711437318
7230.0 136.087668115
7250.0 136.463895486
7270.0 136.840119395
7290.0 137.216339807
7310.0 137.592556685
7330.0 137.968769995
7350.0 138.344979698
7370.0 138.721185758
7390.0 139.097388138
7410.0 139.473586801
7430.0 139.849781708
7450.0 140.225972823
7470.0 140.602160106
7490.0 140.978343519
7510.0 141.354523023
7530.0 141.730698578
7550.0 142.106870146
7570.0 142.483037687
7590.0 142.85920116
7610.0 143.235360525
7630.0 143.611515741
7650.0 143.987666768
7670.0 144.363813563
7690.0 144.739956085
7710.0 145.116094293
7730.0 145.492228143
7750.0 145.868357594
7770.0 146.244482602
7790.0 146.620603124
7810.0 146.996719117
7830.0 147.372830537
7850.0 147.748937338
7870.0 148.125039478
7890.0 148.501136911
7910.0 148.877229591
7930.0 149.253317474
7950.0 149.629400513
7970.0 150.005478662
7990.0 150.381551875
8010.0 150.757620105
8030.0 151.133683305
8050.0 151.509741426
8070.0 151.885794422
8090.0 152.261842244
8110.0 152.637884843
8130.0 153.013922171
8150.0 153.389954178
8170.0 153.765980815
8190.0 154.142002032
8210.0 154.518017779
8230.0 154.894028004
8250.0 155.270032657
8270.0 155.646031687
8290.0 156.022025042
8310.0 156.39801267
8330.0 156.773994518
8350.0 157.149970535
8370.0 157.525940665
8390.0 157.901904858
8410.0 158.277863057
8430.0 158.65381521
8450.0 159.029761262
8470.0 159.405701158
8490.0 159.781634842
8510.0 160.157562259
8530.0 160.533483353
8550.0 160.909398068
8570.0 161.285306347
8590.0 161.661208133
8610.0 162.037103368
8630.0 162.412991995
8650.0 162.788873955
8670.0 163.16474919
8690.0 163.540617641
8710.0 163.916479248
8730.0 164.292333953
8750.0 164.668181694
8770.0 165.044022412
8790.0 165.419856045
8810.0 165.795682533
8830.0 166.171501813
8850.0 166.547313825
8870.0 166.923118505
8890.0 167.298915791
8910.0 167.67470562
8930.0 168.050487928
8950.0 168.426262652
8970.0 168.802029727
8990.0 169.177789088
9010.0 169.553540672
9030.0 169.929284411
9050.0 170.305020241
9070.0 170.680748096
9090.0 171.056467908
9110.0 171.432179611
9130.0 171.807883137
9150.0 172.18357842
9170.0 172.55926539
9190.0 172.93494398
9210.0 173.310614119
9230.0 173.686275741
9250.0 174.061928773
9270.0 174.437573147
9290.0 174.813208792
9310.0 175.188835637
9330.0 175.564453612
9350.0 175.940062643
9370.0 176.31566266
9390.0 176.69125359
9410.0 177.06683536
9430.0 177.442407898
9450.0 177.817971129
9470.0 178.193524979
9490.0 178.569069374
9510.0 178.94460424
9530.0 179.320129502
9550.0 179.695645083
9570.0 180.071150908
9590.0 180.4466469
9610.0 180.822132984
9630.0 181.197609081
9650.0 181.573075114
9670.0 181.948531006
9690.0 182.323976678
9710.0 182.699412051
9730.0 183.074837047
9750.0 183.450251586
9770.0 183.825655588
9790.0 184.201048973
9810.0 184.57643166
9830.0 184.951803568
9850.0 185.327164617
9870.0 185.702514723
9890.0 186.077853805
9910.0 186.453181781
9930.0 186.828498567
9950.0 187.20380408
9970.0 187.579098237
9990.0 187.954380953
10010.0 188.329652143
10030.0 188.704911724
10050.0 189.080159609
10070.0 189.455395713
10090.0 189.83061995
10110.0 190.205832233
10130.0 190.581032477
10150.0 190.956220593
10170.0 191.331396494
10190.0 191.706560092
10210.0 192.081711299
10230.0 192.456850026
10250.0 192.831976184
10270.0 193.207089684
10290.0 193.582190435
10310.0 193.957278349
10330.0 194.332353334
10350.0 194.707415298
10370.0 195.082464152
10390.0 195.457499803
10410.0 195.83252216
10430.0 196.207531129
10450.0 196.582526619
10470.0 196.957508536
10490.0 197.332476786
10510.0 197.707431276
10530.0 198.082371912
10550.0 198.457298599
10570.0 198.832211242
10590.0 199.207109746
10610.0 199.581994016
10630.0 199.956863955
10650.0 200.331719467
10670.0 200.706560456
10690.0 201.081386824
10710.0 201.456198475
10730.0 201.83099531
10750.0 202.205777232
10770.0 202.580544142
10790.0 202.955295942
10810.0 203.330032532
10830.0 203.704753813
10850.0 204.079459686
10870.0 204.454150051
10890.0 204.828824807
10910.0 205.203483854
10930.0 205.57812709
10950.0 205.952754415
10970.0 206.327365727
10990.0 206.701960924
11010.0 207.076539903
11030.0 207.451102563
11050.0 207.8256488
11070.0 208.200178511
11090.0 208.574691593
11110.0 208.949187943
11130.0 209.323667455
11150.0 209.698130027
11170.0 210.072575552
11190.0 210.447003927
11210.0 210.821415046
11230.0 211.195808803
11250.0 211.570185094
11270.0 211.944543811
11290.0 212.318884849
11310.0 212.693208101
11330.0 213.067513461
11350.0 213.44180082
11370.0 213.816070073
11390.0 214.19032111
11410.0 214.564553825
11430.0 214.938768109
11450.0 215.312963854
11470.0 215.687140951
11490.0 216.061299291
11510.0 216.435438766
11530.0 216.809559265
11550.0 217.18366068
11570.0 217.557742901
11590.0 217.931805817
11610.0 218.305849319
11630.0 218.679873295
11650.0 219.053877636
11670.0 219.42786223
11690.0 219.801826966
11710.0 220.175771733
11730.0 220.54969642
11750.0 220.923600914
11770.0 221.297485105
11790.0 221.671348879
11810.0 222.045192125
11830.0 222.419014729
11850.0 222.792816581
11870.0 223.166597566
11890.0 223.540357572
11910.0 223.914096486
11930.0 224.287814194
11950.0 224.661510583
11970.0 225.03518554
11990.0 225.40883895
12010.0 225.782470701
12030.0 226.156080677
12050.0 226.529668764
12070.0 226.903234849
12090.0 227.276778817
12110.0 227.650300554
12130.0 228.023799945
12150.0 228.397276874
12170.0 228.770731228
12190.0 229.144162891
12210.0 229.517571749
12230.0 229.890957686
12250.0 230.264320586
12270.0 230.637660335
12290.0 231.010976817
12310.0 231.384269917
12330.0 231.757539519
12350.0 232.130785508
12370.0 232.504007768
12390.0 232.877206182
12410.0 233.250380637
12430.0 233.623531014
12450.0 233.9966572
12470.0 234.369759077
12490.0 234.74283653
12510.0 235.115889444
12530.0 235.488917701
12550.0 235.861921187
12570.0 236.234899784
12590.0 236.607853378
12610.0 236.980781852
12630.0 237.35368509
12650.0 237.726562977
12670.0 238.099415395
12690.0 238.47224223
12710.0 238.845043366
12730.0 239.217818686
12750.0 239.590568076
12770.0 239.963291418
12790.0 240.335988598
12810.0 240.708659499
12830.0 241.081304007
12850.0 241.453922005