-810.0 -39.9983263402
-809.0 -39.9488289901
-808.0 -39.8993318146
-807.0 -39.8498348335
-806.0 -39.8003380688
-805.0 -39.7508415447
-804.0 -39.7013452877
-803.0 -39.6518493271
-802.0 -39.602353695
-801.0 -39.5528584267
-800.0 -39.503363561
-799.0 -39.4538691403
-798.0 -39.4043752111
-797.0 -39.3548818244
-796.0 -39.3053890358
-795.0 -39.2558969062
-794.0 -39.2064055021
-793.0 -39.1569148961
-792.0 -39.1074251673
-791.0 -39.0579364018
-790.0 -39.0084486935
-789.0 -38.9589621444
-788.0 -38.9094768655
-787.0 -38.8599929774
-786.0 -38.8105106106
-785.0 -38.7610299071
-784.0 -38.7115510204
-783.0 -38.6620741168
-782.0 -38.6125993762
-781.0 -38.563126993
-780.0 -38.513657177
-779.0 -38.4641901549
-778.0 -38.4147261709
-777.0 -38.365265488
-776.0 -38.3158083895
-775.0 -38.26635518
-774.0 -38.2169061866
-773.0 -38.1674617609
-772.0 -38.1180222799
-771.0 -38.0685881475
-770.0 -38.0191597966
-769.0 -37.9697376903
-768.0 -37.9203223237
-767.0 -37.8709142257
-766.0 -37.8215139608
-765.0 -37.7721221311
-764.0 -37.7227393779
-763.0 -37.6733663842
-762.0 -37.6240038762
-761.0 -37.5746526257
-760.0 -37.5253134523
-759.0 -37.4759872253
-758.0 -37.4266748659
-757.0 -37.3773773498
-756.0 -37.3280957092
-755.0 -37.278831035
-754.0 -37.2295844793
-753.0 -37.1803572575
-752.0 -37.1311506508
-751.0 -37.0819660084
-750.0 -37.0328047496
-749.0 -36.9836683665
-748.0 -36.9345584255
-747.0 -36.8854765702
-746.0 -36.836424523
-745.0 -36.7874040873
-744.0 -36.7384171493
-743.0 -36.6894656801
-742.0 -36.640551737
-741.0 -36.5916774657
-740.0 -36.5428451012
-739.0 -36.4940569693
-738.0 -36.4453154879
-737.0 -36.3966231677
-736.0 -36.3479826132
-735.0 -36.2993965229
-734.0 -36.2508676901
-733.0 -36.2023990023
-732.0 -36.1539934417
-731.0 -36.1056540841
-730.0 -36.0573840986
-729.0 -36.009186746
-728.0 -35.961065378
-727.0 -35.9130234349
-726.0 -35.8650644436
-725.0 -35.8171920155
-724.0 -35.7694098429
-723.0 -35.7217216965
-722.0 -35.6741314212
-721.0 -35.6266429324
-720.0 -35.5792602111
-719.0 -35.5319872994
-718.0 -35.4848282947
-717.0 -35.4377873443
-716.0 -35.3908686389
-715.0 -35.3440764061
-714.0 -35.2974149029
-713.0 -35.2508884087
-712.0 -35.2045012169
-711.0 -35.1582576264
-710.0 -35.1121619331
-709.0 -35.0662184204
-708.0 -35.0204313498
-707.0 -34.9748049503
-706.0 -34.9293434088
-705.0 -34.8840508588
-704.0 -34.8389313697
-703.0 -34.7939889349
-702.0 -34.7492274612
-701.0 -34.7046507559
-700.0 -34.6602625155
-699.0 -34.616066313
-698.0 -34.5720655858
-697.0 -34.5282636235
-696.0 -34.4846635546
-695.0 -34.441268335
-694.0 -34.3980807346
-693.0 -34.3551033254
-692.0 -34.3123384691
-691.0 -34.2697883048
-690.0 -34.2274547371
-689.0 -34.1853394246
-688.0 -34.1434437683
-687.0 -34.1017689005
-686.0 -34.0603156747
-685.0 -34.0190846547
-684.0 -33.9780761055
-683.0 -33.937289984
-682.5 -33.9169802338
-682.0 -33.8967259304
-681.5 -33.8765269781
-681.0 -33.8563832604
-680.5 -33.8362946399
-680.0 -33.8162609581
-679.5 -33.796282035
-679.0 -33.7763576693
-678.5 -33.756487638
-678.0 -33.7366716962
-677.5 -33.7169095772
-677.0 -33.6972009921
-676.0 -33.6579431575
-675.0 -33.6188954373
-674.0 -33.580054718
-673.0 -33.5414175267
-672.0 -33.5029800308
-671.0 -33.4647380385
-670.0 -33.4266870005
-669.0 -33.3888220126
-668.0 -33.3511378195
-667.0 -33.3136288191
-666.0 -33.276289069
-665.0 -33.2391122925
-664.0 -33.2020918866
-663.0 -33.1652209312
-662.0 -33.128492198
-661.0 -33.0918981623
-660.0 -33.0554310137
-659.0 -33.0190826695
-658.0 -32.9828447877
-657.0 -32.9467087815
-656.0 -32.9106658346
-655.0 -32.8747069169
-654.0 -32.8388228015
-653.0 -32.8030040817
-652.0 -32.7672411894
-651.0 -32.7315244134
-650.0 -32.6958439187
-649.0 -32.6601897664
-648.0 -32.6245519335
-647.0 -32.5889203341
-646.0 -32.5532848401
-645.0 -32.517635303
-644.0 -32.4819615763
-643.0 -32.4462535377
-642.0 -32.4105010199
-641.0 -32.3746939996
-640.0 -32.3388224888
-639.0 -32.3028766368
-638.0 -32.2668467063
-637.0 -32.2307230947
-636.0 -32.1944963547
-635.0 -32.158157213
-634.0 -32.1216965895
-633.0 -32.0851056145
-632.0 -32.0483756458
-631.0 -32.0114982848
-630.0 -31.9744653916
-629.0 -31.9372690994
-628.0 -31.8999018279
-627.0 -31.8623562957
-626.0 -31.8246255321
-625.5 -31.8056885978
-625.0 -31.7867028875
-624.5 -31.767667622
-624.0 -31.748582043
-623.5 -31.7294454136
-623.0 -31.7102570188
-622.5 -31.6910161655
-622.0 -31.6717221824
-621.5 -31.6523744208
-621.0 -31.6329722543
-620.5 -31.613515079
-620.0 -31.5940023139
-619.5 -31.5744334007
-619.0 -31.5548078041
-618.5 -31.5351250117
-618.0 -31.5153845342
-617.5 -31.4955859056
-617.0 -31.4757286829
-616.5 -31.4558124462
-616.0 -31.4358367989
-615.5 -31.4158013675
-615.0 -31.3957058017
-614.5 -31.3755497743
-614.0 -31.355332981
-613.5 -31.3350551405
-613.0 -31.3147159945
-612.5 -31.2943153073
-612.0 -31.2738528659
-611.5 -31.2533284798
-611.0 -31.2327419809
-610.5 -31.2120932233
-610.0 -31.1913820832
-609.5 -31.1706084584
-609.0 -31.1497722686
-608.5 -31.1288734549
-608.0 -31.1079119796
-607.5 -31.0868878259
-607.0 -31.0658009979
-606.5 -31.0446515201
-606.0 -31.0234394372
-605.5 -31.0021648139
-605.0 -30.9808277345
-604.5 -30.9594283028
-604.0 -30.9379666415
-603.5 -30.9164428921
-603.0 -30.8948572146
-602.5 -30.8732097869
-602.0 -30.8515008049
-601.5 -30.8297304818
-601.0 -30.8078990477
-600.5 -30.7860067497
-600.0 -30.764053851
-599.5 -30.742040631
-599.0 -30.7199673844
-598.5 -30.6978344214
-598.0 -30.6756420668
-597.5 -30.65339066
-597.0 -30.6310805544
-596.5 -30.608712117
-596.0 -30.5862857281
-595.5 -30.563801781
-595.0 -30.5412606811
-594.5 -30.5186628462
-594.0 -30.4960087055
-593.5 -30.4732986996
-593.0 -30.45053328
-592.5 -30.4277129082
-592.0 -30.4048380563
-591.0 -30.3589268464
-590.0 -30.3128036095
-589.0 -30.266472439
-588.0 -30.2199375495
-587.0 -30.1732032644
-586.0 -30.126274003
-585.0 -30.0791542685
-584.0 -30.0318486359
-583.0 -29.9843617399
-582.0 -29.9366982639
-581.0 -29.8888629282
-580.0 -29.8408604801
-579.0 -29.7926956826
-578.0 -29.7443733048
-577.0 -29.6958981125
-576.0 -29.6472748585
-575.0 -29.5985082744
-574.0 -29.5496030618
-573.0 -29.5005638848
-572.0 -29.4513953625
-571.0 -29.4021020622
-570.0 -29.3526884926
-569.0 -29.3031590984
-568.0 -29.2535182542
-567.0 -29.2037702595
-566.0 -29.1539193345
-565.0 -29.1039696156
-564.0 -29.0539251515
-563.0 -29.0037899001
-562.0 -28.9535677256
-561.0 -28.9032623959
-560.0 -28.8528775805
-559.0 -28.8024168487
-558.0 -28.7518836683
-557.0 -28.7012814043
-556.0 -28.6506133186
-555.0 -28.5998825691
-554.0 -28.5490922101
-553.0 -28.4982451919
-552.0 -28.4473443617
-551.0 -28.3963924638
-550.0 -28.345392141
-549.0 -28.2943459353
-548.0 -28.2432562894
-547.0 -28.192125548
-546.0 -28.1409559597
-545.0 -28.0897496784
-544.0 -28.0385087656
-543.0 -27.9872351923
-542.0 -27.9359308408
-541.0 -27.8845975076
-540.0 -27.8332369051
-539.0 -27.7818506641
-538.0 -27.7304403364
-537.0 -27.679007397
-536.0 -27.6275532468
-535.0 -27.576079215
-534.0 -27.5245865616
-533.0 -27.4730764798
-532.0 -27.4215500988
-531.0 -27.370008486
-530.0 -27.3184526496
-529.0 -27.2668835408
-528.0 -27.2153020568
-527.0 -27.1637090423
-526.0 -27.1121052928
-525.0 -27.0604915559
-524.0 -27.0088685342
-523.0 -26.9572368873
-522.0 -26.9055972335
-521.0 -26.8539501526
-520.0 -26.8022961872
-519.0 -26.750635845
-518.0 -26.6989696005
-517.0 -26.6472978969
-516.0 -26.5956211477
-515.0 -26.5439397383
-514.0 -26.4922540281
-513.0 -26.4405643512
-512.0 -26.3888710186
-511.0 -26.337174319
-510.0 -26.2854745209
-509.0 -26.2337718728
-508.0 -26.1820666057
-507.0 -26.1303589329
-506.0 -26.0786490524
-505.0 -26.0269371467
-504.0 -25.975223385
-503.0 -25.923507923
-502.0 -25.8717909046
-501.0 -25.8200724624
-500.0 -25.7683527184
-499.0 -25.7166317851
-498.0 -25.6649097656
-497.0 -25.613186755
-496.0 -25.5614628402
-495.0 -25.5097381013
-494.0 -25.4580126115
-493.0 -25.4062864379
-492.0 -25.3545596418
-491.0 -25.3028322793
-490.0 -25.2511044018
-489.0 -25.199376056
-488.0 -25.1476472847
-487.0 -25.0959181268
-486.0 -25.0441886176
-485.0 -24.9924587896
-484.0 -24.9407286719
-483.0 -24.8889982912
-482.0 -24.8372676718
-481.0 -24.7855368356
-480.0 -24.7338058024
-479.0 -24.6820745903
-478.0 -24.6303432155
-477.0 -24.5786116929
-476.0 -24.5268800356
-475.0 -24.4751482558
-474.0 -24.4234163643
-473.0 -24.3716843708
-472.0 -24.3199522841
-471.0 -24.2682201121
-470.0 -24.216487862
-469.0 -24.1647555402
-468.0 -24.1130231522
-467.0 -24.0612907034
-466.0 -24.0095581982
-465.0 -23.9578256409
-464.0 -23.906093035
-463.0 -23.8543603838
-462.0 -23.8026276903
-461.0 -23.7508949572
-460.0 -23.6991621865
-459.0 -23.6474293806
-458.0 -23.5956965411
-457.0 -23.5439636697
-456.0 -23.4922307679
-455.0 -23.4404978368
-454.0 -23.3887648776
-453.0 -23.3370318913
-452.0 -23.2852988788
-451.0 -23.2335658407
-450.0 -23.1818327778
-449.0 -23.1300996906
-448.0 -23.0783665796
-447.0 -23.0266334452
-446.0 -22.9749002878
-445.0 -22.9231671078
-444.0 -22.8714339053
-443.0 -22.8197006806
-442.0 -22.7679674339
-441.0 -22.7162341653
-440.0 -22.664500875
-439.0 -22.612767563
-438.0 -22.5610342294
-437.0 -22.5093008743
-436.0 -22.4575674977
-435.0 -22.4058340996
-434.0 -22.35410068
-433.0 -22.3023672389
-432.0 -22.2506337763
-431.0 -22.1989002921
-430.0 -22.1471667864
-429.0 -22.0954332589
-428.0 -22.0436997098
-427.0 -21.9919661388
-426.0 -21.9402325461
-425.0 -21.8884989314
-424.0 -21.8367652947
-423.0 -21.7850316359
-422.0 -21.7332979549
-421.0 -21.6815642517
-420.0 -21.6298305261
-419.0 -21.5780967781
-418.0 -21.5263630075
-417.0 -21.4746292143
-416.0 -21.4228953983
-415.0 -21.3711615595
-414.0 -21.3194276977
-413.0 -21.2676938128
-412.0 -21.2159599047
-411.0 -21.1642259734
-410.0 -21.1124920186
-409.0 -21.0607580404
-408.0 -21.0090240384
-407.0 -20.9572900128
-406.0 -20.9055559632
-405.0 -20.8538218897
-404.0 -20.8020877921
-403.0 -20.7503536703
-402.0 -20.6986195241
-401.0 -20.6468853534
-400.0 -20.5951511581
-399.0 -20.5434169381
-398.0 -20.4916826933
-397.0 -20.4399484235
-396.0 -20.3882141286
-395.0 -20.3364798084
-394.0 -20.2847454629
-393.0 -20.233011092
-392.0 -20.1812766953
-391.0 -20.129542273
-390.0 -20.0778078247
-389.0 -20.0260733504
-388.0 -19.9743388499
-387.0 -19.9226043232
-386.0 -19.87086977
-385.0 -19.8191351902
-384.0 -19.7674005837
-383.0 -19.7156659503
-382.0 -19.6639312899
-381.0 -19.6121966024
-380.0 -19.5604618876
-379.0 -19.5087271453
-378.0 -19.4569923755
-377.0 -19.4052575779
-376.0 -19.3535227524
-375.0 -19.3017878988
-374.0 -19.2500530171
-373.0 -19.198318107
-372.0 -19.1465831685
-371.0 -19.0948482012
-370.0 -19.0431132051
-369.0 -18.9913781801
-368.0 -18.9396431259
-367.0 -18.8879080424
-366.0 -18.8361729295
-365.0 -18.7844377869
-364.0 -18.7327026146
-363.0 -18.6809674122
-362.0 -18.6292321798
-361.0 -18.577496917
-360.0 -18.5257616238
-359.0 -18.4740262999
-358.0 -18.4222909452
-357.0 -18.3705555595
-356.0 -18.3188201427
-355.0 -18.2670846945
-354.0 -18.2153492147
-353.0 -18.1636137033
-352.0 -18.1118781599
-351.0 -18.0601425845
-350.0 -18.0084069768
-349.0 -17.9566713367
-348.0 -17.9049356639
-347.0 -17.8531999582
-346.0 -17.8014642196
-345.0 -17.7497284477
-344.0 -17.6979926423
-343.0 -17.6462568034
-342.0 -17.5945209306
-341.0 -17.5427850238
-340.0 -17.4910490828
-339.0 -17.4393131073
-338.0 -17.3875770973
-337.0 -17.3358410523
-336.0 -17.2841049723
-335.0 -17.232368857
-334.0 -17.1806327062
-333.0 -17.1288965197
-332.0 -17.0771602973
-331.0 -17.0254240388
-330.0 -16.9736877438
-329.0 -16.9219514123
-328.0 -16.870215044
-327.0 -16.8184786386
-326.0 -16.7667421959
-325.0 -16.7150057157
-324.0 -16.6632691977
-323.0 -16.6115326417
-322.0 -16.5597960475
-321.0 -16.5080594149
-320.0 -16.4563227435
-319.0 -16.4045860331
-318.0 -16.3528492836
-317.0 -16.3011124945
-316.0 -16.2493756658
-315.0 -16.197638797
-314.0 -16.145901888
-313.0 -16.0941649385
-312.0 -16.0424279483
-311.0 -15.990690917
-310.0 -15.9389538444
-309.0 -15.8872167303
-308.0 -15.8354795742
-307.0 -15.7837423761
-306.0 -15.7320051355
-305.0 -15.6802678523
-304.0 -15.6285305261
-303.0 -15.5767931566
-302.0 -15.5250557435
-301.0 -15.4733182866
-300.0 -15.4215807856
-299.0 -15.3698432401
-298.0 -15.3181056498
-297.0 -15.2663680145
-296.0 -15.2146303338
-295.0 -15.1628926075
-294.0 -15.1111548351
-293.0 -15.0594170164
-292.0 -15.007679151
-291.0 -14.9559412387
-290.0 -14.9042032791
-289.0 -14.8524652718
-288.0 -14.8007272166
-287.0 -14.7489891131
-286.0 -14.6972509609
-285.0 -14.6455127597
-284.0 -14.5937745091
-283.0 -14.5420362088
-282.0 -14.4902978585
-281.0 -14.4385594577
-280.0 -14.3868210062
-279.0 -14.3350825034
-278.0 -14.2833439492
-277.0 -14.2316053429
-276.0 -14.1798666844
-275.0 -14.1281279732
-274.0 -14.0763892089
-273.0 -14.0246503911
-272.0 -13.9729115195
-271.0 -13.9211725935
-270.0 -13.8694336129
-269.0 -13.8176945771
-268.0 -13.7659554859
-267.0 -13.7142163386
-266.0 -13.662477135
-265.0 -13.6107378746
-264.0 -13.5589985569
-263.0 -13.5072591815
-262.0 -13.4555197479
-261.0 -13.4037802558
-260.0 -13.3520407046
-259.0 -13.3003010939
-258.0 -13.2485614232
-257.0 -13.196821692
-256.0 -13.1450818999
-255.0 -13.0933420464
-254.0 -13.0416021309
-253.0 -12.989862153
-252.0 -12.9381221121
-251.0 -12.8863820079
-250.0 -12.8346418396
-249.0 -12.7829016069
-248.0 -12.7311613092
-247.0 -12.6794209459
-246.0 -12.6276805165
-245.0 -12.5759400205
-244.0 -12.5241994573
-243.0 -12.4724588264
-242.0 -12.4207181271
-241.0 -12.3689773589
-240.0 -12.3172365213
-239.0 -12.2654956135
-238.0 -12.2137546351
-237.0 -12.1620135854
-236.0 -12.1102724637
-235.0 -12.0585312696
-234.0 -12.0067900023
-233.0 -11.9550486612
-232.0 -11.9033072456
-231.0 -11.851565755
-230.0 -11.7998241886
-229.0 -11.7480825457
-228.0 -11.6963408258
-227.0 -11.644599028
-226.0 -11.5928571517
-225.0 -11.5411151962
-224.0 -11.4893731607
-223.0 -11.4376310446
-222.0 -11.3858888471
-221.0 -11.3341465674
-220.0 -11.2824042047
-219.0 -11.2306617584
-218.0 -11.1789192276
-217.0 -11.1271766115
-216.0 -11.0754339094
-215.0 -11.0236911204
-214.0 -10.9719482436
-213.0 -10.9202052784
-212.0 -10.8684622237
-211.0 -10.8167190787
-210.0 -10.7649758426
-209.0 -10.7132325145
-208.0 -10.6614890935
-207.0 -10.6097455786
-206.0 -10.5580019689
-205.0 -10.5062582636
-204.0 -10.4545144615
-203.0 -10.4027705619
-202.0 -10.3510265636
-201.0 -10.2992824657
-200.0 -10.2475382672
-199.0 -10.195793967
-198.0 -10.1440495641
-197.0 -10.0923050575
-196.0 -10.040560446
-195.0 -9.98881572859
-194.0 -9.93707090413
-193.0 -9.88532597149
-192.0 -9.83358092952
-191.0 -9.78183577707
-190.0 -9.73009051295
-189.0 -9.67834513595
-188.0 -9.62659964487
-187.0 -9.57485403844
-186.0 -9.52310831542
-185.0 -9.47136247452
-184.0 -9.41961651443
-183.0 -9.36787043383
-182.0 -9.31612423138
-181.0 -9.2643779057
-180.0 -9.2126314554
-179.0 -9.16088487907
-178.0 -9.10913817526
-177.0 -9.05739134251
-176.0 -9.00564437932
-175.0 -8.95389728419
-174.0 -8.90215005556
-173.0 -8.85040269187
-172.0 -8.79865519153
-171.0 -8.7469075529
-170.0 -8.69515977432
-169.0 -8.64341185413
-168.0 -8.59166379059
-167.0 -8.53991558197
-166.0 -8.48816722649
-165.0 -8.43641872233
-164.0 -8.38467006765
-163.0 -8.33292126058
-162.0 -8.28117229919
-161.0 -8.22942318155
-160.0 -8.17767390566
-159.0 -8.1259244695
-158.0 -8.074174871
-157.0 -8.02242510807
-156.0 -7.97067517856
-155.0 -7.91892508028
-154.0 -7.867174811
-153.0 -7.81542436846
-152.0 -7.76367375033
-151.0 -7.71192295424
-150.0 -7.6601719778
-149.0 -7.60842081853
-148.0 -7.55666947392
-147.0 -7.5049179414
-146.0 -7.45316621837
-145.0 -7.40141430215
-144.0 -7.34966219001
-143.0 -7.29790987916
-142.0 -7.24615736677
-141.0 -7.19440464992
-140.0 -7.14265172564
-139.0 -7.09089859091
-138.0 -7.03914524261
-137.0 -6.98739167759
-136.0 -6.93563789259
-135.0 -6.88388388432
-134.0 -6.83212964937
-133.0 -6.7803751843
-132.0 -6.72862048554
-131.0 -6.67686554948
-130.0 -6.62511037241
-129.0 -6.57335495053
-128.0 -6.52159927995
-127.0 -6.46984335669
-126.0 -6.41808717668
-125.0 -6.36633073573
-124.0 -6.31457402958
-123.0 -6.26281705385
-122.0 -6.21105980403
-121.0 -6.15930227554
-120.0 -6.10754446364
-119.0 -6.05578636351
-118.0 -6.00402797017
-117.0 -5.95226927854
-116.0 -5.90051028339
-115.0 -5.84875097936
-114.0 -5.79699136094
-113.0 -5.74523142248
-112.0 -5.69347115818
-111.0 -5.64171056208
-110.0 -5.58994962804
-109.0 -5.53818834977
-108.0 -5.4864267208
-107.0 -5.43466473446
-106.0 -5.38290238392
-105.0 -5.33113966212
-104.0 -5.27937656182
-103.0 -5.22761307555
-102.0 -5.17584919564
-101.0 -5.12408491416
-100.0 -5.07232022296
-99.0 -5.02055511365
-98.0 -4.96878957755
-97.0 -4.91702360574
-96.0 -4.865257189
-95.0 -4.81349031783
-94.0 -4.76172298241
-93.0 -4.70995517261
-92.0 -4.65818687797
-91.0 -4.60641808766
-90.0 -4.55464879052
-89.0 -4.502878975
-88.0 -4.45110862912
-87.0 -4.39933774054
-86.0 -4.34756629644
-85.0 -4.29579428356
-84.0 -4.24402168817
-83.0 -4.19224849604
-82.0 -4.1404746924
-81.0 -4.08870026194
-80.0 -4.03692518876
-79.0 -3.98514945638
-78.0 -3.93337304766
-77.0 -3.88159594478
-76.0 -3.82981812922
-75.0 -3.77803958173
-74.0 -3.72626028225
-73.0 -3.67448020991
-72.0 -3.62269934295
-71.0 -3.57091765868
-70.0 -3.51913513346
-69.0 -3.46735174258
-68.0 -3.41556746025
-67.0 -3.36378225952
-66.0 -3.31199611222
-65.0 -3.26020898883
-64.0 -3.20842085848
-63.0 -3.1566316888
-62.0 -3.10484144586
-61.0 -3.05305009404
-60.0 -3.00125759592
-59.0 -2.9494639122
-58.0 -2.8976690015
-57.0 -2.84587282027
-56.0 -2.79407532262
-55.0 -2.74227646014
-54.0 -2.6904761817
-53.0 -2.6386744333
-52.0 -2.58687115778
-51.0 -2.53506629461
-50.0 -2.48325977964
-49.0 -2.43145154473
-48.0 -2.37964151751
-47.0 -2.32782962096
-46.0 -2.27601577302
-45.0 -2.22419988614
-44.0 -2.17238186679
-43.0 -2.12056161491
-42.0 -2.06873902325
-41.0 -2.01691397672
-40.0 -1.96508635158
-39.0 -1.91325601457
-38.0 -1.86142282188
-37.0 -1.80958661804
-36.0 -1.75774723462
-35.0 -1.70590448876
-34.0 -1.65405818147
-33.0 -1.60220809569
-32.0 -1.55035399402
-31.0 -1.49849561614
-30.0 -1.44663267576
-29.0 -1.39476485705
-28.0 -1.34289181044
-27.0 -1.29101314771
-26.0 -1.23912843601
-25.0 -1.18723719083
-24.0 -1.13533886747
-23.0 -1.08343285065
-22.0 -1.03151844184
-21.5 -1.00555784561
-21.0 -0.979594843589
-20.5 -0.953629317451
-20.0 -0.927661139961
-19.5 -0.901690174089
-19.0 -0.875716271975
-18.5 -0.849739273765
-18.0 -0.823759006281
-17.5 -0.797775281498
-17.0 -0.771787894813
-16.5 -0.745796623037
-16.0 -0.719801222083
-15.5 -0.693801424286
-15.0 -0.667796935275
-14.5 -0.64178743031
-14.0 -0.615772549972
-13.75 -0.602762971002
-13.5 -0.589751895065
-13.25 -0.576739265052
-13.0 -0.563725020541
-12.75 -0.550709097547
-12.5 -0.537691428226
-12.25 -0.524671940568
-12.0 -0.511650558047
-11.75 -0.498627199232
-11.5 -0.485601777372
-11.25 -0.47257419991
-11.0 -0.459544367964
-10.75 -0.446512175739
-10.5 -0.433477509865
-10.25 -0.420440248662
-10.0 -0.40740026131
-9.75 -0.394357406912
-9.5 -0.381311533439
-9.25 -0.368262476527
-9.0 -0.35521005811
-8.75 -0.342154084862
-8.625 -0.335624700153
-8.5 -0.329094346405
-8.375 -0.322562994319
-8.25 -0.316030613255
-8.125 -0.309497171154
-8.0 -0.30296263444
-7.875 -0.296426967935
-7.75 -0.289890134743
-7.625 -0.283352096149
-7.5 -0.276812811489
-7.375 -0.270272238018
-7.25 -0.263730330775
-7.125 -0.257187042414
-7.0 -0.250642323044
-6.875 -0.24409612004
-6.75 -0.237548377839
-6.625 -0.230999037719
-6.5 -0.224448037555
-6.375 -0.217895311556
-6.25 -0.211340789965
-6.125 -0.204784398741
-6.0 -0.198226059196
-5.875 -0.191665687606
-5.75 -0.185103194768
-5.625 -0.178538485518
-5.5625 -0.175255268236
-5.5 -0.171971458184
-5.4375 -0.168687041537
-5.375 -0.165402003985
-5.3125 -0.162116330707
-5.25 -0.158830006352
-5.1875 -0.155543015007
-5.125 -0.152255340174
-5.0625 -0.148966964738
-5.0 -0.145677870939
-4.9375 -0.142388040336
-4.875 -0.139097453777
-4.8125 -0.135806091353
-4.75 -0.132513932368
-4.6875 -0.129220955292
-4.625 -0.125927137713
-4.5625 -0.122632456295
-4.5 -0.119336886722
-4.4375 -0.116040403643
-4.375 -0.112742980615
-4.3125 -0.109444590035
-4.25 -0.106145203079
-4.1875 -0.10284478962
-4.125 -0.0995433181558
-4.0625 -0.0962407557203
-4.0 -0.0929370677933
4.0 0.0929370677933
4.0625 0.0962407557203
4.125 0.0995433181558
4.1875 0.10284478962
4.25 0.106145203079
4.3125 0.109444590035
4.375 0.112742980615
4.4375 0.116040403643
4.5 0.119336886722
4.5625 0.122632456295
4.625 0.125927137713
4.6875 0.129220955292
4.75 0.132513932368
4.8125 0.135806091353
4.875 0.139097453777
4.9375 0.142388040336
5.0 0.145677870939
5.0625 0.148966964738
5.125 0.152255340174
5.1875 0.155543015007
5.25 0.158830006352
5.3125 0.162116330707
5.375 0.165402003985
5.4375 0.168687041537
5.5 0.171971458184
5.5625 0.175255268236
5.625 0.178538485518
5.75 0.185103194768
5.875 0.191665687606
6.0 0.198226059196
6.125 0.204784398741
6.25 0.211340789965
6.375 0.217895311556
6.5 0.224448037555
6.625 0.230999037719
6.75 0.237548377839
6.875 0.24409612004
7.0 0.250642323044
7.125 0.257187042414
7.25 0.263730330775
7.375 0.270272238018
7.5 0.276812811489
7.625 0.283352096149
7.75 0.289890134743
7.875 0.296426967935
8.0 0.30296263444
8.125 0.309497171154
8.25 0.316030613255
8.375 0.322562994319
8.5 0.329094346405
8.625 0.335624700153
8.75 0.342154084862
9.0 0.35521005811
9.25 0.368262476527
9.5 0.381311533439
9.75 0.394357406912
10.0 0.40740026131
10.25 0.420440248662
10.5 0.433477509865
10.75 0.446512175739
11.0 0.459544367964
11.25 0.47257419991
11.5 0.485601777372
11.75 0.498627199232
12.0 0.511650558047
12.25 0.524671940568
12.5 0.537691428226
12.75 0.550709097547
13.0 0.563725020541
13.25 0.576739265052
13.5 0.589751895065
13.75 0.602762971002
14.0 0.615772549972
14.5 0.64178743031
15.0 0.667796935275
15.5 0.693801424286
16.0 0.719801222083
16.5 0.745796623037
17.0 0.771787894813
17.5 0.797775281498
18.0 0.823759006281
18.5 0.849739273765
19.0 0.875716271975
19.5 0.901690174089
20.0 0.927661139961
20.5 0.953629317451
21.0 0.979594843589
21.5 1.00555784561
22.0 1.03151844184
23.0 1.08343285065
24.0 1.13533886747
25.0 1.18723719083
26.0 1.23912843601
27.0 1.29101314771
28.0 1.34289181044
29.0 1.39476485705
30.0 1.44663267576
31.0 1.49849561614
32.0 1.55035399402
33.0 1.60220809569
34.0 1.65405818147
35.0 1.70590448876
36.0 1.75774723462
37.0 1.80958661804
38.0 1.86142282188
39.0 1.91325601457
40.0 1.96508635158
41.0 2.01691397672
42.0 2.06873902325
43.0 2.12056161491
44.0 2.17238186679
45.0 2.22419988614
46.0 2.27601577302
47.0 2.32782962096
48.0 2.37964151751
49.0 2.43145154473
50.0 2.48325977964
51.0 2.53506629461
52.0 2.58687115778
53.0 2.6386744333
54.0 2.6904761817
55.0 2.74227646014
56.0 2.79407532262
57.0 2.84587282027
58.0 2.8976690015
59.0 2.9494639122
60.0 3.00125759592
61.0 3.05305009404
62.0 3.10484144586
63.0 3.1566316888
64.0 3.20842085848
65.0 3.26020898883
66.0 3.31199611222
67.0 3.36378225952
68.0 3.41556746025
69.0 3.46735174258
70.0 3.51913513346
71.0 3.57091765868
72.0 3.62269934295
73.0 3.67448020991
74.0 3.72626028225
75.0 3.77803958173
76.0 3.82981812922
77.0 3.88159594478
78.0 3.93337304766
79.0 3.98514945638
80.0 4.03692518876
81.0 4.08870026194
82.0 4.1404746924
83.0 4.19224849604
84.0 4.24402168817
85.0 4.29579428356
86.0 4.34756629644
87.0 4.39933774054
88.0 4.45110862912
89.0 4.502878975
90.0 4.55464879052
91.0 4.60641808766
92.0 4.65818687797
93.0 4.70995517261
94.0 4.76172298241
95.0 4.81349031783
96.0 4.865257189
97.0 4.91702360574
98.0 4.96878957755
99.0 5.02055511365
100.0 5.07232022296
101.0 5.12408491416
102.0 5.17584919564
103.0 5.22761307555
104.0 5.27937656182
105.0 5.33113966212
106.0 5.38290238392
107.0 5.43466473446
108.0 5.4864267208
109.0 5.53818834977
110.0 5.58994962804
111.0 5.64171056208
112.0 5.69347115818
113.0 5.74523142248
114.0 5.79699136094
115.0 5.84875097936
116.0 5.90051028339
117.0 5.95226927854
118.0 6.00402797017
119.0 6.05578636351
120.0 6.10754446364
121.0 6.15930227554
122.0 6.21105980403
123.0 6.26281705385
124.0 6.31457402958
125.0 6.36633073573
126.0 6.41808717668
127.0 6.46984335669
128.0 6.52159927995
129.0 6.57335495053
130.0 6.62511037241
131.0 6.67686554948
132.0 6.72862048554
133.0 6.7803751843
134.0 6.83212964937
135.0 6.88388388432
136.0 6.93563789259
137.0 6.98739167759
138.0 7.03914524261
139.0 7.09089859091
140.0 7.14265172564
141.0 7.19440464992
142.0 7.24615736677
143.0 7.29790987916
144.0 7.34966219001
145.0 7.40141430215
146.0 7.45316621837
147.0 7.5049179414
148.0 7.55666947392
149.0 7.60842081853
150.0 7.6601719778
151.0 7.71192295424
152.0 7.76367375033
153.0 7.81542436846
154.0 7.867174811
155.0 7.91892508028
156.0 7.97067517856
157.0 8.02242510807
158.0 8.074174871
159.0 8.1259244695
160.0 8.17767390566
161.0 8.22942318155
162.0 8.28117229919
163.0 8.33292126058
164.0 8.38467006765
165.0 8.43641872233
166.0 8.48816722649
167.0 8.53991558197
168.0 8.59166379059
169.0 8.64341185413
170.0 8.69515977432
171.0 8.7469075529
172.0 8.79865519153
173.0 8.85040269187
174.0 8.90215005556
175.0 8.95389728419
176.0 9.00564437932
177.0 9.05739134251
178.0 9.10913817526
179.0 9.16088487907
180.0 9.2126314554
181.0 9.2643779057
182.0 9.31612423138
183.0 9.36787043383
184.0 9.41961651443
185.0 9.47136247452
186.0 9.52310831542
187.0 9.57485403844
188.0 9.62659964487
189.0 9.67834513595
190.0 9.73009051295
191.0 9.78183577707
192.0 9.83358092952
193.0 9.88532597149
194.0 9.93707090413
195.0 9.98881572859
196.0 10.040560446
197.0 10.0923050575
198.0 10.1440495641
199.0 10.195793967
200.0 10.2475382672
201.0 10.2992824657
202.0 10.3510265636
203.0 10.4027705619
204.0 10.4545144615
205.0 10.5062582636
206.0 10.5580019689
207.0 10.6097455786
208.0 10.6614890935
209.0 10.7132325145
210.0 10.7649758426
211.0 10.8167190787
212.0 10.8684622237
213.0 10.9202052784
214.0 10.9719482436
215.0 11.0236911204
216.0 11.0754339094
217.0 11.1271766115
218.0 11.1789192276
219.0 11.2306617584
220.0 11.2824042047
221.0 11.3341465674
222.0 11.3858888471
223.0 11.4376310446
224.0 11.4893731607
225.0 11.5411151962
226.0 11.5928571517
227.0 11.644599028
228.0 11.6963408258
229.0 11.7480825457
230.0 11.7998241886
231.0 11.851565755
232.0 11.9033072456
233.0 11.9550486612
234.0 12.0067900023
235.0 12.0585312696
236.0 12.1102724637
237.0 12.1620135854
238.0 12.2137546351
239.0 12.2654956135
240.0 12.3172365213
241.0 12.3689773589
242.0 12.4207181271
243.0 12.4724588264
244.0 12.5241994573
245.0 12.5759400205
246.0 12.6276805165
247.0 12.6794209459
248.0 12.7311613092
249.0 12.7829016069
250.0 12.8346418396
251.0 12.8863820079
252.0 12.9381221121
253.0 12.989862153
254.0 13.0416021309
255.0 13.0933420464
256.0 13.1450818999
257.0 13.196821692
258.0 13.2485614232
259.0 13.3003010939
260.0 13.3520407046
261.0 13.4037802558
262.0 13.4555197479
263.0 13.5072591815
264.0 13.5589985569
265.0 13.6107378746
266.0 13.662477135
267.0 13.7142163386
268.0 13.7659554859
269.0 13.8176945771
270.0 13.8694336129
271.0 13.9211725935
272.0 13.9729115195
273.0 14.0246503911
274.0 14.0763892089
275.0 14.1281279732
276.0 14.1798666844
277.0 14.2316053429
278.0 14.2833439492
279.0 14.3350825034
280.0 14.3868210062
281.0 14.4385594577
282.0 14.4902978585
283.0 14.5420362088
284.0 14.5937745091
285.0 14.6455127597
286.0 14.6972509609
287.0 14.7489891131
288.0 14.8007272166
289.0 14.8524652718
290.0 14.9042032791
291.0 14.9559412387
292.0 15.007679151
293.0 15.0594170164
294.0 15.1111548351
295.0 15.1628926075
296.0 15.2146303338
297.0 15.2663680145
298.0 15.3181056498
299.0 15.3698432401
300.0 15.4215807856
301.0 15.4733182866
302.0 15.5250557435
303.0 15.5767931566
304.0 15.6285305261
305.0 15.6802678523
306.0 15.7320051355
307.0 15.7837423761
308.0 15.8354795742
309.0 15.8872167303
310.0 15.9389538444
311.0 15.990690917
312.0 16.0424279483
313.0 16.0941649385
314.0 16.145901888
315.0 16.197638797
316.0 16.2493756658
317.0 16.3011124945
318.0 16.3528492836
319.0 16.4045860331
320.0 16.4563227435
321.0 16.5080594149
322.0 16.5597960475
323.0 16.6115326417
324.0 16.6632691977
325.0 16.7150057157
326.0 16.7667421959
327.0 16.8184786386
328.0 16.870215044
329.0 16.9219514123
330.0 16.9736877438
331.0 17.0254240388
332.0 17.0771602973
333.0 17.1288965197
334.0 17.1806327062
335.0 17.232368857
336.0 17.2841049723
337.0 17.3358410523
338.0 17.3875770973
339.0 17.4393131073
340.0 17.4910490828
341.0 17.5427850238
342.0 17.5945209306
343.0 17.6462568034
344.0 17.6979926423
345.0 17.7497284477
346.0 17.8014642196
347.0 17.8531999582
348.0 17.9049356639
349.0 17.9566713367
350.0 18.0084069768
351.0 18.0601425845
352.0 18.1118781599
353.0 18.1636137033
354.0 18.2153492147
355.0 18.2670846945
356.0 18.3188201427
357.0 18.3705555595
358.0 18.4222909452
359.0 18.4740262999
360.0 18.5257616238
361.0 18.577496917
362.0 18.6292321798
363.0 18.6809674122
364.0 18.7327026146
365.0 18.7844377869
366.0 18.8361729295
367.0 18.8879080424
368.0 18.9396431259
369.0 18.9913781801
370.0 19.0431132051
371.0 19.0948482012
372.0 19.1465831685
373.0 19.198318107
374.0 19.2500530171
375.0 19.3017878988
376.0 19.3535227524
377.0 19.4052575779
378.0 19.4569923755
379.0 19.5087271453
380.0 19.5604618876
381.0 19.6121966024
382.0 19.6639312899
383.0 19.7156659503
384.0 19.7674005837
385.0 19.8191351902
386.0 19.87086977
387.0 19.9226043232
388.0 19.9743388499
389.0 20.0260733504
390.0 20.0778078247
391.0 20.129542273
392.0 20.1812766953
393.0 20.233011092
394.0 20.2847454629
395.0 20.3364798084
396.0 20.3882141286
397.0 20.4399484235
398.0 20.4916826933
399.0 20.5434169381
400.0 20.5951511581
401.0 20.6468853534
402.0 20.6986195241
403.0 20.7503536703
404.0 20.8020877921
405.0 20.8538218897
406.0 20.9055559632
407.0 20.9572900128
408.0 21.0090240384
409.0 21.0607580404
410.0 21.1124920186
411.0 21.1642259734
412.0 21.2159599047
413.0 21.2676938128
414.0 21.3194276977
415.0 21.3711615595
416.0 21.4228953983
417.0 21.4746292143
418.0 21.5263630075
419.0 21.5780967781
420.0 21.6298305261
421.0 21.6815642517
422.0 21.7332979549
423.0 21.7850316359
424.0 21.8367652947
425.0 21.8884989314
426.0 21.9402325461
427.0 21.9919661388
428.0 22.0436997098
429.0 22.0954332589
430.0 22.1471667864
431.0 22.1989002921
432.0 22.2506337763
433.0 22.3023672389
434.0 22.35410068
435.0 22.4058340996
436.0 22.4575674977
437.0 22.5093008743
438.0 22.5610342294
439.0 22.612767563
440.0 22.664500875
441.0 22.7162341653
442.0 22.7679674339
443.0 22.8197006806
444.0 22.8714339053
445.0 22.9231671078
446.0 22.9749002878
447.0 23.0266334452
448.0 23.0783665796
449.0 23.1300996906
450.0 23.1818327778
451.0 23.2335658407
452.0 23.2852988788
453.0 23.3370318913
454.0 23.3887648776
455.0 23.4404978368
456.0 23.4922307679
457.0 23.5439636697
458.0 23.5956965411
459.0 23.6474293806
460.0 23.6991621865
461.0 23.7508949572
462.0 23.8026276903
463.0 23.8543603838
464.0 23.906093035
465.0 23.9578256409
466.0 24.0095581982
467.0 24.0612907034
468.0 24.1130231522
469.0 24.1647555402
470.0 24.216487862
471.0 24.2682201121
472.0 24.3199522841
473.0 24.3716843708
474.0 24.4234163643
475.0 24.4751482558
476.0 24.5268800356
477.0 24.5786116929
478.0 24.6303432155
479.0 24.6820745903
480.0 24.7338058024
481.0 24.7855368356
482.0 24.8372676718
483.0 24.8889982912
484.0 24.9407286719
485.0 24.9924587896
486.0 25.0441886176
487.0 25.0959181268
488.0 25.1476472847
489.0 25.199376056
490.0 25.2511044018
491.0 25.3028322793
492.0 25.3545596418
493.0 25.4062864379
494.0 25.4580126115
495.0 25.5097381013
496.0 25.5614628402
497.0 25.613186755
498.0 25.6649097656
499.0 25.7166317851
500.0 25.7683527184
501.0 25.8200724624
502.0 25.8717909046
503.0 25.923507923
504.0 25.975223385
505.0 26.0269371467
506.0 26.0786490524
507.0 26.1303589329
508.0 26.1820666057
509.0 26.2337718728
510.0 26.2854745209
511.0 26.337174319
512.0 26.3888710186
513.0 26.4405643512
514.0 26.4922540281
515.0 26.5439397383
516.0 26.5956211477
517.0 26.6472978969
518.0 26.6989696005
519.0 26.750635845
520.0 26.8022961872
521.0 26.8539501526
522.0 26.9055972335
523.0 26.9572368873
524.0 27.0088685342
525.0 27.0604915559
526.0 27.1121052928
527.0 27.1637090423
528.0 27.2153020568
529.0 27.2668835408
530.0 27.3184526496
531.0 27.370008486
532.0 27.4215500988
533.0 27.4730764798
534.0 27.5245865616
535.0 27.576079215
536.0 27.6275532468
537.0 27.679007397
538.0 27.7304403364
539.0 27.7818506641
540.0 27.8332369051
541.0 27.8845975076
542.0 27.9359308408
543.0 27.9872351923
544.0 28.0385087656
545.0 28.0897496784
546.0 28.1409559597
547.0 28.192125548
548.0 28.2432562894
549.0 28.2943459353
550.0 28.345392141
551.0 28.3963924638
552.0 28.4473443617
553.0 28.4982451919
554.0 28.5490922101
555.0 28.5998825691
556.0 28.6506133186
557.0 28.7012814043
558.0 28.7518836683
559.0 28.8024168487
560.0 28.8528775805
561.0 28.9032623959
562.0 28.9535677256
563.0 29.0037899001
564.0 29.0539251515
565.0 29.1039696156
566.0 29.1539193345
567.0 29.2037702595
568.0 29.2535182542
569.0 29.3031590984
570.0 29.3526884926
571.0 29.4021020622
572.0 29.4513953625
573.0 29.5005638848
574.0 29.5496030618
575.0 29.5985082744
576.0 29.6472748585
577.0 29.6958981125
578.0 29.7443733048
579.0 29.7926956826
580.0 29.8408604801
581.0 29.8888629282
582.0 29.9366982639
583.0 29.9843617399
584.0 30.0318486359
585.0 30.0791542685
586.0 30.126274003
587.0 30.1732032644
588.0 30.2199375495
589.0 30.266472439
590.0 30.3128036095
591.0 30.3589268464
592.0 30.4048380563
592.5 30.4277129082
593.0 30.45053328
593.5 30.4732986996
594.0 30.4960087055
594.5 30.5186628462
595.0 30.5412606811
595.5 30.563801781
596.0 30.5862857281
596.5 30.608712117
597.0 30.6310805544
597.5 30.65339066
598.0 30.6756420668
598.5 30.6978344214
599.0 30.7199673844
599.5 30.742040631
600.0 30.764053851
600.5 30.7860067497
601.0 30.8078990477
601.5 30.8297304818
602.0 30.8515008049
602.5 30.8732097869
603.0 30.8948572146
603.5 30.9164428921
604.0 30.9379666415
604.5 30.9594283028
605.0 30.9808277345
605.5 31.0021648139
606.0 31.0234394372
606.5 31.0446515201
607.0 31.0658009979
607.5 31.0868878259
608.0 31.1079119796
608.5 31.1288734549
609.0 31.1497722686
609.5 31.1706084584
610.0 31.1913820832
610.5 31.2120932233
611.0 31.2327419809
611.5 31.2533284798
612.0 31.2738528659
612.5 31.2943153073
613.0 31.3147159945
613.5 31.3350551405
614.0 31.355332981
614.5 31.3755497743
615.0 31.3957058017
615.5 31.4158013675
616.0 31.4358367989
616.5 31.4558124462
617.0 31.4757286829
617.5 31.4955859056
618.0 31.5153845342
618.5 31.5351250117
619.0 31.5548078041
619.5 31.5744334007
620.0 31.5940023139
620.5 31.613515079
621.0 31.6329722543
621.5 31.6523744208
622.0 31.6717221824
622.5 31.6910161655
623.0 31.7102570188
623.5 31.7294454136
624.0 31.748582043
624.5 31.767667622
625.0 31.7867028875
625.5 31.8056885978
626.0 31.8246255321
627.0 31.8623562957
628.0 31.8999018279
629.0 31.9372690994
630.0 31.9744653916
631.0 32.0114982848
632.0 32.0483756458
633.0 32.0851056145
634.0 32.1216965895
635.0 32.158157213
636.0 32.1944963547
637.0 32.2307230947
638.0 32.2668467063
639.0 32.3028766368
640.0 32.3388224888
641.0 32.3746939996
642.0 32.4105010199
643.0 32.4462535377
644.0 32.4819615763
645.0 32.517635303
646.0 32.5532848401
647.0 32.5889203341
648.0 32.6245519335
649.0 32.6601897664
650.0 32.6958439187
651.0 32.7315244134
652.0 32.7672411894
653.0 32.8030040817
654.0 32.8388228015
655.0 32.8747069169
656.0 32.9106658346
657.0 32.9467087815
658.0 32.9828447877
659.0 33.0190826695
660.0 33.0554310137
661.0 33.0918981623
662.0 33.128492198
663.0 33.1652209312
664.0 33.2020918866
665.0 33.2391122925
666.0 33.276289069
667.0 33.3136288191
668.0 33.3511378195
669.0 33.3888220126
670.0 33.4266870005
671.0 33.4647380385
672.0 33.5029800308
673.0 33.5414175267
674.0 33.580054718
675.0 33.6188954373
676.0 33.6579431575
677.0 33.6972009921
677.5 33.7169095772
678.0 33.7366716962
678.5 33.756487638
679.0 33.7763576693
679.5 33.796282035
680.0 33.8162609581
680.5 33.8362946399
681.0 33.8563832604
681.5 33.8765269781
682.0 33.8967259304
682.5 33.9169802338
683.0 33.937289984
684.0 33.9780761055
685.0 34.0190846547
686.0 34.0603156747
687.0 34.1017689005
688.0 34.1434437683
689.0 34.1853394246
690.0 34.2274547371
691.0 34.2697883048
692.0 34.3123384691
693.0 34.3551033254
694.0 34.3980807346
695.0 34.441268335
696.0 34.4846635546
697.0 34.5282636235
698.0 34.5720655858
699.0 34.616066313
700.0 34.6602625155
701.0 34.7046507559
702.0 34.7492274612
703.0 34.7939889349
704.0 34.8389313697
705.0 34.8840508588
706.0 34.9293434088
707.0 34.9748049503
708.0 35.0204313498
709.0 35.0662184204
710.0 35.1121619331
711.0 35.1582576264
712.0 35.2045012169
713.0 35.2508884087
714.0 35.2974149029
715.0 35.3440764061
716.0 35.3908686389
717.0 35.4377873443
718.0 35.4848282947
719.0 35.5319872994
720.0 35.5792602111
721.0 35.6266429324
722.0 35.6741314212
723.0 35.7217216965
724.0 35.7694098429
725.0 35.8171920155
726.0 35.8650644436
727.0 35.9130234349
728.0 35.961065378
729.0 36.009186746
730.0 36.0573840986
731.0 36.1056540841
732.0 36.1539934417
733.0 36.2023990023
734.0 36.2508676901
735.0 36.2993965229
736.0 36.3479826132
737.0 36.3966231677
738.0 36.4453154879
739.0 36.4940569693
740.0 36.5428451012
741.0 36.5916774657
742.0 36.640551737
743.0 36.6894656801
744.0 36.7384171493
745.0 36.7874040873
746.0 36.836424523
747.0 36.8854765702
748.0 36.9345584255
749.0 36.9836683665
750.0 37.0328047496
751.0 37.0819660084
752.0 37.1311506508
753.0 37.1803572575
754.0 37.2295844793
755.0 37.278831035
756.0 37.3280957092
757.0 37.3773773498
758.0 37.4266748659
759.0 37.4759872253
760.0 37.5253134523
761.0 37.5746526257
762.0 37.6240038762
763.0 37.6733663842
764.0 37.7227393779
765.0 37.7721221311
766.0 37.8215139608
767.0 37.8709142257
768.0 37.9203223237
769.0 37.9697376903
770.0 38.0191597966
771.0 38.0685881475
772.0 38.1180222799
773.0 38.1674617609
774.0 38.2169061866
775.0 38.26635518
776.0 38.3158083895
777.0 38.365265488
778.0 38.4147261709
779.0 38.4641901549
780.0 38.513657177
781.0 38.563126993
782.0 38.6125993762
783.0 38.6620741168
784.0 38.7115510204
785.0 38.7610299071
786.0 38.8105106106
787.0 38.8599929774
788.0 38.9094768655
789.0 38.9589621444
790.0 39.0084486935
791.0 39.0579364018
792.0 39.1074251673
793.0 39.1569148961
794.0 39.2064055021
795.0 39.2558969062
796.0 39.3053890358
797.0 39.3548818244
798.0 39.4043752111
799.0 39.4538691403
800.0 39.503363561
801.0 39.5528584267
802.0 39.602353695
803.0 39.6518493271
804.0 39.7013452877
805.0 39.7508415447
806.0 39.8003380688
807.0 39.8498348335
808.0 39.8993318146
809.0 39.9488289901
810.0 39.9983263402