-600.0 -1773.08757471
-550.0 -1625.33027682
-500.0 -1477.57297892
-450.0 -1329.81568103
-400.0 -1182.05838314
-350.0 -1034.30108525
-300.0 -886.543787355
-250.0 -738.786489462
-200.0 -591.02919157
-150.0 -443.271893677
-100.0 -295.514595785
-50.0 -147.757297892
1.0 2.95514595785
50.0 147.757297892
100.0 295.514595785
150.0 443.271893677
200.0 591.02919157
250.0 738.786489462
300.0 886.543787355
350.0 1034.30108525
400.0 1182.05838314
450.0 1329.81568103
500.0 1477.57297892
550.0 1625.33027682
600.0 1773.08757471