-600.0 -1422328.18964
-550.0 -1303800.84051
-500.0 -1185273.49137
-450.0 -1066746.14223
-400.0 -948218.793096
-350.0 -829691.443959
-300.0 -711164.094822
-250.0 -592636.745685
-200.0 -474109.396548
-150.0 -355582.047411
-100.0 -237054.698274
-50.0 -118527.349137
1.0 2370.54698274
50.0 118527.349137
100.0 237054.698274
150.0 355582.047411
200.0 474109.396548
250.0 592636.745685
300.0 711164.094822
350.0 829691.443959
400.0 948218.793096
450.0 1066746.14223
500.0 1185273.49137
550.0 1303800.84051
600.0 1422328.18964