750.0 0.53022563379
850.0 0.600832505777
950.0 0.671524483885
1050.0 0.742237698338
1150.0 0.812956499734
1250.0 0.88367656129
1350.0 0.954396599663
1450.0 1.02511623535
1550.0 1.09583537453
1650.0 1.16655401439
1750.0 1.23727217796
1850.0 1.30798989165
1950.0 1.37870717762
2050.0 1.44942405149
2150.0 1.52014052199
2250.0 1.59085659126
2350.0 1.6615722553
2450.0 1.73228750438
2550.0 1.80300232345
2650.0 1.87371669235
2750.0 1.94443058608
2850.0 2.01514397485
2950.0 2.08585682416
3050.0 2.15656909483
3150.0 2.22728074287
3250.0 2.29799171949
3350.0 2.36870197086
3450.0 2.43941143803
3550.0 2.51012005667
3650.0 2.58082775686
3750.0 2.65153446286
3850.0 2.72224009274
3950.0 2.79294455814
4050.0 2.86364776389
4150.0 2.93434960761
4250.0 3.00504997937
4350.0 3.07574876117
4450.0 3.14644582655
4550.0 3.21714104004
4650.0 3.28783425667
4750.0 3.35852532136
4850.0 3.42921406838
4950.0 3.49990032067
5050.0 3.57058388915
5150.0 3.64126457208
5250.0 3.71194215423
5350.0 3.78261640612
5450.0 3.85328708317
5550.0 3.9239539248
5650.0 3.99461665349
5750.0 4.06527497379
5850.0 4.13592857129
5950.0 4.20657711147
6050.0 4.27722023859
6150.0 4.34785757442
6250.0 4.41848871699
6350.0 4.48911323921
6450.0 4.55973068743
6550.0 4.63034057998
6650.0 4.70094240556
6750.0 4.77153562159
6850.0 4.8421196525
6950.0 4.91269388786
7050.0 4.98325768053
7150.0 5.05381034458
7250.0 5.12435115326
7350.0 5.19487933679
7450.0 5.26539408004
7550.0 5.33589452016
7650.0 5.40637974407
7750.0 5.47684878586
7850.0 5.54730062408
7950.0 5.61773417892
8050.0 5.68814830928
8150.0 5.75854180979
8250.0 5.82891340766
8350.0 5.89926175948
8450.0 5.96958544796
8550.0 6.03988297855
8650.0 6.1101527761
8750.0 6.18039318139
8850.0 6.25060244773
8950.0 6.32077873758
9050.0 6.39092011927
9150.0 6.46102456381
9250.0 6.53108994189
9350.0 6.60111402126
9450.0 6.6710944643
9550.0 6.74102882621
9650.0 6.81091455371
9750.0 6.88074898454
9850.0 6.95052934781
9950.0 7.02025276553
10050.0 7.08991625548
10150.0 7.15951673561
10250.0 7.22905103041
10350.0 7.29851587944
10450.0 7.36790794842
10550.0 7.43722384324
10650.0 7.5064601273
10750.0 7.57561334257
10850.0 7.64468003474
10950.0 7.71365678289
11050.0 7.782540234
11150.0 7.85132714253
11250.0 7.92001441521
11350.0 7.98859916117
11450.0 8.05707874698
11550.0 8.12545085635
11650.0 8.19371355374
11750.0 8.26186535068
11850.0 8.32990527348
11950.0 8.3978329305
12050.0 8.46564857668
12150.0 8.53335317295
12250.0 8.60094843764
12350.0 8.66843688694
12450.0 8.73582186163
12550.0 8.80310753739
12650.0 8.87029891636
12750.0 8.93740179851
12850.0 9.00442273206