300.0 0.213337720182
400.0 0.283358904955
500.0 0.353719897375
600.0 0.424233094498
700.0 0.494824103541
800.0 0.565458459289
900.0 0.63611842026
1000.0 0.70679413288
1100.0 0.777479803231
1200.0 0.848171871247
1300.0 0.918868072661
1400.0 0.989566927511
1500.0 1.06026744735
1600.0 1.13096896074
1700.0 1.20167100556
1800.0 1.2723732607
1900.0 1.34307550148
2000.0 1.41377756999
2100.0 1.48447935495
2200.0 1.5551807778
2300.0 1.62588178287
2400.0 1.69658233047
2500.0 1.76728239179
2600.0 1.83798194521
2700.0 1.90868097358
2800.0 1.97937946209
2900.0 2.05007739669
3000.0 2.12077476285
3100.0 2.19147154451
3200.0 2.26216772327
3300.0 2.3328632777
3400.0 2.4035581827
3500.0 2.47425240893
3600.0 2.54494592234
3700.0 2.61563868361
3800.0 2.68633064772
3900.0 2.75702176343
4000.0 2.82771197277
4100.0 2.89840121057
4200.0 2.96908940388
4300.0 3.0397764714
4400.0 3.11046232295
4500.0 3.18114685878
4600.0 3.2518299689
4700.0 3.32251153245
4800.0 3.39319141686
4900.0 3.4638694771
5000.0 3.53454555484
5100.0 3.60521947752
5200.0 3.67589105745
5300.0 3.74656009076
5400.0 3.81722635635
5500.0 3.88788961481
5600.0 3.95854960715
5700.0 4.02920605364
5800.0 4.09985865246
5900.0 4.17050707832
6000.0 4.24115098103
6100.0 4.31178998399
6200.0 4.38242368262
6300.0 4.4530516427
6400.0 4.5236733987
6500.0 4.59428845195
6600.0 4.66489626887
6700.0 4.73549627903
6800.0 4.80608787321
6900.0 4.87667040142
7000.0 4.94724317079
7100.0 5.01780544354
7200.0 5.08835643482
7300.0 5.15889531052
7400.0 5.22942118516
7500.0 5.29993311963
7600.0 5.37043011908
7700.0 5.4409111307
7800.0 5.5113750416
7900.0 5.58182067674
8000.0 5.65224679691
8100.0 5.72265209678
8200.0 5.79303520313
8300.0 5.86339467309
8400.0 5.93372899271
8500.0 6.00403657559
8600.0 6.0743157618
8700.0 6.14456481706
8800.0 6.21478193221
8900.0 6.28496522309
9000.0 6.3551127307
9100.0 6.42522242197
9200.0 6.49529219092
9300.0 6.56531986042
9400.0 6.63530318462
9500.0 6.70523985205
9600.0 6.77512748952
9700.0 6.84496366691
9800.0 6.91474590281
9900.0 6.98447167129
10000.0 7.05413840973
10100.0 7.12374352788
10200.0 7.19328441816
10300.0 7.26275846734
10400.0 7.33216306972
10500.0 7.40149564167
10600.0 7.47075363784
10700.0 7.53993456886
10800.0 7.60903602062
10900.0 7.67805567511
11000.0 7.74699133264
11100.0 7.8158409355
11200.0 7.88460259271
11300.0 7.95327460581
11400.0 8.02185549523
11500.0 8.09034402705
11600.0 8.15873923963
11700.0 8.22704046974
11800.0 8.29524737749
11900.0 8.36335996966
12000.0 8.43137862068
12100.0 8.49930409066
12200.0 8.56713753985
12300.0 8.63488053885
12400.0 8.70253507401
12500.0 8.77010354759
12600.0 8.83758877224
12700.0 8.9049939595
12800.0 8.97232270236