-600.0 -1790.60681504
-550.0 -1641.38958045
-500.0 -1492.17234586
-450.0 -1342.95511128
-400.0 -1193.73787669
-350.0 -1044.5206421
-300.0 -895.303407518
-250.0 -746.086172932
-200.0 -596.868938345
-150.0 -447.651703759
-100.0 -298.434469173
-50.0 -149.217234586
1.0 2.98434469173
50.0 149.217234586
100.0 298.434469173
150.0 447.651703759
200.0 596.868938345
250.0 746.086172932
300.0 895.303407518
350.0 1044.5206421
400.0 1193.73787669
450.0 1342.95511128
500.0 1492.17234586
550.0 1641.38958045
600.0 1790.60681504