750.0 0.530137223992
850.0 0.600785980983
950.0 0.671454737469
1050.0 0.742135984388
1150.0 0.81282520201
1250.0 0.883519561978
1350.0 0.954217239241
1450.0 1.0249170272
1550.0 1.09561811269
1650.0 1.16631993948
1750.0 1.23702212274
1850.0 1.30772439405
1950.0 1.37842656513
2050.0 1.44912850346
2150.0 1.51983011556
2250.0 1.59053133535
2350.0 1.66123211587
2450.0 1.7319324234
2550.0 1.80263223314
2650.0 1.87333152599
2750.0 1.94403028619
2850.0 2.01472849951
2950.0 2.08542615178
3050.0 2.15612322782
3150.0 2.22681971051
3250.0 2.29751558001
3350.0 2.36821081311
3450.0 2.43890538267
3550.0 2.50959925707
3650.0 2.58029239966
3750.0 2.65098476836
3850.0 2.72167631508
3950.0 2.79236698529
4050.0 2.86305671749
4150.0 2.93374544266
4250.0 3.00443308378
4350.0 3.07511955518
4450.0 3.14580476196
4550.0 3.21648859934
4650.0 3.287170952
4750.0 3.35785169331
4850.0 3.42853068458
4950.0 3.49920777422
5050.0 3.56988279692
5150.0 3.64055557268
5250.0 3.71122590583
5350.0 3.78189358404
5450.0 3.85255837719
5550.0 3.92322003622
5650.0 3.99387829196
5750.0 4.06453285378
5850.0 4.1351834083
5950.0 4.20582961797
6050.0 4.27647111959
6150.0 4.34710752277
6250.0 4.41773840832
6350.0 4.48836332658
6450.0 4.55898179568
6550.0 4.62959329972
6650.0 4.70019728694
6750.0 4.77079316776
6850.0 4.84138031284
6950.0 4.91195805099
7050.0 4.98252566717
7150.0 5.05308240032
7250.0 5.12362744123
7350.0 5.19415993039
7450.0 5.26467895576
7550.0 5.33518355065
7650.0 5.40567269149
7750.0 5.47614529569
7850.0 5.54660021956
7950.0 5.61703625621
8050.0 5.6874521336
8150.0 5.75784651268
8250.0 5.8282179856
8350.0 5.89856507413
8450.0 5.96888622826
8550.0 6.03917982493
8650.0 6.10944416711
8750.0 6.17967748315
8850.0 6.24987792637
8950.0 6.32004357514
9050.0 6.39017243331
9150.0 6.46026243117
9250.0 6.53031142689
9350.0 6.60031720865
9450.0 6.67027749736
9550.0 6.74018995014
9650.0 6.81005216469
9750.0 6.87986168446
9850.0 6.94961600488
9950.0 7.01931258062
10050.0 7.08894883404
10150.0 7.15852216484
10250.0 7.22802996108
10350.0 7.29746961156
10450.0 7.36683851968
10550.0 7.43613411884
10650.0 7.50535388937
10750.0 7.57449537703
10850.0 7.64355621305
10950.0 7.71253413571
11050.0 7.78142701329
11150.0 7.85023286828
11250.0 7.91894990269
11350.0 7.98757652417
11450.0 8.05611137263
11550.0 8.12455334699
11650.0 8.1929016316
11750.0 8.26115572187
11850.0 8.32931544847
11950.0 8.39738099953
12050.0 8.4653529403
12150.0 8.5332322294
12250.0 8.60102023125
12350.0 8.66871872398
12450.0 8.73632990222
12550.0 8.80385637449
12650.0 8.87130115468
12750.0 8.93866764762
12850.0 9.00595962858