350.0 0.247956291569
450.0 0.31837648293
550.0 0.388904359541
650.0 0.459492768169
750.0 0.530118349351
850.0 0.600768182775
950.0 0.671434540278
1050.0 0.74211252018
1150.0 0.812798868318
1250.0 0.883491343718
1350.0 0.954188355987
1450.0 1.02488874756
1550.0 1.09559165745
1650.0 1.16629643307
1750.0 1.23700257137
1850.0 1.30770967854
1950.0 1.37841744188
2050.0 1.44912560962
2150.0 1.51983397631
2250.0 1.59054237197
2350.0 1.66125065399
2450.0 1.73195870096
2550.0 1.80266640784
2650.0 1.87337368231
2750.0 1.94408044173
2850.0 2.01478661083
2950.0 2.08549211976
3050.0 2.15619690245
3150.0 2.22690089535
3250.0 2.29760403619
3350.0 2.36830626309
3450.0 2.43900751361
3550.0 2.50970772399
3650.0 2.58040682843
3750.0 2.65110475839
3850.0 2.72180144198
3950.0 2.79249680333
4050.0 2.86319076194
4150.0 2.93388323211
4250.0 3.00457412232
4350.0 3.0752633346
4450.0 3.14595076384
4550.0 3.21663629721
4650.0 3.28731981339
4750.0 3.35800118189
4850.0 3.42868026225
4950.0 3.49935690327
5050.0 3.57003094216
5150.0 3.64070220364
5250.0 3.71137049903
5350.0 3.7820356252
5450.0 3.85269736358
5550.0 3.92335547902
5650.0 3.99400971861
5750.0 4.06465981049
5850.0 4.1353054625
5950.0 4.2059463608
6050.0 4.27658216849
6150.0 4.34721252401
6250.0 4.41783703956
6350.0 4.48845529948
6450.0 4.5590668584
6550.0 4.62967123949
6650.0 4.70026793249
6750.0 4.7708563917
6850.0 4.84143603396
6950.0 4.91200623645
7050.0 4.98256633444
7150.0 5.05311561901
7250.0 5.12365333468
7350.0 5.19417867692
7450.0 5.26469078968
7550.0 5.33518876281
7650.0 5.40567162947
7750.0 5.47613836346
7850.0 5.54658787658
7950.0 5.61701901591
8050.0 5.68743056119
8150.0 5.75782122208
8250.0 5.8281896356
8350.0 5.89853436354
8450.0 5.96885388998
8550.0 6.03914661893
8650.0 6.10941087209
8750.0 6.17964488688
8850.0 6.24984681453
8950.0 6.32001471864
9050.0 6.39014657391
9150.0 6.46024026532
9250.0 6.5302935878
9350.0 6.60030424638
9450.0 6.67026985697
9550.0 6.74018794789
9650.0 6.81005596221
9750.0 6.879871261
9850.0 6.94963112776
9950.0 7.01933277394
10050.0 7.08897334595
10150.0 7.15854993365
10250.0 7.22805958061
10350.0 7.29749929618
10450.0 7.36686606975
10550.0 7.43615688718
10650.0 7.50536874975
10750.0 7.57449869557
10850.0 7.64354382386
10950.0 7.71250132186
11050.0 7.78136849469
11150.0 7.85014279797
11250.0 7.91882187303
11350.0 7.98740358468
11450.0 8.055886061
11550.0 8.12426773477
11650.0 8.19254738588
11750.0 8.26072418403
11850.0 8.32879773059
11950.0 8.39676809884
12050.0 8.46463587115
12150.0 8.53240217193
12250.0 8.60006869507
12350.0 8.66763772454
12450.0 8.73511214683
12550.0 8.80249545442
12650.0 8.86979173927
12750.0 8.93700567593
12850.0 9.00414249425