-600.0 -1455605.0683
-550.0 -1334304.64594
-500.0 -1213004.22358
-450.0 -1091703.80122
-400.0 -970403.378864
-350.0 -849102.956506
-300.0 -727802.534148
-250.0 -606502.11179
-200.0 -485201.689432
-150.0 -363901.267074
-100.0 -242600.844716
-50.0 -121300.422358
1.0 2426.00844716
50.0 121300.422358
100.0 242600.844716
150.0 363901.267074
200.0 485201.689432
250.0 606502.11179
300.0 727802.534148
350.0 849102.956506
400.0 970403.378864
450.0 1091703.80122
500.0 1213004.22358
550.0 1334304.64594
600.0 1455605.0683