-600.0 -1472082.14374
-550.0 -1349408.63176
-500.0 -1226735.11978
-450.0 -1104061.6078
-400.0 -981388.095826
-350.0 -858714.583848
-300.0 -736041.07187
-250.0 -613367.559891
-200.0 -490694.047913
-150.0 -368020.535935
-100.0 -245347.023957
-50.0 -122673.511978
1.0 2453.47023957
50.0 122673.511978
100.0 245347.023957
150.0 368020.535935
200.0 490694.047913
250.0 613367.559891
300.0 736041.07187
350.0 858714.583848
400.0 981388.095826
450.0 1104061.6078
500.0 1226735.11978
550.0 1349408.63176
600.0 1472082.14374