350.0 0.251089757523
400.0 0.285581637753
500.0 0.354448475691
600.0 0.424479196818
700.0 0.494901656575
800.0 0.565477217059
900.0 0.636118889299
1000.0 0.706791071705
1100.0 0.777477916798
1200.0 0.848171922597
1300.0 0.918869377551
1400.0 0.989568391031
1500.0 1.06026798582
1600.0 1.13096765786
1700.0 1.20166715363
1800.0 1.27236635361
1900.0 1.34306520978
2000.0 1.41376371123
2100.0 1.48446186512
2200.0 1.55515968596
2300.0 1.62585718962
2400.0 1.69655438995
2500.0 1.76725129698
2600.0 1.83794791594
2700.0 1.90864424677
2800.0 1.97934028387
2900.0 2.05003601603
3000.0 2.1207314264
3100.0 2.19142649241
3200.0 2.26212118581
3300.0 2.33281547253
3400.0 2.40350931262
3500.0 2.47420266009
3600.0 2.54489546277
3700.0 2.61558766204
3800.0 2.68627919259
3900.0 2.75696998212
4000.0 2.82765995102
4100.0 2.89834901193
4200.0 2.96903706939
4300.0 3.0397240193
4400.0 3.11040974851
4500.0 3.18109413417
4600.0 3.25177704323
4700.0 3.32245833176
4800.0 3.3931378443
4900.0 3.4638154131
5000.0 3.53449085742
5100.0 3.60516398264
5200.0 3.67583457946
5300.0 3.74650242293
5400.0 3.8171672715
5500.0 3.88782886601
5600.0 3.9584869286
5700.0 4.02914116157
5800.0 4.09979124617
5900.0 4.17043684138
6000.0 4.24107758256
6100.0 4.31171308007
6200.0 4.38234291787
6300.0 4.45296665195
6400.0 4.52358380881
6500.0 4.59419388376
6600.0 4.66479633931
6700.0 4.73539060329
6800.0 4.80597606712
6900.0 4.87655208386
7000.0 4.94711796623
7100.0 5.01767298467
7200.0 5.08821636519
7300.0 5.15874728731
7400.0 5.22926488184
7500.0 5.29976822868
7600.0 5.37025635458
7700.0 5.44072823084
7800.0 5.51118277102
7900.0 5.58161882862
8000.0 5.65203519479
8100.0 5.72243059603
8200.0 5.79280369193
8300.0 5.86315307295
8400.0 5.93347725834
8500.0 6.00377469404
8600.0 6.07404375082
8700.0 6.14428272253
8800.0 6.21448982453
8900.0 6.28466319243
9000.0 6.35480088099
9100.0 6.42490086355
9200.0 6.49496103167
9300.0 6.56497919538
9400.0 6.6349530839
9500.0 6.70488034706
9600.0 6.77475855743
9700.0 6.84458521323
9800.0 6.91435774228
9900.0 6.98407350699
10000.0 7.05372981055
10100.0 7.12332390445
10200.0 7.19285299757
10300.0 7.26231426683
10400.0 7.3317048697
10500.0 7.40102195865
10600.0 7.47026269762
10700.0 7.53942428082
10800.0 7.60850395373
10900.0 7.6774990365
11000.0 7.74640694979
11100.0 7.81522524292
11200.0 7.88395162429
11300.0 7.95258399387
11400.0 8.02112047746
11500.0 8.08955946239
11600.0 8.15789963405
11700.0 8.22614001274
11800.0 8.29427999003
11900.0 8.36231936369
12000.0 8.43025837044
12100.0 8.49809771519
12200.0 8.56583859587
12300.0 8.63348272272
12400.0 8.70103233083
12500.0 8.76849018515
12600.0 8.835859577
12700.0 8.90314431156
12800.0 8.97034868592