750.0 0.530213284212
850.0 0.600907854527
950.0 0.671608856527
1050.0 0.742314229832
1150.0 0.813022708561
1250.0 0.883733473164
1350.0 0.95444596907
1450.0 1.02515980627
1550.0 1.09587470085
1650.0 1.16659043937
1750.0 1.2373068565
1850.0 1.30802382031
1950.0 1.37874122251
2050.0 1.44945897163
2150.0 1.52017698827
2250.0 1.59089520165
2350.0 1.66161354705
2450.0 1.73233196387
2550.0 1.80305039417
2650.0 1.87376878145
2750.0 1.94448706972
2850.0 2.01520520271
2950.0 2.08592312317
3050.0 2.15664077231
3150.0 2.22735808924
3250.0 2.2980750105
3350.0 2.3687914696
3450.0 2.43950739658
3550.0 2.51022271759
3650.0 2.58093735445
3750.0 2.65165122422
3850.0 2.72236423879
3950.0 2.79307630442
4050.0 2.86378732127
4150.0 2.93449718296
4250.0 3.00520577604
4350.0 3.07591297948
4450.0 3.14661866411
4550.0 3.2173226921
4650.0 3.28802491629
4750.0 3.35872517961
4850.0 3.42942331435
4950.0 3.50011914152
5050.0 3.57081247004
5150.0 3.641503096
5250.0 3.7121908018
5350.0 3.78287535525
5450.0 3.85355650868
5550.0 3.92423399793
5650.0 3.99490754132
5750.0 4.06557683856
5850.0 4.13624156958
5950.0 4.20690139335
6050.0 4.27755594654
6150.0 4.34820484223
6250.0 4.41884766848
6350.0 4.48948398681
6450.0 4.56011333068
6550.0 4.63073520384
6650.0 4.70134907859
6750.0 4.77195439403
6850.0 4.84255055415
6950.0 4.91313692589
7050.0 4.98371283711
7150.0 5.05427757445
7250.0 5.12483038114
7350.0 5.19537045474
7450.0 5.26589694474
7550.0 5.33640895014
7650.0 5.40690551698
7750.0 5.47738563569
7850.0 5.54784823852
7950.0 5.61829219681
8050.0 5.68871631827
8150.0 5.75911934419
8250.0 5.82949994667
8350.0 5.89985672579
8450.0 5.97018820682
8550.0 6.04049283748
8650.0 6.11076898519
8750.0 6.18101493446
8850.0 6.25122888435
8950.0 6.3214089461
9050.0 6.39155314091
9150.0 6.46165939797
9250.0 6.53172555273
9350.0 6.60174934556
9450.0 6.67172842072
9550.0 6.74166032582
9650.0 6.81154251185
9750.0 6.8813723337
9850.0 6.95114705154
9950.0 7.02086383283
10050.0 7.09051975536
10150.0 7.16011181122
10250.0 7.22963691195
10350.0 7.29909189488
10450.0 7.36847353092
10550.0 7.43777853386
10650.0 7.50700357126
10750.0 7.57614527722
10850.0 7.645200267
10950.0 7.71416515372
11050.0 7.78303656719
11150.0 7.851811175
11250.0 7.92048570584
11350.0 7.98905697522
11450.0 8.05752191347
11550.0 8.12587759593
11650.0 8.19412127525
11750.0 8.26225041563
11850.0 8.33026272859
11950.0 8.39815621002
12050.0 8.46592917793
12150.0 8.53358031043
12250.0 8.60110868321
12350.0 8.66851380577
12450.0 8.73579565558
12550.0 8.80295470926
12650.0 8.86999196981
12750.0 8.93690898897