-600.0 -1470715.31275
-550.0 -1348155.70336
-500.0 -1225596.09396
-450.0 -1103036.48456
-400.0 -980476.875168
-350.0 -857917.265772
-300.0 -735357.656376
-250.0 -612798.04698
-200.0 -490238.437584
-150.0 -367678.828188
-100.0 -245119.218792
-50.0 -122559.609396
1.0 2451.19218792
50.0 122559.609396
100.0 245119.218792
150.0 367678.828188
200.0 490238.437584
250.0 612798.04698
300.0 735357.656376
350.0 857917.265772
400.0 980476.875168
450.0 1103036.48456
500.0 1225596.09396
550.0 1348155.70336
600.0 1470715.31275