50.0 0.726644726942
150.0 2.75592029215
250.0 4.66613602195
350.0 6.55909498226
450.0 8.4463161299
550.0 10.3309459865
650.0 12.2141914257
750.0 14.0966129668
850.0 15.9785055855
950.0 17.8600388982
1050.0 19.7413171241
1150.0 21.6224076851
1250.0 23.5033560308
1350.0 25.3841938442
1450.0 27.2649438344
1550.0 29.1456226615
1650.0 31.0262427898
1750.0 32.9068137005
1850.0 34.7873427076
1950.0 36.6678355187
2050.0 38.5482966317
2150.0 40.428729617
2250.0 42.3091373255
2350.0 44.1895220409
2450.0 46.0698855946
2550.0 47.9502294531
2650.0 49.8305547848
2750.0 51.7108625116
2850.0 53.5911533497
2950.0 55.4714278413
3050.0 57.3516863798
3150.0 59.2319292298
3250.0 61.1121565431
3350.0 62.9923683716
3450.0 64.8725646773
3550.0 66.7527453405
3650.0 68.6329101664
3750.0 70.51305889
3850.0 72.3931911798
3950.0 74.2733066413
4050.0 76.1534048182
4150.0 78.0334851947
4250.0 79.9135471955
4350.0 81.7935901864
4450.0 83.6736134739
4550.0 85.5536163044
4650.0 87.433597863
4750.0 89.3135572722
4850.0 91.1934935895
4950.0 93.0734058057
5050.0 94.9532928416
5150.0 96.8331535457
5250.0 98.7129866903
5350.0 100.592790968
5450.0 102.472564989
5550.0 104.352307272
5650.0 106.232016248
5750.0 108.111690245
5850.0 109.991327491
5950.0 111.870926102
6050.0 113.750484081
6150.0 115.629999306
6250.0 117.509469527
6350.0 119.388892354
6450.0 121.268265253
6550.0 123.147585537
6650.0 125.026850352
6750.0 126.906056672
6850.0 128.78520129
6950.0 130.664280802
7050.0 132.543291601
7150.0 134.422229862
7250.0 136.301091532
7350.0 138.179872317
7450.0 140.058567673
7550.0 141.937172786
7650.0 143.815682568
7750.0 145.694091638
7850.0 147.572394314
7950.0 149.450584602
8050.0 151.328656184
8150.0 153.206602411
8250.0 155.084416296
8350.0 156.962090512
8450.0 158.83961739
8550.0 160.716988922
8650.0 162.594196776
8750.0 164.471232306
8850.0 166.348086578
8950.0 168.224750407
9050.0 170.101214399
9150.0 171.97746901
9250.0 173.853504622
9350.0 175.729311634
9450.0 177.604880581
9550.0 179.480202262
9650.0 181.355267914
9750.0 183.230069397
9850.0 185.104599423
9950.0 186.978851808
10050.0 188.852821767
10150.0 190.726506235
10250.0 192.599904228
10350.0 194.473017225
10450.0 196.345849579
10550.0 198.218408947
10650.0 200.090706718
10750.0 201.96275844
10850.0 203.834584232
10950.0 205.706209146
11050.0 207.577663494
11150.0 209.448983091
11250.0 211.320209425
11350.0 213.19138974
11450.0 215.062577012
11550.0 216.933829841
11650.0 218.805212263
11750.0 220.676793488
11850.0 222.548647607
11950.0 224.420853291
12050.0 226.293493522
12150.0 228.166655389
12250.0 230.040430011
12350.0 231.914912599
12450.0 233.790202722
12550.0 235.666404804
12650.0 237.543628888
12750.0 239.421991715
12850.0 241.301618146