-600.0 -1779.30413809
-550.0 -1631.02879325
-500.0 -1482.75344841
-450.0 -1334.47810357
-400.0 -1186.20275873
-350.0 -1037.92741389
-300.0 -889.652069047
-250.0 -741.376724206
-200.0 -593.101379365
-150.0 -444.826034523
-100.0 -296.550689682
-50.0 -148.275344841
1.0 2.96550689682
50.0 148.275344841
100.0 296.550689682
150.0 444.826034523
200.0 593.101379365
250.0 741.376724206
300.0 889.652069047
350.0 1037.92741389
400.0 1186.20275873
450.0 1334.47810357
500.0 1482.75344841
550.0 1631.02879325
600.0 1779.30413809